,FIRE_NUMBER,VERSION_NUMBER,FIRE_YEAR,FIRE_SIZE_HECTARES,SOURCE,TRACK_DATE,LOAD_DATE,FIRE_STATUS,FEATURE_CODE,FEATURE_AREA_SQM,FEATURE_LENGTH_M,OBJECTID,GlobalID,Shape__Area,Shape__Length,FIRE_URL,geometry
0,2023-06-23 10:31:00,2023061501,2023,151.1,Non-corrected airborne GPS,1686812400000,1686952324000,Out of Control,JA70003000,1510672.3816,5749.0809,1,6cc16563-bc85-4f36-8c36-faf180d83598,4795963.8125,10244.9831511288,https://wildfiresituation.nrs.gov.bc.ca/incidents?fireYear=2023&incidentNumber=G60603,"POLYGON ((-123.123164 55.901038, -123.125085 55.901459, -123.126292 55.901582, -123.127489 55.901596, -123.128827 55.901637, -123.130087 55.901817, -123.130749 55.902068, -123.131054 55.902531, -123.13137 55.903237, -123.132216 55.903642, -123.133213 55.90399, -123.133927 55.90422, -123.135134 55.904312, -123.136001 55.904148, -123.136811 55.90384, -123.137898 55.903287, -123.138276 55.903112, -123.139108 55.902818, -123.139567 55.902727, -123.140554 55.902707, -123.141028 55.902803, -123.14146 55.902984, -123.142355 55.903853, -123.143156 55.904848, -123.145442 55.906088, -123.146171 55.906316, -123.147863 55.906603, -123.149165 55.907102, -123.149604 55.907932, -123.149589 55.908397, -123.149443 55.909434, -123.149302 55.910117, -123.148956 55.91059, -123.148644 55.910815, -123.147795 55.911114, -123.146757 55.911181, -123.145083 55.911021, -123.144539 55.910887, -123.143076 55.910545, -123.141596 55.910871, -123.140874 55.911292, -123.14016 55.911482, -123.138773 55.911731, -123.137598 55.911733, -123.135967 55.9113, -123.135198 55.910964, -123.134359 55.910901, -123.133258 55.911129, -123.13235 55.91176, -123.13172 55.912291, -123.131385 55.91263, -123.130498 55.912814, -123.129572 55.912574, -123.128679 55.912289, -123.127111 55.911301, -123.125842 55.910054, -123.123661 55.907356, -123.122374 55.906147, -123.119604 55.903733, -123.118367 55.90273, -123.117728 55.901846, -123.117789 55.90098, -123.118265 55.900549, -123.119523 55.900462, -123.121499 55.900702, -123.123164 55.901038))"
1,2023-06-23 10:31:00,2023060901,2023,123.5,Non-corrected airborne GPS,1686294000000,1686364015000,Under Control,JA70003000,1235492.4196,6041.0927,2,efcfe532-bebf-4d77-a202-daed328deece,3874239.609375,10704.1097458821,https://wildfiresituation.nrs.gov.bc.ca/incidents?fireYear=2023&incidentNumber=G60649,"POLYGON ((-123.887354 55.66904, -123.887448 55.669013, -123.887942 55.668866, -123.890601 55.668655, -123.891162 55.668556, -123.891405 55.668487, -123.891873 55.668078, -123.891076 55.667729, -123.890809 55.667706, -123.888284 55.667323, -123.887423 55.66722, -123.887138 55.667181, -123.885941 55.666752, -123.885585 55.66651, -123.884934 55.666281, -123.884388 55.666286, -123.882739 55.666492, -123.881662 55.6666, -123.881395 55.666616, -123.881127 55.666617, -123.879788 55.666252, -123.879496 55.666058, -123.878345 55.665761, -123.877234 55.665855, -123.874359 55.666289, -123.873391 55.666417, -123.872696 55.666411, -123.872043 55.666261, -123.871542 55.665793, -123.87191 55.665262, -123.873488 55.664452, -123.87552 55.663789, -123.875788 55.663687, -123.876728 55.662566, -123.876766 55.662438, -123.87677 55.662435, -123.878819 55.661776, -123.87922 55.661752, -123.879619 55.661741, -123.880012 55.661739, -123.881494 55.661763, -123.881847 55.661761, -123.882854 55.661737, -123.885273 55.661732, -123.88782 55.661701, -123.888102 55.661681, -123.890597 55.661691, -123.893019 55.661854, -123.894172 55.661807, -123.895164 55.661459, -123.895542 55.661097, -123.896331 55.660627, -123.897747 55.660497, -123.898374 55.660658, -123.898492 55.661255, -123.898148 55.661606, -123.89787 55.662043, -123.897949 55.662369, -123.89811 55.662554, -123.89876 55.662789, -123.898963 55.662821, -123.900242 55.662932, -123.900873 55.663023, -123.901439 55.663181, -123.90189 55.663392, -123.902121 55.66354, -123.903469 55.664369, -123.903779 55.664802, -123.902955 55.665397, -123.902233 55.665593, -123.900936 55.66622, -123.90041 55.666823, -123.900082 55.668752, -123.899926 55.669264, -123.899819 55.66942, -123.898497 55.669995, -123.897111 55.670299, -123.896599 55.670531, -123.895717 55.670853, -123.893527 55.671031, -123.89205 55.670828, -123.891346 55.67072, -123.890356 55.670615, -123.889743 55.670594, -123.888362 55.670656, -123.8873 55.670598, -123.886824 55.670438, -123.886482 55.670179, -123.88635 55.669855, -123.886447 55.669517, -123.886782 55.66921, -123.887354 55.66904))"
2,2023-06-23 10:31:00,2023061501,2023,4718.7,Non-corrected airborne GPS,1686812400000,1686953168000,Out of Control,JA70003000,47186765.2121,58934.6447,3,ce74e80c-c654-4660-adf8-d98c9198748d,153302358.46875,106233.832603158,https://wildfiresituation.nrs.gov.bc.ca/incidents?fireYear=2023&incidentNumber=G60651,"POLYGON ((-124.658163 56.31391, -124.658383 56.313679, -124.658644 56.313448, -124.65893 56.313242, -124.659249 56.313054, -124.659599 56.312885, -124.659972 56.312739, -124.660357 56.312613, -124.660781 56.312501, -124.661214 56.312416, -124.661665 56.312361, -124.662131 56.312342, -124.662599 56.312359, -124.663059 56.31241, -124.663908 56.312627, -124.664828 56.313242, -124.665216 56.313741, -124.6659 56.314387, -124.666218 56.314541, -124.666997 56.31474, -124.667434 56.314801, -124.667886 56.314851, -124.668352 56.314897, -124.668835 56.314937, -124.66934 56.314965, -124.669864 56.314976, -124.670391 56.314968, -124.671533 56.314895, -124.672117 56.314868, -124.673326 56.314939, -124.674349 56.315238, -124.675485 56.316041, -124.676351 56.317313, -124.676681 56.317945, -124.677179 56.3188, -124.67781 56.319446, -124.678087 56.319593, -124.678416 56.319695, -124.678779 56.319742, -124.679159 56.319727, -124.679537 56.319651, -124.679889 56.319519, -124.680188 56.319344, -124.680446 56.319116, -124.680793 56.318583, -124.680908 56.318291, -124.680996 56.317989, -124.681069 56.317682, -124.68113 56.317378, -124.681189 56.317054, -124.681249 56.316734, -124.681313 56.316414, -124.681388 56.31608, -124.681466 56.315746, -124.681543 56.315408, -124.681619 56.315076, -124.681695 56.314724, -124.681845 56.313682, -124.681831 56.313329, -124.681761 56.312971, -124.681626 56.312623, -124.681127 56.311949, -124.680805 56.311646, -124.680456 56.311361, -124.680106 56.311087, -124.679766 56.310819, -124.67944 56.310552, -124.678841 56.310008, -124.678579 56.309729, -124.678353 56.309442, -124.678182 56.309148, -124.678178 56.308273, -124.678623 56.307784, -124.680272 56.3072, -124.680774 56.307156, -124.682329 56.307254, -124.684246 56.307823, -124.684654 56.308039, -124.685043 56.308269, -124.686181 56.308942, -124.688552 56.309696, -124.689628 56.309817, -124.690176 56.309849, -124.692367 56.30985, -124.69348 56.309806, -124.694015 56.309782, -124.695097 56.309754, -124.698196 56.310042, -124.699185 56.310253, -124.70061 56.310656, -124.70293 56.311389, -124.704691 56.311875, -124.705982 56.312119, -124.707236 56.312168, -124.708398 56.311986, -124.709126 56.311782, -124.709497 56.311702, -124.710254 56.31167, -124.710626 56.311741, -124.711197 56.312048, -124.711664 56.312765, -124.711869 56.313578, -124.711984 56.313854, -124.712137 56.31411, -124.712331 56.31435, -124.71257 56.314583, -124.713427 56.315172, -124.714535 56.315601, -124.71538 56.315809, -124.716949 56.316424, -124.717609 56.317246, -124.717843 56.318218, -124.718094 56.319158, -124.719204 56.320529, -124.71985 56.321002, -124.720541 56.321436, -124.721263 56.321842, -124.721629 56.322038, -124.721998 56.322228, -124.722741 56.322595, -124.723116 56.322773, -124.723493 56.322942, -124.723905 56.323113, -124.724324 56.323275, -124.724744 56.323426, -124.725187 56.323576, -124.725626 56.323723, -124.726052 56.32387, -124.726495 56.324027, -124.726916 56.324185, -124.727323 56.324343, -124.727739 56.324507, -124.72815 56.324668, -124.728566 56.324828, -124.729407 56.325128, -124.729862 56.325265, -124.730784 56.325488, -124.731255 56.325579, -124.731727 56.325657, -124.732198 56.325723, -124.732672 56.325779, -124.733142 56.325824, -124.733611 56.325859, -124.734077 56.325892, -124.734537 56.325921, -124.734985 56.325942, -124.735423 56.325951, -124.735842 56.325945, -124.736268 56.325923, -124.737056 56.325846, -124.737424 56.325795, -124.737784 56.325732, -124.738125 56.32565, -124.738437 56.325549, -124.738999 56.325257, -124.739634 56.324086, -124.739564 56.3235, -124.739139 56.322576, -124.738363 56.321634, -124.737411 56.320697, -124.736751 56.320088, -124.736042 56.319481, -124.735662 56.319195, -124.735263 56.31892, -124.734846 56.31866, -124.734413 56.318416, -124.733974 56.318185, -124.733536 56.317966, -124.732709 56.317542, -124.73235 56.317325, -124.732041 56.317099, -124.731787 56.316863, -124.731764 56.316828, -124.735528 56.317337, -124.735989 56.317513, -124.736435 56.317704, -124.736862 56.317909, -124.737264 56.31813, -124.737977 56.318596, -124.738632 56.319078, -124.738977 56.319293, -124.739361 56.319479, -124.739773 56.319628, -124.740243 56.319749, -124.740727 56.319835, -124.741231 56.319889, -124.741751 56.319912, -124.742809 56.319864, -124.74336 56.319793, -124.744999 56.319489, -124.746134 56.319344, -124.74726 56.319387, -124.748227 56.319668, -124.74941 56.321068, -124.74945 56.321731, -124.749275 56.322745, -124.749089 56.323425, -124.748882 56.324109, -124.748783 56.324451, -124.748624 56.325133, -124.748547 56.325819, -124.74855 56.326159, -124.748584 56.326506, -124.748643 56.326852, -124.74872 56.327198, -124.74888 56.327892, -124.748954 56.328243, -124.749036 56.328596, -124.749147 56.328947, -124.749778 56.329938, -124.750053 56.330234, -124.750374 56.330528, -124.752082 56.33141, -124.754256 56.331744, -124.755934 56.331533, -124.75646 56.331392, -124.756971 56.331229, -124.757471 56.33105, -124.758446 56.330656, -124.758923 56.330451, -124.759877 56.330045, -124.760365 56.329862, -124.761402 56.329604, -124.761942 56.329541, -124.763085 56.329524, -124.763664 56.329556, -124.764251 56.329596, -124.764843 56.329625, -124.765439 56.32963, -124.766034 56.329609, -124.766631 56.329568, -124.767826 56.329471, -124.769028 56.329449, -124.769627 56.329486, -124.770216 56.329554, -124.771332 56.329796, -124.772779 56.330409, -124.773554 56.33093, -124.774244 56.331497, -124.776183 56.333215, -124.776861 56.333752, -124.777598 56.33426, -124.777998 56.334499, -124.778417 56.334729, -124.778852 56.334949, -124.7793 56.33516, -124.779758 56.335362, -124.780226 56.335558, -124.780701 56.335747, -124.781183 56.335933, -124.781665 56.336116, -124.782156 56.336304, -124.782639 56.336492, -124.784087 56.337067, -124.785545 56.337659, -124.786519 56.338058, -124.78882 56.339123, -124.791985 56.341255, -124.795135 56.342954, -124.796055 56.343346, -124.796989 56.343729, -124.797467 56.343923, -124.798945 56.344494, -124.799443 56.344681, -124.80094 56.345238, -124.801957 56.345595, -124.802475 56.345772, -124.803506 56.346131, -124.804478 56.346534, -124.805338 56.347007, -124.806579 56.34776, -124.807451 56.34826, -124.811284 56.350096, -124.812172 56.35055, -124.81457 56.351963, -124.816919 56.353935, -124.81717 56.354165, -124.818011 56.354795, -124.81834 56.354977, -124.819035 56.355315, -124.820093 56.355786, -124.820436 56.355944, -124.822006 56.356781, -124.824121 56.358978, -124.825626 56.360816, -124.826772 56.362043, -124.827577 56.362651, -124.828645 56.363221, -124.829316 56.363655, -124.830539 56.365263, -124.830576 56.36556, -124.830572 56.366158, -124.830567 56.367048, -124.830766 56.367939, -124.830801 56.36803, -124.830998 56.368536, -124.831551 56.369416, -124.831812 56.369701, -124.832107 56.369984, -124.832435 56.370266, -124.832795 56.370547, -124.833187 56.370829, -124.833598 56.371115, -124.834456 56.371707, -124.834922 56.372009, -124.835419 56.372311, -124.835941 56.37261, -124.836478 56.372909, -124.837575 56.373518, -124.838128 56.373832, -124.838679 56.374155, -124.839227 56.374483, -124.839772 56.374817, -124.840317 56.375151, -124.840859 56.375487, -124.841401 56.375824, -124.841943 56.376159, -124.842478 56.376492, -124.843004 56.376825, -124.843514 56.377163, -124.844005 56.377509, -124.844908 56.378212, -124.845302 56.378573, -124.84564 56.378943, -124.845915 56.379323, -124.846127 56.37971, -124.846281 56.380103, -124.84639 56.380499, -124.846453 56.380895, -124.84647 56.381291, -124.846435 56.381685, -124.846198 56.382459, -124.845991 56.382834, -124.84573 56.3832, -124.845415 56.383554, -124.84505 56.383893, -124.844643 56.38422, -124.844194 56.384533, -124.84371 56.38483, -124.8432 56.385115, -124.842673 56.385394, -124.842136 56.38567, -124.841595 56.385949, -124.841052 56.386234, -124.840507 56.386521, -124.839961 56.386811, -124.839425 56.387104, -124.838885 56.387406, -124.838354 56.387708, -124.837828 56.388014, -124.837311 56.388326, -124.836798 56.388641, -124.836297 56.388954, -124.835791 56.389274, -124.835302 56.38959, -124.83482 56.389903, -124.834336 56.39021, -124.83384 56.390506, -124.833329 56.390784, -124.832799 56.391043, -124.832252 56.391284, -124.831688 56.391505, -124.831111 56.391706, -124.830523 56.391888, -124.82993 56.392054, -124.829331 56.392205, -124.828728 56.392343, -124.828121 56.392469, -124.827512 56.392583, -124.826902 56.392683, -124.82629 56.392766, -124.825679 56.392829, -124.825073 56.392873, -124.824472 56.392904, -124.823878 56.392924, -124.823292 56.392934, -124.822721 56.392933, -124.822141 56.39292, -124.821574 56.392897, -124.820448 56.392828, -124.819886 56.392781, -124.819329 56.392721, -124.818775 56.392645, -124.818224 56.392556, -124.815563 56.392008, -124.814597 56.391733, -124.812705 56.390655, -124.81243 56.39037, -124.811947 56.389757, -124.810974 56.388507, -124.810321 56.387941, -124.808407 56.387105, -124.80659 56.386894, -124.805344 56.386935, -124.804118 56.387031, -124.8029 56.387132, -124.800014 56.387271, -124.799481 56.387266, -124.798945 56.387243, -124.797939 56.387112, -124.796138 56.386625, -124.795285 56.386325, -124.794859 56.386165, -124.794437 56.385994, -124.794025 56.385805, -124.793633 56.385597, -124.793267 56.385368, -124.79292 56.385119, -124.792588 56.384852, -124.791324 56.383694, -124.790351 56.382804, -124.790011 56.382517, -124.789658 56.38224, -124.788933 56.38171, -124.788245 56.381176, -124.787917 56.380904, -124.787306 56.380345, -124.787033 56.380057, -124.786785 56.379761, -124.786568 56.37946, -124.786395 56.379155, -124.786143 56.378546, -124.78605 56.378252, -124.78592 56.377693, -124.78586 56.377166, -124.785854 56.376406, -124.785938 56.375678, -124.786553 56.374072, -124.786982 56.373409, -124.787322 56.372977, -124.787488 56.372765, -124.787778 56.372352, -124.787898 56.37215, -124.788004 56.371959, -124.788105 56.371766, -124.788285 56.37141, -124.788369 56.371242, -124.788447 56.371083, -124.788524 56.370919, -124.788596 56.370761, -124.78867 56.370606, -124.788752 56.370453, -124.788847 56.370302, -124.789092 56.370003, -124.789247 56.369855, -124.789416 56.369712, -124.789611 56.36956, -124.789816 56.369409, -124.790031 56.369256, -124.790258 56.369102, -124.790494 56.36895, -124.790739 56.368802, -124.790997 56.36866, -124.791273 56.368522, -124.791566 56.368389, -124.791871 56.368259, -124.792184 56.36813, -124.792502 56.367998, -124.792824 56.367864, -124.793152 56.367728, -124.793262 56.367682, -124.793485 56.36759, -124.793817 56.367446, -124.794146 56.367294, -124.794474 56.36714, -124.794796 56.366983, -124.79512 56.366824, -124.795443 56.366662, -124.795759 56.366494, -124.796371 56.366138, -124.796659 56.365944, -124.796928 56.365738, -124.797173 56.365521, -124.797393 56.36529, -124.797569 56.36504, -124.797697 56.364782, -124.797777 56.364495, -124.797809 56.364204, -124.797792 56.363906, -124.797726 56.363603, -124.797618 56.363307, -124.796576 56.362117, -124.795644 56.361596, -124.795077 56.361373, -124.794455 56.361179, -124.793097 56.360885, -124.791654 56.360706, -124.790936 56.36062, -124.790237 56.360491, -124.789554 56.360303, -124.788313 56.35977, -124.787734 56.35945, -124.784421 56.357407, -124.783164 56.356774, -124.782477 56.356494, -124.78101 56.356022, -124.779389 56.355678, -124.778539 56.355568, -124.777674 56.355489, -124.776801 56.35544, -124.775936 56.355416, -124.775048 56.355409, -124.774175 56.355416, -124.773305 56.355432, -124.772437 56.355451, -124.771574 56.355471, -124.770738 56.355491, -124.769864 56.355511, -124.769019 56.355526, -124.76818 56.355535, -124.767343 56.355535, -124.766508 56.355523, -124.765676 56.355499, -124.764847 56.355464, -124.764044 56.355422, -124.763202 56.355377, -124.762386 56.355336, -124.761572 56.355296, -124.760757 56.355258, -124.759941 56.355218, -124.759123 56.355174, -124.758308 56.355125, -124.757497 56.355064, -124.756694 56.354992, -124.755899 56.354909, -124.755098 56.354817, -124.7543 56.354724, -124.753524 56.35464, -124.752709 56.354555, -124.751918 56.354473, -124.751134 56.354396, -124.750358 56.354328, -124.749591 56.354265, -124.748087 56.354164, -124.747346 56.354141, -124.746616 56.354145, -124.745898 56.354182, -124.745198 56.354255, -124.744526 56.35437, -124.743891 56.354528, -124.743297 56.354723, -124.742745 56.354946, -124.742247 56.355185, -124.741767 56.355464, -124.74102 56.35608, -124.740742 56.356418, -124.740326 56.357129, -124.740072 56.357873, -124.739997 56.358249, -124.739952 56.358626, -124.739933 56.358999, -124.739941 56.359384, -124.739975 56.359764, -124.740034 56.360144, -124.740118 56.360523, -124.740223 56.360901, -124.740345 56.361276, -124.740485 56.361649, -124.740645 56.36202, -124.740835 56.362387, -124.741058 56.36275, -124.741305 56.363096, -124.741607 56.36346, -124.741924 56.363794, -124.742289 56.364137, -124.742671 56.364462, -124.743071 56.36478, -124.743902 56.365399, -124.74432 56.36569, -124.744768 56.365986, -124.745211 56.366265, -124.745657 56.366531, -124.746104 56.366786, -124.746554 56.367026, -124.74698 56.367238, -124.747004 56.36725, -124.747452 56.36745, -124.747935 56.367638, -124.749393 56.368105, -124.750249 56.368432, -124.750926 56.369176, -124.75075 56.37004, -124.749789 56.371327, -124.749356 56.371758, -124.748872 56.372144, -124.748612 56.372321, -124.748325 56.372499, -124.747728 56.372849, -124.747441 56.37303, -124.74695 56.373442, -124.746702 56.373927, -124.747372 56.37491, -124.748067 56.375322, -124.748436 56.375519, -124.748805 56.375716, -124.74917 56.375915, -124.749531 56.376119, -124.749889 56.376331, -124.750239 56.376544, -124.750622 56.376771, -124.751011 56.376992, -124.751414 56.377211, -124.751824 56.377424, -124.752236 56.377635, -124.752631 56.377839, -124.753032 56.378054, -124.753431 56.378273, -124.753812 56.378488, -124.754184 56.378697, -124.754939 56.379119, -124.756053 56.379733, -124.756732 56.380178, -124.757139 56.380681, -124.756958 56.381547, -124.756334 56.382112, -124.755356 56.382589, -124.754807 56.382804, -124.754255 56.383018, -124.753721 56.38323, -124.753157 56.383456, -124.752056 56.383897, -124.751501 56.384118, -124.750946 56.384332, -124.750371 56.384543, -124.749812 56.384739, -124.749211 56.384934, -124.748587 56.385118, -124.747968 56.385285, -124.747355 56.385437, -124.746723 56.385582, -124.746105 56.385713, -124.74549 56.385837, -124.744875 56.385952, -124.744256 56.386053, -124.743629 56.38614, -124.742995 56.386218, -124.741731 56.386386, -124.741109 56.386501, -124.73944 56.387043, -124.738945 56.387295, -124.738036 56.387829, -124.737584 56.388099, -124.737123 56.388363, -124.736662 56.38861, -124.736159 56.388856, -124.735649 56.389079, -124.735124 56.389286, -124.734585 56.389477, -124.733486 56.389808, -124.732934 56.389948, -124.731836 56.390158, -124.730734 56.390266, -124.729645 56.39028, -124.728209 56.390135, -124.727495 56.389898, -124.72725 56.389725, -124.727103 56.389521, -124.727075 56.389288, -124.727183 56.389042, -124.72742 56.388798, -124.72815 56.388338, -124.728614 56.388119, -124.729126 56.38791, -124.729653 56.387714, -124.730189 56.387522, -124.730751 56.387319, -124.731311 56.387118, -124.731875 56.386912, -124.732441 56.386705, -124.732992 56.386507, -124.733591 56.386296, -124.734176 56.386094, -124.734767 56.385894, -124.735364 56.385694, -124.736542 56.385276, -124.737143 56.385044, -124.740799 56.383277, -124.741223 56.382996, -124.741911 56.382419, -124.742307 56.381788, -124.742093 56.380794, -124.740362 56.379737, -124.73975 56.379545, -124.739107 56.379372, -124.738449 56.379209, -124.73778 56.379053, -124.736442 56.378762, -124.735745 56.378632, -124.735055 56.378537, -124.734356 56.378487, -124.733656 56.378491, -124.732981 56.378555, -124.731701 56.378838, -124.73112 56.37902, -124.730529 56.379219, -124.729959 56.379412, -124.72939 56.379593, -124.728793 56.379758, -124.728183 56.379898, -124.727579 56.380009, -124.72691 56.380104, -124.726278 56.380173, -124.725593 56.380231, -124.724923 56.38028, -124.723579 56.38038, -124.722911 56.380446, -124.721588 56.380636, -124.720247 56.38083, -124.718144 56.381036, -124.717445 56.381109, -124.716715 56.381206, -124.716007 56.381327, -124.715315 56.381466, -124.714639 56.381618, -124.713996 56.381776, -124.713341 56.381944, -124.712717 56.382104, -124.71211 56.382261, -124.710356 56.382661, -124.709773 56.38276, -124.708596 56.382868, -124.706304 56.382683, -124.70579 56.382563, -124.704833 56.382213, -124.704421 56.382, -124.704038 56.38177, -124.703682 56.381533, -124.703328 56.381281, -124.702983 56.381034, -124.702638 56.380788, -124.702299 56.380551, -124.701945 56.380304, -124.701601 56.380066, -124.701259 56.379826, -124.700919 56.379584, -124.700581 56.379338, -124.700248 56.379084, -124.699623 56.378546, -124.699131 56.377954, -124.698959 56.377636, -124.698863 56.377304, -124.698855 56.376963, -124.699365 56.37596, -124.69968 56.375627, -124.700028 56.375309, -124.701243 56.374404, -124.702161 56.373853, -124.703122 56.373349, -124.704075 56.372844, -124.704508 56.372588, -124.704892 56.372317, -124.705194 56.372035, -124.705398 56.371738, -124.705476 56.37143, -124.705436 56.371127, -124.705271 56.370816, -124.704611 56.370285, -124.703006 56.36983, -124.701789 56.369687, -124.701192 56.369611, -124.699012 56.369209, -124.697036 56.368762, -124.694397 56.36847, -124.69329 56.368535, -124.692191 56.368659, -124.691084 56.368806, -124.689364 56.369026, -124.687584 56.3692, -124.687001 56.36923, -124.685888 56.369194, -124.685371 56.369113, -124.684465 56.368811, -124.684097 56.36861, -124.683771 56.368368, -124.683269 56.367494, -124.683197 56.36684, -124.683125 56.366597, -124.682904 56.365846, -124.682688 56.365526, -124.681671 56.364671, -124.680299 56.363991, -124.67941 56.363578, -124.678622 56.363154, -124.676785 56.362195, -124.675874 56.361913, -124.674497 56.361502, -124.673662 56.36118, -124.672961 56.360788, -124.672428 56.360325, -124.672238 56.360065, -124.672106 56.359796, -124.67203 56.359499, -124.672031 56.359199, -124.672104 56.358894, -124.67243 56.358296, -124.672665 56.358013, -124.672944 56.35774, -124.673263 56.357477, -124.673624 56.357225, -124.674019 56.356986, -124.674441 56.356756, -124.674886 56.356532, -124.675344 56.356311, -124.675812 56.356088, -124.676288 56.355861, -124.676771 56.355639, -124.677285 56.355413, -124.677805 56.355192, -124.678859 56.354757, -124.679422 56.354534, -124.681138 56.353905, -124.682278 56.353501, -124.683453 56.353093, -124.684043 56.352893, -124.685872 56.352295, -124.687793 56.351791, -124.68845 56.35166, -124.689772 56.351476, -124.691135 56.351417, -124.691824 56.351454, -124.693143 56.351665, -124.694393 56.352007, -124.695583 56.352414, -124.696701 56.352836, -124.698253 56.353447, -124.698796 56.353629, -124.699343 56.353767, -124.700989 56.353883, -124.702563 56.353507, -124.703627 56.352733, -124.703879 56.352413, -124.704268 56.351749, -124.70444 56.351409, -124.704789 56.350726, -124.704975 56.350388, -124.705731 56.349065, -124.70608 56.348423, -124.706633 56.34717, -124.706906 56.345704, -124.706819 56.344878, -124.706581 56.344338, -124.706199 56.343818, -124.705971 56.343562, -124.705714 56.343313, -124.705426 56.343073, -124.704298 56.342459, -124.702922 56.341967, -124.701464 56.341501, -124.700974 56.341362, -124.699524 56.341122, -124.698131 56.34138, -124.697461 56.342192, -124.697337 56.342835, -124.69689 56.343752, -124.696313 56.34429, -124.695542 56.344757, -124.694046 56.34526, -124.693481 56.345374, -124.692891 56.345465, -124.692279 56.345538, -124.691005 56.34566, -124.687187 56.346316, -124.686562 56.346442, -124.685925 56.346543, -124.683296 56.346616, -124.681391 56.346328, -124.68078 56.346188, -124.678946 56.345767, -124.677107 56.345523, -124.675285 56.345607, -124.674156 56.345799, -124.673606 56.345872, -124.672537 56.345884, -124.671603 56.345707, -124.67123 56.34554, -124.670982 56.345334, -124.670843 56.345093, -124.670858 56.344824, -124.671006 56.344569, -124.671256 56.344333, -124.671586 56.344117, -124.672423 56.343749, -124.672906 56.343597, -124.673417 56.34346, -124.673944 56.343334, -124.67448 56.343216, -124.675029 56.343106, -124.675589 56.343001, -124.676148 56.342907, -124.676747 56.342816, -124.677337 56.342736, -124.67793 56.342663, -124.678528 56.342596, -124.679125 56.34253, -124.679707 56.342466, -124.68032 56.342393, -124.680916 56.342314, -124.681511 56.342222, -124.682103 56.342119, -124.682684 56.342007, -124.68327 56.341884, -124.684395 56.341618, -124.685933 56.34112, -124.686769 56.340657, -124.687317 56.340084, -124.687484 56.339119, -124.687395 56.338804, -124.687263 56.3385, -124.687104 56.338207, -124.686765 56.337641, -124.686638 56.337365, -124.686605 56.337065, -124.686688 56.336771, -124.686873 56.336494, -124.687176 56.336242, -124.687569 56.336027, -124.688605 56.335671, -124.689752 56.335397, -124.690847 56.335071, -124.691766 56.33461, -124.692416 56.334014, -124.692676 56.333686, -124.692917 56.333348, -124.693151 56.333004, -124.693614 56.332312, -124.693843 56.331962, -124.694072 56.331613, -124.694301 56.331264, -124.69452 56.330922, -124.694737 56.330561, -124.695124 56.329849, -124.695604 56.328781, -124.695802 56.328069, -124.695835 56.327361, -124.695658 56.326662, -124.69547 56.326325, -124.694852 56.325699, -124.693907 56.325175, -124.692741 56.324772, -124.692115 56.324627, -124.691483 56.324526, -124.690162 56.324445, -124.689492 56.324456, -124.688846 56.324486, -124.688211 56.324523, -124.687579 56.324559, -124.686958 56.324584, -124.686313 56.324594, -124.685642 56.324579, -124.684983 56.324537, -124.684324 56.324463, -124.683037 56.324286, -124.682388 56.324237, -124.681708 56.324251, -124.681063 56.324328, -124.680447 56.324457, -124.679872 56.324637, -124.678886 56.325122, -124.67847 56.32539, -124.678072 56.325682, -124.677723 56.325973, -124.677414 56.326269, -124.677147 56.326568, -124.676722 56.32715, -124.676517 56.327431, -124.67629 56.327684, -124.67602 56.327908, -124.6757 56.328098, -124.675319 56.328241, -124.674886 56.328328, -124.673445 56.328288, -124.672489 56.328132, -124.672018 56.328064, -124.670632 56.328077, -124.668413 56.328269, -124.66796 56.328248, -124.667509 56.328219, -124.666609 56.328157, -124.665702 56.328108, -124.665247 56.328096, -124.662995 56.328162, -124.662555 56.328174, -124.661699 56.328139, -124.660391 56.327669, -124.66007 56.327265, -124.659933 56.326796, -124.659926 56.326551, -124.659947 56.326305, -124.660025 56.325786, -124.659957 56.324444, -124.659953 56.324191, -124.660374 56.323547, -124.661375 56.323164, -124.662169 56.322996, -124.662914 56.322769, -124.663619 56.322195, -124.663586 56.321702, -124.663061 56.32124, -124.661676 56.320757, -124.660576 56.320542, -124.659245 56.320316, -124.658992 56.320273, -124.658041 56.320105, -124.657185 56.319904, -124.656818 56.319783, -124.656495 56.319642, -124.656218 56.319478, -124.655995 56.319289, -124.655835 56.319077, -124.65574 56.31885, -124.655722 56.318343, -124.655784 56.31808, -124.655883 56.317814, -124.656015 56.317551, -124.656169 56.317297, -124.657251 56.315461, -124.658163 56.31391))"
3,2023-06-23 10:31:00,2023060801,2023,20.4,Non-corrected ground GPS,1686207600000,1686935857000,Under Control,JA70003000,204275.543,2824.6864,4,2a75a2db-3ca5-403e-9107-e565155539b1,649231.578125,5037.66296815281,https://wildfiresituation.nrs.gov.bc.ca/incidents?fireYear=2023&incidentNumber=G60654,"POLYGON ((-124.135856 55.927882, -124.136005 55.927751, -124.135982 55.927636, -124.136236 55.927524, -124.136503 55.927546, -124.136683 55.927514, -124.136982 55.927568, -124.137258 55.927454, -124.137388 55.927391, -124.137616 55.927386, -124.137822 55.927311, -124.138256 55.927161, -124.138361 55.927069, -124.138785 55.926991, -124.138944 55.926989, -124.139093 55.927049, -124.139508 55.92696, -124.139647 55.926887, -124.139992 55.926877, -124.140134 55.926811, -124.140327 55.926841, -124.140486 55.926742, -124.140424 55.926644, -124.140805 55.926513, -124.141262 55.926452, -124.14157 55.926547, -124.141837 55.926549, -124.141818 55.926484, -124.14198 55.926353, -124.142317 55.926356, -124.142575 55.926342, -124.142753 55.926371, -124.142882 55.926491, -124.14279 55.926668, -124.142489 55.926709, -124.142267 55.926732, -124.141883 55.926867, -124.14127 55.927227, -124.14114 55.92726, -124.141047 55.927157, -124.140852 55.927213, -124.140995 55.927319, -124.140931 55.927435, -124.140994 55.927555, -124.14126 55.927564, -124.141433 55.927686, -124.141312 55.92786, -124.141431 55.928045, -124.141887 55.928114, -124.142009 55.927868, -124.142353 55.927891, -124.142621 55.92767, -124.142519 55.927467, -124.142739 55.927493, -124.142992 55.927472, -124.143165 55.927285, -124.143474 55.927164, -124.143801 55.92709, -124.144201 55.927196, -124.144948 55.927063, -124.14541 55.926907, -124.145952 55.926876, -124.146384 55.926792, -124.146763 55.926693, -124.147062 55.926652, -124.147634 55.926739, -124.147997 55.927045, -124.148409 55.927078, -124.148737 55.927172, -124.148905 55.927408, -124.149041 55.927772, -124.149094 55.927915, -124.14937 55.927986, -124.149637 55.928023, -124.149667 55.928205, -124.149349 55.928238, -124.149108 55.928465, -124.148666 55.928473, -124.148253 55.928504, -124.148446 55.928653, -124.148211 55.928739, -124.147623 55.928732, -124.147274 55.928794, -124.14702 55.928991, -124.146809 55.929159, -124.1463 55.929212, -124.145892 55.929365, -124.145307 55.929362, -124.145099 55.929417, -124.144913 55.929482, -124.144789 55.929404, -124.144412 55.929495, -124.143993 55.929514, -124.143819 55.929366, -124.143899 55.929185, -124.143857 55.929105, -124.143408 55.928947, -124.142942 55.928956, -124.14259 55.929006, -124.142377 55.929212, -124.142072 55.929464, -124.14174 55.929436, -124.141511 55.929445, -124.141318 55.929586, -124.140989 55.929715, -124.140608 55.929826, -124.140292 55.929868, -124.139887 55.929786, -124.139307 55.929807, -124.138619 55.929719, -124.13806 55.929673, -124.137416 55.929563, -124.136842 55.929417, -124.136675 55.929266, -124.136468 55.929007, -124.136535 55.928864, -124.13658 55.928772, -124.136548 55.92869, -124.13614 55.928646, -124.135976 55.928713, -124.135831 55.92884, -124.135664 55.928709, -124.135371 55.928591, -124.135265 55.928512, -124.135359 55.928366, -124.135673 55.92811, -124.135856 55.927882))"
4,2023-06-23 10:31:00,2023061001,2023,1604.5,Non-corrected airborne GPS,1686380400000,1686498481000,Out of Control,JA70003000,16044685.2215,19412.5462,5,5a7740cc-3df2-4b6d-b71a-60e283b87706,51162420.0390625,34677.8899592466,https://wildfiresituation.nrs.gov.bc.ca/incidents?fireYear=2023&incidentNumber=G60655,"POLYGON ((-124.08387 56.006597, -124.081369 56.006149, -124.080749 56.006027, -124.074571 56.004855, -124.073299 56.004717, -124.072026 56.00474, -124.071413 56.004827, -124.070834 56.004963, -124.069818 56.005377, -124.068548 56.006169, -124.067648 56.006871, -124.067072 56.007107, -124.066421 56.00728, -124.065711 56.007397, -124.063381 56.007355, -124.062583 56.007239, -124.061797 56.007047, -124.059663 56.00611, -124.058432 56.005292, -124.056717 56.003996, -124.056152 56.003555, -124.055569 56.003118, -124.054963 56.002686, -124.054337 56.002261, -124.053694 56.001844, -124.053042 56.001432, -124.052387 56.001004, -124.051743 56.000567, -124.051118 56.000128, -124.050519 55.999686, -124.04944 55.998792, -124.048466 55.997883, -124.04715 55.996501, -124.045298 55.994194, -124.043311 55.990932, -124.042516 55.989027, -124.042048 55.987591, -124.041659 55.986161, -124.04124 55.984739, -124.040703 55.983352, -124.03765 55.97901, -124.036948 55.97816, -124.035509 55.976538, -124.034392 55.975414, -124.034013 55.975051, -124.03269 55.973589, -124.032351 55.972578, -124.032609 55.972422, -124.03319 55.972085, -124.033509 55.97194, -124.034349 55.971759, -124.035774 55.971885, -124.039542 55.972944, -124.040535 55.973208, -124.042183 55.973517, -124.045193 55.973674, -124.048272 55.973563, -124.048885 55.973537, -124.050125 55.973481, -124.050748 55.973452, -124.055212 55.973325, -124.057121 55.9733, -124.058387 55.973303, -124.06086 55.973521, -124.062493 55.973976, -124.062961 55.974173, -124.065813 55.975386, -124.066967 55.975648, -124.067558 55.975758, -124.072403 55.976569, -124.07359 55.976772, -124.074785 55.976972, -124.075988 55.977177, -124.076588 55.9773, -124.078209 55.977844, -124.079048 55.978347, -124.079685 55.978911, -124.080398 55.979808, -124.080589 55.98011, -124.081145 55.981012, -124.081369 55.981303, -124.081628 55.981583, -124.081919 55.981847, -124.084018 55.982815, -124.085119 55.983015, -124.088134 55.98346, -124.090844 55.984152, -124.093066 55.984658, -124.093666 55.984759, -124.094279 55.984846, -124.095491 55.984962, -124.096106 55.984998, -124.097967 55.985027, -124.102448 55.984841, -124.106017 55.98516, -124.106587 55.985269, -124.107154 55.985391, -124.109417 55.98591, -124.110481 55.986155, -124.111512 55.986432, -124.11454 55.987388, -124.117715 55.988188, -124.118909 55.988309, -124.121797 55.988577, -124.123509 55.988832, -124.130615 55.990189, -124.133682 55.990843, -124.134712 55.991069, -124.136133 55.991512, -124.137126 55.992163, -124.137664 55.992989, -124.137839 55.993593, -124.137938 55.993887, -124.139049 55.994848, -124.139966 55.995163, -124.14136 55.995625, -124.142587 55.996227, -124.142913 55.996469, -124.143553 55.997274, -124.144018 55.99842, -124.144179 55.998703, -124.144696 55.999485, -124.146429 56.000767, -124.14683 56.000928, -124.148611 56.00142, -124.149561 56.001629, -124.149686 56.001662, -124.150192 56.002313, -124.149996 56.003336, -124.14887 56.004203, -124.146464 56.005015, -124.143596 56.005123, -124.142871 56.005029, -124.141449 56.004767, -124.14003 56.004433, -124.139322 56.004248, -124.134471 56.003127, -124.13309 56.002974, -124.13042 56.003059, -124.128194 56.003714, -124.12774 56.003946, -124.126674 56.004737, -124.126018 56.00561, -124.12562 56.006204, -124.125063 56.006784, -124.122617 56.007838, -124.120939 56.008174, -124.120396 56.008264, -124.119855 56.008331, -124.119326 56.008373, -124.118796 56.008398, -124.118251 56.008403, -124.117681 56.008383, -124.116495 56.008241, -124.113455 56.007506, -124.112226 56.007176, -124.111626 56.006999, -124.10709 56.00541, -124.105872 56.00504, -124.104639 56.004681, -124.10282 56.004158, -124.101573 56.003889, -124.100921 56.003819, -124.098943 56.003897, -124.098302 56.004003, -124.097683 56.004131, -124.09532 56.004811, -124.09475 56.005001, -124.093622 56.005382, -124.093059 56.005569, -124.089584 56.006466, -124.088972 56.006568, -124.087071 56.006746, -124.085779 56.006762, -124.08387 56.006597))"
5,2023-06-23 10:31:00,2023061001,2023,11784.1,Non-corrected airborne GPS,1686380400000,1686448757000,Out of Control,JA70003000,117840798.4066,51081.2638,6,8e078c8b-58fd-4fd1-b264-474c338fd9bd,375781237.5,91219.9274324203,https://wildfiresituation.nrs.gov.bc.ca/incidents?fireYear=2023&incidentNumber=G60666,"MULTIPOLYGON (((-124.588571 56.068513, -124.587772 56.068635, -124.587966 56.068523, -124.588465 56.068005, -124.589048 56.06728, -124.589773 56.066059, -124.589895 56.065431, -124.589935 56.064763, -124.589848 56.064157, -124.589745 56.063481, -124.589712 56.062666, -124.589256 56.06232, -124.588307 56.0618, -124.58784 56.061627, -124.58739 56.061464, -124.586897 56.061288, -124.586361 56.061127, -124.585772 56.060977, -124.585145 56.06085, -124.584358 56.060738, -124.583613 56.060672, -124.582893 56.060614, -124.58216 56.060627, -124.581621 56.060587, -124.580908 56.060621, -124.580237 56.060672, -124.579553 56.060612, -124.578853 56.060541, -124.578137 56.060423, -124.577431 56.060286, -124.576739 56.060142, -124.576077 56.059994, -124.575425 56.05982, -124.5748 56.059623, -124.574204 56.05941, -124.573627 56.059183, -124.57307 56.058943, -124.572537 56.058693, -124.572024 56.058433, -124.571544 56.058169, -124.571091 56.057906, -124.570672 56.057639, -124.570283 56.057367, -124.56992 56.057092, -124.569136 56.056591, -124.568243 56.056167, -124.566785 56.055628, -124.566274 56.05548, -124.564607 56.055181, -124.562834 56.055133, -124.562239 56.055182, -124.561031 56.055384, -124.559264 56.055895, -124.558704 56.05611, -124.557075 56.056752, -124.55532 56.057271, -124.552548 56.057618, -124.550272 56.057559, -124.546597 56.056832, -124.542803 56.05573, -124.541225 56.055214, -124.539695 56.054635, -124.538172 56.054001, -124.537418 56.053672, -124.53589 56.052997, -124.53511 56.052662, -124.534332 56.052326, -124.533555 56.051985, -124.532781 56.051641, -124.532027 56.051294, -124.531279 56.050946, -124.530536 56.050594, -124.529801 56.05024, -124.529064 56.049888, -124.528327 56.049539, -124.527568 56.049199, -124.526809 56.048863, -124.526048 56.04853, -124.525286 56.0482, -124.524521 56.047872, -124.523756 56.047548, -124.522988 56.047228, -124.522212 56.046903, -124.521441 56.046592, -124.520683 56.046285, -124.519915 56.045971, -124.519158 56.045647, -124.518407 56.045327, -124.517662 56.045012, -124.516934 56.044711, -124.516218 56.044423, -124.515511 56.044145, -124.514808 56.043869, -124.514113 56.043591, -124.513405 56.043299, -124.512716 56.042991, -124.512045 56.042671, -124.511403 56.042336, -124.510786 56.041993, -124.510201 56.041636, -124.509642 56.04126, -124.509092 56.040848, -124.508563 56.040426, -124.508069 56.039931, -124.507659 56.039569, -124.507285 56.039237, -124.50641 56.038693, -124.505008 56.038094, -124.504484 56.037943, -124.502989 56.037662, -124.502536 56.037624, -124.501611 56.037573, -124.500699 56.037572, -124.499955 56.037574, -124.49902 56.03752, -124.498747 56.03748, -124.498016 56.036971, -124.497965 56.036841, -124.497946 56.036702, -124.497868 56.036562, -124.497059 56.035872, -124.496603 56.035616, -124.496335 56.035471, -124.496058 56.035294, -124.495478 56.034937, -124.494601 56.034351, -124.493945 56.033645, -124.493655 56.033117, -124.493568 56.032811, -124.493489 56.032486, -124.493466 56.031821, -124.49331 56.031187, -124.493372 56.030986, -124.493284 56.030595, -124.493555 56.030246, -124.493732 56.029968, -124.493893 56.029676, -124.494042 56.029373, -124.494182 56.029054, -124.494309 56.028728, -124.494438 56.028414, -124.494567 56.028093, -124.494712 56.02777, -124.494873 56.027441, -124.495047 56.027107, -124.495237 56.026767, -124.495413 56.026434, -124.495598 56.026099, -124.49579 56.025772, -124.495998 56.025444, -124.496392 56.024785, -124.496582 56.024426, -124.496801 56.024107, -124.497006 56.023799, -124.497216 56.02349, -124.498167 56.022169, -124.499754 56.020145, -124.500815 56.019241, -124.501576 56.018712, -124.502783 56.018049, -124.50317 56.017868, -124.503865 56.017517, -124.504497 56.017247, -124.504835 56.017138, -124.505173 56.017048, -124.505527 56.016968, -124.505889 56.016899, -124.506254 56.016839, -124.506617 56.016787, -124.506968 56.016747, -124.507312 56.016707, -124.507649 56.016672, -124.507988 56.016639, -124.508335 56.016612, -124.5087 56.01659, -124.509084 56.016573, -124.50948 56.016558, -124.509903 56.01655, -124.510352 56.016547, -124.511308 56.016549, -124.511796 56.016547, -124.512304 56.016552, -124.512879 56.016583, -124.513281 56.016446, -124.513918 56.015975, -124.514256 56.015609, -124.514336 56.015243, -124.514461 56.014804, -124.514606 56.014396, -124.514773 56.012358, -124.514484 56.01154, -124.51428 56.011135, -124.51405 56.010733, -124.513778 56.010332, -124.51271 56.008845, -124.512343 56.008472, -124.511972 56.008093, -124.511581 56.007085, -124.511273 56.00653, -124.510772 56.006163, -124.510277 56.005902, -124.509778 56.005688, -124.508895 56.005546, -124.507928 56.005538, -124.507258 56.005573, -124.505641 56.005776, -124.504344 56.005998, -124.504063 56.006076, -124.503603 56.006225, -124.50329 56.006363, -124.502993 56.006483, -124.502748 56.006595, -124.502483 56.006658, -124.502208 56.006724, -124.501921 56.00675, -124.501626 56.006728, -124.501337 56.00668, -124.501062 56.006609, -124.500805 56.006513, -124.500424 56.00619, -124.5002 56.005812, -124.500048 56.005468, -124.499818 56.005043, -124.499566 56.004777, -124.499404 56.004636, -124.499222 56.004489, -124.49903 56.004331, -124.498843 56.004163, -124.498659 56.003985, -124.498477 56.003799, -124.49758 56.002771, -124.49743 56.002542, -124.497301 56.002302, -124.4972 56.002051, -124.497127 56.001792, -124.497081 56.001524, -124.497061 56.001247, -124.497075 56.00097, -124.497125 56.000693, -124.497211 56.000415, -124.497331 56.000136, -124.497485 55.999849, -124.497682 55.999561, -124.497918 55.999273, -124.498188 55.998997, -124.500022 55.997643, -124.500882 55.997136, -124.501272 55.997032, -124.501657 55.99694, -124.502048 55.996867, -124.502441 55.996808, -124.502827 55.996758, -124.503577 55.99668, -124.507301 55.99666, -124.507228 55.996603, -124.506756 55.996317, -124.506393 55.996145, -124.506181 55.996068, -124.505956 55.996002, -124.505717 55.995937, -124.505459 55.995874, -124.505163 55.995809, -124.504498 55.995674, -124.504197 55.995605, -124.503259 55.99539, -124.502199 55.995142, -124.502379 55.995054, -124.50617 55.994052, -124.505876 55.993913, -124.505449 55.993601, -124.505288 55.993439, -124.504951 55.993323, -124.50459 55.993211, -124.504223 55.993098, -124.503829 55.992997, -124.503393 55.992905, -124.502933 55.992826, -124.50242 55.992762, -124.50187 55.992714, -124.501175 55.992686, -124.500706 55.99265, -124.500107 55.99264, -124.499519 55.992634, -124.498923 55.992639, -124.49829 55.992664, -124.497643 55.992715, -124.497005 55.992764, -124.496329 55.992827, -124.495712 55.992884, -124.49502 55.992974, -124.494319 55.99308, -124.49366 55.993193, -124.493021 55.993314, -124.492352 55.993375, -124.491655 55.993422, -124.490883 55.993473, -124.490049 55.993515, -124.489145 55.99357, -124.488337 55.993594, -124.487536 55.993613, -124.486777 55.993624, -124.485996 55.993623, -124.48542 55.993562, -124.484841 55.993477, -124.483765 55.993199, -124.483283 55.993013, -124.482824 55.992814, -124.482198 55.99254, -124.481775 55.992288, -124.4815 55.992077, -124.481238 55.991828, -124.481015 55.991555, -124.480815 55.991278, -124.48036 55.990359, -124.481891 55.989553, -124.481035 55.98875, -124.480618 55.988356, -124.4802 55.987969, -124.47978 55.987589, -124.479325 55.987233, -124.478841 55.98691, -124.478332 55.986635, -124.476677 55.984792, -124.476202 55.985087, -124.475887 55.985274, -124.475216 55.985672, -124.474346 55.986245, -124.47253 55.985612, -124.472125 55.985639, -124.471719 55.985666, -124.471336 55.985691, -124.470538 55.985698, -124.470167 55.985684, -124.469821 55.985658, -124.469199 55.985565, -124.468927 55.985503, -124.468245 55.985323, -124.468062 55.985272, -124.467682 55.985116, -124.467438 55.984869, -124.467372 55.984755, -124.467306 55.984616, -124.467244 55.984451, -124.467178 55.984259, -124.467098 55.984045, -124.467001 55.983801, -124.466888 55.983539, -124.466758 55.983273, -124.466619 55.983, -124.46647 55.982725, -124.466312 55.982447, -124.466142 55.982168, -124.46596 55.981887, -124.465769 55.981601, -124.464854 55.980494, -124.46459 55.980218, -124.46431 55.979931, -124.464002 55.97965, -124.46364 55.979367, -124.463384 55.979082, -124.463036 55.97881, -124.462784 55.978629, -124.462535 55.978411, -124.462214 55.977933, -124.462088 55.977661, -124.462034 55.977321, -124.462032 55.976977, -124.462102 55.976631, -124.462352 55.975962, -124.463153 55.975508, -124.463644 55.975266, -124.464045 55.975108, -124.464751 55.974851, -124.465317 55.974659, -124.466194 55.974272, -124.466648 55.973965, -124.467078 55.973644, -124.467607 55.97323, -124.468403 55.972611, -124.468964 55.972145, -124.469312 55.971822, -124.469635 55.971492, -124.469804 55.971305, -124.470111 55.970966, -124.471242 55.96952, -124.471513 55.969154, -124.472677 55.967724, -124.472945 55.967398, -124.473215 55.967071, -124.473489 55.966744, -124.473778 55.966415, -124.474039 55.966098, -124.474278 55.965775, -124.474472 55.965479, -124.47462 55.965197, -124.47475 55.964933, -124.474874 55.964699, -124.475033 55.964495, -124.475221 55.964312, -124.475466 55.964144, -124.476038 55.963846, -124.47634 55.963703, -124.476957 55.963414, -124.477275 55.963258, -124.477599 55.963087, -124.477924 55.9629, -124.478239 55.962695, -124.478817 55.962251, -124.479061 55.962026, -124.47929 55.961773, -124.479496 55.961496, -124.479882 55.960684, -124.479949 55.960402, -124.480084 55.95988, -124.48019 55.959644, -124.480681 55.959045, -124.481051 55.958771, -124.481557 55.9585, -124.481796 55.958379, -124.48203 55.958266, -124.482449 55.958088, -124.482661 55.958008, -124.4829 55.95792, -124.48314 55.957834, -124.483366 55.957757, -124.483712 55.957624, -124.483913 55.957563, -124.484368 55.957349, -124.484551 55.957227, -124.485069 55.956775, -124.485236 55.955863, -124.484193 55.955574, -124.483753 55.955699, -124.483451 55.955779, -124.482705 55.955946, -124.481908 55.956165, -124.481399 55.956128, -124.479533 55.955735, -124.478856 55.955397, -124.478596 55.955162, -124.478388 55.9549, -124.478234 55.954598, -124.47815 55.954245, -124.478196 55.953499, -124.478314 55.95312, -124.478729 55.952384, -124.479255 55.951654, -124.479855 55.950943, -124.480503 55.950256, -124.481199 55.949584, -124.482369 55.948569, -124.482813 55.948232, -124.483267 55.947892, -124.483717 55.947564, -124.484172 55.947233, -124.485045 55.946516, -124.485437 55.94614, -124.485834 55.945792, -124.486255 55.945492, -124.486671 55.945198, -124.487096 55.944928, -124.487528 55.944685, -124.487984 55.94447, -124.488481 55.94428, -124.488953 55.944068, -124.489432 55.943865, -124.489944 55.943671, -124.490537 55.943498, -124.490951 55.943203, -124.491375 55.942885, -124.49222 55.942177, -124.492592 55.941769, -124.493027 55.941228, -124.49322 55.940956, -124.493523 55.940536, -124.493827 55.940113, -124.494127 55.939687, -124.494491 55.939159, -124.494769 55.938732, -124.495018 55.938345, -124.49529 55.937915, -124.495567 55.93745, -124.495794 55.937084, -124.496066 55.936635, -124.496349 55.936177, -124.496618 55.935711, -124.497155 55.934752, -124.497438 55.934267, -124.497746 55.933757, -124.498079 55.933236, -124.498446 55.932708, -124.498835 55.932233, -124.499274 55.931763, -124.499766 55.931303, -124.500308 55.930855, -124.5009 55.930426, -124.501552 55.93002, -124.502263 55.929645, -124.503741 55.929082, -124.507764 55.928178, -124.511819 55.92754, -124.515394 55.926791, -124.516123 55.92661, -124.516756 55.926462, -124.517438 55.9263, -124.518115 55.926137, -124.518791 55.925973, -124.519473 55.925799, -124.520165 55.925611, -124.520843 55.925429, -124.521521 55.925241, -124.522202 55.925045, -124.522897 55.924839, -124.523471 55.924671, -124.524102 55.92449, -124.524806 55.924304, -124.525739 55.924067, -124.52647 55.923883, -124.527205 55.923712, -124.528429 55.92346, -124.529097 55.923364, -124.529856 55.92331, -124.531314 55.923286, -124.532089 55.923308, -124.532874 55.923358, -124.533671 55.923427, -124.534136 55.923474, -124.535187 55.923597, -124.536014 55.92371, -124.537465 55.923959, -124.538912 55.924317, -124.539447 55.924469, -124.540145 55.924676, -124.540841 55.924888, -124.541535 55.925105, -124.542941 55.925535, -124.543652 55.925748, -124.54656 55.926524, -124.54731 55.926691, -124.548825 55.926968, -124.550959 55.927248, -124.551677 55.927314, -124.554877 55.927534, -124.556038 55.92761, -124.556852 55.927668, -124.557686 55.927728, -124.558532 55.927792, -124.56109 55.928033, -124.561927 55.928139, -124.562761 55.928255, -124.563591 55.928378, -124.564421 55.928506, -124.565382 55.928662, -124.566928 55.92891, -124.569408 55.929327, -124.571818 55.929867, -124.575331 55.931083, -124.579448 55.933395, -124.584167 55.936964, -124.585505 55.93797, -124.58675 55.938941, -124.59031 55.941292, -124.591287 55.941817, -124.59232 55.942325, -124.593915 55.943027, -124.59555 55.943696, -124.59721 55.944361, -124.597769 55.944601, -124.598325 55.944846, -124.598877 55.94509, -124.599429 55.945332, -124.600538 55.945789, -124.601668 55.946239, -124.602234 55.946468, -124.602803 55.946699, -124.603961 55.947169, -124.604536 55.947415, -124.605108 55.947666, -124.605682 55.947922, -124.606244 55.948181, -124.60679 55.948437, -124.60733 55.948691, -124.607854 55.948943, -124.608878 55.949441, -124.609406 55.949699, -124.609921 55.949952, -124.610457 55.950209, -124.611507 55.950729, -124.611994 55.951002, -124.614067 55.951702, -124.613587 55.953042, -124.613267 55.95364, -124.612853 55.954229, -124.612396 55.954822, -124.612169 55.955118, -124.611949 55.955424, -124.611547 55.956046, -124.609528 55.956647, -124.609709 55.956914, -124.610211 55.957643, -124.610792 55.958356, -124.611458 55.95902, -124.61274 55.959921, -124.613246 55.960191, -124.61433 55.960707, -124.615461 55.961203, -124.616052 55.961445, -124.618533 55.962421, -124.619739 55.962921, -124.622706 55.964255, -124.624904 55.96534, -124.626902 55.966334, -124.627973 55.966845, -124.629061 55.967417, -124.629601 55.967719, -124.630132 55.96803, -124.630643 55.968348, -124.631132 55.96867, -124.632444 55.969671, -124.633127 55.970361, -124.633609 55.97185, -124.633542 55.972229, -124.633356 55.973015, -124.633032 55.976544, -124.633011 55.978074, -124.632905 55.978827, -124.632675 55.979594, -124.632369 55.980345, -124.631747 55.981459, -124.631043 55.982543, -124.629404 55.984137, -124.62826 55.98503, -124.627372 55.985587, -124.626398 55.98609, -124.625425 55.986573, -124.624064 55.987262, -124.623668 55.987536, -124.62298 55.988119, -124.62206 55.989362, -124.622135 55.990412, -124.622503 55.99115, -124.623015 55.99186, -124.624278 55.993289, -124.62461 55.993643, -124.625263 55.994347, -124.625898 55.995077, -124.626209 55.995439, -124.626768 55.996189, -124.628863 55.999215, -124.629417 55.999999, -124.630018 56.000773, -124.631067 56.001927, -124.633608 56.004256, -124.63567 56.005853, -124.636767 56.00664, -124.637323 56.00703, -124.637876 56.007396, -124.639042 56.008112, -124.640247 56.008894, -124.640845 56.009284, -124.641951 56.010054, -124.642989 56.010849, -124.643475 56.011272, -124.64393 56.011698, -124.644343 56.012126, -124.644734 56.012548, -124.645097 56.012947, -124.645408 56.013341, -124.645706 56.013729, -124.646017 56.014142, -124.646365 56.014568, -124.646718 56.014995, -124.647052 56.015391, -124.647317 56.015764, -124.647566 56.016156, -124.647804 56.016552, -124.648046 56.016952, -124.648298 56.017352, -124.648557 56.017744, -124.648826 56.018129, -124.649102 56.018504, -124.649385 56.018862, -124.649674 56.019201, -124.649966 56.019532, -124.650262 56.01986, -124.650557 56.020182, -124.650841 56.0205, -124.651121 56.020815, -124.651408 56.021128, -124.651697 56.021445, -124.65199 56.021772, -124.65227 56.02214, -124.652545 56.022514, -124.652804 56.022906, -124.653034 56.023295, -124.653217 56.023666, -124.653352 56.024049, -124.653432 56.024432, -124.65346 56.024818, -124.65344 56.025194, -124.653417 56.025563, -124.653373 56.025924, -124.653174 56.026651, -124.653032 56.027002, -124.652876 56.02735, -124.652736 56.0277, -124.652522 56.028383, -124.652398 56.029048, -124.65228 56.029704, -124.652124 56.030342, -124.651903 56.030935, -124.651768 56.031204, -124.651407 56.031964, -124.651188 56.032416, -124.650901 56.033022, -124.650811 56.033204, -124.650552 56.033508, -124.650367 56.033625, -124.649943 56.033809, -124.649702 56.033895, -124.649451 56.033978, -124.649189 56.034057, -124.648921 56.034128, -124.648639 56.034201, -124.648341 56.034278, -124.648026 56.034365, -124.647707 56.034458, -124.647381 56.034556, -124.647044 56.034655, -124.646688 56.034758, -124.646313 56.034866, -124.645939 56.03498, -124.645563 56.0351, -124.645185 56.035224, -124.644811 56.035353, -124.644442 56.035486, -124.644082 56.03562, -124.643735 56.035758, -124.643398 56.0359, -124.643074 56.036047, -124.642762 56.036202, -124.642457 56.03636, -124.642156 56.03652, -124.641856 56.03668, -124.641554 56.036837, -124.641218 56.036971, -124.640871 56.037099, -124.640513 56.037218, -124.640148 56.037332, -124.639774 56.037443, -124.639395 56.037553, -124.639008 56.03766, -124.638612 56.037765, -124.638206 56.037868, -124.637791 56.037973, -124.637374 56.038083, -124.636962 56.038204, -124.636557 56.03834, -124.63616 56.03849, -124.635769 56.03865, -124.635383 56.038814, -124.634999 56.03898, -124.634617 56.03915, -124.634237 56.039324, -124.63386 56.039504, -124.633488 56.039687, -124.633118 56.039876, -124.632753 56.040072, -124.632386 56.040273, -124.63202 56.040475, -124.631648 56.040676, -124.631268 56.040874, -124.630876 56.041066, -124.630473 56.04125, -124.630054 56.041426, -124.629616 56.041593, -124.629166 56.041752, -124.628709 56.041905, -124.628241 56.042053, -124.627763 56.042201, -124.627282 56.042349, -124.626807 56.042498, -124.626342 56.042647, -124.625885 56.042798, -124.625431 56.042951, -124.624977 56.043108, -124.624524 56.04327, -124.624073 56.043435, -124.623631 56.043602, -124.623196 56.04377, -124.622769 56.043936, -124.622342 56.044098, -124.621919 56.044255, -124.621495 56.044403, -124.621066 56.044539, -124.620626 56.044659, -124.620172 56.044761, -124.619708 56.044845, -124.619242 56.044916, -124.618781 56.044977, -124.617896 56.045101, -124.617478 56.045181, -124.61708 56.04528, -124.61671 56.045401, -124.616062 56.045706, -124.615781 56.045881, -124.615523 56.046062, -124.615282 56.046244, -124.615058 56.046427, -124.614852 56.04661, -124.614489 56.046986, -124.614161 56.047378, -124.613851 56.047771, -124.613564 56.048158, -124.613277 56.04854, -124.612946 56.048911, -124.612542 56.049249, -124.612102 56.049542, -124.612238 56.050041, -124.611944 56.050584, -124.611819 56.051868, -124.611566 56.052054, -124.610801 56.052606, -124.609742 56.053474, -124.609423 56.053787, -124.608478 56.054772, -124.60579 56.057341, -124.60511 56.058007, -124.603485 56.060081, -124.603067 56.060763, -124.602051 56.063596, -124.601741 56.066204, -124.601566 56.066801, -124.600919 56.067619, -124.600563 56.067813, -124.600149 56.067987, -124.599685 56.068144, -124.599206 56.06829, -124.598712 56.068407, -124.596233 56.068464, -124.595757 56.068391, -124.595316 56.0683, -124.594878 56.068198, -124.594438 56.06809, -124.593985 56.067987, -124.593487 56.067916, -124.590745 56.068153, -124.589801 56.068196, -124.588571 56.068513)), ((-124.587772 56.068635, -124.586411 56.069416, -124.585488 56.069617, -124.584663 56.069705, -124.584477 56.0697, -124.58437 56.069678, -124.584246 56.069663, -124.584108 56.069646, -124.585436 56.069224, -124.585779 56.069137, -124.586163 56.06904, -124.586585 56.068904, -124.587015 56.068758, -124.587756 56.068637, -124.587772 56.068635)))"
6,2023-06-23 10:31:00,2023061401,2023,37.4,Non-corrected airborne GPS,1686726000000,1686803430000,Under Control,JA70003000,373620.8272,3586.3567,7,91dac3bc-20ee-4220-91a5-e98404902f1d,1246180.828125,6549.96305610985,https://wildfiresituation.nrs.gov.bc.ca/incidents?fireYear=2023&incidentNumber=G60770,"POLYGON ((-124.989346 56.854988, -124.989034 56.854746, -124.988848 56.854675, -124.98826 56.854446, -124.98808 56.854365, -124.987046 56.854111, -124.986537 56.854017, -124.986096 56.853842, -124.985713 56.853639, -124.983639 56.852792, -124.982665 56.852038, -124.982032 56.851479, -124.98178 56.851365, -124.980979 56.851042, -124.979888 56.850343, -124.979057 56.849355, -124.978717 56.849079, -124.977801 56.848299, -124.977291 56.847785, -124.977108 56.847532, -124.977681 56.847085, -124.978418 56.846953, -124.979709 56.846619, -124.981079 56.84632, -124.981326 56.846275, -124.981988 56.846376, -124.982433 56.84711, -124.982736 56.847376, -124.983113 56.847905, -124.983204 56.848017, -124.98426 56.848338, -124.984512 56.848364, -124.985379 56.8489, -124.985561 56.849239, -124.986563 56.8501, -124.986848 56.850188, -124.987419 56.850346, -124.988326 56.850809, -124.988449 56.850918, -124.988418 56.851071, -124.988481 56.851689, -124.988835 56.85225, -124.989753 56.853124, -124.990069 56.853337, -124.990234 56.853442, -124.990856 56.853891, -124.99215 56.854401, -124.992565 56.854893, -124.9926 56.85501, -124.993476 56.855459, -124.994449 56.855697, -124.996105 56.856251, -124.996542 56.856381, -124.996919 56.856766, -124.996837 56.856866, -124.995768 56.857104, -124.994639 56.856811, -124.994302 56.856598, -124.994131 56.856503, -124.993725 56.856355, -124.992343 56.856117, -124.990958 56.855671, -124.990408 56.855546, -124.989625 56.855205, -124.989353 56.854994, -124.989346 56.854988))"
7,2023-06-23 10:31:00,2023060901,2023,919.7,Non-corrected airborne GPS,1686294000000,1686422568000,Out of Control,JA70003000,9196951.8274,18442.5933,18,33840641-9407-405d-b033-b1120ff302eb,24919936.734375,30361.0183304234,https://wildfiresituation.nrs.gov.bc.ca/incidents?fireYear=2023&incidentNumber=C30399,"POLYGON ((-121.062974 52.651312, -121.061399 52.651339, -121.059855 52.65107, -121.058588 52.650401, -121.05756 52.649548, -121.056436 52.648756, -121.05504 52.648204, -121.053473 52.647926, -121.051885 52.647847, -121.050362 52.647813, -121.048917 52.647688, -121.047549 52.647503, -121.046243 52.647364, -121.044936 52.647389, -121.043706 52.647651, -121.04253 52.647913, -121.041359 52.648062, -121.040251 52.647938, -121.039145 52.647716, -121.038076 52.647338, -121.037263 52.646654, -121.036829 52.645748, -121.03647 52.644815, -121.036091 52.643868, -121.035685 52.64288, -121.03534 52.641835, -121.035094 52.640736, -121.034999 52.639592, -121.03512 52.638438, -121.035456 52.637348, -121.035948 52.636382, -121.036355 52.635508, -121.036602 52.634728, -121.03687 52.634016, -121.037251 52.63334, -121.037471 52.632598, -121.03743 52.631783, -121.037411 52.631607, -121.036717 52.631192, -121.036351 52.630493, -121.037085 52.630084, -121.037322 52.630044, -121.03732 52.629903, -121.037551 52.628877, -121.038381 52.627912, -121.039578 52.627118, -121.040659 52.626365, -121.041573 52.625655, -121.042361 52.625031, -121.043003 52.624492, -121.043283 52.623908, -121.043271 52.62333, -121.043054 52.62273, -121.042724 52.622025, -121.042537 52.621161, -121.042852 52.620142, -121.043717 52.619095, -121.04499 52.6181, -121.046681 52.617257, -121.048696 52.616672, -121.050806 52.616231, -121.052963 52.615868, -121.055195 52.615692, -121.057494 52.615777, -121.059792 52.615956, -121.062113 52.616001, -121.06444 52.615801, -121.066726 52.615345, -121.068991 52.61475, -121.071283 52.614084, -121.073607 52.613392, -121.076031 52.612837, -121.078547 52.612513, -121.08105 52.612473, -121.083463 52.612759, -121.085787 52.613218, -121.088073 52.613725, -121.090402 52.614239, -121.092643 52.614845, -121.094719 52.615574, -121.096558 52.616457, -121.097927 52.617544, -121.09887 52.618703, -121.099312 52.619885, -121.099381 52.621001, -121.099338 52.621996, -121.09975 52.622955, -121.100766 52.623767, -121.102167 52.624429, -121.103745 52.625055, -121.105381 52.625723, -121.106282 52.626712, -121.106111 52.627831, -121.104999 52.628862, -121.102226 52.629466, -121.10054 52.629344, -121.099001 52.629335, -121.097673 52.628918, -121.096784 52.628192, -121.096285 52.627338, -121.09584 52.62648, -121.095284 52.625645, -121.094576 52.624882, -121.093532 52.624285, -121.092217 52.623881, -121.09085 52.62355, -121.089437 52.623283, -121.087991 52.623123, -121.086527 52.623058, -121.085083 52.623041, -121.08368 52.623028, -121.082329 52.62305, -121.081028 52.623138, -121.079807 52.623426, -121.078673 52.623823, -121.077559 52.624194, -121.076482 52.624515, -121.075362 52.624556, -121.074262 52.624381, -121.073066 52.624362, -121.071844 52.624395, -121.07058 52.624398, -121.069233 52.624575, -121.067927 52.625019, -121.066826 52.625712, -121.066148 52.62663, -121.065992 52.627576, -121.066803 52.628383, -121.068378 52.6287, -121.070078 52.62883, -121.071621 52.629122, -121.072828 52.629577, -121.073194 52.630349, -121.072542 52.631026, -121.071328 52.631206, -121.070032 52.631014, -121.068713 52.63076, -121.06737 52.630481, -121.066008 52.630174, -121.06599 52.63017, -121.064637 52.629862, -121.063218 52.629648, -121.061755 52.62964, -121.060358 52.629848, -121.059084 52.630232, -121.058054 52.630819, -121.057403 52.631612, -121.057343 52.631782, -121.057078 52.632521, -121.057099 52.633502, -121.057665 52.634526, -121.058844 52.635479, -121.06034 52.636375, -121.061947 52.637255, -121.063514 52.638182, -121.064896 52.639208, -121.065972 52.640348, -121.066695 52.641571, -121.067057 52.642841, -121.067144 52.6441, -121.066912 52.645279, -121.066584 52.646342, -121.066253 52.647252, -121.066056 52.64804, -121.066039 52.648794, -121.06583 52.649546, -121.065316 52.650314, -121.064332 52.650935, -121.062974 52.651312))"
8,2023-06-23 10:31:00,2023060401,2023,127.8,Non-corrected airborne GPS,1685862000000,1685979458000,Out of Control,JA70003000,1277729.4481,4693.3952,25,2cacb83a-b773-459b-84fa-25c9477c3f23,3496107.8359375,7762.03105488884,https://wildfiresituation.nrs.gov.bc.ca/incidents?fireYear=2023&incidentNumber=C30446,"POLYGON ((-120.461627 52.84355, -120.461553 52.842699, -120.461516 52.841397, -120.461568 52.840097, -120.461787 52.838864, -120.462226 52.837704, -120.46297 52.836575, -120.464207 52.835568, -120.476328 52.838414, -120.474611 52.83986, -120.47457 52.84073, -120.475306 52.841479, -120.476513 52.841821, -120.477356 52.842151, -120.477243 52.84274, -120.476608 52.843274, -120.476062 52.843563, -120.475099 52.843954, -120.474173 52.844481, -120.47357 52.84526, -120.473462 52.846186, -120.473598 52.847094, -120.473764 52.847933, -120.473753 52.848683, -120.473487 52.84934, -120.473168 52.849731, -120.47241 52.850175, -120.471347 52.850459, -120.470066 52.850577, -120.468701 52.850385, -120.467404 52.850043, -120.466117 52.849676, -120.464875 52.849245, -120.464082 52.848922, -120.462931 52.848387, -120.461854 52.847773, -120.460817 52.847131, -120.461627 52.84355))"
9,2023-06-23 10:31:00,2023060401,2023,25.6,Non-corrected airborne GPS,1685862000000,1685980384000,Out of Control,JA70003000,256489.0017,2144.8189,26,9b18adf8-e66b-4869-85cf-34eb35ff11ed,696910.3046875,3533.91993668991,https://wildfiresituation.nrs.gov.bc.ca/incidents?fireYear=2023&incidentNumber=C30572,"POLYGON ((-120.486594 52.694029, -120.485679 52.693803, -120.484843 52.69317, -120.484082 52.692447, -120.483386 52.691673, -120.483066 52.691118, -120.482868 52.69027, -120.482819 52.689717, -120.482691 52.688936, -120.482333 52.688182, -120.482428 52.687455, -120.482983 52.687086, -120.484365 52.686966, -120.485325 52.687091, -120.486688 52.687374, -120.487804 52.687777, -120.488609 52.688311, -120.48903 52.688962, -120.48898 52.689681, -120.488653 52.690376, -120.488342 52.690825, -120.487982 52.691493, -120.487871 52.692209, -120.487941 52.692736, -120.488112 52.693447, -120.488091 52.693893, -120.487725 52.694458, -120.487155 52.694663, -120.486594 52.694029))"
10,2023-06-23 10:31:00,2023061103,2023,225.4,Non-corrected airborne GPS,1686466800000,1686615483000,Under Control,JA70003000,2254206.3898,10516.0047,27,11aceb83-0bd7-4f70-b22c-9d714afdccc3,6004324.140625,17161.4840943477,https://wildfiresituation.nrs.gov.bc.ca/incidents?fireYear=2023&incidentNumber=C30675,"POLYGON ((-120.836412 52.242165, -120.836446 52.242164, -120.836489 52.242169, -120.83652 52.242172, -120.836539 52.242157, -120.836577 52.242157, -120.836624 52.242163, -120.836655 52.242165, -120.836696 52.242159, -120.836726 52.242155, -120.836763 52.242159, -120.836846 52.242171, -120.836874 52.242179, -120.836905 52.242171, -120.836942 52.242163, -120.836986 52.242161, -120.837027 52.242172, -120.837051 52.242159, -120.837086 52.242172, -120.837108 52.242185, -120.83717 52.242198, -120.837197 52.242211, -120.837218 52.24223, -120.837244 52.24224, -120.837277 52.242255, -120.837313 52.242259, -120.837345 52.242266, -120.837378 52.242273, -120.83741 52.242279, -120.83743 52.242293, -120.837467 52.242286, -120.837494 52.242273, -120.837533 52.242281, -120.837573 52.242291, -120.837607 52.242289, -120.837654 52.242326, -120.83766 52.242344, -120.837691 52.242366, -120.837734 52.242382, -120.837767 52.242388, -120.837799 52.24243, -120.837832 52.242442, -120.837899 52.242495, -120.837917 52.242512, -120.837953 52.242532, -120.837953 52.242574, -120.837976 52.242589, -120.838037 52.242601, -120.838082 52.24264, -120.838186 52.242663, -120.838217 52.242633, -120.838255 52.242631, -120.838301 52.242638, -120.83833 52.242656, -120.838386 52.242675, -120.838445 52.242654, -120.838464 52.242639, -120.838499 52.242618, -120.838534 52.242619, -120.838569 52.242628, -120.838601 52.24262, -120.838644 52.24263, -120.838667 52.242616, -120.838699 52.242625, -120.838731 52.242611, -120.838767 52.242615, -120.838813 52.242628, -120.838849 52.242636, -120.838881 52.242637, -120.838915 52.242639, -120.838948 52.242634, -120.838981 52.242635, -120.839064 52.242638, -120.83909 52.24264, -120.839441 52.242758, -120.839455 52.242773, -120.839489 52.242788, -120.839518 52.242798, -120.839546 52.242815, -120.839566 52.242835, -120.839597 52.242829, -120.839633 52.242835, -120.83966 52.242853, -120.839692 52.242867, -120.839732 52.242877, -120.839758 52.242887, -120.839788 52.242884, -120.839809 52.242897, -120.839845 52.242907, -120.839851 52.242934, -120.83986 52.242953, -120.839885 52.242974, -120.83991 52.242987, -120.839933 52.242999, -120.839964 52.243009, -120.83999 52.243023, -120.839993 52.243044, -120.840006 52.243064, -120.84004 52.243082, -120.840066 52.243092, -120.840104 52.243101, -120.840135 52.243117, -120.840169 52.243121, -120.840203 52.243129, -120.84023 52.24314, -120.840252 52.243157, -120.840285 52.243164, -120.840315 52.243167, -120.840337 52.24318, -120.840369 52.243177, -120.840374 52.2432, -120.840395 52.243215, -120.840418 52.243229, -120.840443 52.24325, -120.840466 52.243238, -120.840493 52.243247, -120.840515 52.243265, -120.840523 52.243289, -120.840546 52.243302, -120.840579 52.243322, -120.840611 52.243331, -120.840641 52.243346, -120.840687 52.243355, -120.840722 52.243364, -120.840733 52.243381, -120.840747 52.243399, -120.840754 52.243419, -120.840781 52.243434, -120.840795 52.243452, -120.840841 52.243454, -120.840878 52.243461, -120.840901 52.243477, -120.840921 52.243493, -120.840959 52.243497, -120.840998 52.243501, -120.841012 52.243523, -120.841037 52.243534, -120.841062 52.243547, -120.84108 52.243564, -120.841106 52.243574, -120.841119 52.243596, -120.841141 52.243618, -120.841156 52.243636, -120.841175 52.243652, -120.841216 52.243658, -120.841245 52.243677, -120.841226 52.243704, -120.8412 52.24372, -120.841182 52.243739, -120.841145 52.243747, -120.841118 52.243766, -120.841137 52.243783, -120.841164 52.243855, -120.841171 52.243877, -120.841193 52.243896, -120.841221 52.243911, -120.841249 52.243903, -120.841278 52.243913, -120.8413 52.243926, -120.841343 52.24393, -120.841372 52.243943, -120.841396 52.243957, -120.841409 52.243974, -120.841412 52.243994, -120.841449 52.244013, -120.841473 52.244033, -120.841513 52.244024, -120.841543 52.24402, -120.841584 52.244025, -120.84159 52.244044, -120.841635 52.244056, -120.841663 52.244067, -120.841677 52.244087, -120.8417 52.2441, -120.841737 52.244108, -120.841766 52.24414, -120.841794 52.244149, -120.841836 52.244168, -120.841825 52.244188, -120.841827 52.244206, -120.841843 52.24423, -120.841885 52.244232, -120.841925 52.244237, -120.841955 52.244256, -120.841999 52.244264, -120.842031 52.244262, -120.842052 52.244279, -120.842082 52.244293, -120.842079 52.244312, -120.842077 52.244332, -120.842055 52.24435, -120.842067 52.244369, -120.84209 52.244381, -120.842109 52.244395, -120.842115 52.244417, -120.842104 52.244439, -120.842107 52.244461, -120.842128 52.244478, -120.842154 52.244495, -120.842166 52.244513, -120.842196 52.244516, -120.842225 52.24452, -120.842252 52.244547, -120.842282 52.244554, -120.842306 52.244569, -120.842346 52.244579, -120.842382 52.24459, -120.842504 52.244622, -120.842513 52.244642, -120.842531 52.244657, -120.842549 52.244676, -120.842571 52.244693, -120.842609 52.244701, -120.842641 52.244811, -120.842672 52.244846, -120.842706 52.244856, -120.842698 52.244876, -120.842672 52.244909, -120.842703 52.244924, -120.842708 52.244948, -120.842706 52.24497, -120.842731 52.244986, -120.842728 52.245008, -120.842708 52.245031, -120.84269 52.245057, -120.842662 52.24507, -120.842635 52.24509, -120.842602 52.2451, -120.842556 52.245104, -120.842527 52.245117, -120.842488 52.245117, -120.842461 52.245138, -120.842434 52.24513, -120.842419 52.245148, -120.842387 52.245127, -120.842356 52.245112, -120.84239 52.245132, -120.842344 52.245108, -120.842334 52.245091, -120.842323 52.245073, -120.842303 52.245055, -120.842254 52.245054, -120.842247 52.245073, -120.842217 52.24507, -120.842188 52.245076, -120.842153 52.245082, -120.84213 52.245094, -120.842107 52.245114, -120.842115 52.245133, -120.84213 52.245151, -120.842164 52.245162, -120.842194 52.245167, -120.842209 52.245191, -120.842229 52.245208, -120.842262 52.245208, -120.842258 52.245229, -120.842249 52.245248, -120.842232 52.245268, -120.842256 52.245287, -120.842265 52.245304, -120.842249 52.245322, -120.842236 52.245346, -120.842252 52.245362, -120.842269 52.245377, -120.842272 52.245396, -120.842302 52.245401, -120.842292 52.245422, -120.842278 52.245438, -120.842288 52.245463, -120.842319 52.245465, -120.842352 52.245476, -120.84238 52.245488, -120.842373 52.245516, -120.842362 52.24554, -120.84234 52.245555, -120.842368 52.245585, -120.842367 52.245588, -120.842353 52.245608, -120.842322 52.24563, -120.842305 52.245645, -120.84229 52.245662, -120.842279 52.245679, -120.84229 52.2457, -120.842306 52.245721, -120.842336 52.245743, -120.842364 52.245759, -120.842398 52.245766, -120.842424 52.245778, -120.842437 52.245795, -120.84247 52.245804, -120.842481 52.245823, -120.8425 52.245842, -120.842535 52.245852, -120.842568 52.245854, -120.842603 52.245871, -120.84261 52.24586, -120.842591 52.245894, -120.842607 52.245911, -120.842618 52.245931, -120.842626 52.245969, -120.842585 52.245997, -120.842528 52.246056, -120.842505 52.246073, -120.842492 52.246092, -120.842461 52.246101, -120.842433 52.246107, -120.842415 52.246127, -120.842439 52.246139, -120.842558 52.246172, -120.842601 52.246174, -120.842623 52.246186, -120.842675 52.246182, -120.842714 52.246182, -120.842758 52.246195, -120.842801 52.246217, -120.842837 52.24622, -120.842896 52.24625, -120.842938 52.246249, -120.842999 52.246269, -120.843039 52.246263, -120.843096 52.246264, -120.843122 52.246287, -120.843182 52.246293, -120.843215 52.246273, -120.843249 52.246284, -120.843302 52.246276, -120.843332 52.246275, -120.843374 52.246275, -120.843427 52.246272, -120.84346 52.246278, -120.84354 52.246278, -120.843591 52.24627, -120.843647 52.246282, -120.843681 52.246265, -120.843722 52.24626, -120.843755 52.246267, -120.843807 52.24627, -120.843848 52.246285, -120.84389 52.246286, -120.843929 52.246288, -120.843967 52.246288, -120.844003 52.246299, -120.844022 52.246314, -120.84406 52.246328, -120.844096 52.246332, -120.844139 52.246341, -120.844169 52.246342, -120.844189 52.24637, -120.844233 52.24639, -120.84429 52.246404, -120.844349 52.246423, -120.844391 52.246435, -120.844433 52.246449, -120.844458 52.246477, -120.844505 52.24648, -120.844527 52.246504, -120.844557 52.246513, -120.844656 52.246564, -120.844665 52.246584, -120.844708 52.246599, -120.844689 52.246617, -120.844707 52.246649, -120.844747 52.246656, -120.844762 52.246675, -120.844794 52.246683, -120.844863 52.246814, -120.844849 52.246833, -120.844864 52.246849, -120.844884 52.246867, -120.844888 52.246887, -120.844894 52.24691, -120.844927 52.246921, -120.844953 52.246933, -120.84497 52.24695, -120.844969 52.246969, -120.844989 52.246983, -120.845009 52.246997, -120.845042 52.247003, -120.845163 52.247006, -120.845203 52.247006, -120.845244 52.247004, -120.845271 52.247018, -120.845306 52.24702, -120.845332 52.247038, -120.845351 52.247056, -120.845367 52.247082, -120.845382 52.247101, -120.84541 52.247114, -120.845425 52.247134, -120.845437 52.247153, -120.845468 52.247154, -120.845484 52.247174, -120.845506 52.247187, -120.845542 52.247196, -120.845572 52.24722, -120.845603 52.247225, -120.845636 52.247239, -120.845662 52.247249, -120.845689 52.247234, -120.845713 52.247222, -120.845746 52.247232, -120.845779 52.247239, -120.845794 52.247261, -120.845832 52.247251, -120.845876 52.247263, -120.845903 52.247274, -120.845903 52.247293, -120.84589 52.247311, -120.845913 52.247326, -120.845883 52.247351, -120.845931 52.247351, -120.845964 52.247371, -120.845978 52.247393, -120.845962 52.247412, -120.845985 52.247428, -120.846025 52.247425, -120.846069 52.247422, -120.846087 52.247421, -120.846174 52.247415, -120.846206 52.247422, -120.846206 52.247442, -120.846219 52.247461, -120.846247 52.247471, -120.846242 52.247489, -120.846216 52.247498, -120.846191 52.247513, -120.846178 52.24751, -120.846163 52.247507, -120.846096 52.247544, -120.846057 52.247538, -120.846026 52.247524, -120.845987 52.247526, -120.845948 52.247534, -120.845919 52.24755, -120.845931 52.247568, -120.845934 52.247589, -120.845906 52.247602, -120.845901 52.247627, -120.845864 52.247624, -120.845837 52.247631, -120.845801 52.247626, -120.845803 52.247647, -120.845752 52.247662, -120.845725 52.24767, -120.845703 52.247685, -120.845662 52.247699, -120.845677 52.24772, -120.845651 52.247744, -120.845646 52.247762, -120.845615 52.247768, -120.84561 52.247784, -120.845598 52.247806, -120.845562 52.247826, -120.845544 52.247842, -120.845512 52.247843, -120.845474 52.247857, -120.845441 52.247858, -120.84541 52.247859, -120.84538 52.247874, -120.845361 52.247892, -120.8453 52.247908, -120.845282 52.247926, -120.845258 52.247941, -120.84526 52.247959, -120.845277 52.247976, -120.845303 52.247992, -120.845317 52.248013, -120.845309 52.248031, -120.845312 52.248061, -120.845312 52.24808, -120.845289 52.248098, -120.845275 52.248116, -120.845314 52.248119, -120.845319 52.248144, -120.845311 52.248162, -120.845316 52.248183, -120.845309 52.248202, -120.845322 52.248223, -120.845321 52.248244, -120.845349 52.248311, -120.845353 52.248326, -120.845365 52.248349, -120.845366 52.248372, -120.845342 52.248387, -120.845343 52.248414, -120.845371 52.248422, -120.845346 52.248436, -120.845324 52.248451, -120.845342 52.248466, -120.845327 52.248485, -120.845314 52.248503, -120.845285 52.248519, -120.845256 52.248533, -120.845176 52.248515, -120.84505 52.248661, -120.845108 52.248699, -120.845134 52.248709, -120.845131 52.248729, -120.845156 52.248739, -120.845174 52.248753, -120.84521 52.248758, -120.845233 52.248778, -120.845243 52.248796, -120.845255 52.248825, -120.845262 52.248848, -120.845269 52.248866, -120.845301 52.248889, -120.845318 52.248909, -120.845337 52.248928, -120.845359 52.248941, -120.845374 52.248957, -120.8454 52.248967, -120.845425 52.248981, -120.845428 52.249, -120.845463 52.249031, -120.845436 52.249042, -120.845423 52.249062, -120.845402 52.249079, -120.845425 52.249091, -120.845449 52.249103, -120.845476 52.249114, -120.845465 52.249132, -120.845508 52.249186, -120.845484 52.249224, -120.845461 52.249267, -120.845428 52.249271, -120.845416 52.249294, -120.845434 52.249331, -120.845431 52.249361, -120.845444 52.249384, -120.845552 52.249491, -120.845576 52.249502, -120.845584 52.24952, -120.84559 52.249543, -120.845606 52.249559, -120.845618 52.249576, -120.845619 52.249601, -120.845651 52.249617, -120.845685 52.249628, -120.845676 52.24965, -120.845664 52.24967, -120.845666 52.249692, -120.84569 52.249707, -120.845642 52.249718, -120.84566 52.24974, -120.845655 52.249759, -120.845672 52.249777, -120.845698 52.249788, -120.8457 52.249808, -120.845682 52.249827, -120.845694 52.24985, -120.845662 52.249856, -120.845683 52.249872, -120.845685 52.24989, -120.845707 52.249908, -120.845696 52.249926, -120.845676 52.24994, -120.845708 52.249944, -120.845708 52.249965, -120.845732 52.249981, -120.84577 52.249991, -120.84578 52.250054, -120.845854 52.250096, -120.845858 52.250102, -120.845865 52.250125, -120.845862 52.250145, -120.845875 52.250163, -120.845858 52.250179, -120.845906 52.250177, -120.845902 52.250196, -120.845914 52.250214, -120.845904 52.250235, -120.845876 52.250243, -120.845872 52.25026, -120.845877 52.250279, -120.845901 52.250345, -120.845939 52.250373, -120.845957 52.250388, -120.84598 52.2504, -120.845954 52.250412, -120.845928 52.250421, -120.845906 52.250436, -120.84587 52.250414, -120.845842 52.250417, -120.845817 52.25043, -120.845794 52.250449, -120.8458 52.250458, -120.84579 52.250468, -120.845769 52.250504, -120.845769 52.25051, -120.845764 52.250543, -120.845752 52.250562, -120.845748 52.250575, -120.845743 52.250597, -120.845748 52.250596, -120.845791 52.250592, -120.845802 52.250602, -120.845792 52.250623, -120.845807 52.250641, -120.845817 52.250658, -120.845915 52.25072, -120.845889 52.250737, -120.845951 52.250751, -120.845985 52.250757, -120.845987 52.250776, -120.845972 52.250793, -120.845967 52.250821, -120.845961 52.250844, -120.845977 52.250865, -120.846006 52.250874, -120.845991 52.250895, -120.846039 52.250902, -120.846062 52.250924, -120.846071 52.250971, -120.846063 52.250973, -120.846089 52.250983, -120.84613 52.250999, -120.846137 52.251025, -120.84618 52.25105, -120.846162 52.251065, -120.84618 52.251089, -120.846177 52.251109, -120.846158 52.251178, -120.846112 52.251178, -120.846111 52.251182, -120.846071 52.251185, -120.846042 52.251179, -120.846028 52.251243, -120.846058 52.251232, -120.84609 52.25125, -120.84612 52.251257, -120.846146 52.251239, -120.846185 52.251236, -120.846195 52.251255, -120.846183 52.251291, -120.84617 52.251319, -120.846199 52.251335, -120.846227 52.251354, -120.846254 52.251369, -120.846288 52.251382, -120.846314 52.251398, -120.846342 52.251404, -120.846382 52.251404, -120.846405 52.251391, -120.846427 52.251374, -120.846457 52.25139, -120.846462 52.251413, -120.846515 52.251453, -120.846535 52.25144, -120.846533 52.251463, -120.846556 52.251451, -120.846586 52.251459, -120.846629 52.251458, -120.846651 52.251473, -120.84668 52.251464, -120.846677 52.251492, -120.846732 52.251504, -120.846748 52.251524, -120.846766 52.251541, -120.846781 52.251561, -120.846762 52.251579, -120.846789 52.251594, -120.846774 52.251612, -120.846798 52.251629, -120.846818 52.251642, -120.846848 52.251696, -120.846877 52.251692, -120.846915 52.251686, -120.846944 52.251674, -120.846971 52.251691, -120.846992 52.251707, -120.847021 52.251712, -120.847044 52.251733, -120.847029 52.251775, -120.847026 52.251797, -120.84703 52.25182, -120.847031 52.251839, -120.847058 52.251851, -120.847079 52.251865, -120.847087 52.251889, -120.8471 52.251907, -120.847071 52.251916, -120.847093 52.251929, -120.847119 52.251941, -120.847109 52.25196, -120.847084 52.25197, -120.847068 52.251986, -120.847057 52.252005, -120.84704 52.252025, -120.847049 52.252049, -120.84705 52.252069, -120.847052 52.252089, -120.847076 52.2521, -120.847077 52.252128, -120.847078 52.252151, -120.847065 52.252177, -120.84709 52.252189, -120.847101 52.252212, -120.847136 52.252209, -120.847129 52.252231, -120.847911 52.252481, -120.848164 52.252617, -120.84832 52.253017, -120.847905 52.253453, -120.847366 52.253505, -120.846489 52.253379, -120.846422 52.253375, -120.84638 52.253363, -120.84549 52.252925, -120.84491 52.252581, -120.843977 52.2521, -120.84289 52.251784, -120.841852 52.251409, -120.840952 52.250944, -120.840066 52.250625, -120.839071 52.250654, -120.838233 52.25102, -120.837801 52.251562, -120.837971 52.252118, -120.838274 52.252685, -120.83869 52.253275, -120.839343 52.253795, -120.840066 52.254216, -120.840861 52.254506, -120.841754 52.254612, -120.842667 52.254651, -120.843608 52.254821, -120.844532 52.255092, -120.845108 52.255361, -120.845377 52.255487, -120.845994 52.255908, -120.845939 52.256281, -120.845326 52.256364, -120.845211 52.256405, -120.844734 52.256573, -120.8445 52.257035, -120.844428 52.257407, -120.844382 52.257648, -120.844233 52.258331, -120.844223 52.258338, -120.843563 52.258806, -120.84253 52.25896, -120.841495 52.258992, -120.840958 52.259402, -120.841209 52.260029, -120.841642 52.260722, -120.841714 52.261453, -120.841952 52.262043, -120.842108 52.262583, -120.841875 52.263107, -120.84157 52.263425, -120.841288 52.263729, -120.841059 52.264053, -120.840566 52.264455, -120.840439 52.264528, -120.839999 52.2647, -120.839254 52.264904, -120.839049 52.265059, -120.838804 52.265244, -120.838459 52.265363, -120.838145 52.265113, -120.838111 52.264978, -120.838034 52.26467, -120.837672 52.264193, -120.837031 52.263741, -120.836306 52.26334, -120.835649 52.262967, -120.835106 52.262613, -120.834501 52.262302, -120.833796 52.262091, -120.833732 52.262073, -120.83313 52.261902, -120.832686 52.261669, -120.832587 52.261618, -120.832133 52.261203, -120.832012 52.260645, -120.83231 52.260062, -120.832792 52.259504, -120.833089 52.258914, -120.832914 52.258303, -120.832529 52.257675, -120.832512 52.256984, -120.832763 52.25632, -120.832828 52.256072, -120.832922 52.255718, -120.833447 52.255295, -120.834163 52.254928, -120.834407 52.254453, -120.834437 52.254395, -120.834047 52.253851, -120.833881 52.253294, -120.833901 52.252808, -120.833503 52.252445, -120.83267 52.252275, -120.831714 52.252068, -120.830885 52.251721, -120.830658 52.251477, -120.830457 52.251241, -120.830199 52.250719, -120.829925 52.250023, -120.829898 52.250003, -120.829862 52.250004, -120.829827 52.249992, -120.829795 52.249977, -120.829756 52.249967, -120.829718 52.249978, -120.829698 52.249961, -120.829701 52.249942, -120.829715 52.249921, -120.829707 52.249898, -120.829723 52.249879, -120.829701 52.249851, -120.829699 52.249833, -120.829687 52.249809, -120.829677 52.249779, -120.829675 52.249754, -120.829664 52.249734, -120.829653 52.249711, -120.829617 52.249688, -120.829602 52.24967, -120.829588 52.249652, -120.829585 52.249633, -120.829607 52.249606, -120.829623 52.249572, -120.829618 52.249554, -120.829613 52.249534, -120.829602 52.249512, -120.8296 52.249491, -120.829606 52.249473, -120.829607 52.249449, -120.829614 52.249428, -120.829643 52.249413, -120.829663 52.249393, -120.829653 52.249368, -120.829599 52.249366, -120.829565 52.249368, -120.829537 52.249383, -120.829495 52.24938, -120.82946 52.249368, -120.829431 52.249357, -120.8294 52.249351, -120.829363 52.249342, -120.829329 52.249336, -120.829299 52.24933, -120.829238 52.249307, -120.829268 52.249284, -120.829292 52.249265, -120.82931 52.249247, -120.829273 52.249247, -120.829239 52.249235, -120.829213 52.249223, -120.829201 52.249207, -120.82918 52.249193, -120.829141 52.24921, -120.829108 52.249212, -120.829076 52.249217, -120.82904 52.249218, -120.82901 52.249208, -120.828981 52.249175, -120.828977 52.249171, -120.829006 52.249151, -120.829014 52.249126, -120.829005 52.249107, -120.829062 52.249086, -120.82906 52.249058, -120.829038 52.249046, -120.829048 52.249029, -120.829031 52.249005, -120.828997 52.24899, -120.828952 52.248945, -120.828961 52.248862, -120.828976 52.248784, -120.828975 52.248764, -120.828957 52.248746, -120.828803 52.248693, -120.828754 52.248674, -120.828733 52.248659, -120.828697 52.248648, -120.828685 52.248624, -120.828722 52.248519, -120.828746 52.248491, -120.828758 52.248475, -120.828782 52.248453, -120.828803 52.248431, -120.828826 52.248415, -120.828857 52.2484, -120.828877 52.248376, -120.828876 52.248353, -120.828853 52.248332, -120.828803 52.248322, -120.82878 52.2483, -120.828756 52.24828, -120.82871 52.248265, -120.8287 52.248263, -120.828659 52.248255, -120.828561 52.248199, -120.828499 52.248095, -120.828433 52.248065, -120.828403 52.248039, -120.828375 52.248024, -120.828362 52.248007, -120.828359 52.247983, -120.828389 52.247958, -120.828507 52.247896, -120.828573 52.247868, -120.828607 52.247843, -120.828637 52.247811, -120.828651 52.247789, -120.828645 52.24776, -120.828646 52.247739, -120.828635 52.247725, -120.828638 52.247693, -120.828626 52.24767, -120.82858 52.24764, -120.828546 52.247609, -120.828507 52.247566, -120.828472 52.247559, -120.828391 52.247517, -120.828405 52.247481, -120.828391 52.247449, -120.82837 52.247424, -120.828315 52.247375, -120.828328 52.247343, -120.828328 52.247323, -120.828312 52.2473, -120.828324 52.247282, -120.828395 52.247233, -120.828436 52.24719, -120.828422 52.247131, -120.828336 52.247127, -120.828314 52.24708, -120.828311 52.247052, -120.828386 52.246989, -120.828395 52.246983, -120.828411 52.246964, -120.828421 52.246936, -120.828431 52.24691, -120.828455 52.246887, -120.828472 52.246866, -120.828491 52.246843, -120.828523 52.246828, -120.828545 52.246813, -120.828551 52.246787, -120.828565 52.246761, -120.828574 52.246738, -120.828584 52.246716, -120.828599 52.246688, -120.828584 52.246663, -120.828577 52.24664, -120.828602 52.246619, -120.828617 52.246596, -120.828626 52.246573, -120.828621 52.246544, -120.828626 52.246523, -120.828629 52.246505, -120.82862 52.246478, -120.828613 52.246454, -120.828618 52.246429, -120.828626 52.246409, -120.828628 52.246389, -120.828646 52.246365, -120.828663 52.246344, -120.828633 52.24634, -120.828648 52.246322, -120.828656 52.246305, -120.828658 52.246269, -120.828664 52.246241, -120.828675 52.246213, -120.82869 52.246195, -120.828689 52.246175, -120.82869 52.246155, -120.828691 52.246136, -120.828664 52.246108, -120.828636 52.246091, -120.828623 52.246067, -120.828606 52.246052, -120.8286 52.246032, -120.82859 52.246009, -120.828568 52.245982, -120.828568 52.245956, -120.828594 52.245945, -120.828611 52.245928, -120.82861 52.245908, -120.828631 52.24589, -120.828634 52.245862, -120.828613 52.245841, -120.828589 52.245831, -120.828561 52.245845, -120.828529 52.245834, -120.828508 52.24582, -120.828473 52.245808, -120.828443 52.245802, -120.828414 52.24579, -120.828393 52.245774, -120.828384 52.245751, -120.828386 52.245729, -120.828362 52.245701, -120.828334 52.245695, -120.828317 52.245677, -120.828285 52.245662, -120.828255 52.245657, -120.828227 52.245666, -120.828189 52.245679, -120.828149 52.245692, -120.827675 52.245973, -120.827641 52.245964, -120.827601 52.245952, -120.827574 52.24594, -120.827538 52.245944, -120.8275 52.245951, -120.827458 52.245955, -120.827417 52.245971, -120.827415 52.245972, -120.827317 52.246001, -120.827169 52.246008, -120.827112 52.245962, -120.827127 52.245911, -120.827075 52.245868, -120.826982 52.245878, -120.826918 52.245843, -120.82683 52.245822, -120.826798 52.245794, -120.826811 52.245751, -120.826849 52.24571, -120.826835 52.245669, -120.826832 52.245663, -120.826799 52.245643, -120.826779 52.245638, -120.826636 52.245617, -120.826575 52.245583, -120.82651 52.245574, -120.82647 52.245552, -120.826455 52.245515, -120.826545 52.245461, -120.826517 52.245432, -120.826515 52.245399, -120.826616 52.24536, -120.826583 52.245327, -120.826514 52.245298, -120.826477 52.245285, -120.826408 52.245305, -120.82637 52.245357, -120.826299 52.245369, -120.826216 52.245345, -120.826153 52.245283, -120.826004 52.245231, -120.825834 52.2453, -120.825809 52.245329, -120.825769 52.245385, -120.825738 52.245429, -120.825734 52.245478, -120.825603 52.245572, -120.825555 52.245584, -120.825533 52.245614, -120.825483 52.24563, -120.82544 52.245623, -120.825375 52.245602, -120.825361 52.245577, -120.825313 52.245581, -120.825056 52.245688, -120.824999 52.24569, -120.824956 52.2457, -120.824854 52.24568, -120.824759 52.24566, -120.82473 52.245616, -120.824735 52.245577, -120.824716 52.245548, -120.824729 52.245531, -120.824653 52.245484, -120.824597 52.245438, -120.824537 52.245399, -120.824489 52.245353, -120.824464 52.245318, -120.824414 52.245314, -120.824404 52.245266, -120.824451 52.245225, -120.824466 52.245157, -120.824456 52.245136, -120.824477 52.245098, -120.824457 52.245042, -120.824469 52.245012, -120.824464 52.244939, -120.824507 52.24491, -120.824459 52.244877, -120.824391 52.244873, -120.824355 52.244843, -120.824314 52.24481, -120.824181 52.24478, -120.82418 52.244743, -120.824076 52.244731, -120.824034 52.244708, -120.8239 52.244692, -120.82381 52.24464, -120.823735 52.244619, -120.823628 52.244598, -120.823596 52.244597, -120.823576 52.244571, -120.824547 52.243886, -120.824768 52.242702, -120.824893 52.242569, -120.824896 52.242289, -120.824903 52.242038, -120.825032 52.241714, -120.825064 52.241438, -120.824826 52.240921, -120.823361 52.240921, -120.822955 52.240833, -120.822371 52.240796, -120.822248 52.240649, -120.822255 52.240478, -120.82255 52.240449, -120.823148 52.240496, -120.823336 52.240534, -120.824012 52.24052, -120.824251 52.240426, -120.824402 52.240302, -120.82524 52.240326, -120.826064 52.240191, -120.826564 52.239812, -120.826859 52.239303, -120.827362 52.238862, -120.828227 52.238655, -120.828877 52.238538, -120.829854 52.238272, -120.830816 52.238184, -120.831366 52.238347, -120.831686 52.238827, -120.831679 52.239409, -120.832143 52.239836, -120.833044 52.239814, -120.834057 52.239847, -120.834877 52.240266, -120.835579 52.240835, -120.836365 52.241311, -120.836373 52.241454, -120.836412 52.242165))"
11,2023-06-23 10:31:00,2023051201,2023,1006.4,Non-corrected ground GPS,1683874800000,1684174988000,Under Control,JA70003000,10064431.012,42075.239,48,6e7d94dd-a5a3-4761-9990-60a766236c60,28134394.125,70354.4004718788,https://wildfiresituation.nrs.gov.bc.ca/incidents?fireYear=2023&incidentNumber=G30210,"MULTIPOLYGON (((-120.140417 53.334696, -120.140419 53.334674, -120.140385 53.334685, -120.140365 53.334706, -120.140333 53.334712, -120.140295 53.334714, -120.140265 53.33471, -120.140226 53.334705, -120.140192 53.334701, -120.140166 53.334688, -120.140133 53.334682, -120.140123 53.334664, -120.140112 53.334646, -120.140118 53.334625, -120.140118 53.334603, -120.140092 53.334587, -120.140078 53.334569, -120.140048 53.334553, -120.140053 53.334534, -120.140044 53.334514, -120.140078 53.334494, -120.140098 53.334473, -120.140129 53.334462, -120.140146 53.334447, -120.140127 53.334432, -120.140109 53.334413, -120.140074 53.334393, -120.140073 53.33437, -120.140051 53.334356, -120.140014 53.334341, -120.139967 53.334338, -120.139993 53.334327, -120.139962 53.334321, -120.139916 53.334319, -120.139923 53.334288, -120.139913 53.334305, -120.139916 53.334286, -120.139927 53.334266, -120.139913 53.334247, -120.139906 53.334228, -120.139884 53.334213, -120.139912 53.334186, -120.139949 53.334193, -120.139963 53.334177, -120.139953 53.334158, -120.13994 53.334137, -120.139965 53.334118, -120.139992 53.334107, -120.139985 53.334085, -120.139974 53.334059, -120.13997 53.334031, -120.139933 53.334018, -120.139919 53.333997, -120.139892 53.333987, -120.139869 53.333995, -120.139872 53.333981, -120.139873 53.333976, -120.139909 53.333958, -120.139914 53.33396, -120.139914 53.333958, -120.139947 53.333953, -120.139949 53.333952, -120.139986 53.333939, -120.139955 53.333927, -120.139988 53.333911, -120.14 53.333919, -120.14 53.333917, -120.14001 53.333899, -120.14003 53.333882, -120.139999 53.333871, -120.139978 53.333853, -120.139979 53.333835, -120.139968 53.333814, -120.139963 53.333791, -120.139929 53.33378, -120.139919 53.333757, -120.139896 53.333741, -120.139864 53.333729, -120.139885 53.33371, -120.139886 53.333684, -120.139867 53.333667, -120.139846 53.333644, -120.139847 53.333623, -120.139849 53.333603, -120.139825 53.333589, -120.139803 53.333575, -120.139776 53.333562, -120.139757 53.33354, -120.139725 53.333533, -120.139693 53.333519, -120.139657 53.333507, -120.13963 53.333498, -120.13959 53.333503, -120.139561 53.333509, -120.139536 53.333512, -120.139532 53.333512, -120.139527 53.333513, -120.139528 53.33351, -120.139529 53.333509, -120.139537 53.333492, -120.139519 53.333473, -120.139518 53.333453, -120.139532 53.333445, -120.139536 53.333443, -120.139541 53.33344, -120.139562 53.333424, -120.139568 53.333405, -120.13959 53.33339, -120.139575 53.333372, -120.139593 53.333353, -120.139571 53.333336, -120.139574 53.333316, -120.139563 53.333297, -120.139543 53.333278, -120.139537 53.33327, -120.139529 53.333274, -120.139529 53.333275, -120.139502 53.333287, -120.139519 53.333266, -120.139517 53.333258, -120.139532 53.333264, -120.139528 53.333258, -120.139551 53.333243, -120.139558 53.333244, -120.139569 53.333237, -120.139577 53.333214, -120.139586 53.333207, -120.139577 53.3332, -120.139556 53.333185, -120.13953 53.333171, -120.139483 53.33316, -120.13946 53.333146, -120.139454 53.333146, -120.139451 53.333148, -120.139459 53.333169, -120.139442 53.333151, -120.139448 53.333146, -120.139413 53.333152, -120.139393 53.333153, -120.13939 53.333156, -120.139366 53.333172, -120.139367 53.333156, -120.139366 53.333156, -120.139367 53.333155, -120.139367 53.333153, -120.139381 53.333136, -120.139382 53.333136, -120.139399 53.333124, -120.139401 53.333123, -120.139379 53.33312, -120.139387 53.333115, -120.139378 53.333109, -120.13939 53.333089, -120.139396 53.333093, -120.139401 53.33309, -120.1394 53.333088, -120.139427 53.333078, -120.139426 53.33309, -120.139455 53.333085, -120.139458 53.333103, -120.139472 53.333088, -120.139451 53.333073, -120.139475 53.333068, -120.13948 53.333049, -120.139499 53.333035, -120.139473 53.333025, -120.139468 53.333007, -120.139437 53.332994, -120.139405 53.332977, -120.139388 53.332961, -120.139379 53.332941, -120.139378 53.332922, -120.139405 53.332912, -120.139423 53.332896, -120.139422 53.332876, -120.13941 53.332858, -120.139383 53.332844, -120.139348 53.332838, -120.139353 53.332819, -120.139392 53.332815, -120.139384 53.332797, -120.139408 53.332786, -120.139406 53.332758, -120.139402 53.332733, -120.139388 53.332716, -120.139384 53.332711, -120.139377 53.33269, -120.139343 53.332675, -120.139342 53.332657, -120.139318 53.332642, -120.13934 53.332627, -120.139318 53.332607, -120.139292 53.332616, -120.139263 53.332603, -120.139232 53.332604, -120.13924 53.332577, -120.139219 53.332557, -120.139197 53.332543, -120.139166 53.332535, -120.139125 53.332538, -120.139086 53.332536, -120.139065 53.33255, -120.139031 53.332552, -120.138998 53.33254, -120.138965 53.332544, -120.138934 53.332535, -120.138913 53.332522, -120.138878 53.332519, -120.138867 53.332502, -120.138836 53.332506, -120.13879 53.332507, -120.138759 53.332521, -120.138751 53.332527, -120.13873 53.332542, -120.138705 53.332546, -120.138664 53.33255, -120.138641 53.332534, -120.138612 53.332523, -120.138571 53.332527, -120.13855 53.332513, -120.138525 53.332499, -120.138499 53.332484, -120.138504 53.332465, -120.138482 53.332448, -120.138462 53.332427, -120.138429 53.332413, -120.138444 53.332397, -120.138446 53.332379, -120.13845 53.332356, -120.138414 53.332345, -120.138399 53.332317, -120.138379 53.332294, -120.138357 53.332281, -120.138334 53.332268, -120.13831 53.332256, -120.138316 53.332238, -120.138318 53.332215, -120.13828 53.332216, -120.13825 53.332211, -120.138239 53.332233, -120.138216 53.33222, -120.138221 53.332201, -120.138261 53.332205, -120.138248 53.332189, -120.138243 53.332169, -120.138277 53.332166, -120.138298 53.33215, -120.138319 53.332134, -120.138303 53.332116, -120.138342 53.332077, -120.138377 53.332055, -120.13836 53.332034, -120.138353 53.332015, -120.138338 53.331994, -120.138329 53.331973, -120.138311 53.331957, -120.138284 53.331937, -120.13826 53.331926, -120.138248 53.331905, -120.138235 53.331885, -120.138224 53.331869, -120.138215 53.331851, -120.138206 53.331833, -120.138201 53.331815, -120.138178 53.331789, -120.138171 53.331767, -120.138194 53.331755, -120.138172 53.331736, -120.138181 53.331715, -120.138168 53.331696, -120.138156 53.331676, -120.138127 53.331664, -120.138112 53.331647, -120.138092 53.331632, -120.138064 53.331618, -120.13804 53.331596, -120.13803 53.331578, -120.138027 53.331575, -120.138014 53.331561, -120.137986 53.331546, -120.137976 53.331526, -120.137976 53.331506, -120.137956 53.331485, -120.137933 53.331462, -120.137927 53.331443, -120.137903 53.331432, -120.1379 53.331414, -120.137879 53.33139, -120.137871 53.331372, -120.137871 53.331348, -120.137851 53.331334, -120.13782 53.331314, -120.13785 53.331321, -120.137884 53.331319, -120.137915 53.331318, -120.137929 53.331299, -120.13792 53.331278, -120.137887 53.331262, -120.137883 53.331241, -120.137888 53.331222, -120.137906 53.331201, -120.137894 53.331183, -120.137897 53.331164, -120.137873 53.33115, -120.137882 53.331129, -120.137856 53.331104, -120.137854 53.331086, -120.137813 53.331088, -120.137798 53.331069, -120.137777 53.331047, -120.137759 53.33103, -120.137744 53.331011, -120.137754 53.33099, -120.137742 53.33097, -120.137737 53.330947, -120.137773 53.330959, -120.137787 53.33098, -120.137807 53.330993, -120.137797 53.331011, -120.137839 53.331006, -120.137841 53.331006, -120.137818 53.331017, -120.137844 53.33103, -120.137874 53.33103, -120.137904 53.331033, -120.137901 53.331017, -120.137901 53.331016, -120.137899 53.331002, -120.137899 53.331002, -120.137897 53.330994, -120.13789 53.330976, -120.137888 53.330972, -120.137882 53.330958, -120.137876 53.330937, -120.137917 53.330925, -120.137855 53.330913, -120.137863 53.330931, -120.137821 53.330916, -120.137822 53.330898, -120.137831 53.330878, -120.137816 53.330861, -120.137814 53.330858, -120.137793 53.33084, -120.137797 53.330816, -120.137791 53.330796, -120.137779 53.330776, -120.137765 53.330756, -120.137759 53.330752, -120.137756 53.330751, -120.137737 53.330739, -120.137717 53.330717, -120.137701 53.330697, -120.137691 53.33068, -120.137697 53.330661, -120.137672 53.330645, -120.137677 53.330626, -120.137662 53.330611, -120.137657 53.330607, -120.137634 53.330587, -120.137609 53.330566, -120.137585 53.330553, -120.137568 53.330537, -120.137544 53.330519, -120.137544 53.330495, -120.137549 53.330476, -120.137525 53.330459, -120.137528 53.33045, -120.13753 53.330441, -120.137553 53.330426, -120.137549 53.330404, -120.137568 53.330385, -120.137599 53.330389, -120.137568 53.330384, -120.137546 53.330397, -120.137512 53.330372, -120.137486 53.33036, -120.137469 53.330344, -120.137469 53.330344, -120.137457 53.330325, -120.137456 53.330302, -120.137442 53.330282, -120.137409 53.330267, -120.137414 53.330248, -120.137414 53.330225, -120.137384 53.330218, -120.13738 53.330194, -120.137377 53.330175, -120.137382 53.330155, -120.137374 53.330134, -120.1374 53.330117, -120.137434 53.330113, -120.137457 53.330085, -120.137443 53.330065, -120.137415 53.330054, -120.137404 53.330042, -120.137399 53.330036, -120.137389 53.330016, -120.137359 53.330011, -120.137328 53.330001, -120.137306 53.329986, -120.137292 53.329969, -120.137255 53.329971, -120.137241 53.329952, -120.13722 53.329938, -120.137201 53.329924, -120.13718 53.329907, -120.137143 53.329911, -120.137113 53.329903, -120.137095 53.329886, -120.137072 53.329873, -120.13707 53.329892, -120.137036 53.329895, -120.137003 53.329899, -120.137 53.329918, -120.136973 53.329932, -120.136961 53.329952, -120.136941 53.329966, -120.136964 53.329979, -120.136951 53.329996, -120.136928 53.330009, -120.136901 53.330019, -120.136899 53.33004, -120.136897 53.33005, -120.136896 53.330061, -120.136866 53.33005, -120.136819 53.330019, -120.136822 53.330016, -120.136825 53.330013, -120.136838 53.330002, -120.136796 53.329999, -120.136779 53.330004, -120.136766 53.330008, -120.136734 53.329999, -120.136699 53.329985, -120.136705 53.329986, -120.136686 53.329963, -120.136697 53.329957, -120.136712 53.329948, -120.136703 53.32993, -120.136684 53.329916, -120.136676 53.329895, -120.136687 53.329876, -120.136668 53.329862, -120.136647 53.329847, -120.136674 53.329833, -120.136674 53.32981, -120.136666 53.329785, -120.136695 53.329772, -120.136721 53.329763, -120.136709 53.329745, -120.136774 53.329761, -120.136749 53.329749, -120.13674 53.329726, -120.136768 53.329717, -120.136795 53.329705, -120.13682 53.329694, -120.136835 53.329675, -120.13681 53.329663, -120.136785 53.329646, -120.136812 53.329634, -120.136817 53.329615, -120.136836 53.329597, -120.13685 53.329579, -120.13682 53.329558, -120.136843 53.329539, -120.136844 53.329517, -120.136833 53.329497, -120.136852 53.329481, -120.136849 53.329457, -120.136873 53.329444, -120.136898 53.329433, -120.136907 53.329416, -120.136876 53.329396, -120.136857 53.329369, -120.136866 53.329349, -120.136849 53.329326, -120.136838 53.329305, -120.136818 53.32929, -120.136843 53.329277, -120.136861 53.329262, -120.13688 53.329248, -120.136885 53.329218, -120.136879 53.3292, -120.136848 53.329204, -120.136878 53.329199, -120.136912 53.3292, -120.136916 53.329203, -120.136926 53.329189, -120.136898 53.329181, -120.136874 53.329171, -120.136882 53.329152, -120.13691 53.329142, -120.136898 53.329124, -120.136891 53.329107, -120.136908 53.32909, -120.136882 53.32908, -120.136892 53.329062, -120.136926 53.329052, -120.136917 53.329027, -120.136925 53.329008, -120.136963 53.329003, -120.136998 53.328998, -120.137015 53.32898, -120.137019 53.328962, -120.137054 53.328952, -120.137061 53.328929, -120.137079 53.328903, -120.137057 53.328881, -120.137048 53.328862, -120.137032 53.32884, -120.137015 53.328821, -120.137044 53.328815, -120.137063 53.3288, -120.137055 53.328774, -120.137075 53.328753, -120.137099 53.328738, -120.137118 53.328721, -120.137136 53.328706, -120.137162 53.328691, -120.137192 53.328681, -120.137188 53.328663, -120.137201 53.328645, -120.137233 53.328646, -120.137242 53.328629, -120.137268 53.328612, -120.137277 53.328577, -120.137313 53.328575, -120.137336 53.328562, -120.137339 53.328543, -120.137364 53.328531, -120.137385 53.328517, -120.137394 53.328499, -120.137428 53.328502, -120.137451 53.328484, -120.137494 53.328474, -120.13752 53.328463, -120.137496 53.328451, -120.137469 53.328439, -120.137446 53.328427, -120.137408 53.328413, -120.137383 53.3284, -120.13735 53.32838, -120.137313 53.328366, -120.137285 53.328354, -120.137259 53.328341, -120.13724 53.328324, -120.137209 53.328304, -120.13718 53.328293, -120.137152 53.32828, -120.137135 53.328262, -120.137117 53.328241, -120.137107 53.328258, -120.137068 53.328217, -120.137101 53.328227, -120.137124 53.328213, -120.137155 53.328212, -120.137159 53.328193, -120.137162 53.328167, -120.137181 53.328153, -120.137201 53.328139, -120.13724 53.328137, -120.137273 53.328133, -120.137309 53.328133, -120.137331 53.328148, -120.137311 53.328129, -120.137326 53.328109, -120.137326 53.328106, -120.137323 53.328083, -120.13736 53.328088, -120.137386 53.328076, -120.137408 53.328063, -120.137445 53.328064, -120.137463 53.328048, -120.137455 53.328028, -120.137438 53.328013, -120.137444 53.327995, -120.137453 53.327973, -120.137476 53.32796, -120.137513 53.327972, -120.137545 53.327975, -120.137576 53.327959, -120.137549 53.327931, -120.137543 53.327912, -120.137494 53.327904, -120.137458 53.327903, -120.137419 53.32789, -120.137389 53.327892, -120.137365 53.327877, -120.137392 53.32786, -120.137426 53.32786, -120.137432 53.327841, -120.137415 53.327825, -120.137406 53.3278, -120.13739 53.327774, -120.137424 53.32775, -120.137393 53.327704, -120.137363 53.327709, -120.137363 53.32769, -120.13739 53.327677, -120.137414 53.327656, -120.137396 53.327642, -120.137369 53.32763, -120.137346 53.327618, -120.137356 53.327598, -120.137335 53.327585, -120.137316 53.327561, -120.137303 53.327535, -120.137301 53.327515, -120.137287 53.327496, -120.13725 53.327493, -120.137221 53.327484, -120.137194 53.327493, -120.137161 53.32749, -120.13714 53.327485, -120.13714 53.32749, -120.137145 53.327512, -120.137137 53.327533, -120.13712 53.327554, -120.137114 53.327572, -120.1371 53.327592, -120.137071 53.327612, -120.137042 53.327626, -120.137019 53.327641, -120.136998 53.327657, -120.136974 53.32767, -120.136925 53.327682, -120.136929 53.32769, -120.136932 53.327717, -120.136915 53.327698, -120.136914 53.327671, -120.136853 53.327608, -120.136814 53.327636, -120.136831 53.327751, -120.136801 53.327764, -120.136746 53.327757, -120.136748 53.327777, -120.136757 53.327785, -120.136758 53.327785, -120.136758 53.327785, -120.136769 53.327794, -120.136777 53.327813, -120.136769 53.327802, -120.13672 53.327819, -120.136751 53.327822, -120.136776 53.327833, -120.136804 53.327823, -120.136764 53.327838, -120.136738 53.32785, -120.136704 53.32785, -120.136671 53.327845, -120.136649 53.327833, -120.136622 53.327824, -120.136588 53.327814, -120.13656 53.327806, -120.136532 53.327798, -120.136501 53.327796, -120.136512 53.327816, -120.136502 53.327837, -120.136479 53.327862, -120.136489 53.32788, -120.136482 53.327898, -120.136476 53.327917, -120.136473 53.327924, -120.136459 53.327955, -120.136466 53.327974, -120.136496 53.327985, -120.136525 53.32799, -120.136495 53.327993, -120.136443 53.327992, -120.13641 53.32799, -120.136381 53.327978, -120.13639 53.327961, -120.13637 53.327938, -120.136347 53.327924, -120.136328 53.327917, -120.136315 53.327912, -120.13631 53.327907, -120.136293 53.327893, -120.13629 53.327871, -120.136236 53.327852, -120.136206 53.327848, -120.136179 53.327838, -120.136177 53.327808, -120.136138 53.327805, -120.136105 53.327816, -120.136075 53.327826, -120.136071 53.327826, -120.136081 53.327818, -120.136086 53.327797, -120.136075 53.327779, -120.136073 53.327766, -120.136068 53.327761, -120.136027 53.327755, -120.135998 53.32775, -120.135988 53.327749, -120.135998 53.327741, -120.135996 53.327721, -120.135988 53.327707, -120.135987 53.327706, -120.135983 53.3277, -120.135966 53.327684, -120.135956 53.327657, -120.135959 53.327628, -120.135976 53.327609, -120.136002 53.327599, -120.136032 53.32759, -120.13605 53.327574, -120.136051 53.327557, -120.136051 53.327553, -120.136048 53.327527, -120.136053 53.327506, -120.136069 53.327491, -120.13605 53.327476, -120.136049 53.327458, -120.136025 53.327447, -120.136057 53.32745, -120.136079 53.327429, -120.136094 53.327407, -120.1361 53.327402, -120.136061 53.327375, -120.136037 53.327361, -120.13601 53.327339, -120.135988 53.327316, -120.135972 53.327291, -120.135969 53.327259, -120.13596 53.327254, -120.135934 53.32723, -120.135885 53.327213, -120.135862 53.327194, -120.135849 53.327149, -120.135831 53.327123, -120.135822 53.327095, -120.135821 53.32707, -120.135827 53.327058, -120.135813 53.327042, -120.135792 53.327023, -120.135791 53.32701, -120.135791 53.327009, -120.135789 53.327, -120.135805 53.326981, -120.135808 53.326971, -120.135798 53.326963, -120.135792 53.32694, -120.135784 53.326905, -120.135766 53.326876, -120.135766 53.326863, -120.135766 53.326856, -120.135759 53.326838, -120.135761 53.32682, -120.135736 53.326828, -120.135758 53.32681, -120.135751 53.326802, -120.13574 53.32679, -120.135739 53.326785, -120.135736 53.326784, -120.135723 53.326779, -120.135698 53.326766, -120.135684 53.326749, -120.135673 53.326731, -120.135675 53.326712, -120.135644 53.326707, -120.135643 53.326708, -120.135663 53.32672, -120.135639 53.326716, -120.135634 53.326715, -120.135608 53.326705, -120.135578 53.326701, -120.13555 53.326712, -120.13553 53.326726, -120.135516 53.326743, -120.135511 53.326763, -120.135498 53.326781, -120.135509 53.326798, -120.135476 53.326801, -120.135446 53.326798, -120.135415 53.326789, -120.135386 53.326783, -120.135384 53.326792, -120.135389 53.326806, -120.135396 53.326833, -120.135408 53.326883, -120.135419 53.326918, -120.135421 53.32696, -120.135402 53.327015, -120.135397 53.327049, -120.135386 53.327086, -120.135375 53.327123, -120.135379 53.327147, -120.135382 53.327159, -120.135378 53.327166, -120.135387 53.327183, -120.13539 53.327188, -120.135388 53.3272, -120.135386 53.327212, -120.135385 53.327218, -120.135386 53.327211, -120.135377 53.327201, -120.135379 53.327175, -120.135375 53.327171, -120.135367 53.327159, -120.135356 53.327136, -120.135354 53.327129, -120.135349 53.327113, -120.135344 53.327094, -120.135332 53.327072, -120.13532 53.327048, -120.135316 53.327025, -120.135305 53.327001, -120.135306 53.326996, -120.135303 53.32699, -120.135305 53.326967, -120.135314 53.326942, -120.135318 53.326932, -120.13532 53.32691, -120.135324 53.326885, -120.135325 53.32688, -120.135327 53.32686, -120.13533 53.326832, -120.135326 53.326808, -120.135325 53.326783, -120.135327 53.32677, -120.135321 53.326769, -120.135283 53.32678, -120.135253 53.326772, -120.135224 53.326778, -120.135196 53.326787, -120.135174 53.326802, -120.135159 53.326819, -120.135166 53.326837, -120.135187 53.326859, -120.13518 53.326877, -120.135189 53.326894, -120.135203 53.326913, -120.135189 53.32693, -120.13516 53.326944, -120.135161 53.326986, -120.135131 53.326986, -120.135102 53.32698, -120.135095 53.326998, -120.135112 53.327015, -120.135131 53.327033, -120.135143 53.327052, -120.135141 53.327072, -120.135126 53.327089, -120.135157 53.327093, -120.135183 53.327105, -120.135201 53.327132, -120.135177 53.327143, -120.135145 53.327147, -120.135125 53.327165, -120.135101 53.327175, -120.135087 53.327192, -120.135056 53.32721, -120.13503 53.327223, -120.134995 53.327226, -120.134976 53.32724, -120.134954 53.327254, -120.134937 53.327269, -120.134938 53.327291, -120.134892 53.327316, -120.134887 53.327335, -120.134874 53.327352, -120.134887 53.327369, -120.134887 53.32739, -120.134902 53.327409, -120.134922 53.327427, -120.134975 53.327448, -120.135002 53.327459, -120.135034 53.327448, -120.135073 53.327452, -120.135111 53.327463, -120.135086 53.327484, -120.135057 53.327494, -120.13503 53.327504, -120.135045 53.327523, -120.135025 53.32754, -120.135022 53.327559, -120.135002 53.327575, -120.134988 53.327595, -120.134985 53.327615, -120.134975 53.327631, -120.134985 53.327639, -120.134999 53.327657, -120.135 53.327659, -120.135001 53.327662, -120.135006 53.327674, -120.135026 53.32769, -120.135008 53.327714, -120.13497 53.327726, -120.134997 53.327729, -120.135025 53.327745, -120.135001 53.327759, -120.134981 53.327743, -120.134973 53.327731, -120.134957 53.327724, -120.134957 53.327724, -120.134931 53.32772, -120.134917 53.327746, -120.134908 53.327728, -120.134876 53.32772, -120.134846 53.327717, -120.134817 53.327724, -120.134789 53.327716, -120.134771 53.327683, -120.134755 53.327668, -120.134737 53.327668, -120.13474 53.327675, -120.134726 53.327674, -120.134697 53.327675, -120.134701 53.327674, -120.134697 53.327661, -120.13469 53.327661, -120.134682 53.327666, -120.134662 53.327676, -120.134675 53.327694, -120.134642 53.327684, -120.134612 53.327688, -120.134581 53.327698, -120.134556 53.327708, -120.134551 53.327711, -120.134528 53.327723, -120.134543 53.327739, -120.134551 53.327757, -120.134546 53.327775, -120.134518 53.327783, -120.134498 53.327803, -120.134497 53.327821, -120.134497 53.32784, -120.134498 53.327862, -120.134526 53.327871, -120.134549 53.327886, -120.134574 53.327898, -120.134598 53.327909, -120.134622 53.327936, -120.134633 53.327954, -120.134646 53.327978, -120.134636 53.327996, -120.134605 53.328002, -120.134573 53.328015, -120.134562 53.328032, -120.134552 53.32805, -120.134524 53.32806, -120.134496 53.328067, -120.134458 53.32807, -120.134417 53.328072, -120.134425 53.328103, -120.134431 53.328121, -120.13443 53.328146, -120.134436 53.328173, -120.134468 53.328194, -120.134476 53.3282, -120.134495 53.328212, -120.134463 53.328218, -120.134445 53.328233, -120.134419 53.328244, -120.134411 53.328262, -120.134396 53.328278, -120.134366 53.328286, -120.134365 53.328306, -120.134348 53.328324, -120.134362 53.32835, -120.134388 53.328361, -120.134349 53.328375, -120.13432 53.328384, -120.134307 53.328401, -120.134295 53.328419, -120.134313 53.328436, -120.134307 53.328458, -120.134288 53.328472, -120.134241 53.328456, -120.134208 53.32846, -120.134179 53.328452, -120.134164 53.328437, -120.134131 53.32843, -120.134106 53.328414, -120.134097 53.328391, -120.13407 53.328378, -120.134041 53.328364, -120.134026 53.328348, -120.134006 53.328337, -120.133996 53.328341, -120.133993 53.32834, -120.133983 53.328336, -120.133987 53.32834, -120.133987 53.328345, -120.133989 53.328359, -120.133977 53.328355, -120.133989 53.328371, -120.133987 53.328373, -120.133991 53.328383, -120.134024 53.328401, -120.134038 53.328417, -120.134043 53.328452, -120.134049 53.328484, -120.134054 53.328502, -120.134026 53.328512, -120.134013 53.328531, -120.134024 53.32855, -120.134048 53.328565, -120.134079 53.328582, -120.134102 53.328564, -120.134109 53.328583, -120.134113 53.328603, -120.134114 53.328623, -120.134114 53.328624, -120.134088 53.328612, -120.134048 53.328624, -120.134049 53.32863, -120.134049 53.328636, -120.134051 53.328649, -120.134064 53.328645, -120.134072 53.328643, -120.134074 53.328649, -120.13408 53.32866, -120.134094 53.328678, -120.134115 53.328697, -120.134131 53.328712, -120.134145 53.32873, -120.134145 53.328732, -120.134151 53.328735, -120.134166 53.328761, -120.134171 53.328765, -120.134186 53.328775, -120.134214 53.32879, -120.134216 53.328791, -120.134224 53.328795, -120.13425 53.328814, -120.134285 53.328821, -120.134317 53.328819, -120.134362 53.328832, -120.134399 53.328835, -120.134409 53.328837, -120.134428 53.328841, -120.134444 53.328857, -120.134428 53.328873, -120.134437 53.328891, -120.134419 53.328869, -120.134392 53.328868, -120.134377 53.328867, -120.134348 53.32885, -120.134306 53.328849, -120.134269 53.328839, -120.134242 53.328814, -120.134229 53.328831, -120.134193 53.328828, -120.13419 53.32881, -120.134184 53.328816, -120.134182 53.328799, -120.134167 53.328789, -120.134156 53.328765, -120.134121 53.328742, -120.1341 53.328694, -120.134081 53.328685, -120.134056 53.328669, -120.134058 53.328671, -120.134061 53.328694, -120.134056 53.328712, -120.134042 53.328732, -120.134022 53.328747, -120.133996 53.328761, -120.133959 53.328766, -120.133937 53.328788, -120.133915 53.328804, -120.133925 53.328821, -120.133917 53.328835, -120.133914 53.32884, -120.133913 53.328859, -120.133898 53.328883, -120.133869 53.328893, -120.13384 53.328899, -120.133803 53.328898, -120.133769 53.328893, -120.133738 53.328893, -120.133708 53.32889, -120.133675 53.328889, -120.13366 53.328883, -120.133653 53.328886, -120.13364 53.328882, -120.133625 53.328891, -120.133647 53.328905, -120.133627 53.328921, -120.133624 53.328903, -120.133624 53.328903, -120.133621 53.328885, -120.13362 53.328885, -120.133613 53.328894, -120.133613 53.328909, -120.133624 53.328929, -120.133643 53.328952, -120.133641 53.328962, -120.133638 53.328971, -120.133609 53.328975, -120.13358 53.328982, -120.133547 53.328984, -120.133514 53.328988, -120.133486 53.328998, -120.133449 53.32902, -120.133445 53.329, -120.133411 53.329002, -120.13341 53.329002, -120.133376 53.329004, -120.133361 53.329021, -120.133337 53.329033, -120.133304 53.329034, -120.133272 53.329041, -120.133241 53.329032, -120.13321 53.329028, -120.13318 53.329032, -120.133203 53.329047, -120.133202 53.32907, -120.13315 53.329088, -120.133148 53.329121, -120.133129 53.329136, -120.133104 53.329152, -120.133071 53.329158, -120.133039 53.329153, -120.133006 53.32915, -120.13301 53.329127, -120.133012 53.329107, -120.133006 53.329077, -120.132992 53.32906, -120.132993 53.329036, -120.132976 53.32902, -120.132949 53.328998, -120.132921 53.328987, -120.132908 53.32897, -120.132908 53.328969, -120.13288 53.328955, -120.132861 53.328938, -120.132836 53.328918, -120.132867 53.328924, -120.13288 53.328941, -120.132902 53.328943, -120.132906 53.328962, -120.132922 53.328971, -120.132949 53.328962, -120.132959 53.328981, -120.132957 53.328999, -120.132963 53.328981, -120.132995 53.328981, -120.133026 53.328979, -120.133044 53.328996, -120.133058 53.328978, -120.13307 53.328995, -120.133102 53.329004, -120.133101 53.328985, -120.133129 53.328973, -120.133135 53.328974, -120.133139 53.328975, -120.133161 53.32898, -120.133196 53.32898, -120.133181 53.328962, -120.133166 53.328942, -120.133158 53.328919, -120.13319 53.328931, -120.133222 53.328933, -120.133251 53.32892, -120.133279 53.328911, -120.133306 53.328898, -120.133341 53.328907, -120.133355 53.328903, -120.133378 53.328897, -120.133399 53.328883, -120.133409 53.328864, -120.133396 53.328842, -120.133393 53.328824, -120.13339 53.328801, -120.133406 53.328793, -120.133417 53.328788, -120.133431 53.328802, -120.133439 53.328787, -120.133446 53.328768, -120.133447 53.328591, -120.133481 53.328598, -120.133493 53.328711, -120.133512 53.328694, -120.133534 53.32868, -120.133577 53.328679, -120.133605 53.328684, -120.133621 53.328682, -120.133621 53.328678, -120.133625 53.328657, -120.133626 53.328639, -120.133657 53.328628, -120.133653 53.328604, -120.133686 53.328596, -120.133718 53.328602, -120.133753 53.328599, -120.133789 53.328603, -120.13379 53.328584, -120.13376 53.328566, -120.133792 53.328575, -120.133811 53.328589, -120.133814 53.328582, -120.13382 53.328572, -120.133822 53.328567, -120.133838 53.328541, -120.133839 53.328539, -120.133838 53.328539, -120.13382 53.328534, -120.133814 53.328532, -120.133811 53.328532, -120.133806 53.32853, -120.133807 53.328527, -120.133808 53.328525, -120.133837 53.32852, -120.133839 53.328502, -120.133844 53.328481, -120.133812 53.328476, -120.133845 53.328477, -120.133876 53.328463, -120.133889 53.328444, -120.133926 53.328438, -120.133945 53.32842, -120.133961 53.328403, -120.133963 53.328382, -120.133968 53.328325, -120.134021 53.32833, -120.134052 53.328328, -120.134098 53.328319, -120.134129 53.32831, -120.134158 53.328302, -120.134126 53.328308, -120.134102 53.328296, -120.134118 53.328272, -120.134128 53.328256, -120.134126 53.328256, -120.134132 53.328247, -120.134133 53.32824, -120.134133 53.328238, -120.134138 53.328237, -120.134164 53.32823, -120.134202 53.32824, -120.134238 53.328229, -120.134273 53.328209, -120.13429 53.328193, -120.134321 53.328179, -120.134273 53.328167, -120.134228 53.328163, -120.134199 53.328152, -120.1342 53.328133, -120.134224 53.328121, -120.134262 53.328119, -120.134286 53.328107, -120.134319 53.328089, -120.134309 53.328106, -120.134327 53.328079, -120.134333 53.328062, -120.134346 53.32804, -120.134376 53.328028, -120.134402 53.328011, -120.134424 53.327997, -120.134384 53.327997, -120.134407 53.327976, -120.134423 53.327974, -120.134402 53.327957, -120.134384 53.327937, -120.1344 53.327911, -120.13437 53.327918, -120.134337 53.327924, -120.134309 53.327915, -120.13431 53.327897, -120.134324 53.327878, -120.134335 53.327858, -120.134359 53.327819, -120.134363 53.327808, -120.134346 53.327797, -120.134337 53.327787, -120.134337 53.327786, -120.134334 53.327783, -120.134339 53.327781, -120.134343 53.327782, -120.134381 53.327758, -120.134374 53.327737, -120.134395 53.327721, -120.134419 53.327711, -120.134416 53.327692, -120.134445 53.327684, -120.134476 53.327666, -120.134483 53.327665, -120.134503 53.32766, -120.134511 53.327646, -120.134504 53.327621, -120.134512 53.327599, -120.134539 53.327612, -120.134549 53.327594, -120.134569 53.327581, -120.134534 53.327575, -120.134524 53.327558, -120.134507 53.327541, -120.134463 53.327538, -120.134451 53.32752, -120.134433 53.327503, -120.134463 53.327504, -120.134508 53.327515, -120.134542 53.327511, -120.13458 53.327519, -120.134588 53.327522, -120.134588 53.327522, -120.134619 53.327522, -120.134635 53.327463, -120.134652 53.327447, -120.134653 53.327446, -120.13465 53.327439, -120.134665 53.327422, -120.134684 53.327406, -120.134699 53.327382, -120.134688 53.327389, -120.134673 53.327407, -120.134677 53.327377, -120.134656 53.327363, -120.134665 53.327345, -120.134666 53.327342, -120.134681 53.327349, -120.13472 53.327349, -120.134728 53.32733, -120.134711 53.327316, -120.134717 53.327297, -120.134709 53.327277, -120.134712 53.327257, -120.134712 53.327252, -120.134741 53.327258, -120.134754 53.327231, -120.134737 53.327214, -120.134769 53.327199, -120.134796 53.327184, -120.134761 53.32718, -120.134759 53.327161, -120.134752 53.327139, -120.134769 53.327119, -120.134788 53.32711, -120.134759 53.327101, -120.134752 53.327081, -120.134784 53.32708, -120.134812 53.327072, -120.134814 53.327073, -120.134842 53.327065, -120.134792 53.327061, -120.134782 53.327041, -120.134814 53.32703, -120.134844 53.327025, -120.134843 53.327004, -120.134854 53.326987, -120.134867 53.326969, -120.13487 53.32695, -120.134869 53.326938, -120.134846 53.326945, -120.134858 53.326937, -120.134844 53.326939, -120.13485 53.326921, -120.134874 53.326904, -120.134888 53.326888, -120.134892 53.326869, -120.134922 53.326854, -120.134953 53.326847, -120.134892 53.326861, -120.134867 53.326873, -120.134867 53.326849, -120.134857 53.32683, -120.134854 53.326812, -120.134839 53.326793, -120.134883 53.326784, -120.134913 53.326778, -120.13494 53.326765, -120.134959 53.326804, -120.134979 53.326779, -120.134996 53.326764, -120.135018 53.326744, -120.135026 53.326762, -120.135061 53.326769, -120.135094 53.326771, -120.135109 53.326754, -120.135116 53.326734, -120.13513 53.326715, -120.135161 53.326728, -120.135163 53.326707, -120.13518 53.326692, -120.135204 53.326709, -120.135234 53.326722, -120.135241 53.326743, -120.135269 53.326724, -120.135274 53.326706, -120.135271 53.326681, -120.135276 53.326662, -120.135315 53.326663, -120.135326 53.326644, -120.135362 53.326665, -120.135374 53.326647, -120.135404 53.326642, -120.135434 53.326648, -120.135422 53.32667, -120.135446 53.326646, -120.135477 53.326638, -120.135511 53.326631, -120.135539 53.326612, -120.135576 53.326616, -120.135604 53.3266, -120.135599 53.326581, -120.135584 53.326569, -120.134561 53.326078, -120.134398 53.326, -120.134398 53.326024, -120.134394 53.326031, -120.134381 53.326049, -120.134379 53.326068, -120.134373 53.326085, -120.13436 53.326102, -120.134387 53.326118, -120.134401 53.326123, -120.134422 53.32613, -120.134458 53.326137, -120.134485 53.326147, -120.13451 53.326161, -120.134513 53.326184, -120.134494 53.326199, -120.134459 53.3262, -120.134419 53.326204, -120.134403 53.326205, -120.134385 53.326206, -120.134375 53.326223, -120.134388 53.326247, -120.134358 53.326238, -120.134322 53.326229, -120.134304 53.326213, -120.13428 53.326197, -120.134278 53.326171, -120.13427 53.326152, -120.13429 53.326133, -120.134246 53.326126, -120.134233 53.326109, -120.134216 53.326092, -120.134192 53.326074, -120.134157 53.326055, -120.13414 53.326039, -120.134127 53.326021, -120.134113 53.325999, -120.134117 53.325977, -120.134067 53.325976, -120.134034 53.325963, -120.134036 53.325944, -120.134015 53.325928, -120.133991 53.325911, -120.133958 53.325913, -120.133952 53.325895, -120.133894 53.325891, -120.133881 53.325874, -120.133903 53.325858, -120.133919 53.325835, -120.133946 53.325819, -120.133944 53.3258, -120.133901 53.32581, -120.133875 53.325799, -120.133847 53.325809, -120.133815 53.325803, -120.133791 53.325781, -120.133794 53.325779, -120.13378 53.325776, -120.133791 53.325772, -120.133789 53.325771, -120.133767 53.325746, -120.133765 53.325743, -120.133745 53.325745, -120.133741 53.325743, -120.133744 53.325722, -120.133788 53.325714, -120.13382 53.325685, -120.133844 53.325665, -120.13386 53.325643, -120.133853 53.325625, -120.133832 53.32561, -120.133827 53.325591, -120.133861 53.325581, -120.133892 53.325565, -120.133745 53.325449, -120.133551 53.325295, -120.133544 53.325305, -120.133503 53.325298, -120.133466 53.325298, -120.133431 53.325299, -120.133401 53.325285, -120.133368 53.325283, -120.133338 53.325287, -120.133326 53.325305, -120.133302 53.325318, -120.133265 53.325336, -120.133257 53.325355, -120.133259 53.325374, -120.133268 53.325399, -120.133255 53.325417, -120.133251 53.325438, -120.133254 53.325459, -120.13328 53.325485, -120.133319 53.325489, -120.133332 53.325511, -120.133295 53.325517, -120.133283 53.325538, -120.133261 53.325557, -120.133262 53.325576, -120.13326 53.325596, -120.133242 53.325614, -120.133271 53.325621, -120.133288 53.325636, -120.133309 53.325654, -120.13334 53.325672, -120.133368 53.325679, -120.133405 53.325684, -120.133431 53.325696, -120.133424 53.325722, -120.133455 53.325729, -120.133486 53.325728, -120.133474 53.32575, -120.133466 53.325765, -120.133321 53.325933, -120.133294 53.325964, -120.133264 53.325954, -120.133244 53.325973, -120.133232 53.325991, -120.13321 53.326003, -120.133237 53.32602, -120.133254 53.326037, -120.133237 53.326057, -120.133207 53.326069, -120.133214 53.326079, -120.133212 53.32608, -120.133203 53.326098, -120.133183 53.326113, -120.133178 53.326128, -120.133176 53.326135, -120.13322 53.326125, -120.133191 53.326144, -120.133162 53.326156, -120.133127 53.326156, -120.133092 53.326146, -120.133069 53.326133, -120.13304 53.326119, -120.133003 53.326122, -120.133005 53.326143, -120.13299 53.326159, -120.132977 53.326176, -120.132948 53.326191, -120.132912 53.32619, -120.132892 53.326203, -120.13289 53.326222, -120.132891 53.326248, -120.132901 53.326265, -120.132898 53.326286, -120.13286 53.326296, -120.132828 53.326296, -120.132798 53.326301, -120.132784 53.326323, -120.13275 53.32633, -120.132719 53.326343, -120.132719 53.326343, -120.132711 53.326347, -120.132724 53.326365, -120.132755 53.326376, -120.132745 53.326393, -120.132719 53.326406, -120.132738 53.326428, -120.132762 53.326446, -120.132753 53.326463, -120.132767 53.326485, -120.132776 53.326504, -120.132753 53.326519, -120.132752 53.32652, -120.132719 53.326527, -120.132748 53.326539, -120.132707 53.326551, -120.132684 53.326563, -120.132737 53.326598, -120.132746 53.326618, -120.132773 53.326632, -120.13278 53.326651, -120.132782 53.32667, -120.132803 53.326684, -120.13282 53.326703, -120.132849 53.326722, -120.132866 53.326738, -120.1329 53.326749, -120.13293 53.326758, -120.132968 53.326764, -120.132998 53.326767, -120.133032 53.326782, -120.133062 53.326799, -120.133081 53.326813, -120.133075 53.326833, -120.133094 53.326848, -120.133127 53.32685, -120.133145 53.32687, -120.133172 53.326883, -120.133206 53.326904, -120.133193 53.326922, -120.133206 53.326943, -120.133227 53.326958, -120.133247 53.326972, -120.133248 53.326973, -120.133273 53.326987, -120.133298 53.327003, -120.133295 53.327022, -120.13328 53.327039, -120.133272 53.327061, -120.133303 53.327072, -120.133313 53.32709, -120.13335 53.327095, -120.133383 53.327105, -120.133346 53.327112, -120.133317 53.327102, -120.13334 53.327126, -120.133307 53.32712, -120.133275 53.327118, -120.133248 53.327128, -120.133226 53.327113, -120.133204 53.327098, -120.133179 53.327086, -120.133172 53.327067, -120.133141 53.327064, -120.133109 53.327063, -120.133072 53.32706, -120.133032 53.327064, -120.133002 53.327049, -120.132978 53.327032, -120.132947 53.327023, -120.13291 53.327019, -120.132887 53.327003, -120.132874 53.326986, -120.132876 53.326965, -120.132825 53.326963, -120.132786 53.326945, -120.132765 53.326932, -120.132741 53.326917, -120.132716 53.326906, -120.132692 53.326892, -120.132644 53.326882, -120.132612 53.326884, -120.13259 53.326868, -120.132562 53.326847, -120.132539 53.326829, -120.132524 53.326816, -120.132505 53.326817, -120.132478 53.326807, -120.13246 53.326791, -120.132438 53.326775, -120.132416 53.326761, -120.132398 53.326744, -120.132372 53.326752, -120.13236 53.326756, -120.132334 53.326746, -120.132354 53.326724, -120.132345 53.326698, -120.132318 53.326688, -120.132313 53.326669, -120.132309 53.326641, -120.132282 53.326625, -120.132248 53.326616, -120.132228 53.326601, -120.132209 53.326584, -120.132202 53.326565, -120.132173 53.326553, -120.132161 53.326533, -120.132144 53.326518, -120.132113 53.326512, -120.132105 53.32649, -120.132103 53.326484, -120.132073 53.326483, -120.132054 53.326502, -120.132033 53.326518, -120.132018 53.326535, -120.131979 53.326533, -120.131943 53.326533, -120.131977 53.326525, -120.131985 53.326512, -120.131957 53.326516, -120.131982 53.326509, -120.131975 53.326505, -120.131966 53.3265, -120.131935 53.3265, -120.131897 53.326473, -120.131869 53.326472, -120.131896 53.326399, -120.131911 53.326381, -120.131903 53.326373, -120.131898 53.326364, -120.131922 53.32635, -120.131957 53.32634, -120.131959 53.326338, -120.131975 53.326323, -120.131952 53.32631, -120.13195 53.326288, -120.131916 53.326277, -120.131906 53.326259, -120.131912 53.326239, -120.131912 53.326239, -120.131918 53.32622, -120.131926 53.326202, -120.131926 53.326181, -120.131959 53.326176, -120.131988 53.326167, -120.131991 53.326147, -120.132002 53.326129, -120.132014 53.326105, -120.131978 53.326099, -120.131958 53.326085, -120.131994 53.326087, -120.13204 53.326092, -120.132069 53.326089, -120.132076 53.326069, -120.132107 53.326076, -120.132102 53.326098, -120.132088 53.326121, -120.132073 53.326139, -120.132091 53.326157, -120.132087 53.326176, -120.1321 53.326195, -120.132131 53.326199, -120.132165 53.326199, -120.132178 53.326203, -120.132193 53.326208, -120.132226 53.326212, -120.132263 53.326217, -120.1323 53.326216, -120.13233 53.326217, -120.132358 53.326206, -120.132382 53.326214, -120.132386 53.326199, -120.132388 53.326198, -120.132388 53.326196, -120.132389 53.326195, -120.132388 53.326195, -120.132354 53.326193, -120.132357 53.326169, -120.13236 53.326151, -120.132389 53.326157, -120.132396 53.326176, -120.132427 53.326177, -120.132439 53.326197, -120.132442 53.326179, -120.132463 53.326164, -120.132506 53.326157, -120.132535 53.326176, -120.132554 53.326161, -120.132559 53.326189, -120.132576 53.326204, -120.132602 53.326194, -120.132636 53.326173, -120.132635 53.326129, -120.132671 53.326124, -120.132687 53.326142, -120.132722 53.326145, -120.132726 53.326168, -120.132762 53.326177, -120.132755 53.326154, -120.13273 53.326139, -120.132712 53.326116, -120.132703 53.326093, -120.132675 53.326081, -120.132632 53.326078, -120.13261 53.326066, -120.1326 53.326045, -120.132581 53.326023, -120.132592 53.326006, -120.132612 53.32599, -120.132624 53.326007, -120.132641 53.326027, -120.132685 53.326024, -120.132705 53.326026, -120.1327 53.325998, -120.132703 53.325976, -120.132757 53.325981, -120.13279 53.32598, -120.13282 53.325978, -120.132807 53.325963, -120.132847 53.325963, -120.132877 53.325958, -120.132932 53.325955, -120.132952 53.325941, -120.132975 53.325955, -120.133004 53.325946, -120.133048 53.325931, -120.133062 53.325914, -120.133039 53.325901, -120.133008 53.325898, -120.132984 53.325887, -120.132973 53.325862, -120.132981 53.325841, -120.132981 53.325828, -120.132981 53.325827, -120.132981 53.325821, -120.133013 53.325817, -120.13303 53.325797, -120.133063 53.325797, -120.133096 53.325798, -120.133127 53.325798, -120.133163 53.325804, -120.133191 53.325812, -120.133208 53.325819, -120.133212 53.325776, -120.133192 53.325759, -120.133203 53.325741, -120.13319 53.32573, -120.133153 53.325722, -120.133127 53.325711, -120.133094 53.32571, -120.133064 53.325699, -120.13305 53.325676, -120.133067 53.325657, -120.133079 53.325637, -120.133075 53.325631, -120.133065 53.325616, -120.133102 53.325612, -120.133098 53.325589, -120.133115 53.325571, -120.133086 53.325549, -120.133075 53.325526, -120.133054 53.325527, -120.13303 53.325513, -120.133004 53.325504, -120.132973 53.325504, -120.132945 53.325494, -120.132929 53.325477, -120.132913 53.325459, -120.132893 53.325442, -120.132888 53.325425, -120.132856 53.325426, -120.13282 53.325435, -120.13279 53.325433, -120.132758 53.325425, -120.132721 53.325427, -120.132685 53.325426, -120.132654 53.325439, -120.132631 53.325452, -120.132599 53.325464, -120.132587 53.325446, -120.132598 53.325428, -120.132593 53.325408, -120.132574 53.325391, -120.132565 53.325373, -120.132567 53.325354, -120.132531 53.325338, -120.132509 53.325322, -120.132496 53.3253, -120.132482 53.325281, -120.132465 53.325265, -120.132457 53.325244, -120.132422 53.325232, -120.132391 53.325232, -120.132367 53.325244, -120.132344 53.325232, -120.132348 53.325212, -120.132381 53.325208, -120.132405 53.325196, -120.132442 53.3252, -120.132482 53.325196, -120.132497 53.325215, -120.132532 53.325203, -120.132567 53.325207, -120.132603 53.325207, -120.132607 53.325189, -120.13262 53.325176, -120.132632 53.325178, -120.132645 53.325186, -120.132633 53.325179, -120.132635 53.325179, -120.132668 53.325189, -120.132699 53.32518, -120.132719 53.325157, -120.132735 53.32514, -120.132749 53.325119, -120.132777 53.32511, -120.132792 53.325094, -120.1328 53.325074, -120.132802 53.325049, -120.1328 53.32503, -120.132796 53.325013, -120.132795 53.325008, -120.132789 53.324989, -120.132786 53.324965, -120.132866 53.32494, -120.132141 53.32478, -120.132039 53.324768, -120.132025 53.324744, -120.131996 53.324736, -120.131991 53.324735, -120.131962 53.324729, -120.131955 53.324727, -120.131938 53.324724, -120.131927 53.324741, -120.131912 53.324725, -120.131909 53.324719, -120.131904 53.324713, -120.131907 53.32471, -120.131899 53.324705, -120.131897 53.324703, -120.1319 53.324698, -120.131912 53.324674, -120.131878 53.324667, -120.131866 53.32463, -120.131833 53.32463, -120.131818 53.324613, -120.131789 53.324622, -120.131756 53.324626, -120.131784 53.324607, -120.131804 53.324598, -120.131798 53.324578, -120.131769 53.324573, -120.131766 53.324593, -120.131728 53.324579, -120.131729 53.324576, -120.131732 53.324564, -120.131732 53.324562, -120.131732 53.324561, -120.131715 53.324545, -120.131699 53.324527, -120.131659 53.324515, -120.131663 53.324495, -120.131639 53.324482, -120.131596 53.324482, -120.131554 53.324482, -120.131521 53.324485, -120.131497 53.324497, -120.131474 53.32452, -120.131468 53.324537, -120.131469 53.324557, -120.131469 53.324577, -120.131454 53.324597, -120.131462 53.324617, -120.131481 53.324642, -120.131477 53.324659, -120.131468 53.324697, -120.131442 53.324713, -120.131426 53.324714, -120.131403 53.324725, -120.131388 53.324729, -120.131366 53.324734, -120.13134 53.324748, -120.131313 53.324732, -120.13128 53.324733, -120.131258 53.324753, -120.131255 53.324782, -120.131222 53.324793, -120.131216 53.324822, -120.131214 53.324849, -120.131187 53.324885, -120.131152 53.324888, -120.131117 53.324885, -120.13108 53.324901, -120.131041 53.324901, -120.131024 53.324882, -120.131015 53.324899, -120.13099 53.324913, -120.13097 53.324931, -120.130972 53.324951, -120.130967 53.324963, -120.130936 53.324964, -120.130905 53.32496, -120.130871 53.324957, -120.13087 53.324957, -120.130861 53.324956, -120.130872 53.324963, -120.130875 53.324975, -120.130841 53.324972, -120.130815 53.324984, -120.130789 53.324995, -120.130785 53.324997, -120.130756 53.325009, -120.130707 53.325005, -120.130676 53.325005, -120.130692 53.325022, -120.130722 53.325032, -120.130699 53.325053, -120.130688 53.325076, -120.130724 53.325083, -120.130723 53.325104, -120.130697 53.32509, -120.130682 53.325108, -120.13068 53.325127, -120.130692 53.325146, -120.130646 53.325124, -120.130612 53.325123, -120.130568 53.325118, -120.130572 53.325137, -120.130542 53.325161, -120.130511 53.325156, -120.130468 53.325154, -120.130431 53.325149, -120.130403 53.32514, -120.130373 53.325116, -120.130342 53.325097, -120.130317 53.325085, -120.130256 53.325091, -120.130268 53.325113, -120.13031 53.325098, -120.130285 53.325113, -120.130271 53.325131, -120.130261 53.325149, -120.130269 53.325168, -120.130283 53.325194, -120.130311 53.325215, -120.130332 53.325227, -120.130334 53.325228, -120.130302 53.325231, -120.130315 53.325251, -120.130279 53.325266, -120.130257 53.32528, -120.130233 53.325291, -120.130226 53.325312, -120.130215 53.325338, -120.130213 53.325357, -120.130202 53.325381, -120.130244 53.325388, -120.130278 53.325378, -120.130308 53.325388, -120.130344 53.325403, -120.130375 53.325387, -120.130374 53.325417, -120.130363 53.325436, -120.130334 53.325429, -120.130283 53.325418, -120.130297 53.325434, -120.130291 53.325461, -120.130299 53.325485, -120.130327 53.325503, -120.130338 53.325522, -120.130337 53.325532, -120.130337 53.325533, -120.130335 53.325551, -120.130342 53.325561, -120.13037 53.325557, -120.130346 53.325569, -120.130346 53.325568, -120.130322 53.32558, -120.130327 53.325564, -120.130325 53.325564, -120.130301 53.325587, -120.13027 53.325588, -120.130264 53.325614, -120.130298 53.325619, -120.130344 53.325632, -120.130346 53.32566, -120.130364 53.325675, -120.130409 53.325668, -120.130442 53.32566, -120.13043 53.325677, -120.130468 53.325682, -120.13047 53.325706, -120.130438 53.325694, -120.13043 53.325714, -120.130408 53.325738, -120.130393 53.32576, -120.13038 53.325751, -120.130376 53.325764, -120.130351 53.325778, -120.130342 53.325779, -120.130345 53.325786, -120.130327 53.325782, -120.130321 53.325783, -120.130322 53.325781, -120.130313 53.325779, -120.130273 53.325768, -120.130273 53.325769, -120.130244 53.325763, -120.130206 53.325769, -120.130189 53.325785, -120.130157 53.325792, -120.130156 53.325792, -120.130137 53.325785, -120.130127 53.325781, -120.130118 53.3258, -120.130082 53.325811, -120.130049 53.325806, -120.130036 53.325785, -120.130028 53.325782, -120.130009 53.325789, -120.129982 53.325803, -120.129954 53.325811, -120.129928 53.325827, -120.129903 53.325841, -120.129872 53.325839, -120.129823 53.325857, -120.129791 53.325849, -120.129759 53.325845, -120.129738 53.325829, -120.129675 53.325819, -120.129641 53.325811, -120.129608 53.32581, -120.129582 53.325797, -120.129575 53.325777, -120.129598 53.325763, -120.129598 53.325742, -120.129626 53.325734, -120.12965 53.325723, -120.12968 53.325725, -120.1297 53.325706, -120.129733 53.32572, -120.129749 53.325702, -120.129768 53.325685, -120.129786 53.32567, -120.129819 53.325649, -120.129791 53.325642, -120.129763 53.32563, -120.129736 53.325639, -120.129676 53.325629, -120.129673 53.325607, -120.129706 53.325592, -120.129733 53.325571, -120.129756 53.32555, -120.129776 53.325534, -120.129773 53.325504, -120.129768 53.325484, -120.129752 53.325457, -120.129776 53.325436, -120.129794 53.325418, -120.129827 53.325408, -120.129834 53.325407, -120.12982 53.32539, -120.129814 53.325381, -120.12981 53.325374, -120.129828 53.325372, -120.129861 53.325365, -120.129865 53.325356, -120.12987 53.325339, -120.129883 53.325309, -120.129903 53.325294, -120.129923 53.325279, -120.129948 53.325269, -120.129973 53.325258, -120.129984 53.325237, -120.130018 53.32524, -120.129996 53.325218, -120.129994 53.325198, -120.130025 53.325192, -120.130012 53.325171, -120.130017 53.325144, -120.130039 53.325158, -120.130064 53.325138, -120.130091 53.325123, -120.13009 53.325122, -120.130058 53.325113, -120.130024 53.325121, -120.130034 53.325099, -120.130026 53.325078, -120.130036 53.325061, -120.130036 53.32503, -120.130045 53.325017, -120.130048 53.325012, -120.130022 53.325001, -120.129989 53.324987, -120.129961 53.32498, -120.129934 53.324971, -120.129917 53.324949, -120.129926 53.324929, -120.1299 53.324919, -120.129929 53.324908, -120.129909 53.324889, -120.129883 53.324877, -120.129857 53.324864, -120.12984 53.324838, -120.129834 53.324818, -120.129798 53.32482, -120.129763 53.324823, -120.129735 53.324814, -120.129701 53.324806, -120.12966 53.3248, -120.129635 53.324788, -120.129643 53.32477, -120.129658 53.324751, -120.129664 53.324728, -120.129646 53.324712, -120.129631 53.324696, -120.12961 53.324678, -120.129575 53.324663, -120.129542 53.324649, -120.1295 53.324645, -120.129472 53.324639, -120.129479 53.324625, -120.129473 53.324603, -120.129473 53.32458, -120.129454 53.32456, -120.129434 53.324543, -120.129415 53.324525, -120.129395 53.32451, -120.129375 53.324495, -120.12935 53.324477, -120.129317 53.324472, -120.129275 53.324462, -120.129268 53.324461, -120.129237 53.324445, -120.129206 53.324429, -120.1292 53.32441, -120.129193 53.32439, -120.129187 53.324372, -120.129179 53.324345, -120.12916 53.32436, -120.129126 53.324374, -120.129105 53.32439, -120.129078 53.324405, -120.129065 53.324423, -120.129043 53.324399, -120.129038 53.324381, -120.129064 53.324363, -120.129093 53.324354, -120.129118 53.324344, -120.129092 53.32433, -120.129051 53.324321, -120.129021 53.324311, -120.128977 53.32428, -120.128967 53.324262, -120.128934 53.324256, -120.128903 53.324243, -120.128874 53.324227, -120.128845 53.32421, -120.128849 53.324191, -120.128832 53.324175, -120.128801 53.324173, -120.128787 53.324156, -120.128776 53.324131, -120.128743 53.324127, -120.128718 53.324116, -120.128733 53.324099, -120.128727 53.32409, -120.128735 53.324089, -120.12877 53.324075, -120.128803 53.324063, -120.128824 53.32405, -120.128848 53.324038, -120.128858 53.324015, -120.128867 53.323991, -120.128873 53.323968, -120.128898 53.323956, -120.128928 53.323938, -120.12891 53.323922, -120.128898 53.323904, -120.128895 53.323885, -120.128888 53.323865, -120.128874 53.323845, -120.128864 53.323825, -120.128835 53.323835, -120.128807 53.32382, -120.128785 53.323806, -120.128789 53.323788, -120.128759 53.323785, -120.128775 53.323768, -120.128762 53.323748, -120.128748 53.323729, -120.128729 53.323704, -120.128736 53.323686, -120.128721 53.323657, -120.128693 53.323644, -120.128669 53.323627, -120.12867 53.323606, -120.128639 53.323601, -120.128665 53.323586, -120.128656 53.323558, -120.128674 53.323542, -120.128693 53.32356, -120.128672 53.323538, -120.128685 53.32352, -120.128695 53.323497, -120.128707 53.323479, -120.128677 53.323483, -120.128649 53.323473, -120.128623 53.323462, -120.128603 53.323441, -120.128615 53.323416, -120.12866 53.323382, -120.128699 53.32337, -120.128722 53.32335, -120.128732 53.323347, -120.128772 53.323336, -120.128804 53.323329, -120.128802 53.323311, -120.128806 53.32329, -120.128805 53.323269, -120.12879 53.323247, -120.12879 53.323228, -120.128826 53.323228, -120.128826 53.323208, -120.128833 53.32319, -120.128866 53.323192, -120.128886 53.323172, -120.128876 53.323144, -120.128908 53.323123, -120.128915 53.323099, -120.128927 53.32308, -120.128959 53.323068, -120.128927 53.323075, -120.128893 53.323068, -120.128873 53.323047, -120.128863 53.323025, -120.128874 53.323006, -120.128904 53.322982, -120.128878 53.322972, -120.128896 53.322957, -120.128902 53.322933, -120.128901 53.322923, -120.128886 53.322924, -120.128889 53.322921, -120.128876 53.322904, -120.128857 53.322886, -120.128856 53.32288, -120.128853 53.322871, -120.128851 53.322862, -120.128856 53.322835, -120.12887 53.322816, -120.128861 53.322806, -120.128832 53.322784, -120.128801 53.322786, -120.128767 53.322793, -120.128735 53.322798, -120.128701 53.322777, -120.128727 53.32275, -120.128747 53.322729, -120.128768 53.322702, -120.128746 53.322685, -120.128773 53.322676, -120.128779 53.322646, -120.128745 53.322644, -120.128737 53.322628, -120.128802 53.32258, -120.128797 53.322562, -120.128765 53.322546, -120.12878 53.322529, -120.128776 53.322529, -120.128787 53.322523, -120.128805 53.322511, -120.128811 53.322507, -120.128831 53.32249, -120.128862 53.322482, -120.128893 53.322468, -120.128888 53.322466, -120.128909 53.322461, -120.128892 53.322438, -120.128866 53.322417, -120.12884 53.322405, -120.12881 53.322429, -120.12881 53.322407, -120.128821 53.322385, -120.128816 53.322366, -120.128833 53.322347, -120.128817 53.322331, -120.128787 53.322325, -120.12877 53.322307, -120.128815 53.322246, -120.128877 53.322188, -120.128917 53.322158, -120.128907 53.322129, -120.12895 53.322082, -120.128918 53.322087, -120.128898 53.322102, -120.128869 53.322109, -120.12885 53.322093, -120.128817 53.322095, -120.12877 53.322078, -120.128758 53.322055, -120.128729 53.322045, -120.128711 53.32203, -120.128718 53.322011, -120.128675 53.322007, -120.128647 53.321995, -120.128607 53.321983, -120.128612 53.321957, -120.128556 53.321968, -120.128526 53.321965, -120.128481 53.321945, -120.128461 53.321915, -120.128509 53.321915, -120.128542 53.321902, -120.128558 53.321922, -120.12859 53.321905, -120.128632 53.321903, -120.128665 53.321901, -120.128689 53.321886, -120.128716 53.321867, -120.128733 53.321846, -120.128786 53.321825, -120.128759 53.321834, -120.128733 53.321824, -120.128699 53.321808, -120.128677 53.321809, -120.128677 53.321806, -120.128642 53.3218, -120.128603 53.321796, -120.128593 53.321777, -120.128588 53.321753, -120.128552 53.32177, -120.128569 53.321747, -120.128546 53.321732, -120.128531 53.321755, -120.128529 53.321729, -120.12853 53.321708, -120.12852 53.321689, -120.128527 53.32167, -120.128505 53.321652, -120.128477 53.321619, -120.128461 53.321603, -120.12845 53.321583, -120.128421 53.321591, -120.128402 53.321607, -120.128371 53.321609, -120.128334 53.3216, -120.128297 53.321594, -120.128291 53.321574, -120.128275 53.321553, -120.128234 53.321548, -120.128203 53.321553, -120.128173 53.321549, -120.128152 53.321566, -120.12815 53.321544, -120.128136 53.321525, -120.128103 53.321516, -120.128072 53.321524, -120.128041 53.321533, -120.128015 53.321545, -120.128015 53.321557, -120.128017 53.321556, -120.128048 53.321556, -120.12805 53.32156, -120.128071 53.321564, -120.128061 53.321582, -120.128016 53.321572, -120.127967 53.32159, -120.127965 53.321571, -120.127987 53.321545, -120.128014 53.321528, -120.128002 53.321508, -120.128014 53.321481, -120.127977 53.321481, -120.127966 53.321463, -120.127934 53.321459, -120.127904 53.321461, -120.127902 53.321445, -120.127901 53.321433, -120.1279 53.321411, -120.127909 53.321393, -120.127947 53.32137, -120.127947 53.321368, -120.127957 53.321342, -120.127946 53.32136, -120.127949 53.321341, -120.127965 53.321313, -120.12798 53.321297, -120.127931 53.321311, -120.127901 53.321304, -120.127885 53.321287, -120.127854 53.321294, -120.127819 53.321279, -120.127813 53.32126, -120.127799 53.321242, -120.127796 53.321234, -120.12779 53.321215, -120.12775 53.32121, -120.127703 53.321218, -120.127665 53.321215, -120.127621 53.321219, -120.127585 53.321228, -120.127556 53.321216, -120.127571 53.321198, -120.12763 53.321178, -120.127648 53.32116, -120.127632 53.321141, -120.127629 53.321121, -120.127648 53.321103, -120.127649 53.321082, -120.127618 53.321087, -120.127581 53.321075, -120.127552 53.321061, -120.127526 53.321049, -120.127483 53.321046, -120.127449 53.32105, -120.127398 53.321061, -120.127381 53.321044, -120.127379 53.321039, -120.127379 53.321038, -120.127373 53.321021, -120.127346 53.321008, -120.127317 53.321, -120.127288 53.320988, -120.127248 53.320983, -120.127234 53.32096, -120.127247 53.320942, -120.127214 53.320928, -120.127188 53.320936, -120.127178 53.320915, -120.127191 53.320888, -120.127181 53.32087, -120.127164 53.320885, -120.127134 53.320879, -120.127093 53.320875, -120.127117 53.320854, -120.127122 53.320836, -120.12709 53.320828, -120.127085 53.320827, -120.127061 53.320812, -120.127042 53.320793, -120.12702 53.320778, -120.126989 53.320777, -120.126954 53.320767, -120.126911 53.320749, -120.126863 53.320731, -120.126818 53.32074, -120.126798 53.320755, -120.126772 53.320772, -120.126745 53.320786, -120.126732 53.320807, -120.126707 53.320818, -120.126683 53.32082, -120.126672 53.320821, -120.126659 53.320797, -120.126657 53.320819, -120.126649 53.320845, -120.126662 53.320861, -120.126664 53.32088, -120.126664 53.32088, -120.126672 53.320907, -120.126664 53.320934, -120.12663 53.320948, -120.12661 53.320973, -120.12655 53.320956, -120.126524 53.320932, -120.126499 53.320921, -120.126468 53.320915, -120.126442 53.3209, -120.126399 53.320896, -120.126372 53.320885, -120.126344 53.320871, -120.126316 53.320867, -120.126308 53.320865, -120.126281 53.320856, -120.126252 53.320844, -120.126213 53.320827, -120.126175 53.32081, -120.126138 53.320804, -120.12613 53.320805, -120.12583 53.320662, -120.125853 53.320654, -120.125868 53.320636, -120.125872 53.320614, -120.125868 53.320596, -120.125851 53.320577, -120.125842 53.320558, -120.125827 53.320537, -120.125836 53.320518, -120.12584 53.320498, -120.125827 53.320479, -120.125822 53.320462, -120.125812 53.320443, -120.125798 53.320421, -120.125799 53.320402, -120.125828 53.320389, -120.125857 53.320382, -120.125896 53.320376, -120.125926 53.320376, -120.125958 53.320362, -120.125954 53.320343, -120.125969 53.320327, -120.126003 53.320327, -120.126032 53.32032, -120.126064 53.320303, -120.126083 53.320285, -120.126073 53.320263, -120.126092 53.320249, -120.126123 53.320249, -120.126153 53.320254, -120.12619 53.320261, -120.126202 53.32028, -120.126222 53.320294, -120.126255 53.320297, -120.126292 53.320303, -120.12633 53.320294, -120.126365 53.32029, -120.126403 53.320287, -120.126438 53.320281, -120.126473 53.320282, -120.126501 53.320294, -120.126531 53.320294, -120.126561 53.320306, -120.126589 53.320313, -120.126622 53.320304, -120.126651 53.320299, -120.126687 53.32031, -120.126719 53.320313, -120.126746 53.320323, -120.126772 53.320336, -120.126802 53.320348, -120.12683 53.320346, -120.126832 53.320346, -120.126858 53.320335, -120.126873 53.320318, -120.126902 53.320322, -120.126932 53.320321, -120.12696 53.320329, -120.126988 53.320341, -120.127008 53.320359, -120.127007 53.320379, -120.127018 53.320398, -120.127052 53.320409, -120.12709 53.320416, -120.127121 53.32042, -120.127153 53.320421, -120.127186 53.320425, -120.127215 53.320431, -120.127236 53.320448, -120.127237 53.320468, -120.127244 53.320486, -120.12725 53.320508, -120.12724 53.320526, -120.127246 53.32055, -120.127241 53.320569, -120.127261 53.320584, -120.127291 53.320594, -120.12733 53.320608, -120.12736 53.320617, -120.12739 53.320626, -120.127415 53.320643, -120.127425 53.32066, -120.127439 53.320678, -120.127474 53.320687, -120.127506 53.320683, -120.127538 53.320678, -120.127572 53.320678, -120.127607 53.320677, -120.127638 53.320674, -120.127666 53.320667, -120.127702 53.320672, -120.127736 53.320672, -120.127761 53.320659, -120.127788 53.320652, -120.12781 53.320637, -120.127835 53.320619, -120.127854 53.320604, -120.127863 53.320585, -120.127882 53.320562, -120.12792 53.320554, -120.12795 53.320548, -120.127945 53.320529, -120.127968 53.320515, -120.127997 53.320507, -120.127997 53.320484, -120.128027 53.320475, -120.128058 53.320466, -120.128092 53.320462, -120.128122 53.320466, -120.128155 53.320473, -120.128189 53.320479, -120.128219 53.320479, -120.128244 53.320496, -120.128267 53.320509, -120.128298 53.320518, -120.128351 53.320542, -120.128382 53.320545, -120.128421 53.32054, -120.128451 53.320532, -120.128446 53.320513, -120.12845 53.320493, -120.128478 53.320478, -120.128508 53.320474, -120.12854 53.320464, -120.128551 53.320448, -120.128583 53.320443, -120.128619 53.320445, -120.128647 53.320434, -120.12868 53.320429, -120.128713 53.320433, -120.128734 53.320446, -120.12875 53.320463, -120.128775 53.320477, -120.128783 53.320499, -120.128797 53.32052, -120.128801 53.320539, -120.128829 53.320545, -120.128863 53.320546, -120.128892 53.320539, -120.128909 53.320522, -120.128938 53.320514, -120.12898 53.320515, -120.129023 53.320515, -120.129041 53.32053, -120.129071 53.320524, -120.129105 53.320525, -120.129141 53.320527, -120.129171 53.320522, -120.129201 53.320522, -120.129232 53.320514, -120.129259 53.3205, -120.129281 53.320487, -120.12931 53.320494, -120.12934 53.320509, -120.129379 53.320513, -120.129416 53.320513, -120.129454 53.320519, -120.129497 53.32052, -120.129537 53.320522, -120.129566 53.320518, -120.129599 53.32052, -120.129619 53.320506, -120.129644 53.320494, -120.129672 53.320484, -120.129707 53.320469, -120.129752 53.320461, -120.129783 53.320453, -120.129812 53.320441, -120.129844 53.32044, -120.129875 53.320435, -120.129907 53.320436, -120.129927 53.320421, -120.129942 53.320388, -120.129919 53.320374, -120.129887 53.320368, -120.12985 53.320364, -120.129826 53.320346, -120.129793 53.320341, -120.129738 53.32034, -120.12976 53.320309, -120.129761 53.320278, -120.129736 53.320262, -120.129726 53.320241, -120.129719 53.320217, -120.129717 53.320195, -120.129724 53.320171, -120.129718 53.320152, -120.129706 53.320131, -120.129709 53.320104, -120.129713 53.320084, -120.129715 53.320064, -120.129691 53.320046, -120.129672 53.320022, -120.129662 53.320003, -120.129645 53.319983, -120.129631 53.319967, -120.129622 53.319948, -120.129614 53.319926, -120.129599 53.319909, -120.129602 53.319886, -120.129613 53.319867, -120.129592 53.319853, -120.129591 53.319827, -120.129581 53.319809, -120.129571 53.319785, -120.129586 53.319769, -120.129606 53.319739, -120.129585 53.319721, -120.129547 53.319718, -120.129504 53.319722, -120.129484 53.319706, -120.129465 53.319692, -120.129443 53.319674, -120.129443 53.31965, -120.129411 53.319651, -120.129376 53.319657, -120.12935 53.319645, -120.129333 53.319623, -120.129313 53.319607, -120.129292 53.319588, -120.12929 53.319565, -120.129276 53.319544, -120.129242 53.319537, -120.129202 53.319536, -120.129168 53.319537, -120.129141 53.319525, -120.12912 53.319506, -120.129108 53.319489, -120.129095 53.319469, -120.129087 53.319449, -120.129077 53.319429, -120.129084 53.319411, -120.129102 53.319394, -120.129131 53.319382, -120.129145 53.319363, -120.129155 53.319342, -120.129158 53.319319, -120.129158 53.319293, -120.129136 53.319278, -120.129104 53.319278, -120.129105 53.319257, -120.129108 53.319229, -120.1291 53.319208, -120.129103 53.319189, -120.129113 53.319171, -120.129131 53.319156, -120.129165 53.319145, -120.12919 53.319131, -120.12921 53.319115, -120.12921 53.319095, -120.129236 53.319086, -120.129259 53.319071, -120.12928 53.319052, -120.129302 53.319034, -120.129324 53.31902, -120.129339 53.319003, -120.129336 53.318982, -120.129322 53.318965, -120.129295 53.318975, -120.129277 53.318954, -120.129249 53.318939, -120.12922 53.318921, -120.129188 53.31892, -120.129158 53.318918, -120.12913 53.318908, -120.129116 53.318892, -120.129084 53.318882, -120.129065 53.318866, -120.12904 53.318856, -120.129007 53.318864, -120.128979 53.318876, -120.128952 53.318866, -120.128975 53.318821, -120.128948 53.31881, -120.128916 53.318799, -120.128929 53.318782, -120.128915 53.318765, -120.128939 53.31875, -120.128953 53.318729, -120.128951 53.318708, -120.128966 53.318688, -120.128946 53.318673, -120.128907 53.318672, -120.128874 53.318658, -120.12885 53.318645, -120.128834 53.318629, -120.128814 53.318609, -120.128786 53.318598, -120.128766 53.318582, -120.128729 53.318565, -120.12871 53.31855, -120.128677 53.318549, -120.128637 53.318558, -120.128599 53.318548, -120.128566 53.318547, -120.128522 53.318545, -120.128487 53.318534, -120.128456 53.318525, -120.128433 53.318512, -120.1284 53.318498, -120.128378 53.318484, -120.128346 53.31847, -120.12833 53.318449, -120.128302 53.318441, -120.128278 53.318426, -120.128272 53.318407, -120.128282 53.318385, -120.128256 53.318353, -120.128236 53.318337, -120.128223 53.318317, -120.128188 53.3183, -120.128155 53.318293, -120.128117 53.318283, -120.128084 53.318275, -120.128054 53.318265, -120.128024 53.318264, -120.128009 53.318246, -120.127957 53.318225, -120.127942 53.318207, -120.127909 53.318196, -120.127855 53.318207, -120.127824 53.318208, -120.127792 53.318201, -120.127781 53.318178, -120.12775 53.318171, -120.127738 53.318154, -120.127705 53.318152, -120.127704 53.318133, -120.127681 53.318116, -120.127649 53.318125, -120.127612 53.318127, -120.12759 53.318114, -120.127566 53.318097, -120.127544 53.318082, -120.127526 53.31806, -120.127515 53.318038, -120.127489 53.318021, -120.127466 53.318007, -120.127418 53.31799, -120.127423 53.317971, -120.127406 53.31795, -120.127377 53.317944, -120.127348 53.317928, -120.127328 53.317906, -120.127295 53.317901, -120.127281 53.317884, -120.127263 53.317867, -120.127246 53.317848, -120.127207 53.317839, -120.127173 53.317829, -120.127144 53.317819, -120.127112 53.317819, -120.127079 53.317818, -120.127046 53.317815, -120.127004 53.31781, -120.126986 53.317794, -120.126939 53.317788, -120.126903 53.317785, -120.126876 53.317766, -120.12686 53.31775, -120.126849 53.31773, -120.126833 53.317711, -120.126829 53.317682, -120.126832 53.317658, -120.126801 53.317647, -120.126782 53.317633, -120.126756 53.317621, -120.12674 53.317604, -120.12673 53.317584, -120.126743 53.317565, -120.126736 53.317543, -120.126709 53.317534, -120.126675 53.317527, -120.126634 53.317518, -120.126604 53.317505, -120.126584 53.31749, -120.126564 53.317476, -120.126536 53.317467, -120.12651 53.317457, -120.126478 53.317442, -120.12646 53.317424, -120.126431 53.317414, -120.126395 53.317405, -120.126362 53.317398, -120.126336 53.317388, -120.126326 53.31737, -120.126321 53.317352, -120.126291 53.317347, -120.126256 53.317344, -120.12621 53.31735, -120.126178 53.317352, -120.126159 53.317334, -120.126147 53.317316, -120.126119 53.317309, -120.126088 53.317307, -120.126056 53.317296, -120.12602 53.317292, -120.125988 53.317279, -120.125969 53.317264, -120.125937 53.317262, -120.125908 53.317251, -120.12588 53.317239, -120.125849 53.31723, -120.125816 53.317227, -120.12579 53.317214, -120.125778 53.317195, -120.125765 53.317171, -120.125745 53.317155, -120.125712 53.317143, -120.125682 53.317135, -120.125656 53.317121, -120.125626 53.317114, -120.125605 53.317094, -120.125593 53.317075, -120.125653 53.317056, -120.125654 53.317035, -120.125628 53.317024, -120.12561 53.317008, -120.125588 53.316988, -120.125576 53.316967, -120.12556 53.316951, -120.125531 53.316958, -120.125503 53.316948, -120.125471 53.316941, -120.125456 53.316924, -120.125448 53.316904, -120.125432 53.316883, -120.125424 53.31686, -120.12539 53.316844, -120.125382 53.316825, -120.125374 53.316806, -120.125389 53.316788, -120.125406 53.316772, -120.125412 53.31675, -120.1254 53.316731, -120.12538 53.316711, -120.125383 53.316691, -120.125356 53.316681, -120.12533 53.316666, -120.125308 53.316653, -120.125291 53.316635, -120.125268 53.316622, -120.125237 53.316615, -120.125199 53.316609, -120.125204 53.316589, -120.125213 53.316568, -120.125211 53.316547, -120.125191 53.31653, -120.125196 53.316509, -120.12519 53.316487, -120.125164 53.316473, -120.125144 53.316457, -120.125137 53.316434, -120.125121 53.316415, -120.12509 53.316408, -120.125065 53.316396, -120.125039 53.316384, -120.125017 53.316363, -120.124997 53.31635, -120.124972 53.316335, -120.124992 53.316321, -120.125008 53.316305, -120.125012 53.316287, -120.125042 53.316279, -120.125071 53.316271, -120.125085 53.316253, -120.125102 53.316237, -120.125122 53.316217, -120.125106 53.3162, -120.125089 53.316185, -120.125087 53.316163, -120.125102 53.316147, -120.12509 53.316125, -120.125079 53.316106, -120.125062 53.316082, -120.125045 53.316067, -120.125041 53.316045, -120.125002 53.31604, -120.124972 53.316033, -120.124935 53.316026, -120.1249 53.316025, -120.125048 53.315607, -120.124813 53.315372, -120.124754 53.315057, -120.124795 53.314842, -120.125013 53.314618, -120.125275 53.314388, -120.125554 53.314176, -120.125583 53.313943, -120.125455 53.313691, -120.12525 53.313479, -120.125204 53.313513, -120.125185 53.313538, -120.125163 53.313559, -120.125163 53.313579, -120.125166 53.3136, -120.125176 53.313618, -120.125171 53.313637, -120.125159 53.313667, -120.125145 53.313686, -120.125105 53.313693, -120.125097 53.313708, -120.125117 53.313714, -120.125141 53.313739, -120.125177 53.313757, -120.125197 53.313776, -120.125214 53.313775, -120.12521 53.313786, -120.125202 53.313815, -120.125227 53.313838, -120.125259 53.313854, -120.125189 53.313944, -120.125179 53.313967, -120.125208 53.313987, -120.125175 53.313985, -120.125134 53.314, -120.125157 53.314017, -120.125202 53.314011, -120.12523 53.313996, -120.125249 53.314019, -120.125283 53.314015, -120.125302 53.313998, -120.125306 53.314026, -120.125333 53.314041, -120.1253 53.314083, -120.125298 53.314102, -120.125283 53.314085, -120.125279 53.314104, -120.125234 53.314138, -120.125211 53.314121, -120.125206 53.314145, -120.125182 53.314175, -120.125157 53.314162, -120.125132 53.314142, -120.125095 53.314103, -120.12509 53.314126, -120.125091 53.314171, -120.125092 53.314202, -120.125089 53.314229, -120.125077 53.314293, -120.125073 53.314324, -120.125035 53.314334, -120.124989 53.314353, -120.124934 53.314379, -120.124915 53.314387, -120.124885 53.314421, -120.124901 53.314399, -120.124917 53.314365, -120.124903 53.314342, -120.124915 53.314205, -120.124889 53.314178, -120.12485 53.314177, -120.124857 53.314203, -120.12483 53.314213, -120.124824 53.314212, -120.124787 53.314205, -120.124792 53.314228, -120.124763 53.314212, -120.124742 53.314225, -120.124747 53.314255, -120.124751 53.314289, -120.124746 53.314318, -120.124745 53.314323, -120.124738 53.314306, -120.124724 53.314334, -120.124698 53.314317, -120.124683 53.314329, -120.124676 53.314334, -120.124667 53.314333, -120.124667 53.314333, -120.124654 53.314337, -120.124649 53.31433, -120.124649 53.314329, -120.124627 53.314325, -120.124614 53.314297, -120.124587 53.314309, -120.124566 53.314328, -120.124592 53.314337, -120.124599 53.314317, -120.124607 53.314337, -120.124636 53.314337, -120.124668 53.314354, -120.124667 53.314361, -120.124647 53.314393, -120.124613 53.314396, -120.124604 53.314375, -120.124581 53.314387, -120.124543 53.314401, -120.124512 53.314415, -120.124547 53.314413, -120.124576 53.31443, -120.124558 53.314463, -120.124562 53.314482, -120.12455 53.314502, -120.124527 53.314514, -120.124466 53.314523, -120.124469 53.314496, -120.124434 53.314519, -120.124414 53.314509, -120.124378 53.314514, -120.124371 53.314519, -120.124357 53.314527, -120.124354 53.314529, -120.12432 53.314526, -120.124319 53.314549, -120.124295 53.314535, -120.124282 53.314569, -120.124313 53.314582, -120.1243 53.314599, -120.124297 53.314619, -120.124275 53.314634, -120.124265 53.314661, -120.124241 53.314681, -120.124206 53.314671, -120.124054 53.314595, -120.124073 53.314611, -120.124066 53.314628, -120.124096 53.314644, -120.12409 53.314664, -120.1241 53.31469, -120.124087 53.314706, -120.124092 53.314728, -120.124091 53.314747, -120.12406 53.314767, -120.124062 53.314785, -120.124107 53.314791, -120.124076 53.314803, -120.124039 53.314814, -120.123993 53.314822, -120.12398 53.314839, -120.123963 53.314856, -120.123951 53.314873, -120.123931 53.314894, -120.123896 53.314906, -120.123877 53.314925, -120.123834 53.314942, -120.123867 53.314952, -120.123871 53.314971, -120.123857 53.314995, -120.123829 53.315013, -120.123812 53.315028, -120.123777 53.315024, -120.123736 53.315042, -120.123737 53.31502, -120.123706 53.31503, -120.1237 53.314998, -120.123669 53.315, -120.123642 53.315016, -120.123622 53.315036, -120.123585 53.31505, -120.123557 53.315072, -120.123524 53.315075, -120.123561 53.315083, -120.123573 53.315066, -120.123638 53.315085, -120.123616 53.315101, -120.123581 53.315116, -120.123588 53.315137, -120.1236 53.315144, -120.123587 53.315146, -120.123547 53.315162, -120.123557 53.315129, -120.123528 53.315123, -120.123505 53.315141, -120.123464 53.315144, -120.123446 53.315126, -120.123417 53.315115, -120.123399 53.315135, -120.123378 53.315156, -120.123357 53.315137, -120.12332 53.315128, -120.123288 53.315121, -120.123275 53.315138, -120.123282 53.315159, -120.123261 53.315171, -120.123257 53.315173, -120.123244 53.315181, -120.123214 53.315193, -120.123189 53.315221, -120.123161 53.315232, -120.123167 53.315212, -120.12311 53.315223, -120.123064 53.315229, -120.12305 53.31521, -120.123002 53.315282, -120.122992 53.315264, -120.122986 53.315213, -120.122949 53.315215, -120.122921 53.315205, -120.122894 53.315214, -120.122917 53.315187, -120.122895 53.315201, -120.122905 53.315181, -120.122878 53.315169, -120.122857 53.315155, -120.12284 53.315132, -120.122839 53.315153, -120.122807 53.315187, -120.122797 53.315214, -120.122795 53.315214, -120.122753 53.315223, -120.122727 53.315241, -120.122701 53.315256, -120.122677 53.315279, -120.122696 53.315261, -120.122667 53.315266, -120.122626 53.315267, -120.122594 53.31527, -120.122563 53.315265, -120.122534 53.31525, -120.122512 53.315237, -120.122479 53.315223, -120.122491 53.315203, -120.122493 53.315183, -120.122453 53.315184, -120.122431 53.315208, -120.122399 53.315222, -120.122394 53.315248, -120.122357 53.315254, -120.122329 53.315266, -120.122304 53.315283, -120.12227 53.315284, -120.122247 53.315298, -120.122213 53.3153, -120.12223 53.315319, -120.122214 53.315337, -120.12218 53.315341, -120.122142 53.315352, -120.12212 53.315369, -120.122097 53.315377, -120.122058 53.315389, -120.122027 53.315394, -120.122022 53.315375, -120.12199 53.315395, -120.12196 53.315391, -120.121927 53.315403, -120.121896 53.315414, -120.121887 53.315436, -120.121881 53.315458, -120.121873 53.315479, -120.121862 53.315506, -120.12188 53.315522, -120.121894 53.315542, -120.121848 53.315581, -120.121826 53.315602, -120.121814 53.315584, -120.121787 53.315563, -120.121758 53.315548, -120.121737 53.315534, -120.121726 53.315553, -120.121705 53.315566, -120.121676 53.315559, -120.121659 53.315544, -120.121641 53.31556, -120.121628 53.31558, -120.121571 53.315551, -120.121539 53.315538, -120.121535 53.315544, -120.12152 53.315563, -120.121505 53.31558, -120.121503 53.315599, -120.121495 53.315616, -120.121476 53.315642, -120.121465 53.315662, -120.121447 53.315683, -120.121435 53.3157, -120.121418 53.315727, -120.121395 53.315714, -120.121354 53.31571, -120.121356 53.315686, -120.121333 53.315699, -120.121317 53.315679, -120.121301 53.31566, -120.121271 53.31567, -120.121247 53.315656, -120.121217 53.31566, -120.12119 53.31565, -120.121159 53.315659, -120.121125 53.315668, -120.12109 53.315672, -120.121049 53.315676, -120.121045 53.315676, -120.121062 53.315668, -120.120985 53.315648, -120.120911 53.315646, -120.120852 53.315656, -120.120826 53.315657, -120.120793 53.315662, -120.120778 53.315681, -120.12073 53.315691, -120.120696 53.315684, -120.120661 53.315685, -120.120623 53.31569, -120.120662 53.315706, -120.120743 53.315769, -120.120712 53.315763, -120.120677 53.315759, -120.12066 53.31574, -120.120618 53.315746, -120.120581 53.315747, -120.120549 53.315746, -120.12051 53.315741, -120.120492 53.315726, -120.120467 53.315715, -120.120455 53.315698, -120.120417 53.315691, -120.120382 53.315693, -120.120347 53.315699, -120.120312 53.315691, -120.12028 53.31569, -120.120258 53.315677, -120.120222 53.315666, -120.120184 53.315662, -120.120155 53.315654, -120.120134 53.31564, -120.120095 53.315634, -120.12007 53.315617, -120.120038 53.3156, -120.120013 53.315588, -120.120002 53.31559, -120.119985 53.31561, -120.119958 53.315623, -120.119923 53.315631, -120.119886 53.315627, -120.119859 53.315612, -120.119837 53.3156, -120.119805 53.3156, -120.119781 53.315586, -120.119751 53.315605, -120.119783 53.315598, -120.119766 53.315616, -120.119804 53.31562, -120.119804 53.315643, -120.119772 53.315634, -120.119771 53.315635, -120.11977 53.315625, -120.119741 53.315643, -120.119727 53.31564, -120.119704 53.315636, -120.119674 53.315624, -120.119657 53.315607, -120.119618 53.315609, -120.119588 53.315614, -120.119551 53.315616, -120.119515 53.315621, -120.119473 53.315632, -120.119442 53.315636, -120.119407 53.315645, -120.119377 53.315661, -120.119336 53.315666, -120.119351 53.315687, -120.119321 53.315709, -120.119295 53.31572, -120.119262 53.315716, -120.11923 53.315716, -120.119194 53.315716, -120.119159 53.31572, -120.119172 53.315739, -120.119158 53.315761, -120.119125 53.315784, -120.119112 53.315801, -120.119086 53.315818, -120.119074 53.315839, -120.119044 53.315857, -120.119008 53.315871, -120.118974 53.315877, -120.118933 53.315892, -120.118927 53.315915, -120.118909 53.315932, -120.118907 53.315954, -120.118905 53.315976, -120.118911 53.315994, -120.118907 53.316021, -120.118925 53.316036, -120.118907 53.31606, -120.118874 53.316072, -120.118856 53.316092, -120.118845 53.31611, -120.118815 53.316124, -120.118782 53.316136, -120.118803 53.31615, -120.118813 53.316158, -120.118807 53.31616, -120.118791 53.316163, -120.118772 53.316166, -120.118737 53.316159, -120.118712 53.316144, -120.118672 53.31615, -120.118689 53.316169, -120.118688 53.316189, -120.118664 53.316208, -120.118636 53.316224, -120.118614 53.316245, -120.118583 53.316243, -120.11855 53.316254, -120.11852 53.316261, -120.118491 53.316268, -120.118465 53.316278, -120.118471 53.316297, -120.118489 53.316316, -120.118463 53.316326, -120.118524 53.316307, -120.118556 53.316307, -120.118525 53.316321, -120.118479 53.316343, -120.118435 53.316354, -120.118394 53.316357, -120.118364 53.316344, -120.11832 53.316352, -120.118309 53.316372, -120.118295 53.316388, -120.118295 53.316408, -120.118283 53.316425, -120.118282 53.316426, -120.11831 53.316425, -120.118286 53.316437, -120.118273 53.316462, -120.118238 53.316523, -120.118242 53.316545, -120.118233 53.316562, -120.118214 53.316583, -120.118198 53.316602, -120.118171 53.316612, -120.118137 53.316618, -120.118107 53.316629, -120.118076 53.316623, -120.118052 53.316636, -120.118015 53.316641, -120.117987 53.316659, -120.117993 53.316682, -120.118022 53.316689, -120.118013 53.316708, -120.118024 53.316719, -120.117992 53.316723, -120.117964 53.316739, -120.117908 53.316732, -120.117879 53.31672, -120.117859 53.31673, -120.117846 53.316736, -120.117813 53.316726, -120.117779 53.316728, -120.117757 53.316745, -120.117721 53.316752, -120.117713 53.316732, -120.117688 53.316743, -120.117686 53.316764, -120.117668 53.316781, -120.117637 53.316777, -120.117613 53.316794, -120.117591 53.316811, -120.117576 53.316827, -120.117552 53.316841, -120.117516 53.316844, -120.117482 53.316849, -120.117458 53.316861, -120.117416 53.316865, -120.117412 53.316865, -120.117397 53.316875, -120.117379 53.316893, -120.117359 53.31691, -120.117341 53.316927, -120.11733 53.316933, -120.117318 53.31694, -120.117288 53.316936, -120.11725 53.316953, -120.117217 53.316945, -120.117209 53.316964, -120.11719 53.316981, -120.117156 53.317006, -120.117126 53.316997, -120.117095 53.316998, -120.11706 53.317007, -120.117029 53.317012, -120.116986 53.317004, -120.116952 53.317016, -120.116926 53.317027, -120.116892 53.31703, -120.116862 53.317035, -120.116888 53.317044, -120.116894 53.317067, -120.116862 53.317069, -120.116838 53.317084, -120.116841 53.317106, -120.116839 53.317125, -120.116843 53.317145, -120.116838 53.317168, -120.11685 53.317186, -120.116834 53.317205, -120.116807 53.317222, -120.116776 53.317238, -120.116748 53.317265, -120.116726 53.317277, -120.116705 53.317293, -120.116674 53.31731, -120.116658 53.317328, -120.116628 53.317331, -120.116592 53.317342, -120.116591 53.317343, -120.116585 53.317342, -120.116588 53.317344, -120.116556 53.317361, -120.116537 53.31738, -120.11656 53.317392, -120.116587 53.317376, -120.116597 53.317371, -120.11658 53.317391, -120.116549 53.317405, -120.116569 53.317429, -120.116534 53.317437, -120.116499 53.31746, -120.116466 53.31748, -120.116431 53.317488, -120.116416 53.317504, -120.116409 53.31753, -120.116388 53.317551, -120.116361 53.317561, -120.11635 53.317583, -120.116352 53.317606, -120.11635 53.317625, -120.116349 53.317628, -120.116348 53.317658, -120.116349 53.31769, -120.116335 53.317712, -120.116336 53.317733, -120.116326 53.317751, -120.116319 53.317776, -120.116297 53.317758, -120.116266 53.317758, -120.116247 53.317777, -120.116246 53.317799, -120.116216 53.317795, -120.116195 53.317811, -120.116195 53.317832, -120.116174 53.317849, -120.116157 53.317865, -120.116166 53.317887, -120.116154 53.317913, -120.116143 53.317934, -120.116132 53.317956, -120.116141 53.317974, -120.116135 53.317992, -120.116118 53.318009, -120.116106 53.318026, -120.11611 53.318046, -120.116112 53.31807, -120.116098 53.318089, -120.116057 53.318106, -120.116048 53.318125, -120.116022 53.318135, -120.116021 53.318162, -120.115994 53.318182, -120.116013 53.3182, -120.116014 53.318221, -120.11602 53.318244, -120.115997 53.318265, -120.116002 53.318288, -120.115989 53.318307, -120.116003 53.318328, -120.115973 53.318334, -120.115974 53.318366, -120.115948 53.318384, -120.115933 53.318403, -120.115871 53.318421, -120.115863 53.318397, -120.115831 53.31843, -120.115776 53.318456, -120.115804 53.318474, -120.115776 53.318489, -120.115751 53.318478, -120.115717 53.318484, -120.115735 53.318455, -120.115694 53.318468, -120.115685 53.31848, -120.115711 53.318492, -120.115697 53.318513, -120.115671 53.318537, -120.115655 53.318559, -120.115633 53.318574, -120.115606 53.318594, -120.115586 53.318608, -120.11556 53.318598, -120.11558 53.318616, -120.115551 53.318623, -120.115537 53.318604, -120.115532 53.318606, -120.115503 53.318616, -120.115463 53.318609, -120.115483 53.318622, -120.115461 53.318644, -120.11539 53.318677, -120.115396 53.318654, -120.115381 53.318661, -120.115335 53.318694, -120.115318 53.318685, -120.115284 53.318694, -120.115322 53.3187, -120.115247 53.318737, -120.115163 53.318757, -120.11509 53.318793, -120.115085 53.318787, -120.115091 53.318751, -120.115055 53.318769, -120.115006 53.318776, -120.11504 53.318796, -120.115021 53.318813, -120.115002 53.318824, -120.114964 53.318841, -120.114952 53.318858, -120.114912 53.318865, -120.114894 53.318881, -120.11486 53.318858, -120.114847 53.318882, -120.11482 53.318897, -120.114808 53.318925, -120.1148 53.318921, -120.114791 53.318942, -120.114744 53.318982, -120.114728 53.318956, -120.114705 53.318977, -120.114667 53.318973, -120.114671 53.318955, -120.114637 53.318976, -120.114653 53.318994, -120.114622 53.318994, -120.114593 53.319011, -120.114592 53.318967, -120.114583 53.318938, -120.11456 53.318926, -120.114534 53.318915, -120.114506 53.318903, -120.114536 53.318899, -120.114556 53.31887, -120.114501 53.318868, -120.114473 53.318859, -120.11444 53.318855, -120.114487 53.318821, -120.114392 53.318823, -120.114377 53.318804, -120.114399 53.318779, -120.114331 53.318829, -120.114287 53.318767, -120.1143 53.318801, -120.114237 53.318849, -120.114217 53.318869, -120.114216 53.318889, -120.114219 53.318912, -120.11422 53.318918, -120.114207 53.318934, -120.114197 53.318953, -120.114172 53.318975, -120.114186 53.318953, -120.114167 53.318938, -120.114143 53.318926, -120.114149 53.318902, -120.114136 53.318885, -120.114137 53.318904, -120.114115 53.318946, -120.114115 53.318969, -120.114097 53.318985, -120.114069 53.318971, -120.114039 53.318959, -120.114049 53.318979, -120.114029 53.318993, -120.114027 53.318995, -120.113985 53.319002, -120.113947 53.319037, -120.113944 53.319039, -120.113922 53.31905, -120.113889 53.319041, -120.113866 53.319056, -120.113838 53.319072, -120.113813 53.319095, -120.113788 53.319113, -120.113765 53.319126, -120.113774 53.319107, -120.113755 53.319124, -120.113748 53.319147, -120.113718 53.319121, -120.113682 53.319141, -120.11366 53.319155, -120.113651 53.319174, -120.113643 53.319196, -120.113607 53.319201, -120.113606 53.31917, -120.113558 53.319165, -120.113504 53.319219, -120.113498 53.319229, -120.113488 53.319226, -120.113474 53.319242, -120.11344 53.319265, -120.113452 53.319278, -120.113442 53.319284, -120.113409 53.319298, -120.113384 53.319281, -120.11335 53.319291, -120.113364 53.31931, -120.113336 53.319336, -120.113344 53.319356, -120.113308 53.319361, -120.11324 53.319381, -120.113213 53.319391, -120.113248 53.319384, -120.11328 53.319377, -120.113258 53.31939, -120.113238 53.319407, -120.113222 53.319425, -120.113178 53.319445, -120.113148 53.319439, -120.113132 53.319455, -120.113128 53.319477, -120.113153 53.319494, -120.113132 53.319512, -120.113109 53.319525, -120.113098 53.319508, -120.113014 53.319459, -120.113013 53.319439, -120.112985 53.319419, -120.112976 53.319439, -120.112966 53.319456, -120.112989 53.319469, -120.113003 53.319499, -120.113022 53.319521, -120.113032 53.319543, -120.113034 53.319565, -120.113042 53.319584, -120.113027 53.319601, -120.11302 53.31962, -120.11302 53.319645, -120.11302 53.319665, -120.112993 53.319687, -120.11299 53.319707, -120.11299 53.319726, -120.112976 53.319742, -120.112943 53.319756, -120.112922 53.31977, -120.112926 53.319788, -120.112933 53.319809, -120.112894 53.319801, -120.112883 53.319784, -120.112841 53.319779, -120.112834 53.31979, -120.112834 53.319792, -120.112829 53.319799, -120.112791 53.319795, -120.112758 53.319795, -120.112735 53.31982, -120.112716 53.319848, -120.112694 53.31983, -120.112682 53.31985, -120.112659 53.319862, -120.112623 53.319857, -120.112622 53.319861, -120.112583 53.319864, -120.112601 53.319879, -120.112593 53.319896, -120.112566 53.319884, -120.112537 53.319871, -120.112516 53.319856, -120.11251 53.319877, -120.112478 53.319886, -120.112436 53.319902, -120.112423 53.31992, -120.112393 53.319924, -120.112377 53.319943, -120.112384 53.319964, -120.112352 53.319985, -120.112318 53.319979, -120.112285 53.319987, -120.112318 53.319998, -120.112303 53.320015, -120.112269 53.320016, -120.112253 53.320033, -120.112254 53.320063, -120.112182 53.320048, -120.112091 53.320105, -120.112117 53.320155, -120.112096 53.320183, -120.112057 53.320166, -120.111993 53.320187, -120.111998 53.320213, -120.111974 53.320222, -120.111944 53.320233, -120.111917 53.320245, -120.111929 53.320263, -120.111903 53.320271, -120.111856 53.320258, -120.111812 53.320257, -120.111783 53.320241, -120.111753 53.320251, -120.11173 53.320272, -120.111733 53.320291, -120.111704 53.320296, -120.111665 53.320295, -120.11163 53.320296, -120.11166 53.320302, -120.111626 53.320301, -120.111592 53.320304, -120.111613 53.320289, -120.111578 53.320283, -120.111543 53.320287, -120.111513 53.320286, -120.111484 53.320275, -120.111459 53.320288, -120.111469 53.32027, -120.111439 53.320259, -120.111408 53.320255, -120.111368 53.320249, -120.11134 53.32024, -120.111289 53.320238, -120.111254 53.320225, -120.111244 53.320243, -120.111275 53.320246, -120.111243 53.320246, -120.111228 53.32023, -120.111201 53.320216, -120.111197 53.320194, -120.111172 53.320171, -120.111152 53.320156, -120.111161 53.320137, -120.111128 53.32013, -120.111095 53.320118, -120.111083 53.320136, -120.111042 53.320126, -120.111006 53.32013, -120.111007 53.320107, -120.110993 53.32009, -120.110973 53.320073, -120.110946 53.320054, -120.110916 53.320038, -120.110886 53.320042, -120.110852 53.320045, -120.110835 53.320029, -120.11085 53.32, -120.110835 53.319992, -120.110811 53.319981, -120.11078 53.319981, -120.110751 53.319965, -120.110728 53.319979, -120.110698 53.31997, -120.110663 53.319961, -120.110639 53.319947, -120.110611 53.319934, -120.110605 53.319916, -120.110605 53.319893, -120.110632 53.319878, -120.110646 53.319858, -120.110607 53.319843, -120.110568 53.319846, -120.110548 53.319827, -120.110523 53.319809, -120.110533 53.319795, -120.110536 53.319791, -120.110513 53.31977, -120.11049 53.319755, -120.11047 53.319753, -120.110461 53.319752, -120.110424 53.319756, -120.110395 53.319764, -120.110364 53.319777, -120.110335 53.319764, -120.11031 53.319752, -120.110277 53.319748, -120.110277 53.319726, -120.110241 53.319721, -120.110215 53.319709, -120.110237 53.319695, -120.110259 53.319674, -120.110261 53.31965, -120.110251 53.319618, -120.110259 53.319611, -120.11027 53.319601, -120.11025 53.319586, -120.110255 53.319561, -120.110235 53.31954, -120.110232 53.319518, -120.110216 53.319499, -120.110185 53.319489, -120.110154 53.31949, -120.110125 53.31948, -120.110087 53.319463, -120.110062 53.319451, -120.110044 53.319431, -120.11003 53.319406, -120.110024 53.319386, -120.109992 53.319387, -120.109953 53.319378, -120.109923 53.319371, -120.109956 53.319367, -120.109971 53.31935, -120.109961 53.319327, -120.109923 53.319316, -120.109891 53.319303, -120.109873 53.319289, -120.109868 53.319284, -120.109829 53.319276, -120.109795 53.319276, -120.109781 53.319276, -120.109753 53.319265, -120.10972 53.319261, -120.109688 53.319253, -120.109658 53.319246, -120.109672 53.319224, -120.109694 53.319207, -120.109704 53.3192, -120.10972 53.319188, -120.109701 53.319163, -120.109664 53.319143, -120.109637 53.319132, -120.109635 53.319109, -120.109605 53.319096, -120.10958 53.319074, -120.109574 53.319051, -120.109535 53.319044, -120.109532 53.319025, -120.10953 53.318995, -120.109489 53.318989, -120.10948 53.318971, -120.109458 53.318952, -120.109429 53.318945, -120.109416 53.318924, -120.109395 53.318911, -120.109381 53.318895, -120.10938 53.318855, -120.109289 53.318775, -120.10929 53.318802, -120.109275 53.318785, -120.109236 53.318787, -120.109207 53.318779, -120.109204 53.318779, -120.10918 53.318762, -120.109155 53.318751, -120.109097 53.318748, -120.109063 53.318736, -120.109072 53.318713, -120.109054 53.318693, -120.109047 53.318675, -120.109019 53.318654, -120.108991 53.318641, -120.108958 53.318633, -120.108939 53.318618, -120.108904 53.318613, -120.108881 53.3186, -120.108877 53.318618, -120.108848 53.318608, -120.108823 53.31859, -120.108817 53.318571, -120.108808 53.318553, -120.108815 53.318532, -120.108782 53.318522, -120.108764 53.318504, -120.108758 53.318483, -120.108732 53.318468, -120.108707 53.318453, -120.108743 53.318459, -120.108765 53.318441, -120.108765 53.318421, -120.108736 53.318401, -120.10872 53.318384, -120.108692 53.318371, -120.108665 53.318354, -120.108647 53.318332, -120.108644 53.31831, -120.108631 53.318288, -120.108609 53.318276, -120.108609 53.318251, -120.108576 53.31824, -120.108589 53.31823, -120.108573 53.318217, -120.108547 53.318221, -120.108547 53.318202, -120.108511 53.31819, -120.108455 53.318173, -120.108476 53.318156, -120.108449 53.318174, -120.108461 53.31819, -120.108443 53.318208, -120.108412 53.318209, -120.108391 53.318229, -120.108377 53.318247, -120.108351 53.318236, -120.108356 53.318258, -120.108371 53.318276, -120.108336 53.318278, -120.108324 53.318296, -120.108323 53.318314, -120.108322 53.318336, -120.108356 53.318342, -120.108347 53.318368, -120.108312 53.318361, -120.108274 53.318359, -120.108259 53.31834, -120.108202 53.318279, -120.108183 53.318263, -120.108157 53.318241, -120.10812 53.318217, -120.108105 53.3182, -120.108141 53.318163, -120.108129 53.318148, -120.108108 53.318148, -120.108081 53.318135, -120.108058 53.318121, -120.108022 53.318117, -120.107982 53.318121, -120.107998 53.318095, -120.107985 53.318077, -120.107992 53.318056, -120.107992 53.318037, -120.107981 53.318016, -120.107989 53.317998, -120.108026 53.318014, -120.108019 53.317988, -120.107995 53.317973, -120.107981 53.317945, -120.107964 53.317926, -120.10795 53.317908, -120.10794 53.317883, -120.107944 53.317861, -120.107937 53.317842, -120.107963 53.317824, -120.107961 53.317801, -120.10799 53.317787, -120.108007 53.317767, -120.108017 53.317755, -120.108022 53.317749, -120.108034 53.317727, -120.108047 53.317708, -120.108077 53.317721, -120.108089 53.317745, -120.108123 53.31776, -120.108149 53.31775, -120.108165 53.317731, -120.108193 53.317725, -120.108218 53.317711, -120.10822 53.31769, -120.108217 53.317662, -120.1082 53.317642, -120.108184 53.317622, -120.10816 53.317605, -120.108131 53.317618, -120.108095 53.317617, -120.10807 53.317598, -120.108056 53.317595, -120.108037 53.317583, -120.108052 53.31756, -120.10807 53.317545, -120.1081 53.317524, -120.108133 53.317511, -120.108165 53.317507, -120.10818 53.317514, -120.108191 53.317504, -120.108216 53.31749, -120.108236 53.317469, -120.108207 53.317455, -120.108195 53.317437, -120.108182 53.317416, -120.108152 53.317415, -120.108146 53.317407, -120.108125 53.317397, -120.108153 53.317385, -120.108187 53.317375, -120.108145 53.317383, -120.108114 53.31739, -120.108087 53.317394, -120.108079 53.317389, -120.108076 53.317396, -120.108064 53.317387, -120.108041 53.317373, -120.108038 53.31735, -120.108032 53.31733, -120.108024 53.317298, -120.107993 53.317282, -120.10799 53.317261, -120.108002 53.317243, -120.108019 53.317226, -120.108016 53.31722, -120.108011 53.317207, -120.107989 53.317188, -120.107977 53.317171, -120.107954 53.317155, -120.107936 53.317137, -120.107916 53.317121, -120.107908 53.31712, -120.107914 53.317114, -120.107924 53.317093, -120.107922 53.317075, -120.107931 53.317055, -120.107939 53.317036, -120.107974 53.31702, -120.107943 53.317013, -120.107932 53.316993, -120.107951 53.316973, -120.107979 53.316965, -120.107998 53.316945, -120.107974 53.316934, -120.107948 53.316944, -120.107931 53.316924, -120.107921 53.316906, -120.107908 53.316888, -120.107909 53.316912, -120.107929 53.316929, -120.107902 53.316938, -120.107873 53.316946, -120.107855 53.316928, -120.107822 53.316925, -120.107781 53.316914, -120.107759 53.316898, -120.10773 53.316906, -120.107717 53.316888, -120.107681 53.316883, -120.10765 53.316878, -120.107652 53.316859, -120.107624 53.316845, -120.107599 53.316828, -120.107583 53.316811, -120.107552 53.316794, -120.10752 53.316789, -120.107504 53.316761, -120.107474 53.316759, -120.10744 53.316753, -120.10741 53.316735, -120.107386 53.316724, -120.10735 53.316721, -120.10732 53.316705, -120.107316 53.316666, -120.107283 53.316667, -120.107279 53.316687, -120.107285 53.316711, -120.107285 53.316732, -120.107262 53.316747, -120.107244 53.31677, -120.107258 53.316788, -120.10725 53.316794, -120.107243 53.316808, -120.107228 53.316824, -120.107208 53.316839, -120.107192 53.316846, -120.107192 53.316847, -120.107189 53.316848, -120.10718 53.316852, -120.107161 53.316849, -120.107157 53.316849, -120.107147 53.316847, -120.107124 53.316848, -120.107122 53.316848, -120.107112 53.316849, -120.107083 53.316838, -120.107074 53.316837, -120.107047 53.316835, -120.107015 53.316833, -120.106985 53.316828, -120.106983 53.316823, -120.106977 53.31681, -120.106976 53.316809, -120.106966 53.316785, -120.106963 53.31678, -120.10696 53.316775, -120.106953 53.316761, -120.10692 53.31675, -120.10689 53.31674, -120.106875 53.316722, -120.106864 53.316704, -120.106857 53.316682, -120.106849 53.316673, -120.106845 53.316668, -120.106834 53.316656, -120.106816 53.316636, -120.106779 53.316622, -120.106747 53.316615, -120.106722 53.316598, -120.106722 53.316568, -120.10671 53.316549, -120.106697 53.316532, -120.106675 53.316518, -120.106657 53.316498, -120.106635 53.316485, -120.106593 53.316486, -120.106559 53.316496, -120.106549 53.316486, -120.106542 53.316478, -120.106516 53.316458, -120.106485 53.316455, -120.106458 53.316467, -120.106428 53.316462, -120.106403 53.316452, -120.10637 53.316448, -120.106342 53.316438, -120.106314 53.316424, -120.106289 53.316412, -120.106259 53.316407, -120.106228 53.316405, -120.106202 53.316394, -120.106179 53.316374, -120.106165 53.316337, -120.106164 53.316336, -120.106138 53.316308, -120.106095 53.316297, -120.106087 53.316299, -120.106046 53.316306, -120.106021 53.316317, -120.106003 53.316333, -120.105958 53.316317, -120.105944 53.316309, -120.105931 53.316301, -120.105921 53.316287, -120.105918 53.316282, -120.105899 53.316264, -120.105857 53.316257, -120.105828 53.316265, -120.105823 53.316266, -120.105794 53.316272, -120.105806 53.31629, -120.105805 53.316309, -120.105781 53.31632, -120.105773 53.316329, -120.105768 53.316336, -120.105744 53.316354, -120.10572 53.316367, -120.105716 53.316373, -120.10571 53.31638, -120.105705 53.316386, -120.105683 53.3164, -120.105658 53.316411, -120.105638 53.316417, -120.105628 53.31642, -120.105626 53.316421, -120.105605 53.316432, -120.10559 53.316453, -120.105593 53.316471, -120.1056 53.316489, -120.105588 53.3165, -120.105583 53.316506, -120.105555 53.316518, -120.105502 53.316535, -120.105482 53.316551, -120.105462 53.316565, -120.105438 53.31658, -120.105408 53.316589, -120.105392 53.316586, -120.105374 53.316583, -120.105352 53.316566, -120.105326 53.316555, -120.105294 53.316542, -120.105287 53.31654, -120.105259 53.316531, -120.105229 53.31652, -120.105224 53.316496, -120.10522 53.316475, -120.105202 53.316456, -120.105175 53.316447, -120.10515 53.316436, -120.105146 53.316418, -120.105158 53.316399, -120.105147 53.316382, -120.105143 53.316371, -120.105139 53.31636, -120.105131 53.316342, -120.105113 53.316329, -120.105111 53.316327, -120.105094 53.316311, -120.10507 53.316296, -120.105043 53.316286, -120.105008 53.316284, -120.104972 53.316287, -120.104939 53.316285, -120.104905 53.316289, -120.104873 53.316287, -120.104843 53.316274, -120.104817 53.316285, -120.104789 53.316277, -120.104767 53.316264, -120.104737 53.316256, -120.104705 53.316251, -120.104671 53.316246, -120.104659 53.316241, -120.104645 53.316236, -120.104627 53.316228, -120.10462 53.316225, -120.104616 53.316218, -120.104616 53.316218, -120.104613 53.316213, -120.10461 53.316207, -120.104605 53.316202, -120.104593 53.316191, -120.104577 53.316174, -120.104575 53.316153, -120.104579 53.316135, -120.104558 53.316121, -120.104538 53.316119, -120.104525 53.316118, -120.104499 53.316102, -120.1045 53.316091, -120.104501 53.316081, -120.104495 53.31606, -120.104463 53.316047, -120.104406 53.316028, -120.104402 53.316026, -120.104401 53.316027, -120.104399 53.316027, -120.1044 53.316025, -120.104381 53.316017, -120.10435 53.316006, -120.104317 53.316007, -120.104295 53.316001, -120.10427 53.315999, -120.104258 53.315999, -120.104226 53.315996, -120.104196 53.316001, -120.104155 53.316003, -120.104128 53.316011, -120.104114 53.316018, -120.104104 53.316024, -120.10409 53.31604, -120.104067 53.316054, -120.104033 53.316059, -120.103991 53.316059, -120.103956 53.316058, -120.103926 53.316053, -120.103903 53.316039, -120.103889 53.316023, -120.103855 53.31602, -120.103833 53.316026, -120.103825 53.316029, -120.103812 53.316032, -120.103797 53.316037, -120.103768 53.31603, -120.103736 53.31602, -120.103714 53.316004, -120.1037 53.315992, -120.103697 53.315989, -120.103712 53.315972, -120.103706 53.315952, -120.103728 53.315937, -120.103761 53.315933, -120.103779 53.315917, -120.103775 53.315895, -120.103751 53.315874, -120.103735 53.315855, -120.103738 53.315834, -120.103732 53.315818, -120.10373 53.315812, -120.103716 53.315791, -120.103712 53.315769, -120.103699 53.315749, -120.103699 53.315748, -120.103698 53.315729, -120.103724 53.315714, -120.103755 53.315707, -120.10379 53.315694, -120.103804 53.315678, -120.103817 53.315659, -120.103835 53.31564, -120.1038 53.315626, -120.103786 53.315609, -120.10379 53.315598, -120.103792 53.31559, -120.103801 53.315576, -120.103802 53.315574, -120.103803 53.315573, -120.103804 53.315573, -120.1038 53.315555, -120.103806 53.315536, -120.103807 53.315515, -120.103828 53.315497, -120.103841 53.315478, -120.10384 53.315457, -120.103832 53.315435, -120.103827 53.315417, -120.10381 53.315402, -120.103806 53.315399, -120.103789 53.315382, -120.103782 53.315375, -120.103765 53.315357, -120.103733 53.315352, -120.103709 53.315363, -120.103687 53.315376, -120.10365 53.31537, -120.103616 53.315367, -120.103585 53.315356, -120.103554 53.315348, -120.103523 53.315338, -120.103491 53.315334, -120.103461 53.315331, -120.103429 53.315331, -120.103399 53.315331, -120.103367 53.315329, -120.103349 53.31531, -120.103355 53.315298, -120.103359 53.315291, -120.103359 53.315267, -120.103341 53.315243, -120.103327 53.31522, -120.103305 53.315211, -120.103291 53.315205, -120.103257 53.315199, -120.10323 53.31519, -120.103225 53.31519, -120.103198 53.315187, -120.10317 53.315196, -120.103134 53.315191, -120.103079 53.315205, -120.103049 53.315213, -120.103023 53.31523, -120.102991 53.315236, -120.102966 53.315248, -120.102977 53.315267, -120.10297 53.315266, -120.102945 53.315263, -120.102921 53.31525, -120.102916 53.315248, -120.102892 53.315242, -120.102885 53.315239, -120.102871 53.315234, -120.102859 53.315229, -120.102842 53.315213, -120.102839 53.315201, -120.102839 53.315198, -120.102838 53.315194, -120.102813 53.315183, -120.102803 53.315163, -120.102795 53.315155, -120.102787 53.315145, -120.102759 53.315137, -120.10273 53.315143, -120.102721 53.315144, -120.102688 53.315146, -120.102658 53.315143, -120.102627 53.315137, -120.102594 53.315126, -120.10257 53.315113, -120.102539 53.315105, -120.102521 53.315085, -120.102521 53.315068, -120.102514 53.315057, -120.102504 53.315047, -120.102488 53.315025, -120.102481 53.315002, -120.102482 53.314985, -120.102452 53.314974, -120.102444 53.314954, -120.102452 53.314936, -120.102444 53.314918, -120.102425 53.314898, -120.102427 53.314888, -120.102428 53.31488, -120.102429 53.314874, -120.102425 53.314853, -120.102407 53.314837, -120.102382 53.314822, -120.102392 53.314802, -120.102366 53.314791, -120.102372 53.314773, -120.102384 53.314753, -120.102363 53.314738, -120.102363 53.314719, -120.102361 53.314714, -120.102354 53.314701, -120.102351 53.314698, -120.102341 53.314692, -120.102335 53.314687, -120.102332 53.314684, -120.102329 53.31468, -120.102322 53.314671, -120.102321 53.314646, -120.102316 53.314645, -120.102318 53.314644, -120.102321 53.314642, -120.102321 53.314638, -120.102312 53.314639, -120.102284 53.314631, -120.102277 53.31463, -120.102254 53.314626, -120.10223 53.314614, -120.10221 53.314598, -120.102191 53.314576, -120.102179 53.314557, -120.10218 53.31455, -120.102182 53.314536, -120.102203 53.314522, -120.102173 53.314514, -120.102145 53.314504, -120.102124 53.314491, -120.102091 53.314485, -120.102063 53.314475, -120.102047 53.314458, -120.102025 53.314441, -120.102001 53.314426, -120.101989 53.314405, -120.10196 53.314398, -120.101931 53.314387, -120.101905 53.314378, -120.101868 53.314372, -120.101834 53.314366, -120.101808 53.314349, -120.101798 53.31434, -120.10179 53.314333, -120.101766 53.314315, -120.101753 53.314297, -120.101731 53.314278, -120.101715 53.314261, -120.101701 53.314244, -120.101667 53.314239, -120.101654 53.314221, -120.10164 53.314203, -120.101652 53.314196, -120.101667 53.314187, -120.101673 53.314169, -120.101672 53.314149, -120.10165 53.314136, -120.10162 53.314132, -120.101593 53.314122, -120.101566 53.31411, -120.101537 53.314095, -120.101521 53.31408, -120.101491 53.314078, -120.101463 53.31407, -120.101434 53.314059, -120.101407 53.314048, -120.101389 53.314033, -120.101359 53.314022, -120.10133 53.314017, -120.101311 53.313999, -120.101296 53.31398, -120.101296 53.313959, -120.101286 53.313938, -120.10128 53.313916, -120.101273 53.313894, -120.101283 53.313869, -120.101264 53.313855, -120.101261 53.313849, -120.101256 53.313842, -120.101253 53.313836, -120.101224 53.313828, -120.101192 53.313829, -120.101158 53.313815, -120.101125 53.31381, -120.101101 53.31382, -120.101079 53.313835, -120.101055 53.313851, -120.10102 53.313854, -120.100993 53.313865, -120.100962 53.313857, -120.100955 53.313856, -120.100948 53.313855, -120.100935 53.313853, -120.100911 53.313846, -120.100902 53.313843, -120.100893 53.313835, -120.100883 53.313826, -120.100875 53.313813, -120.100869 53.313814, -120.100865 53.313817, -120.100849 53.313829, -120.100824 53.313842, -120.100808 53.313841, -120.100801 53.313823, -120.100807 53.313804, -120.100813 53.313795, -120.100818 53.313789, -120.100818 53.313788, -120.100816 53.313787, -120.100784 53.313784, -120.100774 53.31379, -120.100737 53.313794, -120.100727 53.313793, -120.100719 53.313793, -120.100701 53.313792, -120.100668 53.313798, -120.100645 53.313818, -120.100626 53.313804, -120.100605 53.31379, -120.100575 53.313783, -120.100557 53.313768, -120.100536 53.313753, -120.10056 53.313765, -120.10055 53.313743, -120.100536 53.313727, -120.100498 53.313723, -120.100465 53.313727, -120.100435 53.313723, -120.100428 53.313704, -120.100406 53.313687, -120.100393 53.313668, -120.100378 53.313656, -120.100374 53.313653, -120.100358 53.313638, -120.100342 53.313621, -120.100327 53.313601, -120.100306 53.313583, -120.100299 53.313563, -120.100295 53.313554, -120.100282 53.313537, -120.100257 53.313527, -120.100226 53.313527, -120.10026 53.31353, -120.10023 53.313535, -120.10021 53.313548, -120.100181 53.313539, -120.10017 53.313522, -120.100165 53.313515, -120.100153 53.313515, -120.100126 53.313503, -120.100157 53.313505, -120.100184 53.313516, -120.100198 53.313497, -120.100199 53.313472, -120.100196 53.313451, -120.100195 53.313432, -120.100177 53.313414, -120.100175 53.313408, -120.100173 53.313402, -120.100171 53.313393, -120.100162 53.313384, -120.100153 53.313376, -120.100137 53.31336, -120.100121 53.31334, -120.100116 53.313319, -120.100119 53.313298, -120.100069 53.313278, -120.100043 53.313258, -120.100039 53.313249, -120.100024 53.313216, -120.100006 53.3132, -120.100007 53.31318, -120.100022 53.313158, -120.100014 53.313138, -120.099999 53.313119, -120.099998 53.313097, -120.099997 53.313055, -120.099992 53.313036, -120.099989 53.313015, -120.09999 53.312997, -120.099976 53.312981, -120.099954 53.312963, -120.099954 53.312942, -120.099955 53.312924, -120.099952 53.312902, -120.099933 53.312885, -120.099937 53.312866, -120.099958 53.312852, -120.099976 53.312837, -120.09998 53.312818, -120.099949 53.312802, -120.099917 53.312798, -120.099886 53.312794, -120.099874 53.312776, -120.099857 53.312755, -120.099831 53.312743, -120.099818 53.312723, -120.099803 53.312704, -120.099787 53.312685, -120.099763 53.312671, -120.099748 53.312653, -120.09974 53.312634, -120.09971 53.312628, -120.099661 53.31264, -120.099632 53.312636, -120.099603 53.312622, -120.099567 53.312609, -120.099548 53.312592, -120.099537 53.312571, -120.099529 53.312554, -120.099499 53.312541, -120.099499 53.312519, -120.0995 53.312499, -120.099484 53.312481, -120.099468 53.312462, -120.099437 53.312465, -120.099408 53.312462, -120.09937 53.312431, -120.099362 53.312414, -120.099332 53.312402, -120.099301 53.312399, -120.099273 53.312406, -120.099247 53.312396, -120.099206 53.312391, -120.09919 53.312374, -120.099148 53.312359, -120.099119 53.312353, -120.099095 53.312341, -120.099073 53.312323, -120.099065 53.312306, -120.099033 53.312306, -120.099004 53.312319, -120.09897 53.312315, -120.098941 53.312307, -120.09891 53.312292, -120.098877 53.312307, -120.098846 53.312311, -120.098813 53.312299, -120.098835 53.312286, -120.098821 53.31227, -120.098786 53.312273, -120.098753 53.312282, -120.098729 53.312293, -120.098704 53.312281, -120.098677 53.31229, -120.098642 53.312292, -120.098608 53.312296, -120.098577 53.312296, -120.098546 53.312295, -120.098513 53.312295, -120.098475 53.312289, -120.098437 53.312281, -120.098398 53.31228, -120.098338 53.312272, -120.098312 53.312285, -120.098308 53.312288, -120.098288 53.312301, -120.098262 53.312316, -120.098236 53.312329, -120.098209 53.312338, -120.098176 53.312333, -120.098167 53.312314, -120.098134 53.312313, -120.098117 53.312331, -120.098084 53.312332, -120.098059 53.31232, -120.098034 53.312308, -120.098004 53.312316, -120.097977 53.312324, -120.097964 53.312343, -120.097937 53.312356, -120.097931 53.312375, -120.097909 53.312389, -120.097875 53.31239, -120.097846 53.312395, -120.097814 53.312393, -120.097787 53.312381, -120.097753 53.312381, -120.097714 53.312372, -120.097681 53.312374, -120.097654 53.312386, -120.09763 53.312397, -120.097614 53.312382, -120.097582 53.31238, -120.097552 53.312391, -120.097511 53.312388, -120.09748 53.312382, -120.097445 53.312388, -120.097423 53.312401, -120.097395 53.312408, -120.097363 53.312417, -120.097332 53.312409, -120.09731 53.312396, -120.097282 53.312384, -120.097274 53.312361, -120.097258 53.312342, -120.097227 53.312341, -120.097195 53.312347, -120.09716 53.31234, -120.097132 53.31233, -120.097091 53.31233, -120.097053 53.312313, -120.097043 53.312296, -120.097029 53.312279, -120.097004 53.312268, -120.096991 53.312247, -120.096961 53.312243, -120.096931 53.31223, -120.096924 53.312211, -120.096899 53.312195, -120.096888 53.312172, -120.096876 53.312152, -120.096847 53.312142, -120.096817 53.312132, -120.096782 53.312127, -120.096757 53.312109, -120.09674 53.312092, -120.096726 53.31207, -120.096711 53.312053, -120.0967 53.312036, -120.096671 53.312021, -120.096646 53.312004, -120.09663 53.311986, -120.096601 53.311975, -120.09657 53.311958, -120.096539 53.311953, -120.096513 53.311941, -120.096488 53.311929, -120.096451 53.311921, -120.096425 53.311905, -120.096384 53.311906, -120.096346 53.311924, -120.096313 53.311931, -120.096277 53.311929, -120.096254 53.311915, -120.096221 53.311912, -120.096186 53.311909, -120.096147 53.311902, -120.096111 53.311894, -120.096085 53.311882, -120.096053 53.311869, -120.096024 53.311863, -120.095995 53.311857, -120.095961 53.311846, -120.095924 53.311849, -120.095903 53.311867, -120.095872 53.311879, -120.095836 53.311885, -120.095802 53.311894, -120.095786 53.311911, -120.09575 53.311923, -120.095721 53.311932, -120.0957 53.311945, -120.095673 53.311935, -120.095657 53.311915, -120.095627 53.311907, -120.095592 53.311888, -120.09556 53.311882, -120.095534 53.311892, -120.095505 53.311902, -120.095466 53.311905, -120.095432 53.311906, -120.095375 53.311911, -120.095353 53.311924, -120.095334 53.31194, -120.095315 53.311962, -120.095304 53.311975, -120.095305 53.311975, -120.095294 53.311994, -120.0953 53.312013, -120.095278 53.312033, -120.09526 53.31205, -120.095232 53.312041, -120.095251 53.312026, -120.095272 53.312012, -120.09528 53.311992, -120.095295 53.311966, -120.095295 53.311965, -120.095287 53.311958, -120.095257 53.311954, -120.095255 53.311936, -120.095237 53.311921, -120.095247 53.3119, -120.095261 53.311882, -120.095293 53.311875, -120.095318 53.311863, -120.095314 53.311842, -120.09532 53.311822, -120.095323 53.311801, -120.095316 53.311783, -120.095309 53.31176, -120.09533 53.311745, -120.09536 53.311744, -120.095389 53.311735, -120.095404 53.311718, -120.09543 53.311707, -120.095429 53.311686, -120.095452 53.311667, -120.095471 53.311652, -120.095442 53.311642, -120.095421 53.311623, -120.095391 53.311618, -120.095374 53.311602, -120.095368 53.311584, -120.095383 53.311561, -120.09544 53.311548, -120.095425 53.311527, -120.095415 53.311506, -120.09542 53.311486, -120.095453 53.311473, -120.095488 53.311458, -120.095515 53.311446, -120.095531 53.311425, -120.095492 53.311415, -120.09545 53.311415, -120.09541 53.311403, -120.09538 53.311398, -120.095345 53.311397, -120.095313 53.311388, -120.095281 53.311382, -120.095259 53.311396, -120.095232 53.311409, -120.095196 53.311406, -120.09517 53.311396, -120.095152 53.311414, -120.095146 53.311434, -120.095116 53.311444, -120.095086 53.311453, -120.095049 53.311451, -120.095017 53.311457, -120.094983 53.311456, -120.094965 53.311438, -120.094972 53.311419, -120.094966 53.311396, -120.094936 53.311384, -120.094909 53.311373, -120.094888 53.31136, -120.094849 53.31137, -120.094817 53.311375, -120.094794 53.311355, -120.094768 53.311346, -120.094732 53.311349, -120.094728 53.311349, -120.094708 53.311349, -120.094696 53.311349, -120.094664 53.311339, -120.094641 53.311326, -120.094634 53.311306, -120.094613 53.311292, -120.094582 53.311286, -120.094544 53.311283, -120.094514 53.311284, -120.094568 53.311291, -120.094534 53.31129, -120.094494 53.31129, -120.09447 53.311277, -120.094446 53.311262, -120.094435 53.311243, -120.094422 53.311227, -120.094395 53.311208, -120.094386 53.31119, -120.094367 53.311174, -120.094324 53.311169, -120.094294 53.311167, -120.094283 53.311147, -120.094288 53.311136, -120.094288 53.311135, -120.094292 53.311126, -120.094294 53.311105, -120.094157 53.311046, -120.09413 53.311037, -120.094103 53.311025, -120.094075 53.311014, -120.094053 53.310999, -120.094017 53.310998, -120.093978 53.311004, -120.093946 53.311006, -120.093919 53.310996, -120.093891 53.310985, -120.093877 53.310967, -120.09387 53.310948, -120.09386 53.310926, -120.093837 53.310941, -120.093824 53.310924, -120.093817 53.310906, -120.093832 53.310882, -120.09383 53.310863, -120.093824 53.310858, -120.093809 53.310844, -120.093799 53.31084, -120.093771 53.310826, -120.093748 53.31081, -120.09375 53.310789, -120.093762 53.31077, -120.093755 53.310752, -120.093756 53.310733, -120.093738 53.310718, -120.093759 53.310703, -120.093756 53.310682, -120.093769 53.310662, -120.093791 53.310645, -120.093816 53.310633, -120.093828 53.310615, -120.093824 53.310588, -120.093848 53.310569, -120.093861 53.310551, -120.093865 53.310528, -120.093857 53.310509, -120.093824 53.310504, -120.09381 53.310486, -120.093815 53.310463, -120.093819 53.310442, -120.093843 53.310431, -120.093856 53.310408, -120.093879 53.310392, -120.093889 53.310373, -120.093902 53.310354, -120.093913 53.310335, -120.09393 53.310311, -120.093944 53.310293, -120.093942 53.310273, -120.093923 53.310258, -120.093914 53.310237, -120.093883 53.310227, -120.093861 53.310214, -120.093849 53.310195, -120.093874 53.310176, -120.093892 53.310152, -120.093928 53.310146, -120.093969 53.310146, -120.094 53.310141, -120.094021 53.310126, -120.094028 53.310107, -120.09403 53.310084, -120.09404 53.31006, -120.094043 53.310041, -120.094059 53.310022, -120.094068 53.310005, -120.094047 53.30999, -120.094049 53.309971, -120.094036 53.309953, -120.093993 53.309954, -120.093869 53.30986, -120.093851 53.309845, -120.09384 53.309827, -120.09381 53.309824, -120.093778 53.309841, -120.093739 53.309851, -120.093697 53.309851, -120.093657 53.309851, -120.093621 53.309853, -120.093582 53.309854, -120.093566 53.30987, -120.093539 53.309884, -120.093505 53.309872, -120.093479 53.30986, -120.093447 53.309864, -120.093453 53.309843, -120.093479 53.309829, -120.093514 53.309824, -120.09352 53.309801, -120.09353 53.309781, -120.093538 53.30976, -120.093542 53.309737, -120.093564 53.309717, -120.093582 53.3097, -120.093594 53.309676, -120.093614 53.309653, -120.093582 53.309653, -120.093547 53.309654, -120.093515 53.309652, -120.093481 53.309648, -120.093445 53.30965, -120.093417 53.309659, -120.093396 53.309677, -120.093367 53.309685, -120.093336 53.309692, -120.093291 53.30971, -120.093254 53.309714, -120.093221 53.309718, -120.093193 53.309732, -120.093164 53.309747, -120.09315 53.309765, -120.093118 53.309778, -120.093106 53.309796, -120.093085 53.30981, -120.093051 53.309823, -120.093024 53.309835, -120.092986 53.309842, -120.092947 53.309865, -120.09292 53.309879, -120.092899 53.309893, -120.092861 53.309909, -120.092836 53.309921, -120.092809 53.309941, -120.092791 53.309958, -120.092823 53.309969, -120.092809 53.309985, -120.092794 53.310005, -120.092777 53.310028, -120.092763 53.310047, -120.092745 53.310064, -120.092722 53.310078, -120.092689 53.310077, -120.092715 53.310102, -120.092737 53.310118, -120.092771 53.31012, -120.092783 53.310138, -120.092801 53.310152, -120.092826 53.310167, -120.092841 53.310184, -120.09288 53.310188, -120.092911 53.31019, -120.092946 53.310191, -120.092978 53.310201, -120.092987 53.310204, -120.092961 53.310211, -120.092969 53.310234, -120.092982 53.310251, -120.092975 53.310251, -120.092949 53.310264, -120.092911 53.310279, -120.092881 53.310291, -120.09285 53.310293, -120.09283 53.310309, -120.092787 53.310324, -120.092759 53.310336, -120.092732 53.310344, -120.09273 53.310368, -120.092739 53.310383, -120.09272 53.310384, -120.092691 53.310369, -120.092651 53.310367, -120.092613 53.310353, -120.092611 53.310332, -120.092639 53.310324, -120.092665 53.310314, -120.092707 53.310306, -120.092736 53.310297, -120.092768 53.310284, -120.092778 53.310267, -120.092752 53.310255, -120.092756 53.310236, -120.092726 53.31023, -120.092689 53.310231, -120.092657 53.310228, -120.092604 53.310225, -120.092575 53.310219, -120.09257 53.310238, -120.092536 53.310236, -120.092502 53.31024, -120.092443 53.310257, -120.092412 53.310264, -120.092366 53.310288, -120.092347 53.310304, -120.092346 53.310322, -120.092326 53.310337, -120.092296 53.310343, -120.092266 53.310347, -120.092225 53.31036, -120.092193 53.310358, -120.092161 53.31036, -120.092139 53.310373, -120.092121 53.310388, -120.092089 53.310402, -120.09207 53.310416, -120.092045 53.310405, -120.091997 53.310406, -120.091968 53.310399, -120.091931 53.310396, -120.091907 53.310409, -120.091872 53.31042, -120.091843 53.310433, -120.09182 53.310445, -120.091789 53.310448, -120.091778 53.310431, -120.091753 53.31042, -120.09167 53.310507, -120.091663 53.310525, -120.091646 53.310549, -120.091665 53.310542, -120.091662 53.310547, -120.091662 53.310568, -120.091656 53.310586, -120.09163 53.310598, -120.091607 53.310616, -120.091599 53.310633, -120.091573 53.310645, -120.091562 53.310664, -120.091559 53.310684, -120.091519 53.310689, -120.091487 53.310692, -120.091463 53.310711, -120.091437 53.310724, -120.091402 53.310718, -120.091384 53.310733, -120.091362 53.310751, -120.09133 53.31075, -120.091331 53.310772, -120.09136 53.310786, -120.091381 53.310801, -120.091383 53.310822, -120.091369 53.310841, -120.091343 53.310852, -120.09131 53.310851, -120.091286 53.310868, -120.091261 53.310886, -120.091245 53.310905, -120.091246 53.310926, -120.091273 53.310923, -120.091254 53.310943, -120.091242 53.31096, -120.09122 53.310982, -120.091214 53.311002, -120.091205 53.311026, -120.091175 53.311031, -120.091137 53.31102, -120.091106 53.31101, -120.091066 53.31101, -120.09104 53.311022, -120.091018 53.311044, -120.090995 53.311063, -120.090996 53.311084, -120.090962 53.31108, -120.09093 53.311087, -120.090944 53.311106, -120.090914 53.311111, -120.090875 53.311107, -120.090841 53.311117, -120.090814 53.311136, -120.090795 53.311152, -120.090787 53.31117, -120.090763 53.311191, -120.090783 53.31121, -120.090779 53.311213, -120.090787 53.311218, -120.09077 53.311219, -120.090762 53.311225, -120.090764 53.31122, -120.090764 53.311219, -120.090747 53.311221, -120.090729 53.311236, -120.090731 53.311261, -120.090725 53.311283, -120.090732 53.311305, -120.090727 53.311324, -120.090719 53.311338, -120.090714 53.311347, -120.090694 53.311365, -120.090704 53.311385, -120.090727 53.3114, -120.090723 53.311421, -120.090691 53.311431, -120.090685 53.311451, -120.090678 53.31147, -120.090655 53.31149, -120.090654 53.311512, -120.090634 53.311527, -120.090616 53.311546, -120.090615 53.311569, -120.090614 53.311588, -120.090614 53.311613, -120.090601 53.311633, -120.090589 53.311654, -120.090563 53.311663, -120.090528 53.311673, -120.090529 53.311692, -120.090518 53.31171, -120.090482 53.311714, -120.090485 53.311735, -120.090464 53.31175, -120.090441 53.311765, -120.090416 53.311781, -120.090399 53.311799, -120.090365 53.311799, -120.090344 53.311813, -120.090324 53.311826, -120.090297 53.311835, -120.090301 53.311855, -120.090291 53.311873, -120.090281 53.311891, -120.090278 53.311911, -120.090269 53.311921, -120.090262 53.31193, -120.090257 53.311948, -120.090223 53.311953, -120.090199 53.311968, -120.090192 53.311988, -120.090192 53.312006, -120.090165 53.312019, -120.090186 53.312034, -120.090152 53.312034, -120.090123 53.312042, -120.090109 53.312059, -120.090076 53.312046, -120.090046 53.312015, -120.090036 53.311978, -120.090011 53.311968, -120.090017 53.31199, -120.089995 53.312051, -120.089859 53.312357, -120.08954 53.312481, -120.089386 53.312511, -120.089357 53.312517, -120.089207 53.312546, -120.089093 53.312568, -120.089094 53.312576, -120.089025 53.312603, -120.088844 53.312584, -120.088861 53.312648, -120.088767 53.312671, -120.088576 53.312639, -120.088454 53.312517, -120.088377 53.312439, -120.088282 53.312421, -120.088206 53.312361, -120.088089 53.312267, -120.088104 53.312372, -120.088219 53.312478, -120.088146 53.312561, -120.088118 53.312565, -120.088083 53.312571, -120.088046 53.312576, -120.08808 53.312654, -120.088123 53.312728, -120.088026 53.312772, -120.088025 53.312773, -120.08787 53.312798, -120.087789 53.312785, -120.087756 53.312779, -120.087745 53.312787, -120.0877 53.312819, -120.08763 53.312884, -120.087468 53.312852, -120.08735 53.312777, -120.087321 53.312776, -120.087306 53.312841, -120.087224 53.312772, -120.087215 53.312764, -120.087109 53.312716, -120.086995 53.312709, -120.086827 53.312634, -120.086685 53.312662, -120.086557 53.312658, -120.086496 53.312718, -120.086496 53.312722, -120.086505 53.312802, -120.086414 53.312843, -120.086243 53.312829, -120.086113 53.312799, -120.085928 53.312763, -120.085711 53.312719, -120.085567 53.312696, -120.085484 53.312638, -120.085419 53.312591, -120.08534 53.31255, -120.085286 53.312522, -120.085181 53.312429, -120.085008 53.312402, -120.084853 53.312332, -120.084656 53.312323, -120.084476 53.312221, -120.084243 53.312131, -120.084071 53.31206, -120.083884 53.312042, -120.083886 53.311985, -120.083822 53.311917, -120.083811 53.311906, -120.083806 53.311903, -120.083776 53.311884, -120.083724 53.311851, -120.083574 53.311857, -120.083403 53.311805, -120.083538 53.311897, -120.08358 53.311962, -120.083706 53.31199, -120.083824 53.312071, -120.083874 53.312122, -120.083661 53.312134, -120.083565 53.311995, -120.083389 53.311944, -120.083244 53.311941, -120.083181 53.311975, -120.083032 53.311986, -120.082866 53.311926, -120.082628 53.311854, -120.082592 53.31193, -120.082728 53.312022, -120.082853 53.312071, -120.082859 53.312074, -120.083037 53.312147, -120.083099 53.312217, -120.083201 53.312297, -120.08321 53.312363, -120.083023 53.312362, -120.082995 53.312421, -120.082892 53.312415, -120.082786 53.312336, -120.082637 53.312315, -120.082488 53.31235, -120.082386 53.312321, -120.082163 53.312315, -120.082063 53.312368, -120.081991 53.312291, -120.081836 53.312328, -120.081754 53.312317, -120.081582 53.312283, -120.081509 53.312182, -120.081339 53.312131, -120.081191 53.312099, -120.081068 53.312079, -120.080992 53.312028, -120.080874 53.31206, -120.080731 53.312074, -120.080628 53.312038, -120.080699 53.312012, -120.080587 53.311975, -120.080707 53.311946, -120.080749 53.311905, -120.080679 53.311843, -120.080546 53.311801, -120.08055 53.31175, -120.080551 53.31173, -120.080552 53.311713, -120.080566 53.31165, -120.08042 53.311612, -120.080347 53.311572, -120.080339 53.311586, -120.080323 53.311616, -120.080232 53.311582, -120.080159 53.31149, -120.080082 53.311433, -120.080043 53.311392, -120.080012 53.311337, -120.080003 53.311289, -120.079973 53.311229, -120.079901 53.311208, -120.079881 53.311262, -120.079777 53.311264, -120.079866 53.31121, -120.079824 53.311162, -120.079701 53.311122, -120.079643 53.311071, -120.079881 53.311099, -120.079982 53.311071, -120.079988 53.31107, -120.08001 53.311014, -120.080081 53.311039, -120.080183 53.310967, -120.080153 53.310925, -120.07996 53.310876, -120.079858 53.310736, -120.080096 53.310721, -120.079874 53.310655, -120.079711 53.310559, -120.079836 53.310513, -120.079804 53.310397, -120.07978 53.310379, -120.079774 53.310374, -120.079697 53.310317, -120.079698 53.310256, -120.079638 53.310191, -120.079616 53.310199, -120.079525 53.310231, -120.079485 53.310274, -120.079483 53.310276, -120.079392 53.310348, -120.079264 53.310365, -120.079192 53.310301, -120.07927 53.31024, -120.079341 53.310168, -120.079321 53.310121, -120.079348 53.31009, -120.079391 53.310042, -120.079599 53.310085, -120.079591 53.310076, -120.079578 53.31006, -120.079556 53.310033, -120.079635 53.309943, -120.079628 53.309896, -120.079439 53.309861, -120.079314 53.309818, -120.079558 53.309665, -120.07966 53.309613, -120.079741 53.309583, -120.079737 53.309534, -120.079587 53.309507, -120.079567 53.309391, -120.07942 53.309365, -120.079522 53.309483, -120.079456 53.309461, -120.079354 53.309494, -120.079273 53.309514, -120.07918 53.309526, -120.079214 53.309569, -120.079207 53.309622, -120.079221 53.3097, -120.0792 53.309746, -120.079172 53.309788, -120.079281 53.309832, -120.079134 53.309844, -120.079194 53.309886, -120.079138 53.309918, -120.079132 53.309922, -120.0789 53.309831, -120.078761 53.309809, -120.078666 53.309707, -120.078465 53.309683, -120.07833 53.309674, -120.078224 53.309667, -120.078112 53.309566, -120.0781 53.309555, -120.078125 53.309468, -120.078235 53.309391, -120.078284 53.309376, -120.078391 53.309345, -120.078515 53.309339, -120.07843 53.309314, -120.078201 53.309238, -120.078116 53.309148, -120.078074 53.309115, -120.078046 53.309092, -120.07799 53.309047, -120.078 53.308998, -120.077825 53.309022, -120.0777 53.309041, -120.077671 53.308997, -120.077659 53.309048, -120.077603 53.309122, -120.07761 53.309154, -120.077616 53.309185, -120.077485 53.309162, -120.077362 53.309212, -120.077248 53.309253, -120.077168 53.309248, -120.077075 53.30924, -120.076966 53.309203, -120.076898 53.309222, -120.076772 53.309253, -120.076642 53.309236, -120.076638 53.309188, -120.076689 53.309151, -120.076825 53.309097, -120.076788 53.309061, -120.076774 53.309047, -120.076583 53.309003, -120.076532 53.308979, -120.076515 53.30897, -120.076419 53.308924, -120.076237 53.308861, -120.076068 53.308804, -120.075897 53.308788, -120.075772 53.308821, -120.075696 53.308926, -120.07554 53.308932, -120.075373 53.30885, -120.075164 53.308801, -120.075023 53.308854, -120.074958 53.308951, -120.075098 53.309007, -120.074982 53.309095, -120.074907 53.30911, -120.074717 53.309125, -120.074485 53.30908, -120.074393 53.309082, -120.074517 53.30919, -120.07443 53.309263, -120.074549 53.309365, -120.074584 53.309408, -120.074587 53.309453, -120.074687 53.309477, -120.074734 53.309544, -120.074683 53.309638, -120.074728 53.309686, -120.074696 53.309691, -120.074656 53.309697, -120.074634 53.309701, -120.074665 53.309742, -120.074661 53.309762, -120.074653 53.309804, -120.074703 53.309843, -120.074829 53.309884, -120.074597 53.309896, -120.074566 53.309946, -120.07468 53.310024, -120.074588 53.310073, -120.074662 53.310102, -120.074597 53.310164, -120.074497 53.310136, -120.074538 53.310218, -120.07449 53.310283, -120.074489 53.310317, -120.074489 53.31032, -120.074488 53.310355, -120.074426 53.310408, -120.074302 53.310411, -120.07422 53.310443, -120.074275 53.310476, -120.074332 53.310509, -120.074143 53.310473, -120.073934 53.310416, -120.073922 53.310413, -120.073884 53.310324, -120.073817 53.3103, -120.073676 53.310263, -120.07388 53.310228, -120.07396 53.310138, -120.073857 53.310143, -120.073736 53.310117, -120.073586 53.3101, -120.073509 53.310113, -120.073526 53.310166, -120.073369 53.310151, -120.073249 53.310073, -120.073227 53.310058, -120.073275 53.309993, -120.073293 53.309944, -120.073144 53.309894, -120.072946 53.309806, -120.072825 53.309774, -120.07282 53.309852, -120.072857 53.309892, -120.072721 53.309916, -120.07264 53.309912, -120.072592 53.309955, -120.072594 53.310015, -120.072509 53.310012, -120.072461 53.310054, -120.072323 53.310079, -120.072201 53.310076, -120.072081 53.310108, -120.07201 53.310123, -120.071929 53.310122, -120.07192 53.310067, -120.071991 53.309973, -120.072078 53.309895, -120.072164 53.309883, -120.072122 53.309844, -120.072057 53.309809, -120.072004 53.309772, -120.071824 53.30973, -120.071822 53.309684, -120.071723 53.309622, -120.071582 53.309562, -120.071469 53.309576, -120.071423 53.309619, -120.071407 53.309678, -120.071284 53.30962, -120.071201 53.309632, -120.070991 53.309616, -120.070957 53.309645, -120.07109 53.309694, -120.071146 53.309738, -120.071051 53.309786, -120.070829 53.309778, -120.070613 53.309769, -120.07076 53.309859, -120.070717 53.309903, -120.070662 53.309935, -120.070666 53.310005, -120.070602 53.310033, -120.070419 53.310019, -120.070421 53.310025, -120.070437 53.310075, -120.070444 53.310126, -120.07053 53.31015, -120.070494 53.310204, -120.070441 53.310275, -120.070255 53.310258, -120.070049 53.310245, -120.069929 53.310372, -120.069898 53.310383, -120.069876 53.310395, -120.069861 53.310412, -120.069834 53.310403, -120.069826 53.310426, -120.069796 53.310436, -120.069786 53.310404, -120.069773 53.310421, -120.069728 53.310422, -120.069696 53.310431, -120.06969 53.31045, -120.069677 53.310468, -120.06967 53.31045, -120.069674 53.310431, -120.069656 53.31041, -120.069644 53.310409, -120.069624 53.310421, -120.069621 53.310442, -120.069587 53.310467, -120.069576 53.310475, -120.069566 53.310492, -120.069552 53.31051, -120.069507 53.31052, -120.06947 53.310527, -120.069426 53.310529, -120.069455 53.310513, -120.069454 53.310493, -120.069421 53.310486, -120.069388 53.310491, -120.069369 53.31051, -120.069336 53.310522, -120.069301 53.310519, -120.06929 53.310501, -120.069276 53.310484, -120.069235 53.31049, -120.069219 53.310462, -120.069256 53.310463, -120.06922 53.310452, -120.069202 53.310437, -120.069165 53.310443, -120.069135 53.310452, -120.069111 53.31044, -120.069083 53.310445, -120.06905 53.310456, -120.069019 53.310459, -120.068974 53.310467, -120.068949 53.310477, -120.068924 53.310464, -120.068935 53.310446, -120.0689 53.310458, -120.068869 53.310461, -120.068832 53.310474, -120.068801 53.310472, -120.068768 53.310486, -120.068739 53.310493, -120.068735 53.310471, -120.068698 53.310465, -120.068677 53.310487, -120.068658 53.310467, -120.068625 53.310472, -120.068592 53.310485, -120.068552 53.310477, -120.068519 53.310477, -120.068479 53.310482, -120.068447 53.310487, -120.068453 53.310475, -120.068424 53.31047, -120.068393 53.310474, -120.068397 53.310496, -120.06839 53.310519, -120.06836 53.310521, -120.068331 53.310538, -120.068303 53.310505, -120.06827 53.310508, -120.068231 53.310516, -120.068199 53.310521, -120.068149 53.310509, -120.068143 53.310532, -120.068111 53.31054, -120.06808 53.310544, -120.068047 53.310544, -120.068009 53.310543, -120.06798 53.310536, -120.067953 53.310545, -120.067929 53.310566, -120.067905 53.310575, -120.067903 53.310576, -120.067889 53.310595, -120.067858 53.310604, -120.067826 53.310592, -120.067805 53.310605, -120.067766 53.31061, -120.067764 53.310591, -120.067718 53.310604, -120.067675 53.310607, -120.067629 53.310623, -120.067596 53.310628, -120.067611 53.310607, -120.067579 53.31061, -120.067529 53.31061, -120.067497 53.310613, -120.067462 53.310613, -120.067433 53.310591, -120.067449 53.310574, -120.067437 53.310549, -120.067428 53.310532, -120.067432 53.31051, -120.067423 53.310493, -120.067385 53.310494, -120.067377 53.310467, -120.067348 53.310455, -120.067342 53.310434, -120.067325 53.310418, -120.067311 53.310405, -120.067309 53.310402, -120.06734 53.310404, -120.067334 53.310386, -120.067318 53.310369, -120.067329 53.310345, -120.067359 53.310333, -120.06738 53.310321, -120.067431 53.310341, -120.067409 53.310324, -120.067445 53.310326, -120.067434 53.310308, -120.067425 53.310289, -120.067405 53.310258, -120.067439 53.310264, -120.067478 53.310263, -120.067515 53.310263, -120.067496 53.310248, -120.067539 53.310245, -120.06757 53.31024, -120.067553 53.31022, -120.067561 53.310198, -120.06755 53.310179, -120.067561 53.310156, -120.067529 53.310145, -120.06749 53.310155, -120.067462 53.310174, -120.067435 53.310164, -120.067409 53.310148, -120.067354 53.310157, -120.067315 53.310159, -120.067257 53.310143, -120.067216 53.310129, -120.067256 53.31013, -120.06726 53.310102, -120.067268 53.310081, -120.067299 53.310075, -120.067342 53.3101, -120.067375 53.310097, -120.067404 53.31011, -120.067399 53.310083, -120.067431 53.310084, -120.067438 53.310077, -120.067404 53.310068, -120.067386 53.310053, -120.067356 53.310032, -120.067368 53.310008, -120.067377 53.30999, -120.067407 53.309984, -120.067441 53.309974, -120.067473 53.309974, -120.067506 53.309975, -120.067477 53.30996, -120.067446 53.309964, -120.067416 53.309959, -120.067437 53.309942, -120.067407 53.309957, -120.067384 53.309982, -120.067357 53.309993, -120.067327 53.310003, -120.067315 53.310025, -120.06732 53.310003, -120.067307 53.309982, -120.067271 53.309986, -120.067243 53.309971, -120.067246 53.309944, -120.067205 53.30994, -120.067172 53.309943, -120.067168 53.309963, -120.067195 53.309997, -120.067193 53.310019, -120.067164 53.310027, -120.067131 53.310018, -120.067112 53.309995, -120.067107 53.309977, -120.067077 53.309967, -120.067069 53.309949, -120.06705 53.30993, -120.066981 53.30996, -120.066947 53.309955, -120.066915 53.309961, -120.066909 53.309931, -120.066893 53.309911, -120.066879 53.309929, -120.066847 53.309924, -120.066809 53.309926, -120.066773 53.309938, -120.066752 53.309961, -120.066713 53.309966, -120.066686 53.30998, -120.066656 53.309983, -120.066634 53.309965, -120.066597 53.309977, -120.066572 53.309962, -120.066545 53.309943, -120.066523 53.309925, -120.066504 53.309909, -120.066472 53.309913, -120.066436 53.309886, -120.066435 53.309909, -120.0664 53.309897, -120.066372 53.309887, -120.066338 53.309883, -120.066302 53.309885, -120.066298 53.309884, -120.066224 53.309881, -120.0662 53.309887, -120.066196 53.309888, -120.066173 53.309894, -120.066171 53.309895, -120.066183 53.309908, -120.066191 53.309927, -120.066154 53.309928, -120.066135 53.309914, -120.066165 53.309888, -120.066221 53.309875, -120.066232 53.309855, -120.066224 53.309831, -120.066193 53.309833, -120.06615 53.309823, -120.066083 53.30981, -120.066082 53.30979, -120.066081 53.309771, -120.066035 53.309783, -120.066016 53.309757, -120.065979 53.309746, -120.065995 53.309725, -120.065961 53.309706, -120.065929 53.309702, -120.065928 53.309683, -120.065965 53.309685, -120.065978 53.309668, -120.065988 53.309647, -120.065986 53.309644, -120.065971 53.309651, -120.065969 53.309625, -120.065979 53.30961, -120.065979 53.309609, -120.065979 53.309598, -120.065968 53.309575, -120.065981 53.309549, -120.065931 53.309561, -120.065896 53.309542, -120.06587 53.309511, -120.065857 53.309493, -120.065823 53.309485, -120.065785 53.309483, -120.065773 53.309465, -120.065753 53.309505, -120.065742 53.309468, -120.065736 53.309443, -120.065694 53.309434, -120.065694 53.309414, -120.065687 53.309425, -120.0657 53.30939, -120.065707 53.309395, -120.065707 53.309416, -120.065732 53.309379, -120.065755 53.309351, -120.065729 53.309324, -120.065698 53.309337, -120.065686 53.309347, -120.065698 53.309357, -120.065659 53.30937, -120.06567 53.309398, -120.065659 53.309416, -120.06565 53.309377, -120.065649 53.309357, -120.06564 53.309328, -120.065599 53.309374, -120.065602 53.309312, -120.065642 53.309292, -120.065638 53.309274, -120.065618 53.309276, -120.065594 53.309236, -120.06563 53.309221, -120.065689 53.309172, -120.06564 53.309194, -120.065606 53.309213, -120.065579 53.309217, -120.065552 53.309231, -120.065528 53.309231, -120.065566 53.309206, -120.065525 53.309219, -120.065593 53.309177, -120.065577 53.309197, -120.065607 53.309189, -120.06562 53.309151, -120.065634 53.309124, -120.065569 53.309104, -120.065581 53.309081, -120.065601 53.30906, -120.065541 53.309069, -120.065556 53.309041, -120.065585 53.308986, -120.065553 53.308982, -120.065547 53.308964, -120.065588 53.308963, -120.06559 53.308961, -120.065593 53.308944, -120.065586 53.308917, -120.065551 53.308906, -120.065516 53.308906, -120.065492 53.308924, -120.06549 53.308896, -120.065484 53.308878, -120.065457 53.308854, -120.065467 53.308833, -120.065442 53.308823, -120.065414 53.308808, -120.065412 53.308789, -120.065418 53.308764, -120.065423 53.308749, -120.065426 53.308733, -120.065398 53.308719, -120.065392 53.308697, -120.06541 53.308681, -120.06538 53.308662, -120.06535 53.308675, -120.06535 53.308653, -120.06539 53.308653, -120.065426 53.30864, -120.065465 53.308637, -120.065502 53.308608, -120.065443 53.308623, -120.065466 53.308607, -120.065491 53.308577, -120.065462 53.308605, -120.065441 53.308554, -120.065409 53.308557, -120.065392 53.308537, -120.065377 53.308514, -120.0654 53.308481, -120.065454 53.308495, -120.065457 53.308493, -120.065454 53.308493, -120.065446 53.308475, -120.065458 53.308492, -120.065508 53.308492, -120.065553 53.308457, -120.065483 53.308467, -120.065464 53.308439, -120.065447 53.308449, -120.06544 53.308462, -120.065424 53.308456, -120.065429 53.308423, -120.06541 53.308439, -120.065415 53.30842, -120.065413 53.308413, -120.065361 53.308412, -120.065372 53.308371, -120.06537 53.308397, -120.065405 53.308383, -120.0655 53.308287, -120.065521 53.308282, -120.065583 53.308292, -120.065543 53.308317, -120.065583 53.308317, -120.065612 53.308305, -120.065634 53.3083, -120.065642 53.308299, -120.065673 53.308294, -120.065687 53.308292, -120.065707 53.30828, -120.065671 53.308292, -120.065708 53.30827, -120.06573 53.308248, -120.065733 53.308246, -120.065728 53.308248, -120.065703 53.30826, -120.065678 53.308247, -120.06565 53.308236, -120.065642 53.30821, -120.065697 53.30819, -120.065681 53.308155, -120.065718 53.308133, -120.065763 53.308114, -120.065775 53.308094, -120.065792 53.308082, -120.065777 53.308052, -120.065775 53.308005, -120.065734 53.308011, -120.065718 53.308015, -120.065702 53.307997, -120.065652 53.30802, -120.065675 53.308006, -120.06564 53.307985, -120.065665 53.307941, -120.065636 53.307953, -120.065585 53.30795, -120.065568 53.307932, -120.065534 53.307941, -120.06552 53.307945, -120.065502 53.307957, -120.065487 53.307976, -120.065456 53.307956, -120.065457 53.307914, -120.065444 53.30789, -120.065415 53.307882, -120.065419 53.307863, -120.06544 53.307809, -120.065407 53.307781, -120.065411 53.307761, -120.065383 53.307765, -120.065381 53.307788, -120.065359 53.307768, -120.065351 53.307768, -120.065338 53.307779, -120.065331 53.30777, -120.065326 53.307759, -120.065326 53.307757, -120.06529 53.307752, -120.065256 53.307725, -120.06525 53.307753, -120.065252 53.307792, -120.065211 53.307783, -120.065203 53.30776, -120.065167 53.307754, -120.065121 53.307764, -120.065086 53.307747, -120.065067 53.307724, -120.065051 53.30769, -120.065029 53.307675, -120.06501 53.307647, -120.065005 53.307629, -120.064973 53.307623, -120.064946 53.307574, -120.065904 53.307508, -120.065902 53.307504, -120.065903 53.307489, -120.06591 53.307402, -120.065917 53.307352, -120.065904 53.307313, -120.065919 53.307299, -120.065995 53.307256, -120.065996 53.307256, -120.065996 53.307256, -120.065994 53.307256, -120.065926 53.307245, -120.065915 53.307183, -120.065912 53.307183, -120.06594 53.307137, -120.065917 53.307089, -120.065908 53.307037, -120.06592 53.307032, -120.06594 53.306995, -120.065945 53.306993, -120.065929 53.306964, -120.06596 53.306921, -120.065962 53.306918, -120.066037 53.306873, -120.066019 53.30684, -120.066034 53.306774, -120.066063 53.306778, -120.06609 53.306768, -120.066095 53.30673, -120.066143 53.306676, -120.066192 53.306647, -120.066219 53.306655, -120.066218 53.306654, -120.066229 53.306658, -120.066241 53.306589, -120.066204 53.306547, -120.066292 53.306459, -120.066248 53.30642, -120.066257 53.306408, -120.066254 53.306391, -120.066194 53.306408, -120.066245 53.306384, -120.066252 53.306387, -120.066248 53.30638, -120.066238 53.306362, -120.066236 53.306359, -120.066252 53.306335, -120.066262 53.306316, -120.066303 53.306277, -120.066343 53.306233, -120.066358 53.306209, -120.066356 53.306179, -120.066395 53.306166, -120.066472 53.306133, -120.066477 53.306087, -120.066592 53.306055, -120.066645 53.306003, -120.066646 53.305971, -120.066623 53.305932, -120.066631 53.305902, -120.066632 53.305891, -120.06659 53.305869, -120.066553 53.305849, -120.066503 53.305842, -120.066577 53.305811, -120.066615 53.305763, -120.06666 53.305786, -120.06671 53.305722, -120.066714 53.305794, -120.066794 53.305777, -120.066878 53.305648, -120.066939 53.305676, -120.067027 53.305647, -120.067085 53.305597, -120.06706 53.305584, -120.067024 53.305573, -120.067111 53.305587, -120.067112 53.305587, -120.067192 53.305555, -120.067191 53.305527, -120.06724 53.30549, -120.067237 53.30543, -120.067252 53.305441, -120.067311 53.305433, -120.067365 53.305404, -120.067474 53.30539, -120.067536 53.305355, -120.067539 53.305356, -120.067553 53.305357, -120.067568 53.305321, -120.067593 53.305282, -120.067554 53.305237, -120.067535 53.30524, -120.067536 53.305224, -120.067486 53.305221, -120.067391 53.30527, -120.067405 53.305238, -120.067388 53.305222, -120.06736 53.305244, -120.067247 53.305281, -120.067185 53.305284, -120.067114 53.305332, -120.067063 53.305338, -120.06694 53.305284, -120.066831 53.305268, -120.066824 53.305222, -120.066789 53.305157, -120.066863 53.305113, -120.066995 53.305074, -120.067088 53.305041, -120.067141 53.304984, -120.067202 53.304888, -120.067211 53.304887, -120.067224 53.304886, -120.067235 53.304866, -120.067252 53.304878, -120.067263 53.304867, -120.067258 53.304812, -120.067271 53.304766, -120.067291 53.30473, -120.067341 53.304705, -120.067374 53.304688, -120.067472 53.304674, -120.067471 53.304659, -120.067519 53.304633, -120.067553 53.304649, -120.067585 53.304601, -120.067495 53.304602, -120.06752 53.304571, -120.067512 53.304497, -120.067542 53.304506, -120.067584 53.304498, -120.067596 53.304473, -120.067629 53.304422, -120.067577 53.304394, -120.067568 53.30436, -120.067574 53.304328, -120.067514 53.304327, -120.067461 53.304311, -120.067477 53.304327, -120.067414 53.304315, -120.067394 53.304312, -120.067326 53.304348, -120.067245 53.304408, -120.067204 53.304397, -120.067165 53.304405, -120.06706 53.304442, -120.066962 53.304466, -120.066961 53.30439, -120.066939 53.304327, -120.066829 53.304286, -120.066743 53.304258, -120.066703 53.304228, -120.066671 53.30419, -120.066621 53.304166, -120.066571 53.304191, -120.066569 53.304196, -120.066539 53.30422, -120.066506 53.304254, -120.066415 53.304277, -120.066395 53.30429, -120.066376 53.304323, -120.06632 53.304302, -120.066249 53.304273, -120.066196 53.304229, -120.066116 53.304183, -120.066096 53.304136, -120.066073 53.304085, -120.066041 53.304041, -120.066041 53.303976, -120.066042 53.303962, -120.066029 53.303906, -120.065997 53.303897, -120.065991 53.303905, -120.065985 53.303883, -120.065944 53.303863, -120.065891 53.303841, -120.065845 53.303818, -120.065769 53.303794, -120.065728 53.30375, -120.06573 53.303706, -120.065763 53.303671, -120.065774 53.303672, -120.065773 53.303619, -120.065789 53.30362, -120.065838 53.303597, -120.065838 53.303523, -120.065793 53.303503, -120.065734 53.303452, -120.06573 53.303459, -120.0657 53.30341, -120.065616 53.303374, -120.065598 53.303323, -120.065547 53.303291, -120.065475 53.303209, -120.065401 53.303138, -120.065317 53.30307, -120.065344 53.302961, -120.065348 53.302946, -120.065349 53.302941, -120.065365 53.302878, -120.065326 53.302863, -120.065269 53.302847, -120.065196 53.302838, -120.065098 53.302766, -120.065036 53.30275, -120.064952 53.302733, -120.064913 53.302708, -120.064857 53.302632, -120.06482 53.302564, -120.064747 53.302532, -120.064672 53.302471, -120.064622 53.302417, -120.064539 53.302336, -120.064524 53.302311, -120.06452 53.302306, -120.064544 53.302263, -120.064541 53.302264, -120.064532 53.302264, -120.064558 53.302228, -120.064559 53.302198, -120.064501 53.302217, -120.064411 53.302224, -120.064344 53.302256, -120.064309 53.30231, -120.064187 53.302298, -120.064111 53.302236, -120.064012 53.302123, -120.064017 53.302062, -120.064008 53.301987, -120.063999 53.301979, -120.064002 53.301962, -120.063996 53.301956, -120.064001 53.301954, -120.064 53.301951, -120.064006 53.301941, -120.06401 53.301934, -120.064047 53.301882, -120.064046 53.301853, -120.064046 53.301831, -120.064068 53.301786, -120.06411 53.301722, -120.064133 53.301709, -120.064221 53.301708, -120.064255 53.301712, -120.064299 53.301647, -120.064318 53.301676, -120.064372 53.301683, -120.064379 53.301668, -120.064391 53.301679, -120.064399 53.301686, -120.064429 53.301679, -120.064473 53.301683, -120.064548 53.301684, -120.064607 53.301669, -120.06472 53.301677, -120.064805 53.301662, -120.064909 53.301663, -120.064993 53.301671, -120.065021 53.301673, -120.06506 53.301683, -120.065076 53.301661, -120.065039 53.301658, -120.064999 53.301661, -120.064996 53.301643, -120.064995 53.301617, -120.065002 53.301599, -120.065035 53.301594, -120.065015 53.301575, -120.065025 53.301593, -120.064993 53.301578, -120.064998 53.301564, -120.064998 53.301563, -120.065 53.301557, -120.06502 53.301537, -120.065055 53.301521, -120.065085 53.301519, -120.065071 53.3015, -120.065095 53.301483, -120.065064 53.301471, -120.065032 53.30147, -120.065054 53.301451, -120.065057 53.301436, -120.065058 53.301432, -120.065092 53.301404, -120.065108 53.30142, -120.065129 53.30143, -120.065132 53.301432, -120.065129 53.301428, -120.065118 53.301415, -120.06512 53.301383, -120.065097 53.301369, -120.065081 53.301352, -120.065119 53.301358, -120.065148 53.301365, -120.065151 53.301366, -120.065148 53.301365, -120.065115 53.301353, -120.065141 53.301335, -120.065143 53.301329, -120.065143 53.301328, -120.065147 53.301314, -120.065144 53.301278, -120.065111 53.301302, -120.065097 53.301322, -120.065092 53.301299, -120.065071 53.301254, -120.065071 53.301234, -120.06511 53.301236, -120.065148 53.301229, -120.065183 53.301233, -120.065165 53.301218, -120.065181 53.301202, -120.065151 53.3012, -120.065149 53.301182, -120.065147 53.301161, -120.065153 53.301127, -120.065205 53.301125, -120.065178 53.301111, -120.065172 53.301094, -120.065171 53.301091, -120.06519 53.301073, -120.065207 53.301076, -120.065231 53.301081, -120.065241 53.301057, -120.065251 53.301037, -120.065255 53.301017, -120.065228 53.301011, -120.065253 53.301007, -120.065282 53.300999, -120.0653 53.301013, -120.065305 53.30101, -120.065304 53.301012, -120.065284 53.301027, -120.065307 53.301038, -120.065331 53.301049, -120.065299 53.301046, -120.065312 53.301066, -120.065278 53.301066, -120.065256 53.301081, -120.065282 53.30109, -120.065294 53.301108, -120.065305 53.301128, -120.065299 53.301136, -120.065296 53.30115, -120.065332 53.301154, -120.065275 53.301164, -120.065305 53.301192, -120.065335 53.301196, -120.065336 53.301218, -120.065335 53.301247, -120.065367 53.30126, -120.065399 53.301254, -120.065442 53.301252, -120.065436 53.301228, -120.065415 53.301213, -120.065425 53.301189, -120.065432 53.301158, -120.06539 53.301166, -120.065416 53.301147, -120.06544 53.301158, -120.065473 53.301154, -120.065473 53.301133, -120.065501 53.301114, -120.065477 53.301092, -120.065474 53.301073, -120.065439 53.301091, -120.065454 53.301074, -120.065447 53.301053, -120.065444 53.301028, -120.065431 53.301009, -120.065411 53.300992, -120.06543 53.300975, -120.065423 53.30095, -120.06543 53.300941, -120.065439 53.30093, -120.065408 53.300926, -120.065333 53.300917, -120.065299 53.300903, -120.065278 53.300881, -120.065311 53.300874, -120.065335 53.300851, -120.065367 53.300849, -120.065399 53.30085, -120.065436 53.300862, -120.065478 53.300874, -120.065511 53.300874, -120.065545 53.300862, -120.065531 53.300886, -120.065557 53.300877, -120.065576 53.30086, -120.065554 53.300843, -120.065553 53.300823, -120.065542 53.300794, -120.065567 53.300784, -120.065587 53.30077, -120.065599 53.300746, -120.065585 53.300724, -120.065572 53.300704, -120.065519 53.300711, -120.065496 53.300724, -120.065468 53.300742, -120.065468 53.300743, -120.065444 53.300726, -120.065411 53.300734, -120.065444 53.300746, -120.06546 53.300776, -120.065416 53.300754, -120.065377 53.300748, -120.065392 53.300773, -120.06536 53.300766, -120.065324 53.300764, -120.065331 53.300792, -120.065291 53.300785, -120.065276 53.300811, -120.065271 53.300785, -120.065228 53.300763, -120.065184 53.300756, -120.06522 53.300754, -120.065182 53.300741, -120.065164 53.300735, -120.065174 53.300757, -120.065159 53.300761, -120.06514 53.300765, -120.065122 53.30075, -120.065093 53.300742, -120.065053 53.300743, -120.065074 53.300728, -120.065046 53.300716, -120.065031 53.300709, -120.06501 53.3007, -120.06497 53.300686, -120.064948 53.300712, -120.064949 53.300731, -120.06498 53.30073, -120.064991 53.300729, -120.06497 53.300748, -120.064958 53.300772, -120.064943 53.300776, -120.064924 53.300782, -120.064882 53.300778, -120.064853 53.300782, -120.064829 53.300786, -120.0648 53.300792, -120.064774 53.300802, -120.064754 53.300788, -120.06472 53.30081, -120.064685 53.300811, -120.064645 53.300804, -120.064634 53.300787, -120.064609 53.300769, -120.064568 53.300794, -120.06459 53.300813, -120.064548 53.300809, -120.06452 53.300779, -120.064477 53.300788, -120.064477 53.300769, -120.06447 53.30075, -120.064457 53.300722, -120.064458 53.300701, -120.064473 53.30068, -120.064471 53.300657, -120.064437 53.300673, -120.06444 53.30065, -120.064445 53.300644, -120.064448 53.30064, -120.064459 53.300625, -120.064464 53.300606, -120.064434 53.300586, -120.064432 53.300561, -120.064426 53.30054, -120.064465 53.300542, -120.064488 53.300523, -120.064524 53.300525, -120.064526 53.300525, -120.064523 53.300523, -120.064497 53.300509, -120.064481 53.300489, -120.064494 53.300464, -120.064445 53.300463, -120.064418 53.30049, -120.06441 53.300471, -120.064403 53.300451, -120.064435 53.300457, -120.064454 53.300433, -120.06448 53.30042, -120.064508 53.300411, -120.064537 53.300418, -120.064566 53.300414, -120.064599 53.300405, -120.0646 53.300426, -120.064568 53.300451, -120.064601 53.30045, -120.064632 53.300446, -120.06464 53.300453, -120.064648 53.300459, -120.064654 53.300458, -120.064689 53.300454, -120.064695 53.300435, -120.06473 53.300443, -120.064748 53.300459, -120.064745 53.300435, -120.064717 53.300427, -120.064716 53.300413, -120.064716 53.300408, -120.064723 53.30039, -120.064724 53.300368, -120.064757 53.300358, -120.064778 53.300371, -120.064798 53.300354, -120.064832 53.300339, -120.064866 53.300338, -120.064869 53.300343, -120.064876 53.300357, -120.064877 53.300342, -120.064881 53.300341, -120.06489 53.300354, -120.06491 53.300368, -120.064881 53.300364, -120.0649 53.30038, -120.064922 53.30036, -120.064898 53.300348, -120.064934 53.300348, -120.06495 53.300328, -120.064968 53.300316, -120.064972 53.300314, -120.064994 53.3003, -120.064991 53.300295, -120.064977 53.300278, -120.064967 53.30026, -120.06498 53.300258, -120.065007 53.300255, -120.064987 53.300231, -120.065021 53.30023, -120.065046 53.300218, -120.065079 53.300201, -120.065056 53.300184, -120.065054 53.300159, -120.065082 53.300148, -120.065102 53.300162, -120.065145 53.300166, -120.065131 53.300146, -120.065125 53.300123, -120.065118 53.300105, -120.065112 53.30006, -120.065089 53.30008, -120.065052 53.300111, -120.06505 53.300091, -120.06506 53.300058, -120.065028 53.300084, -120.065018 53.300084, -120.065018 53.300084, -120.064999 53.300083, -120.064979 53.300082, -120.064956 53.300082, -120.064956 53.300082, -120.06495 53.300101, -120.064945 53.300119, -120.064941 53.300124, -120.064947 53.300138, -120.064932 53.300137, -120.064908 53.300135, -120.064907 53.300135, -120.064907 53.300136, -120.064885 53.30013, -120.064854 53.300159, -120.064847 53.300134, -120.064843 53.300106, -120.064836 53.300088, -120.06482 53.300065, -120.064829 53.300041, -120.064829 53.300041, -120.064794 53.300039, -120.064771 53.300005, -120.064796 53.299994, -120.064846 53.299994, -120.064859 53.300022, -120.064854 53.300039, -120.064884 53.300035, -120.064934 53.300027, -120.064967 53.300025, -120.064958 53.300007, -120.064948 53.3, -120.064952 53.299995, -120.064949 53.299975, -120.064936 53.299957, -120.064965 53.299952, -120.065 53.299933, -120.06503 53.29994, -120.065035 53.299947, -120.065036 53.299947, -120.065047 53.299961, -120.065072 53.29995, -120.065049 53.299948, -120.065041 53.299944, -120.065041 53.299943, -120.06509 53.299914, -120.065056 53.299913, -120.065044 53.299889, -120.065033 53.29987, -120.065066 53.299882, -120.065081 53.299866, -120.065116 53.299858, -120.065123 53.299857, -120.065145 53.299855, -120.065154 53.299854, -120.065165 53.299837, -120.065146 53.299819, -120.065151 53.299799, -120.06515 53.299797, -120.06512 53.299786, -120.065114 53.299769, -120.065113 53.299765, -120.065105 53.299745, -120.065106 53.299759, -120.065106 53.299775, -120.065068 53.299777, -120.065054 53.29976, -120.065083 53.29974, -120.065077 53.299735, -120.065058 53.299732, -120.065061 53.299721, -120.065063 53.299714, -120.065083 53.299736, -120.065084 53.299736, -120.065079 53.299723, -120.065076 53.299715, -120.065076 53.299714, -120.065073 53.299705, -120.065102 53.299714, -120.065136 53.299716, -120.065169 53.299708, -120.065195 53.299721, -120.065224 53.299713, -120.065256 53.299709, -120.065265 53.299728, -120.06526 53.299748, -120.06529 53.299762, -120.065303 53.299778, -120.065312 53.299777, -120.065316 53.299782, -120.065343 53.299778, -120.065358 53.299756, -120.06539 53.299753, -120.065422 53.29975, -120.06543 53.299754, -120.065446 53.299762, -120.065492 53.299764, -120.065493 53.299786, -120.065523 53.299791, -120.065555 53.29979, -120.065615 53.299799, -120.065652 53.299786, -120.065618 53.299777, -120.065602 53.299759, -120.065575 53.299742, -120.065622 53.299729, -120.065631 53.299709, -120.065612 53.299691, -120.06561 53.299681, -120.06561 53.29968, -120.065607 53.299669, -120.065617 53.299646, -120.065612 53.299628, -120.065594 53.299624, -120.065582 53.299621, -120.065566 53.299615, -120.065534 53.299623, -120.065507 53.299613, -120.065486 53.299592, -120.065522 53.29959, -120.065562 53.299579, -120.065579 53.299581, -120.065625 53.299573, -120.065652 53.299586, -120.065684 53.299577, -120.065679 53.299558, -120.065678 53.299555, -120.06568 53.299531, -120.06569 53.299524, -120.065701 53.299542, -120.065747 53.299535, -120.065723 53.299511, -120.065737 53.299487, -120.065736 53.299486, -120.065726 53.299465, -120.065749 53.299453, -120.065755 53.299433, -120.065801 53.299429, -120.06577 53.299415, -120.065739 53.299402, -120.065736 53.299393, -120.065734 53.299386, -120.065731 53.299376, -120.065738 53.29936, -120.06573 53.299363, -120.065715 53.299346, -120.065692 53.299333, -120.065662 53.299334, -120.065671 53.299314, -120.065647 53.299299, -120.065611 53.299327, -120.065596 53.299305, -120.065596 53.299296, -120.065596 53.299296, -120.065595 53.29928, -120.065629 53.299276, -120.065651 53.299253, -120.065659 53.299233, -120.065639 53.299255, -120.065599 53.299204, -120.065632 53.299209, -120.065664 53.299207, -120.065666 53.299185, -120.065634 53.299175, -120.065619 53.299198, -120.065626 53.299166, -120.065607 53.29915, -120.065575 53.299139, -120.065541 53.299134, -120.065538 53.299158, -120.065514 53.29914, -120.06552 53.299112, -120.065575 53.299111, -120.065575 53.299091, -120.06561 53.2991, -120.065639 53.299106, -120.065678 53.299121, -120.065717 53.299133, -120.065731 53.299109, -120.065719 53.299082, -120.06569 53.299061, -120.06571 53.299046, -120.065713 53.299041, -120.065713 53.299041, -120.06572 53.299028, -120.065751 53.299032, -120.06579 53.299033, -120.065796 53.299015, -120.065789 53.298994, -120.06579 53.298964, -120.065819 53.298955, -120.065871 53.29896, -120.065881 53.29898, -120.065914 53.298993, -120.065952 53.299023, -120.065992 53.299023, -120.065976 53.299005, -120.065954 53.298976, -120.065919 53.298969, -120.065918 53.29895, -120.065908 53.298942, -120.065908 53.298941, -120.065896 53.298931, -120.065918 53.298918, -120.065954 53.298939, -120.065982 53.298929, -120.065988 53.298905, -120.066009 53.298889, -120.065996 53.298868, -120.066008 53.298849, -120.06601 53.298849, -120.066013 53.298848, -120.06604 53.298841, -120.066097 53.298834, -120.066135 53.29883, -120.06616 53.298836, -120.066157 53.298834, -120.066143 53.298816, -120.06613 53.298794, -120.066207 53.29881, -120.066213 53.298832, -120.066214 53.298812, -120.066233 53.298798, -120.066257 53.298782, -120.066257 53.298774, -120.066257 53.298772, -120.066256 53.298763, -120.066252 53.29874, -120.066216 53.298726, -120.066173 53.298705, -120.066205 53.298695, -120.066213 53.298662, -120.066245 53.298663, -120.066242 53.298639, -120.066216 53.298623, -120.066219 53.298604, -120.066254 53.29861, -120.066262 53.298598, -120.066264 53.298596, -120.06627 53.298588, -120.066235 53.298573, -120.066215 53.298554, -120.066187 53.298547, -120.06618 53.298528, -120.066153 53.298517, -120.066155 53.298499, -120.066184 53.29849, -120.066186 53.298464, -120.066146 53.298458, -120.066138 53.29844, -120.06603 53.298465, -120.066013 53.298428, -120.065977 53.298386, -120.06598 53.298383, -120.066007 53.298393, -120.066008 53.29839, -120.065997 53.298378, -120.066009 53.298387, -120.066014 53.298383, -120.066017 53.29838, -120.066039 53.298359, -120.066078 53.298349, -120.06607 53.298343, -120.066062 53.298337, -120.066058 53.298334, -120.066057 53.298327, -120.066069 53.298317, -120.066068 53.298312, -120.066064 53.298293, -120.066051 53.298282, -120.066039 53.298272, -120.066014 53.298258, -120.066019 53.298239, -120.06605 53.298245, -120.066065 53.298261, -120.066094 53.298246, -120.066109 53.298224, -120.066125 53.298204, -120.066109 53.298183, -120.066073 53.298179, -120.066049 53.298166, -120.066023 53.298178, -120.065991 53.298167, -120.066013 53.298151, -120.066021 53.298133, -120.065991 53.298125, -120.065946 53.298128, -120.065918 53.298118, -120.0659 53.298091, -120.065884 53.29807, -120.065869 53.298054, -120.065855 53.298028, -120.065873 53.29801, -120.065859 53.297988, -120.065825 53.297984, -120.065794 53.297977, -120.065783 53.297959, -120.065776 53.297985, -120.065742 53.297975, -120.065713 53.297947, -120.06571 53.297916, -120.065687 53.297892, -120.065661 53.297901, -120.065652 53.297922, -120.065662 53.297954, -120.065667 53.297973, -120.065629 53.297977, -120.065604 53.297953, -120.065605 53.297975, -120.065634 53.297986, -120.065621 53.298016, -120.06556 53.298026, -120.065532 53.297978, -120.065506 53.297943, -120.0655 53.297935, -120.065532 53.297921, -120.065523 53.297896, -120.065564 53.297904, -120.065635 53.297908, -120.065602 53.297894, -120.065589 53.297875, -120.065588 53.297857, -120.065585 53.297855, -120.065556 53.297842, -120.065541 53.297825, -120.065501 53.297812, -120.065517 53.297794, -120.065536 53.297776, -120.065566 53.297773, -120.065611 53.297784, -120.065637 53.297765, -120.065645 53.29778, -120.065712 53.297769, -120.065752 53.297771, -120.065766 53.297754, -120.065784 53.297739, -120.065766 53.297732, -120.065763 53.297731, -120.06575 53.297725, -120.065715 53.297711, -120.065701 53.297694, -120.065674 53.297669, -120.065668 53.297651, -120.065714 53.297642, -120.065741 53.297651, -120.065787 53.297647, -120.065776 53.297629, -120.065762 53.297603, -120.065762 53.297603, -120.065757 53.297595, -120.065771 53.297573, -120.065792 53.297556, -120.065761 53.297556, -120.065727 53.297561, -120.065696 53.297562, -120.065662 53.297543, -120.065631 53.297545, -120.065605 53.297515, -120.065603 53.297494, -120.065568 53.297488, -120.065555 53.297505, -120.065553 53.297532, -120.065574 53.297549, -120.065592 53.297534, -120.065582 53.297557, -120.065553 53.297575, -120.06554 53.297572, -120.065558 53.297585, -120.065565 53.297591, -120.065569 53.297596, -120.065583 53.297613, -120.06558 53.297615, -120.06554 53.297642, -120.065479 53.297645, -120.065449 53.297651, -120.065472 53.297671, -120.065508 53.297669, -120.065492 53.297702, -120.065438 53.297695, -120.065412 53.297708, -120.065384 53.297717, -120.06537 53.297676, -120.065349 53.29765, -120.065331 53.29768, -120.0653 53.297657, -120.065253 53.297631, -120.065218 53.297647, -120.065193 53.297626, -120.065172 53.297611, -120.065141 53.297592, -120.065132 53.297589, -120.065131 53.297589, -120.06509 53.297579, -120.065061 53.29756, -120.065046 53.297536, -120.065015 53.297549, -120.065024 53.29757, -120.064966 53.297568, -120.064932 53.297544, -120.064916 53.297507, -120.064944 53.297489, -120.064975 53.297478, -120.065006 53.29746, -120.065052 53.297479, -120.065082 53.297485, -120.065107 53.297497, -120.065137 53.297498, -120.065114 53.297527, -120.065192 53.297498, -120.065183 53.29748, -120.065188 53.297466, -120.065189 53.297464, -120.06519 53.297462, -120.065176 53.297444, -120.065141 53.29745, -120.065131 53.297427, -120.065132 53.2974, -120.065095 53.297398, -120.065052 53.297385, -120.06503 53.297357, -120.065034 53.29738, -120.065016 53.297365, -120.064997 53.29738, -120.064996 53.297337, -120.064996 53.297336, -120.065 53.297316, -120.065003 53.297303, -120.065041 53.297312, -120.065033 53.297289, -120.065008 53.297276, -120.065034 53.297247, -120.065031 53.297229, -120.065004 53.297251, -120.064967 53.297257, -120.064943 53.297276, -120.064906 53.297281, -120.064865 53.297288, -120.064832 53.297268, -120.064795 53.297271, -120.064759 53.297262, -120.064743 53.297246, -120.064742 53.297216, -120.064735 53.297203, -120.064727 53.297188, -120.064722 53.297179, -120.0647 53.297145, -120.064674 53.297155, -120.064691 53.297173, -120.06466 53.297167, -120.064695 53.297186, -120.06473 53.297201, -120.06469 53.297207, -120.064652 53.297208, -120.064652 53.29721, -120.064654 53.297227, -120.064634 53.297243, -120.064622 53.297227, -120.064621 53.297224, -120.06462 53.297224, -120.064589 53.297237, -120.064571 53.297225, -120.064567 53.297223, -120.064565 53.297226, -120.064556 53.297227, -120.064551 53.297239, -120.064549 53.297243, -120.064547 53.297242, -120.064543 53.297237, -120.064541 53.297244, -120.064531 53.297247, -120.064497 53.297256, -120.064499 53.297268, -120.0645 53.297276, -120.064499 53.297301, -120.064533 53.297311, -120.0645 53.297322, -120.064465 53.297336, -120.064437 53.29731, -120.064411 53.297295, -120.064391 53.297309, -120.064382 53.297333, -120.06436 53.29732, -120.064358 53.297347, -120.064342 53.297328, -120.064297 53.297342, -120.064285 53.297324, -120.064246 53.297322, -120.064213 53.297319, -120.064213 53.297337, -120.064159 53.297327, -120.064199 53.297344, -120.06417 53.297352, -120.064144 53.297328, -120.064098 53.29733, -120.064072 53.297316, -120.064042 53.297299, -120.064066 53.297317, -120.064055 53.297341, -120.06403 53.297323, -120.064015 53.297293, -120.063996 53.297311, -120.064014 53.297313, -120.063996 53.297332, -120.063954 53.297328, -120.06395 53.29735, -120.063888 53.297372, -120.063909 53.297394, -120.063925 53.29739, -120.063925 53.297394, -120.063917 53.297404, -120.063917 53.297405, -120.063909 53.297416, -120.063878 53.297432, -120.063904 53.297431, -120.063945 53.297438, -120.063975 53.29744, -120.063966 53.297467, -120.06403 53.297438, -120.064062 53.297437, -120.064028 53.297451, -120.064016 53.297479, -120.063976 53.297498, -120.063974 53.297508, -120.063974 53.297508, -120.063972 53.297527, -120.063945 53.297548, -120.063878 53.297593, -120.063899 53.297569, -120.063886 53.29754, -120.063827 53.29752, -120.063849 53.297538, -120.06386 53.297555, -120.063817 53.29754, -120.063783 53.297545, -120.063741 53.297521, -120.063721 53.297505, -120.063693 53.297482, -120.063668 53.29746, -120.063696 53.297452, -120.063702 53.297456, -120.063714 53.297452, -120.063723 53.297428, -120.063724 53.2974, -120.063682 53.297403, -120.06367 53.297376, -120.063646 53.29736, -120.063681 53.297366, -120.063652 53.297351, -120.063649 53.297329, -120.063609 53.297319, -120.063635 53.297306, -120.063659 53.29729, -120.063679 53.297276, -120.06368 53.297272, -120.06368 53.297271, -120.063687 53.297244, -120.063717 53.297241, -120.063702 53.297225, -120.063724 53.297209, -120.063748 53.297196, -120.063743 53.297175, -120.063765 53.297159, -120.063733 53.297149, -120.063713 53.297135, -120.063731 53.297113, -120.063735 53.297091, -120.063739 53.297092, -120.063738 53.297081, -120.063756 53.297097, -120.063758 53.297097, -120.063804 53.297088, -120.063846 53.297096, -120.063845 53.297069, -120.063852 53.297065, -120.063851 53.297065, -120.063852 53.297065, -120.063872 53.297054, -120.063854 53.297038, -120.063867 53.297019, -120.06387 53.297013, -120.063869 53.297013, -120.063852 53.297006, -120.063839 53.297, -120.063835 53.296998, -120.0638 53.296993, -120.063774 53.296979, -120.063802 53.296968, -120.063799 53.296962, -120.063799 53.296962, -120.063793 53.296947, -120.063766 53.296919, -120.063796 53.296932, -120.063776 53.296917, -120.063771 53.29691, -120.063771 53.296909, -120.063764 53.296899, -120.063736 53.29688, -120.063706 53.296873, -120.063731 53.296854, -120.063777 53.296858, -120.063743 53.296849, -120.063729 53.296832, -120.063718 53.296829, -120.063718 53.296829, -120.063685 53.296822, -120.063687 53.296797, -120.063673 53.2968, -120.06368 53.296779, -120.063642 53.296782, -120.063629 53.296759, -120.063604 53.296748, -120.0636 53.29673, -120.063604 53.296723, -120.063589 53.296701, -120.06356 53.296693, -120.063563 53.296717, -120.063552 53.29669, -120.063562 53.296665, -120.063525 53.296657, -120.063509 53.296673, -120.063516 53.296699, -120.063489 53.296716, -120.063446 53.296703, -120.06343 53.296684, -120.063439 53.296667, -120.063409 53.296657, -120.063394 53.296648, -120.063363 53.296643, -120.063341 53.296609, -120.063338 53.296631, -120.063329 53.296612, -120.06334 53.296591, -120.063355 53.296574, -120.063383 53.296556, -120.063405 53.296568, -120.063449 53.296582, -120.063492 53.296583, -120.06352 53.296573, -120.063478 53.296544, -120.063449 53.296527, -120.063451 53.296508, -120.063477 53.296498, -120.063514 53.296497, -120.063546 53.296501, -120.063564 53.296483, -120.063545 53.296469, -120.063507 53.296451, -120.063532 53.29644, -120.063563 53.296421, -120.063552 53.296399, -120.063547 53.296379, -120.063557 53.296345, -120.063525 53.296327, -120.063494 53.296315, -120.063516 53.296302, -120.063504 53.296277, -120.063472 53.296274, -120.063474 53.296292, -120.063473 53.296311, -120.063454 53.296326, -120.063442 53.296308, -120.063412 53.296315, -120.063379 53.2963, -120.063415 53.296303, -120.063396 53.296278, -120.063363 53.296282, -120.063352 53.296257, -120.063336 53.296241, -120.063317 53.296207, -120.06329 53.296206, -120.063259 53.296195, -120.063235 53.296214, -120.063226 53.29619, -120.063237 53.296169, -120.063267 53.296173, -120.063275 53.296179, -120.063293 53.296193, -120.063331 53.296202, -120.063345 53.29622, -120.063392 53.296224, -120.063447 53.296208, -120.063454 53.296206, -120.063456 53.296209, -120.063491 53.296203, -120.06349 53.296226, -120.063525 53.296238, -120.063554 53.296243, -120.063591 53.296248, -120.06361 53.296269, -120.063597 53.296282, -120.063616 53.296279, -120.063591 53.296289, -120.063601 53.296304, -120.063638 53.296315, -120.06367 53.296317, -120.063681 53.296335, -120.06371 53.29633, -120.063743 53.296337, -120.063752 53.296355, -120.063797 53.296354, -120.063805 53.296373, -120.063834 53.296382, -120.06386 53.296394, -120.063891 53.296384, -120.063867 53.296416, -120.063855 53.296453, -120.063823 53.296448, -120.063801 53.296466, -120.063764 53.296424, -120.063744 53.296438, -120.063745 53.296444, -120.06375 53.296473, -120.063756 53.296492, -120.063756 53.296515, -120.063755 53.296517, -120.06377 53.296505, -120.063754 53.296525, -120.06377 53.296537, -120.063816 53.296541, -120.063798 53.296566, -120.063784 53.296585, -120.063836 53.296595, -120.06382 53.296611, -120.063854 53.296613, -120.063884 53.296603, -120.063909 53.296615, -120.063915 53.296633, -120.063918 53.296652, -120.063945 53.296663, -120.063964 53.296677, -120.064026 53.296686, -120.064002 53.296712, -120.064031 53.296707, -120.064057 53.296697, -120.064066 53.29668, -120.064092 53.29666, -120.064106 53.29668, -120.064123 53.296697, -120.064154 53.296703, -120.064177 53.296682, -120.064183 53.29666, -120.064214 53.296661, -120.064219 53.29668, -120.06422 53.296699, -120.064236 53.296678, -120.064267 53.296691, -120.064249 53.296718, -120.064212 53.296733, -120.064233 53.296752, -120.064257 53.296767, -120.064289 53.296787, -120.064309 53.296763, -120.064315 53.296794, -120.064344 53.296791, -120.064332 53.296807, -120.064365 53.29681, -120.064374 53.296808, -120.064374 53.296809, -120.064374 53.296808, -120.064419 53.296798, -120.064456 53.296794, -120.064455 53.296813, -120.064476 53.29683, -120.064449 53.29685, -120.064428 53.296877, -120.064401 53.296864, -120.064372 53.296857, -120.064363 53.296887, -120.064348 53.296906, -120.064354 53.296927, -120.064333 53.296941, -120.06435 53.296961, -120.064357 53.296993, -120.064319 53.297003, -120.064361 53.297011, -120.064342 53.297029, -120.064328 53.29704, -120.064321 53.297046, -120.064346 53.297062, -120.064313 53.29705, -120.064321 53.297068, -120.064329 53.297109, -120.064342 53.297091, -120.064356 53.297114, -120.064357 53.297137, -120.064372 53.29713, -120.064386 53.297144, -120.064423 53.297162, -120.064424 53.297139, -120.064472 53.297156, -120.064503 53.297171, -120.064491 53.297188, -120.064481 53.297201, -120.064489 53.297206, -120.064519 53.297199, -120.06452 53.297199, -120.064521 53.297198, -120.064543 53.297184, -120.064552 53.297213, -120.064562 53.297221, -120.064567 53.297204, -120.064581 53.297192, -120.064581 53.29719, -120.064575 53.297183, -120.064584 53.297182, -120.064585 53.297178, -120.064592 53.297151, -120.064595 53.297145, -120.064598 53.297141, -120.064602 53.297133, -120.064617 53.297111, -120.064661 53.2971, -120.064682 53.297087, -120.064704 53.297064, -120.064653 53.297071, -120.064636 53.297049, -120.064628 53.297029, -120.064589 53.297023, -120.064623 53.297009, -120.064668 53.296984, -120.064691 53.296968, -120.064665 53.296957, -120.06469 53.296948, -120.064725 53.296945, -120.064743 53.296925, -120.064755 53.296906, -120.064748 53.296881, -120.064721 53.296861, -120.064683 53.296863, -120.06465 53.296857, -120.064663 53.296836, -120.064681 53.29682, -120.064651 53.296811, -120.06464 53.296788, -120.064672 53.29678, -120.064702 53.296775, -120.064722 53.296762, -120.06468 53.296746, -120.064712 53.296735, -120.064746 53.296722, -120.064722 53.296706, -120.064711 53.296682, -120.064728 53.29666, -120.064764 53.296656, -120.064764 53.296657, -120.064794 53.296666, -120.064827 53.296659, -120.064832 53.296641, -120.064845 53.296615, -120.064814 53.2966, -120.064845 53.296599, -120.064885 53.296612, -120.064889 53.296589, -120.064924 53.296579, -120.064971 53.29659, -120.065 53.296601, -120.065041 53.296599, -120.065072 53.296594, -120.065103 53.296585, -120.065082 53.296571, -120.065085 53.296552, -120.065081 53.296534, -120.065072 53.296516, -120.065053 53.296497, -120.0651 53.296486, -120.065116 53.296466, -120.065142 53.296458, -120.065151 53.296433, -120.065126 53.29642, -120.065104 53.296407, -120.0651 53.296386, -120.065094 53.296366, -120.065128 53.296363, -120.065171 53.296372, -120.065214 53.29637, -120.065245 53.296373, -120.065264 53.296359, -120.065282 53.296344, -120.065304 53.296328, -120.065335 53.296337, -120.065358 53.296319, -120.065399 53.29631, -120.06543 53.296315, -120.065463 53.29631, -120.065459 53.296291, -120.065459 53.296268, -120.065436 53.296255, -120.065408 53.296247, -120.065397 53.29623, -120.065428 53.296232, -120.065445 53.296217, -120.065439 53.296179, -120.065471 53.296191, -120.06549 53.296206, -120.065518 53.29622, -120.065556 53.296222, -120.06559 53.296224, -120.065573 53.296239, -120.065605 53.296242, -120.06564 53.296236, -120.065675 53.296256, -120.065646 53.296274, -120.065648 53.296295, -120.065673 53.296306, -120.065689 53.296326, -120.065715 53.296316, -120.065743 53.296305, -120.065786 53.296298, -120.06582 53.296289, -120.065795 53.296302, -120.065816 53.296317, -120.065792 53.296341, -120.065772 53.296357, -120.065803 53.296349, -120.065835 53.29634, -120.065842 53.296363, -120.065853 53.29638, -120.065887 53.29636, -120.065917 53.296352, -120.065916 53.29633, -120.065932 53.296315, -120.065938 53.296294, -120.065907 53.296285, -120.06588 53.296275, -120.065905 53.296257, -120.065923 53.296254, -120.065928 53.296238, -120.065892 53.296229, -120.065916 53.296216, -120.065959 53.296218, -120.065991 53.296212, -120.065981 53.296188, -120.066028 53.296187, -120.066059 53.2962, -120.066095 53.296202, -120.066122 53.296186, -120.066108 53.296168, -120.0661 53.296143, -120.066068 53.296138, -120.066027 53.29613, -120.06603 53.296111, -120.066004 53.296099, -120.065973 53.296086, -120.065996 53.296067, -120.066007 53.296044, -120.066001 53.29602, -120.066014 53.295997, -120.065992 53.295983, -120.06596 53.295998, -120.065944 53.295969, -120.065977 53.295949, -120.06599 53.29593, -120.066027 53.295904, -120.066051 53.295891, -120.066086 53.295897, -120.066098 53.295871, -120.066115 53.295851, -120.066151 53.295856, -120.06618 53.295841, -120.066141 53.295814, -120.066134 53.295783, -120.066108 53.295772, -120.066082 53.295756, -120.066068 53.295738, -120.066084 53.295721, -120.066122 53.295717, -120.066176 53.295704, -120.06621 53.295676, -120.066255 53.295691, -120.066288 53.295682, -120.066316 53.295654, -120.066332 53.295638, -120.066377 53.29565, -120.066374 53.295631, -120.066388 53.295607, -120.066425 53.295606, -120.066455 53.295615, -120.066441 53.295632, -120.066495 53.295635, -120.066462 53.295621, -120.066503 53.295605, -120.066465 53.295609, -120.066466 53.295586, -120.066449 53.295574, -120.066441 53.295568, -120.066438 53.295566, -120.066445 53.295546, -120.066426 53.295529, -120.066448 53.295516, -120.066506 53.295521, -120.066537 53.295519, -120.066575 53.29553, -120.06659 53.29555, -120.06661 53.295566, -120.066593 53.295573, -120.066616 53.295587, -120.066644 53.29558, -120.06666 53.295585, -120.06666 53.295585, -120.066641 53.295588, -120.066672 53.295589, -120.066661 53.295585, -120.066662 53.295585, -120.066663 53.295585, -120.066671 53.295584, -120.066708 53.295583, -120.066748 53.295603, -120.066758 53.29562, -120.066766 53.295601, -120.066789 53.295619, -120.066819 53.295632, -120.066851 53.295623, -120.066878 53.295636, -120.066914 53.295644, -120.066899 53.295625, -120.066879 53.295607, -120.066869 53.295585, -120.066844 53.295571, -120.06681 53.295577, -120.066775 53.295585, -120.066744 53.295587, -120.066745 53.295566, -120.06672 53.295551, -120.066709 53.295529, -120.066752 53.295519, -120.066741 53.295499, -120.066757 53.295477, -120.066758 53.295458, -120.06673 53.295443, -120.066753 53.295426, -120.066795 53.295443, -120.066807 53.295423, -120.066781 53.29541, -120.066786 53.295389, -120.066823 53.295367, -120.066831 53.295345, -120.066789 53.29535, -120.066775 53.29532, -120.066745 53.295308, -120.066754 53.295284, -120.066769 53.295274, -120.066825 53.295274, -120.066828 53.295259, -120.066828 53.295259, -120.066831 53.295243, -120.066792 53.295249, -120.066792 53.29527, -120.066771 53.295257, -120.066741 53.295262, -120.066719 53.295249, -120.066724 53.295227, -120.066741 53.295203, -120.066727 53.295186, -120.066705 53.295163, -120.066712 53.295141, -120.066689 53.295153, -120.066684 53.295134, -120.066683 53.295133, -120.066674 53.295138, -120.066643 53.295144, -120.066615 53.295156, -120.066586 53.295176, -120.066585 53.295177, -120.066576 53.295179, -120.066557 53.295184, -120.066532 53.295161, -120.066534 53.295139, -120.066546 53.295117, -120.066555 53.295111, -120.066556 53.295111, -120.066569 53.295102, -120.066603 53.295086, -120.066621 53.295068, -120.066631 53.29507, -120.066652 53.295073, -120.066682 53.295077, -120.066654 53.295061, -120.066644 53.295042, -120.066635 53.295042, -120.066604 53.295043, -120.066614 53.295025, -120.066639 53.295015, -120.066642 53.295014, -120.066658 53.294998, -120.066642 53.294992, -120.06663 53.294988, -120.0666 53.294983, -120.066626 53.29496, -120.066648 53.294946, -120.066652 53.294943, -120.066649 53.294942, -120.066629 53.294929, -120.066608 53.294915, -120.066634 53.294902, -120.066652 53.294886, -120.066659 53.294864, -120.066661 53.294846, -120.066638 53.294833, -120.066614 53.294846, -120.066578 53.294836, -120.066558 53.294813, -120.066536 53.294799, -120.066536 53.294799, -120.066588 53.2948, -120.066594 53.294779, -120.066584 53.294767, -120.066579 53.294761, -120.066549 53.294744, -120.066552 53.294726, -120.066596 53.294728, -120.066613 53.294732, -120.066619 53.29472, -120.066602 53.2947, -120.066592 53.294676, -120.066582 53.294651, -120.066583 53.294633, -120.066557 53.294623, -120.066525 53.29462, -120.066513 53.294596, -120.066496 53.294578, -120.066496 53.294556, -120.066518 53.294542, -120.066558 53.294569, -120.066589 53.294587, -120.066622 53.29459, -120.066651 53.294597, -120.06668 53.294594, -120.066688 53.294593, -120.066715 53.2946, -120.066751 53.294611, -120.066778 53.294598, -120.066751 53.294583, -120.066757 53.294565, -120.066752 53.294536, -120.066784 53.294536, -120.066799 53.294552, -120.066817 53.294569, -120.066842 53.29458, -120.066849 53.294598, -120.066869 53.294612, -120.066884 53.294631, -120.066852 53.294632, -120.066817 53.294629, -120.066782 53.294617, -120.06676 53.294634, -120.066767 53.294636, -120.06677 53.294637, -120.066777 53.294639, -120.066789 53.294662, -120.066824 53.294661, -120.066834 53.294687, -120.066838 53.294707, -120.066811 53.294727, -120.066848 53.294729, -120.066878 53.294728, -120.066906 53.29475, -120.06691 53.294771, -120.06694 53.294796, -120.066931 53.294814, -120.066963 53.294824, -120.066995 53.294825, -120.067021 53.294815, -120.067055 53.294797, -120.06705 53.294776, -120.067052 53.294758, -120.067086 53.294756, -120.067094 53.294736, -120.067073 53.29472, -120.067043 53.294713, -120.067008 53.294737, -120.066991 53.29472, -120.066951 53.294729, -120.066913 53.294725, -120.066921 53.294689, -120.066951 53.294678, -120.066985 53.294679, -120.067016 53.294669, -120.067029 53.294688, -120.067071 53.294698, -120.067112 53.294694, -120.067089 53.294678, -120.06707 53.294662, -120.067063 53.294641, -120.067031 53.294638, -120.067001 53.294631, -120.066986 53.294599, -120.067011 53.294584, -120.067041 53.294574, -120.067073 53.29458, -120.067124 53.294597, -120.067161 53.29461, -120.067182 53.294626, -120.067192 53.294643, -120.0672 53.294625, -120.06722 53.294609, -120.067253 53.29461, -120.067231 53.294598, -120.067211 53.294592, -120.067209 53.294592, -120.067181 53.294584, -120.067146 53.294556, -120.067117 53.294568, -120.067113 53.294543, -120.067079 53.294543, -120.06703 53.294538, -120.067037 53.294514, -120.067041 53.294501, -120.067041 53.294498, -120.067042 53.294495, -120.067091 53.294499, -120.067139 53.294492, -120.067109 53.294494, -120.06712 53.294473, -120.067108 53.294467, -120.067113 53.294447, -120.067132 53.29444, -120.06713 53.294406, -120.067105 53.294417, -120.067102 53.294393, -120.067068 53.294389, -120.067048 53.294368, -120.067 53.294307, -120.067015 53.294311, -120.067014 53.294293, -120.06699 53.294282, -120.067035 53.294286, -120.067084 53.294292, -120.06708 53.294315, -120.067113 53.294312, -120.067125 53.294304, -120.067136 53.294297, -120.067125 53.294302, -120.067121 53.294284, -120.067089 53.294278, -120.067051 53.294276, -120.067035 53.294259, -120.067064 53.294245, -120.067077 53.294219, -120.067071 53.294194, -120.06704 53.29418, -120.067001 53.294162, -120.067025 53.294151, -120.066981 53.294141, -120.067025 53.294132, -120.06702 53.294097, -120.067017 53.294073, -120.067036 53.294056, -120.067007 53.294063, -120.066986 53.294045, -120.066955 53.294056, -120.066924 53.294034, -120.06691 53.294017, -120.066934 53.293999, -120.066959 53.293988, -120.066991 53.293979, -120.067021 53.293968, -120.067053 53.293967, -120.067036 53.293949, -120.067011 53.293933, -120.066993 53.293918, -120.066979 53.293896, -120.066971 53.293879, -120.066952 53.293862, -120.066934 53.293839, -120.066956 53.293816, -120.06697 53.293795, -120.066977 53.293778, -120.066997 53.29376, -120.066966 53.293775, -120.066931 53.293781, -120.066901 53.293781, -120.066875 53.29377, -120.066845 53.293774, -120.06682 53.293758, -120.066822 53.293736, -120.066817 53.293718, -120.066792 53.29369, -120.066808 53.293667, -120.066826 53.293687, -120.066862 53.293684, -120.066887 53.293698, -120.066902 53.293704, -120.066904 53.293705, -120.06691 53.293702, -120.066905 53.293687, -120.066926 53.293684, -120.066926 53.293676, -120.066915 53.29367, -120.0669 53.29367, -120.066897 53.293671, -120.066896 53.293671, -120.066887 53.293671, -120.066887 53.29366, -120.06688 53.293652, -120.066836 53.293609, -120.06686 53.293624, -120.066878 53.293639, -120.066887 53.293642, -120.066885 53.293592, -120.066917 53.29358, -120.066943 53.293567, -120.066943 53.293564, -120.066946 53.293565, -120.066947 53.293565, -120.066986 53.293574, -120.06703 53.293576, -120.067058 53.293586, -120.067085 53.293595, -120.067126 53.29359, -120.067103 53.293576, -120.067081 53.293559, -120.067066 53.293543, -120.067038 53.293529, -120.067026 53.293509, -120.067015 53.293487, -120.067054 53.293497, -120.067034 53.293482, -120.067016 53.293463, -120.066983 53.293461, -120.067001 53.293435, -120.066987 53.293452, -120.066954 53.293453, -120.066925 53.293446, -120.0669 53.293417, -120.066933 53.293416, -120.06697 53.293426, -120.067003 53.29342, -120.067034 53.293419, -120.067052 53.293404, -120.067018 53.293398, -120.066995 53.293382, -120.06699 53.293374, -120.066989 53.293372, -120.066983 53.293364, -120.066947 53.293354, -120.066919 53.293367, -120.066881 53.293363, -120.066862 53.293339, -120.066859 53.293319, -120.066828 53.293291, -120.06681 53.293272, -120.066777 53.293277, -120.066754 53.29326, -120.066758 53.293241, -120.066799 53.293241, -120.066822 53.293238, -120.066839 53.293236, -120.066872 53.293247, -120.06691 53.293237, -120.066888 53.293217, -120.066892 53.293199, -120.066888 53.293177, -120.066852 53.293188, -120.066817 53.293187, -120.06679 53.293174, -120.066761 53.293184, -120.066727 53.293177, -120.066686 53.293175, -120.066678 53.293203, -120.066628 53.293217, -120.066635 53.293235, -120.066622 53.293215, -120.066594 53.293193, -120.066591 53.293157, -120.066576 53.293123, -120.066603 53.293105, -120.066586 53.293094, -120.066627 53.293097, -120.06666 53.293105, -120.066661 53.293077, -120.066635 53.293064, -120.066668 53.293059, -120.066699 53.293077, -120.066729 53.293089, -120.066722 53.293069, -120.066703 53.29305, -120.066736 53.293063, -120.066762 53.293077, -120.066783 53.293096, -120.066801 53.29312, -120.066844 53.293121, -120.066874 53.293111, -120.066908 53.293122, -120.066955 53.293112, -120.066933 53.293126, -120.066966 53.293121, -120.067007 53.293124, -120.06704 53.293129, -120.067007 53.293117, -120.066992 53.2931, -120.066985 53.293079, -120.06701 53.29309, -120.066982 53.293064, -120.066948 53.293044, -120.066942 53.293023, -120.06697 53.29303, -120.066998 53.293013, -120.067039 53.293019, -120.067039 53.292994, -120.066998 53.292986, -120.066966 53.292972, -120.066934 53.292983, -120.066916 53.293007, -120.066878 53.292996, -120.066863 53.29298, -120.066824 53.292977, -120.066802 53.292955, -120.066766 53.292956, -120.066762 53.292937, -120.066752 53.292916, -120.066737 53.292893, -120.066762 53.292905, -120.066804 53.2929, -120.06683 53.292888, -120.066863 53.292886, -120.066812 53.292884, -120.066777 53.292869, -120.066728 53.292877, -120.066749 53.292855, -120.066714 53.292831, -120.066684 53.292821, -120.066654 53.292821, -120.066634 53.2928, -120.066621 53.292782, -120.066602 53.2928, -120.066562 53.292795, -120.066565 53.292819, -120.066564 53.292845, -120.066612 53.292908, -120.066558 53.292923, -120.066576 53.292907, -120.06656 53.292889, -120.066552 53.292883, -120.066552 53.292881, -120.066545 53.292873, -120.066526 53.292851, -120.066491 53.292849, -120.06645 53.292844, -120.066445 53.292869, -120.066417 53.292878, -120.066407 53.292914, -120.066369 53.292908, -120.066391 53.292929, -120.066405 53.292956, -120.06642 53.292954, -120.066386 53.292975, -120.066365 53.293, -120.066356 53.292965, -120.066332 53.292927, -120.066309 53.292912, -120.066277 53.292904, -120.06625 53.292892, -120.066285 53.292875, -120.066334 53.292865, -120.066353 53.292847, -120.066354 53.292825, -120.066383 53.29282, -120.066413 53.292811, -120.066366 53.292803, -120.06633 53.292789, -120.066308 53.29277, -120.066265 53.292763, -120.066244 53.292743, -120.066241 53.292719, -120.066245 53.292697, -120.066282 53.292707, -120.066322 53.292718, -120.066355 53.292725, -120.066364 53.292726, -120.066394 53.292715, -120.06638 53.292693, -120.066348 53.292674, -120.06633 53.292659, -120.066347 53.292636, -120.06638 53.292651, -120.066405 53.292674, -120.066462 53.292685, -120.066499 53.292685, -120.066538 53.292679, -120.066512 53.292669, -120.066472 53.292652, -120.066472 53.29263, -120.066522 53.292635, -120.066556 53.292652, -120.06653 53.292632, -120.066557 53.292621, -120.066605 53.29262, -120.066627 53.292604, -120.066594 53.292588, -120.066549 53.292572, -120.066516 53.292578, -120.06648 53.29255, -120.066444 53.292549, -120.066432 53.29253, -120.066417 53.292512, -120.066418 53.292492, -120.066448 53.292508, -120.066476 53.292515, -120.066513 53.292518, -120.066543 53.292525, -120.066576 53.292533, -120.066634 53.292523, -120.066668 53.292528, -120.066643 53.292515, -120.066612 53.292499, -120.066631 53.292478, -120.06667 53.29248, -120.066709 53.292478, -120.066685 53.292464, -120.066689 53.292431, -120.066723 53.292428, -120.066758 53.292429, -120.066783 53.29244, -120.066777 53.292414, -120.066772 53.292395, -120.066815 53.292402, -120.066793 53.292376, -120.06679 53.292375, -120.066765 53.292377, -120.066754 53.292363, -120.066694 53.292334, -120.066668 53.292303, -120.066634 53.2923, -120.066606 53.292293, -120.066571 53.292293, -120.066531 53.292296, -120.066498 53.292281, -120.066489 53.29226, -120.066518 53.292243, -120.066557 53.29224, -120.066593 53.292244, -120.066638 53.292246, -120.066664 53.292261, -120.066697 53.292258, -120.066679 53.292241, -120.066688 53.292222, -120.066721 53.292225, -120.066737 53.292209, -120.066767 53.292203, -120.066794 53.292187, -120.066828 53.292177, -120.06686 53.292181, -120.066893 53.292174, -120.066922 53.29218, -120.066904 53.292161, -120.066883 53.292142, -120.066865 53.292124, -120.066846 53.292142, -120.066814 53.292129, -120.066819 53.292106, -120.06679 53.292123, -120.066781 53.292155, -120.066753 53.292139, -120.066736 53.292104, -120.066719 53.292085, -120.066694 53.292104, -120.066678 53.292122, -120.066646 53.292132, -120.066617 53.292143, -120.066578 53.292138, -120.066573 53.292118, -120.066549 53.292104, -120.066522 53.292083, -120.066516 53.29206, -120.066507 53.292034, -120.066472 53.292053, -120.066441 53.292059, -120.066405 53.292056, -120.066383 53.292043, -120.06636 53.292055, -120.06633 53.292055, -120.066299 53.292054, -120.066262 53.292072, -120.066245 53.292047, -120.066218 53.292025, -120.066188 53.292017, -120.066169 53.292052, -120.066153 53.292067, -120.066173 53.292088, -120.066198 53.292102, -120.066225 53.292115, -120.06627 53.292113, -120.066247 53.292144, -120.066196 53.292137, -120.066182 53.292157, -120.066154 53.292138, -120.066161 53.292164, -120.066145 53.292181, -120.066144 53.292197, -120.066165 53.292192, -120.066157 53.292215, -120.06614 53.292234, -120.06618 53.292251, -120.066211 53.292253, -120.066235 53.292267, -120.066282 53.292263, -120.06633 53.292263, -120.066323 53.292281, -120.066291 53.292292, -120.066233 53.292304, -120.066199 53.292308, -120.066179 53.292322, -120.066137 53.292321, -120.066106 53.292345, -120.066068 53.292324, -120.066042 53.292308, -120.066048 53.292325, -120.066074 53.292349, -120.066087 53.292371, -120.066121 53.292373, -120.06615 53.292378, -120.066172 53.292393, -120.066197 53.292423, -120.066172 53.292436, -120.066212 53.292435, -120.066186 53.292453, -120.066164 53.292472, -120.066134 53.292487, -120.066099 53.29249, -120.066108 53.292509, -120.066147 53.292508, -120.066162 53.292527, -120.066156 53.29255, -120.066158 53.292531, -120.066127 53.292537, -120.066087 53.292553, -120.066064 53.292538, -120.066023 53.292549, -120.066004 53.292531, -120.065968 53.292519, -120.065935 53.292509, -120.065922 53.292525, -120.065879 53.292531, -120.065844 53.292512, -120.065825 53.292536, -120.065815 53.29256, -120.06584 53.292576, -120.065873 53.292585, -120.065848 53.292597, -120.065805 53.2926, -120.065775 53.292581, -120.065745 53.292599, -120.065705 53.292586, -120.065678 53.292574, -120.065645 53.292565, -120.065645 53.292544, -120.065634 53.292517, -120.065628 53.292495, -120.065626 53.292473, -120.0656 53.292463, -120.065644 53.292461, -120.065664 53.292475, -120.065691 53.292486, -120.065731 53.29248, -120.065761 53.292467, -120.065794 53.292457, -120.065816 53.292432, -120.065795 53.292414, -120.065791 53.292394, -120.065767 53.292368, -120.065742 53.292355, -120.06573 53.292338, -120.065774 53.292332, -120.065808 53.292345, -120.065811 53.292321, -120.065839 53.292306, -120.065816 53.292294, -120.065794 53.292277, -120.065765 53.292259, -120.065813 53.292261, -120.065842 53.292251, -120.065827 53.292235, -120.065797 53.292237, -120.065769 53.292229, -120.065737 53.292239, -120.065705 53.292256, -120.065672 53.292244, -120.065638 53.292231, -120.065623 53.292203, -120.065596 53.292184, -120.065585 53.292166, -120.06562 53.292159, -120.065616 53.292131, -120.065646 53.292131, -120.065674 53.29214, -120.065699 53.292124, -120.065673 53.292114, -120.065663 53.292096, -120.065691 53.292088, -120.065682 53.292063, -120.065677 53.292038, -120.065676 53.292036, -120.065666 53.292006, -120.065674 53.291987, -120.065706 53.291973, -120.065677 53.29196, -120.06571 53.291952, -120.065749 53.291964, -120.065785 53.291955, -120.065753 53.291935, -120.065737 53.291909, -120.065718 53.291891, -120.065697 53.291857, -120.065727 53.29185, -120.065733 53.291871, -120.065763 53.291869, -120.065795 53.291872, -120.065817 53.291885, -120.065847 53.291879, -120.065882 53.291887, -120.065913 53.29188, -120.065961 53.291886, -120.065992 53.291883, -120.065975 53.291865, -120.065942 53.291847, -120.065925 53.291825, -120.065975 53.291824, -120.066017 53.29183, -120.066051 53.29183, -120.066081 53.291823, -120.06611 53.29181, -120.066077 53.291817, -120.066043 53.291807, -120.066089 53.291806, -120.06613 53.291795, -120.066167 53.291793, -120.0662 53.291793, -120.066229 53.291783, -120.066233 53.291808, -120.066273 53.291806, -120.0663 53.291795, -120.066309 53.291801, -120.066368 53.291777, -120.066412 53.291758, -120.066417 53.29176, -120.066445 53.291781, -120.066478 53.291778, -120.066508 53.291782, -120.066539 53.291787, -120.066576 53.291791, -120.066607 53.291793, -120.066638 53.291795, -120.06667 53.291792, -120.066701 53.291787, -120.066727 53.291777, -120.066759 53.29177, -120.066793 53.291769, -120.066821 53.29177, -120.066827 53.29177, -120.066859 53.291768, -120.0669 53.291769, -120.066948 53.291768, -120.066978 53.291756, -120.067013 53.291746, -120.067056 53.291742, -120.067105 53.29171, -120.067138 53.291702, -120.067164 53.291712, -120.067203 53.29172, -120.06723 53.291732, -120.06726 53.291735, -120.067288 53.291742, -120.067318 53.291746, -120.06735 53.291758, -120.067378 53.291766, -120.06741 53.291773, -120.067469 53.291785, -120.06751 53.291786, -120.067544 53.291789, -120.067588 53.291792, -120.067622 53.291801, -120.067717 53.291814, -120.067749 53.291817, -120.067784 53.29182, -120.067844 53.291835, -120.067893 53.291845, -120.067922 53.29185, -120.067954 53.291855, -120.067985 53.29186, -120.068015 53.291863, -120.068046 53.291858, -120.068085 53.291849, -120.068143 53.291839, -120.068214 53.291849, -120.068241 53.291861, -120.068271 53.29186, -120.068302 53.291857, -120.068335 53.29185, -120.068384 53.291845, -120.068425 53.291841, -120.068452 53.291831, -120.068465 53.291815, -120.068496 53.291814, -120.068519 53.291802, -120.068541 53.291789, -120.068566 53.291778, -120.068581 53.291761, -120.068566 53.291745, -120.068539 53.291733, -120.068514 53.291711, -120.068452 53.291666, -120.068455 53.291635, -120.068447 53.291616, -120.068456 53.291614, -120.068452 53.291613, -120.068442 53.291589, -120.06843 53.291566, -120.068428 53.291555, -120.068427 53.291547, -120.068464 53.291538, -120.068501 53.291528, -120.068529 53.291521, -120.068571 53.291519, -120.068608 53.291517, -120.068637 53.291509, -120.068667 53.291504, -120.068696 53.291489, -120.068687 53.29147, -120.068701 53.291453, -120.068707 53.291431, -120.068738 53.291413, -120.068728 53.291395, -120.068739 53.291378, -120.06875 53.291368, -120.068759 53.291361, -120.06878 53.291336, -120.068818 53.291299, -120.06884 53.291276, -120.068867 53.291259, -120.068889 53.291226, -120.068879 53.291184, -120.068855 53.291136, -120.06886 53.291096, -120.068864 53.291092, -120.068883 53.291094, -120.068908 53.291083, -120.068909 53.291082, -120.068938 53.291085, -120.068975 53.291081, -120.068993 53.291097, -120.069009 53.291119, -120.069035 53.291138, -120.069063 53.291146, -120.069095 53.291152, -120.069089 53.291169, -120.069119 53.291171, -120.069158 53.291169, -120.069196 53.291177, -120.06923 53.291177, -120.069261 53.291177, -120.069295 53.291178, -120.069326 53.291183, -120.069355 53.291189, -120.069321 53.29119, -120.06935 53.291201, -120.069381 53.291205, -120.069387 53.291222, -120.069392 53.291242, -120.069386 53.29126, -120.069367 53.291274, -120.069394 53.291259, -120.069404 53.291229, -120.069401 53.291208, -120.069436 53.291195, -120.069467 53.29119, -120.069481 53.291173, -120.069502 53.291159, -120.069511 53.291142, -120.06952 53.291116, -120.069528 53.291093, -120.069542 53.291076, -120.069558 53.291061, -120.069556 53.291043, -120.069564 53.291025, -120.069572 53.291007, -120.069583 53.29099, -120.069557 53.290981, -120.069543 53.290963, -120.069524 53.290947, -120.069523 53.290946, -120.069497 53.290933, -120.069432 53.29093, -120.069356 53.290936, -120.069323 53.290934, -120.06929 53.290933, -120.069251 53.290933, -120.069217 53.290942, -120.069197 53.290958, -120.069166 53.290964, -120.069132 53.290972, -120.069122 53.290994, -120.069083 53.290983, -120.069055 53.290989, -120.069059 53.291011, -120.06904 53.291026, -120.069025 53.291041, -120.068997 53.29105, -120.068945 53.291065, -120.068935 53.29107, -120.068923 53.291076, -120.068897 53.291081, -120.068874 53.29108, -120.068853 53.291091, -120.068826 53.291101, -120.068802 53.291086, -120.06877 53.291082, -120.068744 53.291094, -120.068713 53.291098, -120.068691 53.291093, -120.068684 53.291092, -120.068653 53.291075, -120.068629 53.291062, -120.068598 53.291062, -120.068577 53.291075, -120.06854 53.291089, -120.06851 53.291093, -120.068473 53.291095, -120.068451 53.291108, -120.06842 53.291106, -120.06839 53.2911, -120.06836 53.29111, -120.068352 53.291129, -120.06834 53.29111, -120.068341 53.291092, -120.068372 53.291085, -120.068325 53.29108, -120.068291 53.291086, -120.068248 53.291079, -120.068241 53.291058, -120.068209 53.291056, -120.068195 53.291032, -120.06817 53.29102, -120.068134 53.29101, -120.068092 53.290994, -120.068065 53.290984, -120.068051 53.290964, -120.06803 53.290933, -120.068019 53.290907, -120.068004 53.290883, -120.067985 53.290876, -120.067955 53.290864, -120.067932 53.290852, -120.067936 53.290834, -120.067916 53.29082, -120.067889 53.29081, -120.067863 53.290795, -120.067829 53.290773, -120.067819 53.290755, -120.067801 53.290732, -120.067779 53.290717, -120.067761 53.290702, -120.067741 53.290688, -120.067716 53.290675, -120.067685 53.29066, -120.067623 53.290634, -120.067598 53.290624, -120.067589 53.290606, -120.067578 53.290589, -120.067592 53.290572, -120.067577 53.290554, -120.067558 53.290494, -120.067532 53.29041, -120.06753 53.290391, -120.067554 53.290379, -120.067513 53.290364, -120.067495 53.290342, -120.067505 53.290321, -120.067512 53.290294, -120.067536 53.290263, -120.067565 53.290243, -120.0676 53.290239, -120.067589 53.29022, -120.067589 53.290199, -120.067589 53.290159, -120.067582 53.290121, -120.067571 53.290087, -120.067566 53.290055, -120.067563 53.290035, -120.06757 53.29001, -120.067581 53.289987, -120.067582 53.289984, -120.067588 53.289971, -120.067586 53.289951, -120.067581 53.289923, -120.06757 53.289901, -120.067603 53.289886, -120.06759 53.289858, -120.067586 53.289828, -120.067601 53.289809, -120.067603 53.289805, -120.067603 53.289804, -120.067608 53.28979, -120.067613 53.289762, -120.067602 53.289739, -120.067606 53.289719, -120.067584 53.2897, -120.067581 53.289683, -120.067581 53.289681, -120.067568 53.289664, -120.067546 53.289648, -120.067544 53.289647, -120.067533 53.289637, -120.067533 53.289637, -120.06752 53.289625, -120.067508 53.289588, -120.067477 53.289555, -120.06746 53.289539, -120.06746 53.289519, -120.067423 53.289505, -120.067427 53.289487, -120.067404 53.289475, -120.067409 53.289493, -120.067387 53.28948, -120.067387 53.289477, -120.067386 53.289468, -120.067385 53.289462, -120.067391 53.289459, -120.067411 53.289452, -120.067398 53.289449, -120.067379 53.289444, -120.067353 53.289435, -120.067367 53.289413, -120.067382 53.289397, -120.067407 53.289387, -120.067438 53.289384, -120.067442 53.289383, -120.067474 53.289362, -120.067473 53.28934, -120.067482 53.289319, -120.067481 53.289315, -120.067477 53.289298, -120.06749 53.289281, -120.06749 53.289281, -120.067496 53.289273, -120.06752 53.28926, -120.067521 53.289245, -120.067497 53.289227, -120.067507 53.289206, -120.06753 53.289163, -120.067556 53.289151, -120.067582 53.289135, -120.067604 53.289121, -120.067626 53.289135, -120.067646 53.289158, -120.067655 53.289169, -120.067661 53.289176, -120.067664 53.28918, -120.067666 53.289163, -120.067667 53.289159, -120.067666 53.289142, -120.067666 53.289139, -120.067681 53.289117, -120.06767 53.289099, -120.067673 53.289075, -120.067703 53.289061, -120.067703 53.289055, -120.067702 53.289039, -120.067691 53.289016, -120.067717 53.288989, -120.067737 53.288975, -120.067767 53.288954, -120.067799 53.288938, -120.06778 53.288913, -120.067793 53.288879, -120.067824 53.288863, -120.067837 53.288837, -120.06786 53.288804, -120.067871 53.288787, -120.068086 53.288665, -120.068109 53.288651, -120.068119 53.288632, -120.068127 53.288603, -120.068136 53.288558, -120.068185 53.288467, -120.068193 53.288431, -120.068191 53.288411, -120.068204 53.288374, -120.068226 53.288348, -120.068204 53.288308, -120.068202 53.288284, -120.06822 53.288263, -120.068209 53.288245, -120.068231 53.288229, -120.068272 53.288234, -120.068304 53.288245, -120.06834 53.288241, -120.068368 53.288223, -120.06836 53.288199, -120.068351 53.288181, -120.068344 53.288161, -120.068343 53.288143, -120.06835 53.288124, -120.068366 53.288103, -120.068386 53.288085, -120.068401 53.28806, -120.068405 53.288039, -120.068422 53.28802, -120.068452 53.288002, -120.068473 53.287988, -120.068498 53.287974, -120.068541 53.287949, -120.068598 53.287913, -120.068636 53.287884, -120.068664 53.287862, -120.068676 53.287839, -120.068704 53.287817, -120.068744 53.2878, -120.068774 53.287792, -120.068803 53.287785, -120.068833 53.287774, -120.068878 53.287744, -120.068946 53.287705, -120.069011 53.287678, -120.069069 53.287628, -120.069109 53.287597, -120.069137 53.28758, -120.069179 53.287534, -120.069201 53.28752, -120.069227 53.287509, -120.069258 53.287487, -120.06933 53.287453, -120.069367 53.287422, -120.069409 53.287388, -120.069442 53.28737, -120.069491 53.287367, -120.069529 53.287364, -120.069577 53.28737, -120.069613 53.287371, -120.069654 53.287364, -120.069686 53.287363, -120.069711 53.287373, -120.069749 53.287383, -120.069818 53.287393, -120.069858 53.287393, -120.069894 53.287403, -120.069933 53.287404, -120.069962 53.287415, -120.069997 53.287426, -120.07003 53.287435, -120.070078 53.287444, -120.070132 53.287437, -120.070183 53.287429, -120.070237 53.287406, -120.070271 53.287385, -120.070299 53.287374, -120.070328 53.287381, -120.070358 53.287375, -120.07039 53.287371, -120.070416 53.28736, -120.070715 53.287459, -120.070733 53.287419, -120.070754 53.28741, -120.070757 53.287411, -120.07078 53.287424, -120.070822 53.287437, -120.070806 53.287415, -120.070796 53.287394, -120.070837 53.2874, -120.070872 53.287402, -120.070847 53.287389, -120.07086 53.287364, -120.070834 53.287335, -120.070842 53.287308, -120.070812 53.287298, -120.070785 53.28729, -120.070777 53.287271, -120.070819 53.287274, -120.070825 53.287274, -120.070809 53.287253, -120.070834 53.287241, -120.070877 53.287244, -120.070875 53.287226, -120.070846 53.287215, -120.070838 53.287196, -120.070868 53.287188, -120.070866 53.287167, -120.070823 53.287162, -120.070793 53.287156, -120.070763 53.287149, -120.07078 53.287135, -120.070784 53.287116, -120.070782 53.287097, -120.070784 53.287078, -120.07081 53.287068, -120.070774 53.287072, -120.0708 53.287062, -120.070813 53.287039, -120.070781 53.287038, -120.070758 53.28705, -120.070721 53.287046, -120.070693 53.287036, -120.070676 53.287052, -120.070662 53.287083, -120.070627 53.287088, -120.070587 53.287095, -120.070561 53.287115, -120.070563 53.287136, -120.070537 53.287148, -120.070502 53.287143, -120.070469 53.287135, -120.070441 53.287116, -120.070425 53.287109, -120.070424 53.287109, -120.070404 53.287101, -120.070442 53.287099, -120.070453 53.287088, -120.070442 53.287084, -120.070412 53.287089, -120.070382 53.287096, -120.070351 53.2871, -120.070326 53.28709, -120.070311 53.287067, -120.070278 53.287074, -120.070244 53.287058, -120.070214 53.287061, -120.070183 53.287069, -120.07017 53.287085, -120.070139 53.287089, -120.070137 53.28709, -120.070094 53.287081, -120.07009 53.28707, -120.070081 53.28705, -120.07006 53.287037, -120.070061 53.287017, -120.07005 53.286998, -120.070023 53.286988, -120.070003 53.286972, -120.069998 53.286953, -120.070021 53.286925, -120.070055 53.286927, -120.070099 53.286915, -120.070064 53.28691, -120.070077 53.286882, -120.070045 53.286871, -120.070011 53.286852, -120.069991 53.286825, -120.069976 53.286805, -120.069959 53.286789, -120.069924 53.286791, -120.06989 53.286785, -120.069844 53.286794, -120.069839 53.286814, -120.069833 53.286791, -120.069802 53.286785, -120.069816 53.286807, -120.069857 53.286845, -120.06984 53.286863, -120.069814 53.286849, -120.069749 53.286837, -120.069716 53.286838, -120.069717 53.28686, -120.069697 53.286843, -120.069656 53.286844, -120.069629 53.28686, -120.069598 53.286859, -120.069561 53.286869, -120.069558 53.28687, -120.069528 53.286861, -120.0695 53.286872, -120.069472 53.286889, -120.069431 53.286884, -120.069418 53.286906, -120.069405 53.286926, -120.069379 53.28695, -120.069351 53.28696, -120.069309 53.286947, -120.069285 53.286922, -120.069257 53.286915, -120.069214 53.286911, -120.06918 53.286901, -120.069151 53.286893, -120.069132 53.286877, -120.06914 53.286851, -120.069175 53.286837, -120.069141 53.286835, -120.069101 53.286849, -120.069056 53.286862, -120.069038 53.286882, -120.069001 53.286876, -120.068964 53.286875, -120.068939 53.286886, -120.06891 53.286891, -120.068908 53.286861, -120.068887 53.286836, -120.068861 53.286822, -120.068824 53.286815, -120.068788 53.286821, -120.068776 53.286796, -120.068733 53.286794, -120.06876 53.286763, -120.068777 53.286748, -120.068791 53.286727, -120.068782 53.286709, -120.068756 53.286697, -120.068716 53.286695, -120.068677 53.286689, -120.068649 53.286696, -120.068615 53.286702, -120.068575 53.286701, -120.068535 53.28669, -120.068504 53.286706, -120.068473 53.286703, -120.068452 53.286688, -120.068436 53.28667, -120.068451 53.286651, -120.068452 53.286621, -120.068448 53.286601, -120.068431 53.286574, -120.068411 53.286548, -120.068375 53.28653, -120.06832 53.286546, -120.068285 53.286543, -120.06823 53.28654, -120.06818 53.286551, -120.068185 53.286521, -120.068231 53.286508, -120.068191 53.28651, -120.068145 53.286507, -120.06811 53.286519, -120.06807 53.286521, -120.068037 53.286511, -120.068008 53.286519, -120.067984 53.286504, -120.067986 53.286485, -120.067988 53.286467, -120.067963 53.286453, -120.067936 53.286444, -120.067917 53.286429, -120.067908 53.286411, -120.067907 53.286386, -120.067876 53.286381, -120.067845 53.286397, -120.067838 53.286377, -120.067863 53.286366, -120.067859 53.286347, -120.067858 53.286326, -120.067884 53.2863, -120.067922 53.286302, -120.067948 53.286313, -120.067974 53.286323, -120.068003 53.286342, -120.068036 53.286327, -120.068078 53.286327, -120.068112 53.286311, -120.068117 53.286292, -120.06812 53.286265, -120.068151 53.286263, -120.068183 53.286265, -120.068211 53.286242, -120.068242 53.286239, -120.068294 53.286243, -120.068322 53.286234, -120.068358 53.286222, -120.068389 53.286222, -120.068427 53.286221, -120.068452 53.286232, -120.068471 53.286249, -120.068512 53.286257, -120.068533 53.286242, -120.068557 53.286227, -120.068563 53.286202, -120.06859 53.28621, -120.068623 53.286206, -120.068656 53.286194, -120.068694 53.286198, -120.068715 53.286194, -120.068724 53.286193, -120.068763 53.286199, -120.068795 53.286187, -120.068845 53.286187, -120.068863 53.28617, -120.068902 53.286165, -120.068936 53.286164, -120.068971 53.286172, -120.068963 53.286153, -120.068964 53.286127, -120.068995 53.286121, -120.069048 53.286103, -120.069052 53.286071, -120.069058 53.286051, -120.069089 53.286034, -120.069141 53.28603, -120.069174 53.285997, -120.069178 53.285986, -120.069182 53.285975, -120.069196 53.285958, -120.069221 53.285921, -120.069196 53.285885, -120.069191 53.285853, -120.069199 53.285829, -120.069199 53.285807, -120.069252 53.285798, -120.069282 53.285788, -120.069296 53.285768, -120.069306 53.285744, -120.069368 53.285732, -120.069405 53.285718, -120.069437 53.285701, -120.069493 53.285695, -120.069536 53.285685, -120.069563 53.285671, -120.069591 53.285661, -120.069625 53.285647, -120.069653 53.285634, -120.069698 53.285619, -120.069725 53.285606, -120.069755 53.285594, -120.069792 53.285588, -120.06983 53.285586, -120.069875 53.28558, -120.069938 53.285573, -120.069979 53.285561, -120.070008 53.285554, -120.070038 53.285543, -120.070064 53.285533, -120.070115 53.285533, -120.070155 53.285544, -120.070184 53.285539, -120.070219 53.285542, -120.070246 53.285551, -120.070286 53.285554, -120.07032 53.28555, -120.070352 53.285536, -120.070383 53.28553, -120.070419 53.285537, -120.070465 53.285542, -120.070506 53.285547, -120.070547 53.285542, -120.070579 53.285536, -120.070626 53.285532, -120.070669 53.285527, -120.070711 53.285524, -120.070742 53.285511, -120.070789 53.285514, -120.070822 53.285523, -120.070868 53.285519, -120.070897 53.285511, -120.07093 53.28551, -120.070974 53.285497, -120.070992 53.285481, -120.071015 53.285464, -120.071046 53.285467, -120.071075 53.285477, -120.0711 53.285495, -120.071142 53.285491, -120.071146 53.285492, -120.07119 53.285503, -120.071219 53.285509, -120.071248 53.285525, -120.071287 53.285533, -120.071336 53.285535, -120.071375 53.285533, -120.071425 53.28555, -120.071446 53.285567, -120.071474 53.285583, -120.071521 53.2856, -120.071556 53.285598, -120.071579 53.285598, -120.071587 53.285597, -120.071635 53.285603, -120.071678 53.285609, -120.071722 53.285604, -120.071762 53.285605, -120.071815 53.285609, -120.071856 53.285614, -120.071893 53.285611, -120.071946 53.285611, -120.071994 53.285617, -120.072054 53.285624, -120.07209 53.285634, -120.072145 53.28565, -120.072185 53.285651, -120.072221 53.285641, -120.07226 53.285627, -120.072306 53.285636, -120.072332 53.285626, -120.072365 53.285627, -120.072344 53.285659, -120.072343 53.285679, -120.072352 53.285704, -120.072345 53.285727, -120.072362 53.285754, -120.072375 53.285779, -120.072311 53.285777, -120.072276 53.285779, -120.072295 53.285794, -120.072322 53.285803, -120.072355 53.285815, -120.07239 53.285808, -120.072389 53.285784, -120.07239 53.285765, -120.07242 53.285775, -120.072465 53.2858, -120.072498 53.285793, -120.072531 53.285787, -120.072541 53.285758, -120.072578 53.285746, -120.072628 53.285731, -120.072635 53.285704, -120.072668 53.285691, -120.072712 53.285677, -120.072751 53.285676, -120.07278 53.28567, -120.072772 53.285646, -120.072777 53.285619, -120.072777 53.285588, -120.072761 53.285569, -120.072785 53.285555, -120.072818 53.28553, -120.07282 53.285512, -120.07286 53.285502, -120.072898 53.285502, -120.072931 53.285482, -120.072961 53.285467, -120.072992 53.285463, -120.073012 53.285448, -120.073026 53.285421, -120.073055 53.285403, -120.07311 53.285408, -120.073148 53.285415, -120.073186 53.285405, -120.073219 53.285405, -120.073249 53.285399, -120.073259 53.285376, -120.073259 53.285357, -120.073247 53.285332, -120.073226 53.285302, -120.073192 53.28529, -120.073202 53.285269, -120.073226 53.285256, -120.07323 53.285275, -120.073254 53.285286, -120.073268 53.285302, -120.073265 53.285281, -120.073268 53.285262, -120.073266 53.28524, -120.073277 53.285222, -120.073307 53.285218, -120.073337 53.285226, -120.073391 53.285218, -120.073438 53.285214, -120.073474 53.285209, -120.073515 53.285203, -120.073558 53.285197, -120.073606 53.285194, -120.073656 53.285192, -120.073714 53.285194, -120.073729 53.285194, -120.073747 53.285194, -120.073764 53.28519, -120.07378 53.285186, -120.073797 53.285181, -120.073834 53.285184, -120.07388 53.285204, -120.073931 53.285202, -120.073976 53.285199, -120.074027 53.285199, -120.074086 53.2852, -120.074123 53.285197, -120.074169 53.285197, -120.074209 53.285184, -120.074242 53.285176, -120.074278 53.285162, -120.074317 53.285152, -120.074351 53.285148, -120.074389 53.285137, -120.074427 53.285129, -120.074466 53.285127, -120.074503 53.285115, -120.074542 53.28511, -120.074593 53.2851, -120.074626 53.285094, -120.074664 53.285083, -120.074699 53.285082, -120.074746 53.285086, -120.074778 53.285087, -120.074824 53.285092, -120.074858 53.285103, -120.074916 53.285116, -120.074949 53.285117, -120.074987 53.285106, -120.075044 53.28511, -120.075096 53.285112, -120.075128 53.28511, -120.075163 53.285116, -120.075194 53.285115, -120.075726 53.285035, -120.07644 53.28509, -120.07738 53.28531, -120.07805 53.28571, -120.07829 53.28625, -120.07828 53.28682, -120.07815 53.28739, -120.0778 53.28798, -120.076874 53.288654, -120.075705 53.287976, -120.074088 53.288196, -120.073702 53.288523, -120.073517 53.288862, -120.073197 53.288916, -120.073491 53.289543, -120.073862 53.289722, -120.074219 53.289813, -120.074131 53.290111, -120.073906 53.290226, -120.073998 53.290473, -120.073747 53.290703, -120.073643 53.290781, -120.073743 53.290892, -120.073792 53.291052, -120.07361 53.291142, -120.073681 53.29136, -120.073259 53.291602, -120.073625 53.291598, -120.073725 53.291703, -120.07406 53.291699, -120.074066 53.291579, -120.074367 53.291421, -120.074607 53.291095, -120.074797 53.291476, -120.074383 53.291855, -120.074752 53.292294, -120.075561 53.292426, -120.076236 53.292427, -120.076624 53.29218, -120.076899 53.291986, -120.077242 53.292094, -120.077766 53.292179, -120.078535 53.292272, -120.078446 53.29256, -120.078324 53.292616, -120.078557 53.292766, -120.078063 53.293164, -120.078445 53.293601, -120.078467 53.293738, -120.07882 53.29375, -120.078975 53.293609, -120.079417 53.293646, -120.079588 53.29389, -120.079785 53.293842, -120.080125 53.293624, -120.080604 53.293623, -120.080963 53.293554, -120.08093 53.293458, -120.081037 53.293386, -120.081394 53.293752, -120.081766 53.293823, -120.081946 53.293809, -120.082302 53.294112, -120.082652 53.294241, -120.082895 53.294295, -120.083039 53.294167, -120.083264 53.294371, -120.083543 53.294257, -120.083998 53.294394, -120.084596 53.294035, -120.085297 53.294184, -120.085214 53.293905, -120.085344 53.293906, -120.08564 53.293554, -120.086034 53.293399, -120.086735 53.293436, -120.086937 53.293914, -120.086512 53.294241, -120.086084 53.294652, -120.086631 53.294874, -120.08742 53.294813, -120.087646 53.294525, -120.088079 53.29464, -120.088717 53.293797, -120.088937 53.293917, -120.089248 53.294042, -120.089332 53.294169, -120.089915 53.294349, -120.090282 53.294278, -120.091417 53.294137, -120.091871 53.294251, -120.092289 53.294202, -120.092495 53.294301, -120.093392 53.294132, -120.093613 53.293973, -120.094079 53.293996, -120.09461 53.2945, -120.095093 53.294573, -120.095326 53.294721, -120.095941 53.294629, -120.096196 53.294449, -120.096511 53.294403, -120.096672 53.294059, -120.097129 53.29399, -120.097746 53.294257, -120.09894 53.294895, -120.099665 53.295189, -120.100001 53.295708, -120.100533 53.295749, -120.101188 53.29597, -120.101431 53.29589, -120.102022 53.295515, -120.102397 53.295561, -120.104399 53.29575, -120.105485 53.296029, -120.108298 53.297175, -120.109481 53.297539, -120.110999 53.297621, -120.112021 53.297813, -120.112411 53.297881, -120.113134 53.298012, -120.11899 53.30112, -120.119261 53.301393, -120.119264 53.301424, -120.119317 53.301433, -120.119351 53.301435, -120.119368 53.301462, -120.119384 53.301472, -120.119421 53.301476, -120.119427 53.301497, -120.119458 53.301511, -120.119487 53.301517, -120.119484 53.301537, -120.119482 53.301555, -120.119509 53.301571, -120.119559 53.301578, -120.119572 53.301598, -120.119534 53.301629, -120.119816 53.301768, -120.11987 53.301771, -120.119903 53.301778, -120.119927 53.301793, -120.119972 53.301786, -120.120012 53.301798, -120.120041 53.301813, -120.120013 53.301822, -120.120046 53.301831, -120.120077 53.301835, -120.120139 53.301851, -120.120183 53.301842, -120.120217 53.301849, -120.120266 53.301872, -120.120277 53.301898, -120.120301 53.301942, -120.120334 53.301959, -120.120339 53.301979, -120.120354 53.301999, -120.120358 53.302026, -120.120387 53.30202, -120.120408 53.302032, -120.120436 53.302041, -120.120452 53.302056, -120.120483 53.302096, -120.120493 53.30212, -120.120486 53.302138, -120.120522 53.302146, -120.120527 53.30217, -120.120544 53.302186, -120.120576 53.302193, -120.120593 53.302211, -120.12062 53.302219, -120.120655 53.302212, -120.12072 53.302232, -120.120744 53.302245, -120.120757 53.302266, -120.120786 53.302283, -120.120834 53.302277, -120.120864 53.302277, -120.120962 53.302294, -120.120985 53.302308, -120.121017 53.302318, -120.121018 53.302338, -120.12105 53.302343, -120.121091 53.302337, -120.121169 53.302362, -120.121168 53.302382, -120.121198 53.3024, -120.121206 53.302444, -120.121206 53.302462, -120.121215 53.302498, -120.12119 53.302508, -120.121205 53.302524, -120.12116 53.302555, -120.121088 53.30257, -120.121065 53.302587, -120.121002 53.302604, -120.121003 53.302611, -120.12104 53.302635, -120.121154 53.302709, -120.121203 53.30268, -120.121231 53.30265, -120.121259 53.302636, -120.121318 53.302727, -120.121328 53.302772, -120.121321 53.302791, -120.121299 53.30281, -120.121268 53.30282, -120.121236 53.302823, -120.121217 53.302839, -120.12123 53.30286, -120.121197 53.302881, -120.121187 53.302902, -120.121193 53.302921, -120.121174 53.302957, -120.121148 53.302973, -120.121119 53.302988, -120.121092 53.302977, -120.121069 53.302959, -120.121031 53.302966, -120.121015 53.302985, -120.121019 53.303004, -120.121022 53.303019, -120.121018 53.303046, -120.121056 53.303046, -120.121099 53.303047, -120.121112 53.303064, -120.121144 53.303071, -120.121123 53.303088, -120.121135 53.303143, -120.121205 53.303217, -120.121228 53.30322, -120.121242 53.303269, -120.121199 53.303309, -120.121222 53.303343, -120.121258 53.303364, -120.121329 53.303383, -120.12137 53.303417, -120.121399 53.30341, -120.12154 53.303445, -120.121534 53.303467, -120.121604 53.303495, -120.121597 53.30352, -120.12161 53.303535, -120.12168 53.303524, -120.121742 53.3035, -120.121774 53.303513, -120.121778 53.303533, -120.122319 53.303562, -120.122394 53.30357, -120.122438 53.30356, -120.122466 53.303575, -120.122648 53.30356, -120.12266 53.303581, -120.122692 53.303578, -120.122724 53.303574, -120.122722 53.303594, -120.122777 53.303626, -120.12284 53.30364, -120.122875 53.303672, -120.12287 53.303714, -120.122904 53.303713, -120.122896 53.303734, -120.12289 53.303752, -120.122878 53.303782, -120.122847 53.303789, -120.122817 53.303806, -120.122792 53.30382, -120.122771 53.303793, -120.12273 53.303792, -120.122704 53.303807, -120.12273 53.303834, -120.122818 53.30405, -120.122834 53.304065, -120.122925 53.304058, -120.122936 53.304066, -120.122922 53.304088, -120.122953 53.304133, -120.122983 53.30413, -120.123021 53.304168, -120.123038 53.304237, -120.123381 53.304329, -120.123291 53.304434, -120.123384 53.304527, -120.123469 53.304508, -120.123706 53.304669, -120.123842 53.304669, -120.124216 53.304618, -120.124239 53.30466, -120.124406 53.30457, -120.124505 53.304598, -120.124537 53.304634, -120.12448 53.304664, -120.124422 53.304748, -120.124664 53.304851, -120.124776 53.304965, -120.124923 53.304999, -120.125061 53.304948, -120.125132 53.304983, -120.125114 53.305012, -120.125333 53.305004, -120.125455 53.305035, -120.1256 53.305121, -120.125671 53.305209, -120.125772 53.305255, -120.125858 53.305257, -120.126056 53.305313, -120.126373 53.305247, -120.126706 53.305121, -120.12721 53.305258, -120.127505 53.305455, -120.127518 53.305589, -120.127734 53.305823, -120.12769 53.30608, -120.128206 53.30616, -120.12852 53.306254, -120.128515 53.306421, -120.128647 53.30646, -120.128597 53.306552, -120.128763 53.30649, -120.129139 53.306415, -120.129229 53.306256, -120.129793 53.306563, -120.129895 53.306673, -120.1299 53.306678, -120.130044 53.306832, -120.129885 53.306884, -120.130147 53.307037, -120.130249 53.307005, -120.130336 53.306999, -120.130375 53.306997, -120.130434 53.306994, -120.13045 53.307068, -120.130557 53.30709, -120.130624 53.307196, -120.130764 53.307166, -120.130871 53.307133, -120.131053 53.307172, -120.131169 53.307258, -120.131331 53.307418, -120.131413 53.307559, -120.131411 53.307709, -120.131318 53.307753, -120.131152 53.307687, -120.131079 53.30772, -120.130982 53.307696, -120.13097 53.307693, -120.130735 53.307785, -120.130648 53.307762, -120.130607 53.307781, -120.130424 53.307865, -120.130196 53.307792, -120.129891 53.307832, -120.129508 53.30781, -120.129777 53.307894, -120.130027 53.307974, -120.130298 53.308061, -120.13041 53.30809, -120.130589 53.308086, -120.130724 53.308065, -120.130816 53.30804, -120.130909 53.30801, -120.13094 53.308, -120.130987 53.307997, -120.131022 53.307996, -120.131086 53.307993, -120.131187 53.30798, -120.131286 53.307965, -120.131487 53.308025, -120.13138 53.308134, -120.131711 53.308286, -120.131675 53.308345, -120.131954 53.308463, -120.132429 53.308537, -120.132693 53.308673, -120.132745 53.308805, -120.133201 53.309108, -120.133512 53.309163, -120.133736 53.309284, -120.13395 53.30934, -120.134074 53.30943, -120.134147 53.309483, -120.134175 53.309503, -120.13435 53.30963, -120.134504 53.309685, -120.134597 53.309842, -120.134629 53.309891, -120.134602 53.309975, -120.13474 53.310067, -120.134786 53.31014, -120.135057 53.310229, -120.135176 53.310267, -120.135273 53.310343, -120.135295 53.310365, -120.135336 53.3105, -120.135478 53.310607, -120.135546 53.310718, -120.135403 53.310798, -120.13533 53.310847, -120.135395 53.310927, -120.13551 53.311008, -120.135545 53.311091, -120.135433 53.311067, -120.135415 53.311115, -120.135489 53.311165, -120.135216 53.311471, -120.135128 53.311503, -120.13517 53.311583, -120.135364 53.311765, -120.135519 53.3119, -120.135782 53.312133, -120.135788 53.312154, -120.135878 53.312123, -120.135974 53.312094, -120.136114 53.312117, -120.136308 53.312118, -120.136486 53.312036, -120.136412 53.311958, -120.136223 53.311882, -120.136275 53.311844, -120.136052 53.3117, -120.136113 53.311652, -120.136278 53.311635, -120.136453 53.311746, -120.13649 53.311863, -120.136558 53.311891, -120.136677 53.311871, -120.136824 53.311997, -120.136918 53.312078, -120.136961 53.312153, -120.137047 53.312142, -120.137165 53.312153, -120.137283 53.312266, -120.137325 53.312409, -120.137506 53.312513, -120.137762 53.312575, -120.137996 53.312485, -120.138143 53.312478, -120.138234 53.312508, -120.138271 53.312581, -120.138447 53.312608, -120.138588 53.312718, -120.138729 53.312696, -120.138932 53.312768, -120.139016 53.312849, -120.139131 53.312874, -120.139195 53.31279, -120.139335 53.312808, -120.139434 53.312888, -120.13957 53.312937, -120.139707 53.312974, -120.139802 53.313054, -120.139876 53.313078, -120.14002 53.31308, -120.140177 53.313143, -120.140278 53.313161, -120.140363 53.313243, -120.140237 53.313251, -120.140118 53.313253, -120.140148 53.313314, -120.140305 53.313395, -120.140314 53.313477, -120.140393 53.313515, -120.140429 53.313571, -120.140507 53.313614, -120.140584 53.313698, -120.140544 53.313729, -120.140432 53.313758, -120.140383 53.313785, -120.140399 53.313891, -120.140464 53.313928, -120.140563 53.313973, -120.140689 53.313999, -120.140681 53.314021, -120.140563 53.313988, -120.14039 53.314011, -120.140367 53.313999, -120.140311 53.31401, -120.140246 53.313984, -120.140101 53.313925, -120.139986 53.313887, -120.139977 53.313867, -120.139901 53.313839, -120.13972 53.313742, -120.139496 53.313706, -120.139376 53.313733, -120.139402 53.313752, -120.139485 53.313761, -120.139471 53.313844, -120.13952 53.313914, -120.139609 53.313919, -120.139689 53.313953, -120.13974 53.31399, -120.139642 53.314073, -120.139701 53.314108, -120.139695 53.314175, -120.139599 53.314207, -120.139474 53.31425, -120.139461 53.314325, -120.139489 53.314334, -120.139612 53.314326, -120.139662 53.314316, -120.139699 53.314282, -120.139831 53.314263, -120.140023 53.314361, -120.140035 53.314433, -120.140073 53.31446, -120.14018 53.314503, -120.140295 53.314629, -120.140207 53.314767, -120.140054 53.314789, -120.140081 53.314808, -120.139987 53.314853, -120.140002 53.314884, -120.140157 53.314884, -120.140239 53.314906, -120.140382 53.314906, -120.14044 53.314852, -120.140435 53.314761, -120.140478 53.31474, -120.14058 53.314736, -120.140713 53.314797, -120.140794 53.314834, -120.140912 53.314852, -120.141046 53.314868, -120.141113 53.31489, -120.141097 53.314919, -120.141258 53.314959, -120.141421 53.315005, -120.141517 53.315071, -120.14167 53.315034, -120.141847 53.315096, -120.14198 53.315186, -120.142001 53.315254, -120.141984 53.315271, -120.141891 53.315279, -120.141808 53.315312, -120.141661 53.315311, -120.141528 53.315264, -120.141407 53.315268, -120.141333 53.315307, -120.141379 53.315342, -120.14146 53.315356, -120.141616 53.31539, -120.141581 53.315461, -120.141537 53.315502, -120.141417 53.315514, -120.141396 53.315545, -120.141295 53.315592, -120.141208 53.315601, -120.14118 53.315639, -120.141028 53.315688, -120.140826 53.315655, -120.140725 53.315708, -120.140685 53.315762, -120.140663 53.315795, -120.14065 53.315815, -120.140523 53.31585, -120.140473 53.315837, -120.140216 53.315691, -120.139943 53.3156, -120.139691 53.315502, -120.139523 53.315474, -120.13938 53.315448, -120.139374 53.315446, -120.139307 53.315452, -120.139212 53.315551, -120.139077 53.315646, -120.139039 53.31571, -120.138977 53.315765, -120.139001 53.315862, -120.139102 53.315865, -120.139136 53.315898, -120.139202 53.315891, -120.139201 53.315954, -120.139114 53.316006, -120.138972 53.316036, -120.138936 53.316063, -120.139016 53.316098, -120.139082 53.316139, -120.139088 53.31618, -120.139071 53.316208, -120.139027 53.31621, -120.138924 53.316192, -120.138887 53.316168, -120.138823 53.316177, -120.138695 53.316226, -120.138664 53.316224, -120.138635 53.316219, -120.138611 53.316207, -120.138583 53.316217, -120.13854 53.316218, -120.138504 53.316178, -120.138469 53.31618, -120.138384 53.316154, -120.138361 53.316174, -120.138409 53.316237, -120.138403 53.31626, -120.138346 53.316284, -120.13831 53.316292, -120.138272 53.316312, -120.138247 53.316357, -120.138301 53.316363, -120.138333 53.316369, -120.138363 53.316396, -120.138357 53.316421, -120.138325 53.316433, -120.138337 53.31649, -120.138339 53.316498, -120.138164 53.316408, -120.138136 53.31642, -120.138067 53.3164, -120.138009 53.316427, -120.13791 53.316404, -120.137895 53.316446, -120.137832 53.316436, -120.137794 53.316397, -120.137706 53.316371, -120.137659 53.316398, -120.137556 53.316384, -120.137498 53.316302, -120.137372 53.316309, -120.137297 53.316298, -120.137247 53.316338, -120.137203 53.316337, -120.137124 53.316365, -120.137125 53.316344, -120.137089 53.316339, -120.137049 53.31632, -120.13698 53.316341, -120.136917 53.316333, -120.136907 53.316295, -120.136857 53.316263, -120.136826 53.316255, -120.136761 53.316267, -120.136652 53.316234, -120.13657 53.316262, -120.136487 53.316272, -120.136421 53.316298, -120.136292 53.316286, -120.136258 53.316197, -120.136222 53.31617, -120.136115 53.316173, -120.136086 53.316159, -120.13605 53.316148, -120.136028 53.316132, -120.135888 53.316105, -120.135783 53.31607, -120.135712 53.315998, -120.135616 53.315996, -120.135581 53.316004, -120.135461 53.316, -120.135414 53.316021, -120.135396 53.316048, -120.135348 53.316084, -120.135372 53.316136, -120.135355 53.316159, -120.135385 53.316329, -120.135454 53.316333, -120.135514 53.316424, -120.13552 53.316469, -120.135556 53.316454, -120.135617 53.316516, -120.135667 53.316557, -120.135629 53.316608, -120.135584 53.316607, -120.135565 53.316758, -120.135492 53.316747, -120.135465 53.316783, -120.135522 53.31681, -120.135582 53.316874, -120.135565 53.316954, -120.135554 53.316972, -120.135581 53.317008, -120.135523 53.317057, -120.135505 53.3171, -120.135596 53.317069, -120.135778 53.317087, -120.135888 53.317111, -120.135977 53.317117, -120.135741 53.317351, -120.135695 53.31739, -120.13565 53.31739, -120.135616 53.317383, -120.135591 53.317403, -120.13559 53.317421, -120.135582 53.317444, -120.135588 53.31747, -120.135618 53.3175, -120.135601 53.317518, -120.13555 53.317566, -120.135573 53.317589, -120.135554 53.317606, -120.135565 53.317629, -120.135583 53.317646, -120.135609 53.317662, -120.135604 53.317681, -120.135608 53.317703, -120.135607 53.317722, -120.135606 53.317745, -120.13564 53.317746, -120.13566 53.317761, -120.135694 53.317755, -120.135767 53.317797, -120.135816 53.317813, -120.135868 53.317814, -120.135969 53.317842, -120.136183 53.317922, -120.136165 53.317937, -120.136172 53.317956, -120.136166 53.317973, -120.136174 53.317992, -120.136179 53.318024, -120.136211 53.31803, -120.136235 53.318015, -120.136252 53.317995, -120.136282 53.317986, -120.136306 53.317975, -120.136341 53.317971, -120.136379 53.317981, -120.136406 53.317966, -120.136433 53.317975, -120.136508 53.317995, -120.136601 53.318015, -120.136625 53.318002, -120.136642 53.31798, -120.13664 53.317962, -120.136673 53.317957, -120.136703 53.317949, -120.136738 53.317938, -120.13676 53.317923, -120.136827 53.317943, -120.136868 53.317988, -120.136875 53.318024, -120.136898 53.318037, -120.136926 53.318052, -120.136956 53.318065, -120.136977 53.318082, -120.137007 53.318087, -120.137128 53.318074, -120.137158 53.318067, -120.137189 53.318061, -120.137215 53.318052, -120.137219 53.318029, -120.137223 53.318006, -120.137211 53.317988, -120.13719 53.31797, -120.137182 53.317952, -120.137212 53.31795, -120.137253 53.317965, -120.1373 53.317967, -120.137338 53.31796, -120.137379 53.317957, -120.137405 53.31797, -120.137413 53.317972, -120.137607 53.318088, -120.137641 53.318083, -120.137659 53.318067, -120.137703 53.318066, -120.137729 53.318077, -120.137747 53.318094, -120.137737 53.318112, -120.137745 53.318131, -120.137728 53.318151, -120.137722 53.318169, -120.137723 53.318194, -120.1376 53.318237, -120.137571 53.318244, -120.13757 53.318272, -120.1376 53.318279, -120.137621 53.318296, -120.137606 53.318317, -120.137617 53.318352, -120.137595 53.318366, -120.137591 53.318388, -120.137539 53.3184, -120.137471 53.318395, -120.137418 53.318393, -120.137386 53.318396, -120.137338 53.318409, -120.137338 53.318428, -120.137422 53.318478, -120.137452 53.318543, -120.137538 53.318616, -120.137597 53.318631, -120.137747 53.318643, -120.137762 53.318622, -120.137794 53.318597, -120.137876 53.31858, -120.1379 53.31859, -120.137934 53.318588, -120.137963 53.318584, -120.137977 53.318566, -120.137981 53.318546, -120.138014 53.318536, -120.138043 53.318541, -120.138077 53.318528, -120.138123 53.318538, -120.138149 53.318559, -120.138162 53.318571, -120.138212 53.31858, -120.138235 53.318598, -120.138237 53.31862, -120.138227 53.318641, -120.138256 53.318651, -120.138291 53.318654, -120.138311 53.318668, -120.13834 53.318677, -120.138378 53.318682, -120.138421 53.318686, -120.138456 53.31869, -120.138531 53.318694, -120.13854 53.318675, -120.138559 53.318661, -120.138552 53.31864, -120.138585 53.318612, -120.138615 53.31861, -120.138672 53.318631, -120.138697 53.318643, -120.138739 53.318655, -120.138781 53.318669, -120.138802 53.318684, -120.138834 53.318697, -120.138857 53.318703, -120.139003 53.318835, -120.138974 53.318846, -120.138954 53.318862, -120.13893 53.318881, -120.138923 53.318891, -120.138962 53.318903, -120.138998 53.318895, -120.139031 53.318891, -120.139072 53.318887, -120.139107 53.318884, -120.13914 53.318887, -120.139168 53.318878, -120.139214 53.318883, -120.139348 53.318838, -120.139398 53.31884, -120.139429 53.318853, -120.139454 53.318866, -120.139477 53.318879, -120.139509 53.318881, -120.139539 53.318881, -120.139579 53.31888, -120.13961 53.318885, -120.139628 53.318909, -120.139646 53.318931, -120.139639 53.318951, -120.13966 53.318964, -120.139768 53.319009, -120.139768 53.319027, -120.13978 53.319045, -120.139789 53.319075, -120.139771 53.319096, -120.139764 53.319119, -120.139758 53.319139, -120.139807 53.31917, -120.139827 53.319185, -120.139863 53.319187, -120.139894 53.319184, -120.139925 53.319194, -120.13996 53.319187, -120.139991 53.319191, -120.140028 53.319184, -120.140088 53.319195, -120.140106 53.319218, -120.140106 53.31924, -120.140071 53.319262, -120.14014 53.319306, -120.140181 53.319316, -120.140255 53.319322, -120.140289 53.319317, -120.140322 53.319317, -120.140339 53.319301, -120.140369 53.319284, -120.140396 53.319276, -120.140422 53.319288, -120.140438 53.319315, -120.140454 53.319333, -120.140446 53.31936, -120.140464 53.319377, -120.140473 53.319401, -120.140466 53.319422, -120.140495 53.319433, -120.140487 53.319452, -120.140455 53.31947, -120.140436 53.319489, -120.140406 53.319501, -120.140379 53.319509, -120.140389 53.319526, -120.140517 53.31958, -120.140536 53.319597, -120.140561 53.31961, -120.14061 53.31962, -120.140627 53.319639, -120.140724 53.319675, -120.140758 53.319709, -120.140785 53.31972, -120.140806 53.319733, -120.140774 53.319746, -120.140749 53.319763, -120.140724 53.319775, -120.140659 53.319767, -120.140646 53.319787, -120.140605 53.31982, -120.140582 53.319837, -120.140579 53.319864, -120.140589 53.31991, -120.140573 53.319931, -120.140538 53.319941, -120.140502 53.319956, -120.14049 53.319981, -120.140458 53.319975, -120.140428 53.319967, -120.14038 53.319963, -120.140328 53.319977, -120.140336 53.319995, -120.140314 53.320015, -120.140289 53.32004, -120.140289 53.32006, -120.14025 53.320077, -120.140233 53.320092, -120.140212 53.320105, -120.140221 53.320134, -120.140237 53.320149, -120.140206 53.320166, -120.140183 53.320178, -120.140151 53.32017, -120.140129 53.320149, -120.140109 53.320188, -120.140088 53.320218, -120.140022 53.320247, -120.139992 53.320233, -120.139975 53.320211, -120.139944 53.320197, -120.139936 53.320194, -120.139851 53.320249, -120.139825 53.320262, -120.13982 53.320283, -120.139812 53.320306, -120.139817 53.32033, -120.139773 53.320357, -120.139737 53.320362, -120.13972 53.320379, -120.139653 53.320364, -120.139629 53.320345, -120.139616 53.320326, -120.139593 53.320302, -120.139571 53.320282, -120.13956 53.320258, -120.139539 53.320243, -120.139507 53.320247, -120.139453 53.320252, -120.139403 53.32024, -120.139354 53.320242, -120.139327 53.320258, -120.139294 53.32025, -120.139228 53.320256, -120.139226 53.320277, -120.139232 53.320298, -120.139225 53.320316, -120.139227 53.320337, -120.139245 53.320356, -120.139275 53.320352, -120.139298 53.320371, -120.139319 53.320385, -120.139318 53.320404, -120.139299 53.320425, -120.139314 53.320451, -120.139342 53.320464, -120.139399 53.32048, -120.139417 53.320494, -120.139393 53.320509, -120.139361 53.320513, -120.139327 53.32051, -120.139294 53.320509, -120.139253 53.320498, -120.139221 53.320495, -120.139121 53.320534, -120.139135 53.320554, -120.139165 53.320575, -120.139183 53.320603, -120.139176 53.320623, -120.139109 53.320621, -120.139074 53.320614, -120.139045 53.320597, -120.138999 53.32059, -120.138969 53.320605, -120.138982 53.320625, -120.13898 53.320646, -120.13899 53.320667, -120.139023 53.320694, -120.139056 53.320693, -120.13906 53.320712, -120.139075 53.32073, -120.139051 53.320765, -120.139065 53.320818, -120.139041 53.320832, -120.139002 53.320869, -120.139003 53.320887, -120.138999 53.320906, -120.139029 53.32094, -120.13905 53.32096, -120.139075 53.320971, -120.139123 53.320995, -120.13916 53.32106, -120.139181 53.321074, -120.13919 53.321095, -120.139221 53.321111, -120.139254 53.321119, -120.139269 53.321137, -120.139272 53.321155, -120.139278 53.321173, -120.139269 53.321198, -120.139249 53.321218, -120.13923 53.321235, -120.139222 53.321258, -120.139223 53.321289, -120.139232 53.321311, -120.139238 53.32133, -120.139327 53.321334, -120.139354 53.321317, -120.139384 53.321309, -120.139379 53.32129, -120.139403 53.321266, -120.139439 53.321263, -120.139471 53.321264, -120.13951 53.321277, -120.13954 53.321282, -120.139576 53.321284, -120.139607 53.321295, -120.139618 53.321308, -120.139657 53.321336, -120.139681 53.321349, -120.139728 53.321414, -120.139744 53.321438, -120.139743 53.321458, -120.139703 53.321473, -120.139681 53.321486, -120.13969 53.321505, -120.139691 53.321544, -120.139681 53.321561, -120.139674 53.321586, -120.139643 53.321612, -120.139623 53.321632, -120.139638 53.32165, -120.139666 53.321658, -120.13969 53.321675, -120.139683 53.321694, -120.139699 53.321717, -120.13973 53.32174, -120.139751 53.321754, -120.139743 53.321774, -120.139733 53.321808, -120.139725 53.321827, -120.139702 53.321847, -120.139661 53.32191, -120.139605 53.321945, -120.139608 53.321983, -120.139616 53.322033, -120.139656 53.322037, -120.139693 53.322042, -120.139734 53.322046, -120.139776 53.322057, -120.139811 53.322069, -120.13984 53.322076, -120.140695 53.322836, -120.140942 53.322978, -120.140999 53.322947, -120.140998 53.322929, -120.14103 53.322921, -120.141049 53.322904, -120.141109 53.322873, -120.141136 53.322862, -120.141159 53.322849, -120.141169 53.322827, -120.141129 53.322794, -120.141115 53.322775, -120.141148 53.322765, -120.141182 53.322755, -120.141213 53.322751, -120.141236 53.322729, -120.141251 53.322711, -120.141274 53.322698, -120.14131 53.322698, -120.141345 53.322691, -120.141383 53.322695, -120.141416 53.322688, -120.141428 53.322662, -120.141457 53.322648, -120.141487 53.322652, -120.141521 53.322647, -120.141553 53.322646, -120.14158 53.322637, -120.141614 53.322644, -120.141662 53.322625, -120.141678 53.322596, -120.141691 53.322578, -120.141712 53.322561, -120.141743 53.322549, -120.141776 53.322529, -120.141835 53.322526, -120.141876 53.322526, -120.141903 53.32254, -120.141922 53.322556, -120.14193 53.322574, -120.141951 53.322593, -120.141969 53.322608, -120.141982 53.322627, -120.141988 53.32265, -120.142035 53.322666, -120.142107 53.322662, -120.142165 53.322656, -120.142259 53.322671, -120.142288 53.322683, -120.142294 53.322703, -120.142326 53.322703, -120.142345 53.322719, -120.142348 53.32274, -120.142363 53.32276, -120.142346 53.32278, -120.14233 53.322796, -120.142349 53.322813, -120.142349 53.322835, -120.14234 53.322857, -120.142378 53.322868, -120.142419 53.322862, -120.142437 53.322846, -120.142481 53.322831, -120.142511 53.322829, -120.142529 53.32285, -120.142543 53.32287, -120.142564 53.322888, -120.142603 53.322884, -120.142632 53.322894, -120.142661 53.322913, -120.142691 53.322923, -120.142713 53.322937, -120.14277 53.322929, -120.1428 53.322929, -120.142839 53.32292, -120.142875 53.32293, -120.142989 53.322925, -120.143045 53.322941, -120.143089 53.322952, -120.143129 53.322964, -120.143162 53.322945, -120.143202 53.322947, -120.14322 53.32293, -120.143285 53.322908, -120.143312 53.322898, -120.143356 53.322911, -120.143399 53.322942, -120.143419 53.32296, -120.14343 53.32298, -120.143446 53.322996, -120.143469 53.323021, -120.143496 53.323043, -120.143521 53.323072, -120.143541 53.323097, -120.143549 53.323115, -120.143555 53.323134, -120.143542 53.323152, -120.14351 53.323153, -120.143479 53.32316, -120.143428 53.323161, -120.143398 53.323165, -120.143367 53.32316, -120.14333 53.323165, -120.143309 53.323183, -120.143288 53.323226, -120.143301 53.323247, -120.1433 53.323279, -120.143344 53.323312, -120.143345 53.323332, -120.14333 53.323359, -120.143323 53.323378, -120.143325 53.323398, -120.14334 53.323418, -120.14338 53.323423, -120.143404 53.323439, -120.143518 53.323449, -120.143546 53.323457, -120.143579 53.323463, -120.143611 53.323464, -120.143647 53.323469, -120.143685 53.32347, -120.143716 53.323471, -120.143747 53.323475, -120.143771 53.323486, -120.143782 53.323504, -120.143761 53.323523, -120.14374 53.323539, -120.143711 53.323569, -120.14369 53.323604, -120.143672 53.323647, -120.143683 53.323667, -120.143654 53.323701, -120.143613 53.3237, -120.143583 53.323704, -120.14356 53.323719, -120.143567 53.323736, -120.143582 53.323752, -120.143604 53.323769, -120.14362 53.323786, -120.143643 53.3238, -120.14366 53.323818, -120.143697 53.323829, -120.143745 53.32383, -120.143775 53.32384, -120.143896 53.323812, -120.143926 53.323802, -120.143943 53.323785, -120.143967 53.323762, -120.143982 53.323742, -120.143999 53.323719, -120.14403 53.323716, -120.144062 53.32372, -120.144086 53.323705, -120.144123 53.323694, -120.144138 53.323676, -120.144172 53.323657, -120.144204 53.323657, -120.144242 53.323672, -120.144298 53.323673, -120.144335 53.323667, -120.144366 53.323665, -120.144396 53.323669, -120.144432 53.323661, -120.144473 53.323668, -120.144509 53.323675, -120.144533 53.323689, -120.14454 53.32371, -120.144561 53.323725, -120.144588 53.323736, -120.144619 53.323757, -120.144605 53.323773, -120.144594 53.3238, -120.144578 53.323821, -120.144554 53.323836, -120.144514 53.323836, -120.144472 53.323859, -120.144489 53.323881, -120.144486 53.323911, -120.144454 53.323928, -120.144424 53.323947, -120.144388 53.323962, -120.14436 53.323972, -120.144328 53.323973, -120.144335 53.323991, -120.144351 53.324007, -120.144377 53.324019, -120.144416 53.32402, -120.144456 53.324021, -120.144491 53.32402, -120.144534 53.324024, -120.144558 53.324036, -120.14455 53.324058, -120.144577 53.324069, -120.144607 53.324084, -120.144616 53.324102, -120.1446 53.324121, -120.144615 53.32414, -120.144621 53.324158, -120.144629 53.32418, -120.144594 53.324192, -120.144581 53.324224, -120.144601 53.324237, -120.144652 53.324257, -120.144703 53.324275, -120.144725 53.324291, -120.144751 53.324308, -120.144772 53.324323, -120.144793 53.324336, -120.144886 53.32437, -120.144932 53.324382, -120.144962 53.3244, -120.144981 53.32442, -120.144988 53.324437, -120.145018 53.324445, -120.145051 53.324441, -120.145079 53.32442, -120.145072 53.324402, -120.145104 53.324385, -120.145104 53.324366, -120.145109 53.324347, -120.145134 53.324324, -120.145168 53.324316, -120.145195 53.324348, -120.145235 53.324377, -120.145253 53.324392, -120.145251 53.324414, -120.145249 53.324432, -120.145258 53.324456, -120.145256 53.324475, -120.145274 53.324489, -120.145309 53.324502, -120.145324 53.324518, -120.145351 53.324526, -120.145382 53.324531, -120.145416 53.324538, -120.145446 53.324541, -120.145477 53.324546, -120.145513 53.324563, -120.145545 53.324562, -120.145577 53.324566, -120.145617 53.324575, -120.145647 53.324591, -120.145666 53.324616, -120.145677 53.324634, -120.145676 53.324654, -120.14565 53.324669, -120.145647 53.324687, -120.145529 53.32476, -120.145539 53.324777, -120.14556 53.324793, -120.145592 53.324808, -120.14562 53.324819, -120.145621 53.324838, -120.145662 53.324859, -120.14569 53.324852, -120.145718 53.324843, -120.145753 53.324848, -120.145776 53.324868, -120.145787 53.324888, -120.14581 53.3249, -120.145841 53.324911, -120.145873 53.324905, -120.145906 53.324914, -120.145923 53.324932, -120.145947 53.324951, -120.145951 53.324975, -120.145961 53.324999, -120.145976 53.325015, -120.145959 53.325033, -120.14594 53.325047, -120.145925 53.325064, -120.1459 53.32508, -120.145895 53.3251, -120.145892 53.325118, -120.145869 53.325134, -120.14572 53.325167, -120.145725 53.325185, -120.145714 53.325207, -120.145672 53.325281, -120.145703 53.325296, -120.145723 53.325327, -120.145703 53.325343, -120.145722 53.325404, -120.14574 53.32542, -120.145854 53.325446, -120.145889 53.325444, -120.145917 53.325436, -120.145964 53.325413, -120.146009 53.325405, -120.146035 53.325419, -120.146035 53.32544, -120.146024 53.32546, -120.146046 53.325552, -120.146063 53.325568, -120.146065 53.325586, -120.146055 53.325604, -120.146072 53.325641, -120.146095 53.32566, -120.14611 53.325679, -120.146102 53.325697, -120.146093 53.325717, -120.146057 53.325714, -120.146016 53.325703, -120.145995 53.325685, -120.145972 53.325671, -120.145948 53.325655, -120.145927 53.325642, -120.1459 53.325632, -120.145873 53.32562, -120.145823 53.325601, -120.145769 53.325577, -120.145743 53.325561, -120.145709 53.325549, -120.145674 53.325539, -120.145648 53.325528, -120.145611 53.325516, -120.145575 53.325505, -120.145545 53.32549, -120.145516 53.325473, -120.14549 53.325459, -120.145462 53.325448, -120.145438 53.325435, -120.145412 53.325424, -120.145381 53.325411, -120.145358 53.325398, -120.145343 53.325381, -120.145328 53.325361, -120.145313 53.325344, -120.145297 53.325323, -120.145271 53.325313, -120.145246 53.325325, -120.145219 53.325335, -120.145193 53.325345, -120.145164 53.325348, -120.145134 53.325354, -120.145097 53.32535, -120.145061 53.325346, -120.14503 53.325344, -120.144965 53.325343, -120.144798 53.325341, -120.144322 53.325014, -120.14398 53.324776, -120.143463 53.324472, -120.143139 53.32427, -120.142794 53.324054, -120.142791 53.324052, -120.142787 53.32405, -120.142774 53.324057, -120.142733 53.324054, -120.142733 53.324062, -120.142733 53.324086, -120.142679 53.324076, -120.142773 53.324117, -120.142752 53.324141, -120.142739 53.32415, -120.142707 53.324154, -120.142709 53.324162, -120.142722 53.324203, -120.142732 53.324189, -120.142755 53.324191, -120.142784 53.324173, -120.142778 53.324193, -120.142729 53.324214, -120.142655 53.324211, -120.14266 53.324234, -120.142658 53.324256, -120.142625 53.324259, -120.142615 53.324279, -120.14258 53.324271, -120.142553 53.324259, -120.142568 53.324276, -120.142539 53.324283, -120.142509 53.3243, -120.142469 53.324307, -120.142456 53.324323, -120.142421 53.324322, -120.142391 53.324321, -120.142371 53.324305, -120.142339 53.324301, -120.142321 53.324287, -120.142297 53.324271, -120.142266 53.324268, -120.142234 53.32427, -120.142167 53.32426, -120.142193 53.324273, -120.142212 53.32429, -120.142232 53.324304, -120.142234 53.324323, -120.142202 53.324323, -120.142168 53.32432, -120.142158 53.32434, -120.142169 53.324361, -120.142188 53.324381, -120.142187 53.324401, -120.142183 53.324421, -120.142185 53.32445, -120.142162 53.324465, -120.142125 53.324451, -120.142095 53.324434, -120.142072 53.324411, -120.14206 53.324394, -120.142039 53.324376, -120.142004 53.324374, -120.141972 53.32436, -120.141996 53.324339, -120.142019 53.324316, -120.142006 53.324299, -120.14198 53.324288, -120.141958 53.324274, -120.141946 53.324255, -120.1419 53.32424, -120.141871 53.324235, -120.141847 53.324223, -120.141813 53.324212, -120.141803 53.324209, -120.141777 53.324197, -120.141746 53.324196, -120.141723 53.324177, -120.141733 53.324156, -120.141768 53.324155, -120.141768 53.324161, -120.141794 53.32414, -120.141843 53.324123, -120.141853 53.324104, -120.141863 53.324086, -120.141853 53.324075, -120.141853 53.324074, -120.141846 53.324065, -120.141814 53.324055, -120.141776 53.324048, -120.141754 53.324035, -120.141753 53.324013, -120.141717 53.324014, -120.141687 53.324, -120.141656 53.323995, -120.141626 53.324, -120.141629 53.323972, -120.141615 53.323974, -120.141607 53.32398, -120.141596 53.324015, -120.141568 53.32403, -120.141549 53.324047, -120.141515 53.324051, -120.141497 53.324067, -120.141467 53.324068, -120.141459 53.324044, -120.141465 53.32402, -120.141495 53.323999, -120.141533 53.32399, -120.14151 53.323978, -120.141497 53.323957, -120.141477 53.323948, -120.141469 53.323945, -120.14142 53.323933, -120.141412 53.323909, -120.141383 53.323915, -120.141355 53.323928, -120.141351 53.323946, -120.141353 53.323916, -120.141327 53.323929, -120.14132 53.323953, -120.141287 53.323968, -120.141257 53.32398, -120.141232 53.323969, -120.141203 53.323951, -120.141168 53.323935, -120.141146 53.323923, -120.14111 53.323921, -120.141078 53.323925, -120.141034 53.32391, -120.141001 53.323892, -120.140974 53.323874, -120.140947 53.323864, -120.140938 53.323846, -120.140922 53.323831, -120.140916 53.323811, -120.140897 53.323797, -120.140889 53.323815, -120.14086 53.32382, -120.140844 53.323826, -120.140833 53.323829, -120.140801 53.323817, -120.140774 53.323802, -120.140762 53.323821, -120.140737 53.323836, -120.140754 53.323853, -120.140766 53.323876, -120.140765 53.323895, -120.140756 53.323912, -120.140786 53.323928, -120.140805 53.323942, -120.140802 53.323964, -120.140795 53.323991, -120.140751 53.323997, -120.140722 53.324018, -120.140701 53.323998, -120.140687 53.323974, -120.140681 53.323949, -120.140645 53.323939, -120.140612 53.323927, -120.140593 53.323912, -120.140559 53.3239, -120.140532 53.323919, -120.140524 53.323937, -120.140492 53.323943, -120.140476 53.323963, -120.140468 53.323981, -120.140427 53.323982, -120.140397 53.32398, -120.140364 53.323983, -120.140369 53.324005, -120.140337 53.32401, -120.140306 53.32401, -120.140286 53.323996, -120.140293 53.323969, -120.140271 53.323989, -120.140265 53.324006, -120.140237 53.324018, -120.140225 53.324037, -120.140216 53.324057, -120.140234 53.324077, -120.140239 53.324095, -120.140241 53.324115, -120.14027 53.324124, -120.140251 53.324139, -120.140251 53.324158, -120.140274 53.324169, -120.140233 53.324164, -120.140192 53.324175, -120.140159 53.324174, -120.140165 53.32414, -120.140162 53.324143, -120.140156 53.324151, -120.140152 53.324157, -120.140119 53.324163, -120.140102 53.324169, -120.140105 53.324173, -120.140087 53.324192, -120.140089 53.324194, -120.140098 53.324223, -120.140079 53.32424, -120.140043 53.324243, -120.14001 53.324241, -120.140017 53.324221, -120.140055 53.324216, -120.140076 53.324203, -120.140075 53.324184, -120.140055 53.324198, -120.140011 53.324192, -120.140041 53.324171, -120.140001 53.324171, -120.139959 53.324154, -120.139952 53.324172, -120.139947 53.324195, -120.139936 53.324214, -120.139969 53.324212, -120.139992 53.324224, -120.139977 53.324242, -120.139991 53.324258, -120.139972 53.32428, -120.140003 53.324298, -120.140003 53.324304, -120.140004 53.324313, -120.140005 53.324319, -120.140006 53.324339, -120.140037 53.324351, -120.14005 53.324351, -120.140062 53.324336, -120.140074 53.324336, -120.140092 53.324338, -120.140086 53.324341, -120.140064 53.324351, -120.140047 53.324355, -120.140009 53.32435, -120.139995 53.324349, -120.139982 53.324383, -120.139956 53.324395, -120.139986 53.324418, -120.139966 53.324432, -120.139929 53.324457, -120.139943 53.324473, -120.139969 53.324486, -120.139997 53.324497, -120.140007 53.324512, -120.140037 53.324504, -120.140063 53.324523, -120.140066 53.324541, -120.140105 53.324544, -120.14012 53.324523, -120.140151 53.324509, -120.140162 53.324526, -120.140148 53.324546, -120.140138 53.324569, -120.140138 53.32458, -120.140138 53.324583, -120.140138 53.324594, -120.140154 53.324613, -120.140164 53.324631, -120.14018 53.324654, -120.14019 53.324673, -120.140192 53.324692, -120.140224 53.324687, -120.14026 53.324677, -120.140283 53.324665, -120.140323 53.324669, -120.140328 53.324687, -120.140306 53.324712, -120.140276 53.324722, -120.140273 53.324743, -120.140305 53.324745, -120.140279 53.324768, -120.140246 53.32478, -120.140201 53.324786, -120.140178 53.324804, -120.140154 53.32482, -120.140125 53.324831, -120.140099 53.324818, -120.140082 53.324802, -120.140092 53.324822, -120.140108 53.324845, -120.140112 53.324863, -120.140102 53.324883, -120.140098 53.324902, -120.140095 53.324907, -120.140097 53.324906, -120.140117 53.324889, -120.140136 53.324911, -120.140166 53.324929, -120.140206 53.324934, -120.140231 53.324946, -120.140238 53.324959, -120.140239 53.32496, -120.140247 53.324977, -120.140277 53.324997, -120.140264 53.325022, -120.140263 53.32504, -120.140258 53.325059, -120.140305 53.325059, -120.140332 53.32505, -120.140356 53.325034, -120.140374 53.325015, -120.140395 53.325032, -120.140363 53.325037, -120.140327 53.325053, -120.140301 53.325072, -120.140276 53.325088, -120.140271 53.325114, -120.140249 53.325127, -120.140257 53.325146, -120.140276 53.325163, -120.140281 53.325196, -120.140257 53.325214, -120.140241 53.325197, -120.140204 53.325186, -120.140184 53.325204, -120.140168 53.325182, -120.140168 53.325202, -120.140141 53.325192, -120.14015 53.325212, -120.14016 53.325231, -120.140172 53.32525, -120.140188 53.325266, -120.140218 53.32526, -120.140255 53.32526, -120.140293 53.325266, -120.140304 53.325284, -120.140289 53.3253, -120.140288 53.325322, -120.140266 53.325341, -120.140255 53.325358, -120.140254 53.32536, -120.140237 53.325386, -120.140236 53.325405, -120.140218 53.325389, -120.140211 53.325418, -120.140219 53.325438, -120.140211 53.325464, -120.140174 53.325437, -120.140152 53.325453, -120.14015 53.325481, -120.14014 53.325506, -120.140126 53.325484, -120.140115 53.325465, -120.140108 53.325444, -120.140078 53.325447, -120.140049 53.325431, -120.140034 53.32545, -120.140038 53.325468, -120.140007 53.325466, -120.140015 53.325493, -120.140023 53.325511, -120.140033 53.32553, -120.140046 53.325546, -120.140001 53.325555, -120.139989 53.325574, -120.140023 53.325582, -120.140028 53.325601, -120.140017 53.325618, -120.139984 53.325638, -120.139988 53.32564, -120.139976 53.325643, -120.139974 53.32567, -120.139971 53.325683, -120.139968 53.325694, -120.13997 53.325695, -120.139979 53.3257, -120.139981 53.325719, -120.139958 53.325732, -120.139945 53.325693, -120.139935 53.325675, -120.139922 53.325711, -120.139939 53.325727, -120.139904 53.325725, -120.139877 53.325739, -120.139908 53.325762, -120.139908 53.325765, -120.139909 53.325767, -120.139911 53.325782, -120.139904 53.3258, -120.139941 53.325817, -120.139962 53.325801, -120.140007 53.325767, -120.139991 53.325786, -120.139978 53.325805, -120.139991 53.325794, -120.140059 53.32578, -120.140057 53.325801, -120.140086 53.325815, -120.14009 53.325837, -120.14011 53.325821, -120.140103 53.325847, -120.140084 53.325887, -120.140085 53.325896, -120.140077 53.32593, -120.140126 53.325857, -120.140127 53.325838, -120.140127 53.325817, -120.140148 53.325798, -120.140183 53.325784, -120.14022 53.325786, -120.140238 53.325764, -120.140268 53.325775, -120.140288 53.325789, -120.140305 53.325766, -120.140314 53.325765, -120.140356 53.325763, -120.140395 53.32576, -120.140408 53.325779, -120.140456 53.325762, -120.140406 53.325743, -120.14046 53.325741, -120.14049 53.325747, -120.140487 53.325767, -120.140478 53.325787, -120.140456 53.325808, -120.140448 53.325831, -120.140487 53.325827, -120.140515 53.325833, -120.14054 53.325848, -120.140608 53.32584, -120.140616 53.325858, -120.140627 53.325879, -120.140662 53.325885, -120.140696 53.325883, -120.140727 53.325879, -120.140763 53.325876, -120.140771 53.325895, -120.140792 53.325914, -120.140807 53.32593, -120.140821 53.325924, -120.140836 53.325917, -120.140862 53.32593, -120.14088 53.325966, -120.140882 53.325967, -120.140898 53.32595, -120.140905 53.325967, -120.140916 53.325963, -120.140949 53.325971, -120.140979 53.325977, -120.140974 53.325996, -120.140965 53.326018, -120.140972 53.326042, -120.140934 53.326039, -120.14091 53.326038, -120.140889 53.326037, -120.140894 53.326056, -120.140867 53.326068, -120.140825 53.326076, -120.140832 53.326096, -120.140869 53.326108, -120.140889 53.326103, -120.14089 53.326102, -120.14089 53.326103, -120.140909 53.326098, -120.140899 53.326105, -120.140892 53.326109, -120.140894 53.326121, -120.140931 53.32612, -120.140959 53.326128, -120.140969 53.326126, -120.140991 53.326121, -120.140983 53.326142, -120.141016 53.326146, -120.141027 53.326167, -120.141067 53.326159, -120.141101 53.32616, -120.141114 53.326183, -120.141112 53.326201, -120.141123 53.326227, -120.141153 53.326221, -120.141153 53.326222, -120.141166 53.326214, -120.141196 53.326217, -120.141215 53.326233, -120.141224 53.326258, -120.141195 53.326253, -120.14116 53.326244, -120.141146 53.326242, -120.141145 53.326245, -120.141115 53.326249, -120.141129 53.326239, -120.141124 53.326238, -120.141086 53.326244, -120.141058 53.326251, -120.141035 53.326253, -120.141021 53.326254, -120.14099 53.326256, -120.140965 53.326267, -120.140965 53.326297, -120.140939 53.32631, -120.140909 53.326296, -120.140866 53.326281, -120.140868 53.326301, -120.14084 53.326285, -120.140847 53.326307, -120.140871 53.326321, -120.140878 53.326343, -120.140882 53.326363, -120.140849 53.326368, -120.140847 53.326368, -120.140874 53.326381, -120.140843 53.326388, -120.140871 53.326409, -120.140823 53.32642, -120.140823 53.326441, -120.140834 53.326462, -120.140815 53.326477, -120.140782 53.326466, -120.140762 53.326486, -120.140743 53.326503, -120.140736 53.326526, -120.140701 53.326529, -120.14067 53.326539, -120.140663 53.326557, -120.140632 53.326556, -120.140621 53.326577, -120.140588 53.326577, -120.14057 53.326562, -120.140577 53.326585, -120.140595 53.32661, -120.140591 53.326629, -120.140611 53.326625, -120.140621 53.326644, -120.140652 53.32665, -120.140671 53.326669, -120.140711 53.326661, -120.140734 53.326657, -120.140743 53.326651, -120.140769 53.326641, -120.140775 53.326624, -120.140802 53.326616, -120.14083 53.326634, -120.140861 53.32664, -120.140894 53.326637, -120.14094 53.326637, -120.140969 53.326632, -120.141001 53.326625, -120.141023 53.326627, -120.141015 53.326618, -120.141011 53.326594, -120.141026 53.326627, -120.141082 53.32663, -120.141091 53.326655, -120.141056 53.326659, -120.141036 53.326647, -120.141039 53.326657, -120.141056 53.326671, -120.141054 53.32668, -120.141054 53.326681, -120.141052 53.326691, -120.141076 53.326703, -120.141095 53.326718, -120.141118 53.326732, -120.141153 53.326722, -120.141179 53.326709, -120.141193 53.326693, -120.141193 53.326713, -120.14119 53.326737, -120.141194 53.326759, -120.141237 53.326723, -120.141251 53.326718, -120.141283 53.326706, -120.141292 53.3267, -120.141287 53.326695, -120.141262 53.32668, -120.141275 53.326663, -120.141288 53.326645, -120.141279 53.326626, -120.141309 53.326608, -120.141341 53.326603, -120.141377 53.326596, -120.141358 53.326582, -120.141352 53.326558, -120.141387 53.326554, -120.141401 53.32657, -120.141435 53.326567, -120.141469 53.326566, -120.1415 53.326554, -120.14151 53.326576, -120.1415 53.326595, -120.141519 53.326612, -120.141547 53.326619, -120.141575 53.326639, -120.141578 53.32666, -120.1416 53.326674, -120.141636 53.326686, -120.141672 53.326686, -120.141662 53.326706, -120.141665 53.326725, -120.141708 53.326735, -120.141743 53.326734, -120.141805 53.326725, -120.141816 53.326742, -120.141816 53.326767, -120.141795 53.326781, -120.141788 53.3268, -120.141818 53.326808, -120.141825 53.326826, -120.141827 53.32683, -120.141809 53.326852, -120.14179 53.326874, -120.141812 53.326895, -120.141822 53.326914, -120.141817 53.326934, -120.141843 53.326944, -120.141888 53.326935, -120.141883 53.326952, -120.141913 53.326956, -120.14194 53.326966, -120.141971 53.32698, -120.141969 53.327002, -120.141985 53.327022, -120.142024 53.327023, -120.142004 53.327041, -120.141981 53.327059, -120.142011 53.327057, -120.142042 53.327065, -120.142048 53.327086, -120.14203 53.327103, -120.141998 53.327102, -120.141978 53.327116, -120.141969 53.327141, -120.141931 53.327149, -120.141911 53.327163, -120.141899 53.327165, -120.141906 53.327167, -120.141858 53.327182, -120.141856 53.327201, -120.141822 53.327209, -120.141816 53.32723, -120.141846 53.32723, -120.141882 53.327223, -120.141917 53.327217, -120.141913 53.327237, -120.141908 53.327257, -120.141923 53.327274, -120.141941 53.327265, -120.141971 53.327253, -120.142005 53.32726, -120.142029 53.327276, -120.142034 53.32729, -120.142035 53.327294, -120.142036 53.327319, -120.142014 53.327338, -120.142003 53.327358, -120.142003 53.327378, -120.141997 53.327396, -120.142015 53.327413, -120.141993 53.327429, -120.141962 53.327435, -120.141932 53.32743, -120.141898 53.327433, -120.141894 53.327456, -120.141895 53.327475, -120.141883 53.327498, -120.141876 53.327455, -120.141877 53.327475, -120.141842 53.327468, -120.141817 53.327448, -120.141776 53.32744, -120.141749 53.327413, -120.141736 53.327392, -120.141711 53.32741, -120.141695 53.327432, -120.14168 53.327449, -120.14166 53.327466, -120.14167 53.327485, -120.141678 53.327504, -120.141636 53.327516, -120.14167 53.327529, -120.141641 53.327527, -120.141608 53.327512, -120.14158 53.327495, -120.141551 53.327486, -120.141521 53.327473, -120.141498 53.327462, -120.141494 53.327443, -120.14153 53.327444, -120.141526 53.327424, -120.14151 53.327399, -120.141518 53.32738, -120.141524 53.327352, -120.141509 53.327361, -120.14148 53.327365, -120.141461 53.327347, -120.141432 53.327356, -120.141431 53.327356, -120.141427 53.327375, -120.141406 53.32739, -120.141379 53.327382, -120.141349 53.32739, -120.141305 53.327384, -120.141278 53.327375, -120.141247 53.327371, -120.14121 53.327359, -120.141188 53.327336, -120.141163 53.327311, -120.141171 53.327332, -120.141134 53.327333, -120.141102 53.327338, -120.141071 53.327336, -120.141048 53.327355, -120.14104 53.327365, -120.141039 53.327364, -120.141038 53.327367, -120.141035 53.327371, -120.141036 53.327371, -120.141031 53.327383, -120.141022 53.327403, -120.141051 53.32741, -120.141065 53.327428, -120.141047 53.327446, -120.141014 53.327461, -120.141018 53.327485, -120.141041 53.327497, -120.141069 53.327511, -120.141073 53.327534, -120.141083 53.327552, -120.141115 53.327561, -120.141145 53.327556, -120.141175 53.327554, -120.141204 53.327561, -120.14118 53.327574, -120.141176 53.327576, -120.141222 53.327579, -120.141261 53.327576, -120.141274 53.327593, -120.141286 53.327612, -120.141254 53.327629, -120.141236 53.327645, -120.141218 53.32767, -120.141209 53.327695, -120.141194 53.327716, -120.141173 53.327736, -120.141199 53.327753, -120.141212 53.327772, -120.141182 53.327783, -120.141152 53.327779, -120.141132 53.32776, -120.141116 53.327739, -120.141098 53.327723, -120.141114 53.327726, -120.14111 53.327724, -120.141084 53.327714, -120.141095 53.327746, -120.141075 53.32776, -120.141102 53.327769, -120.141111 53.32779, -120.14108 53.327801, -120.141064 53.327818, -120.141066 53.327837, -120.14109 53.32782, -120.141106 53.327835, -120.141137 53.327861, -120.141163 53.327848, -120.141171 53.327867, -120.141184 53.327891, -120.141184 53.327904, -120.141184 53.327906, -120.141184 53.32792, -120.141189 53.327943, -120.14122 53.327949, -120.141251 53.327962, -120.141221 53.327972, -120.141251 53.327975, -120.141281 53.327981, -120.141303 53.327997, -120.141297 53.328015, -120.141306 53.328015, -120.141318 53.328035, -120.141351 53.328032, -120.141384 53.328036, -120.141409 53.328049, -120.141442 53.32806, -120.14148 53.328055, -120.141505 53.328045, -120.141535 53.328054, -120.141537 53.328054, -120.141534 53.328067, -120.141508 53.328083, -120.141488 53.328101, -120.141435 53.328154, -120.141503 53.328128, -120.141448 53.328155, -120.141425 53.328167, -120.14146 53.328166, -120.141492 53.328158, -120.141521 53.328145, -120.141551 53.328138, -120.141585 53.328142, -120.141593 53.328143, -120.141623 53.328155, -120.141657 53.328158, -120.141688 53.328163, -120.141716 53.32817, -120.141736 53.328189, -120.141763 53.328175, -120.141773 53.328193, -120.141799 53.32821, -120.14181 53.32823, -120.141788 53.328245, -120.141738 53.32825, -120.141714 53.328265, -120.141705 53.328237, -120.141747 53.328228, -120.141745 53.328209, -120.141715 53.328199, -120.141685 53.328193, -120.141671 53.328214, -120.141673 53.328237, -120.141662 53.328257, -120.14164 53.328282, -120.141638 53.328301, -120.141611 53.328306, -120.141602 53.328307, -120.141576 53.328293, -120.141543 53.328297, -120.141519 53.328308, -120.141488 53.328308, -120.141462 53.3283, -120.141424 53.328285, -120.141423 53.328264, -120.141395 53.328253, -120.141363 53.328242, -120.141361 53.328263, -120.141352 53.328281, -120.141353 53.328304, -120.141362 53.328329, -120.141349 53.328346, -120.141336 53.328364, -120.141314 53.328377, -120.1413 53.328386, -120.141316 53.328387, -120.141366 53.3284, -120.141407 53.328418, -120.141439 53.328427, -120.141489 53.328438, -120.141519 53.328443, -120.141549 53.328448, -120.141585 53.328454, -120.141616 53.328462, -120.141637 53.328468, -120.141653 53.328473, -120.141685 53.328485, -120.141713 53.328496, -120.141743 53.328509, -120.141772 53.32852, -120.141809 53.32854, -120.14184 53.328552, -120.14187 53.328557, -120.1419 53.328566, -120.141931 53.328576, -120.141967 53.328594, -120.142001 53.328604, -120.141991 53.328614, -120.141991 53.328614, -120.141859 53.328756, -120.141875 53.328773, -120.141877 53.328794, -120.141869 53.328816, -120.141866 53.328848, -120.141807 53.328844, -120.141769 53.328835, -120.141765 53.328848, -120.14176 53.328843, -120.141741 53.328826, -120.14171 53.328834, -120.141698 53.328853, -120.141695 53.328854, -120.141669 53.328859, -120.141682 53.328879, -120.141695 53.328898, -120.141703 53.328906, -120.141704 53.328917, -120.14164 53.328942, -120.141642 53.328957, -120.141626 53.328947, -120.141603 53.328954, -120.141603 53.328953, -120.141592 53.328958, -120.141554 53.328962, -120.141539 53.328941, -120.141549 53.328937, -120.141552 53.328925, -120.141529 53.328938, -120.14149 53.328944, -120.141457 53.328957, -120.14144 53.328974, -120.141407 53.328983, -120.141379 53.32899, -120.14136 53.328974, -120.141359 53.328974, -120.141354 53.328992, -120.141343 53.329012, -120.141379 53.329006, -120.141378 53.329029, -120.141387 53.329047, -120.141409 53.329061, -120.141396 53.329078, -120.141385 53.329094, -120.14138 53.329099, -120.141362 53.329114, -120.141431 53.329105, -120.141418 53.329123, -120.141391 53.329146, -120.141359 53.329148, -120.14132 53.329169, -120.141351 53.329162, -120.141386 53.329166, -120.141422 53.329165, -120.141408 53.329184, -120.141367 53.329201, -120.141334 53.329204, -120.141291 53.329187, -120.141279 53.329218, -120.141282 53.329236, -120.14125 53.329251, -120.141243 53.329232, -120.141238 53.329251, -120.141216 53.329288, -120.141217 53.329266, -120.141186 53.329256, -120.141169 53.329235, -120.141152 53.329218, -120.141147 53.329192, -120.141123 53.329181, -120.141103 53.329167, -120.141071 53.32915, -120.141047 53.329142, -120.14103 53.329137, -120.141007 53.329129, -120.140981 53.329116, -120.140996 53.329098, -120.141014 53.329075, -120.140984 53.329075, -120.140986 53.329077, -120.140989 53.329098, -120.140945 53.329103, -120.140915 53.32911, -120.140887 53.329102, -120.14089 53.329101, -120.140878 53.329087, -120.1409 53.329076, -120.140875 53.329071, -120.140849 53.329061, -120.140819 53.329057, -120.140792 53.329066, -120.140766 53.329076, -120.140745 53.329089, -120.140718 53.329098, -120.140686 53.329098, -120.140673 53.329117, -120.140653 53.329126, -120.140652 53.329126, -120.140641 53.329131, -120.140658 53.329147, -120.140672 53.329164, -120.140639 53.329175, -120.140618 53.329167, -120.140619 53.329171, -120.140591 53.329184, -120.140564 53.329195, -120.140538 53.329207, -120.140567 53.329217, -120.14055 53.329235, -120.140556 53.329271, -120.140537 53.329287, -120.140512 53.3293, -120.14049 53.329315, -120.140451 53.329325, -120.14042 53.329333, -120.140405 53.329354, -120.14043 53.32934, -120.140437 53.329363, -120.140426 53.329382, -120.140414 53.3294, -120.140403 53.329422, -120.140381 53.329435, -120.140394 53.329453, -120.1404 53.329471, -120.140428 53.329483, -120.140414 53.3295, -120.140415 53.32952, -120.140454 53.329519, -120.140468 53.329536, -120.14047 53.329577, -120.14047 53.329585, -120.140469 53.329604, -120.140457 53.329622, -120.14045 53.329641, -120.140455 53.329669, -120.140482 53.329682, -120.140486 53.329707, -120.140508 53.329724, -120.140541 53.329726, -120.140558 53.329743, -120.140576 53.329761, -120.140612 53.329737, -120.140611 53.329764, -120.140613 53.329787, -120.140616 53.329809, -120.14062 53.329829, -120.140617 53.329856, -120.140584 53.329866, -120.140587 53.329885, -120.140607 53.329905, -120.140637 53.329923, -120.140646 53.329941, -120.140664 53.329957, -120.140683 53.329973, -120.140675 53.329991, -120.140705 53.329988, -120.140711 53.330009, -120.140722 53.330027, -120.140756 53.330033, -120.140776 53.330051, -120.140809 53.330057, -120.140833 53.330071, -120.140869 53.330066, -120.140862 53.33009, -120.140874 53.330111, -120.140902 53.330123, -120.140931 53.330129, -120.140956 53.330143, -120.140969 53.330159, -120.140941 53.330153, -120.140944 53.330172, -120.140966 53.330186, -120.140996 53.330196, -120.141017 53.330211, -120.141041 53.330223, -120.141067 53.33024, -120.141074 53.330258, -120.141092 53.330273, -120.141126 53.330281, -120.141126 53.330305, -120.141133 53.330323, -120.141141 53.330341, -120.141159 53.330357, -120.141177 53.330375, -120.141205 53.330388, -120.141224 53.330404, -120.141239 53.330423, -120.141268 53.330439, -120.141235 53.330444, -120.141209 53.330454, -120.141189 53.330468, -120.141171 53.330489, -120.141143 53.330503, -120.141113 53.330511, -120.14109 53.330523, -120.141061 53.330539, -120.141039 53.330527, -120.141014 53.330539, -120.141038 53.33055, -120.141068 53.330555, -120.141099 53.330554, -120.141134 53.330559, -120.141166 53.330572, -120.141174 53.330598, -120.141211 53.330607, -120.141241 53.330618, -120.141275 53.330633, -120.141266 53.330653, -120.141282 53.330677, -120.141274 53.3307, -120.141296 53.330726, -120.141335 53.330738, -120.14136 53.330755, -120.141394 53.330764, -120.141425 53.330774, -120.141457 53.330783, -120.141511 53.330776, -120.141497 53.330794, -120.141505 53.330815, -120.141514 53.330838, -120.141539 53.330849, -120.141535 53.33087, -120.141551 53.33089, -120.14157 53.330907, -120.141554 53.33089, -120.141579 53.330909, -120.141609 53.330919, -120.141636 53.33093, -120.141669 53.330931, -120.14169 53.330947, -120.141693 53.330927, -120.14175 53.330941, -120.141739 53.330959, -120.141738 53.330981, -120.141713 53.331001, -120.141697 53.331022, -120.141663 53.331049, -120.141679 53.331066, -120.141706 53.33108, -120.141741 53.331056, -120.14172 53.331076, -120.141705 53.331106, -120.141711 53.331132, -120.141681 53.331144, -120.141645 53.331145, -120.141678 53.331157, -120.141688 53.331175, -120.141682 53.331193, -120.141654 53.331209, -120.141682 53.331219, -120.141685 53.331238, -120.141674 53.331264, -120.141694 53.331282, -120.14171 53.331297, -120.141729 53.331314, -120.141765 53.331324, -120.141753 53.331342, -120.141781 53.331354, -120.141792 53.331381, -120.141744 53.331439, -120.141777 53.331442, -120.141807 53.331447, -120.141871 53.331467, -120.141843 53.331476, -120.141803 53.331478, -120.141819 53.331497, -120.141783 53.331493, -120.141749 53.331499, -120.141779 53.331505, -120.141811 53.331513, -120.141836 53.331524, -120.141857 53.331543, -120.141891 53.331552, -120.141859 53.331555, -120.141885 53.331566, -120.141905 53.331581, -120.141936 53.331594, -120.141961 53.331615, -120.141985 53.331627, -120.142011 53.331638, -120.142038 53.331657, -120.14205 53.331674, -120.142076 53.331692, -120.142109 53.331699, -120.142147 53.331684, -120.142154 53.331705, -120.142157 53.331727, -120.142165 53.331745, -120.142177 53.331764, -120.142184 53.331784, -120.142194 53.331804, -120.142211 53.331822, -120.142229 53.331839, -120.142243 53.331861, -120.142267 53.331878, -120.142288 53.331898, -120.142276 53.33192, -120.142317 53.331929, -120.142348 53.331941, -120.14237 53.331953, -120.142393 53.331967, -120.142418 53.33198, -120.142444 53.331992, -120.142453 53.332016, -120.142483 53.332029, -120.142514 53.332044, -120.142529 53.332063, -120.142532 53.332067, -120.142545 53.332082, -120.142562 53.332099, -120.142575 53.332122, -120.14258 53.332148, -120.14259 53.332174, -120.142596 53.332193, -120.142595 53.332194, -120.142568 53.332189, -120.142619 53.332278, -120.142686 53.332381, -120.142752 53.332502, -120.142755 53.332513, -120.142756 53.332533, -120.142723 53.332538, -120.142693 53.332535, -120.142667 53.332546, -120.142633 53.332552, -120.142602 53.332553, -120.142591 53.332572, -120.14258 53.332589, -120.142579 53.332608, -120.142586 53.332626, -120.142601 53.332646, -120.14262 53.332661, -120.142635 53.332672, -120.142618 53.332674, -120.142584 53.332677, -120.142549 53.332673, -120.142525 53.332689, -120.142544 53.332704, -120.142558 53.332722, -120.142547 53.332741, -120.142534 53.332757, -120.142543 53.332776, -120.142564 53.332789, -120.142586 53.332803, -120.142608 53.332815, -120.142612 53.332834, -120.142639 53.332843, -120.14266 53.332856, -120.142679 53.332874, -120.142678 53.332878, -120.142677 53.332892, -120.142647 53.332895, -120.142619 53.332888, -120.142591 53.33288, -120.14256 53.332872, -120.14253 53.332867, -120.142507 53.332879, -120.142487 53.332896, -120.14248 53.332914, -120.142494 53.332931, -120.142485 53.332948, -120.142476 53.332966, -120.142472 53.332984, -120.142488 53.333001, -120.142471 53.33302, -120.142442 53.333027, -120.142442 53.333046, -120.142453 53.333064, -120.142468 53.333082, -120.142458 53.3331, -120.142457 53.333119, -120.142471 53.333136, -120.14245 53.333148, -120.142433 53.333168, -120.142456 53.33318, -120.142481 53.333194, -120.142519 53.333195, -120.142551 53.3332, -120.142555 53.333219, -120.142559 53.333238, -120.142574 53.333254, -120.142551 53.333267, -120.142551 53.333287, -120.142529 53.333302, -120.142519 53.33332, -120.142506 53.333337, -120.142496 53.333355, -120.142497 53.333376, -120.142485 53.333393, -120.142479 53.333412, -120.142473 53.333431, -120.142449 53.333444, -120.14242 53.333437, -120.142409 53.333455, -120.142428 53.333473, -120.142431 53.333493, -120.142437 53.333511, -120.142423 53.333529, -120.142392 53.333534, -120.142363 53.33354, -120.142341 53.333559, -120.142313 53.333566, -120.142277 53.333579, -120.142277 53.333581, -120.142448 53.333656, -120.142568 53.3337, -120.142676 53.333741, -120.142815 53.333794, -120.142878 53.333819, -120.142927 53.333838, -120.143044 53.333895, -120.143148 53.33396, -120.143234 53.334038, -120.143328 53.334124, -120.143314 53.334132, -120.143356 53.334125, -120.143346 53.334145, -120.143373 53.334153, -120.143409 53.334169, -120.143421 53.33418, -120.143435 53.334193, -120.143455 53.334209, -120.143477 53.334223, -120.143485 53.334249, -120.143472 53.334268, -120.143454 53.334286, -120.143427 53.334294, -120.143441 53.334312, -120.143415 53.334329, -120.143414 53.334347, -120.143377 53.334348, -120.143349 53.334335, -120.14332 53.334328, -120.143292 53.334313, -120.143279 53.334296, -120.143262 53.334279, -120.143247 53.334262, -120.14322 53.334235, -120.143212 53.334216, -120.143203 53.334195, -120.143217 53.334172, -120.143237 53.334155, -120.143202 53.334154, -120.143189 53.334138, -120.143157 53.334136, -120.143121 53.334129, -120.143083 53.334126, -120.14306 53.334149, -120.14306 53.33417, -120.143041 53.334188, -120.143013 53.334199, -120.142995 53.334216, -120.142954 53.334218, -120.142922 53.334208, -120.142886 53.334216, -120.142871 53.334234, -120.142841 53.334249, -120.142808 53.334239, -120.142765 53.334236, -120.142739 53.334223, -120.142706 53.334214, -120.142685 53.334197, -120.142664 53.334182, -120.142631 53.334174, -120.14262 53.334151, -120.1426 53.334136, -120.142568 53.334122, -120.142565 53.334121, -120.142539 53.334108, -120.142497 53.334113, -120.14247 53.334132, -120.142444 53.334145, -120.14242 53.334167, -120.142403 53.334187, -120.142386 53.334207, -120.142336 53.334191, -120.142326 53.33417, -120.1423 53.334154, -120.142269 53.334156, -120.142255 53.334173, -120.142248 53.334194, -120.142213 53.3342, -120.142183 53.334214, -120.142169 53.334233, -120.142159 53.33425, -120.142129 53.334243, -120.142097 53.334239, -120.142116 53.334255, -120.142145 53.334268, -120.14212 53.334285, -120.142095 53.3343, -120.142055 53.334303, -120.142025 53.334307, -120.141987 53.334299, -120.14195 53.334303, -120.141902 53.334303, -120.141866 53.334294, -120.141833 53.334286, -120.141797 53.334276, -120.141794 53.334251, -120.141782 53.334231, -120.141746 53.334221, -120.141678 53.334212, -120.141639 53.334206, -120.141609 53.334193, -120.141585 53.334182, -120.141553 53.33418, -120.14152 53.33418, -120.141476 53.334196, -120.141457 53.334216, -120.141417 53.334211, -120.141382 53.334214, -120.141358 53.334227, -120.14133 53.334245, -120.141324 53.334271, -120.141304 53.334297, -120.141278 53.334321, -120.141262 53.334341, -120.141255 53.334364, -120.141222 53.334374, -120.14121 53.334387, -120.141195 53.334404, -120.141185 53.334433, -120.141156 53.334442, -120.141151 53.334444, -120.141132 53.334458, -120.14114 53.334482, -120.14113 53.334504, -120.141098 53.334521, -120.141081 53.334542, -120.14108 53.334568, -120.141076 53.33459, -120.141054 53.334607, -120.141021 53.334613, -120.141001 53.334626, -120.140991 53.334606, -120.140955 53.334597, -120.140914 53.334595, -120.140891 53.334582, -120.14085 53.334577, -120.140814 53.334571, -120.140803 53.334553, -120.140779 53.334539, -120.140747 53.334539, -120.140713 53.334526, -120.140682 53.334525, -120.140651 53.334532, -120.140631 53.334547, -120.140615 53.334569, -120.140622 53.334597, -120.140631 53.334618, -120.140621 53.334638, -120.140641 53.334658, -120.140649 53.334682, -120.140639 53.3347, -120.140618 53.334718, -120.140587 53.334721, -120.14058 53.334744, -120.14055 53.334754, -120.14052 53.33474, -120.140496 53.334728, -120.140469 53.334717, -120.140451 53.334699, -120.140417 53.334696)), ((-120.122852 53.319002, -120.122857 53.31897, -120.122754 53.318924, -120.1227 53.318878, -120.122624 53.318854, -120.122587 53.318785, -120.122576 53.318785, -120.122559 53.318785, -120.122484 53.318783, -120.122463 53.318719, -120.122498 53.318711, -120.122548 53.318698, -120.122528 53.318672, -120.12245 53.318689, -120.122421 53.318695, -120.122415 53.318684, -120.122395 53.318646, -120.122182 53.318478, -120.122072 53.318392, -120.122092 53.318093, -120.122099 53.317987, -120.122236 53.317595, -120.122475 53.317255, -120.122923 53.317178, -120.12318 53.317213, -120.123298 53.317236, -120.123283 53.31728, -120.123304 53.317299, -120.123324 53.317313, -120.123349 53.317327, -120.123364 53.317343, -120.123376 53.317363, -120.123389 53.317387, -120.123402 53.317405, -120.12339 53.317424, -120.123373 53.31744, -120.123363 53.317458, -120.123354 53.317476, -120.123351 53.317495, -120.123357 53.317515, -120.123379 53.317534, -120.12341 53.317555, -120.123446 53.317567, -120.123457 53.317584, -120.123457 53.317602, -120.123475 53.317619, -120.123486 53.31764, -120.123479 53.31766, -120.123456 53.317671, -120.123443 53.31769, -120.123439 53.317713, -120.123436 53.317749, -120.123416 53.317768, -120.123414 53.317786, -120.123424 53.317813, -120.123442 53.317829, -120.123451 53.317851, -120.123464 53.31786, -120.123472 53.317866, -120.123497 53.317877, -120.123519 53.317896, -120.123525 53.317913, -120.123548 53.317934, -120.12357 53.317955, -120.123579 53.317973, -120.123603 53.317988, -120.123629 53.31801, -120.12364 53.318029, -120.123664 53.318041, -120.123693 53.318031, -120.123732 53.318026, -120.123765 53.318028, -120.123815 53.318034, -120.123846 53.318036, -120.123863 53.318055, -120.123825 53.318064, -120.123798 53.318081, -120.123783 53.318108, -120.123781 53.318132, -120.123794 53.318154, -120.123801 53.318178, -120.12379 53.318199, -120.123764 53.318208, -120.123741 53.318223, -120.123717 53.318234, -120.123679 53.31824, -120.123651 53.318246, -120.123641 53.318268, -120.123644 53.318286, -120.123652 53.318308, -120.12364 53.31833, -120.123666 53.318352, -120.123697 53.318363, -120.123717 53.31838, -120.123745 53.318393, -120.123769 53.318403, -120.123785 53.31842, -120.123808 53.318432, -120.123824 53.318448, -120.123855 53.318456, -120.123887 53.318451, -120.123924 53.318449, -120.123964 53.31844, -120.124004 53.318426, -120.124036 53.318431, -120.124053 53.318412, -120.124097 53.318418, -120.124122 53.31843, -120.124132 53.31845, -120.12415 53.318465, -120.124171 53.31848, -120.12422 53.318501, -120.124251 53.318509, -120.12427 53.318531, -120.124286 53.318547, -120.124293 53.318565, -120.124292 53.318584, -120.124322 53.318595, -120.124346 53.318608, -120.124363 53.318627, -120.124387 53.318644, -120.124417 53.318648, -120.124448 53.318652, -120.124474 53.318639, -120.124506 53.318634, -120.124537 53.318638, -120.124568 53.318651, -120.124589 53.318664, -120.124617 53.318672, -120.124649 53.318675, -120.124678 53.318686, -120.124723 53.318692, -120.124758 53.31869, -120.124791 53.318686, -120.124828 53.31869, -120.124887 53.318695, -120.124924 53.318701, -120.124956 53.318697, -120.124978 53.318713, -120.124996 53.318732, -120.12502 53.318752, -120.125047 53.318762, -120.125073 53.318774, -120.125103 53.318786, -120.125112 53.318805, -120.125112 53.318828, -120.125121 53.318849, -120.125132 53.318866, -120.125153 53.318881, -120.125174 53.318897, -120.125187 53.318913, -120.125181 53.318932, -120.125155 53.318942, -120.12512 53.318951, -120.125092 53.31896, -120.125077 53.318977, -120.12505 53.318993, -120.125023 53.318984, -120.12499 53.318976, -120.124959 53.318972, -120.124927 53.318975, -120.124897 53.318979, -120.124862 53.318985, -120.124846 53.319002, -120.124817 53.319008, -120.124785 53.319004, -120.124745 53.318995, -120.124716 53.31899, -120.124696 53.318976, -120.12466 53.318977, -120.124638 53.318992, -120.124606 53.318995, -120.124574 53.319005, -120.124572 53.319023, -120.124555 53.319038, -120.124525 53.319043, -120.124497 53.319051, -120.124461 53.31905, -120.124423 53.31905, -120.124393 53.319052, -120.124363 53.319047, -120.124329 53.319044, -120.124296 53.319039, -120.124262 53.319029, -120.124245 53.319012, -120.124225 53.318998, -120.12419 53.319001, -120.12416 53.318993, -120.124132 53.318979, -120.124102 53.318982, -120.124068 53.31898, -120.124037 53.318979, -120.123998 53.318977, -120.123972 53.318962, -120.123936 53.318966, -120.123905 53.318973, -120.123875 53.318979, -120.123839 53.318966, -120.123808 53.318964, -120.123767 53.318971, -120.123733 53.31897, -120.123683 53.318962, -120.123656 53.318948, -120.123624 53.318938, -120.123595 53.318925, -120.123553 53.318924, -120.123543 53.318919, -120.12345 53.318959, -120.123388 53.318995, -120.123307 53.318999, -120.123247 53.318976, -120.123189 53.318991, -120.123099 53.318943, -120.122998 53.318931, -120.122955 53.318995, -120.122914 53.318992, -120.122852 53.319002)), ((-120.142548 53.330494, -120.142868 53.330458, -120.143175 53.33082, -120.143048 53.330989, -120.143008 53.331144, -120.143022 53.33123, -120.14266 53.331156, -120.142613 53.330794, -120.142548 53.330494)))"
12,2023-06-23 10:31:00,2023060901,2023,272.4,Non-corrected airborne GPS,1686294000000,1686362191000,Being Held,JA70003000,2724485.4422,9996.6432,49,a2fed62b-b8bc-4e34-a080-161a665eee12,7297393.609375,16362.2274355217,https://wildfiresituation.nrs.gov.bc.ca/incidents?fireYear=2023&incidentNumber=G30612,"POLYGON ((-119.303625 52.37455, -119.30404 52.374272, -119.304573 52.373958, -119.305319 52.373404, -119.305844 52.373118, -119.306899 52.372609, -119.30762 52.37234, -119.30844 52.37215, -119.309054 52.372161, -119.309348 52.372164, -119.309721 52.372248, -119.310158 52.372378, -119.310666 52.372434, -119.3107 52.37244, -119.311199 52.37256, -119.311753 52.372544, -119.311809 52.372555, -119.312368 52.372608, -119.312427 52.37262, -119.31251 52.372637, -119.312816 52.372854, -119.312835 52.372865, -119.313342 52.373216, -119.314427 52.373274, -119.31443 52.37246, -119.314491 52.37244, -119.314865 52.372165, -119.314879 52.372148, -119.314884 52.372121, -119.31507 52.371827, -119.315238 52.371562, -119.315266 52.371393, -119.315295 52.371219, -119.315296 52.371206, -119.315212 52.370789, -119.315351 52.370529, -119.315349 52.370013, -119.315142 52.3697, -119.315164 52.369592, -119.31515 52.36958, -119.31519 52.36948, -119.315253 52.369471, -119.315405 52.369384, -119.316168 52.369368, -119.316944 52.369388, -119.317586 52.369403, -119.317644 52.369414, -119.31824 52.369503, -119.3183 52.3695, -119.31845 52.3695, -119.31863 52.36954, -119.31872 52.36959, -119.31892 52.36974, -119.319043 52.369886, -119.31908 52.36993, -119.31936 52.37014, -119.3195 52.37025, -119.31963 52.37037, -119.3198 52.37047, -119.31995 52.37057, -119.32067 52.37103, -119.32085 52.37116, -119.32103 52.37131, -119.32122 52.37146, -119.32139 52.37161, -119.32153 52.37175, -119.32166 52.37189, -119.32179 52.37205, -119.32184 52.37212, -119.32212 52.3725, -119.32214 52.37252, -119.32226 52.37255, -119.32242 52.37251, -119.32269 52.37245, -119.32282 52.372396, -119.322835 52.372395, -119.323392 52.372159, -119.323436 52.372029, -119.32349 52.37197, -119.32358 52.37168, -119.323574 52.371618, -119.323586 52.371581, -119.323559 52.371467, -119.32355 52.37137, -119.323499 52.371211, -119.323446 52.370986, -119.323444 52.370978, -119.323436 52.370968, -119.323277 52.370618, -119.323249 52.37057, -119.323141 52.370226, -119.322582 52.369702, -119.322177 52.369321, -119.321161 52.367877, -119.321432 52.367356, -119.321456 52.367319, -119.321376 52.366937, -119.321053 52.366417, -119.32105 52.36639, -119.320889 52.36586, -119.320249 52.365249, -119.319146 52.364794, -119.318263 52.364565, -119.31758 52.364597, -119.317181 52.364601, -119.316707 52.364456, -119.316565 52.36419, -119.316538 52.364166, -119.316284 52.363848, -119.316271 52.363796, -119.316279 52.363737, -119.315994 52.363206, -119.315995 52.363175, -119.316119 52.362961, -119.316664 52.362956, -119.316905 52.362849, -119.316034 52.362387, -119.315318 52.361939, -119.315602 52.361741, -119.316863 52.361953, -119.316956 52.361976, -119.317794 52.362106, -119.318583 52.362419, -119.32015 52.363056, -119.321256 52.363488, -119.321885 52.363858, -119.322451 52.364306, -119.323111 52.364879, -119.32379 52.36518, -119.324358 52.36559, -119.324791 52.365847, -119.325391 52.365654, -119.325418 52.365647, -119.32542 52.365647, -119.326038 52.365562, -119.326421 52.365509, -119.326488 52.365498, -119.327137 52.365358, -119.327392 52.365416, -119.327782 52.365506, -119.328626 52.366006, -119.32936 52.366535, -119.329719 52.366829, -119.33019 52.3673, -119.3305 52.36753, -119.330892 52.367763, -119.33227 52.36858, -119.3323 52.3686, -119.33286 52.36886, -119.3329 52.36888, -119.333553 52.369188, -119.333666 52.369233, -119.334097 52.369405, -119.334637 52.369513, -119.335464 52.369679, -119.33609 52.369808, -119.336774 52.369849, -119.337286 52.369866, -119.338159 52.369931, -119.339136 52.369978, -119.33977 52.36997, -119.34035 52.36991, -119.34043 52.3699, -119.34049 52.369894, -119.340533 52.369883, -119.341133 52.369754, -119.341588 52.369578, -119.34167 52.369553, -119.341725 52.369536, -119.341892 52.369544, -119.342315 52.369564, -119.342486 52.369831, -119.342512 52.369893, -119.342648 52.370221, -119.342371 52.370744, -119.342383 52.370811, -119.342358 52.371079, -119.342022 52.371606, -119.341498 52.372177, -119.340963 52.372442, -119.34003 52.372778, -119.3391 52.373033, -119.337956 52.373376, -119.336988 52.373673, -119.335733 52.374133, -119.335366 52.374411, -119.334742 52.374729, -119.333769 52.375073, -119.332581 52.375356, -119.332088 52.375616, -119.330848 52.375974, -119.329799 52.376194, -119.327878 52.377103, -119.326987 52.377724, -119.326587 52.378375, -119.326078 52.378918, -119.326085 52.378931, -119.32618 52.379109, -119.326216 52.379132, -119.326423 52.379452, -119.326332 52.379636, -119.326209 52.379682, -119.325653 52.379799, -119.32521 52.379869, -119.324561 52.379971, -119.32312 52.380305, -119.322408 52.380391, -119.32133 52.380459, -119.319914 52.380606, -119.319049 52.380528, -119.318289 52.380528, -119.317372 52.380551, -119.316269 52.380577, -119.316187 52.38058, -119.315299 52.380627, -119.313988 52.380781, -119.31006 52.382043, -119.309252 52.381992, -119.308518 52.381896, -119.308088 52.381788, -119.307442 52.381597, -119.306649 52.381438, -119.305764 52.38117, -119.304723 52.380897, -119.304073 52.380766, -119.303466 52.380557, -119.302802 52.380379, -119.30208 52.380144, -119.301564 52.379911, -119.300867 52.379369, -119.300776 52.379114, -119.300315 52.378554, -119.300281 52.37798, -119.300264 52.377242, -119.300929 52.376534, -119.301673 52.375888, -119.302369 52.375549, -119.302882 52.37497, -119.303625 52.37455))"
13,2023-06-23 10:31:00,2023052001,2023,142.7,Hand sketch of any type,1684566000000,1684712081000,Under Control,JA70003000,1426797.6892,6657.4147,51,85fb288b-f7a9-446f-a706-af875b036c90,4111598.71875,11304.7494745792,https://wildfiresituation.nrs.gov.bc.ca/incidents?fireYear=2023&incidentNumber=G40324,"POLYGON ((-124.50504 53.946855, -124.505132 53.947051, -124.504231 53.947786, -124.504248 53.948052, -124.504669 53.948454, -124.504954 53.948714, -124.505429 53.94885, -124.505561 53.948869, -124.505786 53.948865, -124.506083 53.948895, -124.506446 53.94887, -124.506843 53.948759, -124.507162 53.948657, -124.507771 53.948482, -124.508254 53.948322, -124.508494 53.948008, -124.509035 53.947826, -124.509229 53.947653, -124.509226 53.947412, -124.509446 53.947147, -124.509731 53.947018, -124.510061 53.94688, -124.510171 53.946647, -124.510224 53.946328, -124.510329 53.946159, -124.510501 53.945962, -124.510749 53.945837, -124.511101 53.945789, -124.511375 53.945835, -124.511699 53.945841, -124.512012 53.945845, -124.512363 53.945787, -124.51266 53.945681, -124.51317 53.945483, -124.513498 53.945561, -124.513698 53.94572, -124.513673 53.945922, -124.513564 53.946301, -124.514188 53.946343, -124.514172 53.947156, -124.515048 53.94739, -124.515968 53.947583, -124.516798 53.947698, -124.517209 53.947888, -124.51762 53.94831, -124.518438 53.949137, -124.519348 53.949447, -124.519814 53.949806, -124.520073 53.950014, -124.520622 53.949987, -124.521339 53.949835, -124.521939 53.949763, -124.522383 53.949628, -124.52285 53.949379, -124.523364 53.949042, -124.523868 53.948762, -124.524341 53.948842, -124.52458 53.948813, -124.524814 53.948801, -124.525031 53.948848, -124.525113 53.94896, -124.525205 53.949109, -124.525377 53.949388, -124.525507 53.949493, -124.525666 53.949542, -124.525935 53.949656, -124.526179 53.949725, -124.526342 53.950005, -124.526282 53.950637, -124.526088 53.951054, -124.525735 53.951244, -124.525143 53.951607, -124.524403 53.952033, -124.524198 53.952353, -124.524193 53.952683, -124.524596 53.952809, -124.524941 53.953024, -124.524761 53.953147, -124.524476 53.953348, -124.524146 53.953492, -124.523804 53.95344, -124.523649 53.95325, -124.523203 53.953089, -124.522428 53.953083, -124.522183 53.9532, -124.521789 53.953329, -124.521283 53.953511, -124.520809 53.953511, -124.520041 53.953563, -124.51941 53.953556, -124.518769 53.953678, -124.518496 53.953246, -124.517465 53.953594, -124.516314 53.953362, -124.515383 53.95351, -124.514903 53.953729, -124.514469 53.954152, -124.513679 53.954324, -124.512813 53.954309, -124.511763 53.954418, -124.511054 53.954558, -124.510188 53.95434, -124.509143 53.953499, -124.509091 53.953453, -124.507205 53.95348, -124.507096 53.953942, -124.506778 53.954176, -124.506396 53.95465, -124.506058 53.955044, -124.505486 53.955675, -124.505279 53.95578, -124.504556 53.95587, -124.504118 53.955914, -124.503701 53.955924, -124.50332 53.955979, -124.502887 53.955975, -124.502303 53.955883, -124.501924 53.95568, -124.501373 53.955579, -124.499841 53.955482, -124.499005 53.955511, -124.498616 53.953457, -124.498456 53.953395, -124.498128 53.953203, -124.49779 53.953158, -124.497577 53.953074, -124.497217 53.952965, -124.496938 53.953022, -124.496504 53.953022, -124.495996 53.952851, -124.495629 53.952893, -124.495217 53.952775, -124.494139 53.952731, -124.493266 53.95231, -124.492985 53.952045, -124.492657 53.951711, -124.492067 53.951401, -124.491974 53.951066, -124.492199 53.950714, -124.492508 53.950393, -124.492919 53.950171, -124.493417 53.950062, -124.493861 53.949651, -124.494053 53.949253, -124.494201 53.948921, -124.494164 53.948582, -124.494577 53.948372, -124.494939 53.948302, -124.495817 53.948221, -124.497148 53.947949, -124.498236 53.947843, -124.499292 53.947641, -124.500297 53.947468, -124.501299 53.947393, -124.502225 53.947307, -124.503098 53.947181, -124.503994 53.947016, -124.50504 53.946855))"
14,2023-06-23 10:31:00,2023061201,2023,21385.1,Non-corrected airborne GPS,1686553200000,1686701276000,Being Held,JA70003000,213851019.7579,138629.6316,54,6d901a66-4e21-4722-9358-123e6a5457da,731151997.382813,256328.011368599,https://wildfiresituation.nrs.gov.bc.ca/incidents?fireYear=2023&incidentNumber=G60325,"POLYGON ((-124.921339 57.362953, -124.919924 57.363885, -124.918915 57.36447, -124.917838 57.364991, -124.917276 57.365224, -124.916117 57.365634, -124.914923 57.365962, -124.913706 57.366214, -124.911863 57.36648, -124.909331 57.366784, -124.908058 57.366995, -124.905048 57.367895, -124.904478 57.368112, -124.902762 57.368767, -124.901598 57.36921, -124.900423 57.369666, -124.898653 57.370367, -124.896897 57.37108, -124.895157 57.371792, -124.894578 57.372032, -124.891694 57.373189, -124.886536 57.375121, -124.886425 57.375164, -124.885453 57.37554, -124.884349 57.375852, -124.88154 57.376302, -124.880956 57.376317, -124.879791 57.37631, -124.878623 57.376265, -124.876915 57.376148, -124.876359 57.376103, -124.875804 57.376058, -124.874739 57.375972, -124.874223 57.375921, -124.873205 57.375802, -124.872191 57.375667, -124.871684 57.375593, -124.871183 57.375514, -124.870685 57.375433, -124.870541 57.37541, -124.869696 57.375275, -124.868719 57.375108, -124.867728 57.37493, -124.866766 57.374733, -124.864189 57.373866, -124.863192 57.373254, -124.862392 57.372555, -124.861753 57.371405, -124.861679 57.371091, -124.86162 57.370092, -124.861464 57.36804, -124.861378 57.367722, -124.861262 57.367408, -124.861114 57.367098, -124.860931 57.366791, -124.860138 57.365886, -124.859796 57.365584, -124.859417 57.365295, -124.858544 57.364764, -124.857528 57.364312, -124.856367 57.363964, -124.853769 57.363653, -124.849664 57.364032, -124.848322 57.364272, -124.847012 57.36455, -124.843788 57.365272, -124.842482 57.36557, -124.84057 57.366058, -124.839297 57.366431, -124.836125 57.367405, -124.834857 57.367864, -124.832371 57.368896, -124.830626 57.369784, -124.828709 57.370489, -124.825791 57.370644, -124.825055 57.370562, -124.822807 57.370252, -124.822042 57.370152, -124.82127 57.370056, -124.820485 57.369947, -124.818877 57.369634, -124.816559 57.369177, -124.814244 57.368692, -124.811951 57.368214, -124.809657 57.367791, -124.807325 57.367399, -124.805756 57.367164, -124.80497 57.367054, -124.799242 57.366587, -124.797561 57.366515, -124.793442 57.366436, -124.792644 57.366425, -124.791851 57.366414, -124.791064 57.366407, -124.789511 57.366399, -124.78799 57.366405, -124.786497 57.366422, -124.785024 57.366435, -124.783553 57.366437, -124.782817 57.366439, -124.780631 57.366438, -124.777755 57.366383, -124.776305 57.366342, -124.774094 57.366245, -124.773364 57.366199, -124.771884 57.366099, -124.770374 57.365972, -124.768891 57.365806, -124.767416 57.365619, -124.765918 57.365397, -124.763644 57.364998, -124.762146 57.36469, -124.759175 57.363974, -124.758456 57.363773, -124.757763 57.363562, -124.756398 57.363115, -124.755726 57.362876, -124.754376 57.362394, -124.753 57.361914, -124.752317 57.361676, -124.748798 57.36056, -124.748063 57.360351, -124.746604 57.359949, -124.744427 57.359391, -124.742215 57.358895, -124.739956 57.358452, -124.73766 57.358026, -124.73615 57.357749, -124.735374 57.35761, -124.733819 57.357327, -124.732281 57.357042, -124.729259 57.356474, -124.728525 57.356335, -124.727049 57.356075, -124.724015 57.355629, -124.723248 57.355524, -124.71955 57.355026, -124.71806 57.354867, -124.715744 57.354715, -124.714132 57.354663, -124.712555 57.354638, -124.710274 57.354675, -124.705217 57.355336, -124.702364 57.355838, -124.696358 57.356227, -124.694029 57.356245, -124.690161 57.356084, -124.687871 57.355823, -124.684199 57.35513, -124.682851 57.354712, -124.679805 57.353411, -124.679259 57.353105, -124.677246 57.351788, -124.672883 57.348073, -124.670814 57.346133, -124.670026 57.345365, -124.668756 57.344243, -124.668299 57.34388, -124.667341 57.343173, -124.666844 57.342827, -124.665836 57.342153, -124.663798 57.340842, -124.662233 57.339917, -124.660559 57.339061, -124.659963 57.338796, -124.659361 57.338545, -124.658093 57.338086, -124.656087 57.337508, -124.655383 57.337351, -124.654669 57.337207, -124.653233 57.336952, -124.649769 57.336139, -124.648367 57.335861, -124.646247 57.335643, -124.644614 57.335861, -124.643149 57.336104, -124.641716 57.336431, -124.639662 57.337038, -124.638567 57.337628, -124.638041 57.337928, -124.637016 57.338549, -124.636508 57.338878, -124.635518 57.339526, -124.63461 57.340149, -124.634106 57.340451, -124.633061 57.341023, -124.631307 57.341846, -124.630122 57.342371, -124.628966 57.342868, -124.626572 57.343702, -124.620559 57.344823, -124.619863 57.344939, -124.619152 57.34505, -124.615644 57.345582, -124.614959 57.345692, -124.614334 57.345786, -124.613592 57.345898, -124.61221 57.346093, -124.611525 57.3462, -124.610847 57.346315, -124.609469 57.346535, -124.608758 57.346638, -124.60658 57.34693, -124.60658 57.34693, -124.605109 57.347093, -124.604367 57.347172, -124.602122 57.347431, -124.600627 57.347611, -124.599877 57.347707, -124.597656 57.348009, -124.595484 57.348326, -124.593339 57.348672, -124.591933 57.348894, -124.591219 57.349004, -124.590492 57.349118, -124.589757 57.349233, -124.589019 57.349346, -124.588284 57.349457, -124.587556 57.349567, -124.586838 57.349677, -124.585405 57.349895, -124.584001 57.350112, -124.579846 57.350794, -124.577082 57.351055, -124.573765 57.350998, -124.571932 57.350738, -124.571353 57.350614, -124.570245 57.350312, -124.568697 57.349767, -124.567755 57.349356, -124.565211 57.348066, -124.564414 57.347632, -124.563628 57.347183, -124.563232 57.346948, -124.562458 57.346454, -124.561765 57.345921, -124.561465 57.345638, -124.561191 57.345344, -124.560698 57.344733, -124.560458 57.344422, -124.559951 57.343798, -124.559683 57.343488, -124.559399 57.343181, -124.559105 57.342878, -124.558458 57.342288, -124.557328 57.34147, -124.556907 57.341216, -124.554844 57.340428, -124.55217 57.340335, -124.551467 57.340426, -124.550042 57.340624, -124.549309 57.340708, -124.547086 57.340874, -124.546337 57.340901, -124.544139 57.340831, -124.543302 57.340715, -124.542736 57.340636, -124.542043 57.340507, -124.540687 57.3402, -124.539363 57.339841, -124.538058 57.339451, -124.536088 57.338864, -124.535421 57.338676, -124.534075 57.338309, -124.533397 57.338131, -124.531368 57.337623, -124.529987 57.337311, -124.529287 57.337163, -124.528594 57.337016, -124.527906 57.33687, -124.525829 57.336469, -124.524448 57.336225, -124.523756 57.336112, -124.523062 57.336006, -124.521645 57.335831, -124.517988 57.335596, -124.515734 57.335689, -124.514242 57.3359, -124.512816 57.33627, -124.511552 57.336817, -124.510481 57.337534, -124.509996 57.337923, -124.509088 57.338732, -124.508229 57.339552, -124.507816 57.339968, -124.506059 57.34213, -124.504957 57.34385, -124.504708 57.344272, -124.504208 57.34512, -124.503716 57.345984, -124.503199 57.346843, -124.502929 57.347266, -124.502655 57.347682, -124.502381 57.348095, -124.502111 57.348505, -124.501849 57.348914, -124.501345 57.349738, -124.501098 57.350153, -124.500846 57.350568, -124.50058 57.350983, -124.500051 57.351825, -124.499787 57.352247, -124.499512 57.352672, -124.499233 57.353096, -124.498953 57.35352, -124.498391 57.354367, -124.498101 57.35478, -124.497814 57.35519, -124.497504 57.355587, -124.497173 57.355962, -124.496828 57.356319, -124.496473 57.356664, -124.496114 57.35701, -124.495746 57.357352, -124.495368 57.357691, -124.494979 57.35803, -124.494561 57.358352, -124.493656 57.358933, -124.493194 57.359199, -124.491344 57.360197, -124.49037 57.36066, -124.488886 57.3613, -124.487881 57.361716, -124.486307 57.362348, -124.485248 57.362781, -124.484729 57.363001, -124.484204 57.363228, -124.482651 57.363919, -124.482135 57.364151, -124.479396 57.365254, -124.478804 57.365437, -124.476995 57.365808, -124.476403 57.365859, -124.475234 57.365835, -124.474664 57.365762, -124.473557 57.365528, -124.473031 57.365372, -124.472522 57.365189, -124.470441 57.36395, -124.470138 57.363651, -124.46955 57.362682, -124.469468 57.362333, -124.469446 57.361608, -124.469475 57.36124, -124.469575 57.360499, -124.469693 57.359744, -124.469802 57.358977, -124.469901 57.358205, -124.470001 57.357424, -124.470097 57.35663, -124.470142 57.35623, -124.470233 57.35542, -124.47028 57.355013, -124.470367 57.354204, -124.470406 57.353806, -124.470488 57.353016, -124.470689 57.351439, -124.470791 57.350653, -124.470847 57.349875, -124.470865 57.349486, -124.470899 57.348704, -124.470953 57.347916, -124.470988 57.347119, -124.470962 57.346725, -124.470883 57.346336, -124.470746 57.345947, -124.470545 57.345566, -124.469915 57.344836, -124.469486 57.344504, -124.468771 57.344139, -124.467764 57.343625, -124.463977 57.342587, -124.463139 57.342485, -124.459703 57.342331, -124.452354 57.342109, -124.450819 57.342073, -124.449312 57.342048, -124.447813 57.342021, -124.443318 57.341924, -124.441022 57.341925, -124.44025 57.341934, -124.439476 57.341945, -124.438701 57.34196, -124.436392 57.342015, -124.435633 57.34204, -124.434887 57.342068, -124.433404 57.342144, -124.43267 57.342192, -124.427505 57.34267, -124.422299 57.343323, -124.420048 57.343556, -124.417081 57.343778, -124.416359 57.34382, -124.415644 57.343856, -124.414228 57.343922, -124.412803 57.343986, -124.410615 57.344109, -124.410072 57.344138, -124.409132 57.344189, -124.406136 57.34427, -124.397921 57.344286, -124.396464 57.344326, -124.395733 57.344355, -124.391419 57.34445, -124.390021 57.344425, -124.388655 57.344378, -124.387986 57.344353, -124.387313 57.344325, -124.386636 57.344291, -124.38529 57.344196, -124.379701 57.34363, -124.378999 57.343528, -124.377607 57.3433, -124.374882 57.342796, -124.373517 57.34252, -124.372833 57.342377, -124.370808 57.341927, -124.368742 57.341472, -124.367326 57.34116, -124.366603 57.341001, -124.365141 57.340663, -124.363661 57.340309, -124.362916 57.340131, -124.361421 57.339779, -124.360666 57.339604, -124.359908 57.339432, -124.359147 57.339259, -124.358381 57.339089, -124.357615 57.338921, -124.356083 57.338587, -124.355317 57.338417, -124.35377 57.338068, -124.352996 57.337891, -124.352218 57.337719, -124.350652 57.337374, -124.349867 57.3372, -124.349076 57.337023, -124.34828 57.336846, -124.347473 57.336667, -124.346655 57.336486, -124.345831 57.336305, -124.345003 57.33613, -124.344174 57.335953, -124.343346 57.335779, -124.342525 57.335604, -124.341711 57.335426, -124.33529 57.334017, -124.334565 57.333783, -124.333797 57.333563, -124.332902 57.333306, -124.332251 57.333147, -124.331329 57.332956, -124.330076 57.332474, -124.32946 57.332174, -124.32891 57.331844, -124.328427 57.331491, -124.328037 57.331105, -124.32771 57.330706, -124.327028 57.32901, -124.326997 57.328588, -124.32701 57.32817, -124.327101 57.326954, -124.327125 57.326553, -124.327157 57.325362, -124.327135 57.324591, -124.327023 57.323838, -124.326925 57.323093, -124.326868 57.322727, -124.326838 57.322372, -124.32685 57.322022, -124.326884 57.321672, -124.326976 57.321322, -124.327123 57.320964, -124.327307 57.320604, -124.327525 57.320242, -124.327779 57.319878, -124.32808 57.319518, -124.328439 57.319168, -124.329213 57.318487, -124.329675 57.318173, -124.330167 57.317871, -124.330675 57.317578, -124.331215 57.317296, -124.331779 57.317024, -124.332824 57.316551, -124.33358 57.316234, -124.33481 57.315722, -124.336017 57.3152, -124.336901 57.314781, -124.337724 57.314367, -124.338819 57.313769, -124.340358 57.312792, -124.341695 57.311745, -124.342428 57.311026, -124.34301 57.310302, -124.343243 57.309935, -124.343545 57.309183, -124.34361 57.308803, -124.343625 57.308421, -124.343028 57.30686, -124.342343 57.306102, -124.3395 57.303442, -124.33908 57.303046, -124.337829 57.301865, -124.337412 57.301482, -124.335373 57.299619, -124.334582 57.29891, -124.333826 57.298216, -124.331721 57.296148, -124.329725 57.294608, -124.329224 57.294355, -124.328688 57.294128, -124.328118 57.293914, -124.327552 57.293666, -124.327011 57.293404, -124.326502 57.293129, -124.326027 57.292844, -124.324892 57.292033, -124.324539 57.291514, -124.324211 57.290708, -124.32446 57.289988, -124.325066 57.289382, -124.326105 57.288954, -124.327393 57.288698, -124.328076 57.288622, -124.328775 57.288565, -124.33316 57.288265, -124.336894 57.287917, -124.337647 57.287835, -124.339164 57.28764, -124.340664 57.287405, -124.347828 57.28585, -124.348602 57.285779, -124.350161 57.285714, -124.352348 57.285798, -124.353048 57.28589, -124.354995 57.28627, -124.355591 57.28644, -124.356707 57.28683, -124.357245 57.287034, -124.358293 57.287463, -124.359251 57.287892, -124.360749 57.288649, -124.361291 57.288925, -124.362408 57.289495, -124.362977 57.289772, -124.363979 57.290245, -124.366489 57.291412, -124.367417 57.292002, -124.36811 57.292465, -124.368377 57.292625, -124.368894 57.29293, -124.36938 57.293224, -124.369878 57.293516, -124.370378 57.293821, -124.370891 57.29412, -124.375378 57.296305, -124.376486 57.296846, -124.377545 57.297402, -124.378043 57.297693, -124.37895 57.298308, -124.379355 57.298621, -124.379715 57.298946, -124.380047 57.299259, -124.380338 57.299577, -124.380589 57.299897, -124.380816 57.300203, -124.381043 57.300527, -124.3813 57.300853, -124.381557 57.301184, -124.381809 57.301505, -124.382055 57.301834, -124.38229 57.302171, -124.382512 57.302515, -124.38272 57.302863, -124.382906 57.303217, -124.383232 57.303953, -124.383586 57.305057, -124.384504 57.307391, -124.385099 57.308015, -124.385961 57.308606, -124.387744 57.309185, -124.389134 57.309345, -124.391221 57.309228, -124.393207 57.30869, -124.393832 57.308447, -124.394433 57.308184, -124.395605 57.307642, -124.396778 57.307092, -124.397977 57.306538, -124.398824 57.306172, -124.399466 57.305906, -124.399896 57.305743, -124.401271 57.305266, -124.402006 57.30507, -124.402749 57.304889, -124.404272 57.304547, -124.405053 57.304382, -124.405832 57.304218, -124.406614 57.304055, -124.407407 57.303898, -124.40821 57.303745, -124.409015 57.303594, -124.409814 57.303445, -124.410611 57.303298, -124.412166 57.303011, -124.413696 57.302718, -124.414451 57.302566, -124.415212 57.302378, -124.415948 57.302174, -124.416673 57.301948, -124.417376 57.301702, -124.418024 57.301432, -124.418639 57.301165, -124.419206 57.300871, -124.419781 57.300577, -124.420345 57.300278, -124.420903 57.299981, -124.42323 57.29852, -124.425376 57.297521, -124.426936 57.296817, -124.427424 57.296746, -124.428023 57.296676, -124.429263 57.296703, -124.429886 57.296763, -124.430529 57.296832, -124.431226 57.296913, -124.431938 57.296999, -124.43266 57.297089, -124.433393 57.297182, -124.434139 57.297273, -124.434899 57.297364, -124.43567 57.297452, -124.436434 57.29753, -124.437181 57.297595, -124.437915 57.29765, -124.439369 57.297712, -124.440106 57.297709, -124.44241 57.297596, -124.444686 57.297428, -124.446266 57.297296, -124.448688 57.297042, -124.451848 57.29674, -124.453453 57.296611, -124.45507 57.296495, -124.457489 57.296323, -124.461668 57.296036, -124.462145 57.296003, -124.463619 57.295879, -124.465071 57.295732, -124.466993 57.295523, -124.469307 57.295192, -124.47012 57.295067, -124.471382 57.294865, -124.473857 57.294448, -124.475526 57.294156, -124.477239 57.29385, -124.479759 57.293342, -124.480567 57.293154, -124.48371 57.292274, -124.485926 57.291433, -124.487382 57.290852, -124.48955 57.290019, -124.490984 57.289486, -124.491707 57.289229, -124.495311 57.288108, -124.496042 57.287923, -124.499043 57.287281, -124.499772 57.28711, -124.502318 57.286137, -124.503665 57.285128, -124.503955 57.284753, -124.504218 57.28435, -124.504227 57.284337, -124.504244 57.283972, -124.504237 57.283569, -124.503482 57.282441, -124.503003 57.282107, -124.502418 57.281798, -124.501008 57.281254, -124.500201 57.281055, -124.497737 57.280581, -124.49691 57.280453, -124.496082 57.280342, -124.495258 57.280244, -124.494437 57.280158, -124.49362 57.280079, -124.492812 57.280009, -124.492012 57.279947, -124.491218 57.279889, -124.490436 57.279833, -124.489664 57.279778, -124.488901 57.279726, -124.488144 57.279673, -124.487393 57.279618, -124.486653 57.279561, -124.485918 57.279506, -124.485194 57.27945, -124.484474 57.279394, -124.483772 57.279337, -124.483076 57.279279, -124.482382 57.279226, -124.481679 57.279182, -124.480973 57.279149, -124.480291 57.279131, -124.479018 57.27913, -124.478407 57.279147, -124.477798 57.279187, -124.476603 57.279371, -124.476022 57.279505, -124.474866 57.279785, -124.474303 57.27994, -124.473767 57.280118, -124.472399 57.280787, -124.471695 57.281322, -124.470794 57.282172, -124.47047 57.282437, -124.469721 57.282907, -124.468791 57.283272, -124.4677 57.2835, -124.465383 57.283511, -124.463148 57.283078, -124.461135 57.282475, -124.460158 57.282099, -124.458654 57.281473, -124.45767 57.281014, -124.455423 57.279725, -124.454984 57.279453, -124.454067 57.278922, -124.453588 57.278662, -124.452134 57.277916, -124.44997 57.277221, -124.449358 57.27712, -124.448728 57.277038, -124.448072 57.276963, -124.446725 57.276789, -124.446044 57.276682, -124.44536 57.276564, -124.444679 57.276437, -124.443998 57.276304, -124.443319 57.27617, -124.442647 57.276039, -124.441976 57.275915, -124.441297 57.275798, -124.439923 57.275599, -124.438526 57.27546, -124.437821 57.275409, -124.436438 57.2753, -124.435089 57.275163, -124.434412 57.27509, -124.430234 57.274494, -124.42954 57.274342, -124.428207 57.273992, -124.424571 57.272566, -124.424013 57.272293, -124.423456 57.272016, -124.422904 57.271735, -124.422363 57.271456, -124.421828 57.271181, -124.421303 57.270911, -124.420291 57.270379, -124.419347 57.269857, -124.417986 57.269068, -124.417193 57.268499, -124.416622 57.267865, -124.416431 57.267522, -124.415412 57.265693, -124.416578 57.264836, -124.416981 57.264568, -124.417886 57.264123, -124.418387 57.263953, -124.418926 57.263821, -124.419495 57.263722, -124.420086 57.263666, -124.421287 57.26366, -124.421891 57.263697, -124.423759 57.26391, -124.425058 57.26408, -124.42571 57.264173, -124.427 57.264393, -124.427639 57.264512, -124.428273 57.264636, -124.428904 57.264768, -124.429532 57.264908, -124.430164 57.265052, -124.430798 57.265193, -124.431434 57.265333, -124.432073 57.265478, -124.433364 57.265767, -124.434015 57.265906, -124.435326 57.266182, -124.437966 57.26664, -124.439304 57.266839, -124.440663 57.267018, -124.442054 57.267148, -124.44276 57.267188, -124.443471 57.267207, -124.444186 57.267216, -124.444896 57.26721, -124.4463 57.267161, -124.446993 57.26712, -124.447674 57.267056, -124.448346 57.26698, -124.450292 57.266675, -124.451504 57.266406, -124.452081 57.266257, -124.453149 57.265924, -124.45364 57.265744, -124.454097 57.265535, -124.454511 57.265286, -124.455148 57.264685, -124.45557 57.263274, -124.455352 57.262562, -124.455132 57.262209, -124.454871 57.261866, -124.454298 57.261206, -124.454013 57.260877, -124.45373 57.260569, -124.453243 57.259959, -124.453054 57.259654, -124.452843 57.259054, -124.452925 57.258457, -124.45313 57.258156, -124.453854 57.257664, -124.454342 57.257455, -124.456064 57.257232, -124.45843 57.257748, -124.458977 57.257952, -124.460936 57.258829, -124.462365 57.259456, -124.462846 57.259634, -124.463868 57.259899, -124.464951 57.260031, -124.466038 57.260008, -124.46748 57.259638, -124.468167 57.259236, -124.468417 57.258998, -124.468588 57.258737, -124.468592 57.257839, -124.468066 57.256874, -124.46764 57.256255, -124.467391 57.25596, -124.466821 57.255402, -124.465322 57.254491, -124.46331 57.254084, -124.461729 57.254039, -124.461217 57.254007, -124.459299 57.253637, -124.458876 57.25347, -124.458166 57.253058, -124.457673 57.252549, -124.45735 57.251639, -124.457369 57.250981, -124.457528 57.250294, -124.457644 57.249952, -124.457788 57.249612, -124.457964 57.249259, -124.458393 57.248556, -124.458649 57.24821, -124.459228 57.247533, -124.45981 57.246829, -124.460083 57.246461, -124.46054 57.245684, -124.460736 57.245286, -124.461091 57.244484, -124.461534 57.243247, -124.461621 57.242828, -124.461666 57.242408, -124.46167 57.241992, -124.46147 57.241184, -124.461236 57.240809, -124.460914 57.240454, -124.459586 57.239551, -124.457224 57.238702, -124.455979 57.238322, -124.45478 57.237923, -124.45421 57.237707, -124.453665 57.237474, -124.452647 57.236951, -124.45218 57.23666, -124.45174 57.236356, -124.450943 57.235702, -124.450253 57.235011, -124.448664 57.231679, -124.448274 57.230918, -124.446828 57.229797, -124.445011 57.229487, -124.440053 57.229095, -124.435351 57.228192, -124.434213 57.227898, -124.433111 57.227548, -124.432095 57.227135, -124.431225 57.226666, -124.43045 57.225779, -124.430336 57.225115, -124.430567 57.224465, -124.430792 57.224146, -124.431397 57.223526, -124.432128 57.222936, -124.434536 57.221222, -124.434884 57.220898, -124.435167 57.220545, -124.435718 57.219419, -124.435814 57.218647, -124.435792 57.218259, -124.435745 57.217864, -124.43567 57.21709, -124.435671 57.216717, -124.435827 57.215989, -124.436195 57.215264, -124.437116 57.214235, -124.439494 57.212921, -124.440635 57.212575, -124.442423 57.212194, -124.443029 57.2121, -124.443625 57.212025, -124.444218 57.211974, -124.444822 57.211949, -124.446071 57.211957, -124.446697 57.211984, -124.447324 57.212022, -124.447954 57.212069, -124.448588 57.212123, -124.449224 57.212184, -124.449869 57.21225, -124.450524 57.212321, -124.45118 57.21239, -124.451836 57.212465, -124.453171 57.212631, -124.453854 57.21272, -124.455237 57.212916, -124.456615 57.213142, -124.457945 57.213429, -124.45919 57.213787, -124.460332 57.214228, -124.462226 57.215349, -124.463732 57.216186, -124.465801 57.217262, -124.466306 57.217535, -124.467907 57.21832, -124.468479 57.218565, -124.469654 57.219041, -124.47205 57.219967, -124.473274 57.220415, -124.475137 57.221077, -124.477015 57.221762, -124.47763 57.222013, -124.480377 57.223335, -124.480845 57.223627, -124.482546 57.224898, -124.483394 57.225575, -124.483824 57.225904, -124.484252 57.22622, -124.485125 57.22683, -124.486031 57.227433, -124.486495 57.227729, -124.487441 57.228316, -124.487939 57.228609, -124.488985 57.229181, -124.489518 57.229458, -124.490051 57.229732, -124.491101 57.230279, -124.491614 57.230552, -124.492598 57.23111, -124.493507 57.2317, -124.493917 57.23201, -124.494925 57.233006, -124.495419 57.233701, -124.495854 57.234399, -124.496087 57.234753, -124.496347 57.235111, -124.496645 57.235475, -124.496973 57.235839, -124.498149 57.236836, -124.500244 57.237915, -124.500797 57.23815, -124.50134 57.238371, -124.501886 57.238582, -124.502436 57.238776, -124.502993 57.238963, -124.504141 57.239384, -124.505273 57.23984, -124.506384 57.240355, -124.507396 57.24086, -124.50786 57.241121, -124.508293 57.241396, -124.5087 57.241689, -124.50909 57.242004, -124.509462 57.242334, -124.509814 57.242665, -124.510945 57.244396, -124.511127 57.245148, -124.511179 57.245524, -124.511298 57.247393, -124.511369 57.248146, -124.511591 57.24925, -124.512005 57.250314, -124.513814 57.252647, -124.514204 57.252949, -124.515778 57.25372, -124.517091 57.254114, -124.51919 57.254595, -124.522028 57.255125, -124.522723 57.255248, -124.5241 57.255481, -124.525472 57.255728, -124.526155 57.255865, -124.527535 57.256189, -124.529477 57.256778, -124.530602 57.257156, -124.531595 57.257603, -124.532409 57.258117, -124.532715 57.258392, -124.533114 57.258972, -124.533021 57.260134, -124.532671 57.260701, -124.532149 57.261593, -124.531987 57.2619, -124.531835 57.262208, -124.531563 57.262826, -124.53132 57.263448, -124.531085 57.264088, -124.530971 57.264418, -124.530751 57.265088, -124.530403 57.26612, -124.530124 57.266812, -124.529984 57.267159, -124.529848 57.267501, -124.529716 57.267836, -124.529585 57.268166, -124.529451 57.268493, -124.529322 57.268819, -124.529198 57.269145, -124.529072 57.269467, -124.528492 57.2708, -124.528341 57.271146, -124.528191 57.271495, -124.527906 57.272199, -124.527774 57.27256, -124.527561 57.2733, -124.52749 57.273681, -124.527453 57.274066, -124.527453 57.274455, -124.52749 57.274841, -124.528097 57.276756, -124.528292 57.277118, -124.528943 57.278326, -124.529493 57.279121, -124.529799 57.279516, -124.530498 57.280289, -124.531303 57.281031, -124.531747 57.281386, -124.532732 57.282091, -124.533268 57.28245, -124.533827 57.282808, -124.534414 57.283152, -124.535647 57.283798, -124.537018 57.284382, -124.538513 57.284888, -124.54011 57.285293, -124.540919 57.285491, -124.541717 57.285678, -124.54251 57.285843, -124.543314 57.285982, -124.546462 57.286498, -124.548776 57.286789, -124.552644 57.287082, -124.554987 57.287097, -124.559608 57.28672, -124.560345 57.286631, -124.561767 57.286417, -124.563149 57.286168, -124.565093 57.285709, -124.565704 57.285522, -124.566288 57.28532, -124.566838 57.285096, -124.567839 57.284589, -124.569018 57.283706, -124.569585 57.283071, -124.569791 57.282753, -124.569938 57.282432, -124.570028 57.282106, -124.570046 57.281791, -124.569992 57.281491, -124.569866 57.2812, -124.568957 57.280489, -124.56733 57.28003, -124.5667 57.27994, -124.565401 57.279802, -124.563461 57.279592, -124.562814 57.279509, -124.561495 57.279319, -124.560188 57.279052, -124.559566 57.278865, -124.558954 57.278667, -124.558372 57.278448, -124.557867 57.278177, -124.557408 57.277878, -124.557001 57.277558, -124.556644 57.277234, -124.556344 57.276895, -124.55612 57.276521, -124.555923 57.27572, -124.555938 57.275311, -124.556005 57.274906, -124.556092 57.274506, -124.556479 57.273354, -124.556864 57.272617, -124.557091 57.27225, -124.557589 57.271536, -124.558176 57.270834, -124.558539 57.270488, -124.558942 57.270157, -124.559388 57.269841, -124.559865 57.269548, -124.560382 57.269287, -124.560932 57.269061, -124.56152 57.268872, -124.562146 57.268726, -124.563417 57.268575, -124.564044 57.268553, -124.564667 57.268547, -124.565282 57.268549, -124.565904 57.268543, -124.5672 57.268462, -124.567843 57.268394, -124.568487 57.268301, -124.569123 57.268172, -124.569744 57.268005, -124.57034 57.267805, -124.570898 57.267574, -124.571411 57.267311, -124.572288 57.266705, -124.572656 57.266368, -124.572992 57.266015, -124.573302 57.26565, -124.573573 57.265275, -124.573814 57.264896, -124.574026 57.264456, -124.574189 57.264116, -124.574318 57.26331, -124.574262 57.262503, -124.573659 57.261365, -124.573295 57.261033, -124.571819 57.260264, -124.571236 57.260073, -124.570637 57.259902, -124.569437 57.259579, -124.568832 57.259426, -124.567618 57.259131, -124.566414 57.258835, -124.565236 57.258539, -124.561824 57.25761, -124.559283 57.256582, -124.558432 57.256058, -124.557358 57.255195, -124.556784 57.254544, -124.556057 57.253102, -124.555922 57.252373, -124.555932 57.251647, -124.555973 57.251286, -124.556034 57.250923, -124.556227 57.250167, -124.556509 57.24938, -124.556817 57.248576, -124.557111 57.247754, -124.55736 57.246925, -124.557585 57.245709, -124.557619 57.245317, -124.557623 57.244934, -124.557593 57.244559, -124.557532 57.244189, -124.557445 57.243825, -124.557198 57.24311, -124.55706 57.242758, -124.556719 57.241694, -124.556641 57.240974, -124.556674 57.240611, -124.556772 57.240261, -124.556935 57.239925, -124.557175 57.239608, -124.557822 57.239035, -124.558215 57.238777, -124.558636 57.238527, -124.559084 57.238283, -124.55957 57.238045, -124.560101 57.237811, -124.56068 57.237583, -124.56131 57.237363, -124.561969 57.23715, -124.562654 57.236944, -124.564081 57.236559, -124.56555 57.236223, -124.56629 57.236072, -124.567779 57.235799, -124.569286 57.235545, -124.570804 57.235316, -124.573097 57.235011, -124.574611 57.234843, -124.576119 57.23472, -124.579889 57.234668, -124.582088 57.234823, -124.582803 57.234897, -124.584223 57.235086, -124.585611 57.235327, -124.588942 57.236056, -124.589592 57.236223, -124.593967 57.237486, -124.596261 57.238317, -124.597305 57.238804, -124.597796 57.239066, -124.598264 57.239339, -124.598708 57.239624, -124.599125 57.239918, -124.599901 57.240522, -124.600962 57.241432, -124.601295 57.241739, -124.601621 57.242045, -124.601943 57.242351, -124.603813 57.244201, -124.604153 57.244516, -124.604505 57.244836, -124.605233 57.245479, -124.606406 57.246435, -124.60979 57.24853, -124.611403 57.249354, -124.612511 57.249891, -124.613594 57.250414, -124.614625 57.250943, -124.615586 57.251485, -124.616483 57.252034, -124.617284 57.252582, -124.617656 57.252857, -124.618019 57.253132, -124.619009 57.253991, -124.619289 57.254294, -124.619887 57.255218, -124.620025 57.255818, -124.619572 57.256924, -124.61932 57.257179, -124.618745 57.257666, -124.61845 57.257908, -124.61816 57.258154, -124.617867 57.258401, -124.617564 57.25865, -124.617263 57.258901, -124.616953 57.259154, -124.616635 57.259406, -124.616313 57.259658, -124.615662 57.260158, -124.615353 57.260409, -124.615054 57.26066, -124.614464 57.261167, -124.614211 57.261394, -124.613888 57.261685, -124.612627 57.263067, -124.612431 57.263363, -124.612137 57.263967, -124.61203 57.265532, -124.612244 57.266137, -124.612409 57.266427, -124.612619 57.266709, -124.612871 57.266985, -124.613152 57.267259, -124.614473 57.268391, -124.614838 57.268677, -124.617022 57.270382, -124.617334 57.270671, -124.618133 57.271868, -124.617894 57.273021, -124.617079 57.273719, -124.61346 57.275257, -124.613059 57.275417, -124.611902 57.275938, -124.610616 57.276702, -124.610011 57.277077, -124.609023 57.277613, -124.607549 57.278366, -124.607201 57.278587, -124.606601 57.279058, -124.606336 57.279941, -124.606889 57.280828, -124.607223 57.281106, -124.607741 57.281424, -124.60853 57.281908, -124.6101 57.282586, -124.611821 57.283158, -124.613025 57.283495, -124.61364 57.283649, -124.614225 57.283818, -124.614811 57.28399, -124.615397 57.284161, -124.615984 57.284333, -124.616584 57.284504, -124.617193 57.284672, -124.618405 57.285012, -124.619009 57.285191, -124.620221 57.285571, -124.620835 57.285774, -124.621436 57.285978, -124.622021 57.286187, -124.622586 57.28641, -124.623133 57.286639, -124.623688 57.28688, -124.624239 57.287131, -124.624788 57.287393, -124.625334 57.287663, -124.62587 57.287937, -124.626404 57.288208, -124.626934 57.288478, -124.627472 57.288747, -124.628016 57.289016, -124.628569 57.289284, -124.629128 57.289552, -124.6297 57.289818, -124.630279 57.290078, -124.630877 57.29034, -124.631478 57.290592, -124.632089 57.290839, -124.632706 57.291076, -124.633334 57.291308, -124.633982 57.291538, -124.63464 57.291766, -124.635998 57.292225, -124.638102 57.292912, -124.640855 57.293918, -124.641521 57.294167, -124.642185 57.294414, -124.643533 57.294912, -124.644214 57.29516, -124.64491 57.295398, -124.645612 57.295631, -124.646319 57.295861, -124.647039 57.296087, -124.64777 57.296309, -124.648506 57.296527, -124.649985 57.296952, -124.651468 57.297376, -124.65439 57.298281, -124.655835 57.298748, -124.657998 57.299433, -124.659435 57.299886, -124.661629 57.300518, -124.667131 57.301578, -124.668791 57.301783, -124.670176 57.301912, -124.670477 57.30194, -124.671328 57.302003, -124.673033 57.302074, -124.67474 57.302093, -124.675598 57.302081, -124.676453 57.302059, -124.678149 57.302003, -124.67981 57.301947, -124.681458 57.301883, -124.683957 57.301846, -124.684792 57.30188, -124.687158 57.302248, -124.689242 57.302962, -124.69213 57.30449, -124.692659 57.304825, -124.6937 57.305503, -124.694223 57.305844, -124.695828 57.30685, -124.696937 57.307494, -124.699805 57.308996, -124.701611 57.309831, -124.702845 57.310344, -124.705379 57.31127, -124.70721 57.311974, -124.708961 57.312741, -124.709501 57.313027, -124.710236 57.313545, -124.710879 57.313998, -124.711547 57.314739, -124.711802 57.315126, -124.71201 57.315524, -124.712294 57.316357, -124.712423 57.317207, -124.712449 57.317632, -124.71271 57.321391, -124.712713 57.321434, -124.712785 57.321845, -124.712864 57.322253, -124.713118 57.323458, -124.713271 57.324248, -124.713335 57.324634, -124.71335 57.327701, -124.713201 57.328459, -124.713022 57.329219, -124.712815 57.329977, -124.712566 57.330736, -124.712284 57.331508, -124.712039 57.332309, -124.711717 57.334815, -124.71176 57.335243, -124.711988 57.336092, -124.712714 57.337292, -124.714515 57.338589, -124.716513 57.339251, -124.717259 57.339401, -124.718804 57.339612, -124.720389 57.339748, -124.721191 57.339801, -124.721992 57.339827, -124.722795 57.339843, -124.723599 57.339856, -124.724402 57.339864, -124.725202 57.339874, -124.726009 57.339883, -124.726822 57.339882, -124.727635 57.339877, -124.728449 57.339874, -124.733272 57.340037, -124.734902 57.340177, -124.736552 57.340367, -124.738205 57.340624, -124.740666 57.341109, -124.745621 57.342197, -124.751108 57.343691, -124.751865 57.34392, -124.753362 57.344395, -124.75486 57.344882, -124.757892 57.345864, -124.761685 57.347078, -124.768712 57.34915, -124.77277 57.350143, -124.774401 57.35051, -124.778451 57.351399, -124.780883 57.351856, -124.781686 57.351992, -124.787283 57.352908, -124.791452 57.35329, -124.795727 57.353246, -124.798257 57.353014, -124.799934 57.352758, -124.803118 57.352013, -124.805209 57.351213, -124.806413 57.350577, -124.807876 57.349544, -124.808582 57.348815, -124.809087 57.348061, -124.809465 57.347307, -124.809761 57.346561, -124.809877 57.346183, -124.809968 57.345801, -124.81004 57.345417, -124.810098 57.345029, -124.810139 57.34464, -124.810165 57.344249, -124.810179 57.343856, -124.810187 57.343461, -124.810192 57.343063, -124.810192 57.342662, -124.810192 57.342257, -124.810193 57.341846, -124.810193 57.341432, -124.810193 57.341014, -124.810195 57.340591, -124.810196 57.340162, -124.810201 57.339724, -124.81021 57.339282, -124.810234 57.338835, -124.810275 57.338388, -124.810332 57.33794, -124.810402 57.337493, -124.810477 57.337046, -124.810637 57.336155, -124.810719 57.335714, -124.810876 57.334842, -124.810936 57.334407, -124.810983 57.333974, -124.811013 57.333539, -124.81102 57.333105, -124.810413 57.330164, -124.809175 57.326228, -124.809298 57.324194, -124.81054 57.322371, -124.811787 57.321133, -124.812646 57.320543, -124.813462 57.320631, -124.814261 57.320744, -124.819505 57.322128, -124.82022 57.322393, -124.820927 57.322664, -124.82163 57.322941, -124.822334 57.323214, -124.823037 57.32348, -124.823735 57.32375, -124.82443 57.324025, -124.825129 57.324306, -124.826554 57.324875, -124.827271 57.325158, -124.827981 57.325447, -124.828711 57.325738, -124.830188 57.326324, -124.830937 57.326606, -124.832452 57.327127, -124.833196 57.327402, -124.833921 57.327717, -124.834669 57.327989, -124.835442 57.328231, -124.836196 57.328518, -124.836944 57.328823, -124.837688 57.32914, -124.838441 57.329447, -124.840751 57.330383, -124.841559 57.330657, -124.846472 57.332298, -124.84817 57.33282, -124.853406 57.334294, -124.854292 57.334525, -124.85788 57.335399, -124.866173 57.337011, -124.870016 57.337658, -124.871967 57.33796, -124.874899 57.338408, -124.876845 57.338718, -124.878806 57.339031, -124.880788 57.339328, -124.881782 57.339474, -124.883769 57.339757, -124.888756 57.340414, -124.889749 57.340542, -124.89672 57.341339, -124.901758 57.341806, -124.903774 57.341947, -124.904773 57.342007, -124.908751 57.342232, -124.912664 57.342398, -124.914567 57.342508, -124.915507 57.342575, -124.917381 57.342739, -124.918314 57.342837, -124.919236 57.342946, -124.920148 57.343069, -124.921923 57.34337, -124.922776 57.34355, -124.923287 57.343677, -124.923606 57.343756, -124.925188 57.344243, -124.925931 57.344526, -124.927297 57.345173, -124.928479 57.345932, -124.929013 57.346341, -124.929523 57.346756, -124.930015 57.347178, -124.931421 57.348473, -124.931748 57.348805, -124.932296 57.349362, -124.933426 57.35073, -124.933719 57.351207, -124.934083 57.352179, -124.933714 57.353986, -124.933053 57.354814, -124.932624 57.355191, -124.932159 57.355545, -124.931672 57.355876, -124.931179 57.356198, -124.930679 57.356517, -124.930176 57.356834, -124.929672 57.357151, -124.929171 57.357468, -124.927699 57.358439, -124.921339 57.362953))"
15,2023-06-23 10:31:00,2023051501,2023,384.6,Non-corrected airborne GPS,1684134000000,1684288905000,Under Control,JA70003000,3845520.6448,17601.5439,60,0e070ddf-b90c-435a-9765-15446a196bb1,12622058.046875,31886.1858116266,https://wildfiresituation.nrs.gov.bc.ca/incidents?fireYear=2023&incidentNumber=G80175,"POLYGON ((-121.953162 56.561598, -121.952711 56.561542, -121.952229 56.561559, -121.951746 56.561583, -121.951299 56.561552, -121.95097 56.561379, -121.950859 56.561079, -121.950936 56.560762, -121.951148 56.560458, -121.95145 56.560191, -121.95182 56.559974, -121.952269 56.559828, -121.952781 56.559811, -121.953345 56.559849, -121.953924 56.559789, -121.95444 56.559592, -121.95495 56.559392, -121.955363 56.559139, -121.955582 56.558821, -121.955691 56.55849, -121.955809 56.55816, -121.955928 56.557848, -121.956022 56.557548, -121.956077 56.557252, -121.956129 56.556963, -121.956016 56.556706, -121.955648 56.556509, -121.955098 56.556422, -121.954537 56.556381, -121.953987 56.556333, -121.953476 56.556236, -121.952977 56.556112, -121.952465 56.556056, -121.951974 56.556068, -121.951532 56.556162, -121.951202 56.556369, -121.950926 56.556634, -121.950559 56.556832, -121.950109 56.556892, -121.949593 56.556892, -121.949079 56.556893, -121.948575 56.556862, -121.94811 56.556803, -121.947676 56.556708, -121.947212 56.556607, -121.946703 56.556547, -121.946167 56.556548, -121.945691 56.556611, -121.945261 56.556689, -121.94485 56.556613, -121.944603 56.556396, -121.944564 56.556128, -121.944582 56.555878, -121.944349 56.555698, -121.943914 56.555713, -121.943482 56.555827, -121.943043 56.555931, -121.942666 56.556094, -121.942455 56.556359, -121.942404 56.556669, -121.942478 56.556981, -121.942572 56.557272, -121.942637 56.557549, -121.942695 56.557802, -121.942725 56.558027, -121.942719 56.558216, -121.942773 56.558415, -121.94293 56.558638, -121.943108 56.558861, -121.943218 56.559039, -121.943111 56.559182, -121.942798 56.559212, -121.94245 56.559134, -121.942123 56.558973, -121.941808 56.558813, -121.9415 56.558651, -121.94116 56.558514, -121.940777 56.558441, -121.940431 56.558467, -121.940143 56.558569, -121.939921 56.55869, -121.939842 56.558873, -121.939786 56.559051, -121.939493 56.55915, -121.939078 56.559107, -121.938683 56.558926, -121.938371 56.558646, -121.938098 56.558327, -121.937799 56.557999, -121.937483 56.557683, -121.93715 56.557381, -121.936841 56.557082, -121.936548 56.556793, -121.936294 56.556507, -121.93602 56.556248, -121.935631 56.556039, -121.93516 56.555922, -121.934695 56.555862, -121.934222 56.555806, -121.933778 56.555708, -121.933352 56.555577, -121.932944 56.555434, -121.932553 56.555302, -121.932127 56.555178, -121.931733 56.555055, -121.931347 56.554928, -121.930906 56.554882, -121.930449 56.55489, -121.930007 56.554946, -121.929607 56.555051, -121.929241 56.555175, -121.928856 56.555285, -121.928464 56.555376, -121.928073 56.555487, -121.927695 56.555599, -121.927288 56.55569, -121.926881 56.55579, -121.926526 56.555925, -121.926223 56.556104, -121.925874 56.556238, -121.925432 56.556276, -121.924961 56.556285, -121.924503 56.556336, -121.92411 56.556467, -121.923769 56.556645, -121.923426 56.556824, -121.92304 56.556988, -121.922662 56.557157, -121.92229 56.55732, -121.921895 56.557478, -121.921502 56.55765, -121.921157 56.557854, -121.920872 56.558088, -121.920596 56.558333, -121.920298 56.558579, -121.919995 56.558792, -121.919559 56.558941, -121.91901 56.558898, -121.918467 56.558748, -121.918001 56.558555, -121.91771 56.558269, -121.917647 56.557908, -121.917765 56.55753, -121.917947 56.557157, -121.918164 56.556793, -121.91837 56.556427, -121.918447 56.556057, -121.918279 56.555688, -121.918015 56.555338, -121.917855 56.554976, -121.917841 56.55461, -121.917847 56.554252, -121.91782 56.5539, -121.917893 56.553562, -121.918058 56.553233, -121.918302 56.552921, -121.918624 56.552625, -121.918984 56.552348, -121.919345 56.552097, -121.919704 56.551876, -121.919956 56.551644, -121.919924 56.551366, -121.919605 56.551108, -121.9192 56.550876, -121.918871 56.550597, -121.918606 56.550294, -121.918374 56.549985, -121.918172 56.549683, -121.917982 56.549382, -121.91781 56.549081, -121.917693 56.548791, -121.917651 56.548517, -121.917756 56.54827, -121.91797 56.548076, -121.918233 56.547936, -121.918446 56.547775, -121.918465 56.547582, -121.918248 56.547413, -121.91792 56.547313, -121.917519 56.547269, -121.917089 56.547295, -121.916633 56.547364, -121.916214 56.547445, -121.915787 56.547526, -121.915359 56.5476, -121.914933 56.547667, -121.914518 56.547746, -121.914121 56.547849, -121.913742 56.547955, -121.91335 56.547988, -121.912959 56.547947, -121.912589 56.547959, -121.912312 56.548123, -121.912153 56.548394, -121.911978 56.548674, -121.91169 56.548905, -121.911302 56.549101, -121.910903 56.549268, -121.910474 56.549414, -121.910015 56.549497, -121.909531 56.549474, -121.909084 56.549318, -121.908756 56.549064, -121.908621 56.548764, -121.908575 56.548469, -121.908764 56.548188, -121.909211 56.547991, -121.909767 56.547868, -121.910387 56.547755, -121.911037 56.547643, -121.911681 56.547525, -121.912313 56.547405, -121.912961 56.547285, -121.913588 56.54717, -121.914199 56.54706, -121.914811 56.54693, -121.915408 56.546797, -121.916005 56.546701, -121.916587 56.546674, -121.917145 56.54674, -121.917681 56.546848, -121.918207 56.54692, -121.918739 56.546885, -121.919216 56.546769, -121.919617 56.546608, -121.91995 56.546426, -121.920162 56.546206, -121.920113 56.545953, -121.919786 56.545705, -121.919338 56.545495, -121.918913 56.545281, -121.918594 56.545032, -121.918522 56.544769, -121.918719 56.544544, -121.919097 56.544426, -121.919562 56.544407, -121.920004 56.544482, -121.920407 56.544557, -121.92082 56.544531, -121.921142 56.544351, -121.921254 56.544086, -121.921212 56.543806, -121.92113 56.543541, -121.921016 56.543277, -121.920862 56.543024, -121.920721 56.542794, -121.920693 56.542583, -121.920871 56.542403, -121.921168 56.542248, -121.921465 56.542091, -121.921654 56.541874, -121.921804 56.541642, -121.922005 56.541419, -121.922252 56.541203, -121.922509 56.540997, -121.922713 56.540772, -121.922844 56.540524, -121.922909 56.540267, -121.922903 56.540005, -121.922849 56.539752, -121.922758 56.539508, -121.922669 56.539262, -121.92259 56.539021, -121.922509 56.538789, -121.922428 56.538565, -121.922318 56.538348, -121.922176 56.538144, -121.921931 56.537959, -121.921603 56.537784, -121.921252 56.537614, -121.920919 56.537439, -121.920658 56.537223, -121.920521 56.536984, -121.920508 56.536729, -121.92045 56.536471, -121.920366 56.536226, -121.920256 56.535998, -121.920107 56.535775, -121.919936 56.535553, -121.919747 56.53534, -121.919549 56.535138, -121.919333 56.534932, -121.9191 56.534727, -121.918845 56.534539, -121.918553 56.534364, -121.918394 56.534289, -121.918219 56.534207, -121.917821 56.534088, -121.917394 56.534017, -121.916942 56.533978, -121.916548 56.533969, -121.915539 56.533542, -121.915409 56.533351, -121.916136 56.532951, -121.917594 56.532728, -121.920091 56.532332, -121.920635 56.532011, -121.920901 56.531781, -121.921168 56.531587, -121.921522 56.531549, -121.921884 56.531643, -121.92213 56.53186, -121.922341 56.532091, -121.922647 56.532286, -121.92307 56.532388, -121.923566 56.532327, -121.924036 56.532132, -121.924431 56.531853, -121.924858 56.531629, -121.925349 56.531535, -121.92586 56.531569, -121.926323 56.531693, -121.926684 56.5319, -121.926984 56.532141, -121.927304 56.532371, -121.927706 56.532544, -121.928145 56.532671, -121.92851 56.532847, -121.92868 56.533121, -121.928624 56.533426, -121.928511 56.533727, -121.92842 56.534021, -121.928319 56.534303, -121.92813 56.534575, -121.927772 56.534811, -121.927254 56.534964, -121.926763 56.535135, -121.926405 56.535358, -121.926343 56.535649, -121.926534 56.53594, -121.926736 56.536238, -121.926894 56.536575, -121.927047 56.536933, -121.92723 56.537292, -121.927421 56.537648, -121.927665 56.537995, -121.927932 56.538328, -121.928246 56.538632, -121.928594 56.538929, -121.929018 56.53918, -121.92958 56.53934, -121.93021 56.539418, -121.930874 56.539434, -121.931519 56.539479, -121.93212 56.53956, -121.932665 56.539679, -121.933065 56.539852, -121.933259 56.540089, -121.93334 56.540354, -121.933457 56.540618, -121.933621 56.540734, -121.933907 56.540811, -121.934277 56.540813, -121.934827 56.540794, -121.935388 56.540717, -121.93588 56.540558, -121.936325 56.540372, -121.936686 56.54013, -121.936909 56.539823, -121.937051 56.539505, -121.9371 56.539182, -121.937157 56.538861, -121.937169 56.538745, -121.937189 56.538538, -121.937183 56.538285, -121.93718 56.538203, -121.937126 56.537851, -121.937089 56.537493, -121.937088 56.537124, -121.937097 56.536743, -121.937099 56.53664, -121.9371 56.5366, -121.937105 56.536363, -121.937106 56.536228, -121.937107 56.536173, -121.937109 56.535988, -121.937107 56.535605, -121.937107 56.53559, -121.937108 56.53551, -121.937109 56.535224, -121.937108 56.535084, -121.937108 56.535023, -121.937108 56.535014, -121.937102 56.534989, -121.937097 56.534961, -121.937099 56.534934, -121.937106 56.534915, -121.937107 56.534909, -121.937107 56.534904, -121.937107 56.534846, -121.937101 56.534822, -121.9371 56.534793, -121.937097 56.534771, -121.937099 56.53476, -121.937097 56.534738, -121.937096 56.534737, -121.937088 56.534712, -121.937095 56.534685, -121.93708 56.534474, -121.93704 56.534127, -121.937025 56.533814, -121.937083 56.533531, -121.937294 56.533285, -121.93767 56.53311, -121.938154 56.532992, -121.938657 56.532934, -121.939177 56.532917, -121.939535 56.532945, -121.939966 56.53325, -121.940344 56.533543, -121.940698 56.533848, -121.941007 56.534156, -121.941291 56.534474, -121.941389 56.534593, -121.941554 56.534794, -121.941835 56.535111, -121.942226 56.535396, -121.942703 56.535653, -121.9432 56.535916, -121.943632 56.536183, -121.943947 56.536423, -121.943994 56.536458, -121.944267 56.536747, -121.944403 56.537038, -121.944395 56.537316, -121.944257 56.537423, -121.94412 56.53753, -121.943679 56.537652, -121.943267 56.537807, -121.942957 56.538038, -121.942881 56.53835, -121.942977 56.538694, -121.942991 56.539053, -121.942994 56.539424, -121.942922 56.539781, -121.942776 56.540127, -121.942646 56.540481, -121.94252 56.540798, -121.942338 56.54102, -121.942303 56.541063, -121.941935 56.541244, -121.941457 56.541306, -121.940995 56.541247, -121.940936 56.541239, -121.94041 56.541106, -121.939956 56.540931, -121.939515 56.54078, -121.939037 56.540728, -121.938542 56.540775, -121.938096 56.540858, -121.937711 56.541041, -121.937452 56.541268, -121.937232 56.541496, -121.937016 56.541716, -121.936666 56.541873, -121.936321 56.542027, -121.936066 56.542235, -121.935901 56.542494, -121.935578 56.542728, -121.935166 56.542934, -121.934713 56.543102, -121.934306 56.543231, -121.934056 56.543379, -121.934089 56.543561, -121.934409 56.543695, -121.934906 56.543753, -121.935412 56.543788, -121.935857 56.54385, -121.936302 56.543904, -121.936779 56.543888, -121.937229 56.543806, -121.937674 56.543729, -121.938091 56.543747, -121.938403 56.543895, -121.938618 56.544131, -121.938869 56.54434, -121.939184 56.544481, -121.93961 56.544513, -121.940053 56.5444, -121.940477 56.544245, -121.940974 56.544185, -121.941423 56.544242, -121.941812 56.544391, -121.942011 56.544601, -121.941863 56.544842, -121.941437 56.545012, -121.940873 56.545104, -121.940279 56.545181, -121.939729 56.545348, -121.939401 56.545678, -121.93945 56.546082, -121.939856 56.546515, -121.940412 56.54696, -121.941034 56.547398, -121.941681 56.547847, -121.942341 56.54829, -121.943025 56.54873, -121.943758 56.549159, -121.944547 56.54956, -121.945342 56.549941, -121.946152 56.550319, -121.946961 56.550694, -121.947768 56.551068, -121.948561 56.551431, -121.94933 56.551798, -121.950062 56.552161, -121.950765 56.552504, -121.951453 56.552834, -121.952108 56.553141, -121.952756 56.553425, -121.953388 56.553684, -121.954036 56.553875, -121.954704 56.553968, -121.955383 56.55396, -121.956003 56.553971, -121.956541 56.554083, -121.956973 56.554285, -121.957378 56.554499, -121.957706 56.554715, -121.957841 56.554978, -121.957809 56.555256, -121.957721 56.555525, -121.957599 56.555756, -121.957446 56.555961, -121.957272 56.556152, -121.957168 56.556385, -121.957165 56.556653, -121.957187 56.556939, -121.95721 56.557237, -121.957226 56.557541, -121.957227 56.557845, -121.957242 56.558141, -121.957242 56.558148, -121.958052 56.558386, -121.95788 56.558888, -121.957312 56.558933, -121.957318 56.559022, -121.95732 56.55931, -121.957348 56.559597, -121.957379 56.559876, -121.957442 56.560162, -121.957571 56.560454, -121.957741 56.560747, -121.95793 56.561015, -121.95814 56.561246, -121.958247 56.561474, -121.958042 56.561683, -121.957588 56.56183, -121.957057 56.561927, -121.956532 56.562004, -121.956005 56.562023, -121.955483 56.562039, -121.955055 56.562115, -121.954807 56.562239, -121.954606 56.56237, -121.954243 56.562392, -121.953893 56.562257, -121.953665 56.562017, -121.953453 56.561778, -121.953162 56.561598))"
16,2023-06-23 10:31:00,2023051301,2023,6422.2,Non-corrected airborne GPS,1683961200000,1684039732000,Under Control,JA70003000,64221718.2663,51424.178,62,b419aaf7-b8bd-49ea-abab-98e97b4502b6,208066083.992188,92588.4695334591,https://wildfiresituation.nrs.gov.bc.ca/incidents?fireYear=2023&incidentNumber=G80220,"POLYGON ((-120.053273 56.331006, -120.052826 56.330975, -120.052379 56.330956, -120.051924 56.330964, -120.051467 56.330993, -120.051024 56.331045, -120.05059 56.33112, -120.049728 56.331303, -120.048959 56.33145, -120.048586 56.331487, -120.048233 56.33148, -120.047923 56.331436, -120.047656 56.331346, -120.047441 56.331209, -120.047264 56.331042, -120.047121 56.33086, -120.046888 56.330465, -120.046788 56.330254, -120.046716 56.330039, -120.046669 56.32982, -120.046648 56.329605, -120.046653 56.329388, -120.046699 56.328953, -120.046792 56.328506, -120.046858 56.328275, -120.047017 56.327808, -120.047122 56.327581, -120.047247 56.327357, -120.047421 56.327145, -120.047637 56.326947, -120.048173 56.326564, -120.048764 56.326183, -120.049083 56.326002, -120.049764 56.325658, -120.050115 56.325502, -120.050471 56.325365, -120.05084 56.325242, -120.05123 56.325135, -120.05164 56.325046, -120.054765 56.32456, -120.055199 56.324475, -120.055612 56.324373, -120.055985 56.324249, -120.056324 56.324105, -120.056612 56.323943, -120.056847 56.323761, -120.057019 56.323558, -120.057129 56.323342, -120.057187 56.323116, -120.057213 56.322881, -120.057234 56.322399, -120.057235 56.322146, -120.057222 56.321896, -120.057194 56.321638, -120.05714 56.321383, -120.057064 56.321132, -120.05693 56.320889, -120.056736 56.320658, -120.056476 56.320452, -120.056155 56.32028, -120.050658 56.319327, -120.038457 56.31933, -120.038085 56.319417, -120.037437 56.319467, -120.03724 56.319549, -120.037098 56.319674, -120.037011 56.319814, -120.036957 56.319978, -120.036915 56.320552, -120.036939 56.32075, -120.036924 56.320927, -120.036876 56.321104, -120.036822 56.321262, -120.036697 56.321369, -120.036529 56.32146, -120.036317 56.321513, -120.036092 56.321533, -120.035866 56.321534, -120.035593 56.321523, -120.034339 56.321419, -120.033999 56.3214, -120.033248 56.32139, -120.032355 56.321412, -120.031949 56.321403, -120.031656 56.321368, -120.030677 56.321166, -120.030687 56.321029, -120.030615 56.32086, -120.03058 56.320675, -120.030525 56.320484, -120.030497 56.32029, -120.030374 56.320115, -120.027066 56.319334, -120.024461 56.319336, -120.023577 56.319265, -120.022692 56.319259, -120.017594 56.318836, -120.017552 56.318328, -120.017562 56.317491, -120.01759 56.317054, -120.017601 56.316595, -120.017593 56.316359, -120.017601 56.315626, -120.01762 56.315378, -120.017626 56.315132, -120.017627 56.314869, -120.017586 56.314375, -120.017528 56.314139, -120.017428 56.313922, -120.017312 56.313708, -120.017147 56.313529, -120.016944 56.313394, -120.016689 56.31329, -120.016428 56.313221, -120.016127 56.313206, -120.015815 56.313215, -120.015494 56.313247, -120.015171 56.313298, -120.014855 56.313362, -120.014561 56.313443, -120.014281 56.313538, -120.014 56.31365, -120.013723 56.31378, -120.013501 56.313922, -120.013281 56.314078, -120.013126 56.314279, -120.013024 56.314483, -120.012949 56.314712, -120.01273 56.315632, -120.012605 56.315881, -120.012521 56.3161, -120.012377 56.316333, -120.012458 56.316861, -120.012177 56.316946, -120.011895 56.316954, -120.011647 56.316915, -120.010859 56.316629, -120.010633 56.316515, -120.010407 56.31638, -120.010211 56.316193, -120.009963 56.316066, -120.009701 56.315946, -120.009413 56.315859, -120.009123 56.315809, -120.008852 56.31578, -120.008118 56.315751, -120.007842 56.315717, -120.007536 56.315654, -120.007526 56.315703, -120.007081 56.315582, -120.006172 56.315314, -120.005184 56.315051, -120.004492 56.314898, -120.004082 56.31484, -120.003861 56.314844, -120.00363 56.314896, -120.003405 56.315001, -120.003195 56.315147, -120.002622 56.315669, -120.002428 56.315827, -120.0022 56.31596, -120.001938 56.316066, -120.001652 56.316139, -120.00146 56.316132, -119.999545 56.316062, -119.996259 56.314505, -119.99586 56.314224, -119.991378 56.312051, -119.990772 56.311767, -119.988919 56.310951, -119.988327 56.310674, -119.987778 56.310372, -119.987273 56.310042, -119.986812 56.309686, -119.986371 56.309321, -119.985913 56.308961, -119.985396 56.308624, -119.984824 56.308318, -119.984211 56.308039, -119.983558 56.307783, -119.982878 56.307548, -119.980801 56.306917, -119.980141 56.306675, -119.979504 56.306409, -119.978256 56.305838, -119.976384 56.304953, -119.969629 56.301681, -119.967297 56.300572, -119.963525 56.298812, -119.96255 56.298346, -119.961226 56.297692, -119.959341 56.296796, -119.94978 56.294469, -119.949521 56.294448, -119.94784 56.293929, -119.94783 56.29384, -119.94785 56.293736, -119.947742 56.293632, -119.947611 56.293537, -119.947452 56.293466, -119.947269 56.293417, -119.947071 56.293392, -119.946872 56.293387, -119.946488 56.293406, -119.946324 56.293384, -119.946195 56.293322, -119.946104 56.293224, -119.946038 56.293099, -119.945719 56.292342, -119.945672 56.292182, -119.945649 56.292024, -119.94566 56.291868, -119.945707 56.291715, -119.945787 56.291565, -119.946174 56.290985, -119.946429 56.290557, -119.94652 56.290425, -119.946624 56.290301, -119.946739 56.290187, -119.947438 56.289628, -119.947706 56.289391, -119.947906 56.289279, -119.948239 56.289152, -119.948322 56.2891, -119.94836 56.289044, -119.948361 56.288986, -119.948307 56.288832, -119.948293 56.288714, -119.948328 56.288579, -119.948536 56.288114, -119.948609 56.287909, -119.948665 56.287817, -119.948746 56.287737, -119.948841 56.287678, -119.948971 56.287628, -119.949138 56.287595, -119.94952 56.287578, -119.95032 56.287564, -119.950514 56.28755, -119.950696 56.287521, -119.950853 56.287472, -119.950965 56.287398, -119.951032 56.287308, -119.951068 56.287213, -119.951073 56.287115, -119.951064 56.287022, -119.951029 56.286929, -119.950958 56.28685, -119.950854 56.286784, -119.950734 56.286734, -119.950251 56.286609, -119.949861 56.286487, -119.949557 56.28641, -119.949225 56.286352, -119.949067 56.286311, -119.948948 56.286259, -119.948864 56.286198, -119.948819 56.286124, -119.948806 56.28604, -119.94883 56.285946, -119.94893 56.28574, -119.948994 56.285638, -119.949073 56.28554, -119.949284 56.285353, -119.949416 56.285265, -119.94957 56.285189, -119.949916 56.285064, -119.950468 56.284913, -119.950793 56.284812, -119.950934 56.28475, -119.951162 56.284616, -119.951241 56.284538, -119.951301 56.28445, -119.951341 56.28436, -119.951356 56.28426, -119.951352 56.284157, -119.951329 56.284051, -119.951146 56.28363, -119.951111 56.283425, -119.951119 56.283325, -119.951155 56.283223, -119.951258 56.283006, -119.951272 56.282898, -119.951248 56.282791, -119.951195 56.282682, -119.951123 56.282576, -119.951033 56.282474, -119.950803 56.282271, -119.950552 56.282073, -119.950406 56.281973, -119.950244 56.281877, -119.950059 56.281789, -119.949847 56.281718, -119.949626 56.281662, -119.949391 56.281624, -119.947391 56.2814, -119.947149 56.281356, -119.946932 56.2813, -119.94674 56.281226, -119.946572 56.281132, -119.946428 56.281031, -119.946321 56.280919, -119.946113 56.280668, -119.945876 56.280436, -119.945734 56.280342, -119.945568 56.280264, -119.945385 56.28021, -119.945186 56.280175, -119.944981 56.280157, -119.944773 56.280157, -119.944569 56.280175, -119.944371 56.280205, -119.944184 56.280249, -119.944015 56.280311, -119.94387 56.280387, -119.943756 56.280476, -119.943684 56.280581, -119.943634 56.280691, -119.943513 56.281035, -119.943394 56.281256, -119.943311 56.281356, -119.943118 56.281539, -119.942994 56.281613, -119.942853 56.281675, -119.942709 56.281722, -119.942562 56.281753, -119.942395 56.281761, -119.942232 56.281749, -119.941903 56.28167, -119.941148 56.281385, -119.940921 56.281244, -119.940845 56.281164, -119.940785 56.281078, -119.940773 56.28099, -119.940774 56.280985, -119.940775 56.280983, -119.940792 56.280899, -119.940896 56.280714, -119.94103 56.280566, -119.941026 56.280567, -119.940931 56.280551, -119.941074 56.280416, -119.941036 56.280423, -119.940898 56.280494, -119.940818 56.280489, -119.941186 56.280209, -119.941196 56.2802, -119.941287 56.279846, -119.941295 56.279772, -119.941275 56.279577, -119.941413 56.279276, -119.941529 56.279188, -119.941656 56.279108, -119.94201 56.279005, -119.94211 56.279007, -119.942143 56.278984, -119.942296 56.278901, -119.942713 56.278721, -119.94288 56.27859, -119.942965 56.278463, -119.942975 56.27833, -119.942894 56.278201, -119.942767 56.278079, -119.942607 56.277974, -119.942409 56.277885, -119.942196 56.277842, -119.941956 56.277815, -119.941168 56.277799, -119.94 56.277725, -119.939703 56.277693, -119.938819 56.277547, -119.938516 56.27748, -119.938224 56.277395, -119.937969 56.277281, -119.937798 56.27713, -119.937674 56.276952, -119.937566 56.276763, -119.937554 56.276739, -119.937472 56.276568, -119.937231 56.275976, -119.937126 56.275787, -119.936936 56.275657, -119.936708 56.275554, -119.936438 56.275478, -119.936162 56.275424, -119.935854 56.275399, -119.935534 56.275381, -119.935209 56.275383, -119.934918 56.275418, -119.934668 56.275501, -119.934499 56.275616, -119.934168 56.275991, -119.934038 56.276078, -119.933892 56.276115, -119.933712 56.276109, -119.933513 56.276071, -119.933296 56.276009, -119.932641 56.275744, -119.932402 56.275661, -119.932131 56.275608, -119.931838 56.275583, -119.930907 56.275561, -119.929472 56.275599, -119.929148 56.275589, -119.928806 56.275649, -119.928363 56.275491, -119.928268 56.275352, -119.928214 56.274997, -119.928217 56.27387, -119.92824 56.273635, -119.928231 56.273398, -119.928246 56.272902, -119.928277 56.272411, -119.928338 56.272157, -119.928303 56.271893, -119.926185 56.271465, -119.926539 56.271254, -119.926827 56.271018, -119.927205 56.27056, -119.92738 56.270263, -119.927369 56.270166, -119.927292 56.270069, -119.927171 56.269992, -119.92702 56.269926, -119.926271 56.269787, -119.926064 56.269735, -119.925892 56.269677, -119.925776 56.2696, -119.925698 56.269519, -119.92569 56.269435, -119.925743 56.269351, -119.92586 56.269277, -119.926026 56.269216, -119.926235 56.269172, -119.92648 56.269138, -119.926752 56.269114, -119.927044 56.269097, -119.927961 56.269071, -119.928887 56.269015, -119.929873 56.268912, -119.930591 56.268823, -119.931339 56.2687, -119.931708 56.268625, -119.932066 56.26854, -119.932716 56.268347, -119.933031 56.268264, -119.933347 56.268211, -119.933652 56.268193, -119.933931 56.268208, -119.934175 56.268272, -119.934379 56.268371, -119.934511 56.26849, -119.934593 56.268636, -119.934643 56.268794, -119.934713 56.268948, -119.934841 56.269089, -119.935037 56.269204, -119.935281 56.269292, -119.935545 56.269351, -119.935824 56.269381, -119.936107 56.269386, -119.936404 56.26936, -119.936694 56.269315, -119.93698 56.269257, -119.937263 56.269179, -119.937536 56.269084, -119.937797 56.26897, -119.938059 56.268846, -119.93856 56.268589, -119.938819 56.26847, -119.939085 56.268372, -119.939382 56.268302, -119.939703 56.268267, -119.940038 56.268273, -119.940396 56.268309, -119.940762 56.268374, -119.941122 56.268453, -119.941476 56.268546, -119.943245 56.269051, -119.94401 56.269247, -119.945976 56.269775, -119.946785 56.269969, -119.947179 56.270053, -119.947559 56.270119, -119.947938 56.270169, -119.948303 56.270174, -119.948651 56.270139, -119.948961 56.270066, -119.94922 56.269957, -119.949407 56.269819, -119.949512 56.269661, -119.949567 56.269507, -119.949539 56.269346, -119.949401 56.26902, -119.949303 56.268854, -119.948919 56.268369, -119.948823 56.268203, -119.94878 56.26803, -119.948791 56.267851, -119.948864 56.267669, -119.948991 56.26749, -119.949165 56.267317, -119.949379 56.26715, -119.94961 56.266994, -119.949855 56.266847, -119.950375 56.266575, -119.950603 56.266433, -119.950787 56.266278, -119.950909 56.266112, -119.950971 56.265941, -119.950995 56.265763, -119.951131 56.263088, -119.951136 56.262832, -119.951101 56.261833, -119.951109 56.261615, -119.951141 56.261423, -119.951199 56.261258, -119.951291 56.261116, -119.951412 56.261009, -119.951559 56.260934, -119.95173 56.260905, -119.951914 56.260923, -119.952105 56.260978, -119.952314 56.261056, -119.952533 56.261155, -119.952968 56.261425, -119.953697 56.261904, -119.953975 56.262072, -119.954572 56.2624, -119.954896 56.262562, -119.95557 56.262857, -119.956601 56.263244, -119.957213 56.263445, -119.957497 56.263518, -119.957771 56.263568, -119.95805 56.263596, -119.958627 56.26362, -119.959236 56.263677, -119.960568 56.263837, -119.961286 56.263944, -119.962827 56.264255, -119.963236 56.264321, -119.963662 56.264361, -119.9641 56.264367, -119.964539 56.264335, -119.96497 56.264277, -119.965392 56.264198, -119.965794 56.264099, -119.966179 56.263988, -119.966531 56.263858, -119.966849 56.263718, -119.967125 56.263556, -119.96735 56.263382, -119.967529 56.263192, -119.967659 56.262987, -119.967874 56.262565, -119.968004 56.262366, -119.968182 56.262195, -119.968404 56.262052, -119.968668 56.261932, -119.96897 56.261839, -119.969305 56.261777, -119.970038 56.261709, -119.972266 56.26156, -119.972996 56.261502, -119.973723 56.261435, -119.975208 56.261272, -119.975997 56.261197, -119.976407 56.261168, -119.976826 56.261152, -119.977251 56.26115, -119.978121 56.261179, -119.978547 56.261206, -119.978966 56.261259, -119.979369 56.261329, -119.979731 56.261426, -119.980071 56.261551, -119.980378 56.261701, -119.98067 56.261864, -119.981481 56.2624, -119.982326 56.262936, -119.982633 56.2631, -119.982961 56.263245, -119.983311 56.263361, -119.983687 56.263448, -119.984081 56.263512, -119.9845 56.263555, -119.984942 56.263576, -119.985873 56.263591, -119.988372 56.263654, -119.990463 56.263672, -119.994288 56.263674, -119.994878 56.263682, -119.996072 56.26372, -119.996644 56.263762, -119.997189 56.263827, -119.997685 56.263911, -119.998135 56.264024, -119.999273 56.264349, -119.999843 56.264484, -120.000095 56.264509, -120.000503 56.264468, -120.000771 56.264419, -120.000898 56.264415, -120.00102 56.264425, -120.001151 56.264462, -120.001272 56.264515, -120.001443 56.26468, -120.001453 56.264693, -120.001604 56.264884, -120.00171 56.264984, -120.001836 56.265073, -120.001974 56.265148, -120.002121 56.265206, -120.002219 56.265269, -120.002367 56.265428, -120.002479 56.265631, -120.002516 56.265741, -120.002523 56.265969, -120.002545 56.266088, -120.002597 56.266203, -120.002754 56.266421, -120.002802 56.26653, -120.00282 56.266761, -120.002803 56.266881, -120.002766 56.267005, -120.002636 56.26725, -120.002425 56.267592, -120.002388 56.26771, -120.00239 56.267824, -120.002418 56.267935, -120.002464 56.268044, -120.002623 56.268356, -120.002707 56.268553, -120.002741 56.26866, -120.00277 56.268907, -120.002758 56.2692, -120.002777 56.269347, -120.002845 56.269487, -120.002972 56.269605, -120.003149 56.269687, -120.003376 56.26972, -120.003627 56.269723, -120.003892 56.269698, -120.00476 56.269579, -120.006024 56.269432, -120.007015 56.269335, -120.007319 56.269294, -120.007849 56.269185, -120.0084 56.269045, -120.00855 56.269031, -120.008704 56.269032, -120.009397 56.269178, -120.009625 56.269188, -120.009857 56.269166, -120.010081 56.269117, -120.010452 56.268987, -120.010713 56.268874, -120.010968 56.268804, -120.011658 56.268686, -120.012179 56.268609, -120.012336 56.268571, -120.012443 56.268518, -120.012506 56.268445, -120.012509 56.268356, -120.012473 56.268267, -120.012403 56.268186, -120.01229 56.268112, -120.011468 56.267663, -120.011254 56.267508, -120.011175 56.267438, -120.01112 56.267363, -120.011087 56.267283, -120.011091 56.267201, -120.011136 56.266923, -120.011166 56.266823, -120.011211 56.266725, -120.011282 56.266624, -120.011391 56.266544, -120.011553 56.266474, -120.011757 56.266425, -120.011995 56.266393, -120.012267 56.266376, -120.013446 56.266383, -120.016667 56.266346, -120.0189 56.266357, -120.01924 56.266373, -120.019579 56.266406, -120.020196 56.266501, -120.020456 56.266569, -120.020845 56.266714, -120.021031 56.266831, -120.021124 56.266923, -120.021151 56.266965, -120.021203 56.267123, -120.021204 56.267182, -120.021188 56.267231, -120.021152 56.267273, -120.020981 56.267376, -120.02089 56.267461, -120.020803 56.26756, -120.020746 56.267606, -120.020597 56.267708, -120.020377 56.267823, -120.020175 56.267949, -120.020129 56.268021, -120.020096 56.268158, -120.020068 56.268222, -120.020015 56.268276, -120.019737 56.268422, -120.019658 56.268492, -120.01956 56.268537, -120.019449 56.268565, -120.019318 56.268554, -120.018486 56.268358, -120.018108 56.26831, -120.017726 56.268287, -120.017402 56.268326, -120.017276 56.268356, -120.017182 56.268408, -120.017101 56.268468, -120.016903 56.268675, -120.016739 56.268804, -120.016554 56.268983, -120.016356 56.269138, -120.016185 56.269299, -120.016088 56.269415, -120.015934 56.269648, -120.015904 56.269713, -120.015892 56.269779, -120.015909 56.269906, -120.015932 56.269954, -120.016004 56.270032, -120.015916 56.270119, -120.015907 56.270165, -120.01592 56.270216, -120.01596 56.270263, -120.016012 56.27029, -120.016137 56.270326, -120.016238 56.270376, -120.01628 56.270407, -120.016301 56.270442, -120.01631 56.270521, -120.016329 56.270563, -120.016384 56.270599, -120.016685 56.270691, -120.017025 56.270811, -120.017432 56.270885, -120.01756 56.27092, -120.017657 56.270959, -120.017746 56.271017, -120.017784 56.271054, -120.017909 56.271233, -120.018362 56.271508, -120.018581 56.271684, -120.018942 56.271916, -120.019105 56.272047, -120.019142 56.272096, -120.019159 56.272143, -120.019155 56.272189, -120.019058 56.272357, -120.019019 56.272394, -120.018884 56.272448, -120.018617 56.272526, -120.018343 56.27255, -120.020721 56.274356, -120.020841 56.274403, -120.020847 56.274513, -120.020818 56.274576, -120.020809 56.274688, -120.020833 56.274807, -120.020823 56.274865, -120.020767 56.274918, -120.020799 56.274982, -120.020773 56.275152, -120.020796 56.275176, -120.020806 56.275209, -120.020763 56.275287, -120.020777 56.27532, -120.020811 56.27528, -120.020793 56.275336, -120.020804 56.275362, -120.020861 56.275413, -120.02084 56.275491, -120.020852 56.275531, -120.02085 56.275573, -120.020877 56.275659, -120.020883 56.275914, -120.020861 56.276025, -120.020873 56.276082, -120.020863 56.276154, -120.020872 56.276227, -120.020865 56.276261, -120.020869 56.276343, -120.020845 56.276391, -120.020849 56.276528, -120.020843 56.276568, -120.020868 56.276727, -120.02086 56.27679, -120.020865 56.276823, -120.020883 56.276897, -120.020915 56.276917, -120.020896 56.277024, -120.020867 56.277055, -120.020853 56.277103, -120.020826 56.277132, -120.020809 56.277224, -120.020784 56.277288, -120.020789 56.277321, -120.020822 56.277372, -120.020808 56.277485, -120.02087 56.277612, -120.020966 56.277705, -120.020995 56.277776, -120.02102 56.277799, -120.021026 56.277865, -120.0211 56.277933, -120.021362 56.278069, -120.021403 56.278131, -120.021435 56.278128, -120.021539 56.278164, -120.02164 56.278175, -120.021755 56.278203, -120.021925 56.27829, -120.022138 56.278354, -120.022188 56.278353, -120.022355 56.278404, -120.022444 56.278447, -120.022554 56.278466, -120.022664 56.278526, -120.022718 56.27854, -120.02279 56.278579, -120.022917 56.278602, -120.022959 56.278596, -120.02299 56.278616, -120.023027 56.278619, -120.023237 56.27869, -120.02365 56.278799, -120.023795 56.278856, -120.023894 56.27887, -120.024018 56.278903, -120.024062 56.278926, -120.024422 56.279023, -120.024874 56.279193, -120.024888 56.279214, -120.024893 56.279259, -120.024926 56.279323, -120.024926 56.279404, -120.024945 56.279428, -120.024938 56.279462, -120.024983 56.279516, -120.024968 56.279556, -120.024967 56.279626, -120.025024 56.279778, -120.025007 56.279866, -120.024958 56.279917, -120.024986 56.27994, -120.025042 56.279951, -120.024999 56.280049, -120.025009 56.280117, -120.025032 56.280146, -120.025092 56.280187, -120.025121 56.28029, -120.025075 56.280598, -120.025765 56.28071, -120.026688 56.281069, -120.027767 56.281405, -120.028135 56.281584, -120.028366 56.281831, -120.028401 56.281983, -120.028401 56.28206, -120.028537 56.282095, -120.028612 56.282088, -120.030426 56.28201, -120.030946 56.281948, -120.030945 56.281874, -120.030973 56.281771, -120.030965 56.281371, -120.030981 56.281221, -120.031168 56.281101, -120.03168 56.281047, -120.031974 56.281037, -120.034064 56.281046, -120.034464 56.281034, -120.035715 56.28103, -120.037955 56.281047, -120.041288 56.281041, -120.04176 56.281056, -120.042671 56.281028, -120.044716 56.281028, -120.045 56.281028, -120.048388 56.281027, -120.04884 56.281013, -120.049294 56.281033, -120.050209 56.281044, -120.052024 56.281043, -120.052479 56.281027, -120.052929 56.281043, -120.054257 56.281018, -120.054702 56.280995, -120.059285 56.281143, -120.059626 56.281115, -120.05996 56.281061, -120.060306 56.28103, -120.060637 56.280983, -120.060957 56.2809, -120.061303 56.280624, -120.06135 56.280475, -120.061351 56.280316, -120.061311 56.278503, -120.061307 56.277582, -120.061446 56.277283, -120.062214 56.277273, -120.063487 56.277289, -120.064137 56.277271, -120.065441 56.27727, -120.068863 56.277299, -120.069328 56.27732, -120.070737 56.277324, -120.07296 56.277347, -120.073704 56.277338, -120.074523 56.277529, -120.074702 56.277611, -120.075233 56.277967, -120.07548 56.278107, -120.075573 56.278181, -120.075646 56.278252, -120.07574 56.27842, -120.075811 56.278498, -120.07604 56.278621, -120.076521 56.278807, -120.076709 56.278862, -120.076903 56.278908, -120.077461 56.279013, -120.077638 56.279061, -120.077969 56.27918, -120.078136 56.279229, -120.078326 56.279257, -120.078508 56.27926, -120.079164 56.279197, -120.079314 56.279202, -120.079458 56.279224, -120.079723 56.279337, -120.080019 56.279491, -120.080212 56.279556, -120.080414 56.279596, -120.080866 56.279647, -120.081083 56.279688, -120.081302 56.279758, -120.081736 56.279943, -120.085627 56.280805, -120.085987 56.280804, -120.086191 56.280803, -120.086787 56.28077, -120.087413 56.280787, -120.088781 56.280795, -120.09339 56.280805, -120.098014 56.28077, -120.101699 56.280761, -120.103113 56.280779, -120.105167 56.280768, -120.108818 56.280769, -120.10936 56.280751, -120.110778 56.280775, -120.111667 56.280778, -120.112533 56.280754, -120.114199 56.280625, -120.114604 56.280612, -120.115399 56.280611, -120.11693 56.280652, -120.117921 56.280667, -120.118199 56.28068, -120.118423 56.280706, -120.1186 56.280752, -120.118712 56.280824, -120.11877 56.280912, -120.118811 56.281021, -120.11884 56.281139, -120.118864 56.281418, -120.118887 56.281569, -120.118924 56.281724, -120.118976 56.281876, -120.119057 56.282035, -120.119169 56.282202, -120.119307 56.282359, -120.119466 56.282507, -120.119825 56.28281, -120.120023 56.28296, -120.120251 56.283096, -120.120534 56.283213, -120.12112 56.283428, -120.122 56.283768, -120.122301 56.283864, -120.122616 56.283938, -120.12293 56.284002, -120.123258 56.284053, -120.12549 56.284219, -120.125772 56.284251, -120.126022 56.284301, -120.126242 56.284369, -120.126423 56.284457, -120.12655 56.284563, -120.126626 56.284694, -120.126646 56.284843, -120.126595 56.285363, -120.126609 56.285547, -120.12667 56.285729, -120.126777 56.285905, -120.126934 56.286067, -120.127145 56.286219, -120.127403 56.286355, -120.128208 56.286734, -120.128722 56.286993, -120.129008 56.28711, -120.129329 56.287208, -120.130019 56.287368, -120.132566 56.287836, -120.132892 56.287906, -120.133181 56.288003, -120.133421 56.288121, -120.133598 56.288268, -120.134184 56.288911, -120.13451 56.289216, -120.134885 56.289491, -120.135195 56.289754, -120.135256 56.289895, -120.13525 56.290026, -120.135167 56.29013, -120.135013 56.290211, -120.134836 56.29027, -120.134424 56.290327, -120.134214 56.290343, -120.133812 56.290353, -120.133631 56.290346, -120.133453 56.290307, -120.133085 56.290181, -120.132859 56.290128, -120.132619 56.290095, -120.131773 56.290076, -120.131126 56.290083, -120.130503 56.290118, -120.130237 56.290158, -120.130012 56.290215, -120.129834 56.290283, -120.129699 56.290363, -120.129626 56.290461, -120.129624 56.290574, -120.129668 56.290681, -120.129764 56.290787, -120.129891 56.290886, -120.13004 56.290976, -120.130379 56.291133, -120.130521 56.291212, -120.130605 56.291302, -120.130604 56.291372, -120.130527 56.291421, -120.130294 56.291533, -120.13021 56.291608, -120.130146 56.291685, -120.130136 56.291765, -120.13017 56.291845, -120.130218 56.291918, -120.130332 56.291969, -120.130488 56.292007, -120.130664 56.292019, -120.131741 56.291981, -120.133328 56.29203, -120.133846 56.29209, -120.134956 56.292299, -120.135424 56.292367, -120.135651 56.292395, -120.136295 56.292448, -120.136505 56.292481, -120.136715 56.292527, -120.13779 56.292813, -120.137995 56.292875, -120.138181 56.292949, -120.138334 56.293037, -120.138451 56.293137, -120.138538 56.29324, -120.138589 56.293348, -120.138609 56.29346, -120.138594 56.293574, -120.138566 56.293685, -120.138468 56.294012, -120.138452 56.294118, -120.138463 56.294346, -120.138454 56.29447, -120.138411 56.294589, -120.138325 56.294698, -120.1382 56.2948, -120.138042 56.29488, -120.137863 56.294942, -120.137493 56.295033, -120.137354 56.295092, -120.137275 56.295169, -120.137261 56.295255, -120.137309 56.295343, -120.137511 56.295512, -120.137654 56.295592, -120.138168 56.295825, -120.138328 56.295923, -120.138457 56.296035, -120.13855 56.296166, -120.138721 56.296603, -120.138805 56.296753, -120.139145 56.297211, -120.139235 56.297373, -120.139291 56.297543, -120.139319 56.297707, -120.139366 56.29854, -120.139395 56.299984, -120.139373 56.30042, -120.139348 56.300659, -120.139301 56.300914, -120.139233 56.301179, -120.13913 56.301442, -120.139008 56.301701, -120.138863 56.301957, -120.138671 56.302178, -120.138464 56.302386, -120.13824 56.302576, -120.138004 56.302753, -120.137755 56.302915, -120.137003 56.3033, -120.136807 56.303424, -120.136661 56.303556, -120.136568 56.303695, -120.13653 56.303838, -120.136544 56.30398, -120.136594 56.304123, -120.136757 56.304395, -120.136888 56.304523, -120.137066 56.304635, -120.1373 56.304728, -120.137583 56.304794, -120.137899 56.304835, -120.138232 56.30486, -120.138915 56.304875, -120.140815 56.304874, -120.141233 56.304885, -120.141663 56.304914, -120.142098 56.304967, -120.142533 56.305048, -120.142956 56.305151, -120.14433 56.305575, -120.144613 56.305626, -120.144885 56.305629, -120.145137 56.305585, -120.145365 56.305501, -120.145556 56.305391, -120.145707 56.305256, -120.145963 56.304984, -120.146351 56.304613, -120.146502 56.304512, -120.146682 56.30443, -120.146907 56.304382, -120.147169 56.304363, -120.148325 56.304372, -120.148861 56.304343, -120.14909 56.304298, -120.149271 56.304242, -120.149382 56.304161, -120.149423 56.304063, -120.149421 56.303858, -120.149366 56.303426, -120.149399 56.303333, -120.149455 56.303248, -120.149541 56.303184, -120.149664 56.303139, -120.149803 56.303117, -120.149958 56.303108, -120.150688 56.303162, -120.152885 56.303186, -120.153076 56.303203, -120.153227 56.303245, -120.153328 56.303299, -120.153377 56.303352, -120.153406 56.303409, -120.153408 56.303461, -120.15338 56.303514, -120.153327 56.303572, -120.153193 56.303683, -120.153115 56.303733, -120.153032 56.303777, -120.152743 56.303874, -120.152664 56.303918, -120.152612 56.303974, -120.15254 56.304155, -120.15253 56.304222, -120.152543 56.304289, -120.152582 56.304356, -120.152813 56.30464, -120.15308 56.304876, -120.153139 56.304896, -120.15353 56.304929, -120.15386 56.304978, -120.154153 56.304977, -120.154457 56.304949, -120.154747 56.304891, -120.155208 56.304765, -120.155664 56.304615, -120.155909 56.304505, -120.156002 56.304444, -120.156258 56.304232, -120.156439 56.304114, -120.156601 56.304059, -120.156871 56.304022, -120.156967 56.304022, -120.157059 56.304035, -120.157268 56.304086, -120.157613 56.304235, -120.157914 56.304336, -120.158252 56.304405, -120.158428 56.30442, -120.159107 56.304396, -120.159463 56.304369, -120.159635 56.30437, -120.1599 56.304403, -120.160143 56.304471, -120.160435 56.304512, -120.160589 56.304509, -120.160732 56.304492, -120.160862 56.304452, -120.160955 56.304399, -120.161027 56.304339, -120.161143 56.304211, -120.161167 56.304093, -120.161225 56.303968, -120.161271 56.303911, -120.161488 56.303694, -120.161556 56.303641, -120.161639 56.303596, -120.161752 56.303555, -120.162052 56.303474, -120.162207 56.303449, -120.162352 56.30344, -120.162482 56.303448, -120.162588 56.303475, -120.162686 56.303514, -120.16276 56.303561, -120.162776 56.30361, -120.162738 56.303875, -120.162685 56.304464, -120.162662 56.305252, -120.162627 56.305448, -120.162552 56.305636, -120.162417 56.305817, -120.162243 56.305989, -120.162034 56.306139, -120.161566 56.306419, -120.160813 56.306825, -120.15999 56.307237, -120.159425 56.307499, -120.158868 56.307729, -120.158144 56.307999, -120.157771 56.308109, -120.157617 56.308166, -120.157495 56.308228, -120.157389 56.308304, -120.157293 56.308398, -120.157084 56.308634, -120.156918 56.308771, -120.156713 56.308919, -120.156489 56.30906, -120.154766 56.310018, -120.154574 56.310145, -120.154421 56.310278, -120.154328 56.310412, -120.154299 56.310551, -120.154336 56.31069, -120.154437 56.310817, -120.154597 56.310926, -120.155162 56.311274, -120.155342 56.311404, -120.155518 56.31154, -120.15568 56.311685, -120.155829 56.311837, -120.155943 56.311996, -120.156005 56.312163, -120.156007 56.312339, -120.155987 56.312518, -120.155984 56.312693, -120.156019 56.31286, -120.156103 56.31301, -120.156248 56.313135, -120.15646 56.31322, -120.156715 56.313266, -120.156999 56.313282, -120.157315 56.313276, -120.158784 56.313161, -120.160042 56.313079, -120.160454 56.313061, -120.160868 56.313067, -120.161264 56.313094, -120.16163 56.313147, -120.161943 56.31322, -120.162207 56.313316, -120.162404 56.313441, -120.16253 56.313585, -120.162594 56.313754, -120.162603 56.313947, -120.162579 56.314587, -120.162587 56.315286, -120.162574 56.315513, -120.162484 56.315903, -120.162392 56.316058, -120.16226 56.316172, -120.162095 56.31624, -120.1619 56.316276, -120.161678 56.316275, -120.161421 56.316235, -120.160842 56.316112, -120.159425 56.315746, -120.158604 56.315521, -120.156794 56.314989, -120.156301 56.314863, -120.155787 56.31476, -120.155267 56.314679, -120.154733 56.314628, -120.154213 56.314599, -120.152717 56.314589, -120.152264 56.314602, -120.151838 56.314627, -120.151445 56.314668, -120.151094 56.314741, -120.1508 56.314843, -120.15057 56.314988, -120.150421 56.315171, -120.150345 56.315378, -120.150321 56.31561, -120.150323 56.315848, -120.150365 56.316339, -120.150438 56.316832, -120.150479 56.317082, -120.150537 56.317335, -120.150624 56.317588, -120.150757 56.31784, -120.150916 56.318093, -120.151115 56.318339, -120.151376 56.318576, -120.151658 56.318798, -120.151998 56.318998, -120.15238 56.319184, -120.15279 56.319358, -120.153224 56.319516, -120.153669 56.319664, -120.154118 56.319798, -120.154593 56.319925, -120.155085 56.320039, -120.155575 56.320138, -120.156598 56.320283, -120.157116 56.32034, -120.158685 56.320477, -120.159201 56.320541, -120.159711 56.320624, -120.160211 56.320726, -120.160679 56.320855, -120.161117 56.321006, -120.161507 56.32118, -120.161842 56.321375, -120.162113 56.321588, -120.162316 56.321818, -120.162436 56.322067, -120.162484 56.322328, -120.1625 56.322598, -120.162498 56.32316, -120.162512 56.323748, -120.162558 56.324678, -120.162606 56.32533, -120.162611 56.325654, -120.162562 56.325955, -120.162463 56.326236, -120.162291 56.326491, -120.162053 56.326715, -120.161777 56.326914, -120.161457 56.32709, -120.161119 56.327236, -120.160748 56.327347, -120.160352 56.32743, -120.159932 56.327477, -120.159501 56.327495, -120.159057 56.327501, -120.157701 56.327477, -120.155363 56.327461, -120.154402 56.327414, -120.153433 56.327338, -120.152482 56.327235, -120.152019 56.327167, -120.15157 56.327088, -120.151143 56.326994, -120.150735 56.326891, -120.149604 56.326573, -120.149225 56.326488, -120.148829 56.326428, -120.148429 56.326401, -120.148035 56.32639, -120.146121 56.32641, -120.145763 56.326425, -120.145135 56.326492, -120.144876 56.326538, -120.144655 56.326593, -120.144312 56.326597, -120.144177 56.326561, -120.144052 56.326512, -120.14395 56.32644, -120.143646 56.326087, -120.143528 56.325993, -120.143344 56.325924, -120.143109 56.325878, -120.142828 56.325868, -120.141912 56.325869, -120.141357 56.325844, -120.141091 56.325814, -120.140848 56.32577, -120.140623 56.325706, -120.140411 56.325627, -120.139656 56.325266, -120.139462 56.325197, -120.139253 56.325154, -120.139041 56.325132, -120.138838 56.325134, -120.138649 56.325161, -120.138475 56.325213, -120.138072 56.325399, -120.137908 56.325503, -120.137871 56.325549, -120.137869 56.325632, -120.137945 56.325758, -120.137944 56.32579, -120.13791 56.325927, -120.137876 56.32597, -120.137831 56.32599, -120.137787 56.325996, -120.137574 56.325976, -120.137512 56.325985, -120.137454 56.326045, -120.137418 56.326069, -120.136854 56.326174, -120.136677 56.326191, -120.136531 56.326185, -120.136424 56.326152, -120.136267 56.326062, -120.136189 56.326038, -120.136077 56.326033, -120.135202 56.326074, -120.134298 56.326102, -120.133562 56.326157, -120.13275 56.326204, -120.132469 56.326205, -120.131332 56.326178, -120.131062 56.32619, -120.130817 56.326216, -120.130603 56.32627, -120.130436 56.326359, -120.130343 56.326475, -120.130315 56.326608, -120.130342 56.326753, -120.130493 56.327183, -120.13053 56.327329, -120.130615 56.327871, -120.130648 56.327981, -120.130719 56.32808, -120.130846 56.328177, -120.131022 56.328257, -120.131406 56.328383, -120.131615 56.328442, -120.132612 56.328651, -120.132853 56.328717, -120.133064 56.328796, -120.133226 56.328891, -120.133326 56.328995, -120.133364 56.329107, -120.133339 56.329221, -120.133252 56.329337, -120.133114 56.329456, -120.132243 56.329996, -120.131957 56.330142, -120.131626 56.330268, -120.131251 56.33036, -120.130847 56.330422, -120.130419 56.330452, -120.129982 56.330468, -120.128663 56.33048, -120.128233 56.330493, -120.127813 56.330519, -120.12741 56.330563, -120.127013 56.330623, -120.125858 56.330859, -120.125472 56.330926, -120.125081 56.330976, -120.124689 56.331004, -120.124297 56.331011, -120.123918 56.330992, -120.122428 56.33081, -120.122057 56.330785, -120.121342 56.330792, -120.121009 56.33084, -120.120703 56.330924, -120.120425 56.331036, -120.120188 56.331177, -120.119989 56.331335, -120.119614 56.331676, -120.119128 56.332196, -120.118952 56.33236, -120.118764 56.332513, -120.11855 56.33265, -120.118316 56.332764, -120.11805 56.33286, -120.117761 56.332932, -120.117454 56.332987, -120.115846 56.33321, -120.115548 56.333237, -120.115256 56.333247, -120.114972 56.333241, -120.114446 56.333194, -120.114013 56.333168, -120.113443 56.333168, -120.112693 56.333137, -120.112267 56.333147, -120.110958 56.333224, -120.110687 56.333225, -120.110414 56.33321, -120.110152 56.333173, -120.109902 56.333117, -120.109666 56.333047, -120.109458 56.33295, -120.10862 56.332462, -120.108358 56.332357, -120.10807 56.332279, -120.107759 56.332229, -120.107425 56.332217, -120.10707 56.332242, -120.106712 56.332298, -120.106333 56.33238, -120.104685 56.332831, -120.10423 56.332926, -120.103749 56.333002, -120.103251 56.333061, -120.102738 56.333103, -120.10221 56.333129, -120.09992 56.333183, -120.097968 56.333247, -120.096572 56.333328, -120.094377 56.333479, -120.093621 56.333519, -120.092093 56.333573, -120.090565 56.333592, -120.083778 56.333576, -120.079331 56.333524, -120.076533 56.333502, -120.070468 56.333488, -120.065264 56.333502, -120.064371 56.33349, -120.063918 56.333472, -120.063473 56.333441, -120.063042 56.333393, -120.06263 56.333327, -120.062236 56.333243, -120.061502 56.333062, -120.061146 56.33299, -120.060794 56.332933, -120.060442 56.332899, -120.059732 56.332853, -120.0582 56.332706, -120.057434 56.332624, -120.057096 56.33256, -120.05681 56.332453, -120.056573 56.332301, -120.056447 56.33211, -120.056342 56.331908, -120.0562 56.331718, -120.055995 56.331549, -120.055708 56.331416, -120.055366 56.331311, -120.054988 56.331227, -120.054154 56.331099, -120.053273 56.331006))"
17,2023-06-23 10:31:00,2023051201,2023,2947.5,Non-corrected airborne GPS,1683874800000,1683924546000,Under Control,JA70003000,29474541.8615,38797.4344,63,bd351cf0-cb0b-47ea-9729-cb62a43ca615,96075403.0859375,70052.7885951608,https://wildfiresituation.nrs.gov.bc.ca/incidents?fireYear=2023&incidentNumber=G80223,"POLYGON ((-121.23366 56.447, -121.23326 56.44696, -121.23242 56.44702, -121.23206 56.44699, -121.231785 56.446853, -121.231833 56.446572, -121.231781 56.446467, -121.23173 56.446361, -121.231687 56.446153, -121.231604 56.445966, -121.231533 56.445777, -121.231493 56.445608, -121.23148 56.44555, -121.231477 56.445536, -121.23143 56.44532, -121.23136 56.44518, -121.23123 56.44494, -121.230994 56.444711, -121.230985 56.444702, -121.23088 56.4446, -121.23075 56.44442, -121.23066 56.44429, -121.230655 56.444284, -121.23056 56.44415, -121.230452 56.444057, -121.23034 56.44396, -121.229907 56.4437, -121.22984 56.44366, -121.229624 56.443602, -121.229529 56.443576, -121.22932 56.44352, -121.22907 56.44342, -121.22851 56.44325, -121.2282 56.4432, -121.228192 56.443196, -121.227931 56.44306, -121.227722 56.442866, -121.227583 56.442753, -121.2275 56.44268, -121.227293 56.442559, -121.227168 56.442486, -121.22702 56.4424, -121.226921 56.442357, -121.22647 56.44216, -121.226131 56.441971, -121.225995 56.441906, -121.225765 56.44179, -121.22561 56.441691, -121.22554 56.44165, -121.22536 56.44147, -121.22528 56.441347, -121.22523 56.44127, -121.225141 56.441169, -121.22508 56.4411, -121.22494 56.44098, -121.224294 56.440443, -121.22404 56.440307, -121.224034 56.440302, -121.223917 56.440202, -121.223839 56.440136, -121.223483 56.439828, -121.22345 56.4398, -121.22317 56.43962, -121.22306 56.439548, -121.22291 56.43945, -121.222735 56.439324, -121.22266 56.43927, -121.22257 56.43922, -121.222463 56.439162, -121.221859 56.438835, -121.22137 56.43857, -121.22101 56.43842, -121.220691 56.438358, -121.220651 56.43835, -121.220283 56.43833, -121.219863 56.438305, -121.219525 56.438244, -121.21944 56.43823, -121.219328 56.438179, -121.21904 56.43805, -121.218711 56.437842, -121.218694 56.437832, -121.218392 56.437648, -121.21803 56.437543, -121.218024 56.437541, -121.217935 56.437537, -121.217349 56.437519, -121.217079 56.437516, -121.216553 56.437468, -121.21655 56.43746, -121.216201 56.43732, -121.216091 56.43711, -121.216075 56.437079, -121.216156 56.436796, -121.216303 56.436491, -121.216397 56.436173, -121.216414 56.435846, -121.216403 56.435518, -121.216368 56.435201, -121.216342 56.434898, -121.216343 56.434586, -121.21634 56.434544, -121.216339 56.434529, -121.21628 56.43398, -121.21616 56.43344, -121.21616 56.43332, -121.21615 56.43316, -121.21616 56.4329, -121.21621 56.43264, -121.21639 56.43208, -121.21651 56.43179, -121.21649 56.43155, -121.21638 56.43128, -121.21635 56.4311, -121.21628 56.43074, -121.216276 56.43069, -121.21625 56.430423, -121.21625 56.430421, -121.216246 56.430047, -121.216228 56.429659, -121.21621 56.429287, -121.216204 56.428938, -121.216218 56.428625, -121.216214 56.428311, -121.216211 56.428253, -121.21621 56.42847, -121.21618 56.42769, -121.21622 56.42709, -121.21622 56.42698, -121.21621 56.42682, -121.2162 56.42657, -121.21621 56.42634, -121.21625 56.42612, -121.21629 56.42588, -121.21633 56.42565, -121.21639 56.42542, -121.21652 56.42516, -121.21673 56.42476, -121.21679 56.42455, -121.2169 56.42436, -121.21712 56.42426, -121.21739 56.42423, -121.21765 56.42426, -121.2179 56.42429, -121.21815 56.42422, -121.21834 56.42409, -121.21847 56.42391, -121.21854 56.42367, -121.21856 56.4234, -121.21847 56.42309, -121.21831 56.42277, -121.218294 56.422748, -121.218137 56.422539, -121.21807 56.42245, -121.217848 56.422127, -121.217765 56.421859, -121.217965 56.421641, -121.218396 56.421555, -121.218893 56.421522, -121.219396 56.421492, -121.219888 56.421455, -121.220345 56.421406, -121.22079 56.421357, -121.221243 56.421338, -121.221699 56.421342, -121.22216 56.421367, -121.222654 56.421367, -121.223152 56.421338, -121.223622 56.421284, -121.224038 56.421212, -121.224374 56.421084, -121.224684 56.420928, -121.225113 56.420837, -121.225634 56.420787, -121.226043 56.420674, -121.226203 56.420472, -121.226119 56.420231, -121.22603 56.41997, -121.226037 56.419688, -121.226119 56.419412, -121.226234 56.419176, -121.226307 56.418973, -121.22653 56.418804, -121.226761 56.418719, -121.227017 56.418646, -121.227412 56.418546, -121.227861 56.418462, -121.228212 56.418421, -121.228846 56.418441, -121.229296 56.418412, -121.229744 56.418373, -121.230362 56.418246, -121.23086 56.418019, -121.231229 56.417726, -121.231501 56.417409, -121.231685 56.417084, -121.231797 56.416755, -121.231873 56.416411, -121.231994 56.416043, -121.232118 56.415637, -121.232214 56.415238, -121.232222 56.41486, -121.232177 56.414473, -121.232069 56.414215, -121.23202 56.41409, -121.231855 56.413888, -121.23175 56.41376, -121.231621 56.413664, -121.23135 56.41346, -121.23085 56.41324, -121.23031 56.41309, -121.22968 56.41302, -121.22907 56.41301, -121.22849 56.41303, -121.22785 56.41304, -121.22716 56.41304, -121.22645 56.41305, -121.2258 56.413, -121.22526 56.41289, -121.22483 56.4127, -121.22446 56.41243, -121.224216 56.412195, -121.22419 56.41217, -121.22398 56.41193, -121.22385 56.41167, -121.22365 56.41144, -121.223446 56.411322, -121.22296 56.41104, -121.222793 56.410833, -121.222835 56.410547, -121.222929 56.410239, -121.223039 56.409921, -121.223182 56.409614, -121.223318 56.409325, -121.223431 56.409045, -121.22354 56.408779, -121.223662 56.40855, -121.22384 56.408329, -121.224059 56.408118, -121.224324 56.407912, -121.224603 56.407707, -121.22489 56.407526, -121.225178 56.407386, -121.225458 56.407261, -121.225743 56.407144, -121.226001 56.407005, -121.226227 56.406852, -121.226372 56.406664, -121.226417 56.406411, -121.226457 56.406208, -121.226533 56.406001, -121.226644 56.405797, -121.226806 56.405613, -121.227012 56.405441, -121.227239 56.40526, -121.227515 56.405055, -121.22783 56.404817, -121.228147 56.404556, -121.228437 56.40428, -121.228725 56.404018, -121.228992 56.403761, -121.229232 56.403511, -121.229467 56.403254, -121.229713 56.402988, -121.229997 56.402698, -121.230267 56.402373, -121.230475 56.402043, -121.230607 56.401717, -121.230638 56.401388, -121.230653 56.401127, -121.230691 56.400805, -121.230853 56.400507, -121.231197 56.400255, -121.231639 56.400033, -121.23214 56.399847, -121.232654 56.399691, -121.233182 56.399557, -121.23425 56.399567, -121.234517 56.39942, -121.234806 56.399194, -121.235004 56.398979, -121.235429 56.398815, -121.235846 56.398682, -121.236276 56.398549, -121.236696 56.398458, -121.237142 56.398411, -121.237644 56.398422, -121.238154 56.398483, -121.23865 56.398542, -121.239163 56.398509, -121.23953 56.39834, -121.239515 56.398089, -121.239466 56.397796, -121.239268 56.397485, -121.238967 56.39705, -121.238665 56.396765, -121.238663 56.396763, -121.238525 56.396652, -121.238362 56.396521, -121.23832 56.396464, -121.238193 56.396284, -121.238245 56.396057, -121.238534 56.395853, -121.238911 56.39567, -121.239246 56.395498, -121.239546 56.395309, -121.239815 56.395081, -121.240067 56.394829, -121.240313 56.394528, -121.240539 56.3942, -121.240716 56.393879, -121.240887 56.393548, -121.241081 56.393263, -121.241334 56.393001, -121.241656 56.392752, -121.242023 56.392509, -121.242395 56.392261, -121.242751 56.392016, -121.243048 56.391762, -121.243309 56.391531, -121.243505 56.391314, -121.243638 56.391111, -121.243837 56.390897, -121.244079 56.390664, -121.244377 56.390421, -121.244684 56.390183, -121.244871 56.389941, -121.244957 56.389689, -121.244986 56.389419, -121.244989 56.389147, -121.244995 56.38889, -121.245016 56.388647, -121.245058 56.388419, -121.245069 56.388255, -121.244983 56.387995, -121.244981 56.387992, -121.244953 56.387951, -121.24486 56.38782, -121.24461 56.38759, -121.2443 56.38742, -121.243929 56.387307, -121.24384 56.38728, -121.24346 56.38726, -121.24302 56.38733, -121.24209 56.38762, -121.24156 56.3877, -121.24094 56.38771, -121.2403 56.38765, -121.23967 56.38752, -121.23908 56.38726, -121.23859 56.38697, -121.23807 56.38675, -121.237596 56.386604, -121.23752 56.38658, -121.23702 56.38637, -121.23675 56.386203, -121.2366 56.38611, -121.236535 56.386024, -121.23634 56.38577, -121.236288 56.385465, -121.236281 56.385428, -121.236378 56.385114, -121.236675 56.384873, -121.23717 56.384706, -121.237796 56.38457, -121.238403 56.384404, -121.239003 56.384254, -121.239648 56.384141, -121.240285 56.38402, -121.240888 56.383878, -121.241462 56.383749, -121.242051 56.38369, -121.242661 56.383739, -121.243251 56.383897, -121.24341 56.383943, -121.244084 56.383807, -121.245271 56.383777, -121.246486 56.383809, -121.24767 56.383818, -121.248806 56.3838, -121.249537 56.383793, -121.250248 56.383799, -121.250934 56.383851, -121.251603 56.383966, -121.252232 56.384168, -121.252819 56.384432, -121.253041 56.384539, -121.253114 56.384532, -121.253726 56.384577, -121.25432 56.384712, -121.254897 56.384887, -121.255486 56.38501, -121.256111 56.385069, -121.256768 56.385127, -121.257423 56.38521, -121.257994 56.38536, -121.258413 56.385574, -121.2586 56.38588, -121.25852 56.38624, -121.25824 56.38658, -121.25786 56.38691, -121.2576 56.38717, -121.257689 56.387367, -121.257702 56.387396, -121.258093 56.387521, -121.258568 56.387644, -121.259014 56.387791, -121.259045 56.387801, -121.25909 56.387824, -121.259521 56.388038, -121.259956 56.388359, -121.260066 56.388476, -121.260588 56.389044, -121.260643 56.389104, -121.260772 56.389207, -121.261108 56.389482, -121.26135 56.389688, -121.261593 56.389986, -121.261785 56.390211, -121.26208 56.39057, -121.26232 56.39092, -121.26254 56.39132, -121.262791 56.391673, -121.262813 56.391706, -121.263186 56.392058, -121.263572 56.392366, -121.263954 56.392648, -121.26419 56.392852, -121.264294 56.392941, -121.26438 56.39303, -121.265055 56.393705, -121.265066 56.393715, -121.265142 56.393813, -121.265361 56.394097, -121.265397 56.394224, -121.265461 56.394451, -121.265573 56.394541, -121.265712 56.39465, -121.26615 56.39455, -121.26661 56.39422, -121.26715 56.39395, -121.26781 56.39383, -121.26846 56.3938, -121.2691 56.39381, -121.26977 56.39384, -121.27114 56.39398, -121.27183 56.39395, -121.27245 56.39384, -121.27304 56.39368, -121.2736 56.39354, -121.27382 56.39349, -121.27587 56.39301, -121.27691 56.39267, -121.27747 56.39244, -121.278069 56.392256, -121.27809 56.39225, -121.278087 56.392255, -121.278181 56.392249, -121.278678 56.392352, -121.279076 56.392533, -121.279402 56.392779, -121.279691 56.393064, -121.280147 56.393276, -121.280794 56.393368, -121.280843 56.393383, -121.28085 56.39338, -121.280849 56.393385, -121.281416 56.393553, -121.281932 56.393891, -121.282427 56.394281, -121.28292 56.394673, -121.283378 56.395022, -121.283834 56.395254, -121.28443 56.395237, -121.285109 56.394939, -121.285898 56.394622, -121.286752 56.394414, -121.28758 56.394185, -121.288348 56.393871, -121.289125 56.393519, -121.290113 56.393265, -121.29133 56.39319, -121.292654 56.393198, -121.294003 56.393226, -121.295386 56.393245, -121.296797 56.393249, -121.298223 56.393237, -121.299627 56.393218, -121.301006 56.393197, -121.302388 56.393179, -121.303759 56.39317, -121.305085 56.393176, -121.30638 56.393175, -121.307617 56.393171, -121.308771 56.393163, -121.309886 56.393098, -121.310992 56.393273, -121.311486 56.393779, -121.311886 56.394425, -121.312177 56.395096, -121.312596 56.395737, -121.313013 56.396369, -121.313396 56.396992, -121.313771 56.397589, -121.314122 56.398146, -121.314444 56.398664, -121.314729 56.39912, -121.316352 56.401734, -121.316445 56.401876, -121.31851 56.40505, -121.31855 56.40511, -121.318681 56.405321, -121.318816 56.405531, -121.319057 56.40593, -121.319208 56.406327, -121.319369 56.406633, -121.319412 56.406716, -121.31946 56.406779, -121.319693 56.40709, -121.319943 56.407422, -121.320029 56.407756, -121.319973 56.408105, -121.319651 56.40844, -121.31923 56.408765, -121.318913 56.409093, -121.318904 56.409466, -121.319335 56.410112, -121.319344 56.410125, -121.319493 56.410425, -121.319495 56.410429, -121.31987 56.41104, -121.31995 56.411168, -121.319972 56.411201, -121.319997 56.41123, -121.320201 56.411469, -121.320384 56.411666, -121.320455 56.411743, -121.320714 56.412034, -121.320807 56.412146, -121.320962 56.412334, -121.321069 56.412467, -121.321191 56.41262, -121.321211 56.412637, -121.3215 56.412889, -121.321862 56.413127, -121.322242 56.413354, -121.322466 56.413458, -121.322688 56.41356, -121.32319 56.413742, -121.323233 56.413755, -121.323735 56.413909, -121.32431 56.414048, -121.324692 56.414116, -121.324715 56.41412, -121.324757 56.414126, -121.32512 56.414175, -121.325527 56.414227, -121.32614 56.414272, -121.326505 56.414281, -121.326828 56.414305, -121.327129 56.414365, -121.327422 56.414448, -121.327831 56.41455, -121.328291 56.414484, -121.328644 56.414451, -121.329059 56.414317, -121.329447 56.414082, -121.329756 56.413786, -121.330178 56.413498, -121.330783 56.413246, -121.331462 56.413084, -121.332208 56.41298, -121.333022 56.412968, -121.333816 56.412995, -121.334606 56.412995, -121.335378 56.412964, -121.336093 56.412917, -121.336748 56.412917, -121.337203 56.413028, -121.337339 56.413061, -121.337487 56.413164, -121.33772 56.41332, -121.33781 56.41364, -121.337808 56.413642, -121.33759 56.41397, -121.33711 56.41421, -121.33642 56.41436, -121.3356 56.41442, -121.33384 56.41445, -121.33305 56.41459, -121.33239 56.41483, -121.33175 56.41504, -121.33105 56.41519, -121.3303 56.41529, -121.32968 56.41545, -121.32905 56.41557, -121.328707 56.415653, -121.328241 56.415765, -121.32785 56.41586, -121.32609 56.41614, -121.32569 56.41634, -121.32526 56.41655, -121.32492 56.4168, -121.32445 56.41696, -121.323354 56.41742, -121.322981 56.417576, -121.32278 56.41766, -121.32249 56.41784, -121.32217 56.41801, -121.32209 56.41805, -121.32172 56.41824, -121.32157 56.41832, -121.32119 56.41842, -121.32067 56.41841, -121.32012 56.41825, -121.31995 56.41816, -121.31963 56.41799, -121.31917 56.41774, -121.31867 56.41759, -121.31816 56.41756, -121.31766 56.41759, -121.31717 56.41769, -121.31618 56.41795, -121.3157 56.41813, -121.31531 56.41839, -121.31506 56.41872, -121.31494 56.41908, -121.31477 56.41944, -121.31452 56.4198, -121.3142 56.42016, -121.313964 56.420471, -121.313288 56.421364, -121.31314 56.42156, -121.31308 56.42189, -121.31336 56.42216, -121.313361 56.42216, -121.31397 56.42235, -121.31477 56.4225, -121.31565 56.42262, -121.31652 56.4226, -121.31725 56.42239, -121.31765 56.4221, -121.31768 56.42172, -121.3176 56.42135, -121.31776 56.42103, -121.31824 56.42083, -121.31895 56.42086, -121.31965 56.42104, -121.32022 56.4213, -121.320632 56.421494, -121.320756 56.421551, -121.321058 56.421638, -121.32132 56.421714, -121.321885 56.421837, -121.322398 56.422007, -121.322865 56.422236, -121.323307 56.422509, -121.323612 56.422845, -121.32376 56.4232, -121.32371 56.42354, -121.3234 56.42382, -121.32285 56.42406, -121.32225 56.42423, -121.3216 56.4244, -121.32164 56.42461, -121.32159 56.42494, -121.321802 56.425109, -121.321931 56.425211, -121.321967 56.425248, -121.322195 56.425483, -121.322312 56.42578, -121.322313 56.425784, -121.322871 56.425867, -121.322896 56.425871, -121.323008 56.425939, -121.323251 56.426087, -121.32355 56.42627, -121.323637 56.426323, -121.323742 56.42639, -121.324054 56.426587, -121.324403 56.426818, -121.324915 56.426912, -121.325446 56.426833, -121.325774 56.426557, -121.325856 56.426215, -121.32586 56.425866, -121.326038 56.425511, -121.326404 56.425284, -121.326933 56.425165, -121.32753 56.425167, -121.328031 56.425281, -121.328361 56.425502, -121.328365 56.425504, -121.328542 56.42579, -121.328806 56.426043, -121.328954 56.426201, -121.329051 56.426304, -121.32915 56.426591, -121.329151 56.426594, -121.329085 56.426923, -121.32892 56.42727, -121.328676 56.427632, -121.328331 56.427985, -121.327985 56.428329, -121.327698 56.428662, -121.327593 56.42899, -121.327795 56.429292, -121.32827 56.42949, -121.32886 56.42953, -121.32951 56.42944, -121.33013 56.42929, -121.33074 56.4291, -121.33116 56.42903, -121.33175 56.42909, -121.331751 56.42909, -121.3321 56.4293, -121.33214 56.42949, -121.33201 56.42968, -121.33166 56.42992, -121.33061 56.43027, -121.33032 56.43053, -121.330378 56.430679, -121.33043 56.430819, -121.330544 56.431002, -121.33059 56.43108, -121.33048 56.43134, -121.33012 56.43156, -121.32909 56.43182, -121.32874 56.43206, -121.32886 56.43234, -121.328863 56.432342, -121.32919 56.43259, -121.329266 56.432728, -121.329356 56.432884, -121.329447 56.433161, -121.329377 56.433432, -121.329125 56.43368, -121.328922 56.43392, -121.328757 56.434175, -121.328425 56.43441, -121.327926 56.434587, -121.32732 56.434688, -121.326726 56.434708, -121.326196 56.434638, -121.325711 56.434462, -121.325269 56.434196, -121.325265 56.434193, -121.324889 56.433884, -121.324458 56.433622, -121.324233 56.433556, -121.32394 56.43347, -121.32338 56.43344, -121.32276 56.43339, -121.322688 56.433376, -121.321425 56.433133, -121.32141 56.43313, -121.32075 56.43318, -121.320604 56.43322, -121.319248 56.433592, -121.319 56.43366, -121.31848 56.43387, -121.31801 56.43409, -121.31752 56.43432, -121.31699 56.43457, -121.31647 56.43479, -121.31589 56.43494, -121.31521 56.435, -121.31447 56.43501, -121.313939 56.43499, -121.313385 56.434969, -121.312874 56.434953, -121.312635 56.434956, -121.31155 56.434983, -121.311262 56.434994, -121.310498 56.43506, -121.309791 56.435177, -121.309234 56.435363, -121.308883 56.435625, -121.308852 56.435649, -121.308528 56.435919, -121.308183 56.436161, -121.307789 56.436342, -121.30733 56.436469, -121.306851 56.436565, -121.306335 56.436699, -121.305932 56.436852, -121.305701 56.436947, -121.305309 56.437115, -121.30475 56.437308, -121.304163 56.437439, -121.303555 56.437475, -121.302947 56.437419, -121.302347 56.437316, -121.301712 56.437184, -121.301092 56.437004, -121.30058 56.436757, -121.300575 56.436753, -121.300492 56.436664, -121.30027 56.436429, -121.300251 56.436302, -121.30021 56.43604, -121.30036 56.43566, -121.30042 56.43556, -121.30084 56.43489, -121.30101 56.43452, -121.30104 56.43416, -121.30085 56.43384, -121.300832 56.433828, -121.3005 56.4336, -121.30016 56.433439, -121.3001 56.43341, -121.300047 56.43338, -121.29974 56.433216, -121.299387 56.433007, -121.299244 56.432904, -121.29904 56.43276, -121.298843 56.432617, -121.29868 56.4325, -121.298349 56.432208, -121.29834 56.4322, -121.29817 56.43185, -121.29812 56.43146, -121.298177 56.431337, -121.297903 56.431361, -121.297207 56.43137, -121.296629 56.431463, -121.296309 56.431677, -121.296314 56.431964, -121.296348 56.432001, -121.296565 56.432237, -121.296896 56.432486, -121.297287 56.432832, -121.29688 56.43307, -121.29649 56.43336, -121.29599 56.43362, -121.29547 56.43388, -121.295 56.43409, -121.29498 56.4341, -121.29446 56.43424, -121.29391 56.43427, -121.293354 56.4342, -121.29335 56.4342, -121.293245 56.43414, -121.292916 56.433958, -121.292278 56.433755, -121.292271 56.43375, -121.292244 56.433732, -121.291757 56.433398, -121.291198 56.433055, -121.290565 56.432788, -121.289872 56.432675, -121.289205 56.43268, -121.288579 56.43274, -121.287982 56.432839, -121.287408 56.43299, -121.286885 56.433218, -121.286342 56.433478, -121.285819 56.433791, -121.285419 56.434166, -121.285119 56.434532, -121.284786 56.434836, -121.28431 56.435082, -121.283627 56.435269, -121.282823 56.435408, -121.281997 56.435542, -121.281176 56.435613, -121.280349 56.435585, -121.279512 56.435453, -121.278678 56.435239, -121.277895 56.434979, -121.277267 56.434685, -121.277263 56.434681, -121.277074 56.434503, -121.276865 56.434305, -121.27686 56.4343, -121.2767 56.43387, -121.27667 56.43341, -121.2767 56.432921, -121.276685 56.432867, -121.27657 56.43246, -121.27633 56.43223, -121.276203 56.43216, -121.27602 56.43206, -121.27551 56.43191, -121.2751 56.4319, -121.274793 56.431945, -121.274124 56.432042, -121.27407 56.43205, -121.27362 56.43223, -121.27346 56.43252, -121.27356 56.43284, -121.27357 56.43314, -121.2732 56.43342, -121.27253 56.43363, -121.272089 56.433751, -121.27169 56.433815, -121.271318 56.433763, -121.27104 56.43366, -121.27086 56.43352, -121.27072 56.43335, -121.270572 56.43321, -121.27055 56.43319, -121.27031 56.4331, -121.27005 56.43305, -121.26974 56.43307, -121.26942 56.43314, -121.26925 56.43328, -121.26931 56.43347, -121.269316 56.433477, -121.26946 56.43365, -121.26956 56.43383, -121.26956 56.433832, -121.26956 56.43384, -121.26965 56.43401, -121.269652 56.434013, -121.26979 56.43421, -121.26979 56.434211, -121.26988 56.43441, -121.26986 56.43461, -121.26974 56.43481, -121.26946 56.43491, -121.26913 56.4349, -121.269128 56.434899, -121.26888 56.43479, -121.268733 56.434635, -121.268713 56.434613, -121.26871 56.43461, -121.26855 56.43441, -121.268485 56.434329, -121.268381 56.434205, -121.26824 56.434009, -121.268211 56.433938, -121.26815 56.43381, -121.268081 56.433603, -121.267897 56.433448, -121.267604 56.433401, -121.267341 56.433466, -121.267096 56.433585, -121.266906 56.433738, -121.266715 56.433906, -121.266454 56.434037, -121.266138 56.434079, -121.265805 56.434042, -121.265449 56.434012, -121.265038 56.434071, -121.264627 56.434143, -121.264275 56.434187, -121.264006 56.434128, -121.263938 56.434058, -121.26385 56.43397, -121.26379 56.43381, -121.26381 56.43364, -121.26384 56.43347, -121.26389 56.43332, -121.26396 56.43316, -121.26402 56.433, -121.2641 56.43285, -121.26432 56.43255, -121.26441 56.43239, -121.26447 56.43215, -121.26452 56.43176, -121.26452 56.4317, -121.264519 56.431659, -121.264513 56.431566, -121.264517 56.431531, -121.264512 56.4313, -121.264487 56.431087, -121.26448 56.431081, -121.264299 56.430938, -121.263921 56.430866, -121.263461 56.430798, -121.263035 56.430707, -121.26264 56.430562, -121.26227 56.430338, -121.261966 56.430104, -121.261845 56.430011, -121.260542 56.429019, -121.258885 56.427758, -121.258575 56.427549, -121.258317 56.427376, -121.258171 56.427276, -121.25806 56.4272, -121.25785 56.42698, -121.25755 56.42647, -121.257372 56.426315, -121.25732 56.42627, -121.25693 56.42619, -121.25614 56.42628, -121.25577 56.42625, -121.25538 56.42615, -121.25521 56.42608, -121.255122 56.426044, -121.25433 56.42572, -121.254298 56.425712, -121.25402 56.42564, -121.253788 56.425625, -121.253598 56.425612, -121.25327 56.42559, -121.25286 56.42565, -121.25252 56.42579, -121.25228 56.42598, -121.25215 56.42621, -121.25213 56.42646, -121.252132 56.426463, -121.252175 56.426525, -121.25228 56.42668, -121.252472 56.426822, -121.252511 56.426852, -121.252781 56.426991, -121.25301 56.427137, -121.2533 56.427259, -121.253572 56.427365, -121.253621 56.427409, -121.25375 56.42753, -121.25378 56.42774, -121.253644 56.428089, -121.253435 56.428628, -121.253413 56.428697, -121.253306 56.428849, -121.253126 56.428963, -121.252789 56.429046, -121.252553 56.42905, -121.252184 56.42897, -121.251907 56.428814, -121.251906 56.428813, -121.251745 56.428673, -121.251612 56.428517, -121.251449 56.428311, -121.251265 56.428237, -121.2512 56.428211, -121.250816 56.428237, -121.250359 56.428261, -121.249908 56.428281, -121.249487 56.428359, -121.249134 56.428478, -121.248856 56.428644, -121.248625 56.428837, -121.248342 56.429005, -121.247973 56.429112, -121.247514 56.429112, -121.24709 56.428977, -121.246762 56.42879, -121.246383 56.428628, -121.245948 56.428547, -121.245735 56.42855, -121.245366 56.428569, -121.24515 56.42858, -121.2447 56.42853, -121.244551 56.428492, -121.244234 56.428411, -121.243701 56.428338, -121.243216 56.428351, -121.242736 56.428417, -121.242163 56.428316, -121.24177 56.428301, -121.240847 56.428279, -121.240446 56.428279, -121.240046 56.428364, -121.239816 56.428575, -121.239848 56.428815, -121.239955 56.428907, -121.24009 56.429023, -121.240434 56.42922, -121.240761 56.429416, -121.241113 56.429582, -121.241505 56.429714, -121.241923 56.429875, -121.242378 56.430085, -121.24264 56.43021, -121.24285 56.43031, -121.242899 56.43033, -121.243302 56.430499, -121.243752 56.430613, -121.244016 56.430685, -121.24415 56.430721, -121.244495 56.43086, -121.244662 56.430962, -121.244814 56.431055, -121.245045 56.43133, -121.245111 56.431416, -121.245258 56.431609, -121.245257 56.432096, -121.245271 56.432111, -121.245512 56.432359, -121.245801 56.432539, -121.246137 56.432706, -121.246543 56.432831, -121.24692 56.432874, -121.247409 56.432871, -121.24793 56.432861, -121.248435 56.432829, -121.248937 56.43279, -121.249461 56.43275, -121.249972 56.432712, -121.250439 56.432658, -121.250934 56.432621, -121.251432 56.432581, -121.251894 56.432484, -121.252334 56.432365, -121.252777 56.432154, -121.253208 56.431995, -121.253576 56.431817, -121.253829 56.431572, -121.254095 56.431335, -121.254359 56.43111, -121.254668 56.430908, -121.255073 56.430742, -121.255509 56.430584, -121.255947 56.430428, -121.256344 56.430277, -121.256698 56.430134, -121.257017 56.429981, -121.257402 56.429897, -121.257829 56.429881, -121.258254 56.429932, -121.25864 56.430128, -121.258912 56.430392, -121.259247 56.430638, -121.259651 56.430836, -121.260681 56.430902, -121.261362 56.430946, -121.26138 56.43091, -121.261424 56.430945, -121.261431 56.43095, -121.261424 56.43095, -121.26137 56.43095, -121.261337 56.43101, -121.261326 56.431282, -121.260957 56.431598, -121.260639 56.431787, -121.260396 56.431876, -121.260101 56.431996, -121.259873 56.4321, -121.259528 56.43222, -121.259463 56.432244, -121.259067 56.432409, -121.258565 56.432601, -121.258047 56.432795, -121.257565 56.432975, -121.257116 56.433133, -121.256683 56.433275, -121.256245 56.433422, -121.255799 56.433563, -121.255403 56.433716, -121.255158 56.433903, -121.255169 56.434132, -121.25517 56.434147, -121.255383 56.434377, -121.255678 56.434549, -121.255989 56.434677, -121.256284 56.434802, -121.256594 56.434929, -121.256861 56.435094, -121.256926 56.435287, -121.256939 56.435331, -121.25675 56.43556, -121.2565 56.43572, -121.2564 56.43593, -121.25658 56.436143, -121.256621 56.436193, -121.256953 56.436446, -121.257019 56.436496, -121.257228 56.436671, -121.257431 56.436842, -121.25751 56.436981, -121.25765 56.437234, -121.25765 56.43764, -121.25751 56.4384, -121.25748 56.43879, -121.2575 56.43919, -121.25752 56.43964, -121.25735 56.44006, -121.25709 56.44044, -121.25672 56.44081, -121.25628 56.44108, -121.25585 56.44118, -121.25572 56.44116, -121.255627 56.441078, -121.25547 56.44094, -121.255367 56.440772, -121.25528 56.44063, -121.25495 56.44034, -121.25478 56.44014, -121.25467 56.44001, -121.25465 56.43997, -121.25452 56.43964, -121.254401 56.439292, -121.254323 56.439206, -121.254161 56.439031, -121.253993 56.438981, -121.253754 56.438911, -121.253481 56.438929, -121.253102 56.43903, -121.252848 56.439098, -121.252586 56.439141, -121.252172 56.439103, -121.251731 56.438979, -121.251413 56.438912, -121.250966 56.438921, -121.250495 56.439055, -121.249947 56.439209, -121.249355 56.439292, -121.248826 56.439309, -121.248335 56.439279, -121.247831 56.43919, -121.247735 56.439167, -121.24733 56.43907, -121.247265 56.43905, -121.24688 56.43893, -121.246419 56.438813, -121.246418 56.438813, -121.24591 56.438685, -121.24569 56.438633, -121.245122 56.43851, -121.24489 56.43846, -121.24442 56.43847, -121.24409 56.43863, -121.24397 56.43892, -121.24389 56.43929, -121.24385 56.43951, -121.24385 56.43979, -121.243891 56.440019, -121.2439 56.440077, -121.243907 56.440111, -121.24395 56.44036, -121.24398 56.44066, -121.24399 56.44081, -121.244 56.44098, -121.24405 56.44129, -121.244088 56.441395, -121.244152 56.441594, -121.24423 56.44178, -121.24427 56.44189, -121.24444 56.4422, -121.24458 56.44251, -121.24453 56.4428, -121.24444 56.44313, -121.244007 56.443617, -121.243767 56.443887, -121.243642 56.444033, -121.243474 56.44435, -121.243435 56.444655, -121.24342 56.444941, -121.243374 56.445227, -121.243299 56.445526, -121.243221 56.445831, -121.243192 56.446142, -121.243149 56.446265, -121.243094 56.446319, -121.242635 56.446326, -121.242201 56.446385, -121.241797 56.446442, -121.241573 56.446487, -121.241195 56.446568, -121.240952 56.446624, -121.240546 56.446767, -121.24016 56.446924, -121.239729 56.447078, -121.239329 56.447205, -121.238933 56.447311, -121.238857 56.447328, -121.238526 56.4474, -121.238073 56.447476, -121.237573 56.447537, -121.237054 56.447568, -121.236551 56.447574, -121.2361 56.447558, -121.235673 56.447505, -121.235267 56.447417, -121.234863 56.447299, -121.234679 56.447246, -121.233835 56.447042, -121.23366 56.447))"
18,2023-06-23 10:31:00,2023062001,2023,553947.5,Derived from satellite imagery,1687244400000,1687307066000,Fire of Note,JA70003000,5539475384.4909,961861.674,69,8f1e762d-fffb-4aa1-8e5b-d591cece7e70,19142214103.5703,1789493.15922565,https://wildfiresituation.nrs.gov.bc.ca/incidents?fireYear=2023&incidentNumber=G80280,"POLYGON ((-121.164399 57.24997, -121.165298 57.249949, -121.166217 57.249986, -121.167176 57.249967, -121.168168 57.249887, -121.169182 57.249763, -121.170229 57.249608, -121.171286 57.249422, -121.172328 57.249171, -121.173326 57.248838, -121.174256 57.248435, -121.17506 57.24797, -121.175742 57.247464, -121.176406 57.246965, -121.177142 57.246514, -121.177983 57.246147, -121.178905 57.245921, -121.179841 57.245887, -121.180718 57.246058, -121.181512 57.246356, -121.182291 57.246713, -121.183084 57.247095, -121.183918 57.247481, -121.184793 57.247878, -121.185715 57.248276, -121.186698 57.248662, -121.1877 57.249037, -121.188678 57.249423, -121.189627 57.249828, -121.190595 57.250245, -121.191548 57.250684, -121.192382 57.251189, -121.193002 57.251778, -121.193412 57.252422, -121.193613 57.253095, -121.1936 57.253774, -121.193524 57.254454, -121.193485 57.25514, -121.193483 57.255285, -121.193476 57.255836, -121.193522 57.256533, -121.193685 57.257225, -121.193769 57.257425, -121.193967 57.257894, -121.194261 57.258546, -121.19455 57.259205, -121.194855 57.259868, -121.195121 57.260541, -121.195359 57.261216, -121.19558 57.261897, -121.195762 57.262576, -121.195894 57.263248, -121.195909 57.26392, -121.195835 57.264582, -121.195756 57.265254, -121.195758 57.265763, -121.195758 57.265937, -121.195966 57.266612, -121.19638 57.267269, -121.197001 57.267896, -121.197837 57.268463, -121.198857 57.26894, -121.199397 57.269124, -121.199985 57.269325, -121.201787 57.269749, -121.202933 57.270051, -121.203865 57.270478, -121.204488 57.27101, -121.204861 57.271586, -121.205153 57.272161, -121.205639 57.272661, -121.206414 57.273025, -121.207388 57.273203, -121.208406 57.273157, -121.209311 57.272909, -121.209998 57.272498, -121.210352 57.271964, -121.210368 57.271375, -121.210217 57.270783, -121.210089 57.270182, -121.210175 57.269588, -121.210611 57.269064, -121.211344 57.268659, -121.212234 57.268362, -121.213173 57.268129, -121.214116 57.26788, -121.214996 57.267543, -121.21575 57.267108, -121.216408 57.266602, -121.216989 57.266052, -121.217487 57.265466, -121.217822 57.264821, -121.217911 57.264133, -121.217815 57.263434, -121.217619 57.262721, -121.217454 57.261994, -121.217351 57.261258, -121.217341 57.260522, -121.217295 57.259787, -121.217146 57.259048, -121.216925 57.258319, -121.216637 57.257613, -121.216289 57.256939, -121.215999 57.256285, -121.215774 57.255636, -121.215462 57.254997, -121.215046 57.25437, -121.21455 57.253751, -121.214045 57.253145, -121.213493 57.252549, -121.212898 57.251967, -121.21228 57.251397, -121.21164 57.250843, -121.210973 57.250331, -121.210342 57.249856, -121.20976 57.249385, -121.209249 57.248907, -121.20881 57.248418, -121.208469 57.247906, -121.208227 57.247375, -121.208112 57.246821, -121.208127 57.246262, -121.208256 57.245694, -121.208478 57.245127, -121.208747 57.244569, -121.20908 57.244028, -121.20947 57.243506, -121.210075 57.242707, -121.210669 57.241893, -121.211455 57.241198, -121.212609 57.240823, -121.213941 57.240877, -121.215109 57.241294, -121.216111 57.241902, -121.216792 57.242332, -121.217575 57.242739, -121.218423 57.243132, -121.219267 57.243536, -121.220035 57.243967, -121.220675 57.244454, -121.221208 57.244971, -121.221676 57.245512, -121.222091 57.246062, -121.222452 57.246654, -121.222777 57.247265, -121.223104 57.247873, -121.223468 57.248476, -121.223983 57.249063, -121.224589 57.249598, -121.225237 57.250134, -121.225937 57.250658, -121.226745 57.25117, -121.227675 57.251604, -121.228389 57.251862, -121.232535 57.252013, -121.234287 57.25172, -121.235725 57.250774, -121.235937 57.25014, -121.233408 57.248193, -121.231527 57.246341, -121.232239 57.244869, -121.234108 57.242583, -121.234443 57.240955, -121.234568 57.238891, -121.235918 57.237585, -121.238678 57.236615, -121.240064 57.235025, -121.240119 57.232459, -121.240752 57.230557, -121.238409 57.228189, -121.238903 57.225282, -121.239763 57.223673, -121.24163 57.221387, -121.243043 57.218514, -121.24399 57.216195, -121.245 57.213378, -121.246542 57.21158, -121.249807 57.210771, -121.251986 57.211278, -121.25342 57.212472, -121.254154 57.213996, -121.253714 57.216477, -121.252652 57.219719, -121.251784 57.2214, -121.252884 57.224221, -121.254992 57.226367, -121.255604 57.227815, -121.256592 57.22942, -121.262194 57.23105, -121.268156 57.23145, -121.268397 57.231425, -121.269536 57.231415, -121.269757 57.231427, -121.270668 57.231475, -121.271799 57.231558, -121.27294 57.231635, -121.274097 57.231706, -121.275246 57.231739, -121.276395 57.231703, -121.277542 57.231618, -121.278658 57.23149, -121.279741 57.231335, -121.280825 57.23119, -121.281928 57.231092, -121.283036 57.231028, -121.284169 57.231003, -121.28532 57.231012, -121.286479 57.231037, -121.287649 57.231058, -121.288815 57.231087, -121.289995 57.231125, -121.291178 57.231179, -121.294218 57.231534, -121.304381 57.232721, -121.311735 57.231263, -121.316741 57.228277, -121.321667 57.22487, -121.326623 57.222122, -121.330363 57.220775, -121.333457 57.217467, -121.336807 57.214346, -121.343056 57.210894, -121.348087 57.207955, -121.354146 57.204394, -121.353836 57.203724, -121.352544 57.200928, -121.354629 57.197443, -121.361075 57.193618, -121.361281 57.193495, -121.361928 57.193364, -121.364917 57.192757, -121.374815 57.191312, -121.383076 57.190007, -121.395073 57.188346, -121.399001 57.188302, -121.401643 57.188272, -121.404539 57.18824, -121.410808 57.188408, -121.412494 57.188453, -121.416479 57.187314, -121.417684 57.186556, -121.422553 57.183492, -121.426207 57.181289, -121.428178 57.1801, -121.43386 57.177455, -121.440598 57.175286, -121.441519 57.174625, -121.445046 57.172094, -121.445397 57.172171, -121.450473 57.173294, -121.452686 57.176387, -121.456832 57.179047, -121.457058 57.179192, -121.457055 57.179749, -121.457043 57.182492, -121.457042 57.182677, -121.456082 57.184641, -121.455059 57.186731, -121.455729 57.189054, -121.457469 57.191594, -121.459618 57.193844, -121.461187 57.197975, -121.458963 57.202212, -121.457887 57.203314, -121.454854 57.20642, -121.450347 57.211561, -121.444865 57.217489, -121.441626 57.220902, -121.44083 57.22174, -121.440947 57.222505, -121.441486 57.226028, -121.441561 57.226518, -121.441781 57.226656, -121.446397 57.23236, -121.447718 57.23285, -121.453032 57.234821, -121.459583 57.236612, -121.464813 57.239182, -121.463723 57.242756, -121.459061 57.247188, -121.455226 57.250504, -121.456537 57.252785, -121.461003 57.254128, -121.463969 57.25733, -121.466882 57.261256, -121.46774 57.264631, -121.467398 57.264794, -121.466353 57.265141, -121.465278 57.265472, -121.464176 57.265793, -121.46302 57.2661, -121.461864 57.266369, -121.461392 57.266442, -121.460661 57.266555, -121.459461 57.266577, -121.458394 57.266366, -121.457451 57.266057, -121.456466 57.265763, -121.455371 57.265578, -121.454808 57.265533, -121.454195 57.265485, -121.45296 57.26543, -121.451711 57.265435, -121.45046 57.265474, -121.44934 57.265642, -121.448484 57.265977, -121.447762 57.266406, -121.447112 57.2669, -121.446566 57.267429, -121.446084 57.267993, -121.445643 57.268558, -121.445079 57.269069, -121.444315 57.269394, -121.443476 57.269527, -121.442568 57.269624, -121.44164 57.269741, -121.440707 57.269945, -121.439738 57.270176, -121.438657 57.270354, -121.437571 57.270341, -121.436587 57.270165, -121.435669 57.269903, -121.434758 57.269577, -121.433902 57.269198, -121.433087 57.268751, -121.432213 57.268341, -121.431225 57.26807, -121.430135 57.267994, -121.429029 57.268036, -121.42786 57.268083, -121.426661 57.268021, -121.425461 57.26784, -121.424351 57.267516, -121.423367 57.267071, -121.422609 57.266506, -121.421876 57.265954, -121.421023 57.265561, -121.420079 57.265434, -121.419394 57.265593, -121.419061 57.265936, -121.418885 57.266374, -121.418722 57.266847, -121.41875 57.267385, -121.419128 57.267898, -121.41981 57.268359, -121.421255 57.268815, -121.422398 57.269038, -121.423521 57.269301, -121.424463 57.269672, -121.425092 57.270141, -121.425452 57.270636, -121.425751 57.271131, -121.42615 57.271611, -121.426723 57.272074, -121.426915 57.272206, -121.427189 57.272394, -121.427389 57.272531, -121.428165 57.272981, -121.428858 57.273457, -121.429297 57.273979, -121.429446 57.274528, -121.429242 57.275058, -121.428789 57.275541, -121.428152 57.275978, -121.427385 57.276352, -121.42604 57.276808, -121.424661 57.277219, -121.423194 57.277667, -121.421826 57.278192, -121.420821 57.278906, -121.420335 57.279758, -121.420211 57.280352, -121.420441 57.281186, -121.421362 57.281809, -121.422262 57.28203, -121.42323 57.282221, -121.424102 57.282494, -121.424865 57.282883, -121.425723 57.283628, -121.426155 57.284475, -121.426193 57.285044, -121.426049 57.285928, -121.425973 57.286509, -121.42597 57.286532, -121.425968 57.287151, -121.426028 57.287767, -121.426219 57.2887, -121.426478 57.28961, -121.426585 57.290238, -121.426412 57.291148, -121.425989 57.291707, -121.424877 57.292436, -121.424016 57.29287, -121.42308 57.293274, -121.421492 57.29382, -121.41972 57.294244, -121.417799 57.294576, -121.416499 57.294789, -121.415218 57.295041, -121.413398 57.295531, -121.41174 57.296202, -121.410328 57.296979, -121.409498 57.297557, -121.408553 57.298285, -121.408344 57.298445, -121.407311 57.299362, -121.406692 57.299989, -121.406071 57.300617, -121.405499 57.301247, -121.404694 57.302195, -121.404197 57.302839, -121.403517 57.303783, -121.403248 57.304448, -121.403408 57.30544, -121.40375 57.306088, -121.404164 57.307078, -121.404331 57.307754, -121.404403 57.308799, -121.404334 57.3095, -121.404131 57.310194, -121.403651 57.311226, -121.403083 57.312215, -121.402532 57.31322, -121.402211 57.313875, -121.401783 57.314854, -121.401406 57.31585, -121.401166 57.316532, -121.400757 57.317573, -121.400487 57.318263, -121.400043 57.31931, -121.399744 57.320014, -121.399207 57.321051, -121.398738 57.321696, -121.397782 57.322599, -121.396977 57.32314, -121.396076 57.323618, -121.395047 57.324034, -121.393461 57.3246, -121.392707 57.325021, -121.392612 57.325074, -121.392078 57.325642, -121.391871 57.326248, -121.39205 57.327161, -121.392683 57.328048, -121.393335 57.328591, -121.39415 57.329078, -121.395616 57.329712, -121.396687 57.330116, -121.398191 57.330777, -121.399031 57.331261, -121.39964 57.331802, -121.40005 57.332664, -121.399989 57.333238, -121.399734 57.333785, -121.399229 57.33458, -121.398983 57.335446, -121.399015 57.33635, -121.399177 57.336958, -121.3996 57.337835, -121.399979 57.338425, -121.40051 57.339318, -121.400969 57.340247, -121.401348 57.341198, -121.401557 57.34185, -121.40183 57.342849, -121.401943 57.343543, -121.401949 57.344602, -121.401814 57.345319, -121.401547 57.34602, -121.401458 57.346195, -121.401003 57.347082, -121.400569 57.347778, -121.399815 57.348812, -121.398988 57.349855, -121.398164 57.350881, -121.397367 57.351881, -121.396544 57.352859, -121.395727 57.353833, -121.395218 57.35447, -121.394694 57.355109, -121.393837 57.356037, -121.392922 57.356959, -121.392234 57.35758, -121.391466 57.358151, -121.390361 57.359009, -121.389884 57.359634, -121.38983 57.360593, -121.390282 57.36116, -121.391587 57.361793, -121.393401 57.362016, -121.395489 57.361713, -121.396846 57.361307, -121.398858 57.360843, -121.400189 57.360739, -121.40218 57.36051, -121.403952 57.359852, -121.405135 57.358841, -121.405623 57.358079, -121.406531 57.356946, -121.407985 57.35599, -121.409194 57.355502, -121.41116 57.354933, -121.41315 57.354349, -121.415087 57.353671, -121.417068 57.352953, -121.419071 57.35219, -121.42037 57.351624, -121.421581 57.351023, -121.423209 57.350016, -121.424115 57.34925, -121.424762 57.348414, -121.425046 57.347102, -121.424776 57.346264, -121.423884 57.345092, -121.423245 57.344293, -121.422639 57.343471, -121.42184 57.342211, -121.421316 57.340892, -121.42122 57.339983, -121.421458 57.338628, -121.421725 57.337718, -121.422058 57.33634, -121.422168 57.335413, -121.422009 57.334034, -121.421344 57.332738, -121.420705 57.331905, -121.419882 57.330605, -121.419744 57.329222, -121.420385 57.327918, -121.421247 57.327179, -121.422317 57.326578, -121.423233 57.326091, -121.423412 57.325996, -121.4246 57.324936, -121.425042 57.323673, -121.424999 57.322812, -121.424743 57.321481, -121.424332 57.320105, -121.424038 57.319178, -121.423789 57.318229, -121.423801 57.316778, -121.424148 57.315847, -121.425179 57.314543, -121.426744 57.313403, -121.428013 57.31278, -121.430055 57.31198, -121.432118 57.311198, -121.433486 57.310642, -121.435378 57.309686, -121.436791 57.308525, -121.437232 57.307632, -121.437191 57.307329, -121.437112 57.306751, -121.436259 57.305512, -121.435143 57.304303, -121.434551 57.303447, -121.434459 57.302588, -121.435284 57.301471, -121.43625 57.300927, -121.43737 57.300545, -121.439251 57.30016, -121.440575 57.30007, -121.441899 57.300043, -121.443786 57.299734, -121.444813 57.299245, -121.44554 57.298609, -121.446311 57.297965, -121.44777 57.297074, -121.448864 57.296525, -121.449976 57.295982, -121.451087 57.295424, -121.452151 57.294819, -121.453546 57.29377, -121.454321 57.292986, -121.455384 57.29176, -121.456137 57.290936, -121.457353 57.289756, -121.458265 57.289038, -121.458739 57.288755, -121.459872 57.288077, -121.460737 57.287719, -121.466826 57.28793, -121.46693 57.287973, -121.468318 57.288563, -121.47013 57.288857, -121.471413 57.288719, -121.472535 57.288335, -121.472917 57.28814, -121.473538 57.287823, -121.474552 57.287332, -121.476247 57.286707, -121.478089 57.286396, -121.479367 57.286339, -121.481091 57.286567, -121.481996 57.286911, -121.483025 57.28759, -121.484104 57.288292, -121.48476 57.288549, -121.485564 57.288864, -121.486747 57.289062, -121.488745 57.289035, -121.490131 57.288859, -121.490617 57.288751, -121.492251 57.288387, -121.493678 57.287977, -121.494429 57.287764, -121.49586 57.28736, -121.49813 57.286873, -121.499644 57.286625, -121.501116 57.286433, -121.502567 57.286273, -121.504731 57.286077, -121.506856 57.285971, -121.508252 57.286014, -121.510236 57.286217, -121.512346 57.286233, -121.514593 57.285999, -121.516855 57.285666, -121.518316 57.285442, -121.520522 57.285087, -121.522685 57.284818, -121.524733 57.284896, -121.526684 57.285166, -121.528803 57.285118, -121.5302 57.284857, -121.531584 57.284476, -121.533716 57.283933, -121.535957 57.283584, -121.538055 57.283643, -121.539132 57.283944, -121.539815 57.2844, -121.540229 57.285168, -121.540159 57.285924, -121.539933 57.286424, -121.540006 57.287167, -121.541076 57.287732, -121.542899 57.287795, -121.544868 57.287536, -121.546911 57.287477, -121.548147 57.287689, -121.549626 57.288294, -121.550277 57.288819, -121.551208 57.289655, -121.551324 57.28971, -121.552598 57.290311, -121.553737 57.290642, -121.554765 57.290944, -121.554866 57.290974, -121.556358 57.291619, -121.557223 57.292126, -121.558103 57.292636, -121.559666 57.293249, -121.561535 57.293498, -121.563442 57.293351, -121.565387 57.292986, -121.567443 57.292663, -121.569519 57.292418, -121.570871 57.292134, -121.571988 57.291528, -121.572358 57.291327, -121.57295 57.290634, -121.573102 57.290448, -121.573541 57.289909, -121.574937 57.289039, -121.576765 57.288583, -121.578734 57.288429, -121.580102 57.288367, -121.582208 57.288242, -121.584341 57.288101, -121.586382 57.287941, -121.587714 57.287902, -121.588938 57.288035, -121.590448 57.28846, -121.592033 57.288686, -121.593622 57.288356, -121.594737 57.287552, -121.595254 57.28656, -121.595323 57.285429, -121.594916 57.284255, -121.594417 57.283467, -121.59378 57.282717, -121.592674 57.281622, -121.592015 57.280864, -121.591736 57.280064, -121.592151 57.279011, -121.592874 57.278543, -121.594202 57.278294, -121.595016 57.278452, -121.59591 57.278992, -121.596674 57.279709, -121.597206 57.280233, -121.598147 57.281037, -121.598901 57.281571, -121.600081 57.282398, -121.600854 57.282984, -121.601931 57.283913, -121.602781 57.284517, -121.604349 57.28515, -121.605549 57.285283, -121.607082 57.284977, -121.60765 57.284548, -121.607669 57.283855, -121.607343 57.283386, -121.607304 57.282609, -121.608168 57.282114, -121.609485 57.282047, -121.610434 57.282198, -121.611497 57.282351, -121.612682 57.282447, -121.614614 57.282452, -121.616547 57.282535, -121.618339 57.28283, -121.619814 57.283376, -121.621079 57.284014, -121.622489 57.284428, -121.623987 57.28428, -121.625519 57.283958, -121.627289 57.283749, -121.629194 57.283655, -121.631159 57.283632, -121.633049 57.283804, -121.634547 57.284358, -121.635454 57.285137, -121.636168 57.285977, -121.63693 57.286822, -121.637724 57.287675, -121.638555 57.28853, -121.639476 57.289384, -121.640872 57.290026, -121.642613 57.29024, -121.644431 57.289962, -121.645571 57.289543, -121.646565 57.288939, -121.647329 57.288225, -121.647845 57.287429, -121.648121 57.286609, -121.64816 57.285758, -121.648012 57.284888, -121.647879 57.284026, -121.64797 57.283203, -121.648381 57.282454, -121.649077 57.281802, -121.649962 57.281286, -121.651011 57.280896, -121.652104 57.280603, -121.653263 57.280342, -121.654443 57.280103, -121.655677 57.279886, -121.656915 57.279615, -121.658039 57.279208, -121.658868 57.278642, -121.659356 57.27797, -121.659398 57.277272, -121.659115 57.276571, -121.658643 57.275846, -121.658098 57.275079, -121.657529 57.274274, -121.656964 57.273456, -121.656516 57.272595, -121.656273 57.27171, -121.656276 57.270831, -121.656475 57.270001, -121.656837 57.269212, -121.657379 57.268473, -121.658069 57.267798, -121.65894 57.267223, -121.659915 57.266771, -121.660974 57.266464, -121.662073 57.2663, -121.663227 57.266252, -121.664407 57.266287, -121.665586 57.266379, -121.666795 57.266497, -121.668064 57.266631, -121.669351 57.266777, -121.670688 57.266918, -121.672066 57.267055, -121.673454 57.267192, -121.674888 57.267308, -121.676325 57.267428, -121.677804 57.267499, -121.679334 57.267526, -121.679692 57.267531, -121.68088 57.267546, -121.68247 57.267581, -121.684079 57.26765, -121.685686 57.267777, -121.687226 57.267934, -121.688823 57.268064, -121.690466 57.268123, -121.692094 57.268129, -121.693747 57.268078, -121.695433 57.267989, -121.697123 57.267887, -121.698784 57.267807, -121.700401 57.267789, -121.701998 57.267874, -121.703479 57.26812, -121.704757 57.268498, -121.705762 57.269009, -121.70651 57.269598, -121.706969 57.27022, -121.707114 57.270843, -121.706911 57.271442, -121.706488 57.27202, -121.705978 57.27259, -121.705489 57.273172, -121.70501 57.27378, -121.704638 57.274395, -121.70445 57.275019, -121.704555 57.275633, -121.705018 57.276204, -121.705856 57.276645, -121.706982 57.276894, -121.708273 57.276894, -121.709528 57.276629, -121.710596 57.276128, -121.71142 57.275419, -121.711953 57.27462, -121.71225 57.273764, -121.712364 57.272881, -121.712416 57.271971, -121.712552 57.27109, -121.712877 57.270237, -121.713443 57.269431, -121.71419 57.268696, -121.715088 57.26803, -121.716054 57.267395, -121.71708 57.266796, -121.717782 57.266389, -121.718128 57.266188, -121.719184 57.265588, -121.720257 57.264995, -121.721306 57.264396, -121.722431 57.263847, -121.723692 57.263426, -121.725036 57.263229, -121.726294 57.263276, -121.727346 57.263525, -121.728104 57.263937, -121.72864 57.264433, -121.729088 57.264968, -121.729495 57.265544, -121.729859 57.266131, -121.73026 57.266739, -121.730872 57.267297, -121.731712 57.267755, -121.73279 57.268052, -121.733997 57.268219, -121.735307 57.268295, -121.736644 57.268298, -121.738048 57.268218, -121.739438 57.268053, -121.740775 57.267771, -121.741963 57.267306, -121.742884 57.26669, -121.743772 57.266066, -121.74485 57.265566, -121.745969 57.265103, -121.747068 57.264595, -121.748158 57.264068, -121.74923 57.263576, -121.750301 57.263116, -121.751385 57.262686, -121.752469 57.262324, -121.753553 57.262039, -121.75467 57.261843, -121.755739 57.261639, -121.756731 57.26134, -121.757601 57.260868, -121.758394 57.260331, -121.759293 57.259834, -121.760317 57.259509, -121.761394 57.259368, -121.762442 57.259356, -121.763509 57.259392, -121.764663 57.259419, -121.765908 57.259323, -121.767186 57.259031, -121.768245 57.258539, -121.769076 57.257905, -121.769739 57.257204, -121.770341 57.256479, -121.770896 57.255735, -121.771449 57.254969, -121.771987 57.254174, -121.772478 57.253338, -121.772988 57.252492, -121.773499 57.25163, -121.774008 57.250761, -121.774516 57.24989, -121.774976 57.249009, -121.77543 57.248119, -121.775859 57.247208, -121.776253 57.246302, -121.776605 57.245382, -121.776915 57.244472, -121.777202 57.243561, -121.777401 57.242622, -121.777518 57.241693, -121.777482 57.240769, -121.777324 57.239843, -121.77712 57.238922, -121.777028 57.237999, -121.777237 57.237131, -121.777785 57.236399, -121.778583 57.235813, -121.779475 57.235267, -121.780409 57.234709, -121.781416 57.23414, -121.782542 57.233559, -121.783273 57.231782, -121.782695 57.231356, -121.782402 57.230836, -121.782392 57.230262, -121.782643 57.229667, -121.783076 57.229071, -121.783594 57.228472, -121.784168 57.227872, -121.784801 57.227279, -121.784967 57.227133, -121.785044 57.227064, -121.785473 57.226685, -121.786214 57.226107, -121.786969 57.225541, -121.787668 57.224954, -121.788298 57.224331, -121.788871 57.223682, -121.789418 57.223019, -121.78995 57.222362, -121.790444 57.221696, -121.790952 57.221039, -121.791482 57.220386, -121.792055 57.21973, -121.792199 57.21958, -121.792682 57.219077, -121.793429 57.218435, -121.794297 57.217832, -121.795276 57.217308, -121.796369 57.216888, -121.797511 57.216604, -121.798696 57.216444, -121.799891 57.216418, -121.801038 57.21651, -121.802144 57.216697, -121.803221 57.216925, -121.804345 57.217161, -121.805513 57.21737, -121.80678 57.217533, -121.808111 57.217663, -121.809495 57.21775, -121.810903 57.217808, -121.812346 57.217815, -121.813786 57.217773, -121.815254 57.217631, -121.81669 57.217323, -121.818057 57.216865, -121.819309 57.216297, -121.820484 57.215642, -121.82155 57.21493, -121.822492 57.214187, -121.823377 57.213403, -121.824178 57.212604, -121.824349 57.212407, -121.824901 57.211775, -121.825547 57.210935, -121.826123 57.210082, -121.82662 57.209212, -121.827082 57.208335, -121.827518 57.207447, -121.827943 57.206562, -121.828384 57.205674, -121.828831 57.204813, -121.829292 57.203967, -121.829729 57.203125, -121.830219 57.20228, -121.830755 57.201455, -121.831386 57.200645, -121.832141 57.199843, -121.833013 57.199098, -121.834064 57.198451, -121.835311 57.197953, -121.836656 57.197644, -121.838011 57.197515, -121.83933 57.197544, -121.840525 57.197714, -121.841513 57.197991, -121.842362 57.198304, -121.843153 57.198566, -121.843958 57.198767, -121.84493 57.198855, -121.845959 57.198762, -121.846924 57.198436, -121.847794 57.197967, -121.84868 57.197447, -121.849737 57.196983, -121.850956 57.19663, -121.852214 57.196433, -121.853439 57.196344, -121.854627 57.196308, -121.855793 57.196278, -121.85695 57.196244, -121.858098 57.196132, -121.859297 57.195938, -121.860481 57.195677, -121.861573 57.1953, -121.86243 57.194792, -121.862871 57.194169, -121.862978 57.193488, -121.863065 57.192798, -121.863302 57.192113, -121.863761 57.191489, -121.864485 57.190986, -121.865403 57.190652, -121.866431 57.190485, -121.867491 57.190462, -121.868533 57.190523, -121.86961 57.19059, -121.870712 57.190637, -121.871845 57.190652, -121.873017 57.190603, -121.874238 57.190465, -121.875428 57.190232, -121.876512 57.189886, -121.877539 57.189488, -121.878518 57.189031, -121.879387 57.188535, -121.880209 57.187998, -121.880904 57.187418, -121.881326 57.186747, -121.881406 57.186015, -121.88119 57.185277, -121.880663 57.184572, -121.879883 57.183908, -121.878915 57.183297, -121.877832 57.182722, -121.876675 57.182184, -121.875553 57.181601, -121.874641 57.18091, -121.874132 57.180119, -121.874005 57.179344, -121.874156 57.178591, -121.874496 57.177876, -121.875009 57.177172, -121.875494 57.176419, -121.875709 57.175658, -121.875542 57.174912, -121.875026 57.174272, -121.874224 57.173785, -121.873219 57.173441, -121.87205 57.173214, -121.870838 57.173114, -121.869542 57.173111, -121.86824 57.173165, -121.866932 57.173219, -121.865583 57.173229, -121.864245 57.173139, -121.862951 57.172947, -121.861712 57.172653, -121.860581 57.172297, -121.859497 57.171901, -121.858515 57.171465, -121.857607 57.171021, -121.856728 57.170541, -121.855895 57.170047, -121.855053 57.169524, -121.854211 57.168958, -121.853343 57.168377, -121.852455 57.16777, -121.851577 57.167149, -121.850715 57.166526, -121.849846 57.165874, -121.849005 57.165218, -121.848168 57.164529, -121.847339 57.163816, -121.846512 57.163083, -121.84571 57.162333, -121.844983 57.161565, -121.844361 57.160763, -121.843881 57.159923, -121.84349 57.159069, -121.843236 57.158216, -121.843147 57.15734, -121.843248 57.156477, -121.843579 57.155642, -121.844156 57.154856, -121.844972 57.154143, -121.846001 57.153545, -121.84714 57.153014, -121.848287 57.152464, -121.849307 57.151827, -121.850006 57.151095, -121.850429 57.150283, -121.850591 57.149431, -121.850528 57.14857, -121.850288 57.147674, -121.849933 57.146745, -121.849516 57.145804, -121.849084 57.14485, -121.848736 57.143892, -121.848554 57.14291, -121.848627 57.141948, -121.848995 57.141031, -121.849612 57.140174, -121.850415 57.139367, -121.851412 57.138634, -121.852514 57.137951, -121.853663 57.137313, -121.854824 57.136698, -121.855983 57.13609, -121.857118 57.13549, -121.858265 57.13487, -121.859425 57.134242, -121.860614 57.133629, -121.861835 57.13301, -121.863059 57.132402, -121.864283 57.131825, -121.865491 57.131256, -121.86671 57.130675, -121.867914 57.13011, -121.869112 57.129515, -121.870295 57.128895, -121.871465 57.128262, -121.872645 57.127608, -121.873774 57.126954, -121.874836 57.126233, -121.875887 57.125482, -121.876923 57.12473, -121.877924 57.123957, -121.878905 57.12315, -121.879863 57.122314, -121.880761 57.121465, -121.881578 57.120591, -121.882316 57.119708, -121.882887 57.118781, -121.88324 57.117821, -121.883319 57.116869, -121.883076 57.115957, -121.882494 57.115144, -121.881591 57.114504, -121.880466 57.114078, -121.879246 57.113848, -121.878024 57.113819, -121.876875 57.113966, -121.875845 57.114247, -121.874866 57.114644, -121.874015 57.115104, -121.873213 57.115618, -121.872426 57.116138, -121.871555 57.116628, -121.870574 57.11704, -121.869457 57.117349, -121.868231 57.117527, -121.866938 57.117567, -121.865667 57.117441, -121.864401 57.117202, -121.86319 57.116848, -121.862106 57.116352, -121.861252 57.115712, -121.860778 57.114937, -121.860644 57.114122, -121.861008 57.113305, -121.861504 57.112505, -121.861802 57.111659, -121.861763 57.1108, -121.861288 57.109986, -121.860515 57.109327, -121.85939 57.108864, -121.858111 57.108544, -121.856782 57.108324, -121.855392 57.108164, -121.854009 57.108012, -121.852675 57.107825, -121.851386 57.107585, -121.850175 57.107329, -121.849061 57.107058, -121.847985 57.106776, -121.846952 57.106458, -121.845965 57.106125, -121.844999 57.105769, -121.844016 57.1054, -121.843103 57.104959, -121.842302 57.104459, -121.841634 57.103934, -121.840945 57.103422, -121.840096 57.102998, -121.839044 57.102709, -121.837876 57.102555, -121.836665 57.102516, -121.835447 57.102551, -121.834227 57.102632, -121.833014 57.102685, -121.831751 57.10269, -121.830502 57.102606, -121.829304 57.102375, -121.82822 57.102029, -121.827283 57.101569, -121.82645 57.101047, -121.825668 57.100505, -121.824865 57.099948, -121.823969 57.099414, -121.822988 57.098922, -121.821918 57.098476, -121.820809 57.09809, -121.819628 57.097782, -121.818412 57.097549, -121.817177 57.097348, -121.815891 57.09718, -121.81462 57.096993, -121.812799 57.096509, -121.811899 57.095976, -121.811333 57.095339, -121.811093 57.094638, -121.81112 57.093885, -121.811382 57.093109, -121.811903 57.092398, -121.812632 57.09176, -121.813377 57.091119, -121.813929 57.090363, -121.814055 57.089584, -121.813785 57.088857, -121.813213 57.088254, -121.81239 57.087824, -121.81145 57.087532, -121.810407 57.087373, -121.809295 57.087332, -121.80813 57.087365, -121.806907 57.087384, -121.805621 57.087344, -121.804289 57.087235, -121.802993 57.087041, -121.801664 57.086779, -121.800359 57.086441, -121.799085 57.086066, -121.797809 57.085687, -121.796528 57.085316, -121.795248 57.084945, -121.793994 57.084572, -121.79273 57.084216, -121.791465 57.083875, -121.790197 57.083544, -121.788933 57.083229, -121.787649 57.082911, -121.786367 57.082609, -121.78508 57.082319, -121.78378 57.082069, -121.782447 57.08183, -121.781113 57.081635, -121.779745 57.081462, -121.77838 57.081294, -121.77703 57.081131, -121.775664 57.080989, -121.774284 57.080863, -121.772892 57.080722, -121.771506 57.080515, -121.770262 57.080135, -121.769278 57.079563, -121.768678 57.07882, -121.768575 57.078, -121.768779 57.077182, -121.769122 57.076332, -121.769476 57.075461, -121.769818 57.07455, -121.770139 57.073616, -121.770394 57.07266, -121.770563 57.071699, -121.770667 57.070727, -121.77071 57.069761, -121.770707 57.068797, -121.770724 57.067847, -121.770907 57.06692, -121.771371 57.066083, -121.772122 57.065371, -121.7731 57.06484, -121.774226 57.064487, -121.775382 57.064326, -121.776569 57.064334, -121.777765 57.064419, -121.778926 57.064574, -121.7801 57.06479, -121.78123 57.065048, -121.782307 57.065347, -121.783323 57.06569, -121.784295 57.066071, -121.7853 57.066448, -121.78635 57.066798, -121.787513 57.067085, -121.788745 57.067305, -121.790058 57.067421, -121.791421 57.067426, -121.792819 57.067336, -121.794192 57.067125, -121.796153 57.066656, -121.797472 57.066306, -121.799529 57.065873, -121.800953 57.065685, -121.803132 57.065501, -121.804605 57.065462, -121.80677 57.065529, -121.80895 57.065663, -121.810407 57.065719, -121.811832 57.065782, -121.813983 57.065822, -121.815405 57.065841, -121.817574 57.065845, -121.819063 57.065808, -121.820562 57.065728, -121.822852 57.065601, -121.825173 57.065502, -121.826714 57.065471, -121.828965 57.065522, -121.831149 57.065662, -121.832559 57.065847, -121.833908 57.066085, -121.835873 57.066501, -121.837765 57.066921, -121.839669 57.067313, -121.840967 57.067528, -121.842328 57.067723, -121.844442 57.067895, -121.845859 57.067824, -121.847857 57.067493, -121.850444 57.066957, -121.851398 57.066584, -121.85245 57.066249, -121.853581 57.065927, -121.854776 57.065594, -121.856013 57.065265, -121.857283 57.064932, -121.858597 57.064618, -121.859939 57.064303, -121.861335 57.06402, -121.862743 57.063725, -121.86415 57.063448, -121.865612 57.063183, -121.867088 57.062957, -121.868615 57.062792, -121.870143 57.062661, -121.871671 57.062574, -121.873229 57.062505, -121.8748 57.062482, -121.876321 57.062471, -121.877867 57.062507, -121.879414 57.062554, -121.880981 57.062635, -121.882537 57.062703, -121.884123 57.062758, -121.885727 57.062803, -121.887353 57.062805, -121.88898 57.062752, -121.890593 57.06266, -121.892233 57.062508, -121.893854 57.062309, -121.895433 57.062058, -121.89699 57.061781, -121.898527 57.061477, -121.900016 57.061135, -121.901377 57.060681, -121.902612 57.060141, -121.903764 57.059637, -121.904939 57.059279, -121.906123 57.059079, -121.907344 57.058963, -121.908586 57.058923, -121.909794 57.058959, -121.911026 57.059048, -121.912309 57.059047, -121.913603 57.058934, -121.914824 57.058661, -121.915899 57.058266, -121.916861 57.057793, -121.917797 57.057325, -121.918798 57.056954, -121.919841 57.056736, -121.920883 57.05666, -121.921884 57.056693, -121.922819 57.056823, -121.923646 57.057062, -121.924378 57.057367, -121.925045 57.057694, -121.92582 57.057945, -121.926685 57.058067, -121.927575 57.05813, -121.928419 57.058229, -121.929218 57.058385, -121.929987 57.058597, -121.930776 57.058823, -121.93155 57.059085, -121.93234 57.059353, -121.933153 57.059628, -121.933965 57.059888, -121.934799 57.06011, -121.935655 57.060346, -121.936498 57.060567, -121.937347 57.060754, -121.938236 57.060864, -121.939128 57.06082, -121.939926 57.060599, -121.940538 57.060251, -121.940971 57.059802, -121.941432 57.059358, -121.941974 57.058952, -121.942667 57.058629, -121.943447 57.058406, -121.944261 57.058328, -121.945065 57.058373, -121.945912 57.058439, -121.946834 57.058494, -121.947743 57.058526, -121.948702 57.058598, -121.949613 57.05872, -121.950521 57.058892, -121.951458 57.059099, -121.952402 57.059314, -121.953358 57.059428, -121.954326 57.059418, -121.955156 57.059251, -121.955703 57.058932, -121.955875 57.058515, -121.955737 57.058071, -121.955347 57.057628, -121.954803 57.05722, -121.954176 57.056836, -121.953438 57.056445, -121.952651 57.056035, -121.95188 57.055592, -121.951144 57.055122, -121.95047 57.054614, -121.949926 57.054052, -121.94964 57.053461, -121.949741 57.052878, -121.950162 57.052387, -121.950862 57.052062, -121.951668 57.051893, -121.952535 57.051846, -121.953433 57.051937, -121.954314 57.052117, -121.955148 57.052319, -121.955955 57.052538, -121.956769 57.052783, -121.957585 57.053055, -121.95879 57.053496, -121.959591 57.053794, -121.960352 57.054091, -121.96101 57.054357, -121.961631 57.054597, -121.962243 57.05482, -121.962888 57.055046, -121.963518 57.055295, -121.964136 57.055557, -121.964747 57.055833, -121.965303 57.056183, -121.965714 57.056608, -121.965872 57.05708, -121.965714 57.057563, -121.965393 57.057999, -121.96518 57.058421, -121.965248 57.058857, -121.965551 57.059269, -121.966025 57.059657, -121.9666 57.060024, -121.967174 57.060374, -121.967745 57.060704, -121.968323 57.061037, -121.968902 57.061349, -121.96954 57.061652, -121.970186 57.061939, -121.97081 57.062277, -121.971336 57.062684, -121.971684 57.063175, -121.972009 57.06367, -121.972511 57.064093, -121.973262 57.064353, -121.97414 57.06446, -121.975053 57.064354, -121.975833 57.063998, -121.976247 57.063485, -121.976285 57.062925, -121.976124 57.06235, -121.975854 57.061757, -121.975497 57.06115, -121.975115 57.060505, -121.97477 57.059846, -121.974672 57.059216, -121.974895 57.058667, -121.974945 57.05863, -121.975427 57.058275, -121.97614 57.058074, -121.976944 57.058062, -121.978027 57.058279, -121.983684 57.058893, -121.98502 57.05889, -121.986338 57.058848, -121.987594 57.058772, -121.988783 57.058666, -121.989964 57.058616, -121.991167 57.058683, -121.992418 57.058788, -121.99371 57.058812, -121.995003 57.058682, -121.99625 57.058387, -121.997399 57.057971, -121.998483 57.057499, -121.99955 57.057014, -122.000613 57.05655, -122.001719 57.056099, -122.002841 57.055674, -122.003974 57.055274, -122.005127 57.05489, -122.006292 57.054529, -122.007457 57.054166, -122.00861 57.053801, -122.009724 57.053411, -122.010746 57.052987, -122.011695 57.052485, -122.012603 57.051998, -122.013461 57.051494, -122.014323 57.050981, -122.015126 57.050479, -122.015941 57.05002, -122.016813 57.049625, -122.01779 57.049338, -122.018872 57.049224, -122.020047 57.049258, -122.021245 57.049453, -122.022375 57.049781, -122.023431 57.05022, -122.024425 57.050713, -122.025313 57.051236, -122.026136 57.051751, -122.026858 57.052287, -122.027466 57.052834, -122.027862 57.05342, -122.028063 57.054033, -122.028028 57.054692, -122.027888 57.055365, -122.027908 57.056017, -122.02818 57.056661, -122.028528 57.057248, -122.029027 57.057767, -122.029683 57.058205, -122.030322 57.058606, -122.030695 57.059118, -122.030684 57.059722, -122.030257 57.060354, -122.029486 57.060935, -122.028599 57.061478, -122.027711 57.06202, -122.026866 57.062571, -122.026075 57.063139, -122.025323 57.063711, -122.024625 57.064288, -122.023972 57.064853, -122.023341 57.065415, -122.022777 57.065993, -122.022374 57.066623, -122.022208 57.067296, -122.022281 57.067976, -122.022647 57.068621, -122.023268 57.069242, -122.024094 57.069785, -122.025027 57.070217, -122.026067 57.070585, -122.027134 57.070915, -122.028236 57.071202, -122.029389 57.071429, -122.03056 57.071609, -122.031745 57.071791, -122.032931 57.071951, -122.034105 57.07206, -122.035255 57.072113, -122.036353 57.072131, -122.037439 57.072095, -122.038507 57.072039, -122.039531 57.071952, -122.040564 57.071846, -122.041569 57.071755, -122.042605 57.07168, -122.043676 57.071764, -122.044754 57.072053, -122.045718 57.072597, -122.046443 57.073339, -122.046825 57.074239, -122.046937 57.075191, -122.046883 57.07616, -122.046788 57.077115, -122.046671 57.078063, -122.046576 57.078987, -122.046577 57.079923, -122.046723 57.080843, -122.047105 57.08173, -122.047739 57.082567, -122.048654 57.083313, -122.049786 57.08395, -122.05113 57.084435, -122.052622 57.084786, -122.054188 57.085027, -122.055794 57.085205, -122.057394 57.085366, -122.058971 57.085523, -122.060515 57.085639, -122.062045 57.085743, -122.063554 57.085824, -122.065041 57.085902, -122.066526 57.085965, -122.067975 57.085981, -122.069395 57.085971, -122.070783 57.085947, -122.072105 57.085931, -122.073341 57.08592, -122.074502 57.085928, -122.075625 57.085974, -122.076713 57.086126, -122.077757 57.086463, -122.078656 57.087026, -122.079228 57.087822, -122.079561 57.088698, -122.079829 57.089583, -122.080032 57.090468, -122.080252 57.091343, -122.080508 57.0922, -122.080766 57.093052, -122.081032 57.093889, -122.081297 57.094723, -122.081548 57.095569, -122.08179 57.096397, -122.082003 57.097197, -122.082224 57.097999, -122.082427 57.098794, -122.08262 57.099582, -122.082818 57.100371, -122.083023 57.101169, -122.083256 57.101971, -122.083482 57.102775, -122.083694 57.103592, -122.083891 57.104402, -122.084091 57.105227, -122.084245 57.106057, -122.084387 57.106884, -122.08456 57.107722, -122.084769 57.10857, -122.08504 57.109432, -122.085486 57.110297, -122.086072 57.111117, -122.086774 57.111898, -122.087562 57.112675, -122.088392 57.113443, -122.089222 57.114199, -122.090013 57.114941, -122.090785 57.115696, -122.0916 57.116434, -122.092566 57.11708, -122.093643 57.117638, -122.09476 57.118116, -122.095863 57.118574, -122.096896 57.119096, -122.097758 57.119725, -122.098455 57.120458, -122.098973 57.121248, -122.099257 57.122116, -122.099274 57.12305, -122.09907 57.124003, -122.098729 57.124976, -122.098291 57.125953, -122.097747 57.126915, -122.097075 57.127835, -122.096377 57.128719, -122.095866 57.129607, -122.095735 57.130537, -122.096087 57.131439, -122.096873 57.132236, -122.097969 57.132875, -122.099239 57.133334, -122.100533 57.133569, -122.100624 57.133586, -122.10205 57.133665, -122.103435 57.133584, -122.104782 57.133421, -122.106119 57.13323, -122.107458 57.133027, -122.108781 57.13281, -122.110032 57.132584, -122.111262 57.132307, -122.112434 57.131988, -122.113536 57.131609, -122.11459 57.131223, -122.115659 57.130851, -122.116795 57.130563, -122.118103 57.130457, -122.119509 57.130581, -122.120827 57.13088, -122.122105 57.131288, -122.123326 57.13173, -122.124518 57.132179, -122.125673 57.132629, -122.126793 57.133087, -122.12793 57.133548, -122.129076 57.133986, -122.130263 57.134426, -122.131443 57.134859, -122.132659 57.135253, -122.133862 57.135595, -122.135083 57.135921, -122.136292 57.136224, -122.137518 57.136517, -122.138705 57.136779, -122.139886 57.136991, -122.141063 57.137079, -122.14223 57.137013, -122.14329 57.136756, -122.144254 57.136401, -122.145158 57.136041, -122.146082 57.135712, -122.147045 57.135438, -122.148061 57.13523, -122.149129 57.135104, -122.15018 57.135071, -122.151253 57.135091, -122.152306 57.135207, -122.1533 57.135449, -122.154099 57.135829, -122.154705 57.136365, -122.154982 57.137012, -122.15501 57.137698, -122.155039 57.13837, -122.15524 57.139047, -122.155669 57.139653, -122.156315 57.140125, -122.157169 57.140445, -122.158217 57.140567, -122.159325 57.140452, -122.160384 57.140144, -122.161348 57.139708, -122.162277 57.139254, -122.163195 57.138819, -122.16403 57.138347, -122.164761 57.137805, -122.165462 57.137258, -122.166158 57.136709, -122.166838 57.136173, -122.167555 57.135638, -122.168276 57.135114, -122.168991 57.134592, -122.169739 57.134086, -122.170523 57.133593, -122.171344 57.133115, -122.172205 57.132667, -122.173125 57.132253, -122.174096 57.131876, -122.175138 57.131542, -122.176236 57.131226, -122.177361 57.130936, -122.178513 57.130629, -122.179638 57.130338, -122.180776 57.130048, -122.181908 57.129771, -122.183047 57.129493, -122.184185 57.129237, -122.185332 57.128993, -122.186459 57.128792, -122.187586 57.128596, -122.188722 57.128446, -122.18986 57.128321, -122.190988 57.12821, -122.192114 57.128123, -122.193239 57.128065, -122.194375 57.128055, -122.195492 57.128062, -122.196644 57.128056, -122.197804 57.128089, -122.19902 57.12812, -122.200288 57.12816, -122.201564 57.128245, -122.202795 57.128356, -122.204004 57.12851, -122.205182 57.128757, -122.206331 57.129109, -122.207388 57.129616, -122.208311 57.130268, -122.209107 57.130994, -122.209746 57.131815, -122.210259 57.132689, -122.210611 57.133588, -122.210859 57.134518, -122.211023 57.13545, -122.211135 57.136389, -122.211185 57.137326, -122.211145 57.13824, -122.210996 57.139163, -122.210765 57.140077, -122.210428 57.140969, -122.210024 57.141867, -122.20954 57.142756, -122.209002 57.143634, -122.208407 57.14449, -122.207838 57.145352, -122.207283 57.146224, -122.206721 57.147085, -122.206127 57.147932, -122.205492 57.148746, -122.204841 57.149545, -122.204178 57.150337, -122.20349 57.151112, -122.202797 57.151878, -122.202112 57.152636, -122.201405 57.153369, -122.200705 57.154083, -122.199969 57.154771, -122.199205 57.155452, -122.198448 57.156107, -122.197679 57.156758, -122.196964 57.157402, -122.196317 57.158046, -122.195882 57.158724, -122.195735 57.159405, -122.195914 57.160097, -122.196311 57.160762, -122.196818 57.161378, -122.197398 57.161985, -122.197936 57.162593, -122.198396 57.163226, -122.198664 57.163892, -122.198622 57.164603, -122.198207 57.165324, -122.197443 57.165979, -122.196521 57.166577, -122.195561 57.167131, -122.194708 57.167716, -122.193974 57.168338, -122.193459 57.169031, -122.193229 57.169767, -122.193284 57.170513, -122.193608 57.171235, -122.194063 57.171945, -122.19459 57.172626, -122.195002 57.173331, -122.195181 57.174086, -122.195054 57.17486, -122.194692 57.17563, -122.194215 57.176397, -122.193757 57.17717, -122.193471 57.177962, -122.193449 57.178768, -122.193727 57.179515, -122.194308 57.180189, -122.195109 57.180762, -122.195968 57.181262, -122.196754 57.181755, -122.197364 57.182322, -122.197694 57.182982, -122.197675 57.183715, -122.197289 57.184476, -122.196559 57.185192, -122.195603 57.185829, -122.194552 57.186391, -122.19345 57.186895, -122.192363 57.187421, -122.191393 57.187992, -122.190664 57.188682, -122.190275 57.189449, -122.190283 57.190238, -122.19067 57.191004, -122.191456 57.191693, -122.19256 57.192253, -122.193915 57.192613, -122.195406 57.192748, -122.196865 57.192736, -122.19832 57.19264, -122.199729 57.192506, -122.201129 57.192307, -122.202466 57.1921, -122.203748 57.191858, -122.205001 57.191602, -122.206213 57.191344, -122.207394 57.191099, -122.208572 57.190872, -122.209736 57.190655, -122.210894 57.190454, -122.212058 57.190321, -122.213242 57.19023, -122.214423 57.190174, -122.215616 57.190155, -122.216811 57.190156, -122.218007 57.190186, -122.219189 57.190226, -122.220379 57.190312, -122.221594 57.190405, -122.222783 57.190535, -122.223984 57.190719, -122.225123 57.190977, -122.226162 57.191318, -122.227025 57.191791, -122.227668 57.192345, -122.228137 57.192926, -122.228449 57.1935, -122.228618 57.194045, -122.228789 57.194531, -122.229111 57.19492, -122.229705 57.195179, -122.230511 57.195186, -122.231341 57.194913, -122.231929 57.194404, -122.232427 57.193807, -122.23306 57.193249, -122.233783 57.192716, -122.234541 57.192202, -122.235334 57.191707, -122.236091 57.191207, -122.236827 57.190714, -122.237513 57.190213, -122.238205 57.189745, -122.23887 57.189319, -122.239594 57.188957, -122.240401 57.188708, -122.241315 57.188631, -122.242254 57.188764, -122.243094 57.189107, -122.24371 57.189614, -122.244086 57.190197, -122.244468 57.190758, -122.245001 57.191205, -122.245635 57.191551, -122.246333 57.191834, -122.246988 57.192181, -122.247373 57.192716, -122.247412 57.19342, -122.24707 57.194185, -122.24643 57.194935, -122.245634 57.19564, -122.244699 57.19628, -122.243759 57.196897, -122.242872 57.197509, -122.242138 57.198147, -122.241707 57.198815, -122.241708 57.199522, -122.242189 57.200189, -122.243025 57.200736, -122.243993 57.201182, -122.244841 57.201659, -122.24549 57.202278, -122.245903 57.202986, -122.246048 57.203781, -122.24599 57.204615, -122.245909 57.205468, -122.245922 57.205809, -122.245942 57.206319, -122.246211 57.207167, -122.246651 57.207972, -122.247188 57.208751, -122.247725 57.2095, -122.248252 57.210234, -122.24871 57.210979, -122.249041 57.211739, -122.249224 57.212486, -122.249239 57.213261, -122.249033 57.214033, -122.248585 57.214776, -122.247789 57.215444, -122.246739 57.21603, -122.245542 57.216539, -122.244244 57.216999, -122.242897 57.217427, -122.241491 57.217814, -122.240075 57.218157, -122.238692 57.218477, -122.237375 57.21882, -122.236152 57.219242, -122.235021 57.219723, -122.233962 57.220203, -122.23294 57.220697, -122.231967 57.221182, -122.231071 57.221656, -122.23029 57.222136, -122.229696 57.222621, -122.22933 57.223119, -122.229289 57.223651, -122.229573 57.224172, -122.23019 57.224622, -122.231101 57.224917, -122.232086 57.225079, -122.233006 57.22521, -122.233815 57.225408, -122.234498 57.225743, -122.234939 57.226186, -122.235169 57.226681, -122.235141 57.227219, -122.234871 57.227717, -122.234547 57.228173, -122.234384 57.228616, -122.234585 57.229043, -122.235226 57.229386, -122.236206 57.229498, -122.237187 57.229367, -122.238026 57.229068, -122.238677 57.228677, -122.239231 57.228268, -122.239722 57.227881, -122.240166 57.227597, -122.240593 57.22736, -122.241079 57.227255, -122.241652 57.227378, -122.242172 57.227724, -122.24239 57.228267, -122.242373 57.228869, -122.242319 57.229459, -122.24241 57.230031, -122.242729 57.230582, -122.243325 57.231094, -122.244249 57.231498, -122.245287 57.231799, -122.246363 57.232013, -122.247369 57.232221, -122.248263 57.232478, -122.249056 57.232792, -122.249733 57.233136, -122.250399 57.233473, -122.251192 57.233679, -122.252049 57.233655, -122.252776 57.233362, -122.2534 57.232997, -122.254077 57.232677, -122.255019 57.232502, -122.25614 57.232475, -122.257333 57.232533, -122.258581 57.232624, -122.259849 57.232693, -122.261106 57.232791, -122.262374 57.232872, -122.263658 57.232962, -122.264944 57.23303, -122.266048 57.2331, -122.266272 57.233114, -122.26756 57.233205, -122.268871 57.233272, -122.270191 57.233337, -122.271513 57.233395, -122.272823 57.233466, -122.276809 57.233825, -122.280566 57.234464, -122.282903 57.234856, -122.286274 57.234856, -122.288398 57.234118, -122.289124 57.234339, -122.289698 57.234758, -122.289926 57.235376, -122.28971 57.236076, -122.289149 57.236761, -122.288339 57.237383, -122.287446 57.23792, -122.286534 57.238411, -122.28565 57.238887, -122.284772 57.239313, -122.283909 57.239695, -122.283111 57.240047, -122.282302 57.240371, -122.281522 57.240679, -122.280732 57.240986, -122.279937 57.241253, -122.279113 57.241545, -122.278272 57.241912, -122.277523 57.242373, -122.276903 57.242918, -122.276471 57.243542, -122.276241 57.244197, -122.276199 57.244872, -122.276103 57.245513, -122.275805 57.246102, -122.275414 57.246628, -122.275084 57.247102, -122.274941 57.247583, -122.275084 57.248077, -122.275611 57.248587, -122.276402 57.24897, -122.277276 57.249294, -122.278018 57.249653, -122.278619 57.250125, -122.278992 57.250657, -122.279205 57.251219, -122.279366 57.251774, -122.279572 57.252304, -122.279877 57.252795, -122.280457 57.253216, -122.281318 57.253537, -122.282249 57.253747, -122.283114 57.253965, -122.2838 57.254292, -122.284274 57.254709, -122.284807 57.255099, -122.285526 57.255398, -122.286386 57.25553, -122.287192 57.255707, -122.28776 57.256051, -122.288166 57.256449, -122.288769 57.256793, -122.289631 57.256955, -122.290573 57.256907, -122.29143 57.256816, -122.29215 57.256839, -122.292717 57.256995, -122.292999 57.257326, -122.293009 57.257711, -122.292731 57.258105, -122.292296 57.258465, -122.291853 57.258831, -122.291366 57.259253, -122.290865 57.259729, -122.290394 57.260244, -122.29003 57.260809, -122.289799 57.261381, -122.289612 57.261978, -122.289475 57.262561, -122.289457 57.263129, -122.289608 57.263653, -122.290042 57.264134, -122.290887 57.264467, -122.291958 57.264677, -122.293034 57.2648, -122.294018 57.264969, -122.294892 57.265244, -122.295595 57.265639, -122.296014 57.266202, -122.296127 57.266822, -122.295923 57.267458, -122.295522 57.268084, -122.29508 57.268704, -122.294812 57.26934, -122.294875 57.270016, -122.295227 57.270683, -122.295751 57.271302, -122.296291 57.271894, -122.296782 57.272448, -122.297216 57.272992, -122.297579 57.273536, -122.297805 57.274056, -122.297745 57.274612, -122.297344 57.27516, -122.296887 57.275459, -122.29659 57.275653, -122.29575 57.276068, -122.294957 57.276461, -122.294388 57.27696, -122.29407 57.277548, -122.293967 57.278181, -122.294082 57.278817, -122.294362 57.279436, -122.294845 57.280037, -122.29549 57.280582, -122.296322 57.28106, -122.297281 57.281489, -122.29825 57.281905, -122.299137 57.282296, -122.299959 57.282729, -122.30066 57.283184, -122.301148 57.28371, -122.3013 57.284327, -122.301133 57.284961, -122.30062 57.285553, -122.299814 57.286056, -122.298862 57.286467, -122.297917 57.286877, -122.297056 57.28732, -122.296349 57.287841, -122.295883 57.288476, -122.295587 57.289157, -122.295394 57.289837, -122.295239 57.290506, -122.295093 57.291172, -122.294955 57.291834, -122.29485 57.292466, -122.294703 57.293085, -122.294482 57.293679, -122.294205 57.294259, -122.293922 57.294853, -122.293709 57.29546, -122.293521 57.296101, -122.293343 57.296721, -122.293212 57.297383, -122.293069 57.29804, -122.292946 57.298717, -122.292773 57.299379, -122.292482 57.300009, -122.29212 57.300634, -122.291662 57.301233, -122.291173 57.301825, -122.290688 57.302411, -122.290309 57.303017, -122.290155 57.303666, -122.290336 57.304353, -122.290836 57.305046, -122.2916 57.305691, -122.292484 57.306267, -122.293429 57.306827, -122.294329 57.307373, -122.29515 57.307918, -122.295863 57.308439, -122.296344 57.308978, -122.296416 57.309555, -122.295961 57.310082, -122.295108 57.310407, -122.29412 57.310489, -122.293166 57.310383, -122.292212 57.310227, -122.29119 57.310041, -122.290151 57.309925, -122.28909 57.309927, -122.288033 57.310098, -122.287051 57.310439, -122.286223 57.3109, -122.285467 57.311363, -122.284599 57.311793, -122.283684 57.312149, -122.282719 57.312437, -122.281787 57.312683, -122.280869 57.312914, -122.279981 57.313143, -122.279094 57.313387, -122.278207 57.313639, -122.27738 57.313922, -122.276566 57.314222, -122.275839 57.314562, -122.275256 57.315006, -122.274926 57.31554, -122.274896 57.316113, -122.275209 57.316709, -122.275814 57.317277, -122.27658 57.317755, -122.27737 57.318195, -122.278082 57.318576, -122.278629 57.318975, -122.278877 57.319463, -122.278793 57.319959, -122.2782 57.320375, -122.277454 57.320689, -122.276766 57.321003, -122.276235 57.32138, -122.27595 57.321879, -122.275989 57.322438, -122.276367 57.323031, -122.277095 57.323579, -122.278003 57.324087, -122.2789 57.324618, -122.279704 57.32521, -122.280371 57.325837, -122.280768 57.326508, -122.280679 57.327245, -122.280121 57.327961, -122.279103 57.3286, -122.277808 57.329115, -122.276397 57.329541, -122.275034 57.329988, -122.273689 57.330452, -122.272391 57.330945, -122.271071 57.331438, -122.269729 57.33189, -122.268354 57.332257, -122.266937 57.332533, -122.265501 57.332738, -122.264103 57.332945, -122.26278 57.333167, -122.261501 57.333445, -122.260295 57.333797, -122.25919 57.334236, -122.258171 57.334785, -122.257237 57.335392, -122.256526 57.336104, -122.256113 57.336894, -122.255963 57.337724, -122.256053 57.338961, -122.256259 57.339773, -122.256552 57.340556, -122.256906 57.341305, -122.257331 57.34201, -122.257839 57.342683, -122.258357 57.343315, -122.258693 57.343959, -122.258702 57.344628, -122.258313 57.345252, -122.257571 57.345762, -122.256723 57.346221, -122.256018 57.346809, -122.255547 57.347546, -122.255435 57.348372, -122.255662 57.349252, -122.256214 57.350072, -122.257099 57.350845, -122.258185 57.351521, -122.259402 57.352168, -122.259562 57.352252, -122.260603 57.352795, -122.261677 57.353495, -122.262575 57.354255, -122.263299 57.355075, -122.263854 57.355937, -122.264298 57.356805, -122.264681 57.357669, -122.265019 57.358544, -122.26533 57.359377, -122.265647 57.36021, -122.265951 57.361057, -122.266251 57.361878, -122.266512 57.362673, -122.266721 57.36347, -122.266826 57.364254, -122.266822 57.365018, -122.266692 57.365759, -122.26649 57.366483, -122.266218 57.367192, -122.265893 57.367889, -122.265517 57.368591, -122.265054 57.369263, -122.26454 57.36993, -122.263986 57.370595, -122.263389 57.371264, -122.262792 57.371934, -122.262211 57.372625, -122.261672 57.373376, -122.261309 57.374216, -122.26121 57.37513, -122.261346 57.376066, -122.261743 57.377042, -122.262333 57.377991, -122.263013 57.378925, -122.263599 57.379847, -122.264106 57.380796, -122.264525 57.381771, -122.264866 57.38276, -122.265117 57.383745, -122.265354 57.384716, -122.265607 57.3857, -122.265863 57.386655, -122.266158 57.387619, -122.266503 57.388559, -122.266923 57.389485, -122.267436 57.390398, -122.267989 57.391291, -122.268648 57.392152, -122.269402 57.392976, -122.270278 57.393782, -122.271264 57.394517, -122.272371 57.395196, -122.273615 57.395798, -122.274945 57.39628, -122.276295 57.39668, -122.277554 57.397054, -122.278785 57.397396, -122.280026 57.397656, -122.281352 57.39775, -122.282727 57.397605, -122.283984 57.397205, -122.284945 57.396548, -122.285539 57.395718, -122.286006 57.394852, -122.286457 57.39398, -122.286886 57.393108, -122.287292 57.392234, -122.287713 57.391401, -122.28818 57.39059, -122.288627 57.389778, -122.288975 57.388963, -122.289154 57.388139, -122.289217 57.38732, -122.289148 57.386503, -122.289025 57.385706, -122.288909 57.384905, -122.288803 57.384089, -122.2887 57.38327, -122.288672 57.382486, -122.288695 57.381699, -122.288794 57.38092, -122.289016 57.380158, -122.289354 57.379403, -122.289903 57.378673, -122.290682 57.377997, -122.291637 57.377383, -122.29273 57.376857, -122.293893 57.376383, -122.295087 57.37595, -122.296248 57.375562, -122.297403 57.375195, -122.298518 57.374881, -122.299604 57.374636, -122.30059 57.374475, -122.301518 57.374404, -122.302417 57.374454, -122.303231 57.374657, -122.303944 57.374952, -122.304678 57.375274, -122.305439 57.375624, -122.306231 57.375956, -122.307083 57.376289, -122.308378 57.37678, -122.309702 57.37728, -122.310922 57.377884, -122.311986 57.378604, -122.312943 57.379309, -122.313775 57.380022, -122.314481 57.380755, -122.314831 57.381605, -122.314752 57.3826, -122.31441 57.383674, -122.313642 57.384773, -122.312448 57.385818, -122.311182 57.386791, -122.310233 57.387779, -122.309655 57.388823, -122.309654 57.389864, -122.310277 57.390785, -122.311463 57.391473, -122.312976 57.391841, -122.314539 57.391979, -122.316063 57.391964, -122.317391 57.391728, -122.318495 57.391322, -122.319106 57.390971, -122.319631 57.390573, -122.31996 57.390128, -122.320097 57.389611, -122.320054 57.389065, -122.319983 57.388508, -122.319902 57.387924, -122.319877 57.387348, -122.320106 57.386735, -122.320699 57.386122, -122.321593 57.385539, -122.322658 57.384999, -122.32389 57.3845, -122.32524 57.384069, -122.326676 57.383717, -122.328169 57.383395, -122.329694 57.38311, -122.331217 57.382859, -122.332761 57.382634, -122.334306 57.382423, -122.335796 57.38219, -122.337236 57.38195, -122.338559 57.38167, -122.339755 57.381322, -122.340841 57.380906, -122.341854 57.380436, -122.342826 57.379953, -122.343837 57.379475, -122.34496 57.379024, -122.346225 57.378627, -122.347599 57.378307, -122.348898 57.378058, -122.349279 57.377977, -122.35062 57.378534, -122.35196 57.379093, -122.353316 57.379648, -122.354682 57.380231, -122.355985 57.380849, -122.357103 57.381553, -122.358016 57.382373, -122.358737 57.383252, -122.359298 57.384159, -122.359719 57.3851, -122.359994 57.386069, -122.360138 57.387024, -122.360185 57.38796, -122.360158 57.388885, -122.360079 57.389807, -122.359994 57.390576, -122.362056 57.394163, -122.366807 57.395889, -122.375239 57.396578, -122.382471 57.396731, -122.390636 57.397958, -122.395645 57.401345, -122.397749 57.404132, -122.392852 57.407078, -122.388529 57.407712, -122.38249 57.409158, -122.378916 57.410516, -122.373375 57.412579, -122.365794 57.413259, -122.362511 57.41724, -122.345421 57.42292, -122.334478 57.424577, -122.335502 57.425625, -122.336457 57.426603, -122.337488 57.427658, -122.338211 57.428398, -122.337095 57.429446, -122.333307 57.433003, -122.328173 57.429629, -122.328131 57.429627, -122.328029 57.429614, -122.32793 57.429595, -122.327837 57.429569, -122.32775 57.429538, -122.327672 57.4295, -122.325615 57.428389, -122.324839 57.428345, -122.322767 57.428832, -122.322749 57.428836, -122.322692 57.428847, -122.320434 57.429244, -122.320346 57.429257, -122.320257 57.429264, -122.320166 57.429266, -122.320076 57.429263, -122.319603 57.429231, -122.318371 57.430182, -122.318573 57.430898, -122.318582 57.430952, -122.318579 57.431006, -122.318564 57.43106, -122.318537 57.431112, -122.318498 57.431162, -122.318449 57.431209, -122.318389 57.431253, -122.31832 57.431292, -122.318243 57.431327, -122.318159 57.431356, -122.318068 57.43138, -122.317433 57.431521, -122.317343 57.431538, -122.316185 57.431715, -122.3149 57.432355, -122.315074 57.432855, -122.315086 57.432901, -122.315088 57.432947, -122.315082 57.432993, -122.314906 57.433752, -122.314889 57.433804, -122.31486 57.433854, -122.314821 57.433902, -122.314771 57.433947, -122.314712 57.433989, -122.314644 57.434027, -122.314568 57.43406, -122.314486 57.434088, -122.313576 57.43436, -122.313486 57.434383, -122.313392 57.4344, -122.313295 57.434411, -122.313196 57.434416, -122.313097 57.434414, -122.312999 57.434406, -122.312904 57.434392, -122.312812 57.434372, -122.312725 57.434346, -122.311438 57.433907, -122.311162 57.434109, -122.310821 57.434833, -122.310809 57.434855, -122.310526 57.43535, -122.311276 57.436694, -122.312598 57.438272, -122.313791 57.438834, -122.316665 57.43934, -122.316759 57.43936, -122.316847 57.439385, -122.316928 57.439416, -122.317003 57.439453, -122.317068 57.439493, -122.317124 57.439538, -122.318574 57.440858, -122.318619 57.440906, -122.318654 57.440956, -122.318677 57.441008, -122.318688 57.441062, -122.318841 57.442595, -122.318841 57.442643, -122.318833 57.442686, -122.318291 57.444631, -122.318271 57.444684, -122.318239 57.444734, -122.318196 57.444782, -122.318142 57.444828, -122.318079 57.444869, -122.318008 57.444906, -122.317928 57.444938, -122.3148 57.446056, -122.31471 57.446084, -122.314614 57.446106, -122.314514 57.446121, -122.314412 57.446129, -122.314308 57.446131, -122.31173 57.446079, -122.310854 57.446785, -122.308606 57.448789, -122.307498 57.450736, -122.307461 57.450788, -122.307413 57.450838, -122.307353 57.450884, -122.307282 57.450925, -122.307203 57.450962, -122.307116 57.450993, -122.307023 57.451017, -122.306924 57.451036, -122.306822 57.451047, -122.306718 57.451052, -122.306614 57.451049, -122.306511 57.45104, -122.306411 57.451024, -122.306316 57.451001, -122.304999 57.450632, -122.301775 57.450918, -122.299652 57.451941, -122.299571 57.451975, -122.299484 57.452003, -122.299391 57.452026, -122.299293 57.452042, -122.299192 57.452052, -122.29909 57.452055, -122.298988 57.452051, -122.298887 57.452041, -122.29879 57.452024, -122.298697 57.452001, -122.29861 57.451971, -122.298531 57.451937, -122.29846 57.451897, -122.298398 57.451853, -122.298347 57.451805, -122.298308 57.451754, -122.29828 57.451701, -122.298041 57.451108, -122.296232 57.450591, -122.294968 57.450799, -122.294891 57.45081, -122.294812 57.450817, -122.289319 57.451133, -122.289224 57.451136, -122.28913 57.451133, -122.289036 57.451123, -122.288945 57.451109, -122.288858 57.451089, -122.288776 57.451063, -122.288699 57.451033, -122.28863 57.450998, -122.285807 57.449422, -122.284388 57.449568, -122.282829 57.449806, -122.282816 57.449808, -122.282797 57.449811, -122.281248 57.450013, -122.281165 57.450022, -122.281067 57.450026, -122.279896 57.450037, -122.279796 57.450035, -122.279697 57.450026, -122.279601 57.45001, -122.279508 57.449989, -122.279422 57.449962, -122.279342 57.449929, -122.277475 57.449069, -122.276358 57.448787, -122.275203 57.449457, -122.274689 57.450174, -122.27465 57.45022, -122.274601 57.450263, -122.274544 57.450304, -122.274479 57.45034, -122.274407 57.450373, -122.270919 57.451758, -122.270839 57.451786, -122.270754 57.451809, -122.270664 57.451826, -122.270571 57.451838, -122.268746 57.452014, -122.267561 57.45282, -122.267508 57.452852, -122.267449 57.452882, -122.267385 57.452909, -122.26563 57.453569, -122.265545 57.453597, -122.265455 57.453619, -122.265361 57.453635, -122.265263 57.453646, -122.265164 57.45365, -122.265065 57.453647, -122.264 57.453587, -122.261872 57.453686, -122.26158 57.454279, -122.260833 57.455856, -122.260805 57.455904, -122.260768 57.45595, -122.260721 57.455993, -122.260665 57.456033, -122.260601 57.45607, -122.260531 57.456102, -122.260454 57.45613, -122.260371 57.456154, -122.257537 57.456849, -122.255037 57.45751, -122.254951 57.45753, -122.254861 57.457544, -122.254768 57.457553, -122.254675 57.457556, -122.254581 57.457553, -122.254488 57.457545, -122.254398 57.457531, -122.253091 57.45729, -122.252078 57.457489, -122.250101 57.459299, -122.25009 57.459309, -122.248458 57.46072, -122.2484 57.460764, -122.248332 57.460804, -122.248257 57.460839, -122.248174 57.46087, -122.248084 57.460894, -122.24799 57.460913, -122.247893 57.460925, -122.247793 57.460931, -122.247693 57.460931, -122.247594 57.460924, -122.247496 57.460911, -122.247403 57.460891, -122.247314 57.460866, -122.247232 57.460835, -122.244971 57.459875, -122.241835 57.459614, -122.239795 57.460494, -122.239715 57.460524, -122.239629 57.46055, -122.239538 57.460569, -122.239443 57.460583, -122.239346 57.460591, -122.239247 57.460592, -122.23915 57.460587, -122.239053 57.460577, -122.238029 57.460426, -122.235168 57.46151, -122.235093 57.461535, -122.235013 57.461556, -122.234929 57.461573, -122.234842 57.461584, -122.234754 57.46159, -122.234664 57.461592, -122.233508 57.461574, -122.230884 57.461883, -122.230791 57.461891, -122.230697 57.461893, -122.230604 57.46189, -122.230512 57.461881, -122.230422 57.461867, -122.230336 57.461847, -122.228472 57.461352, -122.226815 57.461672, -122.226727 57.461686, -122.226637 57.461695, -122.226546 57.461699, -122.224479 57.461717, -122.223306 57.461893, -122.22079 57.462526, -122.220695 57.462546, -122.220597 57.46256, -122.220497 57.462567, -122.219719 57.462598, -122.219629 57.462599, -122.21954 57.462594, -122.219452 57.462585, -122.219366 57.462571, -122.219284 57.462551, -122.217331 57.462025, -122.217241 57.461997, -122.217159 57.461963, -122.217085 57.461924, -122.217021 57.461881, -122.216367 57.461376, -122.21445 57.460615, -122.212743 57.460823, -122.201174 57.463044, -122.19286 57.46828, -122.189212 57.468328, -122.186139 57.470996, -122.185124 57.471784, -122.18407 57.472617, -122.183438 57.4732, -122.182972 57.473814, -122.182648 57.474709, -122.182631 57.474756, -122.182799 57.475685, -122.183191 57.476285, -122.18423 57.477076, -122.185164 57.477532, -122.186737 57.478165, -122.187784 57.478603, -122.189189 57.479368, -122.189358 57.47952, -122.190204 57.480284, -122.19059 57.480892, -122.190631 57.480957, -122.190892 57.481653, -122.191203 57.482682, -122.191547 57.483703, -122.191811 57.484384, -122.192275 57.485377, -122.193168 57.486242, -122.194006 57.486736, -122.195487 57.487329, -122.197178 57.487799, -122.199055 57.488122, -122.200373 57.488274, -122.202405 57.488429, -122.204482 57.488563, -122.20588 57.488682, -122.207279 57.488796, -122.209447 57.48904, -122.21088 57.489243, -122.212904 57.489671, -122.214101 57.490093, -122.215537 57.490902, -122.216725 57.491813, -122.217641 57.492784, -122.218186 57.493423, -122.219268 57.494323, -122.220214 57.494817, -122.22133 57.4952, -122.2226 57.495449, -122.224587 57.495583, -122.226589 57.495444, -122.227859 57.495168, -122.229563 57.49455, -122.230673 57.494115, -122.232508 57.493634, -122.234507 57.493488, -122.23648 57.493688, -122.238442 57.494045, -122.24039 57.49436, -122.241692 57.494526, -122.243597 57.494745, -122.244855 57.494899, -122.246673 57.495188, -122.247847 57.495442, -122.249496 57.495922, -122.250538 57.496286, -122.25156 57.496651, -122.252592 57.496978, -122.254188 57.497409, -122.255156 57.497713, -122.256321 57.498279, -122.257137 57.498923, -122.257543 57.499628, -122.257385 57.500147, -122.256449 57.500904, -122.255614 57.501361, -122.254729 57.501803, -122.253828 57.50224, -122.25244 57.502868, -122.251484 57.503254, -122.250028 57.503817, -122.249 57.50415, -122.247343 57.50453, -122.246163 57.504698, -122.24438 57.504877, -122.242646 57.505089, -122.241559 57.505295, -122.240142 57.505779, -122.239235 57.506539, -122.239177 57.507083, -122.239134 57.507484, -122.239805 57.508456, -122.240519 57.50908, -122.241106 57.509551, -122.241671 57.510004, -122.242499 57.510613, -122.2439 57.511468, -122.243928 57.511482, -122.245486 57.512261, -122.246117 57.512542, -122.246594 57.512754, -122.24828 57.513457, -122.249348 57.51397, -122.250675 57.514867, -122.25135 57.515531, -122.251846 57.51624, -122.252341 57.517325, -122.252643 57.518439, -122.252653 57.518486, -122.252717 57.518798, -122.252797 57.519187, -122.252964 57.519932, -122.253375 57.521029, -122.253898 57.52173, -122.255167 57.522626, -122.2569 57.523296, -122.258207 57.523643, -122.260177 57.524054, -122.262264 57.524385, -122.263671 57.524577, -122.2651 57.524731, -122.267289 57.524859, -122.268895 57.524814, -122.269516 57.524705, -122.269607 57.524692, -122.2697 57.524685, -122.269795 57.524683, -122.269889 57.524687, -122.269981 57.524697, -122.270071 57.524712, -122.270114 57.524722, -122.27089 57.52463, -122.272801 57.524121, -122.273849 57.523612, -122.275072 57.522694, -122.276134 57.521709, -122.277311 57.520779, -122.27817 57.520209, -122.278354 57.520126, -122.278408 57.519913, -122.278427 57.51986, -122.278459 57.519809, -122.278501 57.51976, -122.278555 57.519714, -122.278618 57.519672, -122.27869 57.519634, -122.27877 57.519602, -122.278857 57.519574, -122.278949 57.519553, -122.279046 57.519537, -122.279145 57.519528, -122.279245 57.519525, -122.279689 57.519528, -122.279758 57.519497, -122.281515 57.518934, -122.282715 57.518596, -122.284474 57.518107, -122.286175 57.517569, -122.287904 57.517124, -122.289134 57.516995, -122.291048 57.517048, -122.292342 57.517168, -122.293605 57.517269, -122.294657 57.517342, -122.297192 57.517448, -122.297287 57.517455, -122.29738 57.517467, -122.29747 57.517486, -122.297555 57.51751, -122.297635 57.517539, -122.2977 57.517569, -122.2987 57.517647, -122.300606 57.51779, -122.302487 57.517911, -122.303727 57.518019, -122.305535 57.518273, -122.306329 57.518482, -122.306497 57.518279, -122.308594 57.519362, -122.309502 57.519826, -122.31111 57.520353, -122.313076 57.520453, -122.314436 57.520341, -122.316407 57.520145, -122.317697 57.520011, -122.319111 57.519889, -122.319711 57.519838, -122.320183 57.519841, -122.321012 57.519847, -122.321145 57.519848, -122.322598 57.519994, -122.324028 57.520282, -122.326064 57.520903, -122.32797 57.521674, -122.329207 57.522222, -122.33098 57.523081, -122.331235 57.523211, -122.33215 57.523677, -122.33388 57.524589, -122.335263 57.525346, -122.3356 57.52553, -122.336786 57.526132, -122.338717 57.52691, -122.340899 57.5274, -122.342419 57.527569, -122.344729 57.527613, -122.346203 57.527509, -122.347596 57.527285, -122.348934 57.527016, -122.350258 57.526753, -122.351019 57.526619, -122.352239 57.526405, -122.353578 57.526226, -122.354928 57.526079, -122.356838 57.525815, -122.358544 57.525391, -122.359829 57.524753, -122.36035 57.524206, -122.360438 57.523386, -122.360016 57.52291, -122.359232 57.522562, -122.358218 57.522323, -122.356512 57.522011, -122.355424 57.521655, -122.355088 57.521467, -122.354509 57.521143, -122.353634 57.520121, -122.353433 57.51897, -122.353638 57.518212, -122.354334 57.517102, -122.355153 57.516009, -122.356053 57.514934, -122.356861 57.514276, -122.357996 57.513752, -122.359366 57.513423, -122.360911 57.513241, -122.362495 57.513153, -122.36488 57.513084, -122.367266 57.513015, -122.368879 57.512968, -122.37125 57.512986, -122.3728 57.513115, -122.375082 57.513474, -122.376589 57.513756, -122.378078 57.514052, -122.378098 57.514055, -122.379573 57.514315, -122.381842 57.514643, -122.384159 57.514801, -122.38643 57.514778, -122.388584 57.514567, -122.39048 57.514123, -122.392126 57.513538, -122.393128 57.513137, -122.39466 57.512625, -122.395758 57.512359, -122.397552 57.512115, -122.399306 57.511792, -122.400399 57.511516, -122.402003 57.511148, -122.403047 57.510956, -122.4072 57.511516, -122.408108 57.511884, -122.408992 57.512258, -122.410307 57.51278, -122.411641 57.513198, -122.412575 57.513338, -122.413492 57.51333, -122.414727 57.513013, -122.415377 57.512669, -122.41612 57.512105, -122.416691 57.51149, -122.416996 57.511046, -122.417192 57.51059, -122.417506 57.50991, -122.417709 57.509253, -122.417749 57.50881, -122.417614 57.508158, -122.417348 57.507532, -122.417142 57.507121, -122.417 57.506472, -122.417192 57.505789, -122.417244 57.50568, -122.417527 57.505101, -122.417606 57.504647, -122.417424 57.503977, -122.417269 57.503499, -122.417297 57.502783, -122.417702 57.50234, -122.41865 57.501813, -122.419426 57.501547, -122.420627 57.501241, -122.421473 57.501086, -122.422326 57.50099, -122.423702 57.500857, -122.425148 57.500625, -122.426137 57.50042, -122.427666 57.500105, -122.429181 57.49976, -122.430158 57.499498, -122.431063 57.499204, -122.432313 57.498678, -122.433297 57.498048, -122.434079 57.49734, -122.434545 57.496862, -122.435182 57.496115, -122.43559 57.495617, -122.435967 57.495077, -122.436476 57.494252, -122.43702 57.493419, -122.43765 57.492575, -122.43815 57.492025, -122.438991 57.491209, -122.44014 57.490536, -122.441061 57.490196, -122.442557 57.489804, -122.443532 57.489542, -122.444943 57.489085, -122.446281 57.488575, -122.44717 57.48822, -122.448546 57.487774, -122.450026 57.487433, -122.451044 57.487256, -122.452579 57.487009, -122.453593 57.486858, -122.455124 57.486645, -122.456612 57.486424, -122.4576 57.486295, -122.459026 57.486081, -122.459936 57.48587, -122.460774 57.485559, -122.461491 57.485168, -122.462523 57.484536, -122.463352 57.484214, -122.464847 57.484023, -122.465937 57.484129, -122.467594 57.484559, -122.469188 57.485117, -122.470777 57.48566, -122.471596 57.485862, -122.475637 57.486141, -122.475798 57.486196, -122.475909 57.486191, -122.477539 57.485939, -122.478511 57.485691, -122.479972 57.485338, -122.480919 57.4851, -122.482255 57.484675, -122.483161 57.48435, -122.484462 57.483781, -122.485256 57.483375, -122.486421 57.482749, -122.487597 57.482149, -122.488818 57.481608, -122.489667 57.481292, -122.490551 57.480973, -122.491451 57.480694, -122.492858 57.480287, -122.493832 57.480024, -122.495357 57.47969, -122.496424 57.479529, -122.498009 57.479388, -122.499046 57.479378, -122.500569 57.479382, -122.502012 57.479271, -122.503223 57.478816, -122.504034 57.478034, -122.50473 57.477147, -122.505263 57.476555, -122.505836 57.475985, -122.506767 57.475166, -122.507792 57.474388, -122.508527 57.473885, -122.509646 57.473175, -122.510705 57.472455, -122.511695 57.47172, -122.512315 57.471219, -122.512908 57.470707, -122.513757 57.469916, -122.514313 57.469397, -122.515233 57.468663, -122.515886 57.468197, -122.516509 57.46774, -122.517192 57.467329, -122.518357 57.466771, -122.519236 57.466481, -122.52019 57.466245, -122.521713 57.466107, -122.523323 57.466238, -122.524831 57.466551, -122.525727 57.46681, -122.526958 57.467265, -122.527781 57.467529, -122.529151 57.46777, -122.530048 57.467858, -122.530938 57.467895, -122.53192 57.467859, -122.53222 57.467848, -122.533057 57.467775, -122.534304 57.467551, -122.535121 57.467355, -122.536368 57.467045, -122.537188 57.466796, -122.538329 57.466331, -122.538368 57.46631, -122.539033 57.465952, -122.539655 57.465535, -122.54045 57.464854, -122.540982 57.464074, -122.541189 57.463526, -122.541607 57.462716, -122.542125 57.462238, -122.543216 57.461682, -122.544555 57.461363, -122.545473 57.461229, -122.546838 57.460985, -122.547762 57.4608, -122.549181 57.460654, -122.550647 57.460574, -122.552144 57.460486, -122.553659 57.460388, -122.554659 57.460331, -122.555123 57.460307, -122.556079 57.460244, -122.565269 57.459641, -122.566108 57.459792, -122.566775 57.460126, -122.567953 57.460482, -122.568916 57.460549, -122.569877 57.460481, -122.569896 57.460477, -122.571362 57.460194, -122.572348 57.459971, -122.573362 57.459813, -122.575977 57.460314, -122.583885 57.461828, -122.588948 57.463889, -122.600676 57.468647, -122.61253 57.474579, -122.614154 57.475293, -122.614335 57.475454, -122.615284 57.476301, -122.615803 57.47704, -122.616268 57.477779, -122.616875 57.478898, -122.617272 57.479618, -122.617939 57.480662, -122.618387 57.481305, -122.619117 57.482242, -122.619666 57.482817, -122.620678 57.483564, -122.621819 57.484171, -122.622722 57.484783, -122.622992 57.485253, -122.622696 57.485995, -122.621592 57.486565, -122.620585 57.486801, -122.618952 57.486995, -122.617322 57.487203, -122.615807 57.487586, -122.614943 57.488011, -122.614103 57.488854, -122.613786 57.489497, -122.613661 57.490129, -122.613589 57.490495, -122.613659 57.491499, -122.614235 57.492487, -122.615366 57.493359, -122.616881 57.494089, -122.618011 57.494486, -122.619841 57.495048, -122.621088 57.495419, -122.622747 57.496087, -122.624114 57.496913, -122.624858 57.497508, -122.625573 57.498479, -122.625675 57.499159, -122.62542 57.499846, -122.624481 57.500783, -122.623163 57.501638, -122.621759 57.502489, -122.621102 57.502937, -122.620394 57.503419, -122.619111 57.504385, -122.618271 57.505054, -122.617035 57.50606, -122.616244 57.506745, -122.615075 57.507778, -122.615065 57.507787, -122.614234 57.508485, -122.613388 57.50917, -122.612017 57.510188, -122.610663 57.511215, -122.609383 57.512299, -122.608644 57.513063, -122.607989 57.513854, -122.607448 57.514661, -122.606859 57.515908, -122.606575 57.516747, -122.606297 57.517577, -122.606058 57.518267, -122.606012 57.518401, -122.605336 57.519579, -122.604675 57.520268, -122.604653 57.52029, -122.603325 57.521229, -122.602294 57.521785, -122.601157 57.522279, -122.599953 57.522689, -122.598654 57.523015, -122.596638 57.523344, -122.594617 57.523629, -122.59259 57.523942, -122.591248 57.524205, -122.589284 57.524659, -122.587361 57.525171, -122.586259 57.525454, -122.586335 57.525903, -122.586338 57.525959, -122.586328 57.526015, -122.586305 57.526069, -122.58627 57.526122, -122.586223 57.526171, -122.586164 57.526218, -122.586096 57.526259, -122.586018 57.526297, -122.585933 57.526328, -122.585841 57.526354, -122.585743 57.526373, -122.585642 57.526386, -122.585539 57.526392, -122.585435 57.526391, -122.585332 57.526383, -122.585232 57.526368, -122.585136 57.526347, -122.585045 57.526319, -122.584152 57.526005, -122.584108 57.526017, -122.58278 57.526353, -122.581417 57.526648, -122.579311 57.526983, -122.577106 57.527191, -122.575626 57.527278, -122.573393 57.527414, -122.571943 57.527591, -122.569859 57.527984, -122.567862 57.528425, -122.565919 57.528907, -122.564067 57.529447, -122.56235 57.53009, -122.560759 57.530822, -122.559382 57.53163, -122.558262 57.532556, -122.557661 57.533213, -122.556861 57.534223, -122.556359 57.534892, -122.555879 57.535549, -122.555323 57.536535, -122.555133 57.537213, -122.555301 57.538233, -122.555715 57.538903, -122.556666 57.539846, -122.557504 57.540412, -122.558881 57.541223, -122.560154 57.542135, -122.561296 57.543181, -122.561983 57.543942, -122.56291 57.545125, -122.563475 57.54594, -122.563962 57.546773, -122.564397 57.547604, -122.564913 57.548845, -122.565154 57.54969, -122.565287 57.55095, -122.565249 57.551603, -122.565212 57.552233, -122.56516 57.55271, -122.564554 57.553594, -122.564899 57.554968, -122.564994 57.555049, -122.565029 57.556106, -122.565129 57.556982, -122.565451 57.558277, -122.565739 57.559142, -122.565874 57.559446, -122.566312 57.560435, -122.567177 57.561698, -122.567933 57.562512, -122.568747 57.563317, -122.569931 57.564425, -122.570015 57.564504, -122.570144 57.56464, -122.570775 57.565309, -122.571636 57.566551, -122.571837 57.567125, -122.571926 57.567381, -122.571893 57.568296, -122.571881 57.568651, -122.571586 57.569484, -122.571207 57.57032, -122.571087 57.570588, -122.570632 57.571597, -122.570066 57.572904, -122.569569 57.574212, -122.569257 57.575103, -122.568992 57.575987, -122.568693 57.577316, -122.56857 57.578632, -122.568566 57.578677, -122.568598 57.579592, -122.568679 57.580501, -122.568679 57.580508, -122.568705 57.580646, -122.568936 57.581893, -122.569222 57.58282, -122.569617 57.583727, -122.569799 57.584048, -122.57038 57.585076, -122.571314 57.586397, -122.572002 57.587251, -122.573002 57.588502, -122.573959 57.589768, -122.574853 57.591017, -122.575633 57.592284, -122.577353 57.594307, -122.578277 57.595033, -122.579727 57.596099, -122.580689 57.596786, -122.581622 57.597472, -122.583021 57.598439, -122.583837 57.598951, -122.584447 57.599334, -122.585908 57.600184, -122.587426 57.600979, -122.588495 57.601453, -122.589514 57.601879, -122.590083 57.602116, -122.591113 57.602544, -122.592667 57.603172, -122.593693 57.603569, -122.595264 57.604148, -122.596368 57.604485, -122.598082 57.604886, -122.599893 57.605059, -122.601722 57.605001, -122.603483 57.604691, -122.604575 57.604396, -122.606135 57.603875, -122.607203 57.603556, -122.608322 57.603297, -122.610115 57.603113, -122.611333 57.603123, -122.613143 57.603325, -122.614315 57.603541, -122.615476 57.603807, -122.617098 57.604336, -122.618104 57.604764, -122.619427 57.605518, -122.620578 57.606355, -122.621306 57.606933, -122.622563 57.607713, -122.623493 57.608136, -122.624543 57.608495, -122.626242 57.608911, -122.627462 57.609041, -122.629271 57.608927, -122.629306 57.608915, -122.630834 57.608375, -122.632047 57.607612, -122.632838 57.607095, -122.634083 57.606355, -122.635019 57.605947, -122.636663 57.60544, -122.63841 57.605026, -122.639581 57.604758, -122.641264 57.604311, -122.642372 57.604003, -122.643521 57.603708, -122.644767 57.60346, -122.646788 57.60327, -122.648936 57.603202, -122.651088 57.603183, -122.653238 57.603133, -122.655396 57.603117, -122.656846 57.603138, -122.658971 57.603152, -122.660349 57.603204, -122.662351 57.60333, -122.663672 57.603448, -122.664083 57.603517, -122.665551 57.603764, -122.666738 57.604072, -122.667858 57.604451, -122.669425 57.605069, -122.670926 57.605654, -122.671873 57.606048, -122.673235 57.606633, -122.674102 57.607023, -122.674939 57.60756, -122.675168 57.607706, -122.676176 57.608411, -122.67696 57.608842, -122.677739 57.609268, -122.67846 57.609687, -122.678825 57.60992, -122.678848 57.609921, -122.680063 57.610268, -122.68077 57.610612, -122.681346 57.611319, -122.681195 57.611819, -122.680283 57.612458, -122.679198 57.613123, -122.678459 57.614048, -122.678125 57.614718, -122.677816 57.615392, -122.677407 57.616396, -122.677206 57.617072, -122.676976 57.618061, -122.676858 57.618678, -122.676712 57.619278, -122.676088 57.620081, -122.675011 57.620723, -122.674194 57.621095, -122.672959 57.621668, -122.672206 57.622105, -122.671301 57.622883, -122.670229 57.623629, -122.669439 57.624112, -122.668216 57.624844, -122.667417 57.625325, -122.666605 57.62579, -122.665795 57.626226, -122.664568 57.626893, -122.66337 57.62759, -122.662451 57.628388, -122.662152 57.629009, -122.662231 57.63, -122.663143 57.630543, -122.664833 57.631084, -122.666817 57.63121, -122.668232 57.631026, -122.670263 57.630415, -122.671522 57.629869, -122.672706 57.629263, -122.67445 57.628317, -122.675635 57.627702, -122.677524 57.626836, -122.678879 57.626321, -122.681122 57.625737, -122.682706 57.625463, -122.684307 57.625218, -122.686701 57.624867, -122.689107 57.62455, -122.691556 57.624283, -122.69321 57.624112, -122.695694 57.623871, -122.697319 57.623715, -122.698934 57.62356, -122.700517 57.623407, -122.702829 57.623179, -122.705031 57.622947, -122.706439 57.622791, -122.708503 57.622549, -122.709832 57.622382, -122.711864 57.622129, -122.713253 57.621993, -122.715364 57.6219, -122.717471 57.621753, -122.724483 57.618795, -122.725951 57.615138, -122.724692 57.612379, -122.725353 57.609222, -122.729793 57.606429, -122.735661 57.606387, -122.740252 57.608382, -122.748994 57.607284, -122.754718 57.608256, -122.758804 57.611506, -122.764159 57.612867, -122.775587 57.615074, -122.782958 57.6161, -122.78399 57.616554, -122.784281 57.617353, -122.783898 57.618267, -122.783432 57.618862, -122.782539 57.619719, -122.78193 57.620306, -122.781109 57.621197, -122.780605 57.621801, -122.779973 57.622735, -122.779492 57.623699, -122.779252 57.624355, -122.779041 57.625326, -122.778989 57.625981, -122.778922 57.62694, -122.77882 57.627572, -122.778634 57.628197, -122.778187 57.629109, -122.777864 57.629708, -122.777489 57.630629, -122.77724 57.631585, -122.777208 57.632231, -122.777231 57.633219, -122.777322 57.634158, -122.77762 57.635073, -122.777972 57.635649, -122.778737 57.63644, -122.779417 57.636881, -122.780626 57.637446, -122.781985 57.637885, -122.782868 57.638149, -122.783697 57.638387, -122.784726 57.638768, -122.78518 57.639117, -122.785375 57.639729, -122.785044 57.640339, -122.784845 57.64071, -122.785197 57.641222, -122.785912 57.64147, -122.786778 57.64163, -122.787727 57.641737, -122.789184 57.641858, -122.790624 57.642206, -122.791437 57.64262, -122.792137 57.643132, -122.793065 57.643931, -122.793684 57.644481, -122.794672 57.64523, -122.795205 57.645736, -122.795528 57.646559, -122.795123 57.647351, -122.794499 57.647794, -122.793353 57.648344, -122.79269 57.64874, -122.792307 57.649197, -122.792558 57.649921, -122.793253 57.650298, -122.794769 57.650569, -122.796401 57.650575, -122.797901 57.65066, -122.798964 57.651119, -122.796931 57.653053, -122.795732 57.653274, -122.793908 57.65362, -122.792737 57.653877, -122.791065 57.654302, -122.790023 57.654625, -122.789076 57.654989, -122.787786 57.65558, -122.786598 57.656171, -122.785735 57.656498, -122.784356 57.65689, -122.783425 57.657112, -122.782135 57.657451, -122.781027 57.65789, -122.780306 57.658489, -122.780001 57.659215, -122.7799 57.659708, -122.779809 57.66018, -122.779761 57.660649, -122.779651 57.661339, -122.779382 57.662018, -122.77898 57.662682, -122.778629 57.663106, -122.778018 57.663697, -122.777292 57.664256, -122.776726 57.66462, -122.775741 57.665106, -122.775031 57.66544, -122.774332 57.665815, -122.773484 57.666522, -122.773279 57.667405, -122.773664 57.668002, -122.774394 57.668539, -122.775906 57.669181, -122.776529 57.669338, -122.777102 57.669482, -122.779 57.669743, -122.780357 57.669774, -122.780925 57.669787, -122.782176 57.669683, -122.783916 57.669219, -122.785236 57.668436, -122.785976 57.667843, -122.787089 57.666922, -122.788342 57.666063, -122.789174 57.665495, -122.78997 57.664924, -122.790743 57.664374, -122.791946 57.663655, -122.792871 57.663347, -122.794446 57.663254, -122.795453 57.663493, -122.796276 57.663912, -122.797034 57.664765, -122.797201 57.665738, -122.79715 57.666704, -122.797228 57.66761, -122.79796 57.668436, -122.799409 57.669011, -122.800641 57.669178, -122.80262 57.66903, -122.804481 57.668538, -122.806315 57.667979, -122.807534 57.667611, -122.809425 57.667099, -122.811322 57.666609, -122.812622 57.666304, -122.813931 57.666069, -122.815311 57.665914, -122.816703 57.665868, -122.818125 57.665831, -122.819535 57.665774, -122.820926 57.665622, -122.822288 57.665394, -122.823604 57.665051, -122.824868 57.664628, -122.826095 57.664148, -122.827288 57.663636, -122.828434 57.6631, -122.829559 57.662529, -122.830631 57.661944, -122.831703 57.661347, -122.832739 57.660734, -122.833706 57.660089, -122.834598 57.659423, -122.835494 57.658741, -122.83634 57.658056, -122.837175 57.657386, -122.837952 57.65673, -122.838721 57.656114, -122.839462 57.655495, -122.840181 57.654896, -122.840847 57.654322, -122.841421 57.653753, -122.841841 57.653155, -122.842002 57.652531, -122.841934 57.651895, -122.841841 57.651622, -122.838308 57.649545, -122.835644 57.649467, -122.83065 57.649026, -122.826956 57.649033, -122.821765 57.648963, -122.820741 57.648238, -122.821693 57.646204, -122.825294 57.644702, -122.828994 57.642506, -122.831142 57.639766, -122.83646 57.637976, -122.845405 57.638287, -122.851517 57.639566, -122.852279 57.639751, -122.859174 57.641128, -122.864142 57.641318, -122.869095 57.640688, -122.875819 57.638817, -122.882547 57.638354, -122.887879 57.64035, -122.897163 57.64125, -122.904007 57.641938, -122.910291 57.641462, -122.915661 57.640023, -122.915754 57.640023, -122.919041 57.640012, -122.926819 57.641297, -122.933485 57.640504, -122.938145 57.639136, -122.945124 57.639755, -122.951293 57.638532, -122.955478 57.640231, -122.959505 57.643279, -122.959809 57.646583, -122.961349 57.64856, -122.967044 57.649127, -122.973177 57.647755, -122.975404 57.649902, -122.9764 57.652325, -122.9789 57.659837, -122.980457 57.663323, -122.982332 57.667392, -122.986436 57.674507, -122.99066 57.679088, -122.990977 57.686427, -122.986346 57.691079, -122.98304 57.69487, -122.974745 57.706141, -122.967405 57.714511, -122.959811 57.720563, -122.953641 57.727729, -122.945388 57.733906, -122.941909 57.735683, -122.930713 57.741489, -122.921058 57.747582, -122.910766 57.751671, -122.902788 57.757055, -122.893343 57.763066, -122.890756 57.768327, -122.892225 57.771733, -122.891549 57.778397, -122.8896 57.783605, -122.885146 57.787984, -122.879675 57.788159, -122.876407 57.787068, -122.876243 57.783198, -122.869279 57.782025, -122.869254 57.779406, -122.86814 57.77536, -122.86948 57.772198, -122.876796 57.767826, -122.879102 57.764777, -122.877725 57.762712, -122.874492 57.760082, -122.868659 57.758868, -122.862688 57.759575, -122.857897 57.763667, -122.850729 57.769104, -122.846561 57.774566, -122.84065 57.781315, -122.835261 57.787126, -122.825319 57.789583, -122.823369 57.789372, -122.82144 57.789163, -122.819579 57.789034, -122.817753 57.789019, -122.81607 57.789202, -122.814878 57.789694, -122.814223 57.790378, -122.814108 57.790563, -122.813753 57.791137, -122.812817 57.79176, -122.811508 57.791981, -122.810163 57.791841, -122.808884 57.791451, -122.807438 57.791, -122.805742 57.790677, -122.803858 57.79053, -122.801928 57.790394, -122.800069 57.790071, -122.798368 57.789579, -122.796699 57.789021, -122.795542 57.788673, -122.79374 57.788247, -122.792053 57.787864, -122.791043 57.787501, -122.79022 57.787064, -122.789241 57.786334, -122.788764 57.785798, -122.788145 57.784975, -122.787193 57.784211, -122.785684 57.78373, -122.783872 57.783717, -122.782024 57.783913, -122.780088 57.784063, -122.778109 57.78404, -122.776145 57.783853, -122.774115 57.783734, -122.772043 57.783779, -122.769981 57.783983, -122.767925 57.784259, -122.765847 57.784554, -122.763748 57.784839, -122.761576 57.78506, -122.75934 57.785143, -122.757083 57.785046, -122.754862 57.784818, -122.752642 57.784524, -122.750369 57.784238, -122.748039 57.784015, -122.745683 57.783721, -122.743401 57.783301, -122.741178 57.782799, -122.738925 57.782272, -122.736558 57.781821, -122.734073 57.781526, -122.731491 57.781446, -122.728926 57.781491, -122.726352 57.78153, -122.723809 57.781441, -122.721327 57.781205, -122.71885 57.780894, -122.716334 57.780539, -122.713829 57.780134, -122.711331 57.779688, -122.709665 57.779364, -122.707988 57.779013, -122.705491 57.778373, -122.703892 57.777878, -122.702285 57.777391, -122.699819 57.776718, -122.697304 57.776133, -122.694928 57.775497, -122.6932 57.774555, -122.692222 57.773401, -122.691478 57.772168, -122.690372 57.770992, -122.688917 57.769931, -122.685559 57.76709, -122.686001 57.765906, -122.686413 57.764701, -122.686864 57.763486, -122.687317 57.762272, -122.68774 57.761041, -122.688027 57.759771, -122.687956 57.75847, -122.687754 57.757163, -122.687549 57.755855, -122.687427 57.75458, -122.687709 57.753366, -122.688558 57.752309, -122.689976 57.751567, -122.691663 57.751468, -122.692574 57.751772, -122.693339 57.752569, -122.693537 57.753213, -122.693632 57.754263, -122.693669 57.755368, -122.693707 57.756125, -122.693781 57.757287, -122.693854 57.75807, -122.693994 57.759246, -122.69413 57.760431, -122.694142 57.761613, -122.694074 57.762744, -122.694238 57.763683, -122.694913 57.764229, -122.695894 57.764222, -122.69675 57.763734, -122.697442 57.762995, -122.697818 57.762121, -122.697908 57.761151, -122.697866 57.760138, -122.698233 57.759172, -122.69935 57.758485, -122.700931 57.758198, -122.702647 57.758294, -122.704193 57.758713, -122.705379 57.759426, -122.706279 57.760275, -122.707327 57.761021, -122.708278 57.761729, -122.70867 57.762523, -122.708631 57.763365, -122.708593 57.764267, -122.709035 57.765156, -122.710143 57.765901, -122.711729 57.766433, -122.713571 57.766641, -122.715444 57.766523, -122.717347 57.766446, -122.719176 57.76674, -122.720648 57.767444, -122.721965 57.768275, -122.72345 57.769034, -122.725273 57.769543, -122.727329 57.769675, -122.729382 57.769421, -122.731243 57.768848, -122.732765 57.767986, -122.734071 57.766995, -122.735338 57.765976, -122.736602 57.764942, -122.737785 57.763866, -122.738742 57.762699, -122.739267 57.761409, -122.739302 57.760052, -122.73895 57.758704, -122.738887 57.757411, -122.739722 57.756332, -122.741118 57.75549, -122.742637 57.754673, -122.744226 57.753841, -122.745748 57.753098, -122.728482 57.749865, -122.721398 57.748206, -122.713205 57.74652, -122.708728 57.740475, -122.707374 57.736881, -122.698168 57.727751, -122.686757 57.724796, -122.686205 57.723891, -122.678597 57.722812, -122.666452 57.721913, -122.661779 57.721973, -122.660968 57.72229, -122.660755 57.722796, -122.660728 57.722846, -122.660691 57.722893, -122.660645 57.722938, -122.660589 57.72298, -122.660524 57.723018, -122.660452 57.723052, -122.660373 57.723081, -122.660289 57.723105, -122.660199 57.723124, -122.660106 57.723137, -122.660043 57.723144, -122.656127 57.723609, -122.656032 57.723617, -122.655935 57.72362, -122.655839 57.723616, -122.655743 57.723607, -122.655651 57.723591, -122.655563 57.723571, -122.655479 57.723544, -122.655402 57.723513, -122.655332 57.723478, -122.653425 57.722391, -122.653368 57.722355, -122.653319 57.722316, -122.652898 57.721945, -122.650844 57.722105, -122.650807 57.722136, -122.650746 57.72218, -122.650676 57.72222, -122.650597 57.722255, -122.650511 57.722285, -122.650418 57.722309, -122.650321 57.722326, -122.648275 57.722622, -122.646268 57.722955, -122.646167 57.722968, -122.646064 57.722974, -122.64596 57.722974, -122.645857 57.722967, -122.645757 57.722953, -122.64566 57.722932, -122.645569 57.722905, -122.645485 57.722873, -122.645409 57.722835, -122.643617 57.721823, -122.641835 57.721342, -122.640311 57.720956, -122.638951 57.72098, -122.638855 57.720978, -122.638761 57.720971, -122.638669 57.720959, -122.63858 57.720941, -122.638495 57.720917, -122.63687 57.720402, -122.636842 57.720393, -122.636134 57.720148, -122.634807 57.720613, -122.634731 57.720636, -122.634651 57.720656, -122.634568 57.72067, -122.634483 57.72068, -122.634396 57.720685, -122.632845 57.720734, -122.631102 57.720835, -122.630058 57.721224, -122.629968 57.721253, -122.629872 57.721276, -122.629772 57.721292, -122.629669 57.721302, -122.629564 57.721304, -122.629459 57.7213, -122.629357 57.721288, -122.629257 57.72127, -122.629163 57.721246, -122.629075 57.721215, -122.628995 57.721179, -122.628924 57.721138, -122.628864 57.721092, -122.628814 57.721043, -122.628777 57.72099, -122.628751 57.720936, -122.628739 57.72088, -122.62874 57.720824, -122.628824 57.720184, -122.628831 57.720149, -122.62894 57.719756, -122.629022 57.719069, -122.629024 57.719055, -122.629111 57.718565, -122.629061 57.717204, -122.628328 57.715992, -122.628305 57.715945, -122.628291 57.715897, -122.628288 57.715848, -122.628294 57.715799, -122.628311 57.71575, -122.628337 57.715703, -122.628797 57.715018, -122.62647 57.71476, -122.626382 57.714748, -122.626296 57.71473, -122.626215 57.714708, -122.626139 57.714681, -122.626069 57.71465, -122.626006 57.714615, -122.624228 57.713519, -122.623313 57.71304, -122.622233 57.712999, -122.621557 57.713871, -122.621514 57.713918, -122.621461 57.713962, -122.621399 57.714003, -122.621328 57.714039, -122.62125 57.714071, -122.621166 57.714098, -122.621076 57.714119, -122.620982 57.714135, -122.620886 57.714144, -122.620788 57.714148, -122.620689 57.714145, -122.620593 57.714136, -122.620498 57.714122, -122.61792 57.71363, -122.617825 57.713608, -122.617737 57.713581, -122.617655 57.713548, -122.617582 57.713509, -122.617517 57.713467, -122.617463 57.71342, -122.61742 57.713371, -122.617389 57.713319, -122.617369 57.713265, -122.617363 57.71321, -122.617368 57.713156, -122.617386 57.713102, -122.617416 57.71305, -122.617458 57.713, -122.617511 57.712953, -122.617574 57.71291, -122.618725 57.712217, -122.619013 57.711399, -122.618442 57.710218, -122.618433 57.710197, -122.618427 57.710181, -122.618254 57.709633, -122.616777 57.708901, -122.616704 57.70886, -122.616642 57.708815, -122.616591 57.708766, -122.616551 57.708714, -122.616524 57.70866, -122.61651 57.708604, -122.616509 57.708548, -122.616522 57.708492, -122.616547 57.708438, -122.616585 57.708385, -122.616634 57.708336, -122.616695 57.70829, -122.616766 57.708249, -122.616847 57.708212, -122.616935 57.708182, -122.617029 57.708157, -122.618739 57.707787, -122.619179 57.706579, -122.619204 57.706527, -122.61924 57.706478, -122.619287 57.70643, -122.619345 57.706386, -122.619412 57.706346, -122.619487 57.706311, -122.61957 57.706281, -122.619659 57.706256, -122.619753 57.706237, -122.61985 57.706224, -122.61995 57.706217, -122.62005 57.706217, -122.620149 57.706223, -122.620247 57.706236, -122.622097 57.706536, -122.623007 57.706393, -122.622729 57.704844, -122.622328 57.704409, -122.619661 57.704581, -122.619573 57.704584, -122.619503 57.704583, -122.616186 57.704462, -122.615685 57.705243, -122.615645 57.705295, -122.615592 57.705344, -122.615529 57.705389, -122.615455 57.705429, -122.615372 57.705465, -122.615282 57.705494, -122.615185 57.705517, -122.615084 57.705534, -122.61498 57.705543, -122.614874 57.705546, -122.614769 57.705541, -122.614665 57.705529, -122.614565 57.705511, -122.614471 57.705485, -122.614383 57.705454, -122.614303 57.705417, -122.614232 57.705375, -122.614172 57.705329, -122.614123 57.705278, -122.614087 57.705225, -122.613769 57.704656, -122.611945 57.703466, -122.611888 57.703425, -122.611841 57.70338, -122.611803 57.703332, -122.611776 57.703282, -122.61176 57.703232, -122.611755 57.70318, -122.611761 57.703128, -122.611778 57.703078, -122.612028 57.702522, -122.610775 57.701761, -122.60926 57.701746, -122.609178 57.701743, -122.609097 57.701736, -122.609017 57.701724, -122.607052 57.701385, -122.606158 57.7016, -122.605783 57.70199, -122.606089 57.702605, -122.606109 57.702657, -122.606117 57.70271, -122.606114 57.702762, -122.606099 57.702815, -122.606072 57.702866, -122.606035 57.702914, -122.605987 57.702961, -122.60593 57.703003, -122.605863 57.703042, -122.605788 57.703077, -122.605706 57.703106, -122.605618 57.703131, -122.605526 57.703149, -122.60543 57.703162, -122.603189 57.703382, -122.603061 57.703537, -122.603081 57.70429, -122.603076 57.704346, -122.603058 57.704401, -122.603027 57.704455, -122.602983 57.704506, -122.602928 57.704554, -122.602862 57.704598, -122.602787 57.704637, -122.602702 57.704671, -122.602611 57.704699, -122.602514 57.70472, -122.602412 57.704735, -122.601035 57.704888, -122.601021 57.705185, -122.601013 57.705237, -122.600993 57.705288, -122.600963 57.705337, -122.600922 57.705385, -122.600871 57.705429, -122.600811 57.70547, -122.600742 57.705507, -122.600383 57.705679, -122.60031 57.70571, -122.600232 57.705737, -122.600148 57.705759, -122.60006 57.705775, -122.599969 57.705787, -122.599876 57.705793, -122.598265 57.705848, -122.597043 57.706196, -122.59743 57.706685, -122.597464 57.706736, -122.597486 57.70679, -122.597496 57.706845, -122.597493 57.7069, -122.597478 57.706954, -122.59745 57.707007, -122.59741 57.707058, -122.597359 57.707106, -122.597297 57.70715, -122.597226 57.707189, -122.597146 57.707224, -122.597059 57.707253, -122.596966 57.707277, -122.596868 57.707294, -122.596767 57.707304, -122.596664 57.707308, -122.596562 57.707305, -122.59646 57.707296, -122.596362 57.707279, -122.596268 57.707257, -122.59618 57.707229, -122.596099 57.707195, -122.596026 57.707156, -122.59521 57.70666, -122.595202 57.706655, -122.595153 57.706621, -122.59392 57.705683, -122.592679 57.704921, -122.592625 57.704883, -122.592578 57.704843, -122.59254 57.7048, -122.59251 57.704755, -122.592489 57.704709, -122.592478 57.704662, -122.592401 57.7041, -122.591846 57.703789, -122.591814 57.703771, -122.591758 57.703731, -122.591308 57.703377, -122.591258 57.703332, -122.591218 57.703284, -122.591189 57.703234, -122.591171 57.703183, -122.591164 57.703131, -122.591168 57.703079, -122.591183 57.703028, -122.59121 57.702978, -122.591248 57.702929, -122.591295 57.702884, -122.592033 57.702266, -122.590527 57.701716, -122.587887 57.701761, -122.587786 57.70176, -122.587686 57.701752, -122.587588 57.701737, -122.587494 57.701717, -122.587406 57.70169, -122.587324 57.701658, -122.58725 57.701621, -122.587185 57.70158, -122.58573 57.700529, -122.584773 57.700494, -122.58467 57.700487, -122.584568 57.700472, -122.584471 57.700452, -122.58438 57.700425, -122.584295 57.700392, -122.584219 57.700353, -122.584152 57.70031, -122.584096 57.700263, -122.584051 57.700213, -122.584019 57.700159, -122.583999 57.700104, -122.583992 57.700049, -122.583998 57.699993, -122.584104 57.699521, -122.583702 57.698399, -122.58369 57.698352, -122.583687 57.698304, -122.583694 57.698257, -122.58371 57.69821, -122.583735 57.698165, -122.584402 57.697161, -122.583498 57.696287, -122.582605 57.696157, -122.582516 57.696142, -122.582432 57.696121, -122.582352 57.696095, -122.582278 57.696065, -122.582211 57.696031, -122.582152 57.695992, -122.5821 57.695951, -122.582058 57.695907, -122.58137 57.69508, -122.579243 57.693999, -122.577522 57.693493, -122.577436 57.693464, -122.577356 57.693429, -122.577286 57.69339, -122.577225 57.693346, -122.577174 57.693298, -122.577134 57.693248, -122.577107 57.693195, -122.577091 57.693141, -122.577088 57.693087, -122.577097 57.693032, -122.57734 57.692182, -122.57711 57.692024, -122.576046 57.691806, -122.575953 57.691783, -122.575866 57.691754, -122.575785 57.69172, -122.575714 57.691681, -122.575651 57.691638, -122.575599 57.69159, -122.575559 57.69154, -122.57553 57.691488, -122.575513 57.691434, -122.575508 57.691379, -122.575516 57.691324, -122.575537 57.691271, -122.57557 57.691219, -122.576134 57.690475, -122.576169 57.690435, -122.57621 57.690397, -122.576259 57.690362, -122.577536 57.689517, -122.57599 57.688775, -122.575915 57.688733, -122.57587 57.688703, -122.57411 57.687384, -122.567294 57.686104, -122.563425 57.685501, -122.563327 57.685482, -122.563234 57.685457, -122.563148 57.685426, -122.56307 57.685389, -122.561437 57.684527, -122.561372 57.684488, -122.561316 57.684446, -122.56127 57.684401, -122.561233 57.684353, -122.560905 57.683839, -122.55967 57.683692, -122.559576 57.683678, -122.559486 57.683658, -122.5594 57.683632, -122.559321 57.683601, -122.559249 57.683566, -122.559186 57.683526, -122.557072 57.682046, -122.557021 57.682006, -122.556978 57.681962, -122.556944 57.681917, -122.556919 57.681869, -122.556905 57.681821, -122.5569 57.681772, -122.556906 57.681723, -122.557266 57.680048, -122.555868 57.677808, -122.555842 57.677757, -122.55526 57.676261, -122.552356 57.674954, -122.549261 57.674091, -122.549186 57.674067, -122.549115 57.674039, -122.54905 57.674007, -122.547865 57.673355, -122.545537 57.672292, -122.545516 57.672282, -122.545506 57.672277, -122.543527 57.671278, -122.541034 57.671827, -122.540614 57.672081, -122.540544 57.672118, -122.540465 57.672151, -122.54038 57.672179, -122.54029 57.672201, -122.540195 57.672218, -122.540097 57.672228, -122.539998 57.672232, -122.539899 57.672229, -122.5398 57.672221, -122.539705 57.672206, -122.539613 57.672185, -122.539527 57.672159, -122.539447 57.672127, -122.539374 57.67209, -122.538094 57.671361, -122.536107 57.671012, -122.536009 57.670991, -122.535917 57.670963, -122.535832 57.67093, -122.535756 57.670892, -122.535689 57.670848, -122.535633 57.6708, -122.535588 57.670749, -122.535556 57.670696, -122.535537 57.67064, -122.535531 57.670584, -122.535537 57.670528, -122.535558 57.670473, -122.53559 57.670419, -122.535635 57.670369, -122.537375 57.668687, -122.536182 57.667312, -122.534679 57.667726, -122.534582 57.667749, -122.534481 57.667765, -122.534378 57.667774, -122.534272 57.667776, -122.534168 57.667771, -122.534065 57.667759, -122.533966 57.667741, -122.533872 57.667715, -122.533784 57.667684, -122.533705 57.667647, -122.531516 57.666492, -122.529055 57.667071, -122.528729 57.667752, -122.528697 57.667804, -122.528654 57.667854, -122.5286 57.667901, -122.528535 57.667943, -122.528461 57.667981, -122.528379 57.668015, -122.52829 57.668042, -122.528196 57.668063, -122.528097 57.668079, -122.527996 57.668087, -122.527893 57.668089, -122.527791 57.668084, -122.527691 57.668073, -122.527594 57.668055, -122.527501 57.668031, -122.527415 57.668, -122.527337 57.667965, -122.527267 57.667925, -122.527207 57.66788, -122.527158 57.667832, -122.526056 57.666585, -122.524934 57.666422, -122.524835 57.666404, -122.524741 57.666379, -122.524653 57.666348, -122.524573 57.666312, -122.524502 57.666271, -122.524441 57.666225, -122.522641 57.664671, -122.521594 57.66459, -122.521516 57.664582, -122.521413 57.664565, -122.520293 57.664334, -122.51783 57.666038, -122.517762 57.66608, -122.517685 57.666116, -122.5176 57.666148, -122.517509 57.666173, -122.517412 57.666193, -122.517312 57.666205, -122.51721 57.666212, -122.517107 57.666211, -122.517005 57.666204, -122.516905 57.66619, -122.516809 57.66617, -122.516719 57.666143, -122.516635 57.666111, -122.51656 57.666074, -122.516493 57.666032, -122.516437 57.665986, -122.516392 57.665936, -122.516358 57.665884, -122.516337 57.66583, -122.516328 57.665775, -122.516274 57.664634, -122.515526 57.664107, -122.514353 57.664261, -122.514267 57.66427, -122.514179 57.664274, -122.514092 57.664273, -122.514004 57.664267, -122.513105 57.664181, -122.510619 57.665417, -122.510539 57.665452, -122.510452 57.665482, -122.510358 57.665505, -122.51026 57.665523, -122.510159 57.665533, -122.510056 57.665537, -122.509952 57.665534, -122.509035 57.665477, -122.508943 57.665468, -122.508852 57.665454, -122.508766 57.665435, -122.506843 57.664935, -122.506754 57.664908, -122.506672 57.664876, -122.506597 57.664838, -122.506532 57.664796, -122.506477 57.66475, -122.505775 57.664074, -122.505738 57.664034, -122.505708 57.663992, -122.505687 57.663948, -122.505674 57.663904, -122.505457 57.662805, -122.505169 57.662077, -122.502425 57.662046, -122.501397 57.662536, -122.501316 57.66257, -122.501227 57.662599, -122.501133 57.662621, -122.501034 57.662637, -122.500932 57.662647, -122.500829 57.662649, -122.500726 57.662645, -122.500625 57.662634, -122.500526 57.662617, -122.500433 57.662593, -122.500346 57.662564, -122.500266 57.662528, -122.50016 57.662475, -122.500099 57.662441, -122.500045 57.662404, -122.499999 57.662365, -122.49996 57.662322, -122.49897 57.661072, -122.497752 57.66047, -122.49769 57.660436, -122.497635 57.660398, -122.497588 57.660358, -122.497549 57.660315, -122.497518 57.66027, -122.497497 57.660223, -122.497444 57.660071, -122.497432 57.660019, -122.497431 57.659967, -122.497441 57.659916, -122.497462 57.659865, -122.497494 57.659816, -122.497537 57.659769, -122.497589 57.659725, -122.497651 57.659685, -122.497721 57.659649, -122.497798 57.659617, -122.497881 57.65959, -122.49797 57.659569, -122.499157 57.659328, -122.499995 57.658889, -122.500078 57.658851, -122.50015 57.658825, -122.501691 57.658333, -122.501762 57.658313, -122.501837 57.658296, -122.501914 57.658283, -122.501994 57.658275, -122.502357 57.658245, -122.502124 57.657514, -122.500467 57.657629, -122.500368 57.657633, -122.499667 57.657637, -122.497483 57.657804, -122.494751 57.658599, -122.493275 57.659473, -122.493235 57.659495, -122.493194 57.659515, -122.491363 57.660342, -122.491324 57.660359, -122.4913 57.660368, -122.489263 57.661124, -122.489225 57.661137, -122.488395 57.661411, -122.487274 57.663352, -122.487237 57.663404, -122.487188 57.663454, -122.487128 57.6635, -122.487057 57.663541, -122.486977 57.663578, -122.48689 57.663609, -122.486796 57.663633, -122.484267 57.664197, -122.482502 57.665157, -122.482979 57.665804, -122.484711 57.666445, -122.484743 57.666458, -122.487642 57.667656, -122.487721 57.667693, -122.487791 57.667735, -122.48785 57.667781, -122.487898 57.667831, -122.487934 57.667884, -122.487957 57.667939, -122.487967 57.667995, -122.487964 57.668051, -122.487948 57.668107, -122.487082 57.670219, -122.486643 57.671546, -122.487523 57.672869, -122.48755 57.67292, -122.487567 57.672972, -122.487571 57.673024, -122.487565 57.673077, -122.487546 57.673128, -122.487517 57.673178, -122.487477 57.673226, -122.487426 57.673271, -122.487366 57.673313, -122.487298 57.673351, -122.487221 57.673384, -122.484116 57.674574, -122.484039 57.6746, -122.483956 57.674622, -122.48387 57.674639, -122.483781 57.67465, -122.48369 57.674657, -122.483598 57.674658, -122.481583 57.67462, -122.480564 57.675336, -122.48055 57.675345, -122.480523 57.675362, -122.478806 57.676392, -122.478612 57.677891, -122.480871 57.679477, -122.482332 57.680012, -122.48241 57.680044, -122.48248 57.680081, -122.482542 57.680122, -122.482594 57.680167, -122.482636 57.680215, -122.482667 57.680265, -122.482687 57.680316, -122.482696 57.680369, -122.482693 57.680422, -122.482678 57.680474, -122.482653 57.680525, -122.481001 57.683149, -122.482801 57.684311, -122.482861 57.684354, -122.48291 57.684401, -122.482948 57.684451, -122.482975 57.684503, -122.48299 57.684556, -122.482994 57.684609, -122.482985 57.684663, -122.482964 57.684716, -122.482932 57.684766, -122.482888 57.684815, -122.482834 57.68486, -122.481175 57.686083, -122.480906 57.687235, -122.481263 57.68779, -122.48129 57.687843, -122.481305 57.687898, -122.481307 57.687953, -122.481246 57.688749, -122.481238 57.688794, -122.481221 57.688839, -122.481196 57.688882, -122.481163 57.688924, -122.48084 57.689279, -122.480841 57.689285, -122.482175 57.690398, -122.482224 57.690444, -122.482262 57.690494, -122.482289 57.690546, -122.482304 57.690599, -122.482307 57.690653, -122.482298 57.690706, -122.482277 57.690759, -122.482245 57.69081, -122.482201 57.690858, -122.482147 57.690903, -122.482083 57.690945, -122.480951 57.691595, -122.481123 57.692037, -122.481137 57.692087, -122.48114 57.692137, -122.481132 57.692188, -122.481114 57.692238, -122.481086 57.692286, -122.481047 57.692332, -122.481445 57.693838, -122.481452 57.693881, -122.481452 57.693924, -122.481444 57.693966, -122.481429 57.694008, -122.480887 57.695182, -122.480963 57.695858, -122.480964 57.695906, -122.480955 57.695954, -122.480936 57.696001, -122.480908 57.696046, -122.480871 57.69609, -122.480765 57.696201, -122.480711 57.696249, -122.480647 57.696292, -122.480574 57.696332, -122.480492 57.696366, -122.480402 57.696394, -122.480307 57.696416, -122.480207 57.696432, -122.480105 57.696441, -122.480001 57.696444, -122.479897 57.696439, -122.479796 57.696428, -122.479697 57.69641, -122.479604 57.696385, -122.479517 57.696355, -122.479438 57.696319, -122.479367 57.696278, -122.479307 57.696233, -122.479257 57.696184, -122.479219 57.696132, -122.479194 57.696078, -122.479057 57.695689, -122.479055 57.695684, -122.478815 57.694958, -122.4784 57.694492, -122.478041 57.694463, -122.477566 57.695305, -122.477642 57.695744, -122.477644 57.695751, -122.477646 57.695783, -122.477653 57.696577, -122.478244 57.697469, -122.478847 57.697489, -122.479258 57.697366, -122.479339 57.697345, -122.479425 57.697328, -122.479513 57.697317, -122.479602 57.697311, -122.479693 57.697309, -122.479783 57.697313, -122.481584 57.697447, -122.481682 57.697458, -122.481778 57.697474, -122.481869 57.697497, -122.481954 57.697525, -122.482032 57.697559, -122.482103 57.697598, -122.482164 57.69764, -122.482215 57.697686, -122.482255 57.697736, -122.482285 57.697787, -122.482302 57.69784, -122.482308 57.697894, -122.482301 57.697947, -122.482283 57.698, -122.481504 57.699663, -122.481479 57.699707, -122.481446 57.69975, -122.481301 57.69991, -122.481277 57.699935, -122.48075 57.700434, -122.480693 57.700481, -122.480626 57.700524, -122.48055 57.700562, -122.480455 57.700603, -122.480865 57.701768, -122.483844 57.704124, -122.483884 57.704154, -122.483938 57.7042, -122.483981 57.70425, -122.484013 57.704301, -122.484032 57.704355, -122.48404 57.704409, -122.484035 57.704464, -122.484017 57.704517, -122.483988 57.704569, -122.483947 57.704619, -122.483895 57.704666, -122.483833 57.704709, -122.483761 57.704748, -122.483681 57.704782, -122.483595 57.70481, -122.483502 57.704833, -122.483405 57.704849, -122.483305 57.704859, -122.483203 57.704863, -122.483101 57.70486, -122.483001 57.70485, -122.482904 57.704834, -122.482811 57.704812, -122.482723 57.704783, -122.480937 57.704125, -122.48012 57.70385, -122.477967 57.704735, -122.477892 57.704763, -122.477811 57.704786, -122.477727 57.704804, -122.476285 57.705068, -122.476189 57.705082, -122.476091 57.70509, -122.475992 57.705092, -122.475893 57.705087, -122.475796 57.705076, -122.475701 57.70506, -122.475612 57.705037, -122.475527 57.705009, -122.47545 57.704976, -122.47538 57.704938, -122.47532 57.704896, -122.475269 57.704851, -122.475228 57.704802, -122.474931 57.704382, -122.4749 57.70433, -122.474882 57.704276, -122.474876 57.704221, -122.474883 57.704166, -122.474902 57.704112, -122.474934 57.70406, -122.474978 57.70401, -122.475032 57.703963, -122.475097 57.703921, -122.475171 57.703882, -122.475253 57.703849, -122.475342 57.703822, -122.476518 57.70351, -122.476133 57.703175, -122.473184 57.703014, -122.473076 57.703004, -122.473024 57.702995, -122.473007 57.702993, -122.472956 57.702984, -122.47286 57.702965, -122.472768 57.702939, -122.472684 57.702908, -122.472607 57.702871, -122.47254 57.70283, -122.472482 57.702784, -122.472435 57.702735, -122.4724 57.702683, -122.472378 57.70263, -122.472367 57.702575, -122.472369 57.70252, -122.472384 57.702466, -122.472402 57.702423, -122.472766 57.701479, -122.471492 57.700872, -122.471384 57.700822, -122.470032 57.700499, -122.469396 57.701093, -122.46955 57.702601, -122.46955 57.702653, -122.469538 57.702705, -122.469515 57.702755, -122.469482 57.702804, -122.468658 57.703815, -122.468613 57.703862, -122.468558 57.703906, -122.468494 57.703947, -122.468421 57.703983, -122.468341 57.704014, -122.468254 57.70404, -122.468163 57.70406, -122.468067 57.704074, -122.467969 57.704083, -122.46787 57.704085, -122.467772 57.70408, -122.467674 57.70407, -122.46758 57.704053, -122.46749 57.704031, -122.467406 57.704003, -122.465581 57.70332, -122.465504 57.703287, -122.465434 57.70325, -122.465374 57.703208, -122.465322 57.703163, -122.465281 57.703115, -122.465251 57.703064, -122.465232 57.703013, -122.465225 57.70296, -122.465229 57.702907, -122.465384 57.702107, -122.464295 57.701112, -122.464256 57.701073, -122.464225 57.701031, -122.464202 57.700988, -122.46395 57.700414, -122.462128 57.699943, -122.462048 57.699919, -122.461973 57.699891, -122.461905 57.699859, -122.461843 57.699822, -122.461789 57.699783, -122.460649 57.698832, -122.460069 57.698375, -122.456463 57.697991, -122.45559 57.698275, -122.455502 57.698299, -122.45541 57.698318, -122.455314 57.698332, -122.455215 57.698339, -122.45237 57.698449, -122.452265 57.69845, -122.452161 57.698443, -122.449804 57.698218, -122.449706 57.698206, -122.449611 57.698187, -122.449522 57.698162, -122.449439 57.698132, -122.449363 57.698097, -122.449296 57.698057, -122.449238 57.698013, -122.44919 57.697966, -122.449153 57.697916, -122.448762 57.697273, -122.447829 57.696937, -122.447105 57.696716, -122.446735 57.696672, -122.445374 57.697287, -122.445294 57.69732, -122.445207 57.697346, -122.445115 57.697367, -122.445019 57.697382, -122.44492 57.697391, -122.44482 57.697394, -122.44472 57.69739, -122.444622 57.697379, -122.444527 57.697363, -122.444436 57.697341, -122.44435 57.697313, -122.443256 57.696903, -122.422695 57.693858, -122.421615 57.694045, -122.421575 57.694052, -122.421517 57.694059, -122.418537 57.69437, -122.416654 57.694819, -122.414938 57.69552, -122.414866 57.695547, -122.414789 57.695569, -122.414707 57.695587, -122.413968 57.695726, -122.412438 57.697021, -122.412376 57.697066, -122.412305 57.697107, -122.412224 57.697143, -122.412136 57.697173, -122.412042 57.697197, -122.411942 57.697215, -122.41184 57.697226, -122.411735 57.69723, -122.410413 57.697233, -122.410307 57.69723, -122.410203 57.69722, -122.410102 57.697203, -122.410006 57.697179, -122.409917 57.697149, -122.409835 57.697113, -122.409762 57.697072, -122.4097 57.697026, -122.409649 57.696976, -122.40961 57.696924, -122.409584 57.696869, -122.40957 57.696813, -122.40957 57.696757, -122.409584 57.6967, -122.40961 57.696646, -122.409649 57.696593, -122.410427 57.695715, -122.410575 57.695287, -122.41024 57.694427, -122.408354 57.693906, -122.406753 57.694077, -122.405865 57.695212, -122.40547 57.696022, -122.406477 57.696597, -122.406738 57.69672, -122.406811 57.696759, -122.406874 57.696802, -122.406927 57.69685, -122.406968 57.6969, -122.406998 57.696952, -122.407016 57.697007, -122.407021 57.697062, -122.407013 57.697116, -122.406993 57.69717, -122.40639 57.698391, -122.40636 57.698441, -122.406318 57.698489, -122.406267 57.698533, -122.406205 57.698575, -122.406136 57.698612, -122.406058 57.698645, -122.405974 57.698672, -122.405885 57.698694, -122.405791 57.69871, -122.405695 57.698721, -122.405596 57.698725, -122.405498 57.698723, -122.402811 57.698584, -122.400595 57.70032, -122.400088 57.700809, -122.401254 57.701405, -122.401313 57.701439, -122.401378 57.701486, -122.402598 57.702505, -122.403819 57.702804, -122.405983 57.703213, -122.408389 57.703595, -122.408449 57.703606, -122.408533 57.703626, -122.409701 57.703947, -122.409787 57.703974, -122.409866 57.704006, -122.409938 57.704044, -122.41 57.704085, -122.410053 57.70413, -122.410096 57.704179, -122.410128 57.704229, -122.410148 57.704281, -122.410156 57.704335, -122.410194 57.705155, -122.410191 57.705208, -122.410176 57.705261, -122.410149 57.705313, -122.41011 57.705362, -122.409416 57.706125, -122.409367 57.706172, -122.409307 57.706215, -122.409238 57.706254, -122.409161 57.706289, -122.409077 57.706318, -122.408987 57.706342, -122.408892 57.70636, -122.408794 57.706372, -122.408694 57.706377, -122.408593 57.706376, -122.408494 57.706368, -122.408397 57.706354, -122.408303 57.706335, -122.408215 57.706309, -122.408133 57.706278, -122.408059 57.706241, -122.407037 57.705679, -122.405843 57.70601, -122.405755 57.706031, -122.405662 57.706047, -122.405567 57.706057, -122.404547 57.706126, -122.404171 57.707228, -122.404421 57.707459, -122.404466 57.707506, -122.404499 57.707556, -122.404522 57.707608, -122.404533 57.70766, -122.404598 57.708332, -122.404807 57.708873, -122.406762 57.708535, -122.406862 57.708521, -122.406964 57.708514, -122.407067 57.708514, -122.407169 57.70852, -122.407269 57.708533, -122.407365 57.708552, -122.407456 57.708578, -122.407541 57.708609, -122.407618 57.708646, -122.407685 57.708687, -122.407743 57.708733, -122.40779 57.708782, -122.407825 57.708834, -122.407849 57.708887, -122.408146 57.709831, -122.408186 57.709905, -122.408209 57.70996, -122.408218 57.710015, -122.408215 57.710071, -122.408199 57.710126, -122.408171 57.710179, -122.40813 57.71023, -122.408078 57.710278, -122.408015 57.710323, -122.407942 57.710362, -122.40786 57.710397, -122.407772 57.710426, -122.407677 57.710449, -122.407577 57.710465, -122.407475 57.710475, -122.406221 57.710552, -122.405898 57.710974, -122.405854 57.711022, -122.4058 57.711068, -122.405736 57.711109, -122.405663 57.711146, -122.405582 57.711179, -122.405495 57.711206, -122.405402 57.711227, -122.40481 57.711339, -122.404385 57.711734, -122.4042 57.712544, -122.404182 57.712595, -122.404155 57.712644, -122.404116 57.712691, -122.404068 57.712736, -122.404011 57.712777, -122.403945 57.712815, -122.403872 57.712848, -122.403792 57.712877, -122.403706 57.7129, -122.403616 57.712918, -122.401442 57.713281, -122.401357 57.713292, -122.401271 57.713299, -122.401184 57.713301, -122.401097 57.713298, -122.401011 57.71329, -122.399943 57.713165, -122.39985 57.713151, -122.399761 57.713131, -122.399677 57.713106, -122.399599 57.713077, -122.399527 57.713042, -122.399463 57.713004, -122.399408 57.712962, -122.399365 57.712924, -122.397392 57.712254, -122.397313 57.712224, -122.39724 57.712188, -122.397176 57.712149, -122.397121 57.712105, -122.397076 57.712059, -122.397041 57.71201, -122.397017 57.711959, -122.397005 57.711907, -122.397004 57.711855, -122.397014 57.711802, -122.397036 57.711751, -122.397069 57.711702, -122.397659 57.710952, -122.396892 57.710481, -122.396156 57.7103, -122.396063 57.710273, -122.395977 57.71024, -122.395899 57.710202, -122.395831 57.710158, -122.394412 57.709128, -122.392142 57.708617, -122.3906 57.708442, -122.390539 57.708493, -122.390478 57.708538, -122.390407 57.708579, -122.390326 57.708614, -122.390239 57.708644, -122.390145 57.708668, -122.390046 57.708686, -122.389944 57.708696, -122.38984 57.7087, -122.386398 57.708716, -122.386297 57.708713, -122.386198 57.708704, -122.386101 57.708688, -122.386009 57.708667, -122.385922 57.708639, -122.385842 57.708607, -122.38577 57.708569, -122.385707 57.708527, -122.384905 57.707926, -122.383827 57.707571, -122.380737 57.706729, -122.380652 57.706702, -122.380574 57.70667, -122.380502 57.706634, -122.38044 57.706593, -122.380387 57.706549, -122.380344 57.706501, -122.380311 57.706452, -122.38029 57.7064, -122.38028 57.706348, -122.380282 57.706295, -122.380096 57.705359, -122.379443 57.70491, -122.378247 57.704732, -122.37815 57.704714, -122.378058 57.70469, -122.377972 57.70466, -122.377893 57.704625, -122.377823 57.704585, -122.377106 57.70412, -122.377045 57.704075, -122.376995 57.704026, -122.376957 57.703974, -122.37693 57.703921, -122.376917 57.703866, -122.376916 57.70381, -122.376928 57.703755, -122.376953 57.703701, -122.37699 57.703649, -122.377039 57.7036, -122.377098 57.703555, -122.377168 57.703514, -122.377247 57.703477, -122.377333 57.703447, -122.377426 57.703422, -122.378125 57.703263, -122.377818 57.702733, -122.376966 57.702742, -122.376863 57.702739, -122.376762 57.70273, -122.376664 57.702714, -122.37657 57.702692, -122.376481 57.702664, -122.374948 57.702107, -122.374865 57.702073, -122.374791 57.702033, -122.374726 57.701989, -122.374673 57.701941, -122.374631 57.70189, -122.374601 57.701836, -122.374584 57.701781, -122.37458 57.701725, -122.374636 57.700606, -122.374572 57.700536, -122.372712 57.700192, -122.372625 57.700173, -122.372542 57.700149, -122.372465 57.70012, -122.372395 57.700087, -122.372332 57.700049, -122.371211 57.699306, -122.371156 57.699265, -122.371111 57.699222, -122.371075 57.699176, -122.371048 57.699129, -122.371031 57.69908, -122.371025 57.69903, -122.371017 57.698725, -122.371022 57.698673, -122.371037 57.698622, -122.371064 57.698572, -122.371101 57.698524, -122.371148 57.698479, -122.371204 57.698437, -122.371804 57.698041, -122.371809 57.696804, -122.371574 57.696797, -122.370497 57.696942, -122.370403 57.696951, -122.370308 57.696955, -122.370213 57.696953, -122.370119 57.696945, -122.370027 57.696932, -122.369939 57.696913, -122.369855 57.696889, -122.369776 57.69686, -122.367663 57.695979, -122.367639 57.695969, -122.366795 57.695589, -122.363083 57.695862, -122.352608 57.691212, -122.332352 57.68787, -122.324901 57.687558, -122.312302 57.682786, -122.302359 57.677798, -122.297295 57.675472, -122.295429 57.674616, -122.28631 57.671254, -122.278161 57.667318, -122.26883 57.660521, -122.264926 57.656247, -122.261359 57.651568, -122.260396 57.640846, -122.260079 57.640689, -122.259523 57.640482, -122.257851 57.640162, -122.257767 57.640143, -122.257687 57.64012, -122.257613 57.640092, -122.257544 57.640059, -122.257483 57.640023, -122.257429 57.639983, -122.254955 57.637929, -122.251571 57.63605, -122.251503 57.636007, -122.251445 57.635959, -122.251399 57.635909, -122.251365 57.635855, -122.249836 57.632825, -122.248932 57.632444, -122.248861 57.63241, -122.248798 57.632372, -122.248743 57.632331, -122.2458 57.629841, -122.24359 57.628988, -122.243511 57.628953, -122.24344 57.628914, -122.243379 57.62887, -122.243329 57.628823, -122.243289 57.628773, -122.243261 57.62872, -122.243246 57.628666, -122.243242 57.628612, -122.243412 57.62522, -122.242752 57.624467, -122.240503 57.622938, -122.236321 57.621989, -122.232378 57.624445, -122.232322 57.624477, -122.232268 57.624503, -122.228151 57.626273, -122.226579 57.627066, -122.225515 57.627864, -122.224666 57.628612, -122.224408 57.629544, -122.224387 57.629598, -122.224353 57.629651, -122.224307 57.629701, -122.22425 57.629747, -122.224183 57.629789, -122.224107 57.629827, -122.224022 57.629859, -122.223931 57.629885, -122.223835 57.629906, -122.223734 57.629919, -122.223631 57.629926, -122.223527 57.629926, -122.223424 57.629919, -122.223324 57.629906, -122.219917 57.629322, -122.216918 57.629174, -122.216898 57.629172, -122.216793 57.629162, -122.214632 57.628872, -122.214532 57.628855, -122.214436 57.628831, -122.214347 57.628801, -122.214266 57.628766, -122.214193 57.628725, -122.214131 57.628679, -122.21408 57.62863, -122.214041 57.628578, -122.214014 57.628523, -122.214 57.628467, -122.214 57.628411, -122.214012 57.628355, -122.214038 57.6283, -122.215222 57.626353, -122.2154 57.625163, -122.215314 57.624404, -122.204787 57.618083, -122.156869 57.626969, -122.14979 57.638348, -122.149756 57.638394, -122.149734 57.638418, -122.137761 57.650394, -122.128516 57.671207, -122.133126 57.679204, -122.134789 57.682061, -122.135577 57.683425, -122.141333 57.68427, -122.149929 57.684781, -122.150028 57.68479, -122.150124 57.684806, -122.150216 57.684827, -122.150302 57.684854, -122.150382 57.684887, -122.150454 57.684924, -122.15214 57.685912, -122.152202 57.685953, -122.152255 57.685998, -122.152298 57.686046, -122.152329 57.686097, -122.15235 57.686148, -122.152359 57.686201, -122.152465 57.688154, -122.152463 57.688203, -122.152451 57.688252, -122.152429 57.688299, -122.152397 57.688345, -122.152356 57.688389, -122.152307 57.68843, -122.152249 57.688468, -122.147589 57.691227, -122.14428 57.69455, -122.155685 57.698239, -122.156064 57.698244, -122.156153 57.698248, -122.156241 57.698256, -122.156326 57.69827, -122.156409 57.698288, -122.158134 57.698733, -122.162145 57.69521, -122.162256 57.694154, -122.162267 57.694102, -122.16229 57.69405, -122.162324 57.694001, -122.162369 57.693954, -122.162423 57.69391, -122.162487 57.693869, -122.166096 57.691855, -122.166163 57.691822, -122.166236 57.691792, -122.166315 57.691768, -122.166398 57.691747, -122.166485 57.691732, -122.166575 57.691722, -122.173395 57.691161, -122.173489 57.691156, -122.173583 57.691157, -122.173676 57.691164, -122.173767 57.691175, -122.178329 57.691916, -122.178421 57.691934, -122.178509 57.691958, -122.178591 57.691987, -122.178666 57.692021, -122.178733 57.692059, -122.178791 57.692102, -122.180225 57.693296, -122.182703 57.694949, -122.183964 57.694846, -122.184064 57.694841, -122.184164 57.694843, -122.184263 57.694851, -122.18436 57.694865, -122.184453 57.694885, -122.184541 57.694911, -122.184622 57.694943, -122.184696 57.69498, -122.186397 57.695929, -122.186428 57.695947, -122.187674 57.696723, -122.187733 57.696765, -122.187783 57.696811, -122.187823 57.696859, -122.187851 57.69691, -122.187868 57.696962, -122.187874 57.697014, -122.187868 57.697067, -122.187339 57.699447, -122.187605 57.700459, -122.188442 57.701458, -122.188478 57.70151, -122.188503 57.701564, -122.188514 57.70162, -122.188512 57.701676, -122.188498 57.701731, -122.188471 57.701785, -122.188431 57.701836, -122.186905 57.703522, -122.186854 57.703571, -122.186791 57.703616, -122.186719 57.703657, -122.186637 57.703692, -122.186548 57.703722, -122.186453 57.703745, -122.186353 57.703762, -122.186249 57.703772, -122.186144 57.703776, -122.18604 57.703772, -122.185937 57.703761, -122.180169 57.702952, -122.18008 57.702937, -122.18007 57.702935, -122.175914 57.702048, -122.173814 57.701798, -122.172319 57.701713, -122.16963 57.702252, -122.167874 57.702832, -122.163963 57.705621, -122.164321 57.709208, -122.164321 57.709261, -122.164309 57.709313, -122.164285 57.709364, -122.164251 57.709413, -122.164206 57.70946, -122.164151 57.709504, -122.164087 57.709543, -122.164015 57.709579, -122.163936 57.70961, -122.160113 57.710918, -122.160049 57.710938, -122.159981 57.710955, -122.159911 57.710969, -122.15235 57.71223, -122.111159 57.727408, -122.108373 57.743332, -122.108363 57.743371, -122.108345 57.743413, -122.107558 57.744889, -122.107115 57.747744, -122.1071 57.7478, -122.107072 57.747854, -122.107031 57.747906, -122.106979 57.747954, -122.106916 57.747999, -122.106842 57.748039, -122.10676 57.748074, -122.106671 57.748104, -122.104551 57.748702, -122.104813 57.751369, -122.104813 57.751417, -122.104802 57.751467, -122.102355 57.759207, -122.103559 57.762876, -122.105139 57.765056, -122.108161 57.767322, -122.108212 57.767366, -122.108254 57.767413, -122.108286 57.767462, -122.109613 57.770014, -122.109632 57.770058, -122.109642 57.770102, -122.109643 57.770147, -122.109637 57.770192, -122.108172 57.776181, -122.108156 57.776228, -122.10813 57.776274, -122.108096 57.776318, -122.108053 57.776359, -122.096875 57.785967, -122.095986 57.789073, -122.095981 57.789086, -122.095959 57.789135, -122.095234 57.790413, -122.095207 57.790454, -122.095172 57.790494, -122.095129 57.790532, -122.09508 57.790567, -122.091921 57.792616, -122.091853 57.792656, -122.091777 57.79269, -122.091694 57.792719, -122.091605 57.792743, -122.091511 57.792762, -122.091414 57.792774, -122.091314 57.79278, -122.091215 57.792779, -122.091116 57.792773, -122.091019 57.79276, -122.090925 57.792741, -122.090837 57.792716, -122.090755 57.792686, -122.09068 57.792651, -122.090613 57.792612, -122.090555 57.792568, -122.089172 57.791379, -122.082627 57.788117, -122.067734 57.787178, -122.061152 57.789021, -122.061065 57.789042, -122.060974 57.789058, -122.06088 57.789068, -122.060785 57.789072, -122.060689 57.789071, -122.060595 57.789064, -122.060502 57.789051, -122.060413 57.789032, -122.05366 57.787401, -122.049799 57.791433, -122.058831 57.797228, -122.065322 57.798848, -122.066797 57.798045, -122.066867 57.798011, -122.066944 57.797981, -122.067027 57.797956, -122.067115 57.797937, -122.067206 57.797922, -122.0673 57.797913, -122.067395 57.79791, -122.069763 57.79791, -122.069867 57.797914, -122.069969 57.797924, -122.070068 57.797941, -122.070162 57.797964, -122.070251 57.797993, -122.070755 57.798184, -122.070835 57.798219, -122.070905 57.798258, -122.070967 57.798301, -122.071018 57.798348, -122.071058 57.798398, -122.071087 57.79845, -122.071104 57.798503, -122.071108 57.798557, -122.0711 57.798612, -122.07108 57.798665, -122.071048 57.798716, -122.071005 57.798765, -122.07095 57.798811, -122.070886 57.798853, -122.070813 57.798891, -122.068951 57.799736, -122.068013 57.800333, -122.067944 57.800372, -122.067867 57.800406, -122.067783 57.800435, -122.067693 57.800459, -122.067599 57.800476, -122.067501 57.800488, -122.067401 57.800493, -122.063523 57.800575, -122.058979 57.802354, -122.058993 57.805323, -122.058987 57.805377, -122.05897 57.805429, -122.058941 57.80548, -122.0589 57.805529, -122.05885 57.805575, -122.058789 57.805618, -122.058719 57.805656, -122.056171 57.806896, -122.056089 57.806931, -122.055999 57.80696, -122.055903 57.806983, -122.055803 57.807, -122.055699 57.80701, -122.055594 57.807013, -122.055489 57.807009, -122.055386 57.806998, -122.055286 57.80698, -122.055191 57.806955, -122.055103 57.806925, -122.055022 57.806889, -122.05495 57.806848, -122.054889 57.806802, -122.054839 57.806753, -122.054801 57.8067, -122.054775 57.806646, -122.054763 57.80659, -122.054763 57.806534, -122.055088 57.803962, -122.053452 57.803425, -122.053374 57.803396, -122.053303 57.803363, -122.053239 57.803325, -122.053183 57.803284, -122.053137 57.803239, -122.050725 57.800595, -122.050694 57.800555, -122.048882 57.797938, -122.041952 57.795958, -122.041867 57.79593, -122.041789 57.795897, -122.041719 57.795859, -122.041658 57.795817, -122.041606 57.795772, -122.041565 57.795723, -122.041535 57.795673, -122.041516 57.795621, -122.041509 57.795568, -122.041487 57.794518, -122.040193 57.787255, -122.04019 57.7872, -122.040199 57.787146, -122.04022 57.787093, -122.040253 57.787041, -122.040298 57.786992, -122.040353 57.786947, -122.040419 57.786905, -122.040493 57.786867, -122.042711 57.785885, -122.045965 57.78022, -122.045995 57.780177, -122.046034 57.780135, -122.04608 57.780096, -122.048727 57.778085, -122.048792 57.778042, -122.048866 57.778004, -122.048949 57.77797, -122.049038 57.777942, -122.049133 57.777921, -122.049233 57.777905, -122.049335 57.777897, -122.049439 57.777895, -122.049542 57.7779, -122.049643 57.777911, -122.049741 57.77793, -122.052086 57.778455, -122.057258 57.776487, -122.04849 57.776637, -122.045345 57.774112, -122.045823 57.771004, -122.045204 57.767958, -122.042805 57.764978, -122.038444 57.762574, -122.031468 57.759754, -122.026076 57.757526, -122.020262 57.754874, -122.016154 57.752515, -122.011149 57.750231, -122.004519 57.749142, -121.99707 57.7487, -121.989564 57.748151, -121.979476 57.74757, -121.969533 57.747466, -121.962188 57.747723, -121.952329 57.749139, -121.945057 57.750531, -121.935073 57.752111, -121.92841 57.751961, -121.921981 57.751308, -121.913839 57.750809, -121.906304 57.750913, -121.898882 57.751806, -121.894167 57.752718, -121.88744 57.754286, -121.880799 57.754178, -121.876249 57.752082, -121.873506 57.749099, -121.869867 57.744979, -121.865929 57.742461, -121.863577 57.740896, -121.858355 57.739813, -121.849827 57.739862, -121.848847 57.741366, -121.84881 57.741414, -121.848763 57.741459, -121.848706 57.741501, -121.848641 57.741539, -121.848568 57.741573, -121.848489 57.741602, -121.848403 57.741626, -121.848313 57.741645, -121.802117 57.74966, -121.80202 57.749673, -121.80192 57.74968, -121.80182 57.749681, -121.80172 57.749676, -121.801623 57.749664, -121.801528 57.749646, -121.774583 57.743532, -121.745081 57.76235, -121.746636 57.763467, -121.755755 57.769085, -121.755817 57.769128, -121.755868 57.769175, -121.755909 57.769224, -121.755938 57.769276, -121.755955 57.769329, -121.75596 57.769383, -121.755953 57.769437, -121.755934 57.76949, -121.755903 57.769541, -121.75586 57.769591, -121.755807 57.769637, -121.755744 57.769679, -121.753513 57.770999, -121.745602 57.77781, -121.745543 57.777854, -121.745476 57.777894, -121.7454 57.777929, -121.745316 57.777959, -121.745227 57.777983, -121.745133 57.778002, -121.745035 57.778014, -121.744935 57.77802, -121.744835 57.77802, -121.744735 57.778014, -121.744637 57.778001, -121.744543 57.777982, -121.744454 57.777957, -121.744371 57.777926, -121.744296 57.777891, -121.744229 57.777851, -121.744171 57.777807, -121.744124 57.77776, -121.743202 57.776691, -121.74141 57.77607, -121.737939 57.777044, -121.737343 57.777325, -121.73726 57.777359, -121.73717 57.777388, -121.737073 57.777411, -121.736972 57.777426, -121.736868 57.777435, -121.736763 57.777437, -121.736658 57.777432, -121.736555 57.77742, -121.736456 57.777401, -121.736362 57.777376, -121.734202 57.776704, -121.731674 57.777589, -121.731729 57.778628, -121.731726 57.778683, -121.731709 57.778738, -121.731681 57.778792, -121.73164 57.778843, -121.731587 57.778891, -121.731524 57.778935, -121.731451 57.778974, -121.731369 57.779009, -121.73128 57.779038, -121.731186 57.77906, -121.731086 57.779077, -121.730984 57.779086, -121.73088 57.779089, -121.730776 57.779085, -121.730674 57.779074, -121.730575 57.779057, -121.730481 57.779033, -121.730393 57.779003, -121.730313 57.778968, -121.726614 57.777111, -121.720683 57.77594, -121.718189 57.776092, -121.718093 57.776095, -121.712096 57.77608, -121.699604 57.777179, -121.690078 57.779954, -121.689982 57.779978, -121.689882 57.779995, -121.689778 57.780005, -121.689672 57.780009, -121.686674 57.779998, -121.681391 57.78068, -121.677429 57.78205, -121.677378 57.782066, -121.677346 57.782075, -121.673509 57.783093, -121.673416 57.783114, -121.67332 57.783129, -121.67322 57.783138, -121.67312 57.78314, -121.67302 57.783136, -121.672921 57.783126, -121.672825 57.783109, -121.672734 57.783087, -121.669167 57.78206, -121.667353 57.781983, -121.66725 57.781975, -121.667149 57.781961, -121.667053 57.78194, -121.666962 57.781913, -121.666878 57.781879, -121.666803 57.781841, -121.66071 57.778339, -121.654364 57.77816, -121.633921 57.779688, -121.633816 57.779692, -121.633712 57.779689, -121.633609 57.77968, -121.633508 57.779663, -121.633413 57.77964, -121.633323 57.779611, -121.633241 57.779577, -121.633168 57.779537, -121.633105 57.779492, -121.633052 57.779444, -121.633011 57.779393, -121.631172 57.776612, -121.631145 57.776562, -121.631129 57.776511, -121.631125 57.77646, -121.631131 57.776408, -121.631148 57.776357, -121.631394 57.775814, -121.628749 57.771939, -121.628721 57.771889, -121.628704 57.771838, -121.628699 57.771786, -121.628704 57.771734, -121.628721 57.771682, -121.628749 57.771632, -121.628788 57.771584, -121.628837 57.771539, -121.634254 57.767145, -121.634312 57.767103, -121.63438 57.767065, -121.634455 57.767031, -121.634537 57.767002, -121.634625 57.766979, -121.634718 57.766961, -121.646927 57.765033, -121.651824 57.761706, -121.652974 57.760797, -121.653036 57.760753, -121.653108 57.760715, -121.653187 57.760681, -121.653274 57.760652, -121.653367 57.760629, -121.653464 57.760613, -121.653564 57.760603, -121.653666 57.760599, -121.653767 57.760602, -121.675019 57.761903, -121.67512 57.761913, -121.675217 57.761929, -121.675311 57.761951, -121.675398 57.76198, -121.675478 57.762013, -121.685399 57.766728, -121.694362 57.762428, -121.693515 57.75583, -121.685088 57.755476, -121.675332 57.752352, -121.673713 57.748683, -121.677617 57.746172, -121.683998 57.743462, -121.690115 57.740383, -121.694573 57.736406, -121.698461 57.730746, -121.699189 57.724937, -121.697624 57.720445, -121.696364 57.716178, -121.697147 57.711906, -121.699519 57.707996, -121.70117 57.7048, -121.701211 57.702127, -121.700897 57.696907, -121.702137 57.691894, -121.703284 57.686631, -121.704648 57.681429, -121.705682 57.675988, -121.705991 57.669327, -121.705363 57.66486, -121.70368 57.659347, -121.701577 57.654299, -121.699815 57.648617, -121.698081 57.643995, -121.693614 57.638656, -121.689215 57.636904, -121.688491 57.636615, -121.683831 57.63623, -121.676115 57.637003, -121.671675 57.638165, -121.662062 57.641437, -121.651254 57.645963, -121.642212 57.649817, -121.63463 57.652973, -121.628079 57.655427, -121.619601 57.658821, -121.61331 57.661385, -121.601581 57.667077, -121.596309 57.670569, -121.590784 57.6757, -121.586448 57.681314, -121.581854 57.688368, -121.579324 57.692299, -121.576015 57.697438, -121.572354 57.701709, -121.56475 57.705963, -121.557954 57.707966, -121.548567 57.708414, -121.541831 57.709364, -121.536031 57.711806, -121.530261 57.714285, -121.52154 57.717321, -121.514796 57.719986, -121.507114 57.723242, -121.500805 57.725979, -121.492798 57.729971, -121.486631 57.73336, -121.481554 57.736623, -121.476449 57.741002, -121.473283 57.744729, -121.47171 57.748854, -121.470796 57.753059, -121.468385 57.758298, -121.467406 57.761418, -121.466934 57.765582, -121.466485 57.769825, -121.466222 57.770724, -121.465563 57.772973, -121.463735 57.775913, -121.461646 57.777472, -121.460048 57.776357, -121.460006 57.776325, -121.459987 57.776308, -121.458911 57.775309, -121.458867 57.775262, -121.458834 57.775212, -121.458811 57.775161, -121.458801 57.775108, -121.458801 57.775055, -121.458814 57.775003, -121.458838 57.774952, -121.458872 57.774903, -121.458896 57.774875, -121.458496 57.773937, -121.457172 57.773043, -121.455847 57.773006, -121.453977 57.773874, -121.453186 57.77462, -121.45313 57.774666, -121.453064 57.774708, -121.452989 57.774745, -121.452906 57.774777, -121.452816 57.774804, -121.452721 57.774824, -121.452621 57.774838, -121.45252 57.774846, -121.452417 57.774847, -121.452315 57.774841, -121.44979 57.774616, -121.449693 57.774604, -121.4496 57.774587, -121.449512 57.774563, -121.449429 57.774535, -121.449353 57.774501, -121.449285 57.774463, -121.449226 57.77442, -121.449176 57.774375, -121.449137 57.774326, -121.449109 57.774276, -121.449092 57.774224, -121.449087 57.774171, -121.449094 57.774118, -121.449112 57.774067, -121.449203 57.773868, -121.449228 57.773824, -121.449261 57.773782, -121.449302 57.773742, -121.450505 57.772689, -121.450169 57.772456, -121.450142 57.772435, -121.446571 57.769646, -121.444358 57.770067, -121.442409 57.771381, -121.442345 57.77142, -121.442273 57.771454, -121.442193 57.771484, -121.442108 57.771509, -121.439591 57.772142, -121.439508 57.77216, -121.439422 57.772173, -121.439334 57.772181, -121.439245 57.772185, -121.434934 57.772219, -121.43431 57.772719, -121.433809 57.773442, -121.435667 57.774666, -121.435726 57.77471, -121.435775 57.774758, -121.435812 57.774809, -121.435838 57.774862, -121.435852 57.774916, -121.435853 57.77497, -121.435842 57.775025, -121.435818 57.775078, -121.435783 57.775129, -121.435736 57.775177, -121.435678 57.775222, -121.435611 57.775264, -121.435535 57.7753, -121.435451 57.775331, -121.43536 57.775357, -121.433389 57.775833, -121.432736 57.77715, -121.432444 57.777966, -121.432418 57.778019, -121.432381 57.77807, -121.432333 57.778118, -121.432273 57.778163, -121.432204 57.778203, -121.432127 57.778239, -121.432041 57.778269, -121.43195 57.778294, -121.431853 57.778312, -121.412168 57.781375, -121.410842 57.782447, -121.410624 57.783551, -121.410617 57.787138, -121.410888 57.787303, -121.412566 57.788127, -121.414017 57.788629, -121.414098 57.788661, -121.414172 57.788698, -121.414237 57.788739, -121.414292 57.788785, -121.414336 57.788833, -121.414369 57.788884, -121.414773 57.789651, -121.414795 57.789703, -121.414804 57.789756, -121.414802 57.78981, -121.414787 57.789862, -121.414314 57.791087, -121.414288 57.79114, -121.414249 57.791191, -121.414199 57.791239, -121.414138 57.791283, -121.414067 57.791323, -121.413988 57.791358, -121.413901 57.791388, -121.413809 57.791412, -121.413711 57.791429, -121.41361 57.79144, -121.413508 57.791445, -121.408289 57.791502, -121.408191 57.7915, -121.408093 57.791492, -121.407998 57.791478, -121.407907 57.791458, -121.407821 57.791432, -121.407741 57.791402, -121.407668 57.791366, -121.407604 57.791327, -121.407549 57.791283, -121.407503 57.791236, -121.407469 57.791187, -121.407445 57.791136, -121.407008 57.789886, -121.401988 57.788196, -121.400822 57.78907, -121.400302 57.790014, -121.400872 57.790418, -121.400931 57.790465, -121.400977 57.790516, -121.401012 57.79057, -121.401033 57.790625, -121.401041 57.790682, -121.401036 57.790738, -121.401017 57.790794, -121.400986 57.790848, -121.400941 57.7909, -121.400885 57.790948, -121.400818 57.790992, -121.400206 57.791345, -121.399988 57.7915, -121.400847 57.792468, -121.402311 57.793203, -121.402378 57.793241, -121.402436 57.793282, -121.402485 57.793327, -121.402523 57.793375, -121.402552 57.793425, -121.402569 57.793476, -121.402575 57.793527, -121.40257 57.793579, -121.402135 57.795662, -121.402125 57.795697, -121.402102 57.795746, -121.40118 57.79732, -121.403323 57.797411, -121.405449 57.796965, -121.405615 57.796349, -121.405634 57.796301, -121.405662 57.796253, -121.405701 57.796208, -121.405748 57.796165, -121.405804 57.796125, -121.405868 57.796089, -121.407267 57.795378, -121.40734 57.795345, -121.40742 57.795317, -121.407505 57.795293, -121.407595 57.795275, -121.407688 57.795263, -121.407783 57.795257, -121.407879 57.795256, -121.407975 57.795261, -121.408069 57.795272, -121.408159 57.795288, -121.409358 57.795549, -121.409819 57.795615, -121.410438 57.794976, -121.410492 57.794928, -121.410556 57.794884, -121.41063 57.794844, -121.410713 57.79481, -121.410803 57.794782, -121.410899 57.79476, -121.410999 57.794744, -121.411102 57.794735, -121.411207 57.794733, -121.411311 57.794738, -121.411413 57.794749, -121.411512 57.794768, -121.411606 57.794792, -121.411693 57.794823, -121.414569 57.795979, -121.414642 57.796012, -121.414708 57.796049, -121.414765 57.79609, -121.414813 57.796134, -121.414851 57.796181, -121.41488 57.79623, -121.414903 57.796279, -121.414921 57.796335, -121.414927 57.796392, -121.414919 57.796448, -121.414898 57.796504, -121.414864 57.796557, -121.414817 57.796608, -121.414759 57.796656, -121.41469 57.796699, -121.414612 57.796737, -121.414525 57.796769, -121.414431 57.796796, -121.414331 57.796816, -121.414228 57.796829, -121.414122 57.796835, -121.414016 57.796834, -121.413911 57.796825, -121.413809 57.79681, -121.412145 57.796502, -121.409418 57.797054, -121.409405 57.797056, -121.408482 57.797234, -121.408422 57.798585, -121.408785 57.799235, -121.410386 57.800137, -121.410453 57.80018, -121.410509 57.800226, -121.410554 57.800276, -121.410587 57.800328, -121.410608 57.800382, -121.410616 57.800436, -121.410612 57.800491, -121.410595 57.800546, -121.410566 57.800599, -121.410525 57.800649, -121.410472 57.800697, -121.410409 57.80074, -121.410337 57.800779, -121.410256 57.800814, -121.410167 57.800842, -121.410073 57.800865, -121.409975 57.800881, -121.409873 57.800891, -121.40977 57.800894, -121.406951 57.800879, -121.40686 57.800876, -121.40677 57.800867, -121.406682 57.800854, -121.406597 57.800835, -121.406517 57.800812, -121.405605 57.800512, -121.403836 57.80061, -121.398599 57.799737, -121.392651 57.797903, -121.386123 57.796005, -121.378917 57.794139, -121.372459 57.793428, -121.365917 57.793559, -121.358301 57.794839, -121.352604 57.79689, -121.34892 57.798054, -121.346023 57.800372, -121.345496 57.803321, -121.34559 57.805297, -121.345183 57.807309, -121.344904 57.809329, -121.345397 57.812123, -121.345634 57.813817, -121.344684 57.815487, -121.340603 57.817194, -121.337114 57.817599, -121.330327 57.817515, -121.324117 57.81668, -121.318546 57.815337, -121.314677 57.813201, -121.313791 57.810332, -121.314789 57.80737, -121.316654 57.804448, -121.318912 57.80118, -121.3205 57.798579, -121.321207 57.796647, -121.320916 57.794313, -121.318944 57.791449, -121.316669 57.789541, -121.313952 57.787102, -121.313593 57.783976, -121.312978 57.780976, -121.309823 57.779734, -121.305435 57.779332, -121.301593 57.778698, -121.300183 57.777127, -121.301713 57.775479, -121.304658 57.774138, -121.307804 57.771999, -121.308531 57.769269, -121.308201 57.76727, -121.30833 57.764344, -121.30972 57.761419, -121.313199 57.758975, -121.316152 57.757758, -121.319117 57.755702, -121.321919 57.753558, -121.323466 57.751787, -121.323544 57.749815, -121.322003 57.747169, -121.319173 57.744706, -121.31686 57.742966, -121.313333 57.740991, -121.308966 57.740792, -121.305762 57.741194, -121.300817 57.741377, -121.295868 57.741682, -121.290995 57.74212, -121.286228 57.743077, -121.28128 57.745292, -121.278549 57.746764, -121.272383 57.749256, -121.26532 57.750775, -121.259717 57.751224, -121.256031 57.751369, -121.250585 57.751443, -121.211832 57.737126, -121.211812 57.737179, -121.211781 57.737232, -121.211738 57.737281, -121.211683 57.737328, -121.211619 57.737371, -121.205325 57.741048, -121.20525 57.741087, -121.205167 57.74112, -121.205076 57.741148, -121.20498 57.741169, -121.20488 57.741184, -121.204777 57.741192, -121.204673 57.741194, -121.204569 57.741188, -121.204467 57.741176, -121.20437 57.741157, -121.204277 57.741132, -121.202354 57.740525, -121.202279 57.740498, -121.202209 57.740467, -121.202146 57.740432, -121.20209 57.740394, -121.201227 57.739726, -121.199552 57.738841, -121.198911 57.73887, -121.195505 57.74023, -121.195972 57.741647, -121.197954 57.742715, -121.198021 57.742756, -121.198078 57.7428, -121.198125 57.742848, -121.198161 57.742899, -121.198185 57.742952, -121.198196 57.743006, -121.198196 57.74306, -121.198183 57.743114, -121.198158 57.743166, -121.198122 57.743217, -121.198074 57.743265, -121.198016 57.743309, -121.197948 57.74335, -121.197872 57.743385, -121.197788 57.743416, -121.197697 57.743441, -121.197602 57.74346, -121.194561 57.743954, -121.193977 57.744842, -121.19394 57.74489, -121.193893 57.744935, -121.193837 57.744976, -121.193772 57.745014, -121.192055 57.745911, -121.191975 57.745948, -121.191887 57.745979, -121.191792 57.746004, -121.191693 57.746022, -121.191589 57.746034, -121.191484 57.746039, -121.191378 57.746036, -121.190036 57.74596, -121.189936 57.745951, -121.189839 57.745936, -121.189746 57.745914, -121.189658 57.745887, -121.189577 57.745854, -121.189505 57.745817, -121.189441 57.745775, -121.189387 57.745729, -121.189344 57.74568, -121.189312 57.745629, -121.189292 57.745576, -121.189284 57.745522, -121.189289 57.745468, -121.189305 57.745414, -121.190062 57.743638, -121.189121 57.742912, -121.189069 57.742866, -121.189028 57.742818, -121.188997 57.742767, -121.188978 57.742715, -121.188971 57.742662, -121.188962 57.742201, -121.185952 57.741332, -121.184178 57.741712, -121.184089 57.741728, -121.183997 57.741738, -121.183903 57.741743, -121.182577 57.741772, -121.180361 57.741955, -121.178224 57.743434, -121.178157 57.743475, -121.178082 57.743511, -121.177998 57.743543, -121.177908 57.743568, -121.175634 57.744123, -121.175874 57.746157, -121.177408 57.747445, -121.177458 57.747494, -121.177496 57.747546, -121.177522 57.7476, -121.17792 57.748712, -121.177933 57.748768, -121.177932 57.748824, -121.177919 57.74888, -121.177892 57.748935, -121.177852 57.748987, -121.177801 57.749037, -121.177738 57.749082, -121.177665 57.749123, -121.177583 57.749159, -121.177493 57.749189, -121.177397 57.749213, -121.177296 57.74923, -121.177192 57.74924, -121.177086 57.749243, -121.176981 57.749239, -121.176877 57.749228, -121.176776 57.74921, -121.176681 57.749185, -121.173875 57.748332, -121.172301 57.748255, -121.170842 57.748239, -121.170853 57.749139, -121.171457 57.749887, -121.171491 57.749939, -121.171514 57.749992, -121.171525 57.750046, -121.171523 57.750101, -121.171508 57.750155, -121.171482 57.750207, -121.170909 57.751109, -121.170883 57.751144, -121.170662 57.751415, -121.170614 57.751465, -121.170554 57.751512, -121.170484 57.751554, -121.170405 57.751591, -121.170317 57.751623, -121.170223 57.751648, -121.170123 57.751667, -121.17002 57.751679, -121.169915 57.751684, -121.167788 57.751716, -121.166482 57.752675, -121.166473 57.752681, -121.165825 57.753139, -121.166478 57.753974, -121.166512 57.754026, -121.166534 57.75408, -121.166543 57.754135, -121.166539 57.75419, -121.166523 57.754245, -121.166494 57.754298, -121.165724 57.755442, -121.165206 57.756223, -121.165168 57.756271, -121.165119 57.756317, -121.16506 57.75636, -121.164992 57.756398, -121.164916 57.756432, -121.164834 57.756461, -121.164745 57.756485, -121.164652 57.756503, -121.16308 57.756751, -121.162996 57.756762, -121.162911 57.756768, -121.162825 57.756769, -121.162739 57.756766, -121.162654 57.756758, -121.162468 57.756735, -121.160096 57.757026, -121.159131 57.758126, -121.159091 57.758166, -121.159044 57.758203, -121.15899 57.758238, -121.15893 57.75827, -121.158335 57.758552, -121.158256 57.758585, -121.15817 57.758613, -121.158079 57.758635, -121.157984 57.758651, -121.157886 57.758662, -121.157786 57.758665, -121.157467 57.758667, -121.156151 57.759215, -121.157203 57.760562, -121.157418 57.76081, -121.157452 57.760855, -121.158038 57.761789, -121.160007 57.762215, -121.160098 57.762238, -121.160184 57.762267, -121.160262 57.762301, -121.160332 57.76234, -121.160393 57.762384, -121.160443 57.76243, -121.160483 57.76248, -121.160833 57.763006, -121.163225 57.763703, -121.16331 57.763731, -121.163389 57.763766, -121.163459 57.763804, -121.16352 57.763848, -121.16357 57.763894, -121.16361 57.763944, -121.163639 57.763996, -121.163655 57.764049, -121.16366 57.764103, -121.163652 57.764156, -121.163632 57.764209, -121.163601 57.764261, -121.163558 57.764309, -121.163504 57.764355, -121.163441 57.764397, -121.161294 57.765655, -121.161256 57.766456, -121.161248 57.766509, -121.161229 57.76656, -121.161198 57.76661, -121.161156 57.766658, -121.161105 57.766702, -121.161044 57.766743, -121.160974 57.76678, -121.160897 57.766813, -121.160813 57.76684, -121.158638 57.767455, -121.158786 57.768075, -121.158791 57.768104, -121.158814 57.768307, -121.158814 57.768359, -121.158803 57.768411, -121.15878 57.768461, -121.158747 57.76851, -121.158704 57.768557, -121.158651 57.7686, -121.158588 57.76864, -121.158518 57.768676, -121.157582 57.769098, -121.157082 57.769831, -121.157685 57.770621, -121.157701 57.770643, -121.157976 57.771067, -121.158003 57.77112, -121.158019 57.771175, -121.158021 57.771231, -121.158011 57.771286, -121.157988 57.77134, -121.157952 57.771392, -121.157905 57.771442, -121.157847 57.771487, -121.157778 57.771529, -121.157701 57.771566, -121.156356 57.77213, -121.156554 57.773369, -121.156556 57.773423, -121.156547 57.773477, -121.156525 57.77353, -121.156491 57.773581, -121.155924 57.7743, -121.15587 57.77499, -121.155868 57.775002, -121.155866 57.775015, -121.155805 57.775343, -121.155794 57.775386, -121.155786 57.775405, -121.155229 57.776626, -121.155198 57.776678, -121.155156 57.776728, -121.155103 57.776775, -121.15504 57.776818, -121.154967 57.776856, -121.154886 57.77689, -121.154798 57.776918, -121.154704 57.77694, -121.154606 57.776956, -121.154505 57.776965, -121.154402 57.776968, -121.1543 57.776964, -121.154199 57.776954, -121.154102 57.776937, -121.154009 57.776914, -121.153922 57.776885, -121.153842 57.77685, -121.153771 57.776811, -121.15371 57.776767, -121.153658 57.77672, -121.153618 57.776669, -121.15359 57.776617, -121.153574 57.776563, -121.15357 57.776508, -121.153585 57.776206, -121.152379 57.775374, -121.150582 57.775063, -121.149802 57.776354, -121.149761 57.776408, -121.149734 57.776436, -121.148828 57.777287, -121.149304 57.778038, -121.150781 57.779193, -121.15082 57.779227, -121.150853 57.779262, -121.15088 57.779299, -121.151491 57.780237, -121.151515 57.780283, -121.151531 57.78033, -121.151537 57.780378, -121.151533 57.780425, -121.15152 57.780473, -121.151498 57.780519, -121.151063 57.781255, -121.151032 57.7813, -121.150991 57.781343, -121.150943 57.781383, -121.150886 57.78142, -121.150724 57.781516, -121.149564 57.783613, -121.14909 57.785111, -121.149908 57.786329, -121.149938 57.786382, -121.149954 57.786437, -121.149957 57.786493, -121.149948 57.786549, -121.149925 57.786603, -121.14989 57.786656, -121.149843 57.786706, -121.149785 57.786752, -121.149716 57.786794, -121.149638 57.786832, -121.149552 57.786864, -121.14946 57.786889, -121.149362 57.786909, -121.147904 57.787146, -121.147812 57.787158, -121.147718 57.787164, -121.147623 57.787165, -121.147528 57.78716, -121.147436 57.787149, -121.147346 57.787133, -121.14726 57.787111, -121.147179 57.787085, -121.14416 57.785964, -121.140268 57.787024, -121.140172 57.787046, -121.140073 57.787062, -121.13997 57.787071, -121.139866 57.787073, -121.139762 57.787069, -121.13966 57.787057, -121.139562 57.787039, -121.139468 57.787015, -121.139381 57.786984, -121.139302 57.786948, -121.139231 57.786907, -121.139171 57.786862, -121.139121 57.786813, -121.139084 57.786762, -121.139058 57.786708, -121.139045 57.786653, -121.139045 57.786597, -121.139091 57.786203, -121.139097 57.786172, -121.139204 57.785749, -121.139217 57.78571, -121.139236 57.785673, -121.139261 57.785636, -121.140093 57.784572, -121.140138 57.784522, -121.140194 57.784476, -121.140261 57.784434, -121.14127 57.783871, -121.141633 57.782667, -121.141656 57.782612, -121.141692 57.782559, -121.14174 57.782509, -121.1418 57.782462, -121.141869 57.78242, -121.141948 57.782383, -121.142036 57.782352, -121.14213 57.782326, -121.142229 57.782307, -121.142332 57.782295, -121.143122 57.782228, -121.143517 57.781708, -121.142498 57.781135, -121.140296 57.780438, -121.139019 57.780385, -121.138918 57.780377, -121.13882 57.780364, -121.138725 57.780343, -121.138636 57.780317, -121.138553 57.780286, -121.135517 57.77897, -121.135451 57.778938, -121.135392 57.778903, -121.13534 57.778865, -121.135296 57.778824, -121.135261 57.778781, -121.133979 57.776976, -121.133949 57.776925, -121.133931 57.776872, -121.133925 57.776819, -121.13393 57.776766, -121.134092 57.776022, -121.133897 57.77537, -121.133888 57.775326, -121.133887 57.775283, -121.133894 57.77524, -121.134107 57.774389, -121.134127 57.774337, -121.134157 57.774286, -121.134199 57.774238, -121.13425 57.774192, -121.134312 57.774151, -121.134382 57.774113, -121.134461 57.77408, -121.134546 57.774053, -121.134636 57.77403, -121.134731 57.774014, -121.134829 57.774004, -121.134928 57.774, -121.135028 57.774002, -121.13598 57.774055, -121.138073 57.773346, -121.138923 57.772457, -121.138078 57.772133, -121.137997 57.772097, -121.137925 57.772057, -121.137863 57.772011, -121.137813 57.771962, -121.137774 57.77191, -121.137747 57.771856, -121.137734 57.771801, -121.137733 57.771745, -121.137746 57.771689, -121.137771 57.771635, -121.137809 57.771582, -121.137859 57.771533, -121.13792 57.771488, -121.137991 57.771446, -121.138072 57.77141, -121.13816 57.77138, -121.138254 57.771355, -121.138354 57.771337, -121.138457 57.771326, -121.138834 57.771298, -121.138869 57.771201, -121.13793 57.770781, -121.135355 57.771304, -121.135257 57.771321, -121.135156 57.771331, -121.135053 57.771334, -121.13495 57.77133, -121.134849 57.77132, -121.134751 57.771303, -121.131832 57.770698, -121.129611 57.770656, -121.12861 57.77145, -121.129803 57.77177, -121.12989 57.771797, -121.12997 57.771829, -121.130042 57.771866, -121.130106 57.771908, -121.13016 57.771953, -121.130203 57.772001, -121.130236 57.772051, -121.130257 57.772104, -121.130266 57.772157, -121.130263 57.77221, -121.130248 57.772263, -121.130222 57.772314, -121.130184 57.772364, -121.130136 57.772411, -121.130077 57.772454, -121.13001 57.772493, -121.128066 57.773496, -121.128014 57.774044, -121.128004 57.774094, -121.127984 57.774142, -121.127954 57.77419, -121.127914 57.774235, -121.126873 57.775257, -121.126405 57.775919, -121.126365 57.775967, -121.126314 57.776012, -121.126254 57.776054, -121.126186 57.776092, -121.126109 57.776125, -121.126026 57.776153, -121.125937 57.776176, -121.125273 57.776321, -121.125182 57.776337, -121.125088 57.776348, -121.124993 57.776354, -121.123444 57.776392, -121.123338 57.776391, -121.123233 57.776383, -121.123131 57.776368, -121.123033 57.776346, -121.122209 57.776128, -121.12212 57.776101, -121.122038 57.776069, -121.121964 57.776031, -121.121899 57.775989, -121.121845 57.775943, -121.121801 57.775893, -121.121769 57.775842, -121.121749 57.775788, -121.121741 57.775734, -121.12171 57.77478, -121.121713 57.774733, -121.121726 57.774686, -121.121748 57.77464, -121.122175 57.773905, -121.120485 57.77328, -121.118177 57.773779, -121.118189 57.774123, -121.118187 57.774163, -121.118185 57.774176, -121.117872 57.775855, -121.117856 57.775908, -121.117828 57.775959, -121.117789 57.776009, -121.117739 57.776055, -121.117679 57.776098, -121.11761 57.776137, -121.117533 57.776172, -121.117448 57.776201, -121.117358 57.776224, -121.117263 57.776242, -121.117165 57.776253, -121.117064 57.776258, -121.113799 57.77632, -121.113695 57.776318, -121.113592 57.77631, -121.113492 57.776295, -121.113396 57.776273, -121.113306 57.776246, -121.113223 57.776212, -121.111858 57.77559, -121.110671 57.775939, -121.110221 57.77615, -121.110139 57.776185, -121.110049 57.776213, -121.109953 57.776235, -121.109852 57.776251, -121.109749 57.77626, -121.109644 57.776262, -121.10954 57.776258, -121.109438 57.776246, -121.109339 57.776228, -121.109245 57.776203, -121.109158 57.776172, -121.109078 57.776136, -121.109008 57.776094, -121.108948 57.776049, -121.108899 57.775999, -121.108862 57.775947, -121.108837 57.775893, -121.108825 57.775837, -121.108826 57.775781, -121.108941 57.774983, -121.108951 57.774938, -121.10897 57.774894, -121.108997 57.774852, -121.109362 57.77436, -121.108606 57.773226, -121.107101 57.772306, -121.107083 57.772295, -121.107043 57.772266, -121.105517 57.771087, -121.105463 57.77104, -121.105421 57.770989, -121.105391 57.770937, -121.105373 57.770882, -121.105368 57.770827, -121.105375 57.770772, -121.105395 57.770718, -121.105428 57.770666, -121.105472 57.770616, -121.105527 57.770569, -121.105593 57.770527, -121.105668 57.770489, -121.105751 57.770456, -121.105841 57.770429, -121.105937 57.770408, -121.106036 57.770393, -121.107333 57.770248, -121.107435 57.77024, -121.107538 57.770239, -121.107641 57.770244, -121.107741 57.770256, -121.107838 57.770275, -121.10793 57.7703, -121.108383 57.770441, -121.109095 57.770007, -121.109348 57.769595, -121.107722 57.769049, -121.107639 57.769017, -121.107564 57.76898, -121.107498 57.768939, -121.107442 57.768894, -121.107397 57.768846, -121.107362 57.768795, -121.10734 57.768742, -121.107329 57.768688, -121.107331 57.768634, -121.107345 57.76858, -121.107372 57.768528, -121.107524 57.768283, -121.107563 57.768232, -121.107613 57.768184, -121.107674 57.768139, -121.107745 57.768099, -121.10892 57.767507, -121.1104 57.766552, -121.110509 57.76593, -121.110465 57.765341, -121.110466 57.765295, -121.110476 57.765248, -121.110496 57.765202, -121.110524 57.765158, -121.11056 57.765116, -121.111755 57.763898, -121.112492 57.762257, -121.112662 57.761614, -121.112683 57.761561, -121.112715 57.761509, -121.112759 57.76146, -121.112815 57.761414, -121.11288 57.761372, -121.112777 57.760472, -121.110465 57.759481, -121.108079 57.759779, -121.107987 57.759788, -121.107926 57.75979, -121.107003 57.759813, -121.106903 57.759812, -121.106803 57.759805, -121.106706 57.759792, -121.106612 57.759772, -121.106524 57.759747, -121.106441 57.759716, -121.106367 57.759681, -121.1063 57.75964, -121.106243 57.759596, -121.106197 57.759549, -121.106161 57.759498, -121.106137 57.759446, -121.106031 57.759137, -121.106018 57.759081, -121.106017 57.759056, -121.106017 57.758109, -121.105785 57.757936, -121.105733 57.757892, -121.105691 57.757846, -121.105659 57.757797, -121.105638 57.757746, -121.105628 57.757694, -121.10563 57.757642, -121.105643 57.757591, -121.105666 57.757541, -121.105701 57.757492, -121.105746 57.757446, -121.106236 57.757006, -121.106588 57.756197, -121.106609 57.756157, -121.10663 57.756126, -121.107293 57.755275, -121.107433 57.754547, -121.107447 57.754498, -121.107472 57.75445, -121.107506 57.754404, -121.107549 57.754361, -121.107602 57.75432, -121.107662 57.754282, -121.10773 57.754249, -121.108945 57.753708, -121.108845 57.752482, -121.107894 57.752189, -121.107807 57.752158, -121.107728 57.752122, -121.107657 57.75208, -121.107597 57.752034, -121.107548 57.751985, -121.107511 57.751933, -121.107487 57.751878, -121.107475 57.751823, -121.107476 57.751767, -121.107491 57.751711, -121.107518 57.751657, -121.107633 57.751478, -121.107222 57.750688, -121.107201 57.750637, -121.107192 57.750584, -121.107195 57.750531, -121.107209 57.750479, -121.107234 57.750427, -121.107475 57.750039, -121.106215 57.749423, -121.104626 57.749819, -121.104533 57.749839, -121.104436 57.749852, -121.104337 57.74986, -121.104236 57.749861, -121.104137 57.749855, -121.104039 57.749844, -121.103944 57.749826, -121.103854 57.749802, -121.10377 57.749773, -121.103693 57.749738, -121.103625 57.749699, -121.103565 57.749656, -121.102718 57.748957, -121.10111 57.748801, -121.101083 57.749088, -121.101037 57.750646, -121.101031 57.751234, -121.101559 57.752005, -121.101587 57.752056, -121.101604 57.752109, -121.10161 57.752162, -121.101603 57.752215, -121.101585 57.752268, -121.101555 57.752318, -121.101514 57.752367, -121.101462 57.752413, -121.101401 57.752455, -121.101331 57.752493, -121.101253 57.752526, -121.101168 57.752554, -121.100507 57.752743, -121.100462 57.753091, -121.100715 57.753275, -121.100769 57.75332, -121.100813 57.753368, -121.100845 57.753418, -121.100867 57.75347, -121.100877 57.753523, -121.100874 57.753576, -121.100861 57.753629, -121.100835 57.753681, -121.100798 57.75373, -121.10075 57.753777, -121.100693 57.75382, -121.100626 57.75386, -121.100551 57.753895, -121.098548 57.75472, -121.098411 57.755908, -121.09841 57.755916, -121.098383 57.75609, -121.099658 57.756751, -121.100438 57.756661, -121.100516 57.756654, -121.100617 57.756651, -121.100894 57.756651, -121.100995 57.756654, -121.101095 57.756664, -121.101192 57.75668, -121.101285 57.756703, -121.101371 57.756731, -121.101451 57.756765, -121.101523 57.756803, -121.101585 57.756846, -121.101637 57.756893, -121.101679 57.756942, -121.101708 57.756994, -121.101726 57.757047, -121.101732 57.757101, -121.101725 57.757156, -121.101504 57.758086, -121.101495 57.758117, -121.101478 57.758153, -121.101044 57.758964, -121.100902 57.759985, -121.100905 57.760019, -121.101127 57.760801, -121.101135 57.760843, -121.101137 57.760871, -121.101122 57.762115, -121.10112 57.762143, -121.101113 57.762176, -121.100892 57.762989, -121.100872 57.76304, -121.100841 57.76309, -121.1008 57.763137, -121.100748 57.763182, -121.100687 57.763223, -121.100618 57.76326, -121.098906 57.764071, -121.098945 57.76426, -121.101007 57.765594, -121.102551 57.766351, -121.102621 57.76639, -121.102681 57.766432, -121.102732 57.766479, -121.102772 57.766527, -121.102801 57.766579, -121.102818 57.766631, -121.102823 57.766685, -121.102816 57.766738, -121.102798 57.76679, -121.102768 57.766841, -121.102727 57.76689, -121.102208 57.767418, -121.10274 57.768879, -121.102753 57.768938, -121.102753 57.768989, -121.102638 57.770037, -121.102626 57.770091, -121.102601 57.770143, -121.102564 57.770194, -121.102517 57.770242, -121.102458 57.770286, -121.102391 57.770327, -121.102314 57.770363, -121.10223 57.770393, -121.102139 57.770418, -121.102044 57.770437, -121.101945 57.77045, -121.100833 57.770554, -121.100231 57.770887, -121.099711 57.772082, -121.09969 57.772122, -121.099675 57.772145, -121.099148 57.772858, -121.099104 57.772909, -121.099048 57.772956, -121.098981 57.772999, -121.098905 57.773038, -121.098821 57.773071, -121.098729 57.773098, -121.098632 57.773119, -121.09853 57.773133, -121.097072 57.773289, -121.095305 57.774142, -121.094565 57.774826, -121.0966 57.775593, -121.096683 57.775628, -121.096756 57.775669, -121.096819 57.775714, -121.096872 57.775763, -121.096912 57.775815, -121.096939 57.775869, -121.09726 57.776709, -121.097263 57.776717, -121.097272 57.77675, -121.097585 57.778307, -121.09759 57.778358, -121.097583 57.778409, -121.097566 57.77846, -121.097538 57.778509, -121.09722 57.778973, -121.09693 57.779819, -121.09806 57.781094, -121.098098 57.781146, -121.098124 57.781201, -121.098137 57.781256, -121.098137 57.781312, -121.098124 57.781367, -121.098099 57.781422, -121.09806 57.781474, -121.09801 57.781523, -121.097949 57.781568, -121.097878 57.781609, -121.097797 57.781645, -121.097709 57.781675, -121.097615 57.7817, -121.097516 57.781718, -121.097413 57.781729, -121.095268 57.781886, -121.094799 57.782297, -121.095798 57.782992, -121.096748 57.782854, -121.096852 57.782843, -121.096957 57.782839, -121.097062 57.782841, -121.097166 57.782851, -121.097267 57.782867, -121.097363 57.782891, -121.097453 57.78292, -121.097535 57.782955, -121.097609 57.782995, -121.097672 57.78304, -121.097724 57.783089, -121.097765 57.783141, -121.097793 57.783195, -121.098028 57.783794, -121.098543 57.785011, -121.099368 57.785319, -121.099449 57.785354, -121.099521 57.785393, -121.099584 57.785437, -121.099636 57.785485, -121.099677 57.785536, -121.099706 57.785589, -121.100011 57.786322, -121.100025 57.786365, -121.100031 57.786409, -121.100029 57.786452, -121.099854 57.787615, -121.100854 57.788151, -121.100919 57.78819, -121.100975 57.788233, -121.101021 57.788279, -121.101057 57.788327, -121.101082 57.788377, -121.101096 57.788429, -121.101099 57.788481, -121.10109 57.788533, -121.10107 57.788584, -121.100864 57.788992, -121.10085 57.789017, -121.100839 57.789035, -121.100434 57.789603, -121.100407 57.789638, -121.100393 57.789652, -121.099783 57.790274, -121.099731 57.79032, -121.099669 57.790362, -121.099597 57.7904, -121.099518 57.790434, -121.099432 57.790462, -121.09934 57.790484, -121.099244 57.790501, -121.098396 57.790615, -121.098307 57.790624, -121.098216 57.790629, -121.098126 57.790627, -121.098036 57.790621, -121.096699 57.790488, -121.095928 57.790608, -121.095542 57.791297, -121.09662 57.791906, -121.096684 57.791946, -121.096739 57.791991, -121.096783 57.792038, -121.096816 57.792088, -121.096838 57.79214, -121.096849 57.792193, -121.096848 57.792246, -121.096835 57.792298, -121.09681 57.79235, -121.096774 57.792399, -121.096728 57.792446, -121.096671 57.79249, -121.096605 57.792529, -121.096531 57.792565, -121.09645 57.792595, -121.095438 57.792928, -121.09567 57.7933, -121.095696 57.793351, -121.09571 57.793404, -121.095713 57.793457, -121.095703 57.79351, -121.095683 57.793561, -121.09565 57.793612, -121.095607 57.793659, -121.095554 57.793704, -121.095491 57.793745, -121.09542 57.793782, -121.095341 57.793814, -121.093273 57.794554, -121.093186 57.794581, -121.093094 57.794603, -121.092998 57.794618, -121.092899 57.794628, -121.092798 57.79463, -121.092698 57.794627, -121.092599 57.794617, -121.092503 57.794601, -121.092411 57.794578, -121.092325 57.794551, -121.092246 57.794517, -121.092175 57.794479, -121.092112 57.794437, -121.09206 57.794391, -121.092018 57.794343, -121.091988 57.794291, -121.091579 57.793426, -121.09074 57.792432, -121.090705 57.792383, -121.090681 57.792332, -121.090668 57.79228, -121.090666 57.792228, -121.090677 57.792175, -121.090854 57.791597, -121.090758 57.790123, -121.09076 57.79007, -121.090775 57.790017, -121.090801 57.789965, -121.090838 57.789915, -121.091396 57.789289, -121.091445 57.789242, -121.091504 57.789199, -121.091572 57.789159, -121.091649 57.789124, -121.091733 57.789094, -121.091823 57.78907, -121.091917 57.789052, -121.092016 57.78904, -121.092116 57.789034, -121.092217 57.789035, -121.092316 57.789042, -121.092414 57.789055, -121.092508 57.789075, -121.092597 57.7891, -121.093314 57.789336, -121.093785 57.788816, -121.093782 57.788581, -121.092358 57.78804, -121.091156 57.787903, -121.091055 57.787888, -121.090959 57.787866, -121.090869 57.787839, -121.090785 57.787805, -121.09071 57.787767, -121.090645 57.787723, -121.09059 57.787676, -121.090547 57.787626, -121.090515 57.787573, -121.090496 57.787518, -121.09049 57.787462, -121.090498 57.78641, -121.090504 57.786358, -121.090521 57.786308, -121.090548 57.786258, -121.090586 57.786211, -121.090634 57.786166, -121.090692 57.786125, -121.091659 57.785503, -121.09244 57.78425, -121.092417 57.783732, -121.091625 57.78271, -121.089819 57.781751, -121.08948 57.781724, -121.089394 57.781714, -121.089311 57.7817, -121.08923 57.781681, -121.089153 57.781658, -121.087242 57.781005, -121.084403 57.780599, -121.083055 57.781132, -121.082682 57.782175, -121.082671 57.782199, -121.081977 57.783664, -121.081956 57.783701, -121.081929 57.783738, -121.081896 57.783772, -121.080734 57.784884, -121.080547 57.785318, -121.080525 57.78536, -121.080494 57.785402, -121.080456 57.785442, -121.078848 57.786926, -121.078405 57.78761, -121.07867 57.788387, -121.078682 57.788438, -121.078683 57.788489, -121.078673 57.788539, -121.078653 57.788589, -121.078622 57.788637, -121.07858 57.788683, -121.077909 57.789335, -121.077853 57.789383, -121.077786 57.789426, -121.07771 57.789464, -121.077003 57.789779, -121.076902 57.790278, -121.076885 57.79033, -121.076858 57.79038, -121.07682 57.790428, -121.076771 57.790474, -121.076713 57.790516, -121.076646 57.790555, -121.074745 57.79152, -121.073532 57.792348, -121.073462 57.79239, -121.073384 57.792427, -121.073297 57.792458, -121.073204 57.792484, -121.073106 57.792503, -121.073004 57.792515, -121.0729 57.79252, -121.072795 57.792519, -121.072692 57.792511, -121.072591 57.792496, -121.072495 57.792474, -121.072404 57.792446, -121.072321 57.792413, -121.072246 57.792374, -121.07218 57.792331, -121.072126 57.792283, -121.072082 57.792232, -121.072051 57.792179, -121.072033 57.792124, -121.072027 57.792069, -121.072058 57.790108, -121.072063 57.790061, -121.072077 57.790015, -121.072101 57.78997, -121.072549 57.789253, -121.072211 57.788679, -121.069292 57.789015, -121.068829 57.789197, -121.066125 57.790424, -121.066418 57.791807, -121.066953 57.792764, -121.066976 57.792816, -121.066987 57.792868, -121.066987 57.792921, -121.066975 57.792973, -121.066951 57.793024, -121.065639 57.795305, -121.06525 57.795984, -121.065224 57.796023, -121.065191 57.796061, -121.06309 57.798201, -121.063549 57.799525, -121.063562 57.79958, -121.063561 57.799636, -121.063548 57.799691, -121.063522 57.799745, -121.063483 57.799797, -121.063433 57.799845, -121.062912 57.800286, -121.062847 57.800333, -121.062772 57.800375, -121.061434 57.801025, -121.061378 57.80105, -121.061317 57.801073, -121.061253 57.801092, -121.056508 57.802397, -121.056416 57.802418, -121.056319 57.802434, -121.05622 57.802444, -121.05612 57.802447, -121.056019 57.802443, -121.05592 57.802434, -121.055824 57.802418, -121.055732 57.802396, -121.055646 57.802368, -121.055566 57.802335, -121.055495 57.802297, -121.055432 57.802255, -121.055379 57.80221, -121.055337 57.802161, -121.055307 57.80211, -121.055287 57.802057, -121.054608 57.799326, -121.054606 57.799316, -121.054485 57.798725, -121.052894 57.797829, -121.051717 57.798035, -121.051491 57.798806, -121.051469 57.798859, -121.051435 57.79891, -121.05139 57.798959, -121.051334 57.799004, -121.051269 57.799046, -121.049987 57.799763, -121.049912 57.7998, -121.04983 57.799832, -121.049741 57.799858, -121.049647 57.799879, -121.049549 57.799893, -121.049449 57.799901, -121.049347 57.799902, -121.049246 57.799897, -121.049147 57.799885, -121.049051 57.799867, -121.04896 57.799843, -121.048875 57.799813, -121.048797 57.799779, -121.048728 57.799739, -121.048668 57.799695, -121.048619 57.799648, -121.046237 57.797002, -121.042282 57.796426, -121.042185 57.796409, -121.042093 57.796385, -121.042007 57.796356, -121.041928 57.796321, -121.041858 57.796282, -121.041798 57.796238, -121.041747 57.796191, -121.041708 57.79614, -121.041681 57.796088, -121.041665 57.796034, -121.041662 57.79598, -121.041672 57.795926, -121.041693 57.795872, -121.041727 57.795821, -121.043211 57.793926, -121.042943 57.792832, -121.042936 57.792781, -121.04294 57.792731, -121.042955 57.79268, -121.04298 57.792631, -121.043016 57.792584, -121.043061 57.792539, -121.043116 57.792497, -121.043179 57.792459, -121.04325 57.792425, -121.04414 57.792043, -121.043692 57.791267, -121.042709 57.790125, -121.042406 57.789873, -121.042355 57.789825, -121.042316 57.789773, -121.042289 57.78972, -121.042275 57.789665, -121.042273 57.789609, -121.04238 57.788434, -121.042381 57.788425, -121.042386 57.788397, -121.042593 57.787566, -121.04226 57.786176, -121.041328 57.785209, -121.041289 57.785162, -121.04126 57.785113, -121.041242 57.785064, -121.041235 57.785013, -121.041238 57.784962, -121.041253 57.784912, -121.041278 57.784862, -121.041313 57.784815, -121.041358 57.78477, -121.04205 57.784164, -121.041118 57.782971, -121.040264 57.782776, -121.040173 57.782752, -121.040088 57.782722, -121.040011 57.782686, -121.039942 57.782646, -121.039883 57.782602, -121.0396 57.782361, -121.039552 57.782314, -121.039515 57.782264, -121.039489 57.782212, -121.039475 57.782158, -121.039473 57.782105, -121.03955 57.781147, -121.03956 57.781094, -121.039581 57.781043, -121.039614 57.780992, -121.039658 57.780945, -121.040559 57.780098, -121.040608 57.780057, -121.040665 57.780019, -121.04073 57.779985, -121.040801 57.779954, -121.040878 57.779928, -121.04096 57.779907, -121.042585 57.779536, -121.043111 57.778982, -121.04295 57.778238, -121.042946 57.778218, -121.042915 57.777981, -121.042914 57.777933, -121.042922 57.777886, -121.04294 57.777839, -121.043417 57.776845, -121.042461 57.776509, -121.042379 57.776477, -121.042306 57.776439, -121.042242 57.776397, -121.042187 57.776352, -121.042143 57.776303, -121.042111 57.776251, -121.04209 57.776198, -121.042082 57.776144, -121.042086 57.77609, -121.042102 57.776037, -121.04274 57.774514, -121.04252 57.773683, -121.042106 57.772994, -121.042082 57.772942, -121.042069 57.77289, -121.042068 57.772837, -121.042078 57.772784, -121.0421 57.772733, -121.042133 57.772683, -121.042177 57.772635, -121.042521 57.772315, -121.042572 57.772273, -121.042631 57.772234, -121.042698 57.772199, -121.042772 57.772169, -121.042852 57.772142, -121.044334 57.771717, -121.04457 57.770946, -121.044806 57.769981, -121.044813 57.769584, -121.044817 57.769545, -121.044828 57.769505, -121.044845 57.769467, -121.045585 57.768067, -121.045613 57.768022, -121.04565 57.76798, -121.046856 57.766757, -121.046596 57.766291, -121.046574 57.766244, -121.046565 57.766209, -121.046352 57.765118, -121.045139 57.764244, -121.045089 57.764203, -121.045047 57.76416, -121.045014 57.764115, -121.044991 57.764068, -121.044978 57.76402, -121.044974 57.763972, -121.045002 57.762761, -121.044176 57.761952, -121.044138 57.76191, -121.044109 57.761866, -121.044088 57.761821, -121.044076 57.761775, -121.044061 57.761675, -121.04406 57.761664, -121.044059 57.761617, -121.04438 57.758035, -121.044391 57.757982, -121.044413 57.757929, -121.044448 57.757879, -121.044493 57.757831, -121.044549 57.757786, -121.044615 57.757745, -121.044689 57.757709, -121.044771 57.757677, -121.04486 57.757651, -121.044954 57.757631, -121.050058 57.756723, -121.050151 57.75671, -121.050246 57.756702, -121.050342 57.7567, -121.050438 57.756704, -121.052608 57.756869, -121.053608 57.755784, -121.053649 57.754898, -121.053656 57.754848, -121.053674 57.754799, -121.053703 57.754751, -121.053741 57.754705, -121.053788 57.754662, -121.055059 57.753638, -121.053883 57.753246, -121.051955 57.753103, -121.051859 57.753093, -121.051767 57.753077, -121.051678 57.753055, -121.051595 57.753029, -121.049481 57.752254, -121.049402 57.752221, -121.04933 57.752183, -121.049268 57.752141, -121.049215 57.752095, -121.049173 57.752046, -121.049142 57.751994, -121.049124 57.751941, -121.04896 57.751259, -121.048345 57.750639, -121.045293 57.750061, -121.04227 57.749675, -121.040733 57.750729, -121.040665 57.750771, -121.040588 57.750807, -121.040503 57.750838, -121.040412 57.750864, -121.040316 57.750883, -121.040216 57.750896, -121.040113 57.750902, -121.040011 57.750901, -121.039909 57.750894, -121.039809 57.75088, -121.037767 57.750525, -121.036328 57.750649, -121.036293 57.750651, -121.036194 57.750654, -121.034458 57.750654, -121.033543 57.751273, -121.033475 57.751314, -121.033399 57.751349, -121.033316 57.75138, -121.033226 57.751405, -121.033131 57.751424, -121.033033 57.751437, -121.032932 57.751443, -121.032831 57.751443, -121.03273 57.751437, -121.032632 57.751424, -121.032537 57.751404, -121.032447 57.751379, -121.032364 57.751349, -121.030328 57.750497, -121.027483 57.750596, -121.027408 57.750597, -121.027334 57.750594, -121.02726 57.750588, -121.026747 57.750533, -121.025209 57.750606, -121.02413 57.751995, -121.024085 57.752045, -121.024029 57.752091, -121.023962 57.752133, -121.023887 57.75217, -121.023803 57.752202, -121.023713 57.752229, -121.023617 57.752249, -121.023517 57.752263, -121.023415 57.752271, -121.021569 57.752343, -121.021473 57.752344, -121.021378 57.752339, -121.021284 57.752328, -121.021193 57.752312, -121.021106 57.75229, -121.021025 57.752263, -121.02095 57.752231, -121.020882 57.752195, -121.020822 57.752155, -121.018788 57.750627, -121.016542 57.749573, -121.016133 57.749581, -121.0152 57.750434, -121.014112 57.753896, -121.014095 57.753939, -121.01407 57.753979, -121.014038 57.754019, -121.014 57.754057, -121.013591 57.754412, -121.011586 57.756989, -121.013633 57.757489, -121.016523 57.758197, -121.018611 57.758211, -121.018712 57.758215, -121.01881 57.758225, -121.018906 57.758242, -121.018998 57.758264, -121.019084 57.758292, -121.019162 57.758326, -121.019233 57.758364, -121.019295 57.758406, -121.019347 57.758453, -121.019388 57.758502, -121.019417 57.758553, -121.019435 57.758606, -121.019441 57.758659, -121.019435 57.758713, -121.019417 57.758766, -121.019387 57.758817, -121.018236 57.760449, -121.020239 57.761147, -121.020384 57.761183, -121.020475 57.761209, -121.020559 57.761242, -121.020635 57.761279, -121.020702 57.761321, -121.020758 57.761368, -121.020804 57.761417, -121.020838 57.761469, -121.020859 57.761523, -121.021073 57.762294, -121.02108 57.762335, -121.021081 57.762344, -121.021142 57.763263, -121.02114 57.763315, -121.021127 57.763366, -121.021102 57.763416, -121.021068 57.763464, -121.021023 57.76351, -121.020968 57.763553, -121.020904 57.763592, -121.020833 57.763627, -121.020755 57.763657, -121.018294 57.764495, -121.017686 57.765661, -121.017655 57.76571, -121.017614 57.765756, -121.017564 57.765799, -121.017312 57.76599, -121.017268 57.76602, -121.017221 57.766048, -121.016736 57.766308, -121.01793 57.767496, -121.017969 57.767541, -121.017999 57.767587, -121.018019 57.767635, -121.018029 57.767684, -121.018137 57.768856, -121.019105 57.769475, -121.019154 57.76951, -121.019197 57.769548, -121.019232 57.769588, -121.019636 57.770107, -121.01967 57.770158, -121.019691 57.770211, -121.0197 57.770264, -121.019698 57.770318, -121.019683 57.770372, -121.019656 57.770424, -121.019617 57.770474, -121.019568 57.770521, -121.019508 57.770565, -121.017215 57.772044, -121.018237 57.773523, -121.018265 57.77357, -121.018282 57.773619, -121.018289 57.773669, -121.018286 57.773719, -121.018272 57.773769, -121.018248 57.773817, -121.017643 57.774807, -121.017855 57.775426, -121.018714 57.776267, -121.018756 57.776316, -121.018788 57.776367, -121.018808 57.776419, -121.018816 57.776473, -121.018812 57.776526, -121.018796 57.776579, -121.018768 57.776631, -121.018729 57.77668, -121.018679 57.776727, -121.018619 57.77677, -121.01855 57.776809, -121.018472 57.776843, -121.018388 57.776872, -121.018297 57.776896, -121.017676 57.777033, -121.01722 57.777408, -121.018258 57.778122, -121.018315 57.778166, -121.018362 57.778214, -121.018398 57.778265, -121.018421 57.778318, -121.018433 57.778372, -121.018555 57.779535, -121.018555 57.779588, -121.018543 57.779641, -121.018519 57.779693, -121.018484 57.779743, -121.018437 57.77979, -121.018381 57.779834, -121.018315 57.779875, -121.018241 57.77991, -121.018159 57.779941, -121.018071 57.779966, -121.017978 57.779986, -121.017882 57.78, -121.017783 57.780007, -121.017683 57.780008, -121.017583 57.780003, -121.017486 57.779992, -121.016393 57.779826, -121.014893 57.781039, -121.01487 57.781057, -121.013474 57.782075, -121.013439 57.782099, -121.013428 57.782106, -121.011565 57.783241, -121.012399 57.7837, -121.012466 57.783741, -121.012523 57.783787, -121.012569 57.783835, -121.012603 57.783887, -121.012626 57.78394, -121.012636 57.783995, -121.012633 57.784049, -121.012619 57.784103, -121.012592 57.784156, -121.012553 57.784207, -121.012503 57.784254, -121.012442 57.784298, -121.012372 57.784338, -121.011191 57.784931, -121.01131 57.785043, -121.013495 57.786132, -121.014421 57.786083, -121.014521 57.786081, -121.014622 57.786085, -121.01472 57.786096, -121.014816 57.786113, -121.014907 57.786136, -121.014992 57.786164, -121.01507 57.786198, -121.01514 57.786236, -121.016703 57.787201, -121.019245 57.787983, -121.019376 57.78793, -121.020112 57.786078, -121.020139 57.786025, -121.020179 57.785975, -121.020229 57.785927, -121.02029 57.785883, -121.02036 57.785843, -121.020439 57.785809, -121.020526 57.785779, -121.020618 57.785755, -121.020715 57.785738, -121.020816 57.785727, -121.020918 57.785723, -121.02102 57.785725, -121.021121 57.785734, -121.02122 57.785749, -121.021314 57.78577, -121.021403 57.785798, -121.021484 57.785831, -121.021558 57.785869, -121.021622 57.785912, -121.021676 57.785958, -121.021719 57.786008, -121.022344 57.786862, -121.022375 57.786912, -121.022394 57.786963, -121.022402 57.787014, -121.022399 57.787066, -121.022384 57.787117, -121.022359 57.787167, -121.021092 57.789189, -121.021055 57.789238, -121.021008 57.789285, -121.020951 57.789328, -121.020884 57.789367, -121.02081 57.789402, -121.020728 57.789432, -121.019253 57.789904, -121.017788 57.790413, -121.017302 57.791639, -121.018336 57.793011, -121.018368 57.793062, -121.018388 57.793113, -121.018396 57.793166, -121.018393 57.793219, -121.018378 57.793271, -121.018352 57.793323, -121.018315 57.793372, -121.018267 57.793418, -121.018209 57.793461, -121.017735 57.793773, -121.017027 57.794739, -121.01692 57.794947, -121.017884 57.79563, -121.019454 57.795692, -121.020111 57.795567, -121.020211 57.795552, -121.020313 57.795544, -121.020417 57.795542, -121.02052 57.795547, -121.020621 57.795558, -121.020697 57.79557, -121.020756 57.79558, -121.023938 57.796194, -121.024031 57.796216, -121.02412 57.796243, -121.024201 57.796276, -121.024274 57.796314, -121.024338 57.796357, -121.024392 57.796403, -121.024435 57.796452, -121.024466 57.796504, -121.024486 57.796558, -121.024493 57.796612, -121.024487 57.796666, -121.02447 57.79672, -121.02444 57.796772, -121.024398 57.796822, -121.024346 57.796869, -121.024283 57.796912, -121.022353 57.798083, -121.022292 57.798116, -121.022251 57.798135, -121.020732 57.798792, -121.020308 57.799164, -121.020624 57.799484, -121.02258 57.799475, -121.024186 57.799382, -121.024277 57.799379, -121.024367 57.799382, -121.024457 57.799389, -121.024544 57.799402, -121.024629 57.79942, -121.024709 57.799443, -121.026334 57.799962, -121.026421 57.799993, -121.0265 57.800031, -121.026569 57.800073, -121.026628 57.80012, -121.026675 57.80017, -121.026711 57.800223, -121.026733 57.800277, -121.026743 57.800333, -121.02674 57.800389, -121.026723 57.800445, -121.026693 57.800499, -121.026651 57.80055, -121.026598 57.800599, -121.026533 57.800643, -121.026459 57.800683, -121.02391 57.801881, -121.023843 57.801909, -121.023829 57.801914, -121.022868 57.802265, -121.021851 57.803502, -121.021839 57.803516, -121.021794 57.803559, -121.021172 57.80409, -121.020829 57.80498, -121.020802 57.805032, -121.020764 57.805083, -121.020715 57.80513, -121.020655 57.805174, -121.020586 57.805214, -121.020509 57.805249, -121.020424 57.805279, -121.020332 57.805303, -121.020237 57.805321, -121.020137 57.805333, -121.020036 57.805338, -121.019934 57.805337, -121.019834 57.805329, -121.019735 57.805315, -121.019393 57.805253, -121.017556 57.805289, -121.017646 57.805542, -121.018525 57.806337, -121.018569 57.806382, -121.018602 57.80643, -121.018626 57.806479, -121.018639 57.80653, -121.018641 57.806581, -121.018632 57.806632, -121.018421 57.807366, -121.018504 57.807699, -121.018511 57.807751, -121.018507 57.807804, -121.018492 57.807855, -121.018465 57.807906, -121.018427 57.807954, -121.018379 57.808, -121.018322 57.808042, -121.01671 57.809093, -121.016551 57.809438, -121.01795 57.809684, -121.018897 57.809054, -121.018965 57.809014, -121.019041 57.808978, -121.019124 57.808948, -121.019214 57.808923, -121.019309 57.808905, -121.021666 57.808522, -121.022099 57.808067, -121.022146 57.808024, -121.022201 57.807984, -121.022264 57.807948, -121.025013 57.806527, -121.025359 57.805778, -121.025382 57.805737, -121.025413 57.805697, -121.02545 57.805659, -121.027029 57.804221, -121.027085 57.804176, -121.027151 57.804135, -121.027225 57.804099, -121.027307 57.804068, -121.027395 57.804042, -121.027488 57.804022, -121.027586 57.804008, -121.027685 57.804, -121.02973 57.803909, -121.029835 57.803907, -121.029939 57.803913, -121.030041 57.803926, -121.03014 57.803945, -121.030233 57.803971, -121.030319 57.804002, -121.030398 57.80404, -121.030467 57.804082, -121.030526 57.804128, -121.030573 57.804178, -121.030609 57.80423, -121.030975 57.804902, -121.030997 57.804953, -121.031007 57.805006, -121.031006 57.805059, -121.030937 57.805566, -121.032807 57.806468, -121.03286 57.806496, -121.032908 57.806527, -121.032951 57.806559, -121.035201 57.808432, -121.035246 57.808474, -121.035282 57.808518, -121.035308 57.808563, -121.035326 57.80861, -121.035334 57.808658, -121.035332 57.808706, -121.034874 57.812014, -121.034862 57.812064, -121.034839 57.812113, -121.034806 57.812161, -121.034764 57.812206, -121.034712 57.812248, -121.034651 57.812287, -121.034583 57.812322, -121.034508 57.812352, -121.032952 57.812915, -121.033463 57.813493, -121.033501 57.813545, -121.033527 57.813599, -121.03354 57.813655, -121.03354 57.813711, -121.033527 57.813766, -121.033501 57.81382, -121.033462 57.813872, -121.033412 57.813921, -121.032112 57.815022, -121.032183 57.815753, -121.034392 57.816145, -121.034486 57.816165, -121.034574 57.81619, -121.034656 57.816222, -121.034731 57.816258, -121.034796 57.816299, -121.034852 57.816343, -121.034898 57.816391, -121.034933 57.816441, -121.034956 57.816494, -121.034967 57.816547, -121.035036 57.817312, -121.035037 57.817337, -121.035022 57.818443, -121.03502 57.818471, -121.035011 57.81851, -121.034447 57.820402, -121.034428 57.820448, -121.034401 57.820493, -121.034364 57.820536, -121.03432 57.820577, -121.034268 57.820615, -121.033543 57.821088, -121.033535 57.821093, -121.033522 57.821101, -121.031484 57.822333, -121.031234 57.823024, -121.031176 57.823694, -121.03117 57.823731, -121.031158 57.823768, -121.030845 57.824539, -121.030817 57.824591, -121.030778 57.824641, -121.030728 57.824688, -121.030667 57.824732, -121.030597 57.824771, -121.030519 57.824806, -121.030433 57.824835, -121.030342 57.824859, -121.030245 57.824876, -121.029803 57.824941, -121.0297 57.824953, -121.029595 57.824957, -121.02949 57.824955, -121.029387 57.824945, -121.029286 57.824929, -121.02919 57.824906, -121.0291 57.824878, -121.029018 57.824843, -121.028944 57.824803, -121.02888 57.824759, -121.028827 57.824711, -121.028786 57.824659, -121.028757 57.824605, -121.028741 57.82455, -121.028737 57.824494, -121.028844 57.822731, -121.028851 57.821746, -121.028787 57.821095, -121.028504 57.8203, -121.026954 57.819837, -121.026001 57.820267, -121.02529 57.8208, -121.025217 57.821683, -121.026503 57.823438, -121.026534 57.823489, -121.026553 57.823541, -121.026561 57.823594, -121.026556 57.823648, -121.02654 57.8237, -121.026512 57.823752, -121.025904 57.824657, -121.026344 57.825311, -121.026372 57.825362, -121.026388 57.825414, -121.026393 57.825467, -121.026386 57.82552, -121.026367 57.825572, -121.026337 57.825623, -121.026296 57.825671, -121.026244 57.825717, -121.026183 57.825759, -121.026113 57.825796, -121.026035 57.825829, -121.02595 57.825857, -121.025896 57.825873, -121.025802 57.825896, -121.025704 57.825912, -121.025602 57.825923, -121.0255 57.825926, -121.025397 57.825923, -121.025295 57.825913, -121.025197 57.825897, -121.025103 57.825874, -121.025015 57.825845, -121.024934 57.825811, -121.023195 57.824978, -121.021983 57.825012, -121.020915 57.82602, -121.020955 57.826686, -121.02199 57.827088, -121.022071 57.827124, -121.022142 57.827165, -121.022204 57.82721, -121.022254 57.827259, -121.022293 57.827311, -121.022319 57.827365, -121.022332 57.82742, -121.022333 57.827476, -121.02232 57.827532, -121.022295 57.827586, -121.022257 57.827638, -121.022207 57.827687, -121.020978 57.828736, -121.020972 57.828741, -121.019571 57.829902, -121.019707 57.830757, -121.019709 57.83077, -121.019831 57.831934, -121.019831 57.831984, -121.01982 57.832033, -121.0198 57.832081, -121.019769 57.832128, -121.019729 57.832173, -121.01968 57.832216, -121.01846 57.833146, -121.018397 57.833189, -121.018325 57.833227, -121.018245 57.83326, -121.018158 57.833287, -121.018066 57.833309, -121.017969 57.833325, -121.01787 57.833335, -121.017769 57.833338, -121.017668 57.833335, -121.017568 57.833325, -121.017471 57.833309, -121.017379 57.833287, -121.017292 57.833259, -121.017212 57.833226, -121.017141 57.833188, -121.017078 57.833146, -121.017025 57.8331, -121.016983 57.833051, -121.016952 57.833, -121.016474 57.831995, -121.014198 57.832009, -121.013439 57.832396, -121.011784 57.833544, -121.011718 57.833585, -121.011644 57.833621, -121.011562 57.833652, -121.011473 57.833677, -121.01138 57.833697, -121.011283 57.833711, -121.011183 57.833718, -121.007773 57.833863, -121.007672 57.833864, -121.007572 57.833859, -121.007474 57.833847, -121.007379 57.833829, -121.007289 57.833806, -121.007205 57.833777, -121.007128 57.833742, -121.007059 57.833703, -121.006394 57.833279, -121.005243 57.833261, -121.003618 57.833669, -121.001118 57.83606, -121.001065 57.836104, -121.001004 57.836145, -120.998921 57.837359, -120.998649 57.838224, -120.998628 57.838273, -120.998597 57.83832, -120.998557 57.838366, -120.998507 57.838408, -120.998449 57.838448, -120.998382 57.838483, -120.998309 57.838515, -120.997299 57.8389, -120.996674 57.839485, -120.996321 57.84032, -120.996292 57.840372, -120.996252 57.840423, -120.9962 57.84047, -120.996138 57.840513, -120.996067 57.840552, -120.995988 57.840587, -120.994688 57.841078, -120.995051 57.841396, -120.995098 57.841442, -120.995133 57.841491, -120.995158 57.841542, -120.995425 57.842259, -120.995438 57.842311, -120.99544 57.842363, -120.995431 57.842416, -120.99541 57.842467, -120.995378 57.842517, -120.995335 57.842564, -120.995282 57.842608, -120.99522 57.842649, -120.993829 57.843459, -120.993375 57.844022, -120.992919 57.845117, -120.994626 57.846515, -120.994678 57.846564, -120.994718 57.846616, -120.994745 57.84667, -120.99476 57.846725, -120.994761 57.846781, -120.99475 57.846837, -120.994725 57.846891, -120.994688 57.846943, -120.99464 57.846993, -120.99458 57.847039, -120.994509 57.84708, -120.99443 57.847117, -120.994342 57.847148, -120.994249 57.847173, -120.992808 57.847498, -120.992628 57.848326, -120.992617 57.848362, -120.992593 57.848412, -120.992408 57.848716, -120.992367 57.84877, -120.99236 57.848777, -120.991113 57.850096, -120.991103 57.850683, -120.993092 57.852202, -120.993146 57.852249, -120.993188 57.852298, -120.993219 57.85235, -120.993237 57.852403, -120.993244 57.852457, -120.993238 57.852511, -120.99322 57.852565, -120.99319 57.852616, -120.993149 57.852666, -120.993096 57.852713, -120.993034 57.852755, -120.992962 57.852794, -120.992882 57.852827, -120.992795 57.852856, -120.992702 57.852878, -120.992605 57.852894, -120.992505 57.852904, -120.992403 57.852907, -120.992301 57.852904, -120.992201 57.852895, -120.992104 57.852879, -120.990128 57.852482, -120.99006 57.852467, -120.989996 57.852448, -120.989935 57.852427, -120.988822 57.852003, -120.986293 57.85193, -120.985314 57.852214, -120.984718 57.853451, -120.984691 57.853497, -120.984655 57.853541, -120.98461 57.853583, -120.983536 57.85447, -120.983016 57.855128, -120.98297 57.855177, -120.982912 57.855223, -120.982845 57.855266, -120.982768 57.855303, -120.982683 57.855335, -120.982592 57.855361, -120.982495 57.855381, -120.982394 57.855395, -120.982291 57.855401, -120.982187 57.855401, -120.982084 57.855395, -120.981984 57.855381, -120.981887 57.855361, -120.981795 57.855335, -120.98171 57.855303, -120.981634 57.855266, -120.981566 57.855224, -120.981509 57.855178, -120.981462 57.855128, -120.980526 57.853949, -120.979334 57.8535, -120.97843 57.853781, -120.978345 57.853804, -120.978256 57.853822, -120.978164 57.853834, -120.978069 57.853841, -120.977974 57.853842, -120.977879 57.853837, -120.977786 57.853827, -120.975754 57.853533, -120.975653 57.853514, -120.975558 57.85349, -120.975469 57.853459, -120.975388 57.853422, -120.975317 57.85338, -120.975256 57.853334, -120.975206 57.853284, -120.975169 57.853231, -120.975144 57.853176, -120.975133 57.853119, -120.975135 57.853063, -120.97515 57.853007, -120.975179 57.852953, -120.976035 57.851642, -120.974853 57.850314, -120.974815 57.850264, -120.97479 57.850211, -120.974776 57.850157, -120.974775 57.850103, -120.974786 57.850049, -120.974809 57.849996, -120.974844 57.849945, -120.97489 57.849897, -120.974947 57.849852, -120.975014 57.849811, -120.97509 57.849774, -120.975173 57.849743, -120.976597 57.849274, -120.974754 57.848575, -120.974672 57.84854, -120.9746 57.848499, -120.974537 57.848455, -120.974486 57.848406, -120.974446 57.848355, -120.974418 57.848301, -120.974403 57.848246, -120.974401 57.848191, -120.974411 57.848135, -120.974435 57.848081, -120.974471 57.848029, -120.974519 57.847979, -120.974578 57.847934, -120.974647 57.847892, -120.974726 57.847855, -120.974812 57.847824, -120.974905 57.847798, -120.975903 57.847566, -120.976791 57.846946, -120.976812 57.846779, -120.974497 57.84647, -120.972239 57.846914, -120.972137 57.84693, -120.972032 57.846939, -120.971926 57.846941, -120.97182 57.846936, -120.971716 57.846924, -120.971615 57.846905, -120.971521 57.84688, -120.971432 57.846848, -120.971352 57.846811, -120.971282 57.846768, -120.971222 57.846722, -120.971174 57.846671, -120.971138 57.846618, -120.971114 57.846563, -120.971104 57.846506, -120.971022 57.845052, -120.969791 57.844804, -120.968227 57.844876, -120.968126 57.844877, -120.968026 57.844872, -120.967927 57.844861, -120.967832 57.844843, -120.967741 57.84482, -120.967656 57.844791, -120.967579 57.844756, -120.967509 57.844717, -120.967449 57.844674, -120.967399 57.844628, -120.96736 57.844578, -120.967332 57.844527, -120.967316 57.844474, -120.967128 57.843465, -120.966239 57.842875, -120.966188 57.842837, -120.964303 57.841281, -120.964255 57.841235, -120.964216 57.841186, -120.964189 57.841135, -120.964173 57.841082, -120.964169 57.841029, -120.964177 57.840976, -120.964196 57.840924, -120.964227 57.840874, -120.964269 57.840826, -120.964321 57.840781, -120.964383 57.840739, -120.964454 57.840702, -120.966108 57.839924, -120.965569 57.838915, -120.964188 57.838365, -120.961666 57.837545, -120.959916 57.837129, -120.959824 57.837104, -120.959739 57.837073, -120.959662 57.837036, -120.959593 57.836995, -120.959535 57.836949, -120.959488 57.8369, -120.959452 57.836849, -120.959428 57.836795, -120.959417 57.836741, -120.959418 57.836686, -120.959548 57.835822, -120.95955 57.835811, -120.959675 57.835175, -120.959615 57.833739, -120.959618 57.833686, -120.959634 57.833633, -120.959661 57.833582, -120.959699 57.833533, -120.959748 57.833486, -120.959807 57.833443, -120.959875 57.833405, -120.961425 57.832616, -120.961928 57.831668, -120.960763 57.830624, -120.960715 57.830574, -120.960679 57.830521, -120.960655 57.830466, -120.960645 57.83041, -120.960648 57.830354, -120.960664 57.830298, -120.960694 57.830244, -120.960735 57.830192, -120.960789 57.830144, -120.961444 57.829627, -120.961479 57.828759, -120.960772 57.828104, -120.960728 57.828058, -120.960695 57.828009, -120.960672 57.827958, -120.960661 57.827906, -120.960661 57.827854, -120.960673 57.827802, -120.960696 57.827752, -120.960729 57.827703, -120.961388 57.826892, -120.961519 57.826242, -120.961532 57.826198, -120.961554 57.826156, -120.961583 57.826114, -120.962032 57.825027, -120.961252 57.824466, -120.961199 57.824423, -120.961156 57.824377, -120.961123 57.824329, -120.9611 57.824278, -120.961089 57.824227, -120.961088 57.824175, -120.961099 57.824124, -120.961121 57.824074, -120.961154 57.824025, -120.961196 57.823979, -120.962692 57.822571, -120.962717 57.822549, -120.962755 57.82252, -120.963764 57.821816, -120.96412 57.82066, -120.964143 57.820605, -120.964179 57.820552, -120.964227 57.820503, -120.964287 57.820456, -120.965599 57.81956, -120.96566 57.819523, -120.965728 57.819489, -120.965803 57.81946, -120.969038 57.818338, -120.969121 57.818313, -120.969209 57.818293, -120.969301 57.818278, -120.969395 57.818269, -120.96949 57.818266, -120.969585 57.818268, -120.971432 57.818371, -120.971532 57.81838, -120.97163 57.818395, -120.971723 57.818417, -120.971811 57.818444, -120.973133 57.818913, -120.974141 57.81885, -120.974795 57.816743, -120.974749 57.81597, -120.972759 57.815088, -120.972686 57.815051, -120.972621 57.81501, -120.972566 57.814966, -120.971796 57.814249, -120.971751 57.814201, -120.971718 57.814151, -120.971696 57.814099, -120.971685 57.814045, -120.971687 57.813992, -120.971756 57.813535, -120.969813 57.813482, -120.96971 57.813476, -120.969608 57.813463, -120.96951 57.813443, -120.969418 57.813417, -120.969332 57.813385, -120.969255 57.813348, -120.969186 57.813306, -120.969128 57.813259, -120.969082 57.81321, -120.969047 57.813157, -120.969024 57.813103, -120.969015 57.813047, -120.969018 57.812992, -120.969034 57.812937, -120.969063 57.812883, -120.969105 57.812832, -120.969157 57.812784, -120.969221 57.81274, -120.969918 57.812313, -120.969093 57.811302, -120.967602 57.810493, -120.967049 57.810458, -120.966947 57.810448, -120.966847 57.810432, -120.966753 57.810409, -120.966664 57.81038, -120.966583 57.810345, -120.96651 57.810306, -120.966447 57.810261, -120.964654 57.808827, -120.964604 57.808781, -120.964564 57.808733, -120.963934 57.807815, -120.962496 57.807054, -120.962434 57.807018, -120.961265 57.806242, -120.961216 57.806206, -120.960277 57.805435, -120.96024 57.805401, -120.960208 57.805366, -120.960182 57.805329, -120.960105 57.805202, -120.960081 57.805151, -120.960068 57.805099, -120.960066 57.805046, -120.960076 57.804994, -120.960097 57.804943, -120.960129 57.804894, -120.960172 57.804846, -120.960225 57.804802, -120.960287 57.804762, -120.960358 57.804725, -120.962647 57.803676, -120.962731 57.803642, -120.962822 57.803614, -120.962918 57.803593, -120.963019 57.803578, -120.965791 57.803261, -120.966024 57.802684, -120.966257 57.80195, -120.964955 57.800575, -120.964914 57.800526, -120.964886 57.800474, -120.964869 57.800421, -120.964864 57.800367, -120.964872 57.800313, -120.964891 57.80026, -120.964923 57.800209, -120.964965 57.80016, -120.965019 57.800114, -120.965082 57.800072, -120.967287 57.798775, -120.967362 57.798736, -120.967446 57.798702, -120.967537 57.798674, -120.967634 57.798652, -120.967735 57.798637, -120.967839 57.798629, -120.967944 57.798628, -120.968049 57.798634, -120.969598 57.798771, -120.969677 57.79878, -120.969754 57.798793, -120.969829 57.79881, -120.970752 57.799051, -120.97084 57.799077, -120.970922 57.799109, -120.970996 57.799147, -120.971061 57.799188, -120.971116 57.799234, -120.97116 57.799282, -120.971193 57.799333, -120.971215 57.799386, -120.971414 57.800085, -120.973419 57.799908, -120.973523 57.799902, -120.973628 57.799903, -120.973732 57.799912, -120.973833 57.799927, -120.97393 57.799948, -120.974021 57.799976, -120.974105 57.80001, -120.97418 57.800049, -120.974246 57.800093, -120.97493 57.800613, -120.976138 57.800238, -120.976235 57.799558, -120.975947 57.798403, -120.973033 57.798121, -120.972933 57.798108, -120.972837 57.798089, -120.972746 57.798063, -120.972662 57.798032, -120.972585 57.797996, -120.972517 57.797954, -120.972459 57.797909, -120.972412 57.79786, -120.972377 57.797809, -120.972353 57.797756, -120.972342 57.797701, -120.972343 57.797647, -120.972357 57.797592, -120.972384 57.797539, -120.972422 57.797488, -120.973073 57.796752, -120.971908 57.795481, -120.97187 57.795432, -120.971842 57.795382, -120.971827 57.795329, -120.971823 57.795277, -120.97183 57.795224, -120.971849 57.795172, -120.971879 57.795122, -120.971921 57.795074, -120.971972 57.795029, -120.972696 57.794472, -120.972443 57.793407, -120.967298 57.793249, -120.967199 57.793243, -120.967102 57.79323, -120.967009 57.793212, -120.96692 57.793188, -120.966838 57.793158, -120.966762 57.793124, -120.966695 57.793085, -120.966636 57.793042, -120.966588 57.792995, -120.96655 57.792946, -120.966524 57.792895, -120.966508 57.792843, -120.966505 57.79279, -120.966513 57.792737, -120.966907 57.791279, -120.962534 57.79105, -120.962435 57.791042, -120.962338 57.791027, -120.962245 57.791006, -120.962158 57.79098, -120.962077 57.790948, -120.962004 57.790911, -120.96194 57.79087, -120.961885 57.790826, -120.96184 57.790778, -120.961807 57.790727, -120.961027 57.789274, -120.959166 57.788132, -120.959106 57.788091, -120.959056 57.788047, -120.959016 57.787999, -120.958986 57.78795, -120.958967 57.787899, -120.95896 57.787847, -120.958963 57.787796, -120.959101 57.787023, -120.959353 57.785756, -120.958721 57.785365, -120.958665 57.785326, -120.958617 57.785284, -120.958578 57.78524, -120.958548 57.785193, -120.958528 57.785145, -120.958518 57.785096, -120.958518 57.785047, -120.958647 57.783824, -120.958641 57.782832, -120.956009 57.7826, -120.955931 57.782592, -120.955856 57.782579, -120.955783 57.782562, -120.955713 57.782542, -120.951623 57.781861, -120.951528 57.781842, -120.951437 57.781817, -120.951353 57.781785, -120.951277 57.781749, -120.95121 57.781708, -120.951152 57.781663, -120.951105 57.781615, -120.951069 57.781564, -120.951045 57.781511, -120.951034 57.781457, -120.951035 57.781402, -120.951048 57.781348, -120.951073 57.781295, -120.95111 57.781245, -120.951159 57.781197, -120.951218 57.781152, -120.951287 57.781112, -120.951364 57.781076, -120.951449 57.781046, -120.95154 57.781021, -120.951636 57.781003, -120.951736 57.780991, -120.953184 57.780862, -120.953384 57.779258, -120.953398 57.779205, -120.953423 57.779152, -120.95346 57.779102, -120.953508 57.779054, -120.953566 57.77901, -120.95481 57.778178, -120.954857 57.778149, -120.95491 57.778122, -120.954966 57.778097, -120.956111 57.777645, -120.956085 57.777093, -120.954377 57.776269, -120.950831 57.776085, -120.95073 57.776076, -120.950631 57.776061, -120.950536 57.77604, -120.950447 57.776012, -120.950365 57.775979, -120.950292 57.775941, -120.950227 57.775898, -120.948936 57.77493, -120.946995 57.774283, -120.946915 57.774253, -120.946843 57.774218, -120.946778 57.774179, -120.946722 57.774136, -120.946676 57.774089, -120.946641 57.774041, -120.946616 57.77399, -120.946603 57.773938, -120.946601 57.773886, -120.94661 57.773834, -120.946631 57.773783, -120.946662 57.773733, -120.947329 57.772863, -120.94756 57.771817, -120.947571 57.77178, -120.948166 57.770248, -120.947503 57.767948, -120.947493 57.767892, -120.947497 57.767836, -120.947513 57.767781, -120.947543 57.767727, -120.947584 57.767676, -120.947637 57.767628, -120.947702 57.767584, -120.947775 57.767544, -120.947858 57.76751, -120.947948 57.767481, -120.948044 57.767458, -120.948144 57.767443, -120.948248 57.767433, -120.949302 57.767375, -120.951003 57.765958, -120.949099 57.763133, -120.949071 57.763082, -120.949054 57.76303, -120.949049 57.762977, -120.949056 57.762925, -120.94918 57.762407, -120.94823 57.761206, -120.947195 57.760629, -120.946348 57.76042, -120.945271 57.760486, -120.944407 57.760693, -120.94431 57.760713, -120.94421 57.760726, -120.944107 57.760732, -120.944004 57.760732, -120.943901 57.760725, -120.943801 57.760711, -120.943705 57.760691, -120.943614 57.760664, -120.94353 57.760632, -120.943454 57.760595, -120.943387 57.760553, -120.943331 57.760506, -120.943285 57.760457, -120.943251 57.760405, -120.94323 57.760351, -120.942948 57.75935, -120.942473 57.757792, -120.940668 57.756806, -120.940603 57.756766, -120.940548 57.756723, -120.940502 57.756677, -120.940467 57.756628, -120.940443 57.756577, -120.94043 57.756525, -120.940429 57.756473, -120.940439 57.75642, -120.940461 57.756369, -120.940493 57.75632, -120.940536 57.756273, -120.943373 57.753581, -120.942121 57.752381, -120.942078 57.752333, -120.942045 57.752282, -120.942025 57.752229, -120.942016 57.752176, -120.942019 57.752122, -120.942034 57.752069, -120.942061 57.752018, -120.942099 57.751968, -120.942148 57.751921, -120.942207 57.751878, -120.942276 57.751838, -120.942352 57.751804, -120.944042 57.751129, -120.943913 57.750593, -120.942366 57.749782, -120.942299 57.749742, -120.94224 57.749698, -120.942193 57.749651, -120.942156 57.749601, -120.94213 57.749549, -120.942117 57.749495, -120.942115 57.749442, -120.942126 57.749388, -120.942149 57.749336, -120.942183 57.749285, -120.942228 57.749237, -120.942284 57.749192, -120.942349 57.749151, -120.942423 57.749115, -120.942505 57.749083, -120.942593 57.749057, -120.942687 57.749037, -120.944617 57.74869, -120.944703 57.748677, -120.944791 57.748669, -120.944879 57.748666, -120.944968 57.748669, -120.945056 57.748676, -120.945142 57.748688, -120.946722 57.748959, -120.946801 57.748975, -120.946878 57.748995, -120.94695 57.74902, -120.947017 57.749048, -120.947078 57.749079, -120.9501 57.750803, -120.950927 57.750415, -120.951794 57.749364, -120.951943 57.74827, -120.951951 57.748234, -120.952355 57.746827, -120.952362 57.746807, -120.952376 57.746775, -120.953103 57.745374, -120.950457 57.743309, -120.947499 57.743848, -120.94743 57.743859, -120.947355 57.743867, -120.944571 57.744096, -120.944467 57.744101, -120.944363 57.744099, -120.944261 57.74409, -120.944161 57.744075, -120.944066 57.744053, -120.943976 57.744025, -120.940832 57.742904, -120.940749 57.74287, -120.940674 57.74283, -120.940608 57.742786, -120.940554 57.742738, -120.940511 57.742686, -120.940481 57.742632, -120.940464 57.742577, -120.940459 57.742521, -120.940468 57.742465, -120.94049 57.74241, -120.940525 57.742357, -120.940572 57.742306, -120.941855 57.741123, -120.939708 57.739771, -120.935839 57.740558, -120.935738 57.740575, -120.93392 57.740808, -120.933824 57.740817, -120.933727 57.74082, -120.933629 57.740817, -120.933533 57.740809, -120.93344 57.740794, -120.93335 57.740774, -120.93126 57.74022, -120.931176 57.740195, -120.931099 57.740165, -120.931028 57.74013, -120.930965 57.740091, -120.930912 57.740048, -120.930118 57.739339, -120.930074 57.739294, -120.93004 57.739248, -120.930016 57.739199, -120.929246 57.737197, -120.929242 57.737186, -120.929231 57.737137, -120.929009 57.735413, -120.929009 57.735406, -120.929008 57.735387, -120.928979 57.733976, -120.927728 57.732742, -120.927684 57.732692, -120.927653 57.732639, -120.927633 57.732585, -120.927627 57.73253, -120.927633 57.732475, -120.927652 57.73242, -120.928023 57.731623, -120.926316 57.730498, -120.918229 57.730029, -120.916486 57.730064, -120.91328 57.730663, -120.913183 57.730678, -120.913083 57.730686, -120.912982 57.730688, -120.90885 57.730636, -120.906734 57.730887, -120.905897 57.731458, -120.905832 57.731498, -120.905758 57.731533, -120.905677 57.731564, -120.90559 57.731589, -120.905498 57.731608, -120.905402 57.731622, -120.905304 57.731629, -120.905205 57.73163, -120.905106 57.731625, -120.90501 57.731614, -120.904916 57.731597, -120.904827 57.731574, -120.904743 57.731546, -120.903292 57.730986, -120.900654 57.730587, -120.898342 57.730627, -120.898269 57.730627, -120.898195 57.730623, -120.898123 57.730615, -120.897217 57.730501, -120.893382 57.731585, -120.892343 57.732675, -120.892291 57.732722, -120.89223 57.732765, -120.892159 57.732804, -120.892079 57.732838, -120.891993 57.732866, -120.891901 57.732889, -120.891804 57.732906, -120.891704 57.732916, -120.891603 57.73292, -120.86022 57.733091, -120.8596 57.733117, -120.859498 57.733118, -120.859397 57.733112, -120.859298 57.7331, -120.859203 57.733082, -120.859112 57.733057, -120.859027 57.733027, -120.85895 57.732992, -120.858882 57.732952, -120.85684 57.731599, -120.854892 57.730711, -120.854824 57.730676, -120.854764 57.730637, -120.854712 57.730595, -120.854669 57.73055, -120.854636 57.730503, -120.854613 57.730455, -120.854601 57.730405, -120.854524 57.729886, -120.854523 57.729831, -120.854533 57.729777, -120.854556 57.729723, -120.854591 57.729672, -120.854638 57.729623, -120.854695 57.729578, -120.855849 57.728774, -120.857736 57.727095, -120.856489 57.726075, -120.856445 57.726034, -120.856409 57.72599, -120.856381 57.725945, -120.856037 57.725254, -120.855558 57.7245, -120.853825 57.72489, -120.85296 57.72613, -120.85349 57.727237, -120.853509 57.727291, -120.853516 57.727345, -120.853511 57.727399, -120.853493 57.727452, -120.853464 57.727504, -120.853423 57.727554, -120.853371 57.727601, -120.853309 57.727644, -120.853237 57.727682, -120.853157 57.727716, -120.853071 57.727744, -120.851415 57.72821, -120.849876 57.728869, -120.847894 57.730052, -120.846616 57.73127, -120.846831 57.7326, -120.847568 57.734072, -120.847589 57.734128, -120.847596 57.734184, -120.847591 57.73424, -120.847572 57.734295, -120.84754 57.734349, -120.847496 57.7344, -120.84744 57.734448, -120.847374 57.734492, -120.847298 57.734531, -120.847213 57.734564, -120.845894 57.735021, -120.846012 57.735381, -120.846022 57.735426, -120.846024 57.73547, -120.846018 57.735515, -120.846003 57.735559, -120.845511 57.736698, -120.845854 57.737563, -120.845868 57.737611, -120.845872 57.73766, -120.845866 57.737709, -120.84585 57.737757, -120.845825 57.737804, -120.84579 57.737849, -120.845746 57.737892, -120.844365 57.739082, -120.844308 57.739125, -120.844242 57.739165, -120.844167 57.7392, -120.844086 57.73923, -120.843998 57.739254, -120.843875 57.739284, -120.842406 57.739972, -120.842073 57.741319, -120.842053 57.741373, -120.842022 57.741425, -120.841978 57.741475, -120.841924 57.741521, -120.841859 57.741564, -120.841785 57.741602, -120.840435 57.742216, -120.84035 57.74225, -120.840259 57.742278, -120.840162 57.742299, -120.84006 57.742314, -120.839956 57.742322, -120.839851 57.742323, -120.839746 57.742317, -120.839644 57.742304, -120.839546 57.742284, -120.839453 57.742258, -120.839366 57.742226, -120.839288 57.742188, -120.837976 57.741471, -120.837911 57.741431, -120.837855 57.741387, -120.837809 57.741339, -120.837774 57.74129, -120.837751 57.741238, -120.837739 57.741185, -120.837738 57.741132, -120.83775 57.741079, -120.837773 57.741027, -120.837808 57.740977, -120.837853 57.74093, -120.837909 57.740886, -120.838516 57.74046, -120.838737 57.739622, -120.838757 57.73957, -120.838788 57.73952, -120.83883 57.739472, -120.838882 57.739427, -120.838944 57.739385, -120.839015 57.739348, -120.841004 57.738416, -120.839581 57.736489, -120.839551 57.736439, -120.839531 57.736388, -120.839523 57.736336, -120.839526 57.736284, -120.839673 57.735406, -120.839494 57.73384, -120.839039 57.733732, -120.839014 57.733726, -120.837119 57.733239, -120.8356 57.733224, -120.83315 57.734106, -120.833067 57.734132, -120.832979 57.734153, -120.832887 57.734169, -120.832793 57.734179, -120.832697 57.734183, -120.832601 57.734181, -120.831242 57.734112, -120.831208 57.73411, -120.831145 57.734104, -120.828286 57.733776, -120.827856 57.735182, -120.828078 57.736884, -120.828079 57.736892, -120.828079 57.736942, -120.827957 57.738052, -120.827945 57.738104, -120.827922 57.738156, -120.827888 57.738205, -120.827843 57.738252, -120.827789 57.738296, -120.827725 57.738336, -120.827652 57.738372, -120.827573 57.738403, -120.827487 57.738429, -120.826897 57.738582, -120.824898 57.739654, -120.824835 57.739685, -120.824766 57.739712, -120.824692 57.739735, -120.824615 57.739754, -120.824534 57.739769, -120.82226 57.740116, -120.82217 57.740127, -120.822078 57.740133, -120.821986 57.740133, -120.821894 57.740128, -120.821804 57.740117, -120.821716 57.740101, -120.820514 57.739844, -120.818942 57.740512, -120.818121 57.742556, -120.818093 57.742609, -120.818054 57.742659, -120.818004 57.742706, -120.817943 57.74275, -120.817873 57.74279, -120.817794 57.742824, -120.817708 57.742854, -120.817616 57.742877, -120.81752 57.742895, -120.81742 57.742906, -120.817318 57.742911, -120.817216 57.742908, -120.817116 57.7429, -120.817017 57.742885, -120.816924 57.742863, -120.816835 57.742836, -120.816754 57.742803, -120.814221 57.741651, -120.812504 57.74173, -120.812408 57.741732, -120.812313 57.741727, -120.812219 57.741717, -120.812128 57.741702, -120.812041 57.741681, -120.811959 57.741654, -120.811883 57.741623, -120.809434 57.740498, -120.809413 57.740488, -120.807843 57.739716, -120.805694 57.739778, -120.805667 57.739779, -120.803637 57.739802, -120.803611 57.739802, -120.803511 57.739798, -120.800808 57.739611, -120.800708 57.7396, -120.800612 57.739584, -120.800521 57.739561, -120.800435 57.739533, -120.800356 57.739499, -120.800285 57.739461, -120.800223 57.739418, -120.800172 57.739372, -120.800131 57.739322, -120.800101 57.739271, -120.800084 57.739218, -120.800078 57.739164, -120.800086 57.738428, -120.800088 57.738397, -120.800093 57.738373, -120.800314 57.73745, -120.800324 57.737418, -120.800345 57.737374, -120.801191 57.735922, -120.80037 57.735648, -120.799532 57.73546, -120.799442 57.735436, -120.799358 57.735407, -120.79928 57.735372, -120.799211 57.735333, -120.799152 57.735289, -120.799102 57.735242, -120.799064 57.735193, -120.799037 57.735141, -120.799022 57.735088, -120.799018 57.735034, -120.799027 57.73498, -120.799048 57.734928, -120.79908 57.734877, -120.799478 57.734358, -120.797458 57.732402, -120.794299 57.732821, -120.794074 57.734317, -120.794781 57.736512, -120.794792 57.736564, -120.794791 57.736616, -120.79478 57.736668, -120.794497 57.737496, -120.794473 57.737548, -120.794437 57.737599, -120.79439 57.737647, -120.794332 57.737692, -120.794265 57.737732, -120.794189 57.737768, -120.794105 57.737799, -120.794015 57.737824, -120.79392 57.737844, -120.793821 57.737857, -120.79372 57.737863, -120.793618 57.737863, -120.793517 57.737856, -120.793419 57.737843, -120.793324 57.737824, -120.793234 57.737798, -120.79315 57.737767, -120.793074 57.737731, -120.793007 57.73769, -120.79295 57.737646, -120.792903 57.737597, -120.792867 57.737547, -120.792843 57.737494, -120.792299 57.735841, -120.789417 57.735489, -120.788545 57.735652, -120.787505 57.736953, -120.789646 57.73878, -120.789695 57.738828, -120.789732 57.738879, -120.789758 57.738932, -120.789771 57.738986, -120.789772 57.73904, -120.789761 57.739094, -120.789737 57.739147, -120.788961 57.740522, -120.789032 57.741663, -120.789196 57.743132, -120.791089 57.745045, -120.792631 57.745344, -120.792723 57.745366, -120.79281 57.745393, -120.792891 57.745426, -120.792963 57.745463, -120.793027 57.745505, -120.793081 57.745551, -120.793124 57.745599, -120.793155 57.745651, -120.793175 57.745703, -120.793183 57.745757, -120.793179 57.745811, -120.793163 57.745864, -120.792574 57.747259, -120.793135 57.748453, -120.793153 57.7485, -120.79316 57.748548, -120.793158 57.748596, -120.793147 57.748644, -120.793018 57.749015, -120.793695 57.74956, -120.795569 57.749486, -120.795587 57.749479, -120.795674 57.749451, -120.795766 57.749428, -120.795863 57.749412, -120.795962 57.749402, -120.796064 57.749399, -120.796165 57.749402, -120.796265 57.749412, -120.796362 57.749428, -120.796454 57.74945, -120.796541 57.749477, -120.796621 57.749511, -120.796693 57.749549, -120.796756 57.749591, -120.796809 57.749637, -120.796851 57.749687, -120.796882 57.749738, -120.7969 57.749791, -120.796907 57.749845, -120.796901 57.749899, -120.796883 57.749953, -120.796296 57.75125, -120.796267 57.7513, -120.796227 57.751348, -120.796177 57.751394, -120.796118 57.751436, -120.796049 57.751474, -120.795973 57.751507, -120.79589 57.751536, -120.795801 57.751559, -120.795707 57.751576, -120.794557 57.751749, -120.793945 57.752223, -120.794107 57.752745, -120.795581 57.753192, -120.795665 57.753221, -120.795741 57.753255, -120.795809 57.753293, -120.795868 57.753336, -120.795918 57.753381, -120.795957 57.75343, -120.795985 57.753481, -120.796002 57.753533, -120.796007 57.753586, -120.796 57.753639, -120.795803 57.754463, -120.79634 57.755314, -120.797175 57.755327, -120.79728 57.755332, -120.797383 57.755345, -120.797482 57.755364, -120.797577 57.755389, -120.797664 57.755421, -120.797743 57.755458, -120.797813 57.7555, -120.797872 57.755546, -120.797921 57.755596, -120.797956 57.755649, -120.79798 57.755704, -120.79799 57.75576, -120.797987 57.755817, -120.797971 57.755872, -120.797941 57.755926, -120.7979 57.755978, -120.797846 57.756026, -120.797782 57.756071, -120.796354 57.75694, -120.796403 57.757671, -120.796402 57.757709, -120.796395 57.757748, -120.796382 57.757786, -120.796024 57.758625, -120.795995 57.758679, -120.795953 57.75873, -120.7959 57.758778, -120.795836 57.758822, -120.795763 57.758861, -120.795681 57.758895, -120.795592 57.758924, -120.795496 57.758946, -120.795397 57.758962, -120.795294 57.758972, -120.79519 57.758974, -120.795086 57.75897, -120.794984 57.758959, -120.794885 57.758941, -120.794792 57.758917, -120.793768 57.758609, -120.791931 57.75896, -120.791847 57.759614, -120.791835 57.759663, -120.791813 57.759711, -120.791782 57.759758, -120.791741 57.759802, -120.791691 57.759844, -120.791633 57.759882, -120.790527 57.760539, -120.790456 57.760576, -120.790377 57.760609, -120.790291 57.760636, -120.7902 57.760658, -120.790105 57.760674, -120.790006 57.760684, -120.789907 57.760687, -120.789807 57.760684, -120.788754 57.76062, -120.78669 57.761049, -120.785646 57.761616, -120.786394 57.763465, -120.787941 57.764674, -120.78799 57.764717, -120.788029 57.764763, -120.788059 57.76481, -120.788078 57.764859, -120.788314 57.765685, -120.789261 57.766373, -120.790578 57.766894, -120.790657 57.766929, -120.790727 57.766969, -120.790788 57.767014, -120.790838 57.767062, -120.790876 57.767113, -120.790902 57.767167, -120.790916 57.767221, -120.790917 57.767276, -120.790906 57.767331, -120.790882 57.767385, -120.790846 57.767436, -120.790798 57.767485, -120.790739 57.76753, -120.790671 57.767572, -120.790593 57.767608, -120.790508 57.767639, -120.788249 57.768358, -120.787081 57.768804, -120.785438 57.771441, -120.786248 57.772791, -120.790227 57.77474, -120.790278 57.774767, -120.790324 57.774797, -120.792359 57.776206, -120.793002 57.776571, -120.793031 57.776589, -120.79432 57.777401, -120.794379 57.777443, -120.794429 57.777488, -120.794468 57.777536, -120.794496 57.777586, -120.794513 57.777637, -120.794519 57.77769, -120.794514 57.777742, -120.794497 57.777793, -120.794469 57.777843, -120.794431 57.777891, -120.794382 57.777937, -120.793068 57.778998, -120.793006 57.779043, -120.792934 57.779082, -120.792853 57.779117, -120.792765 57.779146, -120.792245 57.779296, -120.791108 57.779846, -120.790963 57.780196, -120.791783 57.78073, -120.791842 57.780775, -120.791891 57.780823, -120.791929 57.780873, -120.791955 57.780926, -120.791969 57.78098, -120.79197 57.781034, -120.79196 57.781088, -120.791936 57.781141, -120.791901 57.781193, -120.791855 57.781241, -120.791798 57.781286, -120.79093 57.78189, -120.791197 57.782732, -120.791207 57.782784, -120.791206 57.782837, -120.791194 57.782889, -120.790858 57.783846, -120.790834 57.783898, -120.790799 57.783948, -120.790752 57.783995, -120.790696 57.784039, -120.79063 57.784079, -120.788441 57.785262, -120.788411 57.785277, -120.788374 57.785294, -120.786848 57.785958, -120.786803 57.785976, -120.786721 57.786003, -120.786344 57.786114, -120.784125 57.787678, -120.784821 57.788655, -120.78485 57.788705, -120.784869 57.788755, -120.784876 57.788807, -120.784872 57.788859, -120.784857 57.78891, -120.784831 57.78896, -120.784794 57.789008, -120.784747 57.789053, -120.779183 57.793768, -120.780088 57.795377, -120.780111 57.795429, -120.780122 57.795482, -120.780121 57.795536, -120.780109 57.795589, -120.780084 57.795641, -120.780048 57.795691, -120.780001 57.795738, -120.779944 57.795782, -120.779877 57.795822, -120.779802 57.795858, -120.77972 57.795888, -120.779631 57.795914, -120.779537 57.795933, -120.77944 57.795946, -120.77934 57.795953, -120.775648 57.79609, -120.775581 57.796091, -120.773261 57.79608, -120.77316 57.796076, -120.773061 57.796066, -120.772964 57.796049, -120.772872 57.796027, -120.772786 57.795998, -120.772706 57.795965, -120.772635 57.795926, -120.771163 57.795026, -120.771111 57.794991, -120.771066 57.794953, -120.771028 57.794913, -120.769227 57.79275, -120.769198 57.79271, -120.769176 57.792668, -120.769162 57.792625, -120.767537 57.785892, -120.76753 57.785841, -120.767535 57.78579, -120.76755 57.785739, -120.767576 57.78569, -120.767612 57.785642, -120.767659 57.785597, -120.767715 57.785555, -120.768035 57.785342, -120.768103 57.785301, -120.76818 57.785266, -120.768265 57.785235, -120.768355 57.785211, -120.768451 57.785192, -120.76855 57.78518, -120.768651 57.785174, -120.768753 57.785174, -120.768854 57.785181, -120.768952 57.785195, -120.769047 57.785215, -120.769137 57.785241, -120.77026 57.785614, -120.771427 57.784609, -120.770896 57.783442, -120.770885 57.783416, -120.77088 57.7834, -120.770365 57.781466, -120.76937 57.779918, -120.768786 57.779172, -120.768752 57.779121, -120.768731 57.779068, -120.768721 57.779014, -120.768523 57.775691, -120.768525 57.775644, -120.768539 57.775587, -120.768781 57.774965, -120.768487 57.773328, -120.767037 57.771661, -120.763952 57.77056, -120.763872 57.770528, -120.7638 57.770491, -120.763737 57.770449, -120.763683 57.770404, -120.76364 57.770356, -120.763608 57.770305, -120.763588 57.770253, -120.763504 57.769947, -120.763495 57.769895, -120.763498 57.769842, -120.763513 57.76979, -120.763538 57.769739, -120.763575 57.76969, -120.763623 57.769644, -120.76368 57.769601, -120.763746 57.769562, -120.76382 57.769528, -120.763902 57.769498, -120.765245 57.769067, -120.765281 57.769056, -120.765299 57.769051, -120.766725 57.768666, -120.766791 57.76865, -120.76686 57.768637, -120.76693 57.768627, -120.768549 57.768443, -120.770145 57.767873, -120.769141 57.766713, -120.766076 57.76673, -120.765977 57.766727, -120.76588 57.766718, -120.765785 57.766704, -120.765694 57.766683, -120.765608 57.766657, -120.765529 57.766626, -120.765457 57.76659, -120.765393 57.766549, -120.765339 57.766505, -120.765295 57.766458, -120.764603 57.7656, -120.762528 57.76522, -120.760905 57.765324, -120.759778 57.765655, -120.758787 57.768711, -120.758256 57.770544, -120.758755 57.771688, -120.760216 57.773283, -120.760256 57.773333, -120.760283 57.773387, -120.760298 57.773441, -120.760301 57.773496, -120.760291 57.773551, -120.760268 57.773605, -120.760233 57.773657, -120.760187 57.773706, -120.760129 57.773752, -120.760062 57.773793, -120.759985 57.77383, -120.7599 57.773862, -120.759809 57.773888, -120.759713 57.773907, -120.759612 57.773921, -120.75951 57.773927, -120.759406 57.773927, -120.756408 57.773824, -120.756312 57.773818, -120.756219 57.773806, -120.756128 57.773788, -120.756042 57.773765, -120.755962 57.773737, -120.755888 57.773704, -120.752235 57.771881, -120.747312 57.771438, -120.747214 57.771426, -120.747119 57.771408, -120.74703 57.771384, -120.746946 57.771354, -120.746869 57.77132, -120.746801 57.77128, -120.746742 57.771237, -120.746693 57.77119, -120.746655 57.77114, -120.746629 57.771088, -120.746614 57.771035, -120.746611 57.770982, -120.746643 57.770445, -120.745085 57.768515, -120.745053 57.768468, -120.74503 57.768419, -120.745018 57.768369, -120.745017 57.768319, -120.745026 57.768269, -120.745045 57.768221, -120.745877 57.766575, -120.745101 57.765625, -120.745067 57.765574, -120.745043 57.765521, -120.745033 57.765467, -120.745034 57.765412, -120.745048 57.765358, -120.745074 57.765306, -120.745563 57.764511, -120.745583 57.764481, -120.746359 57.763477, -120.746206 57.762571, -120.744704 57.761373, -120.743524 57.760676, -120.737038 57.761072, -120.737199 57.763292, -120.737196 57.763347, -120.737181 57.763402, -120.737154 57.763455, -120.737115 57.763506, -120.737064 57.763554, -120.737003 57.763598, -120.736932 57.763638, -120.736852 57.763673, -120.734235 57.764684, -120.735803 57.767695, -120.735823 57.767741, -120.735832 57.767789, -120.735833 57.767836, -120.735824 57.767884, -120.735311 57.769639, -120.736271 57.77025, -120.736324 57.770288, -120.73637 57.770329, -120.736408 57.770373, -120.736436 57.770418, -120.736456 57.770464, -120.736466 57.770512, -120.73668 57.772445, -120.737323 57.772455, -120.737423 57.77246, -120.737521 57.772471, -120.737616 57.772488, -120.737707 57.772512, -120.737791 57.772541, -120.737869 57.772575, -120.737939 57.772613, -120.737999 57.772656, -120.738049 57.772703, -120.738089 57.772752, -120.738117 57.772803, -120.738133 57.772856, -120.738138 57.77291, -120.738131 57.772963, -120.738111 57.773016, -120.73767 57.773925, -120.739103 57.774273, -120.739193 57.774298, -120.739277 57.77433, -120.739353 57.774366, -120.739421 57.774407, -120.739478 57.774453, -120.739525 57.774501, -120.73956 57.774552, -120.739583 57.774606, -120.739594 57.77466, -120.739593 57.774715, -120.739579 57.774769, -120.739553 57.774822, -120.739515 57.774872, -120.738674 57.775824, -120.738623 57.775873, -120.738561 57.775918, -120.738488 57.775959, -120.738407 57.775995, -120.738318 57.776025, -120.738223 57.776048, -120.738123 57.776066, -120.73802 57.776076, -120.737915 57.776079, -120.737816 57.776079, -120.737715 57.776076, -120.737615 57.776066, -120.737518 57.77605, -120.737426 57.776028, -120.737339 57.776, -120.737259 57.775967, -120.737187 57.775929, -120.737125 57.775887, -120.737072 57.77584, -120.73703 57.775791, -120.736574 57.775155, -120.734773 57.773963, -120.734713 57.773918, -120.73468 57.773887, -120.733318 57.772474, -120.731516 57.772154, -120.73142 57.772134, -120.73133 57.772107, -120.731247 57.772075, -120.731171 57.772037, -120.731105 57.771995, -120.731049 57.771949, -120.731004 57.7719, -120.73097 57.771848, -120.730949 57.771794, -120.73094 57.77174, -120.730944 57.771685, -120.731066 57.771021, -120.731079 57.770976, -120.731105 57.770924, -120.731839 57.769742, -120.731672 57.769236, -120.728922 57.767848, -120.72355 57.767671, -120.723448 57.767664, -120.723348 57.767651, -120.723252 57.767631, -120.72316 57.767605, -120.723076 57.767573, -120.723 57.767536, -120.722932 57.767494, -120.722875 57.767449, -120.722829 57.767399, -120.722794 57.767347, -120.722772 57.767294, -120.722762 57.767239, -120.722765 57.767184, -120.72278 57.767129, -120.722808 57.767076, -120.722848 57.767025, -120.722899 57.766978, -120.7265 57.764064, -120.726049 57.76245, -120.723017 57.761259, -120.721801 57.760773, -120.721731 57.760742, -120.721668 57.760706, -120.721612 57.760668, -120.721564 57.760626, -120.721525 57.760582, -120.721496 57.760535, -120.721476 57.760488, -120.721313 57.759965, -120.718608 57.758759, -120.718532 57.758721, -120.718466 57.758679, -120.718411 57.758632, -120.718366 57.758582, -120.71727 57.75712, -120.71459 57.756388, -120.714501 57.75636, -120.714419 57.756326, -120.714346 57.756287, -120.714282 57.756244, -120.714228 57.756196, -120.714186 57.756146, -120.714156 57.756093, -120.713459 57.754532, -120.712057 57.752935, -120.710727 57.752298, -120.710663 57.752264, -120.710607 57.752227, -120.710558 57.752186, -120.710517 57.752143, -120.710032 57.751546, -120.709277 57.751207, -120.707038 57.750549, -120.706951 57.75052, -120.706871 57.750485, -120.7068 57.750445, -120.706738 57.7504, -120.706687 57.750352, -120.706648 57.750301, -120.706621 57.750248, -120.706606 57.750194, -120.706603 57.750138, -120.706614 57.750084, -120.706637 57.75003, -120.706672 57.749978, -120.706719 57.749929, -120.706777 57.749883, -120.706845 57.749842, -120.706922 57.749805, -120.708123 57.749297, -120.707731 57.748701, -120.705763 57.747964, -120.705681 57.747929, -120.705609 57.74789, -120.705546 57.747846, -120.703673 57.746347, -120.702547 57.745681, -120.702492 57.745645, -120.702444 57.745606, -120.702404 57.745564, -120.702373 57.745521, -120.702367 57.745509, -120.693008 57.74472, -120.695168 57.75061, -120.701408 57.759811, -120.694931 57.762852, -120.686089 57.757195, -120.675463 57.75422, -120.680901 57.747298, -120.686099 57.744913, -120.688881 57.741409, -120.699882 57.741669, -120.700609 57.741686, -120.702237 57.741724, -120.701661 57.741126, -120.70162 57.741077, -120.701591 57.741026, -120.701573 57.740973, -120.701568 57.740919, -120.701597 57.73749, -120.699154 57.735679, -120.698028 57.735663, -120.69795 57.735659, -120.697873 57.735652, -120.697797 57.735642, -120.695684 57.735283, -120.695592 57.735264, -120.695505 57.73524, -120.695424 57.73521, -120.69535 57.735176, -120.695284 57.735137, -120.695227 57.735094, -120.695179 57.735048, -120.695142 57.735, -120.695116 57.734949, -120.694649 57.733776, -120.691384 57.732488, -120.690756 57.732537, -120.688745 57.733289, -120.68866 57.733317, -120.68857 57.733339, -120.688476 57.733355, -120.688379 57.733366, -120.68828 57.73337, -120.684374 57.733412, -120.684277 57.73341, -120.684181 57.733402, -120.684088 57.733389, -120.68286 57.733167, -120.682768 57.733148, -120.682682 57.733122, -120.682601 57.733092, -120.682528 57.733056, -120.682463 57.733016, -120.682408 57.732973, -120.682362 57.732926, -120.682327 57.732877, -120.682303 57.732826, -120.68229 57.732774, -120.682289 57.732721, -120.6823 57.732668, -120.682322 57.732617, -120.682355 57.732567, -120.682989 57.731768, -120.682871 57.731536, -120.680336 57.731312, -120.680282 57.731306, -120.679702 57.731233, -120.679604 57.731218, -120.679511 57.731196, -120.679423 57.731168, -120.679343 57.731135, -120.67927 57.731097, -120.679206 57.731055, -120.679153 57.731008, -120.67911 57.730959, -120.679079 57.730907, -120.67906 57.730854, -120.678705 57.729372, -120.678252 57.728886, -120.675558 57.728461, -120.675467 57.728444, -120.67538 57.728421, -120.675299 57.728392, -120.675224 57.728359, -120.675157 57.728322, -120.675098 57.72828, -120.675049 57.728236, -120.67501 57.728188, -120.674981 57.728139, -120.674963 57.728088, -120.674805 57.727424, -120.674125 57.726674, -120.674089 57.726629, -120.674064 57.726582, -120.674047 57.726533, -120.674041 57.726484, -120.674045 57.726435, -120.674059 57.726387, -120.674275 57.725845, -120.673924 57.72412, -120.673923 57.724113, -120.673725 57.722968, -120.672028 57.722585, -120.671933 57.722559, -120.671845 57.722528, -120.671765 57.722491, -120.671695 57.722449, -120.671635 57.722402, -120.671586 57.722352, -120.67155 57.722298, -120.670871 57.721066, -120.670848 57.721012, -120.670837 57.720957, -120.67084 57.720902, -120.670855 57.720848, -120.670882 57.720794, -120.670922 57.720743, -120.672074 57.719484, -120.672123 57.719438, -120.672181 57.719396, -120.672248 57.719357, -120.672323 57.719323, -120.675331 57.71811, -120.676545 57.717194, -120.676602 57.717156, -120.676667 57.717121, -120.676738 57.71709, -120.679058 57.716191, -120.679312 57.715627, -120.677962 57.714884, -120.677523 57.714961, -120.67746 57.71497, -120.67743 57.714974, -120.675271 57.715211, -120.675173 57.715218, -120.675073 57.715219, -120.674975 57.715215, -120.674877 57.715203, -120.674784 57.715186, -120.674694 57.715163, -120.67461 57.715135, -120.674533 57.715101, -120.674465 57.715063, -120.674404 57.715021, -120.674354 57.714975, -120.674314 57.714927, -120.674286 57.714876, -120.674268 57.714824, -120.674093 57.714026, -120.674087 57.713973, -120.674093 57.713919, -120.674112 57.713867, -120.674141 57.713816, -120.675255 57.71224, -120.675296 57.712191, -120.675347 57.712146, -120.675409 57.712103, -120.675479 57.712065, -120.675557 57.712032, -120.675642 57.712004, -120.675733 57.711981, -120.675828 57.711965, -120.675926 57.711954, -120.676026 57.71195, -120.676126 57.711952, -120.676224 57.711961, -120.67632 57.711976, -120.676413 57.711996, -120.680247 57.713008, -120.683005 57.713546, -120.683746 57.71332, -120.687795 57.711187, -120.687817 57.711176, -120.68942 57.71039, -120.689498 57.710356, -120.689583 57.710327, -120.689675 57.710304, -120.689771 57.710287, -120.68987 57.710276, -120.68997 57.710272, -120.690071 57.710274, -120.690171 57.710282, -120.691254 57.710412, -120.691351 57.710427, -120.691443 57.710448, -120.69153 57.710474, -120.691611 57.710506, -120.691683 57.710543, -120.691747 57.710584, -120.691802 57.710629, -120.691846 57.710677, -120.691879 57.710728, -120.6919 57.71078, -120.69191 57.710834, -120.691907 57.710887, -120.691893 57.71094, -120.691458 57.712055, -120.691431 57.712107, -120.691393 57.712158, -120.691343 57.712205, -120.691284 57.712249, -120.691215 57.712289, -120.691137 57.712323, -120.691052 57.712353, -120.690961 57.712377, -120.690865 57.712395, -120.690766 57.712407, -120.690665 57.712412, -120.690564 57.71241, -120.690463 57.712403, -120.690365 57.712388, -120.690271 57.712368, -120.690183 57.712341, -120.690101 57.712309, -120.689818 57.712184, -120.688178 57.712653, -120.688162 57.712657, -120.687157 57.71293, -120.687898 57.714241, -120.689263 57.714736, -120.691597 57.715117, -120.692816 57.715313, -120.694318 57.714578, -120.694392 57.714546, -120.694472 57.714518, -120.694558 57.714496, -120.694648 57.714478, -120.694741 57.714467, -120.695175 57.714426, -120.69802 57.714101, -120.697736 57.712699, -120.697731 57.712648, -120.697736 57.712598, -120.697753 57.712549, -120.697779 57.7125, -120.697815 57.712454, -120.699585 57.710521, -120.699585 57.709974, -120.699134 57.70885, -120.698518 57.707912, -120.698491 57.707862, -120.698476 57.707812, -120.698471 57.70776, -120.698477 57.707709, -120.698494 57.707658, -120.698529 57.707582, -120.695658 57.707337, -120.694387 57.707461, -120.694291 57.707467, -120.694195 57.707468, -120.694099 57.707462, -120.694004 57.707451, -120.693913 57.707434, -120.693826 57.707411, -120.693745 57.707383, -120.69367 57.707351, -120.690841 57.705967, -120.689724 57.706014, -120.689619 57.706014, -120.689515 57.706008, -120.689414 57.705995, -120.689316 57.705976, -120.688088 57.705682, -120.687997 57.705656, -120.687912 57.705625, -120.687835 57.705589, -120.687767 57.705547, -120.687709 57.705502, -120.687662 57.705453, -120.687627 57.705401, -120.687603 57.705348, -120.687592 57.705293, -120.687594 57.705238, -120.687608 57.705183, -120.687635 57.70513, -120.687673 57.705079, -120.687723 57.705031, -120.687784 57.704987, -120.687854 57.704947, -120.687933 57.704911, -120.68802 57.704882, -120.688113 57.704858, -120.68821 57.70484, -120.688311 57.704829, -120.688414 57.704824, -120.688516 57.704826, -120.690931 57.704959, -120.693746 57.704515, -120.693323 57.703815, -120.692901 57.703609, -120.692884 57.703601, -120.692813 57.703559, -120.691401 57.702625, -120.691345 57.702582, -120.691298 57.702537, -120.691261 57.702489, -120.691235 57.702439, -120.691219 57.702387, -120.691215 57.702335, -120.691223 57.702283, -120.691241 57.702232, -120.691271 57.702183, -120.692216 57.700861, -120.690442 57.699728, -120.69039 57.699691, -120.690345 57.699651, -120.690308 57.699608, -120.690279 57.699564, -120.690203 57.699423, -120.690183 57.699378, -120.690172 57.699327, -120.689897 57.696962, -120.689897 57.696907, -120.689909 57.696853, -120.689934 57.6968, -120.68997 57.696749, -120.690018 57.6967, -120.690077 57.696656, -120.690145 57.696615, -120.690222 57.696579, -120.690306 57.696548, -120.693877 57.695415, -120.69396 57.695025, -120.693971 57.694987, -120.693981 57.694964, -120.694529 57.69383, -120.689171 57.690423, -120.68795 57.69004, -120.686502 57.689846, -120.685604 57.69054, -120.685547 57.690579, -120.685481 57.690615, -120.685409 57.690647, -120.685331 57.690674, -120.685247 57.690696, -120.68516 57.690713, -120.682482 57.691152, -120.682381 57.691165, -120.682279 57.691171, -120.682175 57.691171, -120.682073 57.691163, -120.681973 57.691149, -120.681877 57.691129, -120.681786 57.691102, -120.681703 57.69107, -120.681627 57.691032, -120.681561 57.69099, -120.681505 57.690944, -120.681459 57.690894, -120.681426 57.690842, -120.681405 57.690788, -120.681397 57.690732, -120.681401 57.690677, -120.681599 57.689651, -120.681615 57.689599, -120.681642 57.689549, -120.68168 57.689501, -120.681728 57.689455, -120.681785 57.689413, -120.681852 57.689374, -120.681926 57.68934, -120.682008 57.689311, -120.682095 57.689287, -120.684048 57.688826, -120.684088 57.688817, -120.684178 57.688801, -120.686515 57.68848, -120.686766 57.687902, -120.686796 57.68785, -120.686837 57.687799, -120.686889 57.687752, -120.686952 57.687709, -120.687024 57.68767, -120.687104 57.687636, -120.687192 57.687607, -120.689651 57.68692, -120.68894 57.685258, -120.688924 57.685207, -120.688919 57.685156, -120.688925 57.685104, -120.688942 57.685054, -120.68897 57.685004, -120.689008 57.684957, -120.689056 57.684912, -120.689735 57.684359, -120.688818 57.683271, -120.688784 57.683224, -120.68876 57.683175, -120.688747 57.683125, -120.688744 57.683075, -120.688752 57.683025, -120.688996 57.682079, -120.689017 57.682024, -120.68905 57.681971, -120.689095 57.681921, -120.689152 57.681874, -120.689219 57.681831, -120.689296 57.681793, -120.689445 57.681728, -120.690745 57.680703, -120.689178 57.678744, -120.686868 57.677582, -120.686801 57.677544, -120.686742 57.677501, -120.686693 57.677455, -120.686655 57.677406, -120.686628 57.677355, -120.686612 57.677303, -120.686608 57.67725, -120.686615 57.677197, -120.686635 57.677145, -120.686665 57.677095, -120.686706 57.677046, -120.686758 57.677001, -120.686819 57.67696, -120.68689 57.676922, -120.68956 57.675654, -120.688183 57.674416, -120.688146 57.674379, -120.686559 57.672586, -120.686521 57.672535, -120.686495 57.672483, -120.686481 57.672429, -120.686479 57.672375, -120.686489 57.672321, -120.687702 57.668362, -120.687726 57.668307, -120.687761 57.668255, -120.687808 57.668206, -120.687867 57.66816, -120.687936 57.668118, -120.688013 57.668081, -120.688099 57.668049, -120.688192 57.668024, -120.688289 57.668005, -120.688391 57.667992, -120.688494 57.667986, -120.688598 57.667987, -120.688701 57.667995, -120.688802 57.66801, -120.688898 57.668031, -120.688988 57.668059, -120.689072 57.668092, -120.689147 57.66813, -120.689212 57.668173, -120.691495 57.669882, -120.696647 57.669755, -120.696012 57.666661, -120.692631 57.664031, -120.690264 57.663911, -120.689347 57.66406, -120.689247 57.664073, -120.689144 57.664079, -120.689041 57.664079, -120.688939 57.664071, -120.68884 57.664057, -120.688744 57.664037, -120.688654 57.66401, -120.68857 57.663978, -120.688495 57.663941, -120.688429 57.663899, -120.688372 57.663852, -120.688327 57.663803, -120.688294 57.663751, -120.688273 57.663697, -120.688264 57.663642, -120.688149 57.66104, -120.688153 57.660989, -120.688167 57.660938, -120.688192 57.660888, -120.688227 57.660841, -120.688273 57.660795, -120.688328 57.660753, -120.688392 57.660714, -120.688463 57.66068, -120.688541 57.66065, -120.698465 57.657313, -120.699218 57.654424, -120.699002 57.65006, -120.691492 57.650853, -120.691469 57.650856, -120.672425 57.652561, -120.672327 57.652567, -120.672228 57.652566, -120.67213 57.652559, -120.672034 57.652546, -120.671941 57.652527, -120.671854 57.652503, -120.671772 57.652473, -120.671698 57.652438, -120.671632 57.652398, -120.671575 57.652355, -120.668644 57.649829, -120.668598 57.649783, -120.668561 57.649734, -120.668536 57.649683, -120.668522 57.649631, -120.668519 57.649579, -120.668528 57.649526, -120.668549 57.649475, -120.66858 57.649425, -120.668623 57.649377, -120.671121 57.646947, -120.677697 57.637879, -120.673764 57.633136, -120.673732 57.633091, -120.67371 57.633045, -120.673696 57.632998, -120.673692 57.632951, -120.673706 57.631744, -120.673167 57.631071, -120.671606 57.62972, -120.668458 57.629383, -120.667363 57.63044, -120.666214 57.632023, -120.666003 57.633261, -120.665989 57.633313, -120.665964 57.633363, -120.665928 57.633411, -120.665881 57.633457, -120.665826 57.633499, -120.664887 57.634133, -120.665048 57.634915, -120.665053 57.63497, -120.665045 57.635025, -120.665025 57.635079, -120.664993 57.635131, -120.664949 57.63518, -120.664894 57.635227, -120.664829 57.635269, -120.664754 57.635307, -120.664672 57.63534, -120.664582 57.635367, -120.664487 57.635388, -120.664388 57.635403, -120.662702 57.635593, -120.662603 57.635601, -120.662502 57.635603, -120.662402 57.635598, -120.662304 57.635587, -120.662209 57.635569, -120.662119 57.635546, -120.662034 57.635517, -120.661957 57.635482, -120.661888 57.635443, -120.661828 57.6354, -120.661778 57.635353, -120.661739 57.635304, -120.661711 57.635252, -120.661695 57.635199, -120.66159 57.634634, -120.65964 57.634772, -120.659539 57.634775, -120.659437 57.634773, -120.659337 57.634763, -120.659239 57.634747, -120.659146 57.634725, -120.659059 57.634697, -120.658978 57.634664, -120.658906 57.634626, -120.658843 57.634583, -120.65879 57.634536, -120.658748 57.634487, -120.658717 57.634435, -120.658699 57.634381, -120.658693 57.634327, -120.658699 57.634272, -120.658957 57.633144, -120.657726 57.63187, -120.657685 57.63182, -120.657655 57.631768, -120.657638 57.631714, -120.657632 57.63166, -120.65764 57.631605, -120.658052 57.629948, -120.65777 57.628825, -120.657762 57.628771, -120.657767 57.628717, -120.657784 57.628664, -120.657812 57.628612, -120.657852 57.628563, -120.657903 57.628516, -120.657964 57.628473, -120.658034 57.628435, -120.658112 57.628401, -120.658197 57.628372, -120.658288 57.628349, -120.658384 57.628332, -120.659011 57.628242, -120.658923 57.627311, -120.658924 57.627255, -120.658931 57.627223, -120.659412 57.625491, -120.659433 57.625437, -120.659467 57.625384, -120.659513 57.625334, -120.65957 57.625288, -120.659637 57.625246, -120.661995 57.623936, -120.663196 57.622432, -120.663501 57.621319, -120.663522 57.621265, -120.663555 57.621213, -120.663599 57.621164, -120.663655 57.621118, -120.663721 57.621076, -120.663795 57.621038, -120.663878 57.621006, -120.663967 57.620979, -120.664062 57.620959, -120.664161 57.620944, -120.664262 57.620937, -120.664365 57.620936, -120.664467 57.620941, -120.665943 57.621072, -120.669066 57.620716, -120.669275 57.62059, -120.669088 57.619984, -120.669077 57.619928, -120.66908 57.619872, -120.669095 57.619817, -120.669124 57.619763, -120.669165 57.619711, -120.669217 57.619663, -120.66928 57.619618, -120.669354 57.619578, -120.669436 57.619543, -120.669525 57.619514, -120.669621 57.619491, -120.669721 57.619475, -120.669824 57.619465, -120.669929 57.619463, -120.670706 57.619472, -120.673264 57.618859, -120.673693 57.618525, -120.667229 57.61599, -120.669777 57.61277, -120.665993 57.606331, -120.664093 57.603111, -120.666618 57.595589, -120.664719 57.592369, -120.668129 57.58548, -120.667213 57.58485, -120.670401 57.583258, -120.663985 57.57373, -120.66396 57.573685, -120.663943 57.573639, -120.663936 57.573592, -120.663938 57.573545, -120.663949 57.573498, -120.664261 57.572568, -120.664285 57.572516, -120.664319 57.572466, -120.664364 57.572419, -120.664419 57.572375, -120.664484 57.572335, -120.664557 57.572299, -120.664637 57.572268, -120.679313 57.567282, -120.679354 57.567267, -120.68175 57.566343, -120.681828 57.566316, -120.681911 57.566294, -120.681998 57.566278, -120.682088 57.566266, -120.682179 57.56626, -120.682271 57.56626, -120.682363 57.566264, -120.685233 57.566502, -120.699232 57.55654, -120.699845 57.555559, -120.699882 57.55551, -120.699929 57.555464, -120.699986 57.555421, -120.700052 57.555382, -120.700126 57.555348, -120.700207 57.555318, -120.700294 57.555294, -120.700385 57.555275, -120.70048 57.555262, -120.700578 57.555255, -120.700676 57.555254, -120.70269 57.555303, -120.703937 57.555285, -120.705807 57.554284, -120.706267 57.553424, -120.704891 57.552411, -120.704839 57.552368, -120.704797 57.552323, -120.704765 57.552275, -120.704239 57.551325, -120.704216 57.551272, -120.704205 57.551218, -120.704206 57.551164, -120.70422 57.55111, -120.704245 57.551058, -120.704282 57.551008, -120.70433 57.55096, -120.704389 57.550916, -120.704457 57.550876, -120.704533 57.55084, -120.704617 57.55081, -120.704707 57.550786, -120.704802 57.550767, -120.7049 57.550755, -120.705 57.550749, -120.705101 57.55075, -120.705201 57.550757, -120.70642 57.550885, -120.708392 57.550183, -120.708463 57.55016, -120.708537 57.550141, -120.708615 57.550127, -120.708695 57.550116, -120.710095 57.54997, -120.711455 57.549777, -120.711784 57.548275, -120.710071 57.547089, -120.710029 57.547057, -120.709993 57.547024, -120.709962 57.546989, -120.709062 57.545852, -120.709029 57.545804, -120.709007 57.545753, -120.708996 57.545701, -120.708997 57.545649, -120.709008 57.545598, -120.709031 57.545547, -120.709064 57.545499, -120.709333 57.545167, -120.709152 57.544839, -120.709133 57.544798, -120.709121 57.544756, -120.709117 57.544714, -120.70911 57.543928, -120.709046 57.543268, -120.708475 57.542762, -120.708427 57.542712, -120.70839 57.54266, -120.708366 57.542606, -120.708355 57.54255, -120.708357 57.542494, -120.708372 57.542439, -120.7084 57.542385, -120.70844 57.542333, -120.708491 57.542284, -120.708554 57.54224, -120.708626 57.542199, -120.709217 57.541909, -120.709333 57.541555, -120.709119 57.541154, -120.708183 57.540316, -120.708113 57.540276, -120.708053 57.540233, -120.708003 57.540185, -120.707965 57.540134, -120.707938 57.540082, -120.707923 57.540028, -120.70792 57.539973, -120.70793 57.539919, -120.707952 57.539866, -120.707986 57.539814, -120.708031 57.539766, -120.708087 57.53972, -120.708153 57.539678, -120.709346 57.539014, -120.710349 57.538056, -120.711077 57.536629, -120.711448 57.535897, -120.711142 57.535745, -120.711071 57.535706, -120.711009 57.535662, -120.710958 57.535614, -120.710919 57.535563, -120.710891 57.53551, -120.710876 57.535455, -120.710873 57.5354, -120.710883 57.535346, -120.710905 57.535292, -120.710939 57.53524, -120.710985 57.535191, -120.711042 57.535145, -120.711109 57.535103, -120.711185 57.535066, -120.711269 57.535034, -120.711359 57.535008, -120.712535 57.534718, -120.712629 57.53401, -120.712643 57.533957, -120.712667 57.533905, -120.712704 57.533855, -120.712751 57.533808, -120.712808 57.533764, -120.71412 57.532875, -120.714185 57.532836, -120.714257 57.532802, -120.714337 57.532772, -120.714422 57.532747, -120.716094 57.532329, -120.718475 57.531428, -120.718771 57.530414, -120.718792 57.530363, -120.718823 57.530314, -120.718865 57.530267, -120.718916 57.530223, -120.718977 57.530182, -120.719046 57.530146, -120.719123 57.530114, -120.719205 57.530087, -120.72014 57.529823, -120.721053 57.529082, -120.72169 57.528084, -120.72173 57.528032, -120.721782 57.527983, -120.721845 57.527938, -120.723286 57.527038, -120.72337 57.526133, -120.722945 57.52543, -120.72292 57.525378, -120.722906 57.525325, -120.722905 57.525271, -120.722916 57.525217, -120.722938 57.525165, -120.722972 57.525114, -120.723017 57.525066, -120.723072 57.525022, -120.723137 57.524981, -120.723211 57.524944, -120.723292 57.524913, -120.72338 57.524887, -120.723473 57.524867, -120.723569 57.524852, -120.723668 57.524845, -120.723768 57.524843, -120.723868 57.524848, -120.723966 57.52486, -120.725759 57.525131, -120.725844 57.525146, -120.725925 57.525166, -120.726001 57.525191, -120.726073 57.52522, -120.726138 57.525253, -120.726196 57.52529, -120.727676 57.526327, -120.727723 57.526364, -120.727761 57.5264, -120.728077 57.526742, -120.72893 57.526612, -120.72879 57.526263, -120.728784 57.526248, -120.728782 57.526242, -120.728538 57.525444, -120.728528 57.525392, -120.728529 57.52534, -120.728541 57.525289, -120.728565 57.525238, -120.728962 57.524555, -120.728994 57.524508, -120.729036 57.524464, -120.729088 57.524422, -120.729147 57.524383, -120.729215 57.524349, -120.72997 57.524, -120.727195 57.521222, -120.712594 57.516373, -120.70591 57.516104, -120.704862 57.510486, -120.706289 57.51045, -120.706253 57.510441, -120.69857 57.496021, -120.691307 57.483299, -120.713089 57.474049, -120.699257 57.462761, -120.691566 57.451881, -120.686012 57.440411, -120.686317 57.434879, -120.687012 57.423809, -120.681961 57.417138, -120.678673 57.41032, -120.691849 57.397331, -120.704887 57.38435, -120.72448 57.380909, -120.731178 57.381008, -120.730324 57.38995, -120.736458 57.39925, -120.762009 57.404839, -120.749443 57.40905, -120.755127 57.42712, -120.767921 57.435951, -120.774849 57.44627, -120.781326 57.455521, -120.787743 57.464771, -120.774879 57.47773, -120.771622 57.489601, -120.765968 57.48473, -120.747276 57.485661, -120.747131 57.491211, -120.732217 57.509792, -120.734902 57.509724, -120.73608 57.512669, -120.736105 57.512677, -120.736183 57.512712, -120.736252 57.512751, -120.738786 57.514379, -120.741365 57.514762, -120.741457 57.514778, -120.741544 57.514801, -120.741627 57.514829, -120.741702 57.514861, -120.743251 57.515613, -120.743322 57.515652, -120.743384 57.515695, -120.743435 57.515742, -120.743475 57.515791, -120.743504 57.515843, -120.743521 57.515897, -120.743526 57.515951, -120.743519 57.516005, -120.743499 57.516059, -120.743468 57.51611, -120.743425 57.51616, -120.743371 57.516206, -120.743308 57.516248, -120.743235 57.516286, -120.743154 57.516319, -120.743067 57.516346, -120.742974 57.516367, -120.740295 57.516885, -120.739368 57.517825, -120.740624 57.518385, -120.740698 57.518423, -120.740763 57.518465, -120.740819 57.518511, -120.740863 57.518561, -120.740896 57.518613, -120.740916 57.518667, -120.740925 57.518721, -120.74092 57.518776, -120.740904 57.51883, -120.740875 57.518883, -120.740318 57.519707, -120.740279 57.519756, -120.74023 57.519801, -120.740171 57.519843, -120.740103 57.519882, -120.740027 57.519915, -120.739945 57.519944, -120.739857 57.519967, -120.739764 57.519985, -120.739668 57.519997, -120.738018 57.520142, -120.738378 57.52107, -120.740191 57.522068, -120.740253 57.522106, -120.740307 57.522147, -120.740351 57.522192, -120.740386 57.522239, -120.740411 57.522288, -120.740425 57.522338, -120.740429 57.522388, -120.740422 57.522439, -120.740404 57.522489, -120.739828 57.523738, -120.740761 57.524264, -120.74186 57.524683, -120.744321 57.524475, -120.744377 57.524453, -120.746236 57.523702, -120.746415 57.52363, -120.752357 57.524851, -120.76521 57.524707, -120.762108 57.528114, -120.762717 57.528493, -120.762779 57.528536, -120.762831 57.528583, -120.762871 57.528634, -120.7629 57.528686, -120.762916 57.52874, -120.76292 57.528795, -120.762912 57.52885, -120.762891 57.528903, -120.762859 57.528955, -120.762814 57.529005, -120.762759 57.529051, -120.762694 57.529093, -120.761276 57.529902, -120.760393 57.530861, -120.760349 57.530903, -120.760297 57.530942, -120.760238 57.530977, -120.759628 57.531309, -120.759555 57.531345, -120.759475 57.531375, -120.759389 57.5314, -120.759298 57.53142, -120.759204 57.531433, -120.755038 57.531899, -120.754951 57.531906, -120.754863 57.531908, -120.754776 57.531905, -120.754689 57.531898, -120.754604 57.531885, -120.753764 57.531736, -120.752728 57.532286, -120.752077 57.532771, -120.750842 57.534122, -120.750792 57.534169, -120.750786 57.534174, -120.750377 57.534501, -120.751737 57.534965, -120.751818 57.534996, -120.75189 57.535032, -120.751955 57.535072, -120.75201 57.535116, -120.752055 57.535163, -120.752089 57.535213, -120.752112 57.535265, -120.752124 57.535317, -120.752124 57.53537, -120.752112 57.535423, -120.751557 57.537068, -120.752802 57.538005, -120.752854 57.538049, -120.752896 57.538097, -120.752927 57.538147, -120.752948 57.538198, -120.752956 57.538251, -120.752954 57.538303, -120.75294 57.538355, -120.752914 57.538406, -120.752878 57.538455, -120.752832 57.538501, -120.752547 57.538748, -120.756447 57.538929, -120.74521 57.541155, -120.744889 57.54159, -120.744854 57.542459, -120.746016 57.543179, -120.746079 57.543223, -120.746131 57.543271, -120.746172 57.543322, -120.7462 57.543375, -120.746216 57.54343, -120.74622 57.543485, -120.74621 57.54354, -120.746188 57.543595, -120.746154 57.543647, -120.746108 57.543697, -120.746051 57.543743, -120.745983 57.543785, -120.745907 57.543822, -120.744282 57.544521, -120.743502 57.545532, -120.743468 57.54557, -120.743428 57.545606, -120.743382 57.54564, -120.742203 57.546432, -120.743562 57.547156, -120.743619 57.547189, -120.745376 57.548335, -120.745432 57.548377, -120.745479 57.548421, -120.745516 57.548469, -120.745543 57.548518, -120.745559 57.548569, -120.745564 57.54862, -120.745558 57.548671, -120.745542 57.548722, -120.745514 57.548771, -120.744217 57.550693, -120.74418 57.55074, -120.744133 57.550785, -120.744077 57.550826, -120.744012 57.550863, -120.74394 57.550897, -120.743861 57.550925, -120.743777 57.550949, -120.743688 57.550968, -120.743596 57.550981, -120.743502 57.550988, -120.743163 57.551003, -120.75161 57.553589, -120.747803 57.555019, -120.743376 57.560954, -120.743756 57.560979, -120.743848 57.560988, -120.743937 57.561003, -120.744022 57.561022, -120.744103 57.561046, -120.744178 57.561076, -120.744247 57.561109, -120.744309 57.561146, -120.744362 57.561187, -120.746034 57.562626, -120.74608 57.562671, -120.746116 57.562719, -120.746141 57.562769, -120.747169 57.56536, -120.749343 57.568807, -120.74937 57.56886, -120.749384 57.568915, -120.749386 57.56897, -120.749376 57.569024, -120.748836 57.570762, -120.749071 57.572255, -120.749073 57.572269, -120.749074 57.572306, -120.749036 57.572955, -120.749026 57.573011, -120.749003 57.573065, -120.748968 57.573118, -120.747289 57.575211, -120.745504 57.577714, -120.749519 57.579732, -120.74959 57.579772, -120.749651 57.579817, -120.749701 57.579865, -120.74974 57.579916, -120.749767 57.579969, -120.749781 57.580024, -120.749783 57.580079, -120.749772 57.580134, -120.749749 57.580187, -120.749713 57.580239, -120.749666 57.580288, -120.749608 57.580334, -120.747866 57.581537, -120.743156 57.584722, -120.743834 57.585259, -120.743853 57.585274, -120.743893 57.585313, -120.746656 57.58834, -120.762367 57.593139, -120.763038 57.593076, -120.763137 57.59307, -120.763237 57.59307, -120.763336 57.593076, -120.763433 57.593089, -120.763526 57.593108, -120.763614 57.593133, -120.763697 57.593163, -120.763772 57.593198, -120.763838 57.593238, -120.763896 57.593282, -120.763943 57.593329, -120.763979 57.593378, -120.764005 57.59343, -120.764018 57.593483, -120.76402 57.593536, -120.76401 57.593589, -120.763988 57.593642, -120.763058 57.595369, -120.76469 57.597053, -120.764727 57.597097, -120.764755 57.597144, -120.764774 57.597192, -120.764783 57.59724, -120.764782 57.597289, -120.764771 57.597338, -120.764219 57.599007, -120.765584 57.600363, -120.769385 57.60102, -120.772353 57.601405, -120.772453 57.601422, -120.772548 57.601445, -120.772637 57.601474, -120.772718 57.601509, -120.772791 57.601549, -120.778835 57.605319, -120.792443 57.608627, -120.79722 57.607639, -120.805586 57.604689, -120.820444 57.599041, -120.822998 57.602749, -120.827637 57.609742, -120.832942 57.603437, -120.833931 57.599426, -120.833682 57.594996, -120.833684 57.594949, -120.833688 57.594928, -120.834644 57.590736, -120.834088 57.588292, -120.827836 57.586281, -120.825658 57.5856, -120.825594 57.585578, -120.825535 57.585553, -120.825479 57.585525, -120.820619 57.582836, -120.818814 57.582975, -120.818791 57.582976, -120.818769 57.582978, -120.81706 57.583059, -120.814984 57.583305, -120.8149 57.583312, -120.814811 57.583315, -120.812179 57.583327, -120.812077 57.583324, -120.811977 57.583314, -120.81188 57.583298, -120.809775 57.582879, -120.80975 57.582874, -120.809655 57.582849, -120.807963 57.582338, -120.806733 57.582103, -120.806645 57.582083, -120.806561 57.582057, -120.806483 57.582027, -120.806412 57.581992, -120.806349 57.581952, -120.806296 57.58191, -120.805571 57.581257, -120.805529 57.581215, -120.805525 57.58121, -120.804869 57.580416, -120.804837 57.580372, -120.804493 57.579798, -120.804466 57.57974, -120.803916 57.578006, -120.803905 57.577949, -120.803907 57.577893, -120.803923 57.577836, -120.803951 57.577782, -120.803993 57.57773, -120.804046 57.577681, -120.80411 57.577636, -120.804185 57.577595, -120.804268 57.577561, -120.804359 57.577532, -120.804456 57.577509, -120.80703 57.577008, -120.807108 57.576942, -120.805161 57.573051, -120.811449 57.572593, -120.812223 57.571992, -120.812288 57.571948, -120.812363 57.571908, -120.812446 57.571874, -120.817771 57.569959, -120.817855 57.569933, -120.817943 57.569912, -120.818036 57.569896, -120.818131 57.569887, -120.818228 57.569883, -120.818325 57.569886, -120.823376 57.570171, -120.829081 57.568232, -120.829163 57.568208, -120.829249 57.568189, -120.829339 57.568174, -120.829431 57.568166, -120.829524 57.568163, -120.829617 57.568165, -120.829709 57.568173, -120.8309 57.568314, -120.830987 57.568327, -120.831071 57.568345, -120.831151 57.568368, -120.831225 57.568395, -120.831294 57.568427, -120.831356 57.568462, -120.83392 57.570079, -120.833932 57.570087, -120.833953 57.570102, -120.836145 57.571679, -120.838641 57.573287, -120.838701 57.573331, -120.838751 57.573379, -120.838789 57.573429, -120.838816 57.573482, -120.838831 57.573536, -120.839118 57.575333, -120.856907 57.58179, -120.856987 57.581823, -120.85706 57.581861, -120.857123 57.581903, -120.857176 57.58195, -120.857218 57.581999, -120.857249 57.582051, -120.857268 57.582105, -120.857825 57.584459, -120.85853 57.585797, -120.874918 57.587963, -120.875007 57.587977, -120.875093 57.587997, -120.875174 57.588022, -120.875249 57.588051, -120.875318 57.588085, -120.875379 57.588123, -120.875432 57.588164, -120.875476 57.588208, -120.877775 57.590843, -120.893516 57.590573, -120.895423 57.589408, -120.89589 57.582911, -120.895479 57.5813, -120.895136 57.579864, -120.895129 57.579811, -120.895134 57.579757, -120.895151 57.579704, -120.89518 57.579653, -120.89522 57.579604, -120.89527 57.579558, -120.895331 57.579515, -120.8954 57.579477, -120.895478 57.579443, -120.895563 57.579414, -120.902074 57.577497, -120.901061 57.576542, -120.898594 57.575685, -120.894722 57.574963, -120.89463 57.574942, -120.894544 57.574916, -120.894465 57.574885, -120.894392 57.574849, -120.894328 57.574809, -120.894274 57.574765, -120.894229 57.574718, -120.894195 57.574668, -120.894173 57.574617, -120.893505 57.572507, -120.891454 57.571719, -120.890588 57.571828, -120.890487 57.571838, -120.890385 57.57184, -120.890282 57.571836, -120.890182 57.571825, -120.890084 57.571808, -120.889992 57.571785, -120.889905 57.571755, -120.889283 57.571513, -120.889199 57.571475, -120.886853 57.570264, -120.884895 57.570967, -120.884807 57.570995, -120.884714 57.571017, -120.884616 57.571032, -120.884515 57.571041, -120.884413 57.571043, -120.884311 57.571039, -120.884211 57.571028, -120.884114 57.57101, -120.884022 57.570986, -120.883936 57.570957, -120.883858 57.570922, -120.883788 57.570882, -120.883727 57.570838, -120.88256 57.569869, -120.882517 57.569829, -120.882482 57.569787, -120.882455 57.569743, -120.882437 57.569698, -120.882428 57.569652, -120.882384 57.569254, -120.880474 57.56726, -120.880432 57.567209, -120.880403 57.567155, -120.880386 57.567101, -120.880382 57.567045, -120.88039 57.56699, -120.880412 57.566936, -120.880445 57.566883, -120.880491 57.566833, -120.880547 57.566787, -120.882737 57.565211, -120.882801 57.56517, -120.882874 57.565134, -120.882955 57.565102, -120.883042 57.565076, -120.883134 57.565055, -120.883231 57.565041, -120.883329 57.565033, -120.883429 57.565031, -120.883529 57.565036, -120.883627 57.565046, -120.883721 57.565064, -120.883812 57.565087, -120.885462 57.565575, -120.890201 57.565877, -120.892163 57.565542, -120.892501 57.565048, -120.889987 57.563967, -120.888705 57.563439, -120.888628 57.563404, -120.888559 57.563363, -120.888501 57.563318, -120.888453 57.56327, -120.888416 57.563219, -120.888391 57.563166, -120.888379 57.563112, -120.888264 57.562129, -120.888264 57.562083, -120.888272 57.562037, -120.888289 57.561992, -120.888303 57.561962, -120.884842 57.559132, -120.878448 57.551842, -120.882738 57.550144, -120.882965 57.549739, -120.882817 57.549223, -120.88137 57.548646, -120.879014 57.547999, -120.878925 57.547971, -120.878843 57.547937, -120.878769 57.547897, -120.878705 57.547854, -120.878652 57.547806, -120.87861 57.547755, -120.878581 57.547702, -120.878563 57.547647, -120.878559 57.547592, -120.878567 57.547537, -120.878588 57.547482, -120.879137 57.546398, -120.879165 57.546283, -120.879211 57.545906, -120.878751 57.5456, -120.878691 57.545554, -120.878641 57.545504, -120.878604 57.545452, -120.878579 57.545398, -120.878567 57.545342, -120.878515 57.544787, -120.876738 57.54379, -120.876671 57.543747, -120.876615 57.543701, -120.876569 57.543651, -120.876536 57.543598, -120.876515 57.543544, -120.876506 57.543489, -120.876511 57.543433, -120.876528 57.543379, -120.876557 57.543325, -120.876599 57.543275, -120.877338 57.542505, -120.875053 57.541458, -120.876599 57.540373, -120.876598 57.540318, -120.8766 57.540281, -120.876602 57.540268, -120.876823 57.539111, -120.876608 57.537948, -120.875658 57.536821, -120.875621 57.53677, -120.875597 57.536716, -120.875585 57.536661, -120.875585 57.536606, -120.875598 57.536551, -120.875624 57.536498, -120.875662 57.536447, -120.875711 57.536398, -120.875771 57.536353, -120.876791 57.53568, -120.876131 57.534641, -120.876109 57.534599, -120.876095 57.534557, -120.876088 57.534514, -120.876019 57.53356, -120.876021 57.533507, -120.876034 57.533455, -120.876059 57.533404, -120.876762 57.532246, -120.876793 57.532203, -120.876832 57.532163, -120.876879 57.532124, -120.878777 57.530715, -120.87896 57.529751, -120.878976 57.529698, -120.879004 57.529646, -120.879043 57.529597, -120.879093 57.52955, -120.879153 57.529507, -120.879222 57.529468, -120.879299 57.529434, -120.882237 57.528286, -120.882245 57.528283, -120.883543 57.52779, -120.883632 57.527761, -120.883727 57.527737, -120.883827 57.527721, -120.88393 57.527711, -120.884035 57.527708, -120.884139 57.527712, -120.884242 57.527723, -120.884341 57.527741, -120.884435 57.527765, -120.884523 57.527796, -120.884603 57.527832, -120.884674 57.527873, -120.884735 57.527919, -120.884784 57.527968, -120.886162 57.52957, -120.887826 57.528913, -120.887912 57.528883, -120.888004 57.528859, -120.888101 57.528841, -120.888202 57.52883, -120.888304 57.528826, -120.888406 57.528828, -120.888508 57.528837, -120.888606 57.528852, -120.8887 57.528874, -120.888788 57.528902, -120.88887 57.528936, -120.888943 57.528974, -120.889006 57.529018, -120.88906 57.529065, -120.889102 57.529115, -120.889133 57.529167, -120.889151 57.529221, -120.889157 57.529276, -120.88915 57.529331, -120.88913 57.529385, -120.889099 57.529438, -120.889056 57.529488, -120.888751 57.529789, -120.88874 57.530808, -120.890544 57.531434, -120.890624 57.531465, -120.890696 57.531501, -120.890759 57.531542, -120.890814 57.531586, -120.890858 57.531633, -120.890892 57.531682, -120.890914 57.531734, -120.890925 57.531786, -120.891048 57.532984, -120.891047 57.533034, -120.891037 57.533083, -120.891017 57.533131, -120.890987 57.533177, -120.890551 57.533753, -120.890819 57.535471, -120.89785 57.537688, -120.927909 57.54646, -120.948463 57.536154, -120.95213 57.533629, -120.95215 57.533616, -120.952214 57.53358, -120.953432 57.53296, -120.953962 57.5325, -120.952718 57.530968, -120.952687 57.530923, -120.952663 57.530872, -120.952006 57.52902, -120.951994 57.528967, -120.951993 57.528913, -120.952005 57.528859, -120.952029 57.528807, -120.952064 57.528756, -120.95211 57.528708, -120.952167 57.528664, -120.952233 57.528623, -120.952308 57.528587, -120.952391 57.528556, -120.952479 57.528531, -120.952573 57.528511, -120.952671 57.528498, -120.95277 57.528491, -120.952871 57.52849, -120.952971 57.528497, -120.954927 57.52868, -120.955125 57.528523, -120.951401 57.526112, -120.94458 57.510799, -120.954033 57.50795, -120.969063 57.518009, -120.971283 57.517872, -120.97357 57.519072, -120.97486 57.518644, -120.974612 57.517918, -120.974599 57.517862, -120.9746 57.517806, -120.974614 57.51775, -120.974641 57.517696, -120.97468 57.517644, -120.974731 57.517595, -120.974794 57.517549, -120.974866 57.517509, -120.974947 57.517473, -120.976168 57.517004, -120.976185 57.516997, -120.977321 57.516583, -120.978732 57.515482, -120.978488 57.515289, -120.978436 57.515242, -120.978395 57.515192, -120.978366 57.515139, -120.978349 57.515085, -120.978344 57.51503, -120.978352 57.514976, -120.978372 57.514922, -120.978405 57.51487, -120.978449 57.51482, -120.978504 57.514774, -120.978569 57.514731, -120.978643 57.514694, -120.978725 57.514661, -120.978815 57.514634, -120.978909 57.514613, -120.980115 57.514392, -120.980216 57.514377, -120.98032 57.514369, -120.980425 57.514368, -120.98053 57.514375, -120.980632 57.514388, -120.98073 57.514408, -120.980823 57.514434, -120.980909 57.514467, -120.980986 57.514505, -120.981054 57.514548, -120.981112 57.514595, -120.981158 57.514646, -120.981814 57.515504, -120.981846 57.515555, -120.981867 57.515607, -120.981876 57.51566, -120.981922 57.516404, -120.98192 57.51645, -120.981918 57.516461, -120.981766 57.517327, -120.98175 57.517381, -120.981721 57.517435, -120.98168 57.517486, -120.981628 57.517534, -120.980896 57.518121, -120.980841 57.51816, -120.980833 57.518165, -120.979892 57.518749, -120.980449 57.520335, -120.980893 57.520505, -120.980904 57.52051, -120.980964 57.520536, -120.983108 57.521564, -120.991251 57.523603, -120.991306 57.523618, -120.991355 57.523634, -120.992491 57.524032, -120.996836 57.523219, -120.99574 57.521372, -120.995735 57.521364, -120.994766 57.519609, -120.994746 57.519562, -120.994734 57.519515, -120.994732 57.519467, -120.99474 57.519419, -120.994757 57.519372, -120.99623 57.516229, -120.99626 57.516178, -120.996301 57.516129, -120.996354 57.516083, -120.996416 57.51604, -120.996487 57.516002, -120.996566 57.515969, -120.996651 57.515941, -120.996743 57.515919, -120.996839 57.515903, -120.996937 57.515893, -120.997037 57.51589, -120.997138 57.515893, -120.997236 57.515903, -120.999916 57.516251, -121.002318 57.515741, -121.005711 57.512389, -120.999039 57.50959, -121.005928 57.504349, -121.007874 57.497799, -121.013618 57.473911, -121.006798 57.466801, -121.000214 57.461121, -121.000397 57.455521, -120.994537 57.445881, -121.000793 57.438911, -121.033287 57.438358, -121.020416 57.450142, -121.026489 57.46085, -121.032883 57.4702, -121.028003 57.490709, -121.026906 57.495317, -121.026894 57.495369, -121.02087 57.50191, -121.022219 57.502104, -121.022316 57.502121, -121.022408 57.502145, -121.022495 57.502174, -121.022574 57.502209, -121.022644 57.502249, -121.022705 57.502293, -121.022755 57.502341, -121.022794 57.502392, -121.022821 57.502445, -121.022835 57.5025, -121.022838 57.502555, -121.022827 57.50261, -121.022804 57.502663, -121.022206 57.503757, -121.022999 57.504684, -121.023032 57.50473, -121.023056 57.504777, -121.02307 57.504825, -121.023075 57.504874, -121.023069 57.504923, -121.023054 57.504971, -121.02284 57.505474, -121.022817 57.50552, -121.022784 57.505563, -121.022743 57.505605, -121.022695 57.505644, -121.022639 57.50568, -121.02263 57.505685, -121.023921 57.506617, -121.025126 57.507072, -121.028257 57.507736, -121.028337 57.507756, -121.028413 57.50778, -121.028483 57.507809, -121.028548 57.507841, -121.028606 57.507877, -121.028657 57.507916, -121.029932 57.509031, -121.029981 57.50908, -121.030018 57.509133, -121.030043 57.509187, -121.030055 57.509242, -121.030101 57.509739, -121.03076 57.510138, -121.032235 57.509786, -121.032096 57.508792, -121.031981 57.507944, -121.03198 57.507893, -121.031989 57.507843, -121.032008 57.507793, -121.032038 57.507745, -121.032078 57.5077, -121.033291 57.506486, -121.033335 57.506447, -121.033386 57.506411, -121.033444 57.506377, -121.033508 57.506347, -121.034716 57.505833, -121.034987 57.503783, -121.035 57.50373, -121.035025 57.503678, -121.035061 57.503628, -121.035107 57.503581, -121.035164 57.503537, -121.03523 57.503497, -121.035305 57.503462, -121.035387 57.503431, -121.035475 57.503406, -121.035568 57.503387, -121.035664 57.503374, -121.035763 57.503367, -121.035862 57.503367, -121.035961 57.503373, -121.036058 57.503385, -121.03845 57.503767, -121.038575 57.503784, -121.03867 57.503799, -121.038761 57.503821, -121.038847 57.503849, -121.038926 57.503882, -121.038997 57.503919, -121.039059 57.503961, -121.039112 57.504007, -121.039153 57.504055, -121.039184 57.504106, -121.039203 57.504159, -121.039211 57.504213, -121.039206 57.504266, -121.038901 57.50582, -121.039158 57.506376, -121.041813 57.506929, -121.042205 57.50665, -121.042437 57.505633, -121.042454 57.505583, -121.042481 57.505535, -121.042518 57.505488, -121.042565 57.505444, -121.042621 57.505403, -121.042685 57.505366, -121.042756 57.505333, -121.042834 57.505304, -121.043597 57.505056, -121.043632 57.505045, -121.043705 57.505026, -121.045021 57.504729, -121.045786 57.503442, -121.046285 57.50224, -121.045342 57.501227, -121.045304 57.501178, -121.045276 57.501127, -121.045259 57.501075, -121.045254 57.501023, -121.045261 57.50097, -121.045279 57.500918, -121.04624 57.498836, -121.045862 57.498115, -121.044786 57.497805, -121.0447 57.497776, -121.044621 57.497742, -121.04455 57.497703, -121.044488 57.49766, -121.044437 57.497613, -121.044397 57.497563, -121.044368 57.497511, -121.044351 57.497457, -121.044347 57.497403, -121.044392 57.495862, -121.044394 57.495837, -121.044398 57.495818, -121.044434 57.495647, -121.041818 57.493924, -121.041757 57.493878, -121.041707 57.493829, -121.041669 57.493776, -121.041644 57.493722, -121.041632 57.493666, -121.041632 57.493609, -121.041646 57.493553, -121.041673 57.493499, -121.041713 57.493447, -121.041764 57.493397, -121.041827 57.493352, -121.041899 57.493311, -121.041981 57.493276, -121.04207 57.493246, -121.042165 57.493222, -121.042265 57.493206, -121.042368 57.493196, -121.042473 57.493193, -121.042578 57.493197, -121.042681 57.493208, -121.044049 57.493406, -121.044133 57.493421, -121.044215 57.493441, -121.044291 57.493465, -121.044363 57.493494, -121.044428 57.493526, -121.046107 57.494449, -121.046153 57.494477, -121.047597 57.495416, -121.047645 57.495451, -121.047687 57.495489, -121.047722 57.495528, -121.048602 57.496661, -121.05028 57.497718, -121.050335 57.497757, -121.050382 57.497798, -121.05042 57.497842, -121.050645 57.498145, -121.052687 57.49822, -121.053223 57.497843, -121.05329 57.497802, -121.053367 57.497765, -121.053451 57.497733, -121.053542 57.497707, -121.053638 57.497687, -121.053738 57.497674, -121.05384 57.497668, -121.053943 57.497668, -121.054045 57.497675, -121.054144 57.497689, -121.056334 57.49807, -121.056431 57.498091, -121.056523 57.498118, -121.056608 57.498151, -121.056684 57.49819, -121.056751 57.498233, -121.056808 57.498281, -121.056852 57.498332, -121.056885 57.498385, -121.056904 57.498441, -121.057026 57.498956, -121.059414 57.499482, -121.059502 57.499505, -121.059585 57.499533, -121.059661 57.499566, -121.059729 57.499604, -121.059788 57.499645, -121.059838 57.49969, -121.060357 57.500226, -121.062751 57.500533, -121.063887 57.499633, -121.064035 57.498812, -121.061859 57.497916, -121.060302 57.497596, -121.060212 57.497574, -121.060127 57.497547, -121.060049 57.497514, -121.059979 57.497476, -121.059917 57.497435, -121.059865 57.49739, -121.059823 57.497341, -121.059793 57.497291, -121.059773 57.497239, -121.059766 57.497186, -121.05977 57.497133, -121.059785 57.49708, -121.060128 57.496248, -121.060023 57.494741, -121.059098 57.493477, -121.059067 57.493424, -121.059047 57.493369, -121.059041 57.493314, -121.059047 57.493258, -121.059066 57.493204, -121.059097 57.493151, -121.059141 57.4931, -121.059195 57.493053, -121.059261 57.49301, -121.059335 57.492971, -121.059418 57.492938, -121.062063 57.492007, -121.06264 57.491725, -121.062942 57.491402, -121.063024 57.49058, -121.063034 57.490531, -121.063054 57.490483, -121.063084 57.490437, -121.06358 57.489777, -121.063601 57.489751, -121.063643 57.48971, -121.06494 57.488577, -121.064999 57.488531, -121.065069 57.48849, -121.065148 57.488454, -121.065234 57.488423, -121.065327 57.488398, -121.065425 57.48838, -121.066541 57.488211, -121.066736 57.487177, -121.066134 57.486463, -121.066098 57.486413, -121.066074 57.486361, -121.066062 57.486308, -121.066061 57.486255, -121.066072 57.486201, -121.066095 57.486149, -121.06613 57.486099, -121.066175 57.486051, -121.067091 57.485216, -121.067145 57.485172, -121.067208 57.485132, -121.06728 57.485097, -121.068778 57.484434, -121.069045 57.483821, -121.069162 57.483194, -121.069173 57.483151, -121.069199 57.483098, -121.069551 57.482525, -121.069588 57.482475, -121.069637 57.482427, -121.069696 57.482383, -121.069765 57.482343, -121.069842 57.482308, -121.069926 57.482278, -121.070017 57.482253, -121.070112 57.482235, -121.070211 57.482223, -121.070311 57.482218, -121.070413 57.482219, -121.070513 57.482227, -121.07061 57.482241, -121.070704 57.482262, -121.070793 57.482288, -121.07167 57.48259, -121.071751 57.482621, -121.071825 57.482658, -121.071889 57.482699, -121.071903 57.482711, -121.074829 57.478828, -121.076706 57.481657, -121.078167 57.483859, -121.079674 57.48613, -121.079301 57.486186, -121.079398 57.486229, -121.079948 57.486176, -121.080052 57.48617, -121.080156 57.486171, -121.08026 57.486179, -121.08036 57.486193, -121.080457 57.486214, -121.080548 57.486242, -121.080632 57.486275, -121.080707 57.486314, -121.080773 57.486358, -121.080828 57.486405, -121.080872 57.486456, -121.080903 57.48651, -121.080922 57.486565, -121.080928 57.486621, -121.080921 57.486677, -121.080901 57.486732, -121.080868 57.486785, -121.080823 57.486836, -121.080767 57.486883, -121.079504 57.487808, -121.079429 57.48863, -121.079712 57.489344, -121.079727 57.489397, -121.07973 57.48945, -121.079721 57.489503, -121.079701 57.489556, -121.079669 57.489606, -121.078796 57.490755, -121.078739 57.491021, -121.078878 57.491477, -121.080784 57.49197, -121.080978 57.491892, -121.081488 57.491173, -121.081515 57.491139, -121.081544 57.49111, -121.082658 57.490068, -121.082713 57.490023, -121.082779 57.489981, -121.082853 57.489944, -121.082935 57.489913, -121.083024 57.489886, -121.083118 57.489866, -121.083215 57.489852, -121.083316 57.489845, -121.083417 57.489844, -121.083517 57.489849, -121.083616 57.489861, -121.083711 57.48988, -121.083802 57.489904, -121.083886 57.489934, -121.083963 57.48997, -121.084031 57.49001, -121.08409 57.490054, -121.084138 57.490102, -121.084175 57.490152, -121.084201 57.490205, -121.084214 57.490259, -121.084329 57.49109, -121.08433 57.491139, -121.084322 57.491188, -121.084304 57.491236, -121.084002 57.491862, -121.083623 57.493194, -121.085698 57.494111, -121.085762 57.494143, -121.08582 57.494178, -121.085871 57.494216, -121.086857 57.495045, -121.086898 57.495084, -121.086931 57.495125, -121.086957 57.495167, -121.086975 57.495211, -121.087437 57.496695, -121.088911 57.497397, -121.089789 57.497379, -121.09298 57.496995, -121.093064 57.496987, -121.099408 57.496585, -121.100457 57.496172, -121.100893 57.495683, -121.10094 57.495637, -121.100996 57.495595, -121.101062 57.495556, -121.101135 57.495522, -121.103332 57.494607, -121.105643 57.493642, -121.105718 57.493614, -121.105797 57.493591, -121.105881 57.493572, -121.105969 57.493559, -121.106058 57.49355, -121.106149 57.493547, -121.107929 57.493539, -121.107907 57.492333, -121.107908 57.492302, -121.107966 57.491773, -121.107771 57.490124, -121.107772 57.490066, -121.107776 57.490043, -121.107983 57.48912, -121.107983 57.488129, -121.107989 57.488079, -121.108004 57.488029, -121.10803 57.487981, -121.108066 57.487934, -121.108111 57.48789, -121.108923 57.487195, -121.108729 57.486622, -121.108717 57.486568, -121.108717 57.486514, -121.10873 57.48646, -121.108754 57.486407, -121.108791 57.486356, -121.109235 57.485832, -121.108566 57.484852, -121.109657 57.477531, -121.125172 57.479288, -121.127031 57.477727, -121.127546 57.476746, -121.127557 57.476727, -121.127578 57.476697, -121.128448 57.475563, -121.128768 57.474457, -121.12879 57.474403, -121.128823 57.474352, -121.128868 57.474303, -121.128923 57.474258, -121.128988 57.474216, -121.130873 57.473152, -121.13091 57.473132, -121.130992 57.473096, -121.132399 57.472559, -121.131468 57.472089, -121.130776 57.471946, -121.130071 57.472455, -121.130005 57.472497, -121.129929 57.472535, -121.129846 57.472567, -121.129755 57.472593, -121.12966 57.472614, -121.12956 57.472627, -121.129458 57.472634, -121.129355 57.472635, -121.129253 57.472628, -121.129153 57.472615, -121.129057 57.472595, -121.128966 57.472569, -121.128882 57.472537, -121.128805 57.4725, -121.128738 57.472458, -121.128326 57.472167, -121.127658 57.472211, -121.127536 57.472304, -121.127475 57.472345, -121.127406 57.472382, -121.12733 57.472414, -121.127247 57.472441, -121.127159 57.472463, -121.127067 57.472479, -121.126971 57.47249, -121.126875 57.472494, -121.126778 57.472492, -121.126682 57.472485, -121.126588 57.472471, -121.12433 57.472063, -121.124241 57.472044, -121.124158 57.472019, -121.12408 57.47199, -121.124009 57.471956, -121.123945 57.471918, -121.12389 57.471877, -121.123844 57.471832, -121.123807 57.471785, -121.123781 57.471736, -121.123145 57.470208, -121.121586 57.46916, -121.121526 57.469114, -121.121478 57.469064, -121.121441 57.469011, -121.121416 57.468957, -121.121405 57.468901, -121.121406 57.468845, -121.121421 57.468789, -121.121449 57.468735, -121.121488 57.468683, -121.12154 57.468634, -121.121603 57.468589, -121.121675 57.468549, -121.121756 57.468514, -121.121845 57.468484, -121.121941 57.468461, -121.12204 57.468444, -121.122143 57.468434, -121.122247 57.468431, -121.122352 57.468435, -121.122454 57.468447, -121.122553 57.468464, -121.122647 57.468489, -121.124995 57.469205, -121.127426 57.469456, -121.127622 57.469461, -121.128921 57.46884, -121.12883 57.46861, -121.128815 57.468554, -121.128813 57.468498, -121.128824 57.468442, -121.128848 57.468388, -121.128884 57.468335, -121.128933 57.468285, -121.128992 57.468239, -121.129062 57.468197, -121.129142 57.46816, -121.129229 57.468129, -121.129322 57.468104, -121.129421 57.468086, -121.129523 57.468074, -121.129628 57.468069, -121.129732 57.468071, -121.129835 57.468081, -121.130202 57.468126, -121.130225 57.468129, -121.130237 57.468131, -121.131678 57.468347, -121.132865 57.467345, -121.132718 57.467053, -121.130693 57.466461, -121.130607 57.466432, -121.130529 57.466397, -121.130458 57.466357, -121.130398 57.466314, -121.130347 57.466266, -121.130308 57.466216, -121.13028 57.466163, -121.130265 57.466109, -121.130262 57.466054, -121.130272 57.466, -121.130793 57.464194, -121.12958 57.463012, -121.127838 57.463304, -121.126643 57.463672, -121.126552 57.463697, -121.126455 57.463715, -121.126355 57.463727, -121.126253 57.463732, -121.126151 57.46373, -121.12605 57.463722, -121.125951 57.463706, -121.125857 57.463685, -121.125219 57.463515, -121.124033 57.463266, -121.123945 57.463245, -121.123862 57.463217, -121.123785 57.463185, -121.123716 57.463149, -121.123655 57.463108, -121.123604 57.463063, -121.123562 57.463016, -121.123531 57.462966, -121.123511 57.462915, -121.123502 57.462863, -121.123419 57.46147, -121.121429 57.460898, -121.121035 57.46111, -121.120957 57.461146, -121.120872 57.461178, -121.120781 57.461203, -121.120684 57.461222, -121.120583 57.461235, -121.120481 57.461241, -121.120378 57.461239, -121.120276 57.461232, -121.120176 57.461217, -121.120081 57.461196, -121.119991 57.461169, -121.119908 57.461136, -121.119834 57.461097, -121.119768 57.461054, -121.119713 57.461008, -121.119395 57.460695, -121.117813 57.460402, -121.117521 57.460484, -121.117433 57.460506, -121.11734 57.460521, -121.117245 57.460531, -121.117149 57.460535, -121.108527 57.460615, -121.108427 57.460613, -121.108328 57.460604, -121.108232 57.460589, -121.10814 57.460568, -121.108053 57.460541, -121.107973 57.460509, -121.1079 57.460471, -121.107837 57.46043, -121.107783 57.460384, -121.10774 57.460335, -121.107708 57.460284, -121.107688 57.460231, -121.107679 57.460178, -121.107683 57.460124, -121.107698 57.460071, -121.107726 57.460019, -121.110533 57.455708, -121.110361 57.454825, -121.109509 57.453838, -121.108917 57.453322, -121.108892 57.453299, -121.107427 57.45183, -121.107405 57.451807, -121.107398 57.451798, -121.106277 57.450425, -121.106241 57.450372, -121.106218 57.450318, -121.106207 57.450262, -121.10621 57.450206, -121.106225 57.45015, -121.106254 57.450096, -121.106295 57.450044, -121.106347 57.449996, -121.106411 57.449951, -121.106484 57.449911, -121.106566 57.449876, -121.106656 57.449847, -121.110898 57.448661, -121.110984 57.44864, -121.111074 57.448624, -121.111167 57.448614, -121.111262 57.44861, -121.111356 57.448612, -121.11145 57.448619, -121.111542 57.448632, -121.11163 57.448651, -121.114162 57.449275, -121.114833 57.448328, -121.11461 57.448099, -121.114568 57.448049, -121.114538 57.447997, -121.114521 57.447943, -121.114515 57.447889, -121.114522 57.447834, -121.114541 57.447781, -121.114572 57.447729, -121.114614 57.447679, -121.114668 57.447633, -121.114731 57.44759, -121.1167 57.446423, -121.11675 57.446395, -121.116815 57.446366, -121.119485 57.445283, -121.119567 57.445253, -121.119655 57.445229, -121.119747 57.445211, -121.119842 57.445199, -121.11994 57.445193, -121.120038 57.445193, -121.120135 57.445199, -121.120231 57.445212, -121.120323 57.44523, -121.120761 57.445334, -121.123115 57.445032, -121.122273 57.442032, -121.12424 57.436204, -121.103809 57.429215, -121.113702 57.423355, -121.128882 57.419002, -121.144035 57.410057, -121.155794 57.399018, -121.174425 57.39578, -121.179086 57.387923, -121.179124 57.387871, -121.179173 57.387823, -121.179233 57.387778, -121.179303 57.387737, -121.179382 57.387702, -121.179468 57.387671, -121.17956 57.387647, -121.179657 57.387629, -121.179758 57.387618, -121.185125 57.387196, -121.188053 57.386889, -121.194003 57.385637, -121.194104 57.38562, -121.199363 57.384923, -121.200352 57.383809, -121.200362 57.383798, -121.201407 57.3827, -121.201813 57.376681, -121.201821 57.376633, -121.201839 57.376585, -121.201867 57.376538, -121.201903 57.376493, -121.201949 57.376451, -121.206932 57.37237, -121.207363 57.371477, -121.207392 57.371428, -121.207431 57.371382, -121.20748 57.371338, -121.207694 57.371167, -121.209291 57.369822, -121.209353 57.369776, -121.209374 57.369763, -121.212525 57.367881, -121.214807 57.366275, -121.215062 57.365609, -121.211228 57.362693, -121.210061 57.362653, -121.210005 57.36265, -121.209925 57.362642, -121.209803 57.362627, -121.209719 57.362614, -121.209637 57.362596, -121.209559 57.362573, -121.209486 57.362546, -121.209419 57.362515, -121.206957 57.361256, -121.203178 57.360876, -121.20308 57.360863, -121.202985 57.360843, -121.202896 57.360818, -121.202813 57.360786, -121.202737 57.36075, -121.202671 57.360708, -121.202614 57.360663, -121.202568 57.360614, -121.202533 57.360563, -121.202511 57.36051, -121.202191 57.35948, -121.201244 57.358919, -121.20147 57.358252, -121.202155 57.357345, -121.202819 57.356805, -121.203607 57.356328, -121.204489 57.355912, -121.205451 57.355517, -121.206488 57.355142, -121.207544 57.354765, -121.208543 57.354334, -121.209444 57.353835, -121.210305 57.353311, -121.211208 57.352797, -121.21213 57.352292, -121.213047 57.351791, -121.213935 57.351279, -121.214801 57.350749, -121.215619 57.350187, -121.216403 57.349592, -121.217196 57.348959, -121.217997 57.348292, -121.21876 57.347582, -121.219415 57.346826, -121.220025 57.346038, -121.22059 57.345225, -121.221086 57.344401, -121.221516 57.343567, -121.221884 57.342718, -121.222229 57.341875, -121.222609 57.341048, -121.223087 57.340244, -121.223675 57.339468, -121.22438 57.33874, -121.225267 57.3381, -121.226265 57.337562, -121.226295 57.337547, -121.227398 57.337043, -121.228545 57.336552, -121.229688 57.336054, -121.23073 57.335508, -121.231657 57.334922, -121.232331 57.33427, -121.232646 57.333563, -121.232567 57.332847, -121.232051 57.332226, -121.231184 57.331764, -121.230074 57.331508, -121.228879 57.331449, -121.227675 57.33151, -121.226461 57.331584, -121.225269 57.331631, -121.224078 57.331702, -121.222868 57.331814, -121.221645 57.331973, -121.220443 57.332203, -121.21929 57.332498, -121.218159 57.332829, -121.217038 57.333187, -121.215915 57.333565, -121.214787 57.333915, -121.213642 57.334198, -121.212497 57.334363, -121.211413 57.334383, -121.210459 57.334233, -121.209141 57.333851, -121.208184 57.333659, -121.207162 57.33353, -121.206129 57.333423, -121.20513 57.333248, -121.204197 57.332983, -121.203357 57.332628, -121.202724 57.332184, -121.202259 57.331684, -121.201904 57.331168, -121.201505 57.330663, -121.200962 57.3302, -121.200314 57.329761, -121.199613 57.329324, -121.198847 57.328912, -121.19807 57.32849, -121.197382 57.328037, -121.196776 57.327535, -121.196322 57.326981, -121.196032 57.326393, -121.195993 57.325794, -121.196248 57.325213, -121.196807 57.324685, -121.197631 57.324284, -121.198657 57.324076, -121.199766 57.324065, -121.200853 57.324252, -121.201874 57.324582, -121.20289 57.324981, -121.203967 57.325407, -121.205113 57.32584, -121.206338 57.326269, -121.207649 57.326675, -121.209034 57.327033, -121.210488 57.327257, -121.211882 57.327237, -121.213068 57.326966, -121.213918 57.326522, -121.214536 57.326, -121.214976 57.325412, -121.215181 57.324771, -121.215197 57.324102, -121.215164 57.323415, -121.215282 57.322729, -121.21564 57.32207, -121.216198 57.321456, -121.216927 57.320894, -121.217812 57.320398, -121.218788 57.319953, -121.219657 57.319458, -121.22015 57.318854, -121.220123 57.31821, -121.219632 57.317621, -121.218916 57.317082, -121.218153 57.316581, -121.217352 57.316086, -121.216539 57.315579, -121.215706 57.315061, -121.214844 57.314534, -121.213968 57.314002, -121.213063 57.313488, -121.21213 57.313004, -121.210816 57.312298, -121.210099 57.311794, -121.209567 57.311264, -121.209285 57.310729, -121.209073 57.310185, -121.20878 57.309654, -121.208296 57.30917, -121.207668 57.30872, -121.206932 57.308305, -121.206075 57.307933, -121.205134 57.307613, -121.204148 57.307326, -121.203188 57.307016, -121.202335 57.306615, -121.201582 57.306147, -121.200951 57.305619, -121.200377 57.305067, -121.199779 57.304519, -121.199181 57.303964, -121.198609 57.303393, -121.198024 57.302808, -121.197403 57.302232, -121.196739 57.301669, -121.196011 57.30112, -121.195222 57.300578, -121.194405 57.300034, -121.193552 57.299494, -121.192622 57.298986, -121.19161 57.298523, -121.190514 57.298139, -121.189344 57.297839, -121.188108 57.297652, -121.186842 57.297556, -121.185562 57.297529, -121.184321 57.297468, -121.183163 57.297312, -121.182117 57.297041, -121.181196 57.296672, -121.180363 57.296245, -121.179551 57.295805, -121.178714 57.295371, -121.177786 57.294992, -121.176745 57.294707, -121.175658 57.294492, -121.174576 57.294282, -121.173538 57.294032, -121.172568 57.293723, -121.171755 57.293315, -121.17112 57.292835, -121.170563 57.292312, -121.170046 57.291783, -121.169523 57.291228, -121.168955 57.290651, -121.168914 57.290605, -121.168416 57.290044, -121.167895 57.289406, -121.167409 57.288745, -121.166932 57.288067, -121.166427 57.287376, -121.165873 57.286679, -121.165249 57.285981, -121.16456 57.2853, -121.163813 57.284643, -121.162972 57.284022, -121.161479 57.283188, -121.160365 57.282686, -121.159191 57.282228, -121.157987 57.281797, -121.156754 57.281362, -121.155453 57.281011, -121.154054 57.280819, -121.152604 57.280745, -121.151127 57.280767, -121.149648 57.280863, -121.148162 57.280986, -121.146696 57.281097, -121.14524 57.281185, -121.143794 57.281241, -121.142346 57.281238, -121.140923 57.28114, -121.139555 57.280932, -121.138318 57.280596, -121.137268 57.280131, -121.136489 57.279562, -121.135903 57.278924, -121.135454 57.278234, -121.135047 57.277523, -121.134683 57.276779, -121.134351 57.276006, -121.13403 57.275212, -121.133723 57.274403, -121.133438 57.273583, -121.13317 57.272772, -121.132867 57.271972, -121.132545 57.271183, -121.132133 57.27041, -121.131659 57.269654, -121.13121 57.268898, -121.130832 57.268137, -121.130579 57.267366, -121.130558 57.267169, -121.130499 57.266589, -121.130629 57.26582, -121.130924 57.265073, -121.131285 57.264332, -121.13167 57.263591, -121.132064 57.262839, -121.132449 57.262084, -121.132798 57.261327, -121.133066 57.260561, -121.133186 57.259778, -121.133185 57.258996, -121.133063 57.258228, -121.132774 57.257495, -121.132305 57.256805, -121.131762 57.256146, -121.131302 57.255473, -121.131081 57.254774, -121.131077 57.254071, -121.131177 57.253361, -121.131253 57.252635, -121.13127 57.251896, -121.131302 57.251157, -121.131351 57.25042, -121.131423 57.249682, -121.131589 57.248948, -121.132016 57.248267, -121.133332 57.247492, -121.13348 57.247447, -121.13496 57.245994, -121.133256 57.242792, -121.130955 57.240138, -121.129193 57.236363, -121.125656 57.232022, -121.123908 57.229175, -121.124144 57.227329, -121.125556 57.224528, -121.126109 57.222266, -121.12724 57.219597, -121.128752 57.216016, -121.129661 57.214052, -121.131761 57.212062, -121.132929 57.211178, -121.136124 57.21094, -121.140564 57.212318, -121.143289 57.213703, -121.14659 57.215752, -121.150054 57.218591, -121.152844 57.221548, -121.154961 57.224623, -121.156398 57.226816, -121.154245 57.229233, -121.154546 57.233096, -121.155785 57.236852, -121.157327 57.239263, -121.159663 57.242702, -121.160082 57.245642, -121.159445 57.247545, -121.15868 57.248373, -121.158581 57.249154, -121.159289 57.249822, -121.161504 57.250047, -121.164185 57.250018, -121.164399 57.24997))"
19,2023-06-23 10:31:00,2023052303,2023,28967.4,Non-corrected ground GPS,1684825200000,1684945711000,Being Held,JA70003000,289674358.8897,119422.1739,71,2980bb13-3917-46c6-9584-c75f26b9faca,952408610.304688,216455.485813394,https://wildfiresituation.nrs.gov.bc.ca/incidents?fireYear=2023&incidentNumber=G80291,"MULTIPOLYGON (((-121.30343 56.659912, -121.301926 56.659666, -121.300232 56.659697, -121.29859 56.659693, -121.297127 56.659336, -121.295616 56.658903, -121.294145 56.65843, -121.292832 56.657834, -121.291351 56.657327, -121.290017 56.656765, -121.289139 56.656047, -121.288974 56.655464, -121.289044 56.654868, -121.289206 56.65399, -121.289212 56.653144, -121.289153 56.652782, -121.289081 56.652345, -121.288679 56.651618, -121.287901 56.651026, -121.286794 56.650662, -121.285506 56.650531, -121.284261 56.65044, -121.283136 56.650259, -121.282311 56.649851, -121.281714 56.64928, -121.280813 56.64881, -121.280261 56.64827, -121.279993 56.647664, -121.279048 56.647245, -121.277642 56.647156, -121.276221 56.647272, -121.274992 56.647258, -121.274132 56.646786, -121.274051 56.646705, -121.273461 56.646115, -121.272713 56.645436, -121.272428 56.64464, -121.272382 56.643838, -121.27238 56.643338, -121.272379 56.643056, -121.272394 56.642312, -121.272457 56.641592, -121.272504 56.640878, -121.27237 56.640343, -121.272342 56.640231, -121.271493 56.639831, -121.271479 56.639825, -121.271133 56.639807, -121.270013 56.639748, -121.268328 56.639783, -121.267848 56.639792, -121.266564 56.639813, -121.266507 56.639813, -121.264813 56.63979, -121.263065 56.639786, -121.263043 56.639787, -121.261768 56.639877, -121.261294 56.63991, -121.261001 56.639983, -121.260879 56.640014, -121.26019 56.640066, -121.260171 56.640067, -121.260219 56.640179, -121.259625 56.640328, -121.258054 56.640878, -121.256324 56.641258, -121.254452 56.641401, -121.253164 56.641455, -121.251847 56.641516, -121.250508 56.641603, -121.248478 56.641781, -121.246461 56.641988, -121.245132 56.642137, -121.24318 56.642352, -121.241298 56.642357, -121.240484 56.642182, -121.239611 56.641993, -121.238193 56.641386, -121.236855 56.640744, -121.235317 56.64026, -121.233586 56.640015, -121.231773 56.639933, -121.23122 56.639922, -121.230903 56.639916, -121.229963 56.639898, -121.228177 56.639862, -121.226454 56.639824, -121.224806 56.639783, -121.223244 56.639747, -121.221733 56.639726, -121.220254 56.639744, -121.218843 56.639783, -121.217516 56.639819, -121.216303 56.639835, -121.215291 56.640051, -121.214746 56.640658, -121.214589 56.641476, -121.214519 56.641929, -121.214454 56.642358, -121.214341 56.643249, -121.214266 56.644142, -121.214361 56.645014, -121.214496 56.645839, -121.214313 56.646597, -121.21373 56.647213, -121.213621 56.647296, -121.212996 56.647771, -121.212735 56.648485, -121.212717 56.648534, -121.212715 56.649374, -121.212693 56.650223, -121.212649 56.651043, -121.212653 56.651057, -121.212868 56.651705, -121.212914 56.651845, -121.213788 56.652562, -121.214928 56.653219, -121.215934 56.653923, -121.216656 56.654682, -121.217044 56.655401, -121.216953 56.655905, -121.216605 56.656015, -121.216269 56.655904, -121.216231 56.655892, -121.2159 56.655585, -121.215301 56.655107, -121.214438 56.65491, -121.214 56.654952, -121.213993 56.65498, -121.213992 56.655021, -121.213973 56.655094, -121.213982 56.655128, -121.213947 56.655177, -121.213916 56.655188, -121.21387 56.655206, -121.213828 56.655213, -121.213781 56.655209, -121.213578 56.655155, -121.213373 56.655119, -121.213314 56.655109, -121.213038 56.65507, -121.212957 56.655059, -121.212816 56.655054, -121.212712 56.655068, -121.212668 56.655075, -121.212271 56.655127, -121.212255 56.655128, -121.212017 56.655148, -121.212009 56.655149, -121.211782 56.655201, -121.211577 56.655274, -121.211409 56.65534, -121.211273 56.655413, -121.211236 56.655513, -121.211176 56.655579, -121.211165 56.655591, -121.211012 56.655648, -121.210749 56.655642, -121.210507 56.655642, -121.210298 56.655663, -121.210065 56.655683, -121.209866 56.655689, -121.209655 56.655675, -121.209405 56.655692, -121.209161 56.655702, -121.208856 56.65571, -121.208496 56.655736, -121.208276 56.655756, -121.208238 56.655759, -121.208068 56.655734, -121.207917 56.655676, -121.207766 56.655585, -121.207663 56.655491, -121.207552 56.6554, -121.207416 56.655352, -121.207317 56.655318, -121.207065 56.655271, -121.206825 56.655264, -121.206679 56.655279, -121.20654 56.655294, -121.206282 56.655351, -121.206029 56.655346, -121.205798 56.655291, -121.205578 56.655274, -121.205322 56.655268, -121.205025 56.655294, -121.204749 56.655315, -121.204361 56.6553, -121.204131 56.655257, -121.203659 56.655161, -121.203238 56.655082, -121.203063 56.654887, -121.203004 56.654681, -121.203 56.654573, -121.203 56.654514, -121.203 56.654472, -121.203003 56.654401, -121.203006 56.654313, -121.20303 56.654154, -121.20307 56.654016, -121.20306 56.653892, -121.20304 56.653776, -121.203036 56.653761, -121.202997 56.653615, -121.202953 56.653467, -121.202958 56.65329, -121.20293 56.653118, -121.202931 56.652941, -121.202927 56.652842, -121.202925 56.652786, -121.202982 56.652601, -121.202974 56.652479, -121.20296 56.652415, -121.202915 56.652295, -121.202913 56.652252, -121.20291 56.652194, -121.202999 56.652057, -121.203112 56.651915, -121.203203 56.651791, -121.203294 56.651703, -121.203363 56.651623, -121.20349 56.651507, -121.203491 56.651506, -121.203648 56.651437, -121.20381 56.651349, -121.20393 56.651276, -121.204055 56.651239, -121.204193 56.651199, -121.204327 56.651136, -121.204503 56.651074, -121.204636 56.651, -121.204697 56.650891, -121.204761 56.650775, -121.204761 56.650772, -121.204753 56.650628, -121.204701 56.650528, -121.204619 56.650394, -121.204518 56.650308, -121.204325 56.650229, -121.204113 56.650168, -121.203874 56.650128, -121.203615 56.650092, -121.203362 56.650063, -121.2031 56.650028, -121.202885 56.649991, -121.202855 56.649986, -121.202633 56.649935, -121.202455 56.6499, -121.202281 56.649849, -121.202231 56.649834, -121.202142 56.649807, -121.202049 56.649779, -121.201826 56.649729, -121.201611 56.649676, -121.20145 56.649615, -121.201278 56.649532, -121.201099 56.649453, -121.200889 56.649379, -121.200817 56.649353, -121.200726 56.649321, -121.200507 56.649239, -121.200326 56.649166, -121.200112 56.64911, -121.199864 56.649098, -121.199409 56.649088, -121.199079 56.649094, -121.198909 56.649093, -121.198702 56.649066, -121.198482 56.649059, -121.198284 56.649058, -121.198068 56.649045, -121.197918 56.649026, -121.197707 56.649019, -121.197588 56.649001, -121.197499 56.648987, -121.197281 56.649013, -121.197057 56.649068, -121.196879 56.649123, -121.19676 56.649111, -121.196597 56.649044, -121.19648 56.648949, -121.196396 56.648829, -121.196352 56.64871, -121.196267 56.648586, -121.196194 56.648457, -121.196141 56.648303, -121.196102 56.648162, -121.196121 56.648047, -121.19616 56.647912, -121.196199 56.64779, -121.196226 56.647644, -121.196222 56.647633, -121.196178 56.647529, -121.196034 56.647447, -121.195849 56.647406, -121.195618 56.647394, -121.195445 56.647385, -121.195268 56.647387, -121.195166 56.64744, -121.195093 56.647548, -121.194957 56.647615, -121.194919 56.647634, -121.194713 56.647693, -121.194564 56.647691, -121.194456 56.647652, -121.194408 56.647628, -121.194371 56.647608, -121.194366 56.647607, -121.194201 56.647537, -121.193978 56.647497, -121.19373 56.647523, -121.19352 56.647588, -121.193441 56.647593, -121.193244 56.647605, -121.192985 56.647586, -121.192971 56.647585, -121.192774 56.647522, -121.192675 56.647429, -121.19256 56.647362, -121.192387 56.647352, -121.192111 56.647386, -121.191826 56.647379, -121.191576 56.647335, -121.191333 56.647293, -121.19118 56.647262, -121.191083 56.647242, -121.190872 56.647174, -121.190645 56.647096, -121.190443 56.647011, -121.190266 56.646931, -121.190015 56.64679, -121.18998 56.64677, -121.189869 56.646696, -121.189763 56.646597, -121.189613 56.646495, -121.18952 56.646418, -121.189287 56.646307, -121.189144 56.646243, -121.189025 56.64615, -121.188925 56.64605, -121.188884 56.64602, -121.188799 56.645956, -121.188671 56.645886, -121.188553 56.645791, -121.188429 56.6457, -121.188297 56.645611, -121.188202 56.645555, -121.188129 56.645527, -121.187903 56.645547, -121.187748 56.64557, -121.187718 56.645577, -121.18759 56.645606, -121.187445 56.645625, -121.187298 56.645632, -121.187167 56.64566, -121.187014 56.645676, -121.186859 56.645687, -121.18669 56.645717, -121.186521 56.645735, -121.186367 56.645751, -121.186135 56.645789, -121.185897 56.645813, -121.18566 56.645838, -121.185427 56.645862, -121.185246 56.645887, -121.185068 56.645905, -121.184878 56.645922, -121.184754 56.645919, -121.184723 56.645919, -121.184576 56.645923, -121.184401 56.645958, -121.184171 56.646002, -121.183948 56.646043, -121.183794 56.646078, -121.183546 56.646114, -121.183306 56.646165, -121.183095 56.646193, -121.182927 56.646207, -121.182774 56.646185, -121.182617 56.646141, -121.182489 56.646072, -121.18237 56.645994, -121.182231 56.645918, -121.18204 56.645848, -121.181882 56.645779, -121.181778 56.645696, -121.181769 56.645691, -121.181636 56.645603, -121.181528 56.645538, -121.181485 56.645513, -121.181316 56.645413, -121.181148 56.645335, -121.181006 56.645245, -121.180866 56.645169, -121.180819 56.645148, -121.180711 56.6451, -121.180546 56.645031, -121.180411 56.644963, -121.180234 56.644903, -121.17994 56.644796, -121.17992 56.644788, -121.179712 56.644707, -121.179433 56.644603, -121.179103 56.644594, -121.178744 56.644614, -121.178521 56.644662, -121.178323 56.644698, -121.178278 56.644707, -121.178098 56.644771, -121.177944 56.644882, -121.17782 56.64499, -121.177699 56.645095, -121.177627 56.645157, -121.177448 56.645221, -121.17727 56.645223, -121.177124 56.645178, -121.176914 56.645139, -121.176654 56.645133, -121.176485 56.645114, -121.176355 56.645103, -121.176168 56.645104, -121.175954 56.645088, -121.175776 56.645073, -121.175508 56.645047, -121.175287 56.645023, -121.175093 56.645011, -121.175063 56.645009, -121.17487 56.644995, -121.174609 56.644989, -121.174558 56.644987, -121.174239 56.644978, -121.173972 56.644972, -121.17373 56.644942, -121.17352 56.644922, -121.173313 56.644904, -121.173113 56.644928, -121.172876 56.644992, -121.172681 56.645057, -121.17247 56.645055, -121.172198 56.645071, -121.172016 56.645043, -121.171838 56.64498, -121.17182 56.644971, -121.171672 56.644893, -121.171509 56.644846, -121.171322 56.644823, -121.171224 56.644787, -121.171079 56.644738, -121.170923 56.644691, -121.170804 56.6446, -121.170785 56.644526, -121.170774 56.644484, -121.17079 56.644366, -121.170824 56.644248, -121.170826 56.644242, -121.170838 56.644133, -121.170819 56.64402, -121.170812 56.643896, -121.17082 56.643771, -121.170847 56.64363, -121.17083 56.6435, -121.170829 56.643495, -121.170807 56.643369, -121.170806 56.64335, -121.170801 56.643237, -121.170787 56.643124, -121.170814 56.642994, -121.170835 56.642854, -121.170811 56.642741, -121.170808 56.642731, -121.170809 56.642653, -121.17081 56.642602, -121.170823 56.642472, -121.170818 56.642352, -121.17077 56.642256, -121.170708 56.642183, -121.170599 56.64212, -121.170427 56.642078, -121.170245 56.642012, -121.170104 56.641977, -121.170023 56.641956, -121.169828 56.641895, -121.169612 56.641834, -121.169417 56.64177, -121.169227 56.641705, -121.168977 56.641651, -121.168759 56.641611, -121.168603 56.641577, -121.168455 56.641534, -121.168271 56.641499, -121.168089 56.641458, -121.167857 56.641411, -121.167655 56.64138, -121.16746 56.641343, -121.167232 56.641295, -121.167006 56.641238, -121.166739 56.641178, -121.166723 56.641173, -121.166512 56.641112, -121.166324 56.641057, -121.166149 56.641009, -121.165967 56.640937, -121.165761 56.640907, -121.165595 56.64086, -121.16553 56.64084, -121.165489 56.640828, -121.165328 56.64079, -121.165133 56.640712, -121.164919 56.640654, -121.164725 56.640615, -121.164546 56.640577, -121.164274 56.640544, -121.164071 56.64052, -121.163879 56.640484, -121.163656 56.64046, -121.163417 56.640439, -121.16319 56.640416, -121.162952 56.640392, -121.162736 56.640361, -121.162701 56.640355, -121.162472 56.640343, -121.16231 56.640334, -121.162214 56.640328, -121.161997 56.640293, -121.161755 56.640242, -121.16155 56.640184, -121.161351 56.640098, -121.161173 56.640015, -121.160991 56.63993, -121.16082 56.63987, -121.160708 56.639811, -121.160599 56.639763, -121.160517 56.63975, -121.160463 56.63972, -121.16044 56.639703, -121.160385 56.639676, -121.160329 56.639639, -121.160331 56.639615, -121.160362 56.639575, -121.16048 56.639425, -121.15984 56.638926, -121.159629 56.638417, -121.159625 56.638407, -121.159479 56.638055, -121.159654 56.637182, -121.160254 56.636414, -121.161373 56.635814, -121.162603 56.635255, -121.163679 56.634633, -121.164071 56.633857, -121.163798 56.633415, -121.163117 56.63284, -121.162503 56.63251, -121.161293 56.631995, -121.160404 56.631354, -121.159591 56.630744, -121.159481 56.630688, -121.158259 56.630273, -121.156685 56.630103, -121.155585 56.630078, -121.153941 56.63006, -121.153707 56.630057, -121.152337 56.630039, -121.152308 56.630038, -121.151684 56.630028, -121.150756 56.630013, -121.149912 56.630039, -121.149173 56.630062, -121.148146 56.630108, -121.14667 56.630123, -121.146339 56.630106, -121.145981 56.630088, -121.14544 56.63006, -121.145306 56.630053, -121.144021 56.629999, -121.1428 56.630116, -121.141729 56.63043, -121.140839 56.630838, -121.140119 56.631299, -121.139297 56.631608, -121.138578 56.631954, -121.138436 56.632584, -121.138838 56.63327, -121.139225 56.633867, -121.139139 56.633919, -121.139209 56.634128, -121.139498 56.634338, -121.139652 56.634534, -121.139491 56.634686, -121.139126 56.63486, -121.139055 56.635023, -121.1388 56.635269, -121.1382 56.63568, -121.13811 56.635971, -121.137983 56.63624, -121.137396 56.636628, -121.137646 56.636945, -121.138116 56.63739, -121.138782 56.637713, -121.139684 56.637852, -121.140059 56.63792, -121.14015 56.638381, -121.140259 56.639259, -121.139246 56.639986, -121.12647 56.641328, -121.120766 56.639117, -121.116592 56.641495, -121.105774 56.645014, -121.101152 56.645795, -121.099041 56.645538, -121.095633 56.645612, -121.095607 56.645606, -121.095583 56.645598, -121.094464 56.645611, -121.092359 56.645397, -121.092183 56.644514, -121.093059 56.644204, -121.094536 56.64363, -121.095468 56.642985, -121.095932 56.642553, -121.095589 56.642058, -121.095681 56.641995, -121.096462 56.641453, -121.09663 56.640917, -121.096082 56.640129, -121.09518 56.64008, -121.095119 56.64004, -121.095076 56.639995, -121.094369 56.638732, -121.093685 56.638739, -121.093089 56.638466, -121.092802 56.638347, -121.092442 56.637986, -121.092257 56.638004, -121.092077 56.637976, -121.091303 56.637857, -121.091036 56.637955, -121.090709 56.638076, -121.090333 56.63801, -121.08944 56.637853, -121.08904 56.637783, -121.08798 56.637568, -121.087861 56.637572, -121.087745 56.637556, -121.086569 56.637253, -121.085818 56.637189, -121.085038 56.636665, -121.083786 56.636403, -121.083682 56.636413, -121.083634 56.636418, -121.083584 56.636419, -121.080577 56.635878, -121.079867 56.635796, -121.079199 56.635444, -121.079107 56.635304, -121.079185 56.635162, -121.079362 56.634469, -121.079201 56.634008, -121.079274 56.633528, -121.078967 56.632871, -121.079131 56.632433, -121.078957 56.632245, -121.079004 56.631698, -121.079153 56.631143, -121.079952 56.630462, -121.08146 56.62999, -121.082538 56.629688, -121.083346 56.629431, -121.086303 56.627733, -121.086796 56.627474, -121.087613 56.627294, -121.088431 56.6269, -121.088822 56.626665, -121.090173 56.626216, -121.091729 56.625552, -121.093896 56.624628, -121.094543 56.624308, -121.095236 56.623961, -121.095306 56.623921, -121.096345 56.623018, -121.096772 56.622017, -121.096714 56.621748, -121.096511 56.62041, -121.096484 56.619328, -121.096195 56.618946, -121.0965 56.618232, -121.096512 56.617389, -121.096502 56.616854, -121.096462 56.616353, -121.096254 56.615711, -121.096161 56.615006, -121.096203 56.614803, -121.096215 56.614404, -121.096383 56.613327, -121.096586 56.61235, -121.096626 56.611697, -121.096248 56.610952, -121.096545 56.609627, -121.096566 56.609601, -121.096593 56.609577, -121.096449 56.60793, -121.09656 56.607577, -121.096412 56.607465, -121.096406 56.607326, -121.096387 56.606893, -121.097266 56.606262, -121.097382 56.605771, -121.097191 56.605137, -121.096411 56.60483, -121.09557 56.604513, -121.095646 56.603921, -121.095419 56.603658, -121.094726 56.603633, -121.094341 56.603896, -121.092946 56.604561, -121.092515 56.604604, -121.091119 56.604442, -121.090013 56.603776, -121.089743 56.603494, -121.088062 56.600894, -121.08791 56.600542, -121.087382 56.598804, -121.087098 56.597643, -121.087504 56.5972, -121.088326 56.59702, -121.089785 56.596627, -121.089549 56.595861, -121.089253 56.595188, -121.089715 56.594714, -121.090495 56.594181, -121.090883 56.593782, -121.091082 56.593137, -121.090887 56.592686, -121.090754 56.59133, -121.091201 56.590903, -121.091597 56.589626, -121.091077 56.5878, -121.09036 56.587055, -121.089612 56.586819, -121.088777 56.586671, -121.087372 56.586025, -121.087084 56.584914, -121.087673 56.582084, -121.088244 56.581065, -121.088727 56.580681, -121.089165 56.580347, -121.089159 56.579718, -121.088665 56.579602, -121.086449 56.577971, -121.08653 56.577373, -121.08635 56.576093, -121.086287 56.57396, -121.087147 56.572299, -121.08618 56.571508, -121.086286 56.569277, -121.086502 56.569019, -121.086521 56.566958, -121.08652 56.565228, -121.086529 56.564621, -121.086192 56.56389, -121.086096 56.563555, -121.085838 56.562283, -121.085034 56.56144, -121.083933 56.561345, -121.083072 56.561422, -121.081845 56.561287, -121.081353 56.561014, -121.081014 56.560616, -121.081393 56.560346, -121.081711 56.560079, -121.083605 56.558385, -121.084046 56.557808, -121.084311 56.556891, -121.084278 56.556577, -121.084373 56.555954, -121.084006 56.555329, -121.084411 56.554362, -121.085407 56.554114, -121.088589 56.554124, -121.090486 56.554501, -121.090944 56.554649, -121.092578 56.555485, -121.09501 56.55744, -121.097521 56.55954, -121.09998 56.561301, -121.102847 56.562395, -121.104193 56.562668, -121.107707 56.562779, -121.109259 56.562226, -121.109717 56.561156, -121.109673 56.559416, -121.109655 56.557568, -121.109683 56.554833, -121.109702 56.5529, -121.109487 56.552305, -121.108553 56.551876, -121.106138 56.551883, -121.103074 56.551854, -121.096155 56.551785, -121.09325 56.551783, -121.090502 56.551825, -121.089866 56.551841, -121.088095 56.551855, -121.08708 56.551717, -121.08619 56.550845, -121.08618 56.550562, -121.086456 56.550162, -121.0864 56.549685, -121.086477 56.538388, -121.087274 56.53747, -121.098575 56.537362, -121.10024 56.536898, -121.102553 56.535457, -121.104641 56.534686, -121.105536 56.534515, -121.106432 56.534497, -121.107736 56.534674, -121.108392 56.535165, -121.109486 56.535746, -121.110783 56.536133, -121.112167 56.536252, -121.113419 56.536485, -121.11454 56.53685, -121.116363 56.537149, -121.118036 56.537231, -121.126663 56.537361, -121.1318 56.537348, -121.136999 56.537212, -121.139467 56.537087, -121.141096 56.536598, -121.142801 56.535752, -121.14696 56.532199, -121.14812 56.531503, -121.154076 56.529217, -121.156209 56.528027, -121.159238 56.525933, -121.16142 56.524748, -121.16232 56.523892, -121.162327 56.52334, -121.161526 56.522832, -121.158833 56.52248, -121.158233 56.522397, -121.155882 56.521878, -121.153993 56.521027, -121.152974 56.519838, -121.152803 56.519183, -121.152837 56.517154, -121.153126 56.515144, -121.153306 56.514349, -121.153317 56.513565, -121.15384 56.512861, -121.153985 56.512432, -121.153926 56.511996, -121.153506 56.511789, -121.153221 56.511803, -121.152681 56.512029, -121.152451 56.512192, -121.151978 56.512523, -121.15118 56.512844, -121.150923 56.512853, -121.150688 56.5128, -121.150488 56.51269, -121.150226 56.512316, -121.150017 56.511161, -121.149961 56.510476, -121.14992 56.510113, -121.149732 56.50861, -121.149588 56.507468, -121.149345 56.506065, -121.149265 56.504445, -121.149243 56.503722, -121.149209 56.503176, -121.149588 56.502382, -121.150115 56.502175, -121.150465 56.502119, -121.151226 56.50217, -121.152533 56.502377, -121.154642 56.502549, -121.162121 56.502643, -121.163795 56.502598, -121.163853 56.503815, -121.164406 56.504118, -121.165204 56.504381, -121.164711 56.504722, -121.164766 56.504962, -121.16447 56.505179, -121.164227 56.50531, -121.164327 56.505508, -121.16446 56.505584, -121.164311 56.50568, -121.164188 56.50576, -121.164317 56.505895, -121.164287 56.50601, -121.164384 56.506082, -121.164315 56.506257, -121.164359 56.506405, -121.164324 56.506415, -121.164558 56.506637, -121.164266 56.50682, -121.164092 56.506872, -121.164233 56.507038, -121.163986 56.507251, -121.164021 56.507309, -121.164299 56.507313, -121.164558 56.50732, -121.164676 56.507403, -121.165043 56.507334, -121.165424 56.507363, -121.165704 56.507279, -121.165942 56.507314, -121.166225 56.50739, -121.16655 56.507274, -121.16654 56.507052, -121.166611 56.507005, -121.166516 56.506817, -121.166399 56.506745, -121.166645 56.506669, -121.166924 56.506636, -121.167022 56.506515, -121.167284 56.506428, -121.166996 56.506322, -121.16789 56.506179, -121.168088 56.506099, -121.168256 56.506129, -121.168099 56.506241, -121.168145 56.50648, -121.167955 56.506653, -121.168043 56.506887, -121.168278 56.506863, -121.168288 56.506862, -121.168561 56.506733, -121.16873 56.50675, -121.169237 56.506826, -121.169477 56.506805, -121.169524 56.50657, -121.16926 56.506566, -121.169318 56.506363, -121.169793 56.506253, -121.169654 56.506019, -121.169518 56.505936, -121.169781 56.50578, -121.169797 56.505543, -121.170096 56.505599, -121.170571 56.505587, -121.170796 56.505622, -121.17117 56.505826, -121.171318 56.505853, -121.17127 56.505684, -121.171194 56.505326, -121.171494 56.505161, -121.171985 56.505077, -121.172151 56.504941, -121.172436 56.504976, -121.172401 56.505134, -121.17282 56.505204, -121.173228 56.504786, -121.173468 56.504541, -121.173951 56.504475, -121.174155 56.504379, -121.174465 56.504228, -121.174691 56.503969, -121.174635 56.505068, -121.176034 56.504949, -121.178156 56.506211, -121.179138 56.506039, -121.179594 56.506893, -121.180033 56.507294, -121.180673 56.507154, -121.180757 56.506442, -121.181809 56.505987, -121.181357 56.504716, -121.17977 56.503514, -121.177726 56.503074, -121.181203 56.50266, -121.181844 56.502451, -121.181713 56.502078, -121.181108 56.501362, -121.180383 56.500901, -121.180859 56.500003, -121.179967 56.499788, -121.179539 56.499554, -121.179019 56.499363, -121.178613 56.499213, -121.178247 56.498899, -121.177982 56.498672, -121.177527 56.49847, -121.177146 56.498301, -121.176765 56.498132, -121.176424 56.497874, -121.176036 56.497537, -121.175728 56.497221, -121.175617 56.497031, -121.175174 56.496786, -121.174606 56.496526, -121.174229 56.496354, -121.173693 56.495984, -121.173104 56.495652, -121.172763 56.495455, -121.172802 56.495208, -121.172607 56.494818, -121.172453 56.494585, -121.17249 56.494292, -121.172415 56.493842, -121.172774 56.493812, -121.172921 56.493717, -121.172926 56.493547, -121.174402 56.493512, -121.174891 56.49351, -121.175379 56.493508, -121.175868 56.493506, -121.176357 56.493504, -121.176846 56.493502, -121.177334 56.4935, -121.177823 56.493498, -121.178312 56.493496, -121.1788 56.493494, -121.179289 56.493492, -121.179778 56.49349, -121.180267 56.493488, -121.180755 56.493486, -121.181244 56.493484, -121.181733 56.493482, -121.182221 56.49348, -121.18271 56.493478, -121.183199 56.493476, -121.183688 56.493474, -121.184176 56.493472, -121.184665 56.49347, -121.185154 56.493467, -121.185642 56.493465, -121.186131 56.493463, -121.18662 56.493461, -121.187109 56.493459, -121.187597 56.493457, -121.188086 56.493455, -121.188575 56.493453, -121.189064 56.493451, -121.189552 56.493449, -121.190041 56.493447, -121.19053 56.493445, -121.191018 56.493443, -121.191938 56.493439, -121.197095 56.493276, -121.197125 56.49323, -121.197128 56.493199, -121.197106 56.493105, -121.197114 56.492937, -121.197161 56.489715, -121.197197 56.489676, -121.197252 56.489646, -121.19733 56.489632, -121.198003 56.489648, -121.198109 56.489644, -121.198612 56.48962, -121.198932 56.489629, -121.199071 56.489649, -121.199132 56.489648, -121.200071 56.489643, -121.200199 56.489642, -121.200535 56.489631, -121.200783 56.489642, -121.200871 56.489646, -121.201056 56.489645, -121.20136 56.489666, -121.201513 56.48971, -121.201565 56.489739, -121.201593 56.489776, -121.201586 56.489823, -121.201512 56.489986, -121.201483 56.490118, -121.201398 56.490386, -121.201377 56.490461, -121.20136 56.490534, -121.201331 56.490757, -121.201312 56.490821, -121.201326 56.49089, -121.201375 56.490959, -121.201446 56.491104, -121.201477 56.491144, -121.2015 56.491173, -121.201867 56.491504, -121.201913 56.49158, -121.201944 56.491654, -121.201952 56.491726, -121.201938 56.491798, -121.201896 56.491869, -121.201735 56.492094, -121.201599 56.492246, -121.201443 56.49239, -121.201282 56.492492, -121.201253 56.49251, -121.20115 56.492565, -121.200941 56.492678, -121.20016 56.492974, -121.200036 56.493013, -121.199794 56.4931, -121.199537 56.493163, -121.199409 56.493182, -121.199598 56.493538, -121.199876 56.49353, -121.199948 56.493527, -121.200603 56.493521, -121.200678 56.493521, -121.201277 56.493522, -121.20134 56.493521, -121.204672 56.49358, -121.204728 56.493576, -121.205015 56.493558, -121.205043 56.493556, -121.205205 56.493531, -121.205357 56.493524, -121.205382 56.493523, -121.205468 56.493514, -121.205615 56.493521, -121.20564 56.493514, -121.206041 56.49352, -121.206099 56.493519, -121.206546 56.493524, -121.208385 56.49355, -121.208574 56.493546, -121.208641 56.493549, -121.208799 56.493561, -121.208932 56.49354, -121.20907 56.493534, -121.209124 56.493534, -121.210324 56.493548, -121.210572 56.494405, -121.211029 56.495736, -121.210495 56.496423, -121.210753 56.49692, -121.21036 56.497726, -121.209413 56.498223, -121.208994 56.4986, -121.208875 56.499093, -121.207608 56.49988, -121.207255 56.500735, -121.206334 56.50105, -121.205396 56.500972, -121.204123 56.501112, -121.202189 56.501456, -121.201041 56.501443, -121.201026 56.502433, -121.201048 56.502987, -121.202148 56.503084, -121.202401 56.503838, -121.202516 56.504833, -121.202635 56.506162, -121.202408 56.507572, -121.20279 56.508233, -121.204059 56.508592, -121.203119 56.508917, -121.204649 56.510597, -121.205769 56.511442, -121.206354 56.511895, -121.219542 56.508757, -121.220357 56.508793, -121.220772 56.508615, -121.221566 56.508536, -121.221927 56.510503, -121.222876 56.510993, -121.2237 56.51145, -121.224114 56.511996, -121.223973 56.515986, -121.223847 56.516554, -121.224286 56.517134, -121.223997 56.518496, -121.223589 56.520189, -121.222155 56.520844, -121.222119 56.521502, -121.219388 56.52294, -121.217028 56.523672, -121.218289 56.524473, -121.21839 56.525113, -121.21908 56.52535, -121.21995 56.525297, -121.220846 56.524937, -121.221404 56.524302, -121.223099 56.525601, -121.224061 56.526043, -121.224541 56.526557, -121.230193 56.530459, -121.229288 56.531143, -121.229356 56.531814, -121.229043 56.532167, -121.229759 56.532684, -121.229948 56.53348, -121.229624 56.534168, -121.230093 56.53442, -121.230388 56.534457, -121.230732 56.534028, -121.230918 56.533884, -121.231055 56.533866, -121.231063 56.533754, -121.23098 56.533736, -121.230933 56.533471, -121.231209 56.533481, -121.231427 56.533554, -121.231492 56.533589, -121.231768 56.533544, -121.231987 56.533642, -121.231887 56.533786, -121.231744 56.533841, -121.231568 56.533869, -121.231476 56.533952, -121.231237 56.533896, -121.23092 56.533995, -121.230818 56.534122, -121.230732 56.534319, -121.230697 56.534432, -121.230452 56.534653, -121.230907 56.534831, -121.231564 56.53538, -121.232781 56.536215, -121.233072 56.536506, -121.232783 56.536603, -121.232804 56.53675, -121.233072 56.536884, -121.233006 56.537092, -121.233445 56.537232, -121.233556 56.537101, -121.234039 56.537027, -121.234335 56.536916, -121.234046 56.53672, -121.233756 56.536639, -121.234223 56.536468, -121.234676 56.536475, -121.23495 56.536369, -121.235387 56.536224, -121.235736 56.53633, -121.235877 56.536804, -121.23607 56.536901, -121.236395 56.536754, -121.236576 56.536547, -121.237035 56.536701, -121.236257 56.537784, -121.238079 56.537127, -121.23774 56.536801, -121.236975 56.536149, -121.237364 56.535763, -121.238663 56.535785, -121.239052 56.536629, -121.242411 56.538907, -121.245821 56.535979, -121.245846 56.535636, -121.24332 56.533484, -121.246079 56.532497, -121.247124 56.52961, -121.25095 56.527534, -121.257058 56.526754, -121.263024 56.524781, -121.265115 56.521887, -121.267433 56.519459, -121.270822 56.516987, -121.278267 56.512856, -121.282387 56.508224, -121.282555 56.505623, -121.285858 56.503399, -121.291039 56.498646, -121.290642 56.496269, -121.289696 56.493851, -121.28817 56.491695, -121.284149 56.488995, -121.282883 56.487705, -121.283279 56.487026, -121.288933 56.484489, -121.289581 56.481354, -121.289993 56.480785, -121.286697 56.477432, -121.284508 56.476688, -121.284042 56.475952, -121.284409 56.473679, -121.2864 56.473057, -121.289871 56.472042, -121.303291 56.464191, -121.305412 56.46376, -121.317185 56.46035, -121.320541 56.458469, -121.32228 56.458978, -121.338849 56.458821, -121.344022 56.462243, -121.344135 56.46237, -121.344095 56.46251, -121.343633 56.464122, -121.344053 56.464357, -121.34472 56.464393, -121.34528 56.464297, -121.347278 56.463957, -121.347252 56.464701, -121.345919 56.465116, -121.344668 56.465505, -121.344233 56.46564, -121.343818 56.465487, -121.342646 56.465057, -121.342191 56.464951, -121.340359 56.465453, -121.339733 56.466149, -121.339847 56.467725, -121.339858 56.467876, -121.3397 56.468, -121.338624 56.468846, -121.340697 56.472277, -121.340869 56.472424, -121.340954 56.472496, -121.340984 56.47258, -121.342161 56.475818, -121.342741 56.476986, -121.344119 56.477484, -121.343803 56.478891, -121.343998 56.488344, -121.343517 56.489301, -121.343084 56.490055, -121.342382 56.491169, -121.341072 56.49298, -121.340415 56.493852, -121.339924 56.49483, -121.339263 56.495866, -121.339844 56.497532, -121.340865 56.49949, -121.341442 56.500468, -121.341791 56.500932, -121.342195 56.501607, -121.342635 56.502505, -121.343175 56.503393, -121.343886 56.504409, -121.344322 56.505227, -121.344347 56.505278, -121.344652 56.505889, -121.345651 56.507518, -121.346484 56.509127, -121.346803 56.509742, -121.346842 56.51026, -121.346543 56.510645, -121.346531 56.510694, -121.346632 56.510726, -121.346444 56.511067, -121.346083 56.51172, -121.346726 56.511986, -121.346973 56.512088, -121.347035 56.512255, -121.347164 56.512605, -121.347354 56.513103, -121.347437 56.51332, -121.347173 56.513488, -121.346191 56.514113, -121.34639 56.514726, -121.346446 56.5149, -121.346273 56.515048, -121.34596 56.515315, -121.345941 56.515331, -121.345919 56.515346, -121.345286 56.515796, -121.345069 56.515951, -121.343338 56.516954, -121.336929 56.52067, -121.334849 56.521876, -121.336615 56.529364, -121.334168 56.544062, -121.336526 56.544294, -121.336578 56.544299, -121.343979 56.545026, -121.344881 56.545161, -121.345691 56.545363, -121.346488 56.545648, -121.347111 56.545964, -121.347671 56.546344, -121.348565 56.547153, -121.349325 56.547886, -121.352113 56.550573, -121.352747 56.551144, -121.353259 56.551482, -121.353378 56.55156, -121.35422 56.55192, -121.355093 56.552167, -121.358572 56.552908, -121.375563 56.556524, -121.376754 56.556778, -121.376954 56.55682, -121.377737 56.557009, -121.378667 56.557353, -121.379276 56.55769, -121.379841 56.558089, -121.380914 56.558948, -121.381295 56.559269, -121.381825 56.559718, -121.383459 56.561102, -121.384148 56.561764, -121.38476 56.562386, -121.385724 56.563464, -121.385823 56.563576, -121.386421 56.564246, -121.386641 56.564493, -121.386648 56.564501, -121.387622 56.565592, -121.388123 56.566094, -121.388424 56.56635, -121.388477 56.566395, -121.388854 56.566716, -121.38906 56.566854, -121.389558 56.567188, -121.389674 56.567266, -121.390045 56.56744, -121.390642 56.56772, -121.390897 56.56784, -121.393061 56.568717, -121.394178 56.56917, -121.400021 56.571539, -121.400804 56.571856, -121.401302 56.572058, -121.402896 56.572704, -121.406131 56.574015, -121.406579 56.574196, -121.40838 56.574926, -121.410582 56.575818, -121.411187 56.576064, -121.411347 56.576128, -121.413185 56.576873, -121.413891 56.577159, -121.415361 56.577754, -121.416614 56.578262, -121.417651 56.578682, -121.417793 56.578739, -121.419781 56.579544, -121.420981 56.580031, -121.421844 56.580403, -121.422725 56.580904, -121.423613 56.581661, -121.424366 56.582366, -121.424805 56.582644, -121.425222 56.58291, -121.426286 56.583354, -121.425932 56.583637, -121.425832 56.583796, -121.425826 56.583933, -121.425907 56.584126, -121.425977 56.584198, -121.427423 56.58569, -121.43151 56.589907, -121.432271 56.590692, -121.435627 56.594154, -121.436419 56.594971, -121.436434 56.594987, -121.436511 56.595066, -121.436667 56.595227, -121.439931 56.598594, -121.439963 56.598626, -121.441334 56.60004, -121.441687 56.600404, -121.44205 56.600902, -121.442102 56.601029, -121.442231 56.601348, -121.442238 56.60164, -121.442135 56.601946, -121.441726 56.602522, -121.440521 56.60341, -121.438804 56.604675, -121.437892 56.605347, -121.437733 56.605464, -121.436623 56.606282, -121.43624 56.60663, -121.435792 56.607038, -121.434241 56.609269, -121.433782 56.610283, -121.433635 56.610946, -121.433564 56.61127, -121.433537 56.611392, -121.433502 56.611548, -121.433393 56.612307, -121.433393 56.612307, -121.433324 56.612788, -121.433271 56.613151, -121.43315 56.613993, -121.432805 56.61639, -121.432649 56.617475, -121.432487 56.618601, -121.432247 56.620262, -121.432146 56.620964, -121.431863 56.622928, -121.429961 56.633549, -121.428237 56.633865, -121.428201 56.633871, -121.427329 56.634077, -121.427024 56.634684, -121.427373 56.635446, -121.427677 56.636198, -121.427035 56.636952, -121.425821 56.637569, -121.424635 56.638214, -121.423729 56.639023, -121.423103 56.639952, -121.422633 56.640939, -121.421922 56.641862, -121.420857 56.642649, -121.419522 56.643276, -121.418737 56.643536, -121.418058 56.64376, -121.41714 56.644079, -121.416251 56.644359, -121.414937 56.644503, -121.414159 56.644454, -121.412981 56.644485, -121.411845 56.644986, -121.411072 56.645831, -121.410105 56.64659, -121.408657 56.646966, -121.407091 56.64699, -121.405602 56.646877, -121.404114 56.647016, -121.402834 56.647726, -121.401641 56.648556, -121.400228 56.649256, -121.39865 56.649802, -121.397001 56.650228, -121.395337 56.650555, -121.393664 56.650817, -121.392008 56.651085, -121.390503 56.651402, -121.389251 56.651629, -121.388224 56.651399, -121.387797 56.650787, -121.387748 56.650063, -121.387239 56.649445, -121.386192 56.649189, -121.384979 56.649413, -121.383913 56.649963, -121.383079 56.650688, -121.382573 56.651483, -121.381757 56.651977, -121.380722 56.651783, -121.380368 56.651101, -121.380652 56.650367, -121.380865 56.649713, -121.380115 56.649201, -121.378761 56.648981, -121.377455 56.648819, -121.376191 56.648776, -121.374924 56.649105, -121.373785 56.649785, -121.372734 56.650564, -121.371525 56.651211, -121.37004 56.651592, -121.368992 56.651834, -121.367579 56.652583, -121.366572 56.653628, -121.365751 56.654714, -121.364925 56.655755, -121.363841 56.656607, -121.362406 56.657141, -121.360981 56.657295, -121.360707 56.657324, -121.358944 56.657448, -121.357226 56.657604, -121.355683 56.657585, -121.354473 56.657283, -121.353837 56.656729, -121.35379 56.656058, -121.353887 56.655436, -121.353263 56.655007, -121.351841 56.655083, -121.350314 56.655208, -121.348824 56.65512, -121.347409 56.654924, -121.346295 56.654537, -121.345803 56.653883, -121.345423 56.653218, -121.344468 56.652777, -121.343944 56.652779, -121.342917 56.652784, -121.341328 56.653079, -121.339808 56.653407, -121.338309 56.653524, -121.336834 56.65354, -121.335497 56.653511, -121.334432 56.653199, -121.333646 56.652582, -121.332742 56.652026, -121.331394 56.65185, -121.32995 56.651946, -121.328622 56.651872, -121.327477 56.651937, -121.326832 56.652471, -121.32689 56.653016, -121.327886 56.653863, -121.32911 56.654658, -121.329902 56.655154, -121.330706 56.655584, -121.33138 56.655994, -121.331758 56.656465, -121.331577 56.65717, -121.330624 56.657599, -121.329466 56.657596, -121.328488 56.657382, -121.327633 56.6571, -121.326918 56.656849, -121.326499 56.656739, -121.32637 56.656725, -121.326249 56.656716, -121.326055 56.656776, -121.325649 56.657047, -121.325049 56.657577, -121.324099 56.658051, -121.322826 56.658312, -121.321558 56.658522, -121.320381 56.658453, -121.319366 56.658109, -121.318122 56.657968, -121.316797 56.658162, -121.315625 56.658668, -121.314538 56.659292, -121.31315 56.659691, -121.311605 56.659953, -121.31003 56.660229, -121.30857 56.660515, -121.307262 56.660669, -121.30604 56.660583, -121.305802 56.660525, -121.304779 56.660277, -121.30343 56.659912)), ((-121.362135 56.665335, -121.362082 56.665331, -121.362036 56.665337, -121.361994 56.665323, -121.36197 56.665301, -121.361944 56.665264, -121.361906 56.665227, -121.3619 56.665197, -121.361885 56.665161, -121.361857 56.665133, -121.361816 56.665112, -121.36179 56.665074, -121.36175 56.665045, -121.36172 56.665013, -121.361693 56.664982, -121.361673 56.664965, -121.361664 56.664933, -121.361622 56.664928, -121.361583 56.664899, -121.361554 56.664877, -121.361491 56.664853, -121.361449 56.664839, -121.361394 56.664825, -121.361345 56.664818, -121.36129 56.664808, -121.361252 56.664785, -121.361226 56.664738, -121.361196 56.664714, -121.361152 56.664701, -121.361106 56.664688, -121.361075 56.66466, -121.361027 56.664627, -121.360978 56.664628, -121.360931 56.664622, -121.360878 56.664627, -121.360804 56.664626, -121.360759 56.664618, -121.360705 56.664606, -121.360652 56.664591, -121.3606 56.664583, -121.360559 56.664585, -121.360538 56.664578, -121.360516 56.66457, -121.360477 56.664544, -121.360438 56.66453, -121.360376 56.66452, -121.360339 56.664512, -121.360278 56.664499, -121.360238 56.664482, -121.360204 56.664467, -121.360158 56.664456, -121.360093 56.664459, -121.360054 56.664453, -121.360018 56.664446, -121.35998 56.66443, -121.359927 56.664438, -121.359877 56.664425, -121.359843 56.66442, -121.359783 56.66441, -121.359755 56.664399, -121.359707 56.66438, -121.359663 56.664375, -121.359611 56.664364, -121.359577 56.664345, -121.359558 56.664322, -121.359485 56.664311, -121.359427 56.664304, -121.359394 56.664287, -121.35935 56.664273, -121.359301 56.66426, -121.359259 56.66425, -121.359199 56.664232, -121.359165 56.664212, -121.359125 56.664194, -121.359061 56.664188, -121.35901 56.6642, -121.358973 56.664207, -121.358906 56.664202, -121.35885 56.664203, -121.358795 56.664218, -121.358754 56.664185, -121.358688 56.664197, -121.358644 56.664222, -121.358573 56.664225, -121.358531 56.664257, -121.358508 56.664274, -121.35845 56.664304, -121.358417 56.664324, -121.358394 56.664344, -121.35835 56.664362, -121.358273 56.664369, -121.358213 56.664369, -121.358161 56.664372, -121.358095 56.664374, -121.358016 56.664369, -121.357951 56.664374, -121.357868 56.66437, -121.357796 56.664364, -121.357727 56.664357, -121.357651 56.664358, -121.357582 56.664339, -121.357515 56.664323, -121.35745 56.664324, -121.357379 56.664301, -121.357328 56.664281, -121.357281 56.664258, -121.357237 56.664243, -121.357208 56.664217, -121.357194 56.664193, -121.357184 56.664174, -121.35716 56.664143, -121.357127 56.664121, -121.357127 56.664094, -121.357133 56.664074, -121.357116 56.664049, -121.357134 56.664008, -121.357117 56.663987, -121.357117 56.663961, -121.357098 56.663925, -121.357089 56.663897, -121.357085 56.663878, -121.357083 56.663841, -121.357041 56.663819, -121.357026 56.663781, -121.357002 56.663745, -121.35701 56.663724, -121.357 56.663693, -121.356982 56.663654, -121.356975 56.663629, -121.356968 56.663589, -121.356971 56.66356, -121.356962 56.663536, -121.356962 56.663518, -121.356982 56.663502, -121.35698 56.663463, -121.356957 56.663445, -121.356938 56.66341, -121.356909 56.663387, -121.35689 56.663352, -121.356893 56.66332, -121.356908 56.663302, -121.356923 56.663283, -121.356937 56.663252, -121.356955 56.663221, -121.356967 56.663188, -121.356968 56.663145, -121.35698 56.663118, -121.356981 56.663079, -121.356976 56.663046, -121.356959 56.663021, -121.356951 56.662998, -121.356948 56.662964, -121.356953 56.662931, -121.356945 56.662903, -121.356931 56.662872, -121.356901 56.662841, -121.356906 56.662818, -121.356909 56.662788, -121.356946 56.662775, -121.356967 56.662758, -121.357009 56.662729, -121.357013 56.662703, -121.357013 56.662672, -121.357029 56.662646, -121.357047 56.662613, -121.357025 56.662583, -121.357031 56.662561, -121.357053 56.662536, -121.357048 56.662506, -121.357025 56.66248, -121.357009 56.66245, -121.356998 56.662413, -121.356976 56.662387, -121.356625 56.662314, -121.356619 56.662296, -121.356618 56.662292, -121.356596 56.662264, -121.356589 56.662244, -121.356579 56.662226, -121.356561 56.662205, -121.356564 56.662177, -121.356552 56.662155, -121.356568 56.662128, -121.356583 56.662098, -121.356606 56.662074, -121.356633 56.66205, -121.356679 56.662036, -121.356731 56.662012, -121.35678 56.661989, -121.356802 56.661972, -121.356868 56.661964, -121.356912 56.661927, -121.35698 56.661922, -121.357056 56.661921, -121.357136 56.661918, -121.357194 56.661929, -121.357243 56.661953, -121.357291 56.661963, -121.357349 56.661956, -121.357374 56.661922, -121.357413 56.661898, -121.357471 56.661877, -121.357549 56.661872, -121.357598 56.66186, -121.357648 56.661851, -121.357704 56.661833, -121.357763 56.661819, -121.357809 56.661814, -121.357883 56.661797, -121.357944 56.661799, -121.358029 56.661789, -121.35809 56.661785, -121.358162 56.661785, -121.358218 56.661774, -121.358277 56.661767, -121.358341 56.661749, -121.358407 56.661729, -121.358456 56.661724, -121.358523 56.661703, -121.358562 56.661688, -121.358624 56.661678, -121.358693 56.661661, -121.358746 56.661652, -121.358813 56.661635, -121.358845 56.661622, -121.358907 56.661606, -121.358972 56.66159, -121.359004 56.661577, -121.359071 56.661556, -121.359104 56.66153, -121.35914 56.661489, -121.359183 56.661461, -121.359236 56.661438, -121.359266 56.661411, -121.359308 56.661383, -121.359347 56.661342, -121.359365 56.661318, -121.359414 56.661288, -121.359469 56.661251, -121.359501 56.66123, -121.359537 56.661187, -121.359573 56.661163, -121.359608 56.661124, -121.35964 56.661087, -121.359657 56.661051, -121.359692 56.66101, -121.359704 56.660983, -121.359719 56.660953, -121.359726 56.660917, -121.359747 56.660898, -121.359742 56.660876, -121.359702 56.660859, -121.359669 56.660841, -121.359648 56.660825, -121.359641 56.660791, -121.359675 56.660752, -121.359695 56.660724, -121.359709 56.660686, -121.359731 56.660658, -121.359754 56.660628, -121.359778 56.660594, -121.359781 56.660576, -121.359793 56.660547, -121.359807 56.660526, -121.35984 56.660481, -121.359853 56.660459, -121.359862 56.660437, -121.359897 56.660402, -121.359922 56.660377, -121.359954 56.660348, -121.35996 56.660304, -121.359953 56.660273, -121.359947 56.660228, -121.359951 56.660207, -121.359954 56.660164, -121.359939 56.660111, -121.359962 56.660089, -121.359994 56.660055, -121.36001 56.660007, -121.36002 56.65997, -121.360053 56.659941, -121.360098 56.6599, -121.360125 56.659874, -121.360162 56.659847, -121.360191 56.659808, -121.360237 56.659767, -121.360231 56.659739, -121.360271 56.659706, -121.360333 56.659693, -121.360405 56.6597, -121.360478 56.659698, -121.360559 56.659709, -121.360616 56.659718, -121.360664 56.659742, -121.360711 56.659765, -121.360754 56.659796, -121.360807 56.659825, -121.360837 56.659845, -121.360867 56.659877, -121.360897 56.659896, -121.360943 56.65992, -121.360967 56.659949, -121.361007 56.659979, -121.361035 56.660009, -121.361084 56.660033, -121.361127 56.660053, -121.361189 56.660084, -121.361252 56.660089, -121.361291 56.660105, -121.361342 56.660113, -121.361399 56.660132, -121.361466 56.660143, -121.361534 56.660156, -121.361575 56.660167, -121.361645 56.660182, -121.361697 56.660191, -121.361766 56.6602, -121.361831 56.660227, -121.361882 56.660228, -121.361951 56.66024, -121.362018 56.660249, -121.362089 56.660251, -121.362147 56.660253, -121.362218 56.660251, -121.362288 56.660249, -121.362343 56.660251, -121.36241 56.66025, -121.362485 56.660244, -121.362542 56.660228, -121.362598 56.660202, -121.362631 56.660168, -121.362653 56.660138, -121.362684 56.660099, -121.362715 56.660066, -121.362739 56.660033, -121.362754 56.659996, -121.362783 56.659962, -121.362801 56.659928, -121.362802 56.659889, -121.362807 56.659848, -121.362809 56.65981, -121.362802 56.659776, -121.362823 56.659734, -121.362821 56.6597, -121.362824 56.659668, -121.362845 56.659634, -121.36285 56.659598, -121.362853 56.659563, -121.362874 56.659527, -121.362875 56.659497, -121.362896 56.65946, -121.362893 56.659434, -121.362912 56.659412, -121.362924 56.659391, -121.362942 56.659369, -121.362969 56.659328, -121.36299 56.659303, -121.363036 56.65928, -121.363078 56.659253, -121.363116 56.659233, -121.363169 56.659214, -121.363216 56.659199, -121.363292 56.659181, -121.363364 56.659181, -121.363452 56.659184, -121.363495 56.659191, -121.363563 56.659205, -121.363637 56.659211, -121.363679 56.659212, -121.363735 56.659211, -121.363784 56.659209, -121.363827 56.659215, -121.363888 56.659225, -121.363941 56.659232, -121.364022 56.659238, -121.364071 56.659239, -121.364118 56.659246, -121.364196 56.65924, -121.364254 56.659231, -121.364332 56.65922, -121.36439 56.65922, -121.364446 56.659221, -121.364515 56.659232, -121.364556 56.65924, -121.36461 56.659246, -121.364672 56.659257, -121.364722 56.659274, -121.364787 56.659277, -121.364838 56.659302, -121.36491 56.659322, -121.364959 56.659333, -121.365017 56.659347, -121.36507 56.659364, -121.365116 56.659381, -121.365172 56.659398, -121.365199 56.659411, -121.365247 56.659421, -121.365301 56.659447, -121.365328 56.659462, -121.365369 56.659471, -121.36541 56.659495, -121.365443 56.659501, -121.365498 56.65952, -121.365535 56.659538, -121.365585 56.65955, -121.365632 56.659562, -121.365673 56.659583, -121.365718 56.659597, -121.365763 56.659611, -121.365799 56.65963, -121.365827 56.659646, -121.365863 56.659668, -121.365877 56.65969, -121.365883 56.659713, -121.365879 56.659738, -121.365878 56.659757, -121.36587 56.659785, -121.365862 56.659805, -121.365875 56.659829, -121.365865 56.659858, -121.36584 56.65988, -121.365798 56.659909, -121.365762 56.659926, -121.36573 56.659956, -121.365691 56.659985, -121.365659 56.66, -121.365608 56.660025, -121.365574 56.660046, -121.365564 56.660079, -121.365557 56.660098, -121.36551 56.660127, -121.365457 56.660151, -121.36544 56.660169, -121.365384 56.660196, -121.365379 56.660231, -121.365372 56.660262, -121.365359 56.660281, -121.365337 56.660301, -121.365336 56.66032, -121.365327 56.660356, -121.365312 56.660389, -121.36529 56.660416, -121.365291 56.660441, -121.365271 56.660462, -121.36525 56.660487, -121.365232 56.660514, -121.365213 56.660534, -121.365179 56.660587, -121.365185 56.660609, -121.365185 56.660612, -121.36518 56.660635, -121.365179 56.66068, -121.365172 56.660701, -121.36514 56.660734, -121.365144 56.660758, -121.365144 56.660788, -121.365168 56.660812, -121.365176 56.660841, -121.365194 56.660872, -121.365188 56.660892, -121.365208 56.660936, -121.365197 56.660967, -121.365177 56.660996, -121.365174 56.661023, -121.365191 56.661058, -121.365199 56.661095, -121.365191 56.661113, -121.365214 56.661153, -121.36522 56.661184, -121.365239 56.661206, -121.365267 56.661229, -121.365256 56.661261, -121.36525 56.661293, -121.365239 56.661319, -121.365242 56.661348, -121.36524 56.66138, -121.365255 56.661399, -121.365252 56.661422, -121.365251 56.661452, -121.365226 56.66147, -121.365188 56.661502, -121.365161 56.661522, -121.365191 56.661559, -121.365201 56.661587, -121.365223 56.661617, -121.365216 56.661651, -121.365223 56.661684, -121.365202 56.661707, -121.365202 56.661739, -121.365187 56.661764, -121.365186 56.661766, -121.365185 56.661767, -121.365228 56.661788, -121.365236 56.661791, -121.365256 56.661797, -121.365268 56.661801, -121.365271 56.661805, -121.365281 56.661813, -121.365283 56.661815, -121.365297 56.661829, -121.3653 56.661853, -121.365291 56.661871, -121.365324 56.661864, -121.365351 56.661852, -121.365391 56.661859, -121.365428 56.661866, -121.365458 56.661875, -121.365498 56.661887, -121.365535 56.661887, -121.365572 56.661901, -121.36562 56.661911, -121.365655 56.661923, -121.365643 56.661974, -121.365629 56.662058, -121.36534 56.663788, -121.365255 56.663927, -121.36523 56.663916, -121.365226 56.663935, -121.365181 56.663954, -121.365139 56.663963, -121.365115 56.663989, -121.365092 56.664019, -121.365054 56.664044, -121.365036 56.664075, -121.365012 56.664105, -121.36501 56.664135, -121.364993 56.664162, -121.364963 56.664185, -121.364926 56.664214, -121.364905 56.664244, -121.3649 56.664273, -121.364879 56.664298, -121.364857 56.664329, -121.364838 56.664356, -121.364827 56.664382, -121.364805 56.66442, -121.36478 56.664449, -121.364755 56.66448, -121.364726 56.6645, -121.364691 56.664529, -121.364659 56.664553, -121.364634 56.664583, -121.364598 56.664612, -121.364572 56.664629, -121.364527 56.664651, -121.364493 56.664678, -121.364451 56.664701, -121.364405 56.664713, -121.364363 56.664729, -121.364314 56.664742, -121.364261 56.664756, -121.364207 56.664775, -121.364163 56.664787, -121.364103 56.664798, -121.364052 56.664811, -121.364014 56.664831, -121.363963 56.664853, -121.363904 56.664868, -121.363865 56.66488, -121.363822 56.664894, -121.36377 56.664911, -121.363738 56.664924, -121.363706 56.664938, -121.363673 56.664962, -121.363613 56.664983, -121.363564 56.665004, -121.363504 56.665017, -121.36345 56.665027, -121.363395 56.66505, -121.363343 56.665067, -121.363295 56.665085, -121.363238 56.665107, -121.363203 56.665135, -121.363155 56.665157, -121.363115 56.66518, -121.363072 56.665204, -121.363018 56.665231, -121.362976 56.665261, -121.362946 56.665275, -121.362892 56.665276, -121.362864 56.665318, -121.362824 56.665347, -121.36279 56.665377, -121.362771 56.665415, -121.362732 56.665444, -121.362694 56.665465, -121.362636 56.665482, -121.362594 56.665509, -121.362552 56.665531, -121.362491 56.665551, -121.362443 56.665568, -121.362398 56.665579, -121.36236 56.665562, -121.362333 56.665538, -121.36229 56.66551, -121.362288 56.665476, -121.362223 56.665455, -121.362194 56.665427, -121.362187 56.665392, -121.362161 56.665355, -121.362135 56.665335)), ((-121.283751 56.493409, -121.283741 56.493387, -121.283737 56.493354, -121.283732 56.493341, -121.283729 56.49333, -121.283711 56.493294, -121.283716 56.493274, -121.283709 56.493237, -121.283682 56.493212, -121.283691 56.493166, -121.283704 56.493135, -121.283721 56.493106, -121.283694 56.493074, -121.283682 56.49304, -121.283669 56.493014, -121.283656 56.49298, -121.283674 56.492964, -121.283649 56.492942, -121.283621 56.492926, -121.283586 56.492908, -121.283532 56.492899, -121.283479 56.492887, -121.283453 56.492871, -121.283415 56.492831, -121.283454 56.492838, -121.283497 56.492833, -121.283517 56.492801, -121.283548 56.492781, -121.283533 56.492738, -121.283535 56.492717, -121.283521 56.492675, -121.283522 56.492628, -121.283505 56.492612, -121.283469 56.492601, -121.283472 56.492579, -121.283443 56.492526, -121.283399 56.492487, -121.283362 56.49247, -121.283325 56.492455, -121.283305 56.492433, -121.283308 56.492415, -121.283311 56.492374, -121.283328 56.492353, -121.28332 56.492329, -121.283288 56.492295, -121.283304 56.492257, -121.283287 56.49222, -121.283257 56.492186, -121.283205 56.492178, -121.283138 56.492189, -121.283086 56.492214, -121.28307 56.492236, -121.283044 56.492269, -121.283005 56.492283, -121.282945 56.49229, -121.282917 56.492306, -121.282878 56.492311, -121.282856 56.492329, -121.282816 56.492338, -121.282795 56.492319, -121.282793 56.492298, -121.282819 56.492273, -121.282844 56.492253, -121.282856 56.492227, -121.282868 56.492206, -121.282859 56.492179, -121.282879 56.492148, -121.282886 56.492129, -121.282878 56.492111, -121.282882 56.492082, -121.282855 56.492056, -121.282819 56.492035, -121.282784 56.492006, -121.282764 56.491988, -121.282735 56.491973, -121.282721 56.491951, -121.282745 56.491937, -121.282756 56.491906, -121.282753 56.491878, -121.282732 56.491851, -121.282717 56.491828, -121.282686 56.491803, -121.282664 56.491776, -121.282617 56.49175, -121.282574 56.491738, -121.282546 56.491729, -121.282489 56.491727, -121.282461 56.491705, -121.282442 56.49169, -121.282393 56.491651, -121.282413 56.491606, -121.282429 56.491578, -121.282454 56.491564, -121.282473 56.491541, -121.282517 56.491527, -121.282522 56.491501, -121.282535 56.491477, -121.28251 56.491454, -121.28249 56.491436, -121.282468 56.491423, -121.282414 56.491395, -121.282394 56.49138, -121.282362 56.491367, -121.28231 56.491346, -121.282272 56.491336, -121.282239 56.49132, -121.282193 56.49128, -121.282152 56.491241, -121.282129 56.491222, -121.282121 56.491179, -121.28209 56.491151, -121.282095 56.491123, -121.282053 56.491105, -121.282019 56.491088, -121.281967 56.491078, -121.281902 56.491058, -121.281855 56.491056, -121.281824 56.491033, -121.281844 56.491015, -121.281845 56.490988, -121.281861 56.490962, -121.281894 56.490937, -121.281893 56.490912, -121.281924 56.490932, -121.281926 56.490959, -121.281966 56.490967, -121.281979 56.490986, -121.282028 56.490979, -121.282045 56.490956, -121.28207 56.490929, -121.282115 56.49091, -121.282138 56.490894, -121.282151 56.490864, -121.282155 56.490842, -121.282122 56.490828, -121.28214 56.490798, -121.282156 56.490771, -121.282199 56.490745, -121.282234 56.490708, -121.282245 56.490687, -121.282245 56.490668, -121.282212 56.490641, -121.282174 56.490639, -121.282137 56.490641, -121.2821 56.490622, -121.282066 56.490613, -121.282029 56.490598, -121.282015 56.490569, -121.282005 56.490548, -121.281998 56.490522, -121.281992 56.4905, -121.282009 56.49047, -121.282037 56.490443, -121.282055 56.490425, -121.28205 56.490404, -121.282012 56.490404, -121.281981 56.490389, -121.281955 56.490378, -121.281921 56.49035, -121.281888 56.490331, -121.281862 56.490308, -121.281828 56.490297, -121.281803 56.490284, -121.281802 56.490261, -121.281786 56.49023, -121.281756 56.490208, -121.281741 56.490173, -121.28175 56.490146, -121.281757 56.49011, -121.28175 56.490081, -121.281747 56.490043, -121.281759 56.490022, -121.281734 56.489989, -121.281708 56.490004, -121.281698 56.489983, -121.281682 56.48995, -121.281661 56.489911, -121.281691 56.489886, -121.281691 56.489885, -121.281697 56.48986, -121.281736 56.489843, -121.281765 56.489813, -121.281792 56.489781, -121.281815 56.489761, -121.28187 56.48974, -121.281896 56.489723, -121.281935 56.4897, -121.281965 56.489681, -121.282008 56.489656, -121.282043 56.489646, -121.28207 56.489618, -121.282092 56.489587, -121.282099 56.489551, -121.282109 56.489531, -121.282119 56.489504, -121.282161 56.489467, -121.282165 56.489432, -121.282141 56.489407, -121.282137 56.489363, -121.28212 56.489339, -121.282074 56.489312, -121.282058 56.489296, -121.282016 56.489273, -121.281983 56.48924, -121.281956 56.489226, -121.281924 56.489201, -121.281881 56.489185, -121.28186 56.489168, -121.28188 56.489126, -121.281898 56.489097, -121.281911 56.48905, -121.281915 56.489019, -121.281902 56.488979, -121.281895 56.488972, -121.281871 56.488947, -121.281879 56.488908, -121.281902 56.488871, -121.281946 56.488836, -121.281992 56.488803, -121.282028 56.488776, -121.282058 56.488749, -121.282108 56.48871, -121.282148 56.488676, -121.282196 56.488645, -121.282247 56.488615, -121.282319 56.488596, -121.282379 56.488574, -121.28241 56.488563, -121.282447 56.488561, -121.282506 56.488575, -121.282535 56.48861, -121.28255 56.488647, -121.282567 56.488681, -121.282599 56.488723, -121.28261 56.488756, -121.282639 56.488793, -121.282671 56.488826, -121.282705 56.488855, -121.282769 56.488865, -121.282831 56.488874, -121.282892 56.488897, -121.282894 56.488938, -121.28285 56.488976, -121.282845 56.488985, -121.28283 56.489017, -121.282808 56.489052, -121.282794 56.48908, -121.282756 56.489106, -121.282697 56.489128, -121.282727 56.489145, -121.282748 56.489156, -121.282769 56.489167, -121.282795 56.48919, -121.2828 56.489209, -121.28278 56.489225, -121.28276 56.489253, -121.282733 56.489266, -121.282674 56.489283, -121.282649 56.489295, -121.282611 56.489306, -121.282581 56.489328, -121.282605 56.489365, -121.282633 56.489379, -121.282667 56.4894, -121.282696 56.489411, -121.282733 56.489428, -121.282753 56.489453, -121.282784 56.489476, -121.282801 56.489501, -121.28284 56.489525, -121.282862 56.489547, -121.282912 56.489574, -121.282945 56.489594, -121.282982 56.489626, -121.283006 56.489654, -121.283035 56.489683, -121.283079 56.489714, -121.283094 56.489747, -121.283133 56.489784, -121.283142 56.489817, -121.283172 56.489846, -121.283192 56.489879, -121.283214 56.489914, -121.283234 56.489945, -121.283254 56.489966, -121.283296 56.489996, -121.283321 56.490022, -121.283348 56.490055, -121.283374 56.490081, -121.283406 56.490108, -121.283439 56.490135, -121.283448 56.490144, -121.283463 56.490159, -121.283484 56.490195, -121.283514 56.49022, -121.283536 56.490252, -121.283563 56.490285, -121.283579 56.490319, -121.28361 56.490345, -121.283636 56.490373, -121.283673 56.490406, -121.283702 56.490439, -121.283717 56.490473, -121.283739 56.490505, -121.283753 56.490534, -121.283777 56.490562, -121.283799 56.490589, -121.283788 56.490618, -121.28379 56.490645, -121.283794 56.490665, -121.283793 56.490692, -121.283789 56.490712, -121.283782 56.490744, -121.283781 56.490763, -121.28379 56.490804, -121.283802 56.49083, -121.283818 56.49087, -121.283833 56.490897, -121.283847 56.490934, -121.283858 56.49096, -121.283872 56.490985, -121.283903 56.491021, -121.283911 56.491042, -121.283912 56.491046, -121.283946 56.491084, -121.283955 56.491114, -121.283975 56.491141, -121.283994 56.491176, -121.28401 56.491203, -121.284034 56.491231, -121.284027 56.491251, -121.28403 56.491275, -121.284036 56.491294, -121.284049 56.491325, -121.284077 56.491349, -121.28407 56.491369, -121.28408 56.491396, -121.284084 56.491418, -121.284104 56.491438, -121.284103 56.49146, -121.28412 56.491489, -121.284128 56.491508, -121.284134 56.491535, -121.284141 56.491559, -121.284139 56.491588, -121.284145 56.491608, -121.284156 56.491628, -121.284175 56.491655, -121.284179 56.49168, -121.284193 56.491701, -121.284194 56.491725, -121.284194 56.491747, -121.284217 56.491784, -121.284219 56.491807, -121.284238 56.491834, -121.284237 56.491858, -121.28424 56.491887, -121.28426 56.491925, -121.284258 56.491962, -121.284257 56.491997, -121.284267 56.492027, -121.284297 56.492062, -121.284308 56.492105, -121.284313 56.492124, -121.284318 56.492162, -121.284321 56.492193, -121.284311 56.492221, -121.28431 56.492224, -121.284298 56.492267, -121.284298 56.492295, -121.284301 56.492331, -121.284299 56.492374, -121.284312 56.492407, -121.284313 56.492436, -121.284312 56.492477, -121.284332 56.492507, -121.284341 56.492531, -121.284339 56.492563, -121.284349 56.492586, -121.284353 56.49263, -121.284359 56.492658, -121.284363 56.492688, -121.284358 56.492717, -121.284353 56.492741, -121.284368 56.492775, -121.284345 56.492788, -121.284364 56.492826, -121.284366 56.492861, -121.284375 56.492889, -121.284376 56.492912, -121.284377 56.492948, -121.284366 56.492983, -121.284359 56.493018, -121.284347 56.493054, -121.284347 56.493087, -121.284326 56.493123, -121.2843 56.493154, -121.284308 56.493176, -121.284285 56.493206, -121.284273 56.493226, -121.284272 56.493239, -121.284271 56.493253, -121.284265 56.493286, -121.284259 56.493311, -121.284233 56.493346, -121.284206 56.493364, -121.284187 56.493371, -121.284123 56.493394, -121.284059 56.493406, -121.284035 56.493434, -121.283998 56.493431, -121.283973 56.493415, -121.283915 56.493434, -121.283879 56.493466, -121.283838 56.493508, -121.283806 56.493501, -121.283791 56.493478, -121.283759 56.493446, -121.283751 56.493409)))"
20,2023-06-23 10:31:00,2023061401,2023,4427.2,Non-corrected airborne GPS,1686726000000,1686784463000,Being Held,JA70003000,44271687.2248,57146.0196,81,cbd968b7-27c6-4c46-82ba-a850c8230ab1,136692971.273438,100429.756585692,https://wildfiresituation.nrs.gov.bc.ca/incidents?fireYear=2023&incidentNumber=G70644,"POLYGON ((-120.047657 55.390225, -120.047541 55.389715, -120.047127 55.389286, -120.0465 55.388953, -120.045861 55.388641, -120.045274 55.388306, -120.044817 55.387913, -120.044451 55.387481, -120.044088 55.387044, -120.04363 55.386626, -120.043082 55.386226, -120.042568 55.3856, -120.042744 55.385186, -120.04332 55.384848, -120.044191 55.384697, -120.045666 55.384512, -120.046517 55.384265, -120.046917 55.383889, -120.046842 55.383539, -120.046338 55.383345, -120.045706 55.383252, -120.045067 55.383196, -120.044442 55.383199, -120.043818 55.383256, -120.043239 55.383381, -120.042704 55.383509, -120.042143 55.383624, -120.041514 55.383672, -120.040898 55.38377, -120.040334 55.383957, -120.03969 55.384143, -120.03897 55.384236, -120.037859 55.384252, -120.037137 55.384315, -120.036451 55.384387, -120.035848 55.384592, -120.035514 55.384947, -120.035396 55.385352, -120.035153 55.385713, -120.0346 55.38594, -120.033928 55.386112, -120.032845 55.386335, -120.032105 55.386416, -120.031402 55.386419, -120.030721 55.386362, -120.030189 55.386197, -120.029823 55.385933, -120.0295 55.385646, -120.02918 55.385355, -120.028941 55.385036, -120.028908 55.38464, -120.028903 55.384205, -120.028829 55.383758, -120.028623 55.383312, -120.028461 55.382625, -120.028721 55.38219, -120.029176 55.381793, -120.029726 55.381438, -120.030252 55.381079, -120.030664 55.380746, -120.030783 55.38025, -120.030354 55.380205, -120.029785 55.380369, -120.028724 55.380787, -120.027951 55.381014, -120.027141 55.381141, -120.026321 55.381128, -120.025522 55.381035, -120.024719 55.380928, -120.023524 55.38073, -120.022421 55.380452, -120.021743 55.380314, -120.020799 55.380512, -120.020092 55.380968, -120.019744 55.381321, -120.019533 55.381963, -120.019328 55.382655, -120.019008 55.383355, -120.018649 55.384058, -120.018236 55.384745, -120.017772 55.385397, -120.017262 55.386057, -120.016519 55.386533, -120.015594 55.386716, -120.014576 55.386766, -120.013908 55.386831, -120.013267 55.386932, -120.012642 55.387056, -120.012024 55.387206, -120.011413 55.387362, -120.01083 55.387418, -120.010303 55.38734, -120.00984 55.387145, -120.009429 55.386893, -120.008977 55.386652, -120.008464 55.38646, -120.007889 55.386352, -120.006954 55.386237, -120.006289 55.386145, -120.005413 55.386091, -120.005128 55.385908, -120.005331 55.385444, -120.005424 55.384943, -120.004864 55.384734, -120.004117 55.384744, -120.003196 55.384782, -120.002174 55.384743, -120.001318 55.384534, -120.001205 55.3841, -120.001613 55.38358, -120.001828 55.383001, -120.001919 55.382457, -120.002088 55.382004, -120.002487 55.381613, -120.00289 55.381165, -120.00307 55.380842, -120.00323 55.380545, -120.003484 55.380282, -120.003803 55.380015, -120.004173 55.37958, -120.004289 55.379276, -120.004212 55.378828, -120.003948 55.378366, -120.003622 55.378071, -120.003139 55.377799, -120.00266 55.377528, -120.00242 55.377228, -120.002707 55.376877, -120.003607 55.3767, -120.004645 55.376335, -120.005527 55.375774, -120.006559 55.375348, -120.007967 55.375259, -120.009442 55.375233, -120.010688 55.374927, -120.011226 55.374594, -120.011403 55.374211, -120.011372 55.373819, -120.011299 55.373221, -120.011356 55.372816, -120.01144 55.372384, -120.011453 55.37168, -120.011209 55.3712, -120.010665 55.370804, -120.010066 55.37044, -120.009517 55.370106, -120.00932 55.3697, -120.00947 55.369423, -120.009953 55.36933, -120.010587 55.369412, -120.011277 55.369595, -120.012033 55.369853, -120.012854 55.37008, -120.013668 55.370238, -120.01445 55.37031, -120.015172 55.370301, -120.015821 55.370204, -120.016471 55.370085, -120.017171 55.370019, -120.017904 55.369991, -120.01858 55.369898, -120.019089 55.369686, -120.019356 55.36942, -120.019494 55.369121, -120.019622 55.368828, -120.019741 55.368522, -120.019865 55.368178, -120.019997 55.36761, -120.020023 55.36721, -120.020082 55.366856, -120.020296 55.366587, -120.020768 55.366399, -120.021258 55.366179, -120.021476 55.365882, -120.021395 55.365569, -120.021367 55.365459, -120.021147 55.365229, -120.020975 55.364987, -120.020681 55.3646, -120.020299 55.36442, -120.019973 55.364228, -120.019792 55.364036, -120.019887 55.363862, -120.020234 55.363716, -120.020797 55.363462, -120.02105 55.363239, -120.02123 55.362881, -120.021219 55.362632, -120.021107 55.362371, -120.020954 55.362098, -120.020792 55.361819, -120.020608 55.361535, -120.020381 55.361283, -120.020155 55.361108, -120.020071 55.360984, -120.020203 55.360867, -120.020608 55.360812, -120.02122 55.360797, -120.021808 55.360705, -120.022202 55.360513, -120.022301 55.360267, -120.022194 55.360029, -120.022125 55.359782, -120.022177 55.359513, -120.022214 55.359233, -120.022255 55.358966, -120.022325 55.358716, -120.022476 55.358456, -120.022503 55.35819, -120.0222 55.358026, -120.022134 55.35799, -120.021736 55.357808, -120.021586 55.357622, -120.021805 55.357429, -120.02232 55.357324, -120.022981 55.357316, -120.023641 55.35731, -120.024248 55.357237, -120.024708 55.357045, -120.024975 55.356777, -120.025108 55.356462, -120.025149 55.356126, -120.025249 55.355795, -120.025443 55.355471, -120.025712 55.355168, -120.026018 55.354873, -120.026374 55.354617, -120.026763 55.354434, -120.027207 55.354351, -120.027665 55.354339, -120.028047 55.354345, -120.028324 55.354402, -120.028509 55.35456, -120.028635 55.354796, -120.028866 55.354978, -120.029201 55.355041, -120.029677 55.354941, -120.029877 55.354675, -120.029972 55.354371, -120.029979 55.354088, -120.029927 55.353834, -120.029811 55.353678, -120.029697 55.35351, -120.029522 55.353323, -120.029206 55.353156, -120.028931 55.353, -120.028924 55.35288, -120.029274 55.35284, -120.029832 55.35282, -120.030203 55.352669, -120.030323 55.35244, -120.030332 55.352187, -120.03015 55.351932, -120.029961 55.351673, -120.029805 55.351397, -120.029715 55.351118, -120.029673 55.35083, -120.02966 55.350535, -120.029646 55.350215, -120.029595 55.349866, -120.029407 55.349434, -120.02924 55.34906, -120.029489 55.348804, -120.029916 55.348791, -120.030266 55.349064, -120.030691 55.349387, -120.030905 55.3497, -120.030935 55.350083, -120.030859 55.350488, -120.030786 55.35089, -120.03076 55.351272, -120.030835 55.35162, -120.031113 55.351898, -120.031642 55.352032, -120.032379 55.352004, -120.033205 55.351881, -120.034038 55.351726, -120.034866 55.351537, -120.035667 55.351299, -120.036085 55.351233, -120.036772 55.351244, -120.036896 55.351271, -120.037291 55.351356, -120.037914 55.351537, -120.038328 55.351591, -120.038573 55.351705, -120.03871 55.351754, -120.03885 55.351811, -120.038926 55.351839, -120.039003 55.35185, -120.039113 55.351872, -120.039206 55.351892, -120.039297 55.35192, -120.039499 55.35198, -120.039606 55.352027, -120.039698 55.352065, -120.039804 55.352104, -120.039912 55.352151, -120.039986 55.352198, -120.040154 55.352292, -120.040212 55.352347, -120.040332 55.35244, -120.040436 55.352514, -120.040497 55.35257, -120.04054 55.352625, -120.040598 55.352671, -120.040673 55.352728, -120.040734 55.352773, -120.040824 55.35283, -120.040899 55.352876, -120.040974 55.352933, -120.041033 55.352987, -120.041108 55.353034, -120.041184 55.353089, -120.04132 55.353165, -120.041438 55.353258, -120.041529 55.353296, -120.041623 55.353334, -120.041728 55.353381, -120.041806 55.353411, -120.041899 55.353448, -120.041989 55.353478, -120.042097 55.353508, -120.042191 55.353537, -120.042284 55.353557, -120.042377 55.353578, -120.042656 55.353638, -120.042734 55.353658, -120.042844 55.353679, -120.042952 55.353699, -120.043046 55.35371, -120.043139 55.35373, -120.043247 55.353752, -120.043357 55.353772, -120.043481 55.353784, -120.043609 55.353796, -120.043717 55.353799, -120.043829 55.353802, -120.043938 55.353813, -120.044031 55.353824, -120.044124 55.353844, -120.044202 55.353847, -120.044282 55.353849, -120.044376 55.35385, -120.044472 55.353844, -120.044551 55.353846, -120.044628 55.353847, -120.044753 55.353869, -120.044843 55.353925, -120.044969 55.353945, -120.045081 55.353921, -120.045114 55.353914, -120.045193 55.353907, -120.045272 55.3539, -120.045397 55.35392, -120.045503 55.353985, -120.045627 55.353998, -120.045707 55.354, -120.0458 55.354002, -120.045945 55.353988, -120.046024 55.353981, -120.046135 55.353974, -120.046231 55.353967, -120.046701 55.353799, -120.046737 55.353746, -120.046831 55.353722, -120.046976 55.353698, -120.047069 55.3537, -120.047151 55.353693, -120.047307 55.353706, -120.047449 55.353709, -120.047592 55.353686, -120.047623 55.353686, -120.047719 55.353662, -120.047832 55.353646, -120.047944 55.353622, -120.048024 55.353598, -120.048121 55.353582, -120.048233 55.353548, -120.048301 55.353497, -120.048256 55.35345, -120.048214 55.353377, -120.048189 55.353305, -120.048178 55.353223, -120.048182 55.353179, -120.048202 55.353107, -120.048256 55.353054, -120.048259 55.353001, -120.048262 55.352947, -120.048283 55.352884, -120.048287 55.352839, -120.048338 55.352786, -120.048337 55.352778, -120.048341 55.352723, -120.04844 55.352664, -120.04854 55.352612, -120.048689 55.352534, -120.048771 55.352483, -120.048822 55.35243, -120.048904 55.352369, -120.048974 55.352308, -120.049025 55.352255, -120.049059 55.352211, -120.049047 55.352157, -120.049019 55.352111, -120.048915 55.352027, -120.048839 55.351999, -120.048746 55.351979, -120.048652 55.351949, -120.048543 55.35192, -120.048453 55.35189, -120.048357 55.35187, -120.048267 55.35184, -120.04816 55.351766, -120.048118 55.351712, -120.048091 55.351667, -120.048062 55.351611, -120.04805 55.351548, -120.048024 55.351484, -120.047935 55.351393, -120.047833 55.351301, -120.047695 55.351234, -120.047591 55.351168, -120.047531 55.351123, -120.047488 55.351067, -120.047414 55.351003, -120.047324 55.350919, -120.047205 55.350835, -120.047085 55.350752, -120.047011 55.350687, -120.046951 55.350631, -120.046893 55.350559, -120.046821 55.350485, -120.046762 55.350438, -120.046719 55.350375, -120.046661 55.350309, -120.046601 55.350237, -120.046561 55.350154, -120.046504 55.350082, -120.04643 55.350007, -120.046372 55.349935, -120.046299 55.349869, -120.04624 55.349805, -120.046182 55.34975, -120.046138 55.349686, -120.04608 55.34963, -120.046021 55.349566, -120.04593 55.34951, -120.045855 55.349463, -120.045796 55.349399, -120.045739 55.349352, -120.045665 55.349288, -120.045574 55.349223, -120.045483 55.349157, -120.045394 55.349093, -120.04532 55.349028, -120.045261 55.348964, -120.045205 55.348889, -120.045131 55.348825, -120.045073 55.348753, -120.044997 55.348687, -120.044938 55.348643, -120.044909 55.348622, -120.044835 55.348558, -120.044744 55.348502, -120.044669 55.348445, -120.044595 55.348381, -120.044537 55.348325, -120.044402 55.348233, -120.044309 55.348186, -120.044218 55.348138, -120.044128 55.348091, -120.044037 55.348035, -120.043913 55.347997, -120.043805 55.347967, -120.043682 55.347937, -120.043558 55.347907, -120.043449 55.347868, -120.043375 55.347821, -120.04324 55.347727, -120.043148 55.34769, -120.043056 55.347652, -120.042887 55.347593, -120.042794 55.347574, -120.042687 55.347535, -120.042564 55.347495, -120.042455 55.347457, -120.042365 55.34741, -120.042274 55.347354, -120.042168 55.347306, -120.04206 55.347259, -120.041953 55.347212, -120.041848 55.347155, -120.041755 55.347108, -120.041682 55.347042, -120.041608 55.346978, -120.041517 55.346923, -120.041426 55.346857, -120.041353 55.346792, -120.041277 55.346736, -120.041203 55.346689, -120.041129 55.346634, -120.041039 55.346578, -120.040946 55.346521, -120.040873 55.346465, -120.040799 55.346401, -120.040738 55.346346, -120.040605 55.346253, -120.040514 55.346205, -120.040438 55.346159, -120.040348 55.346102, -120.040288 55.346047, -120.040185 55.345954, -120.04014 55.345917, -120.040081 55.345863, -120.040023 55.345798, -120.039965 55.345742, -120.039906 55.345678, -120.039847 55.345614, -120.039789 55.345558, -120.039713 55.345503, -120.039578 55.34541, -120.039488 55.345363, -120.03943 55.345308, -120.03937 55.345261, -120.039294 55.345205, -120.039218 55.345167, -120.039142 55.345121, -120.039023 55.345037, -120.038963 55.34499, -120.038811 55.344906, -120.038628 55.344829, -120.038553 55.344774, -120.038479 55.344718, -120.038404 55.344662, -120.038346 55.344607, -120.038301 55.34456, -120.038259 55.344497, -120.038214 55.34445, -120.038079 55.344358, -120.038005 55.344319, -120.037851 55.344244, -120.037776 55.344197, -120.037624 55.344113, -120.037505 55.344029, -120.037417 55.343946, -120.037311 55.343871, -120.037204 55.343824, -120.037131 55.343768, -120.037021 55.343747, -120.036942 55.343745, -120.036833 55.343715, -120.036761 55.343643, -120.036703 55.343587, -120.036612 55.343522, -120.036539 55.343439, -120.036467 55.343356, -120.036394 55.343274, -120.03632 55.3432, -120.036278 55.343127, -120.036235 55.343072, -120.036209 55.343017, -120.036166 55.342962, -120.036122 55.342898, -120.036079 55.342835, -120.036038 55.342771, -120.035994 55.342707, -120.035983 55.342653, -120.035955 55.342597, -120.035959 55.342543, -120.035979 55.342491, -120.036015 55.342428, -120.036037 55.342357, -120.036071 55.342312, -120.036106 55.34226, -120.036157 55.342207, -120.036226 55.342164, -120.036276 55.342112, -120.036376 55.34205, -120.036472 55.342008, -120.036717 55.341907, -120.036798 55.341872, -120.036898 55.341811, -120.036994 55.341778, -120.037076 55.341734, -120.03719 55.341702, -120.037288 55.341659, -120.037357 55.341589, -120.037503 55.341521, -120.03765 55.341461, -120.037764 55.341401, -120.037877 55.341358, -120.037993 55.341307, -120.038122 55.341257, -120.038204 55.341223, -120.038334 55.341172, -120.03843 55.341139, -120.038512 55.341105, -120.038592 55.341079, -120.038674 55.341055, -120.038769 55.341029, -120.038851 55.341005, -120.038931 55.340979, -120.039091 55.340938, -120.039206 55.340897, -120.039318 55.340863, -120.039416 55.340821, -120.039529 55.340779, -120.039676 55.340729, -120.039822 55.340677, -120.039903 55.340653, -120.039999 55.340628, -120.040095 55.340603, -120.040192 55.340579, -120.040271 55.340562, -120.040368 55.340538, -120.04045 55.340514, -120.040545 55.340498, -120.040625 55.340472, -120.040737 55.340448, -120.040834 55.340424, -120.040929 55.340408, -120.041044 55.340384, -120.041124 55.340358, -120.041203 55.340334, -120.041301 55.340319, -120.041396 55.340293, -120.041506 55.340287, -120.041619 55.340272, -120.041746 55.340257, -120.04184 55.34025, -120.041953 55.340235, -120.042048 55.340229, -120.042142 55.340222, -120.042238 55.340215, -120.042318 55.340199, -120.042414 55.340183, -120.042509 55.340168, -120.042606 55.340143, -120.042701 55.340128, -120.042799 55.340112, -120.042877 55.340095, -120.042972 55.340079, -120.043069 55.340055, -120.04315 55.340039, -120.043245 55.340024, -120.043341 55.340017, -120.043607 55.340051, -120.043603 55.340095, -120.043521 55.340156, -120.043422 55.340189, -120.043295 55.340213, -120.043149 55.340246, -120.043006 55.340279, -120.042877 55.340311, -120.042778 55.340371, -120.042853 55.340418, -120.042962 55.34044, -120.043088 55.34046, -120.043229 55.340464, -120.043388 55.34045, -120.043515 55.340425, -120.043646 55.340384, -120.043758 55.340333, -120.043872 55.34029, -120.043955 55.340247, -120.044069 55.340188, -120.044169 55.340126, -120.044251 55.340092, -120.044349 55.340051, -120.044445 55.340017, -120.044559 55.339974, -120.044704 55.339933, -120.044864 55.339891, -120.044946 55.339867, -120.045027 55.339851, -120.045107 55.339826, -120.045251 55.339776, -120.045399 55.339725, -120.045543 55.339665, -120.045692 55.339597, -120.045838 55.339528, -120.045985 55.339451, -120.046134 55.339383, -120.046279 55.339315, -120.046361 55.33928, -120.04646 55.339248, -120.046555 55.339222, -120.046636 55.339189, -120.046733 55.339155, -120.046815 55.339129, -120.046976 55.339071, -120.047108 55.339011, -120.047271 55.338934, -120.047415 55.338884, -120.047562 55.338825, -120.047662 55.338773, -120.047711 55.338729, -120.047794 55.338676, -120.047875 55.338634, -120.048022 55.338584, -120.048104 55.33855, -120.048201 55.338526, -120.048298 55.338491, -120.048379 55.338457, -120.04854 55.338399, -120.048637 55.338375, -120.048719 55.33834, -120.048814 55.338315, -120.048911 55.338291, -120.049006 55.338275, -120.049103 55.338251, -120.049184 55.338234, -120.04928 55.338228, -120.04936 55.338212, -120.049454 55.338205, -120.049566 55.338189, -120.04966 55.338182, -120.049773 55.338177, -120.049883 55.338171, -120.049977 55.338164, -120.050073 55.338157, -120.050152 55.33815, -120.050312 55.338145, -120.050451 55.338157, -120.050873 55.337799, -120.051549 55.337303, -120.052313 55.336473, -120.052378 55.336383, -120.053227 55.336082, -120.054099 55.33578, -120.054973 55.335475, -120.055935 55.335204, -120.056996 55.335061, -120.058122 55.335058, -120.059202 55.335051, -120.060234 55.335051, -120.061256 55.335051, -120.062247 55.335049, -120.063207 55.335037, -120.064159 55.335019, -120.065067 55.33504, -120.065957 55.335065, -120.066804 55.335065, -120.067673 55.335057, -120.068572 55.335068, -120.069499 55.335063, -120.070467 55.335051, -120.071448 55.335038, -120.072475 55.335048, -120.073562 55.335045, -120.074646 55.335035, -120.07577 55.335046, -120.076902 55.335035, -120.077997 55.335017, -120.07905 55.335054, -120.080071 55.335097, -120.081022 55.335112, -120.081887 55.335133, -120.082589 55.335144, -120.083142 55.335148, -120.083294 55.335139, -120.083586 55.335123, -120.084161 55.335078, -120.084221 55.335181, -120.08428 55.335283, -120.084353 55.335411, -120.08443 55.335543, -120.084486 55.335641, -120.084539 55.335734, -120.084618 55.33587, -120.084703 55.336017, -120.084761 55.336118, -120.08481 55.336203, -120.084615 55.336374, -120.084683 55.336514, -120.084764 55.336638, -120.084854 55.336781, -120.085188 55.336856, -120.085265 55.336989, -120.085348 55.337129, -120.085431 55.33727, -120.085527 55.337435, -120.085629 55.337607, -120.085727 55.337773, -120.085811 55.337917, -120.08592 55.338103, -120.086032 55.338294, -120.086128 55.338455, -120.086218 55.338609, -120.086318 55.338767, -120.086432 55.33894, -120.086549 55.3391, -120.086656 55.339234, -120.086753 55.339349, -120.08685 55.33946, -120.086953 55.339565, -120.087108 55.339698, -120.087237 55.339766, -120.087525 55.339782, -120.087609 55.339799, -120.087662 55.339786, -120.087735 55.339679, -120.087874 55.3395, -120.088043 55.339321, -120.088197 55.339163, -120.088358 55.339, -120.088588 55.33886, -120.088699 55.338736, -120.088823 55.338561, -120.088778 55.338445, -120.088647 55.338349, -120.088573 55.338272, -120.088482 55.338141, -120.088266 55.338072, -120.08805 55.338058, -120.087935 55.338012, -120.087823 55.337981, -120.087732 55.337909, -120.087628 55.337769, -120.087532 55.337619, -120.087486 55.337532, -120.087541 55.337433, -120.087618 55.337332, -120.087642 55.337228, -120.087526 55.33715, -120.087374 55.337121, -120.087204 55.337123, -120.08704 55.337061, -120.086941 55.336944, -120.086965 55.336787, -120.087094 55.336707, -120.087107 55.336557, -120.086877 55.336443, -120.086724 55.33635, -120.0866 55.33623, -120.0866 55.33623, -120.086546 55.336155, -120.086642 55.336145, -120.086837 55.336159, -120.087142 55.336112, -120.087382 55.335964, -120.087588 55.335858, -120.087861 55.335879, -120.088134 55.335942, -120.088323 55.336101, -120.088528 55.336184, -120.088713 55.336197, -120.088951 55.336168, -120.089132 55.336053, -120.089187 55.335898, -120.089234 55.335788, -120.089357 55.335774, -120.089611 55.335799, -120.089869 55.335826, -120.090208 55.335866, -120.090545 55.335873, -120.090781 55.335929, -120.090974 55.336036, -120.091202 55.336132, -120.091526 55.336124, -120.091884 55.336139, -120.092132 55.336167, -120.092263 55.336182, -120.092581 55.336217, -120.092813 55.336228, -120.093029 55.336249, -120.093284 55.336277, -120.093596 55.336305, -120.09389 55.336339, -120.094145 55.33639, -120.094312 55.336445, -120.094409 55.336568, -120.094617 55.336726, -120.094939 55.336827, -120.095195 55.336896, -120.095374 55.336978, -120.095537 55.33711, -120.095804 55.337304, -120.096138 55.337401, -120.096358 55.337306, -120.096492 55.337222, -120.096771 55.337187, -120.097112 55.337118, -120.097436 55.337075, -120.097748 55.337147, -120.097957 55.337307, -120.09805 55.337492, -120.098088 55.337692, -120.098082 55.337883, -120.098097 55.338092, -120.098227 55.338285, -120.098262 55.338458, -120.098259 55.338662, -120.098225 55.338878, -120.098144 55.339033, -120.098048 55.339187, -120.097953 55.339408, -120.097923 55.339555, -120.097907 55.339696, -120.097912 55.339829, -120.097931 55.340032, -120.097983 55.340265, -120.097975 55.340545, -120.097919 55.340812, -120.097812 55.341052, -120.097697 55.341276, -120.097585 55.341537, -120.097608 55.341811, -120.097597 55.342052, -120.097466 55.342319, -120.09735 55.342574, -120.097259 55.342769, -120.097071 55.342947, -120.096767 55.343131, -120.096423 55.343381, -120.096397 55.343694, -120.096605 55.343969, -120.096834 55.344181, -120.096931 55.344406, -120.09693 55.344699, -120.097055 55.345006, -120.097423 55.345188, -120.097897 55.345121, -120.098278 55.344905, -120.098641 55.344648, -120.098924 55.344345, -120.099038 55.344013, -120.099268 55.343745, -120.099651 55.343542, -120.100009 55.343316, -120.100248 55.343072, -120.100395 55.342845, -120.100503 55.342652, -120.1007 55.342452, -120.100921 55.342243, -120.101225 55.342019, -120.101476 55.341793, -120.101596 55.341672, -120.101842 55.341556, -120.102166 55.341538, -120.102531 55.341576, -120.102923 55.341584, -120.103133 55.341603, -120.103364 55.341695, -120.103343 55.341844, -120.102994 55.341977, -120.102592 55.342094, -120.102559 55.342158, -120.102942 55.342092, -120.103391 55.3422, -120.103585 55.342411, -120.103528 55.342582, -120.103368 55.342701, -120.103058 55.342804, -120.102582 55.342936, -120.102267 55.343188, -120.102233 55.34347, -120.102309 55.343707, -120.10223 55.343902, -120.101812 55.344112, -120.101275 55.344314, -120.100979 55.344614, -120.101221 55.344929, -120.101609 55.345184, -120.102026 55.345405, -120.102448 55.345506, -120.102803 55.345299, -120.102916 55.344984, -120.103038 55.344645, -120.103249 55.344328, -120.103515 55.344054, -120.103559 55.3438, -120.103412 55.343601, -120.103251 55.343429, -120.103456 55.343221, -120.103947 55.343022, -120.104294 55.342774, -120.104455 55.342525, -120.104584 55.34227, -120.104666 55.342028, -120.10474 55.341872, -120.10483 55.341609, -120.104857 55.34141, -120.104901 55.341093, -120.104876 55.340723, -120.104662 55.340542, -120.104302 55.340379, -120.103991 55.340302, -120.103822 55.340215, -120.103936 55.340072, -120.104094 55.339926, -120.104194 55.339818, -120.104336 55.339706, -120.104451 55.339601, -120.104466 55.339477, -120.104568 55.339302, -120.104748 55.339107, -120.10478 55.338912, -120.104633 55.338762, -120.104327 55.338645, -120.103958 55.338565, -120.103605 55.338551, -120.103342 55.338609, -120.103154 55.338633, -120.103108 55.338532, -120.1032 55.338397, -120.10338 55.33823, -120.103446 55.338023, -120.103401 55.337843, -120.103466 55.337723, -120.103696 55.33775, -120.103954 55.337815, -120.104282 55.337842, -120.104618 55.337883, -120.104878 55.337989, -120.105091 55.33798, -120.105155 55.337871, -120.105211 55.337735, -120.10541 55.337649, -120.105611 55.337626, -120.105808 55.337726, -120.106064 55.337816, -120.106213 55.337749, -120.106257 55.33767, -120.106294 55.337584, -120.106297 55.337443, -120.106179 55.337335, -120.105948 55.337265, -120.105795 55.337185, -120.105745 55.337096, -120.105711 55.336978, -120.105656 55.336863, -120.105547 55.33677, -120.105542 55.336687, -120.105487 55.336552, -120.105405 55.336417, -120.105361 55.336276, -120.10537 55.336149, -120.105302 55.336033, -120.105057 55.336, -120.104892 55.335926, -120.104764 55.33579, -120.104701 55.335649, -120.104611 55.335525, -120.104492 55.335415, -120.104441 55.335296, -120.104417 55.33516, -120.104281 55.335135, -120.104101 55.335214, -120.103828 55.335235, -120.103569 55.3352, -120.103314 55.335148, -120.103074 55.335078, -120.102798 55.334991, -120.102533 55.334948, -120.102262 55.334968, -120.102034 55.335022, -120.101778 55.335044, -120.101533 55.335085, -120.10132 55.335137, -120.101074 55.335135, -120.10076 55.335138, -120.100398 55.335157, -120.100021 55.335211, -120.099743 55.335218, -120.099523 55.335131, -120.099433 55.335041, -120.099408 55.334951, -120.09949 55.334843, -120.099587 55.334789, -120.099754 55.33477, -120.099886 55.334792, -120.100068 55.334782, -120.10018 55.33468, -120.100316 55.334581, -120.100454 55.334521, -120.100575 55.33443, -120.100645 55.334326, -120.100733 55.334233, -120.100824 55.334132, -120.100866 55.334013, -120.10088 55.333907, -120.100891 55.33381, -120.100739 55.33378, -120.10059 55.33382, -120.10041 55.33383, -120.100246 55.333803, -120.100095 55.333714, -120.099868 55.333609, -120.09964 55.333497, -120.099437 55.333466, -120.099231 55.333441, -120.09899 55.333402, -120.09873 55.333419, -120.098522 55.333476, -120.098351 55.333526, -120.09819 55.333548, -120.098077 55.33362, -120.098038 55.333709, -120.09794 55.333779, -120.097858 55.333818, -120.097733 55.333839, -120.097559 55.333844, -120.097402 55.333858, -120.097236 55.333866, -120.097052 55.333913, -120.096907 55.333994, -120.096779 55.334072, -120.096627 55.334068, -120.096517 55.334018, -120.096388 55.333892, -120.096269 55.333751, -120.096217 55.333678, -120.09653 55.333487, -120.096621 55.333446, -120.096847 55.3333, -120.097082 55.333162, -120.097353 55.333069, -120.097713 55.333095, -120.098074 55.333126, -120.098424 55.333107, -120.098742 55.332975, -120.098996 55.332787, -120.099273 55.332621, -120.099524 55.332499, -120.099695 55.332377, -120.099678 55.332264, -120.099562 55.33213, -120.099295 55.331807, -120.099518 55.331657, -120.099551 55.331616, -120.100304 55.331145, -120.101141 55.330618, -120.101849 55.330184, -120.102053 55.330084, -120.102529 55.329822, -120.103008 55.329506, -120.103396 55.329232, -120.103475 55.329176, -120.103918 55.328881, -120.10427 55.328638, -120.104705 55.328496, -120.105207 55.328531, -120.105777 55.328651, -120.10636 55.328707, -120.106783 55.32873, -120.107282 55.328743, -120.108097 55.328742, -120.108888 55.328743, -120.109603 55.328747, -120.110323 55.328762, -120.111081 55.328808, -120.111912 55.328847, -120.112737 55.328845, -120.113525 55.328779, -120.114308 55.328685, -120.115138 55.328623, -120.116058 55.328595, -120.117103 55.328622, -120.118118 55.32863, -120.11906 55.328644, -120.119953 55.328675, -120.120808 55.328695, -120.121587 55.328693, -120.122337 55.328701, -120.123049 55.328776, -120.123736 55.32889, -120.124419 55.328919, -120.125129 55.328781, -120.12577 55.328547, -120.126446 55.328328, -120.127197 55.328226, -120.127987 55.328232, -120.128784 55.328258, -120.129664 55.328273, -120.130618 55.328278, -120.131608 55.328276, -120.132674 55.32826, -120.133772 55.328238, -120.134861 55.328223, -120.135901 55.328219, -120.136922 55.328216, -120.137614 55.328228, -120.137654 55.328227, -120.138408 55.328238, -120.139161 55.32826, -120.139911 55.32828, -120.140268 55.328298, -120.140891 55.328301, -120.141829 55.328297, -120.142745 55.328291, -120.143672 55.328297, -120.144605 55.328303, -120.145524 55.328304, -120.146427 55.328312, -120.146631 55.32832, -120.146949 55.328317, -120.147649 55.328361, -120.148014 55.3284, -120.148176 55.328413, -120.149046 55.328423, -120.149591 55.328408, -120.149781 55.328405, -120.150389 55.328395, -120.151198 55.32838, -120.151997 55.3284, -120.152765 55.328404, -120.153548 55.328405, -120.154318 55.328403, -120.155081 55.328399, -120.155824 55.328404, -120.156526 55.328393, -120.157212 55.328396, -120.157894 55.328385, -120.158557 55.328387, -120.159183 55.328378, -120.159786 55.328382, -120.160391 55.328381, -120.160962 55.328382, -120.161554 55.328389, -120.16222 55.328385, -120.162906 55.328386, -120.163616 55.328393, -120.163874 55.328399, -120.164301 55.32841, -120.164962 55.328414, -120.165626 55.328392, -120.165803 55.328369, -120.166264 55.328307, -120.166888 55.328211, -120.167519 55.328116, -120.168069 55.32812, -120.168501 55.328165, -120.168799 55.328239, -120.169031 55.32833, -120.169246 55.328425, -120.169498 55.328603, -120.169818 55.328857, -120.170022 55.329026, -120.170211 55.329182, -120.170608 55.329526, -120.170987 55.329862, -120.171186 55.330056, -120.171302 55.330169, -120.171535 55.33046, -120.171677 55.330622, -120.171806 55.330765, -120.171991 55.330986, -120.172134 55.331226, -120.172198 55.331393, -120.172305 55.331676, -120.172475 55.331943, -120.172671 55.332188, -120.172725 55.332254, -120.172845 55.332467, -120.172937 55.332548, -120.173028 55.332707, -120.173106 55.332996, -120.173103 55.333008, -120.173067 55.33319, -120.172913 55.333232, -120.172769 55.333217, -120.172717 55.333202, -120.172561 55.333155, -120.172348 55.333031, -120.172134 55.332869, -120.171978 55.332714, -120.171847 55.332576, -120.171809 55.332445, -120.171881 55.332342, -120.171996 55.3322, -120.171979 55.332055, -120.171802 55.331942, -120.171609 55.331837, -120.171416 55.331729, -120.171219 55.331615, -120.171088 55.331461, -120.171073 55.33132, -120.17111 55.331193, -120.171198 55.331074, -120.171233 55.330954, -120.171177 55.330858, -120.171068 55.330769, -120.170922 55.330682, -120.17079 55.330618, -120.170667 55.330557, -120.170555 55.330476, -120.170397 55.330406, -120.17027 55.330346, -120.170178 55.330301, -120.170048 55.330248, -120.16997 55.330198, -120.169864 55.330136, -120.16976 55.330115, -120.169659 55.33009, -120.169511 55.330044, -120.16941 55.330005, -120.169277 55.32992, -120.169095 55.329873, -120.168901 55.329846, -120.168825 55.329793, -120.168796 55.329684, -120.168831 55.329538, -120.16878 55.329401, -120.168657 55.329255, -120.168435 55.329128, -120.168247 55.32904, -120.168115 55.328989, -120.16806 55.328966, -120.167154 55.328938, -120.167103 55.328948, -120.166994 55.328933, -120.16631 55.328912, -120.166193 55.32893, -120.165943 55.328956, -120.16569 55.328937, -120.165461 55.328957, -120.165208 55.328999, -120.164926 55.329033, -120.164704 55.329059, -120.164484 55.329092, -120.164299 55.329165, -120.164195 55.3293, -120.164169 55.329407, -120.164125 55.329405, -120.163978 55.329384, -120.163736 55.329366, -120.16356 55.329359, -120.163421 55.329388, -120.163183 55.329428, -120.162986 55.329504, -120.162876 55.329528, -120.162788 55.329531, -120.162672 55.329481, -120.162618 55.329389, -120.16251 55.329269, -120.162371 55.329164, -120.162252 55.329056, -120.162142 55.328915, -120.161993 55.328835, -120.161808 55.328829, -120.161614 55.328883, -120.161449 55.328867, -120.16134 55.328802, -120.161278 55.328758, -120.159775 55.328712, -120.159756 55.328717, -120.15959 55.328765, -120.15944 55.328816, -120.159332 55.328859, -120.159208 55.32891, -120.159047 55.328976, -120.158976 55.329041, -120.158865 55.329046, -120.158756 55.329005, -120.158629 55.328918, -120.158523 55.328793, -120.158366 55.328669, -120.15746 55.328641, -120.157406 55.32865, -120.157241 55.32867, -120.157082 55.328733, -120.156964 55.328773, -120.156818 55.328796, -120.156693 55.328811, -120.156496 55.32881, -120.15637 55.328813, -120.156188 55.328801, -120.156027 55.328791, -120.1559 55.328818, -120.155766 55.328865, -120.155591 55.328929, -120.155409 55.328967, -120.155251 55.328985, -120.155084 55.329027, -120.154978 55.329102, -120.154834 55.329162, -120.154735 55.329234, -120.154646 55.329304, -120.154506 55.329366, -120.154409 55.329447, -120.154334 55.329507, -120.154206 55.329579, -120.154147 55.329688, -120.153993 55.329736, -120.153832 55.329748, -120.153631 55.329739, -120.153447 55.329777, -120.153255 55.329776, -120.153097 55.32973, -120.152988 55.329664, -120.152907 55.329544, -120.152832 55.32941, -120.152704 55.329314, -120.152542 55.329263, -120.152374 55.329206, -120.152174 55.329104, -120.151921 55.328994, -120.15171 55.328955, -120.151457 55.32896, -120.151211 55.328979, -120.151033 55.328996, -120.15088 55.328969, -120.150699 55.328935, -120.150518 55.32888, -120.150298 55.328838, -120.150092 55.328834, -120.149888 55.328832, -120.149635 55.328845, -120.149456 55.32885, -120.149207 55.328846, -120.149091 55.328859, -120.149042 55.328925, -120.148953 55.329062, -120.14882 55.329179, -120.14861 55.329204, -120.148347 55.329186, -120.148066 55.329159, -120.147782 55.329127, -120.147557 55.329124, -120.147362 55.329106, -120.147188 55.329079, -120.147035 55.329039, -120.146787 55.328998, -120.146504 55.328966, -120.146236 55.32896, -120.146039 55.328977, -120.145909 55.329009, -120.145767 55.32904, -120.145636 55.329079, -120.145479 55.329175, -120.145343 55.329299, -120.145232 55.329385, -120.145075 55.32944, -120.144925 55.32949, -120.144896 55.329585, -120.145012 55.3297, -120.145049 55.329771, -120.144975 55.329813, -120.144816 55.329876, -120.144656 55.329934, -120.144538 55.329991, -120.144428 55.330051, -120.144294 55.330115, -120.144173 55.330198, -120.144051 55.330218, -120.143881 55.330257, -120.143788 55.330322, -120.143724 55.330402, -120.14367 55.330463, -120.143644 55.330552, -120.143559 55.330626, -120.143496 55.330658, -120.14336 55.330685, -120.143257 55.330694, -120.143146 55.330691, -120.143005 55.330674, -120.142959 55.330669, -120.142921 55.33062, -120.142879 55.330543, -120.142835 55.330446, -120.142765 55.330327, -120.142715 55.330238, -120.142655 55.330146, -120.14246 55.330109, -120.14223 55.330123, -120.142079 55.330163, -120.141956 55.330152, -120.141806 55.330115, -120.141691 55.330101, -120.141537 55.330086, -120.141365 55.330059, -120.141165 55.33003, -120.140969 55.330014, -120.140767 55.330022, -120.140613 55.330048, -120.140439 55.330097, -120.140313 55.330127, -120.140254 55.330108, -120.140215 55.330035, -120.140204 55.329954, -120.14019 55.32987, -120.140295 55.329773, -120.140393 55.329717, -120.140565 55.329657, -120.140763 55.329577, -120.140959 55.329492, -120.1412 55.329498, -120.141491 55.32958, -120.141824 55.329609, -120.142066 55.329536, -120.142109 55.329432, -120.141973 55.329352, -120.141819 55.329298, -120.141671 55.329255, -120.141546 55.329216, -120.141421 55.329176, -120.141348 55.329156, -120.141221 55.329129, -120.14112 55.32911, -120.140985 55.329074, -120.140721 55.329009, -120.140504 55.329018, -120.14029 55.329066, -120.140126 55.329123, -120.140007 55.329154, -120.139855 55.329171, -120.139631 55.329182, -120.139367 55.329209, -120.139163 55.329256, -120.13896 55.329348, -120.138812 55.329452, -120.138661 55.329566, -120.138503 55.329692, -120.138379 55.32981, -120.13833 55.329912, -120.138335 55.330032, -120.138347 55.330156, -120.13841 55.330265, -120.138459 55.33036, -120.138435 55.330458, -120.138381 55.330554, -120.138355 55.330651, -120.138249 55.330697, -120.13807 55.330663, -120.137945 55.330629, -120.137851 55.330581, -120.137747 55.330514, -120.137587 55.330411, -120.137428 55.330361, -120.137313 55.330369, -120.137215 55.330445, -120.13711 55.330542, -120.137 55.33067, -120.136992 55.330778, -120.136984 55.330881, -120.13706 55.330991, -120.137196 55.331083, -120.137228 55.331184, -120.137261 55.331252, -120.137235 55.331327, -120.137136 55.331374, -120.137044 55.33143, -120.137046 55.331499, -120.137103 55.331604, -120.137149 55.331699, -120.137089 55.33174, -120.136935 55.331773, -120.136768 55.331795, -120.136608 55.331796, -120.136477 55.331766, -120.136349 55.331741, -120.1362 55.33173, -120.136045 55.33171, -120.135907 55.331701, -120.1358 55.331692, -120.135673 55.331679, -120.135526 55.331681, -120.135392 55.33169, -120.135284 55.331703, -120.135167 55.331727, -120.13499 55.331787, -120.134853 55.33188, -120.134795 55.331985, -120.134675 55.332015, -120.134561 55.332016, -120.134443 55.332007, -120.13426 55.332004, -120.13409 55.332, -120.133953 55.332045, -120.133882 55.332082, -120.133729 55.332056, -120.133598 55.332033, -120.133492 55.332043, -120.133317 55.332026, -120.133106 55.332006, -120.132917 55.33198, -120.132765 55.332007, -120.13264 55.332047, -120.132486 55.332001, -120.132251 55.331943, -120.132105 55.331958, -120.131972 55.332011, -120.13188 55.332046, -120.131696 55.332034, -120.131534 55.331996, -120.131373 55.331973, -120.131174 55.332023, -120.130968 55.332137, -120.130769 55.332265, -120.130545 55.332367, -120.130295 55.332449, -120.130083 55.332546, -120.129985 55.33269, -120.130148 55.332814, -120.130306 55.332977, -120.13032 55.333094, -120.130399 55.333161, -120.130566 55.333219, -120.130704 55.333316, -120.130749 55.333438, -120.130861 55.333571, -120.131 55.33365, -120.131175 55.333705, -120.131306 55.333752, -120.131367 55.333837, -120.131416 55.333952, -120.131434 55.33406, -120.13138 55.334125, -120.131167 55.33421, -120.130959 55.334298, -120.130816 55.334371, -120.130719 55.334466, -120.130565 55.334615, -120.13046 55.334815, -120.130451 55.335006, -120.130354 55.335124, -120.130145 55.335219, -120.130009 55.335371, -120.129989 55.335586, -120.130083 55.335828, -120.130339 55.336016, -120.130759 55.336151, -120.131248 55.336267, -120.131586 55.336364, -120.132134 55.33649, -120.132687 55.336648, -120.133404 55.336731, -120.134052 55.336727, -120.134589 55.336752, -120.134936 55.336896, -120.135192 55.337067, -120.135532 55.337154, -120.135917 55.337183, -120.136295 55.337187, -120.13666 55.337175, -120.137034 55.337136, -120.137364 55.33708, -120.137617 55.337072, -120.137832 55.337086, -120.138109 55.337119, -120.138365 55.337172, -120.13858 55.337198, -120.138805 55.337244, -120.13908 55.337301, -120.13936 55.337327, -120.13961 55.33735, -120.13987 55.337393, -120.14012 55.33746, -120.140338 55.337535, -120.140601 55.337591, -120.140831 55.337671, -120.141057 55.337743, -120.141277 55.337775, -120.141469 55.337864, -120.141554 55.338031, -120.1416 55.338226, -120.141683 55.338384, -120.141874 55.338443, -120.142095 55.338427, -120.142321 55.338422, -120.142562 55.338406, -120.142752 55.338367, -120.142946 55.338324, -120.143154 55.338262, -120.143368 55.338186, -120.143602 55.338087, -120.143803 55.33799, -120.144001 55.337896, -120.144204 55.337834, -120.144341 55.33779, -120.144482 55.337754, -120.144708 55.337704, -120.144959 55.337701, -120.14518 55.3377, -120.145415 55.337721, -120.145613 55.337742, -120.145824 55.337743, -120.146062 55.337737, -120.146294 55.337706, -120.146561 55.337639, -120.146777 55.337569, -120.146963 55.337507, -120.147117 55.337464, -120.147278 55.337387, -120.14753 55.337341, -120.147804 55.337315, -120.148085 55.337374, -120.148378 55.337491, -120.148582 55.337571, -120.148746 55.337649, -120.148929 55.337727, -120.149112 55.337817, -120.149301 55.337928, -120.149509 55.338034, -120.149771 55.338119, -120.149911 55.338184, -120.149956 55.33826, -120.150098 55.338315, -120.150231 55.338402, -120.150295 55.338527, -120.150417 55.338667, -120.150619 55.338816, -120.150865 55.338966, -120.151137 55.339068, -120.151559 55.339091, -120.152012 55.339074, -120.152345 55.33908, -120.152468 55.339125, -120.15252 55.339182, -120.152632 55.339267, -120.15275 55.339332, -120.152844 55.339416, -120.152946 55.339509, -120.152947 55.33958, -120.152946 55.339657, -120.152919 55.339778, -120.152935 55.339942, -120.153051 55.340095, -120.153184 55.340222, -120.153281 55.340354, -120.153294 55.340513, -120.153299 55.340662, -120.153289 55.340829, -120.153269 55.341002, -120.153232 55.341155, -120.153195 55.341294, -120.153198 55.341431, -120.153183 55.341594, -120.153177 55.341758, -120.153191 55.341918, -120.153126 55.342053, -120.153059 55.342147, -120.152953 55.342261, -120.152792 55.342418, -120.152613 55.34261, -120.152456 55.342788, -120.152382 55.342949, -120.152325 55.343102, -120.152276 55.343253, -120.152304 55.343383, -120.152459 55.343517, -120.152646 55.343662, -120.152879 55.343799, -120.153146 55.343915, -120.153377 55.344005, -120.153609 55.344076, -120.153845 55.344146, -120.154048 55.344214, -120.154269 55.34426, -120.154522 55.344315, -120.154731 55.344401, -120.154974 55.344497, -120.155226 55.344572, -120.155379 55.344613, -120.155589 55.344694, -120.155669 55.34477, -120.15576 55.344897, -120.155847 55.344997, -120.156006 55.345143, -120.156207 55.345244, -120.15641 55.345348, -120.156644 55.345483, -120.156885 55.345645, -120.157089 55.345762, -120.157266 55.345871, -120.157413 55.345978, -120.157561 55.346079, -120.157732 55.346184, -120.158005 55.346329, -120.158351 55.346525, -120.158744 55.346728, -120.159148 55.346932, -120.159505 55.347108, -120.159801 55.347256, -120.160028 55.347397, -120.16024 55.347533, -120.16041 55.347676, -120.160535 55.347838, -120.160645 55.347991, -120.160751 55.348127, -120.160831 55.348272, -120.160858 55.34845, -120.160974 55.348601, -120.161178 55.348754, -120.16137 55.348935, -120.1616 55.349157, -120.16181 55.349347, -120.161993 55.349462, -120.162225 55.349532, -120.162533 55.34959, -120.162847 55.349659, -120.163222 55.349732, -120.163631 55.349751, -120.164024 55.349728, -120.164411 55.349708, -120.164761 55.349692, -120.164999 55.349687, -120.165188 55.349688, -120.165469 55.349711, -120.165674 55.349729, -120.165912 55.349765, -120.166088 55.34981, -120.166222 55.349844, -120.166442 55.349924, -120.166626 55.349975, -120.166852 55.350051, -120.167148 55.350237, -120.167464 55.350464, -120.167709 55.350711, -120.167994 55.350952, -120.168441 55.351122, -120.169086 55.351175, -120.169795 55.351161, -120.170505 55.351123, -120.171144 55.351119, -120.171792 55.351119, -120.17246 55.351174, -120.173178 55.351285, -120.173826 55.351496, -120.174509 55.351715, -120.175239 55.351925, -120.175604 55.352005, -120.175691 55.352058, -120.175795 55.352124, -120.175918 55.352189, -120.176008 55.352263, -120.176081 55.352319, -120.176295 55.352431, -120.176417 55.35248, -120.176539 55.352527, -120.176646 55.352592, -120.176859 55.352706, -120.176982 55.352762, -120.177087 55.352819, -120.177102 55.352819, -120.177212 55.352857, -120.177318 55.352906, -120.177409 55.352953, -120.177564 55.35301, -120.177656 55.353048, -120.17784 55.353107, -120.177948 55.353127, -120.178042 55.353146, -120.17812 55.353166, -120.178213 55.353186, -120.178245 55.353188, -120.178307 55.353198, -120.178402 55.353199, -120.178511 55.353212, -120.178604 55.353232, -120.178712 55.353252, -120.178837 55.353273, -120.178931 55.353302, -120.179024 55.353322, -120.179119 55.353333, -120.179212 55.353353, -120.179322 55.353364, -120.179414 55.353376, -120.179524 55.353387, -120.179618 55.353399, -120.179728 55.35341, -120.179837 55.353413, -120.179947 55.353424, -120.180293 55.353433, -120.180389 55.353426, -120.180404 55.353426, -120.180485 55.353418, -120.180562 55.35342, -120.180722 55.353416, -120.180879 55.353418, -120.180973 55.353421, -120.181145 55.353443, -120.181225 55.353444, -120.181303 55.353447, -120.181397 55.353467, -120.181704 55.353582, -120.181773 55.353615, -120.182081 55.353914, -120.182087 55.353941, -120.182077 55.354102, -120.182057 55.354165, -120.182036 55.354219, -120.182001 55.35428, -120.181981 55.354343, -120.181976 55.354405, -120.181957 55.35446, -120.181936 55.354514, -120.181917 55.354558, -120.181916 55.354602, -120.181927 55.354656, -120.181924 55.35471, -120.181935 55.354774, -120.181945 55.354837, -120.181942 55.354891, -120.181966 55.355008, -120.181962 55.355062, -120.181972 55.355125, -120.181983 55.355189, -120.182011 55.355251, -120.182041 55.355288, -120.182056 55.355298, -120.182097 55.355353, -120.182157 55.3554, -120.182277 55.355509, -120.18232 55.355556, -120.182349 55.35561, -120.182392 55.355656, -120.182438 55.355701, -120.18254 55.355786, -120.182662 55.35587, -120.182705 55.355915, -120.182749 55.355971, -120.182838 55.356035, -120.182879 55.356126, -120.182872 55.356224, -120.18287 55.35627, -120.182849 55.356322, -120.182861 55.356377, -120.182875 55.356405, -120.182889 55.356432, -120.182932 55.356478, -120.18301 55.356525, -120.183146 55.3566, -120.183286 55.356639, -120.183379 55.356669, -120.183485 55.356697, -120.183565 55.356708, -120.18366 55.35671, -120.183753 55.356713, -120.183848 55.356724, -120.183943 55.356725, -120.184035 55.356737, -120.184131 55.35674, -120.184209 55.35675, -120.184286 55.356761, -120.184443 55.356764, -120.184478 55.356765, -120.184522 55.356767, -120.184662 55.356787, -120.185041 55.356797, -120.185088 55.356797, -120.18512 55.356798, -120.185215 55.3568, -120.185324 55.356811, -120.185418 55.356814, -120.185497 55.356807, -120.185861 55.356815, -120.185955 55.356808, -120.186096 55.356821, -120.186236 55.356842, -120.186314 55.356852, -120.186411 55.356855, -120.186549 55.356885, -120.186675 55.356905, -120.186828 55.356945, -120.186923 55.356956, -120.187096 55.35696, -120.187239 55.356955, -120.187394 55.356976, -120.187568 55.35698, -120.187646 55.35699, -120.187802 55.35703, -120.187878 55.357059, -120.187971 55.357079, -120.18808 55.357109, -120.188173 55.357129, -120.188249 55.357157, -120.188344 55.357178, -120.188422 55.357188, -120.188516 55.357191, -120.18867 55.35723, -120.188811 55.35727, -120.188872 55.357289, -120.188965 55.357309, -120.189137 55.357331, -120.189231 55.357334, -120.189327 55.357344, -120.189402 55.357364, -120.189497 55.357375, -120.189591 55.357378, -120.189671 55.357388, -120.18975 55.357391, -120.189908 55.357385, -120.189985 55.357386, -120.190066 55.357379, -120.190158 55.357391, -120.190301 55.357402, -120.190503 55.357425, -120.190598 55.357419, -120.190678 55.35742, -120.190772 55.357432, -120.190913 55.357426, -120.191007 55.357428, -120.191088 55.357421, -120.191182 55.357423, -120.191261 55.357416, -120.191404 55.357401, -120.191485 55.357393, -120.19158 55.357378, -120.191802 55.357365, -120.192055 55.357354, -120.192151 55.357346, -120.192246 55.357348, -120.192388 55.357334, -120.192484 55.357327, -120.192563 55.357319, -120.192673 55.357304, -120.192755 55.35728, -120.192836 55.357262, -120.193462 55.357097, -120.193683 55.357084, -120.193795 55.35706, -120.193813 55.35706, -120.193891 55.357053, -120.193987 55.357047, -120.194156 55.357066, -120.19431 55.357004, -120.194797 55.356816, -120.195201 55.35666, -120.19611 55.35635, -120.197027 55.356116, -120.197959 55.356006, -120.198832 55.35612, -120.199493 55.356453, -120.199833 55.356937, -120.200428 55.35765, -120.200405 55.358723, -120.200267 55.359716, -120.199737 55.360576, -120.198725 55.361206, -120.197371 55.361614, -120.19595 55.361852, -120.194568 55.361908, -120.193258 55.361844, -120.191996 55.361667, -120.190685 55.361506, -120.189406 55.361693, -120.188435 55.362151, -120.187483 55.362644, -120.186359 55.362883, -120.185001 55.362819, -120.183649 55.362768, -120.182336 55.36287, -120.181149 55.363067, -120.180474 55.363225, -120.179872 55.363311, -120.178737 55.363313, -120.177407 55.363572, -120.17648 55.363789, -120.175536 55.364065, -120.174124 55.364521, -120.17271 55.364987, -120.171302 55.365467, -120.169863 55.366033, -120.168423 55.366595, -120.16694 55.36705, -120.165475 55.367254, -120.164065 55.367088, -120.162604 55.366949, -120.161276 55.367187, -120.160416 55.367797, -120.159628 55.368411, -120.158802 55.368995, -120.158031 55.369502, -120.157189 55.369819, -120.156239 55.369738, -120.155457 55.369358, -120.154952 55.36882, -120.15447 55.368236, -120.153518 55.367908, -120.152295 55.367818, -120.150977 55.367835, -120.149922 55.368025, -120.149176 55.367976, -120.148821 55.367541, -120.14899 55.366877, -120.149628 55.366145, -120.150396 55.365409, -120.150506 55.364569, -120.149688 55.364155, -120.148649 55.364347, -120.147518 55.364919, -120.146384 55.365511, -120.145203 55.366021, -120.143899 55.366415, -120.142668 55.366839, -120.141476 55.36723, -120.14031 55.36753, -120.139339 55.368003, -120.1387 55.368688, -120.138305 55.369141, -120.137514 55.369699, -120.136806 55.36981, -120.136173 55.369661, -120.135754 55.369363, -120.135573 55.368937, -120.135355 55.368469, -120.134921 55.368057, -120.133941 55.367631, -120.13315 55.367445, -120.132313 55.367341, -120.131518 55.367378, -120.13088 55.36761, -120.130372 55.368016, -120.129794 55.368437, -120.129056 55.368804, -120.12826 55.36919, -120.127467 55.36961, -120.126661 55.370002, -120.125747 55.37029, -120.124751 55.370501, -120.123814 55.370437, -120.122663 55.370055, -120.12226 55.369525, -120.12196 55.368923, -120.121436 55.368361, -120.120651 55.367924, -120.119624 55.367656, -120.118504 55.367484, -120.117376 55.367345, -120.11624 55.367225, -120.115114 55.367112, -120.114 55.367036, -120.112882 55.366999, -120.111193 55.366999, -120.109502 55.366992, -120.108339 55.367091, -120.107292 55.367363, -120.10765 55.371056, -120.107654 55.371914, -120.107501 55.372471, -120.107189 55.372977, -120.106612 55.37333, -120.105706 55.37342, -120.104718 55.373401, -120.103788 55.37331, -120.10312 55.373025, -120.102728 55.372368, -120.102601 55.371867, -120.102036 55.371412, -120.100309 55.3715, -120.099044 55.371782, -120.097118 55.372395, -120.09584 55.372871, -120.094644 55.373406, -120.093559 55.374019, -120.092652 55.374694, -120.091528 55.375767, -120.090912 55.376468, -120.090345 55.377134, -120.089504 55.378071, -120.088945 55.378677, -120.088363 55.379278, -120.087705 55.379855, -120.086966 55.380402, -120.08621 55.380949, -120.085419 55.381512, -120.084627 55.382059, -120.083783 55.382574, -120.082873 55.383039, -120.081864 55.383458, -120.080747 55.383794, -120.079582 55.384087, -120.078609 55.384535, -120.078006 55.385126, -120.077825 55.385755, -120.077959 55.386344, -120.078421 55.386858, -120.079188 55.387237, -120.080022 55.38755, -120.080876 55.387832, -120.081708 55.388069, -120.082482 55.388221, -120.083444 55.388366, -120.083891 55.388454, -120.084373 55.388778, -120.084665 55.389224, -120.08503 55.390005, -120.08522 55.390571, -120.08552 55.39117, -120.086009 55.391774, -120.086039 55.392166, -120.085685 55.392416, -120.085045 55.392408, -120.084319 55.392239, -120.083525 55.391973, -120.082705 55.391649, -120.081901 55.391293, -120.081156 55.390924, -120.080469 55.390548, -120.079758 55.390235, -120.079005 55.390065, -120.078322 55.389975, -120.077718 55.390038, -120.077307 55.39028, -120.076894 55.390572, -120.076412 55.390929, -120.075538 55.391506, -120.074657 55.392117, -120.074325 55.392895, -120.074068 55.39367, -120.07353 55.394038, -120.072855 55.394334, -120.072181 55.394581, -120.071534 55.394668, -120.071001 55.394483, -120.070594 55.394077, -120.070244 55.393572, -120.06996 55.393012, -120.06967 55.392435, -120.06925 55.391909, -120.068687 55.391468, -120.067954 55.391212, -120.067131 55.391185, -120.066471 55.391404, -120.066227 55.391792, -120.066237 55.392253, -120.06611 55.39264, -120.065782 55.392885, -120.065238 55.39297, -120.064605 55.392892, -120.063921 55.392691, -120.063151 55.392465, -120.062339 55.392221, -120.061532 55.391944, -120.060746 55.391641, -120.060008 55.39131, -120.059014 55.390791, -120.058366 55.390495, -120.057643 55.390367, -120.056845 55.390406, -120.055532 55.390558, -120.054592 55.390673, -120.053801 55.390965, -120.053251 55.391464, -120.05287 55.392025, -120.05252 55.392608, -120.052068 55.393126, -120.05148 55.393542, -120.050721 55.393706, -120.049892 55.393594, -120.049133 55.393319, -120.048467 55.392965, -120.047986 55.392541, -120.047776 55.392051, -120.047671 55.391528, -120.04763 55.390745, -120.047657 55.390225))"
21,2023-06-23 10:31:00,2023061801,2023,25065.9,Non-corrected ground GPS,1687071600000,1687129711000,Fire of Note,JA70003000,250658965.6853,113763.2768,82,86e5bbcc-449d-4a28-be0d-cd44b72aabdb,766915736.679688,199108.453881452,https://wildfiresituation.nrs.gov.bc.ca/incidents?fireYear=2023&incidentNumber=G70645,"MULTIPOLYGON (((-120.470413 55.183268, -120.470194 55.183217, -120.469963 55.182635, -120.469464 55.182169, -120.468584 55.182002, -120.467556 55.182104, -120.466473 55.182333, -120.465847 55.182553, -120.464646 55.182973, -120.464029 55.182982, -120.463999 55.182723, -120.463957 55.182374, -120.46276 55.18265, -120.461204 55.182967, -120.460086 55.183397, -120.459632 55.183238, -120.459784 55.182962, -120.459988 55.182592, -120.461422 55.181041, -120.461923 55.180489, -120.463123 55.179564, -120.462547 55.179261, -120.460708 55.179736, -120.458094 55.180283, -120.456541 55.180855, -120.455398 55.181641, -120.454375 55.182384, -120.454028 55.18252, -120.453525 55.182717, -120.452491 55.182626, -120.451825 55.182594, -120.451481 55.182577, -120.450837 55.182262, -120.450587 55.182002, -120.449789 55.181619, -120.448666 55.181654, -120.447584 55.181965, -120.446469 55.182298, -120.445403 55.182583, -120.444881 55.182617, -120.443887 55.182576, -120.443448 55.182956, -120.443571 55.183465, -120.443162 55.183794, -120.441692 55.183745, -120.441459 55.183446, -120.44091 55.183333, -120.44008 55.18337, -120.439108 55.18307, -120.438281 55.182821, -120.437634 55.182855, -120.436703 55.183013, -120.435232 55.183257, -120.434348 55.183265, -120.433452 55.183333, -120.432604 55.183277, -120.43177 55.183036, -120.430846 55.182917, -120.429934 55.182968, -120.429352 55.182838, -120.429519 55.182517, -120.43028 55.182312, -120.431287 55.182222, -120.432331 55.182197, -120.433312 55.182267, -120.434133 55.182196, -120.434464 55.181824, -120.433771 55.181094, -120.433707 55.18075, -120.433974 55.180332, -120.433246 55.180404, -120.432021 55.181005, -120.431271 55.181159, -120.42994 55.181028, -120.428493 55.18159, -120.427832 55.18197, -120.427537 55.182459, -120.427182 55.183178, -120.426626 55.183219, -120.426517 55.183227, -120.425429 55.18266, -120.425823 55.181582, -120.426628 55.180947, -120.426939 55.180604, -120.426482 55.180188, -120.426031 55.179848, -120.426317 55.179553, -120.427195 55.179399, -120.428195 55.179311, -120.429167 55.179306, -120.430009 55.179465, -120.430559 55.179276, -120.431862 55.178833, -120.433073 55.178337, -120.434102 55.177727, -120.434848 55.176981, -120.435225 55.176128, -120.435246 55.175227, -120.435044 55.174313, -120.434817 55.173402, -120.434806 55.172476, -120.435152 55.171569, -120.43581 55.170727, -120.436713 55.169981, -120.437712 55.169295, -120.438722 55.168623, -120.439692 55.167948, -120.440633 55.167284, -120.441528 55.166612, -120.44232 55.16592, -120.442964 55.165193, -120.443409 55.164426, -120.443579 55.163618, -120.443425 55.162807, -120.44294 55.162021, -120.442192 55.16131, -120.441377 55.160627, -120.440678 55.159927, -120.44029 55.159139, -120.440338 55.158307, -120.440856 55.157517, -120.441802 55.15683, -120.443055 55.156272, -120.444406 55.155798, -120.44579 55.155335, -120.447201 55.154864, -120.448631 55.154406, -120.450103 55.154009, -120.45234 55.153503, -120.453851 55.153188, -120.456135 55.152746, -120.457671 55.152505, -120.459221 55.152273, -120.461527 55.151848, -120.463025 55.151466, -120.464463 55.151022, -120.465838 55.150524, -120.467183 55.15001, -120.468546 55.149526, -120.469993 55.149167, -120.471494 55.149032, -120.472981 55.149077, -120.474441 55.149215, -120.475905 55.149359, -120.477428 55.149409, -120.478963 55.149341, -120.480496 55.14915, -120.48202 55.148883, -120.483539 55.148589, -120.485063 55.148284, -120.486595 55.147994, -120.488144 55.147775, -120.489695 55.14767, -120.491228 55.147691, -120.492746 55.14779, -120.494268 55.147884, -120.49584 55.147923, -120.497438 55.147863, -120.499043 55.147717, -120.50061 55.147525, -120.502169 55.147299, -120.503706 55.147065, -120.505263 55.146862, -120.506847 55.146713, -120.508431 55.146649, -120.510007 55.146685, -120.511555 55.146783, -120.513082 55.146908, -120.514592 55.147054, -120.516084 55.147217, -120.517551 55.147404, -120.518982 55.147605, -120.520354 55.147865, -120.521667 55.148187, -120.522933 55.14854, -120.524136 55.148918, -120.525271 55.149343, -120.526371 55.14979, -120.527453 55.150259, -120.528456 55.15078, -120.529369 55.15136, -120.530224 55.151967, -120.531022 55.152594, -120.531791 55.153206, -120.532595 55.153792, -120.533504 55.154296, -120.534631 55.154651, -120.535964 55.154799, -120.53743 55.154716, -120.539662 55.154358, -120.541145 55.154097, -120.543361 55.153849, -120.544818 55.153833, -120.546823 55.15415, -120.548561 55.154736, -120.549714 55.155111, -120.550981 55.155327, -120.552326 55.155305, -120.553641 55.154989, -120.554862 55.154479, -120.55607 55.153917, -120.557312 55.153366, -120.558571 55.152837, -120.559927 55.152386, -120.561376 55.152054, -120.562884 55.151826, -120.564388 55.151655, -120.565892 55.151471, -120.567384 55.151218, -120.56885 55.150871, -120.570264 55.150464, -120.571669 55.150033, -120.573075 55.14958, -120.574495 55.149144, -120.575921 55.148744, -120.577373 55.148389, -120.578815 55.148057, -120.580225 55.14772, -120.581602 55.147365, -120.58293 55.146993, -120.584238 55.14662, -120.585574 55.146266, -120.586936 55.145983, -120.588334 55.145785, -120.589742 55.145662, -120.591142 55.145598, -120.592519 55.145589, -120.593869 55.145626, -120.595214 55.145642, -120.596547 55.145561, -120.59783 55.145355, -120.599053 55.145025, -120.6002 55.144615, -120.60127 55.144148, -120.602192 55.143596, -120.602891 55.142975, -120.603386 55.142306, -120.603786 55.141648, -120.60421 55.141033, -120.604592 55.140444, -120.604698 55.139841, -120.604232 55.139298, -120.603226 55.138966, -120.601979 55.138843, -120.600677 55.138877, -120.599378 55.139011, -120.598077 55.139172, -120.596788 55.139346, -120.595508 55.139533, -120.594257 55.139699, -120.59304 55.139868, -120.591838 55.140034, -120.590698 55.140209, -120.589572 55.140422, -120.587964 55.140792, -120.586381 55.141166, -120.585383 55.141381, -120.584436 55.141456, -120.583576 55.141356, -120.582952 55.141033, -120.582758 55.140564, -120.583085 55.14008, -120.583911 55.139701, -120.584969 55.139443, -120.586077 55.139218, -120.587204 55.138969, -120.5883 55.138658, -120.589329 55.138245, -120.59021 55.137714, -120.590897 55.137081, -120.59142 55.136393, -120.591948 55.13572, -120.592618 55.13511, -120.593473 55.134593, -120.594442 55.134118, -120.595356 55.13359, -120.595984 55.132934, -120.596173 55.132188, -120.596047 55.131418, -120.595916 55.130653, -120.596071 55.129893, -120.596652 55.129188, -120.597657 55.128641, -120.598895 55.12823, -120.600193 55.127885, -120.601522 55.127575, -120.602841 55.127291, -120.604124 55.126971, -120.605363 55.126598, -120.606586 55.126237, -120.607844 55.125958, -120.609151 55.125835, -120.610486 55.125849, -120.611826 55.125892, -120.613165 55.125865, -120.614479 55.125664, -120.615721 55.125312, -120.616914 55.124881, -120.61809 55.124443, -120.619315 55.124068, -120.620567 55.123786, -120.62184 55.123588, -120.623102 55.123416, -120.624362 55.123238, -120.625614 55.123022, -120.626851 55.122764, -120.628043 55.122426, -120.629184 55.122016, -120.630261 55.121534, -120.631322 55.121049, -120.632412 55.12059, -120.633563 55.120188, -120.634805 55.119932, -120.636716 55.119886, -120.637943 55.12002, -120.639146 55.12023, -120.641001 55.120459, -120.642952 55.120221, -120.644194 55.11984, -120.64542 55.11944, -120.646685 55.119117, -120.647993 55.118925, -120.649316 55.118872, -120.650638 55.118961, -120.651906 55.119175, -120.653134 55.119456, -120.654344 55.119736, -120.655569 55.119946, -120.656818 55.120036, -120.658078 55.119954, -120.659292 55.119752, -120.6605 55.119558, -120.66173 55.11954, -120.662886 55.119767, -120.663726 55.120273, -120.66416 55.120932, -120.664378 55.121634, -120.664716 55.122336, -120.665355 55.122969, -120.666226 55.123512, -120.667222 55.123977, -120.66816 55.12443, -120.668841 55.124969, -120.669068 55.125588, -120.668853 55.126228, -120.668421 55.126867, -120.668068 55.127545, -120.667989 55.128243, -120.668284 55.12892, -120.668971 55.129524, -120.670039 55.129983, -120.671389 55.130261, -120.672898 55.1304, -120.67442 55.130506, -120.675883 55.130674, -120.67726 55.130973, -120.678472 55.131404, -120.679556 55.131902, -120.680678 55.132324, -120.681972 55.132549, -120.683402 55.132519, -120.68484 55.132263, -120.68625 55.13188, -120.687647 55.131429, -120.689024 55.130927, -120.690394 55.130395, -120.691747 55.129859, -120.693122 55.129361, -120.694535 55.128919, -120.695988 55.128531, -120.697457 55.128195, -120.698923 55.127889, -120.700394 55.127613, -120.701847 55.12737, -120.703276 55.127158, -120.705339 55.126874, -120.706644 55.126651, -120.708399 55.126122, -120.709299 55.125581, -120.710023 55.124539, -120.710207 55.123797, -120.710403 55.123086, -120.710781 55.122446, -120.711432 55.121923, -120.712447 55.1216, -120.713655 55.121562, -120.714891 55.121759, -120.716099 55.122091, -120.717335 55.122445, -120.718695 55.122693, -120.720149 55.122744, -120.72163 55.122631, -120.723136 55.122441, -120.724639 55.122264, -120.726123 55.122122, -120.727582 55.122037, -120.729009 55.122011, -120.730389 55.122003, -120.731713 55.121985, -120.732995 55.121923, -120.734208 55.121761, -120.73533 55.121423, -120.736326 55.120933, -120.737279 55.120366, -120.738242 55.119778, -120.739208 55.119196, -120.740159 55.118619, -120.741094 55.118036, -120.741917 55.117433, -120.742677 55.116799, -120.743372 55.116155, -120.744004 55.115494, -120.744658 55.11485, -120.745428 55.114268, -120.746388 55.113776, -120.747486 55.11339, -120.748648 55.113052, -120.749774 55.112706, -120.750867 55.112317, -120.751914 55.11189, -120.752947 55.111468, -120.754045 55.111127, -120.7552 55.110906, -120.756408 55.110813, -120.757638 55.110806, -120.758893 55.110852, -120.760163 55.110933, -120.761426 55.111048, -120.762689 55.111199, -120.763912 55.111409, -120.765083 55.111708, -120.766217 55.11203, -120.767347 55.112338, -120.768507 55.112566, -120.769703 55.112672, -120.77091 55.112694, -120.772129 55.112684, -120.773943 55.112776, -120.775099 55.112994, -120.776699 55.113524, -120.77781 55.113867, -120.779665 55.11425, -120.780901 55.114526, -120.782053 55.114905, -120.78306 55.115423, -120.783928 55.116032, -120.784695 55.116694, -120.785444 55.117373, -120.786218 55.118049, -120.78702 55.118722, -120.787847 55.119389, -120.78871 55.120019, -120.789643 55.120586, -120.790709 55.121053, -120.791923 55.121397, -120.793253 55.121591, -120.794692 55.121638, -120.79617 55.121604, -120.797678 55.121596, -120.799159 55.121714, -120.800563 55.121987, -120.801827 55.122412, -120.802945 55.122958, -120.804027 55.123522, -120.805265 55.123973, -120.806689 55.124267, -120.80822 55.124413, -120.809804 55.124443, -120.811395 55.124428, -120.812995 55.1244, -120.814603 55.124377, -120.816209 55.124381, -120.817784 55.124471, -120.81931 55.12467, -120.82076 55.124977, -120.822196 55.125344, -120.823626 55.125714, -120.825117 55.126036, -120.82663 55.126315, -120.828147 55.126598, -120.829602 55.126942, -120.830942 55.127376, -120.832228 55.127895, -120.833481 55.128422, -120.834766 55.128915, -120.836104 55.129375, -120.837444 55.12983, -120.838793 55.130264, -120.840185 55.130662, -120.841616 55.130997, -120.843139 55.13125, -120.844719 55.131368, -120.84633 55.131399, -120.847947 55.131398, -120.84955 55.131414, -120.851133 55.131451, -120.852717 55.131489, -120.854278 55.131506, -120.856616 55.131421, -120.858875 55.131232, -120.860342 55.131094, -120.86179 55.131016, -120.86387 55.13136, -120.864873 55.131942, -120.865602 55.132646, -120.866367 55.133342, -120.867421 55.133935, -120.8688 55.134294, -120.870346 55.134391, -120.871971 55.134381, -120.873613 55.134329, -120.875226 55.134294, -120.876834 55.134355, -120.878375 55.134612, -120.879748 55.135035, -120.881032 55.135541, -120.882308 55.13602, -120.883647 55.136447, -120.885067 55.136766, -120.886541 55.136987, -120.888017 55.137135, -120.889468 55.137254, -120.89088 55.137372, -120.892227 55.137588, -120.893366 55.137959, -120.894324 55.138416, -120.895208 55.138874, -120.896063 55.1393, -120.896864 55.139688, -120.897687 55.140041, -120.898592 55.140371, -120.899525 55.140665, -120.900562 55.14091, -120.901642 55.141141, -120.902713 55.141395, -120.90375 55.14168, -120.904733 55.141993, -120.905775 55.142254, -120.906873 55.14247, -120.907964 55.142661, -120.909059 55.142856, -120.910147 55.143073, -120.911076 55.143467, -120.911692 55.144002, -120.912103 55.144626, -120.912372 55.145288, -120.912629 55.145947, -120.912909 55.14658, -120.91319 55.14721, -120.913461 55.1479, -120.913717 55.148499, -120.913973 55.149064, -120.914202 55.149595, -120.914444 55.15003, -120.914711 55.150386, -120.915038 55.150615, -120.915424 55.150726, -120.915699 55.150928, -120.915749 55.151191, -120.915375 55.151508, -120.914758 55.151768, -120.913916 55.152012, -120.91288 55.152341, -120.911947 55.152748, -120.911515 55.152945, -120.911487 55.15307, -120.911557 55.153188, -120.911673 55.153339, -120.911573 55.153659, -120.911558 55.153892, -120.911457 55.154061, -120.911235 55.154239, -120.910928 55.154414, -120.910609 55.154469, -120.910323 55.154508, -120.910035 55.154559, -120.909914 55.154699, -120.909863 55.154758, -120.909785 55.15488, -120.909639 55.155081, -120.909556 55.15533, -120.909539 55.155448, -120.909551 55.155773, -120.909436 55.156046, -120.909223 55.156188, -120.90861 55.156446, -120.908109 55.156834, -120.907551 55.157136, -120.907371 55.157207, -120.907053 55.157333, -120.906407 55.157493, -120.905811 55.157604, -120.905368 55.157657, -120.905096 55.157759, -120.904601 55.157953, -120.90408 55.158051, -120.90366 55.158004, -120.903345 55.158037, -120.902835 55.158202, -120.90247 55.15821, -120.902024 55.158013, -120.901971 55.157999, -120.901903 55.157997, -120.901836 55.158011, -120.901145 55.158435, -120.900367 55.158853, -120.899625 55.159265, -120.898759 55.159591, -120.89787 55.159862, -120.896923 55.160025, -120.895947 55.160043, -120.894963 55.159968, -120.894 55.159896, -120.893016 55.159969, -120.892096 55.160242, -120.891314 55.160679, -120.890661 55.161197, -120.890061 55.161734, -120.889459 55.162278, -120.888813 55.16279, -120.888063 55.163235, -120.887239 55.163588, -120.886343 55.163865, -120.885387 55.164022, -120.884397 55.164083, -120.883388 55.164058, -120.882372 55.164033, -120.88134 55.164014, -120.880377 55.163875, -120.879589 55.163529, -120.879088 55.163019, -120.87876 55.162451, -120.878202 55.161645, -120.877587 55.161238, -120.876238 55.16099, -120.87473 55.161181, -120.873322 55.16161, -120.87245 55.161974, -120.871616 55.162368, -120.870801 55.162759, -120.869975 55.163151, -120.86913 55.163538, -120.868235 55.163895, -120.867291 55.164237, -120.86634 55.164592, -120.865419 55.164986, -120.864525 55.165399, -120.863621 55.165828, -120.862683 55.166255, -120.861702 55.166663, -120.86068 55.167048, -120.859643 55.167441, -120.858724 55.167914, -120.857966 55.168482, -120.857283 55.169074, -120.856541 55.169647, -120.855827 55.170211, -120.855125 55.170766, -120.85433 55.17127, -120.853415 55.171698, -120.852398 55.172061, -120.851349 55.172375, -120.850309 55.172686, -120.849302 55.173004, -120.848314 55.173318, -120.847336 55.173638, -120.846414 55.173999, -120.845564 55.174406, -120.844726 55.174829, -120.843861 55.175233, -120.842943 55.175609, -120.841977 55.175951, -120.84098 55.176284, -120.839982 55.176617, -120.838991 55.176958, -120.838023 55.177314, -120.837084 55.177694, -120.83617 55.178086, -120.835265 55.178462, -120.834343 55.178795, -120.833395 55.179036, -120.832444 55.179062, -120.831589 55.178824, -120.831082 55.178355, -120.830992 55.177759, -120.831456 55.177154, -120.832235 55.176623, -120.833137 55.176113, -120.833993 55.175582, -120.834771 55.175021, -120.835425 55.174416, -120.835847 55.173753, -120.835925 55.173049, -120.83518 55.172089, -120.834205 55.171649, -120.83243 55.171288, -120.831197 55.171151, -120.829977 55.171066, -120.82817 55.171025, -120.827009 55.171081, -120.82589 55.17124, -120.824832 55.171478, -120.823835 55.17177, -120.822888 55.172107, -120.821962 55.172449, -120.821039 55.172814, -120.82016 55.173192, -120.81931 55.17358, -120.818488 55.173984, -120.817728 55.174392, -120.817037 55.174818, -120.816395 55.175243, -120.815849 55.175695, -120.815391 55.176151, -120.815007 55.176606, -120.814599 55.177034, -120.814042 55.177332, -120.813328 55.177411, -120.812601 55.177211, -120.811986 55.17677, -120.811481 55.17618, -120.810942 55.175537, -120.810347 55.174878, -120.80971 55.174222, -120.809007 55.173574, -120.808154 55.172996, -120.807103 55.172563, -120.805889 55.172371, -120.804648 55.17248, -120.803581 55.172852, -120.802741 55.173401, -120.80211 55.174035, -120.801461 55.174656, -120.800562 55.17517, -120.799423 55.175522, -120.798169 55.175748, -120.796894 55.175952, -120.795632 55.176173, -120.794403 55.176416, -120.793248 55.176682, -120.792152 55.17698, -120.791094 55.177295, -120.790056 55.177616, -120.788966 55.177882, -120.787807 55.178065, -120.786582 55.178159, -120.785315 55.178196, -120.784065 55.178224, -120.782819 55.178271, -120.781575 55.17835, -120.780313 55.178445, -120.779064 55.178584, -120.77784 55.178791, -120.776677 55.179068, -120.77503 55.179571, -120.773935 55.179916, -120.772211 55.180242, -120.771004 55.180385, -120.769243 55.180737, -120.767675 55.181335, -120.76671 55.181757, -120.765714 55.182163, -120.764709 55.182558, -120.76372 55.182932, -120.762721 55.183288, -120.761711 55.183605, -120.760713 55.183946, -120.759861 55.18439, -120.759182 55.184924, -120.75862 55.185479, -120.75808 55.186018, -120.757561 55.186529, -120.756987 55.186991, -120.756319 55.1874, -120.7555 55.187779, -120.754618 55.188157, -120.753742 55.188541, -120.75291 55.1889, -120.752042 55.189117, -120.751089 55.189047, -120.750315 55.188659, -120.749869 55.188074, -120.749613 55.18739, -120.749401 55.186687, -120.749044 55.186022, -120.74846 55.185396, -120.74764 55.184826, -120.746643 55.184294, -120.745604 55.183746, -120.744541 55.183201, -120.743456 55.182671, -120.74233 55.182154, -120.741155 55.181663, -120.739962 55.181224, -120.738705 55.180847, -120.737378 55.180563, -120.736006 55.180403, -120.734602 55.180407, -120.733254 55.180588, -120.731993 55.180921, -120.730839 55.181387, -120.729773 55.181923, -120.728721 55.182479, -120.727683 55.183061, -120.726695 55.183661, -120.725696 55.18426, -120.724611 55.184776, -120.723396 55.185178, -120.722091 55.185469, -120.720748 55.185644, -120.719409 55.185705, -120.718084 55.185627, -120.716845 55.185375, -120.715693 55.184996, -120.714551 55.184607, -120.713349 55.184313, -120.712094 55.184321, -120.710497 55.184952, -120.709713 55.185626, -120.70856 55.186636, -120.707038 55.187384, -120.705853 55.187618, -120.704568 55.187652, -120.703287 55.187551, -120.702004 55.18747, -120.700674 55.187554, -120.69943 55.187826, -120.698276 55.188159, -120.697049 55.188393, -120.695732 55.188468, -120.694415 55.188416, -120.693128 55.188296, -120.691892 55.188136, -120.690681 55.187987, -120.689465 55.187905, -120.688225 55.187927, -120.68708 55.188095, -120.686184 55.188493, -120.685717 55.189063, -120.685843 55.189682, -120.686488 55.190202, -120.687554 55.190574, -120.688743 55.190844, -120.689984 55.191098, -120.691163 55.191418, -120.692092 55.191837, -120.692679 55.192369, -120.69289 55.192918, -120.692641 55.193393, -120.691924 55.193693, -120.690886 55.193687, -120.689828 55.193411, -120.688793 55.193004, -120.687674 55.192652, -120.686416 55.192476, -120.685048 55.192543, -120.683673 55.19283, -120.682381 55.193271, -120.681131 55.19378, -120.679889 55.194306, -120.678658 55.194829, -120.677441 55.19536, -120.676237 55.195895, -120.675038 55.196429, -120.673854 55.196965, -120.672667 55.197502, -120.671464 55.198031, -120.670271 55.198509, -120.669036 55.198908, -120.667746 55.199201, -120.666397 55.199406, -120.665024 55.199571, -120.663659 55.199723, -120.662282 55.199856, -120.660873 55.19997, -120.659449 55.200072, -120.658013 55.20016, -120.65655 55.200239, -120.655132 55.200336, -120.653161 55.200661, -120.652053 55.201064, -120.650864 55.20197, -120.650372 55.203077, -120.650175 55.203852, -120.649889 55.204605, -120.64935 55.205293, -120.648504 55.205852, -120.647431 55.206269, -120.64618 55.206494, -120.644865 55.206577, -120.643542 55.206598, -120.642211 55.206589, -120.640879 55.20662, -120.639556 55.206762, -120.638306 55.20701, -120.637155 55.207375, -120.636131 55.207857, -120.635283 55.208452, -120.634668 55.209152, -120.634292 55.209943, -120.634037 55.210749, -120.633784 55.21155, -120.633477 55.212339, -120.633135 55.213109, -120.63278 55.213885, -120.632328 55.214632, -120.631814 55.215354, -120.631266 55.216061, -120.630714 55.216757, -120.630145 55.217425, -120.629481 55.21805, -120.628622 55.218577, -120.627537 55.218952, -120.626367 55.219217, -120.625173 55.219476, -120.623971 55.219758, -120.622804 55.22008, -120.62168 55.220452, -120.620618 55.220846, -120.619604 55.221256, -120.618688 55.2217, -120.617874 55.222191, -120.617161 55.2227, -120.616533 55.223241, -120.615948 55.22379, -120.615339 55.224337, -120.614537 55.224793, -120.613491 55.22508, -120.612334 55.225167, -120.611117 55.225118, -120.609873 55.225082, -120.608608 55.225156, -120.607363 55.22537, -120.606131 55.225639, -120.604915 55.225949, -120.603738 55.22626, -120.602568 55.226537, -120.60136 55.22674, -120.600158 55.226887, -120.598387 55.227149, -120.596797 55.227558, -120.595926 55.227955, -120.59505 55.228711, -120.594895 55.22929, -120.595082 55.229874, -120.595532 55.230418, -120.596059 55.230919, -120.596367 55.231445, -120.596283 55.231966, -120.595818 55.232423, -120.595068 55.232752, -120.594199 55.233021, -120.593311 55.233303, -120.592483 55.233685, -120.591697 55.234162, -120.59086 55.234646, -120.589903 55.235077, -120.588827 55.235424, -120.587694 55.235707, -120.586564 55.236009, -120.585477 55.236375, -120.584406 55.236743, -120.58327 55.236989, -120.582059 55.237025, -120.580842 55.236845, -120.579711 55.236482, -120.578705 55.235967, -120.577784 55.235395, -120.576891 55.234808, -120.575983 55.234227, -120.574997 55.233688, -120.573901 55.23321, -120.572694 55.23281, -120.571387 55.232498, -120.570059 55.232217, -120.568692 55.231961, -120.567282 55.231767, -120.565841 55.231624, -120.564403 55.231513, -120.562961 55.231435, -120.561547 55.231398, -120.560147 55.231399, -120.558771 55.23141, -120.557402 55.231442, -120.556077 55.231555, -120.554831 55.231782, -120.553705 55.232137, -120.552681 55.232557, -120.551648 55.232921, -120.550549 55.233156, -120.549381 55.233227, -120.548162 55.233128, -120.546995 55.23285, -120.545884 55.232469, -120.544798 55.232055, -120.543717 55.231638, -120.542744 55.231183, -120.541897 55.230686, -120.541044 55.230265, -120.539604 55.230184, -120.538925 55.23058, -120.538611 55.231162, -120.538389 55.232134, -120.538381 55.232809, -120.538557 55.233504, -120.538938 55.234188, -120.539537 55.234837, -120.540265 55.235443, -120.541029 55.236029, -120.541631 55.236647, -120.541879 55.237313, -120.541729 55.23796, -120.541183 55.238536, -120.540338 55.238998, -120.539265 55.23932, -120.538046 55.239489, -120.536752 55.239556, -120.535451 55.239567, -120.534165 55.239563, -120.532877 55.239602, -120.53161 55.239773, -120.530384 55.240056, -120.529189 55.240353, -120.527994 55.240632, -120.526793 55.240854, -120.525599 55.240971, -120.524402 55.24098, -120.523223 55.240912, -120.52209 55.240807, -120.521009 55.240634, -120.520041 55.240328, -120.519277 55.239845, -120.518698 55.239266, -120.518125 55.238678, -120.517388 55.238144, -120.516447 55.237726, -120.515327 55.237475, -120.51411 55.237415, -120.512937 55.237582, -120.511903 55.237952, -120.51102 55.238431, -120.510133 55.238912, -120.509187 55.239339, -120.508234 55.239741, -120.507316 55.24016, -120.50654 55.24066, -120.505984 55.241246, -120.505644 55.241885, -120.505423 55.242525, -120.505141 55.24313, -120.504703 55.243646, -120.504012 55.244006, -120.503119 55.244099, -120.502279 55.243873, -120.501746 55.243373, -120.501558 55.242714, -120.501542 55.242012, -120.501517 55.241293, -120.501245 55.24061, -120.500534 55.240031, -120.499394 55.239691, -120.498029 55.239622, -120.495944 55.239863, -120.494573 55.240076, -120.493215 55.240281, -120.491196 55.240528, -120.489845 55.240679, -120.487797 55.240826, -120.4864 55.24082, -120.484987 55.240741, -120.483548 55.240649, -120.482077 55.240596, -120.480595 55.240555, -120.479118 55.2405, -120.477647 55.240448, -120.476182 55.240435, -120.474709 55.240457, -120.473285 55.24058, -120.471965 55.240901, -120.470861 55.241423, -120.469924 55.242058, -120.469015 55.242705, -120.468083 55.243347, -120.467152 55.243982, -120.466193 55.244586, -120.465217 55.245161, -120.464258 55.245736, -120.463379 55.246325, -120.462594 55.246935, -120.461872 55.24755, -120.461079 55.248121, -120.460114 55.248587, -120.458956 55.248897, -120.457666 55.249024, -120.456325 55.249018, -120.454963 55.248983, -120.453615 55.249002, -120.452309 55.249103, -120.451063 55.249296, -120.449889 55.249572, -120.448748 55.249876, -120.447637 55.250208, -120.446581 55.250575, -120.445585 55.250984, -120.444649 55.251426, -120.443812 55.251921, -120.443018 55.252423, -120.442212 55.252898, -120.441336 55.25331, -120.440383 55.253641, -120.439397 55.253939, -120.438428 55.25425, -120.437529 55.254623, -120.436708 55.255033, -120.435953 55.255477, -120.435294 55.25596, -120.434704 55.256474, -120.434105 55.256989, -120.433386 55.257445, -120.432544 55.257825, -120.431703 55.258193, -120.430901 55.258553, -120.430034 55.258787, -120.428667 55.258703, -120.427977 55.258283, -120.427726 55.257308, -120.427824 55.256605, -120.427859 55.255902, -120.42764 55.254825, -120.427571 55.254119, -120.42765 55.253438, -120.427633 55.252779, -120.427221 55.252157, -120.426268 55.251659, -120.425138 55.251239, -120.424074 55.250808, -120.423016 55.250366, -120.421966 55.249909, -120.420974 55.249415, -120.420043 55.248889, -120.41909 55.24838, -120.418066 55.247914, -120.417 55.247489, -120.415854 55.247112, -120.414666 55.246736, -120.41349 55.246317, -120.412372 55.245853, -120.411322 55.245368, -120.410203 55.244959, -120.408958 55.244725, -120.407645 55.244644, -120.406313 55.244598, -120.404988 55.244496, -120.403686 55.244314, -120.402393 55.244142, -120.401059 55.24406, -120.399722 55.244043, -120.398376 55.244067, -120.397062 55.244107, -120.395775 55.244133, -120.394513 55.244102, -120.393302 55.243948, -120.392231 55.243613, -120.39141 55.243086, -120.390806 55.242458, -120.390167 55.24185, -120.389319 55.241332, -120.388222 55.241002, -120.386984 55.240945, -120.385749 55.241115, -120.384588 55.241438, -120.383487 55.241807, -120.382322 55.242071, -120.381107 55.242146, -120.379894 55.242077, -120.378706 55.241945, -120.377602 55.241695, -120.376658 55.241313, -120.37599 55.240779, -120.375684 55.240133, -120.375784 55.239444, -120.376194 55.238767, -120.37671 55.238109, -120.377112 55.237437, -120.377206 55.23636, -120.376884 55.235286, -120.376255 55.234249, -120.375543 55.233606, -120.374351 55.232671, -120.373601 55.232033, -120.372838 55.231398, -120.371988 55.23079, -120.371017 55.230221, -120.369945 55.229702, -120.368736 55.229322, -120.367409 55.229136, -120.366043 55.229139, -120.364725 55.229281, -120.363457 55.22952, -120.362205 55.22978, -120.360968 55.230042, -120.359735 55.230307, -120.358496 55.230587, -120.357235 55.230836, -120.355943 55.231052, -120.354668 55.231278, -120.353438 55.231545, -120.352194 55.231788, -120.35093 55.231982, -120.349654 55.232138, -120.348354 55.232225, -120.347043 55.232212, -120.345742 55.232081, -120.344483 55.231845, -120.343305 55.231495, -120.342241 55.23102, -120.341343 55.230414, -120.34066 55.229687, -120.340086 55.2289, -120.33946 55.228106, -120.338767 55.227333, -120.338016 55.226593, -120.337228 55.225902, -120.336522 55.225248, -120.335999 55.224612, -120.335818 55.223967, -120.336141 55.223358, -120.336939 55.222922, -120.338094 55.222779, -120.339347 55.222911, -120.3406 55.223155, -120.341841 55.223412, -120.343099 55.223616, -120.34443 55.223644, -120.345807 55.223394, -120.347101 55.222954, -120.348369 55.222451, -120.349599 55.221933, -120.350796 55.221392, -120.351987 55.220844, -120.353179 55.220293, -120.354359 55.219741, -120.355604 55.219257, -120.356936 55.218863, -120.358323 55.218595, -120.360468 55.218465, -120.361876 55.218515, -120.36398 55.218693, -120.3654 55.218808, -120.367543 55.218918, -120.369698 55.21878, -120.371083 55.218483, -120.372385 55.218056, -120.373645 55.217558, -120.374879 55.217021, -120.376123 55.216476, -120.377381 55.215928, -120.378648 55.215395, -120.379987 55.214947, -120.381414 55.214641, -120.382875 55.214508, -120.384318 55.214493, -120.38578 55.214505, -120.387266 55.214473, -120.388787 55.21435, -120.390317 55.214117, -120.391838 55.213794, -120.393347 55.213411, -120.394852 55.213062, -120.396399 55.212827, -120.397961 55.21276, -120.399472 55.212883, -120.400871 55.213166, -120.402156 55.213582, -120.403311 55.214098, -120.404386 55.214666, -120.405445 55.215215, -120.406578 55.215685, -120.407872 55.215974, -120.409297 55.216006, -120.410715 55.215739, -120.411961 55.215186, -120.412989 55.21443, -120.413862 55.213586, -120.414768 55.21274, -120.415832 55.211964, -120.417049 55.211282, -120.418348 55.210687, -120.419695 55.210154, -120.421067 55.209649, -120.422416 55.209124, -120.423742 55.208598, -120.425062 55.208068, -120.426372 55.207546, -120.427653 55.207034, -120.428884 55.206507, -120.430016 55.205941, -120.431008 55.205296, -120.43179 55.204547, -120.432318 55.203721, -120.43257 55.202835, -120.432586 55.201926, -120.432513 55.201021, -120.432563 55.20014, -120.432862 55.199305, -120.433477 55.198545, -120.434788 55.197548, -120.436176 55.196592, -120.437327 55.195556, -120.437955 55.194795, -120.43854 55.194046, -120.439735 55.193105, -120.440877 55.192708, -120.442193 55.192536, -120.443559 55.192559, -120.444914 55.192733, -120.446239 55.192992, -120.447544 55.193262, -120.448836 55.193477, -120.450141 55.193643, -120.451462 55.193768, -120.45277 55.193907, -120.454011 55.194106, -120.455151 55.1944, -120.456167 55.194771, -120.457202 55.19512, -120.458357 55.195349, -120.459622 55.1954, -120.460922 55.19529, -120.462217 55.195099, -120.4635 55.194879, -120.464753 55.19464, -120.465969 55.194373, -120.467091 55.194028, -120.468115 55.193603, -120.469033 55.193109, -120.469874 55.192592, -120.470673 55.192067, -120.471437 55.191553, -120.472156 55.191053, -120.472695 55.19049, -120.472963 55.189838, -120.473099 55.189164, -120.473215 55.188488, -120.473389 55.187813, -120.47367 55.187147, -120.474082 55.186505, -120.474599 55.185915, -120.475181 55.185355, -120.475579 55.184783, -120.475533 55.184211, -120.474947 55.183752, -120.47397 55.183515, -120.47282 55.18344, -120.471613 55.183391, -120.470413 55.183268)), ((-120.916327 55.158223, -120.915786 55.158161, -120.915432 55.158209, -120.915012 55.158292, -120.914767 55.158348, -120.91458 55.158352, -120.914454 55.158429, -120.914402 55.158568, -120.914391 55.158745, -120.91439 55.158753, -120.914292 55.159017, -120.914178 55.159128, -120.91384 55.159221, -120.913671 55.159176, -120.913473 55.159176, -120.913213 55.159136, -120.912965 55.159037, -120.912722 55.158865, -120.912536 55.158766, -120.91237 55.158654, -120.91236 55.158644, -120.912191 55.158474, -120.91203 55.158273, -120.911775 55.15799, -120.91151 55.157818, -120.911218 55.157706, -120.910995 55.157577, -120.910808 55.157461, -120.910881 55.157287, -120.911208 55.157036, -120.911473 55.156961, -120.911753 55.156866, -120.912044 55.156692, -120.912338 55.156531, -120.91247 55.156481, -120.912692 55.156317, -120.91289 55.156138, -120.913125 55.156014, -120.913398 55.155927, -120.913755 55.155799, -120.914064 55.155649, -120.914454 55.155411, -120.914576 55.155328, -120.914875 55.155126, -120.915098 55.155044, -120.915595 55.154862, -120.916095 55.154709, -120.916727 55.154639, -120.917202 55.154688, -120.917684 55.154782, -120.918154 55.154919, -120.918449 55.155005, -120.918722 55.155114, -120.91902 55.155284, -120.91921 55.155414, -120.919339 55.155512, -120.919472 55.155704, -120.91968 55.155838, -120.919966 55.155916, -120.920278 55.156033, -120.920626 55.156255, -120.920967 55.156398, -120.921396 55.156613, -120.921987 55.156831, -120.922475 55.157019, -120.9229 55.157223, -120.923188 55.157426, -120.923105 55.157739, -120.922978 55.157965, -120.922892 55.15803, -120.922519 55.158069, -120.922309 55.158146, -120.921998 55.158185, -120.921694 55.158344, -120.921388 55.158507, -120.92114 55.158649, -120.921129 55.158656, -120.9208 55.158865, -120.920569 55.159065, -120.920485 55.15926, -120.920475 55.159283, -120.920402 55.159444, -120.920231 55.159647, -120.919896 55.159707, -120.919606 55.159722, -120.919332 55.159723, -120.91899 55.15964, -120.918771 55.159465, -120.918679 55.159375, -120.918669 55.159322, -120.918618 55.159069, -120.918536 55.158894, -120.918439 55.158779, -120.918197 55.158625, -120.917899 55.158493, -120.917625 55.158396, -120.917185 55.158298, -120.916839 55.158263, -120.916327 55.158223)))"
22,2023-06-23 10:31:00,2023061501,2023,11.0,Hand sketch of any type,1686812400000,1686940745000,Being Held,JA70003000,110455.1512,1256.8013,83,464eb1bd-8c73-48fd-b117-be8b247ccd44,327499.265625,2164.26086606632,https://wildfiresituation.nrs.gov.bc.ca/incidents?fireYear=2023&incidentNumber=G70755,"POLYGON ((-120.685558 54.54319, -120.683844 54.540465, -120.686359 54.539831, -120.688602 54.539993, -120.690209 54.541388, -120.689706 54.542676, -120.687273 54.543119, -120.685558 54.54319))"
23,2023-06-23 10:31:00,2023061501,2023,23.1,Hand sketch of any type,1686812400000,1686942007000,Being Held,JA70003000,231216.1411,2114.0928,84,d8655b61-8339-4a0f-9770-e1ec32f5431c,677628.28125,3621.77041543309,https://wildfiresituation.nrs.gov.bc.ca/incidents?fireYear=2023&incidentNumber=G70759,"POLYGON ((-120.237659 54.300521, -120.241963 54.299575, -120.246931 54.301229, -120.248948 54.301718, -120.249284 54.302222, -120.248767 54.303017, -120.244211 54.303636, -120.241755 54.30415, -120.239359 54.303658, -120.238193 54.302705, -120.240131 54.30182, -120.237749 54.300652, -120.237659 54.300521))"
24,2023-06-23 10:31:00,2023060801,2023,24.3,Non-corrected airborne GPS,1686207600000,1686260345000,Being Held,JA70003000,243425.5157,2155.1372,90,d6036979-67f6-4ef4-a758-997d29b48a1e,625628.546875,3455.11361509352,https://wildfiresituation.nrs.gov.bc.ca/incidents?fireYear=2023&incidentNumber=K40665,"POLYGON ((-118.644876 51.444204, -118.644818 51.44421, -118.644733 51.444214, -118.644678 51.444226, -118.644651 51.444232, -118.644583 51.444243, -118.644524 51.444235, -118.644466 51.444233, -118.644406 51.444222, -118.644332 51.44421, -118.644274 51.444202, -118.644188 51.444192, -118.643969 51.444154, -118.643916 51.444159, -118.643848 51.444162, -118.643762 51.444152, -118.64371 51.44416, -118.643655 51.444156, -118.643603 51.444165, -118.643538 51.444175, -118.643498 51.444175, -118.64342 51.444186, -118.643369 51.444199, -118.643319 51.444212, -118.643269 51.444226, -118.643177 51.444238, -118.643113 51.444249, -118.643075 51.44426, -118.643007 51.444259, -118.642942 51.444268, -118.642861 51.444265, -118.64278 51.444264, -118.642727 51.444263, -118.642657 51.44425, -118.642591 51.444253, -118.642521 51.444233, -118.642482 51.444235, -118.642415 51.444228, -118.642336 51.444234, -118.642266 51.444213, -118.642201 51.444216, -118.642161 51.444218, -118.642107 51.444209, -118.642028 51.444212, -118.641974 51.444206, -118.641883 51.444208, -118.64183 51.444204, -118.641739 51.444213, -118.641672 51.444208, -118.641632 51.444203, -118.641579 51.4442, -118.641513 51.444199, -118.641473 51.444196, -118.64142 51.444196, -118.641353 51.444188, -118.641285 51.444171, -118.64123 51.444152, -118.641175 51.444133, -118.641119 51.444114, -118.641062 51.444076, -118.641048 51.444068, -118.64098 51.444052, -118.640926 51.444042, -118.640845 51.444027, -118.640763 51.444009, -118.640634 51.443913, -118.640619 51.443896, -118.640578 51.443884, -118.640536 51.443863, -118.640495 51.443841, -118.640423 51.443776, -118.640353 51.443734, -118.640297 51.443701, -118.640242 51.443665, -118.640228 51.443656, -118.640174 51.443631, -118.640131 51.443594, -118.640078 51.443578, -118.639997 51.443534, -118.639943 51.443507, -118.639889 51.443476, -118.639848 51.443444, -118.639808 51.443416, -118.639754 51.443385, -118.639701 51.443352, -118.639649 51.44333, -118.639597 51.443308, -118.639533 51.443285, -118.639494 51.443272, -118.639443 51.443244, -118.639392 51.443218, -118.639341 51.443196, -118.63929 51.443173, -118.639227 51.44315, -118.639176 51.443139, -118.639126 51.443117, -118.639063 51.443117, -118.638976 51.443116, -118.638938 51.443116, -118.638864 51.443114, -118.638777 51.443111, -118.638691 51.443109, -118.638629 51.443109, -118.638567 51.443107, -118.63853 51.443115, -118.638481 51.443113, -118.638407 51.443121, -118.638358 51.443129, -118.638297 51.443136, -118.638248 51.443142, -118.6382 51.443145, -118.638152 51.443148, -118.638081 51.443148, -118.638009 51.443138, -118.637962 51.443142, -118.637903 51.443143, -118.637809 51.443147, -118.63775 51.443147, -118.637692 51.443148, -118.637656 51.443152, -118.637598 51.443162, -118.637539 51.443164, -118.63748 51.443175, -118.637433 51.443189, -118.637362 51.443199, -118.637304 51.4432, -118.637257 51.443203, -118.637198 51.443225, -118.63714 51.443237, -118.637081 51.443256, -118.637023 51.443276, -118.636966 51.443292, -118.636887 51.443293, -118.636863 51.443309, -118.636807 51.443307, -118.636751 51.443306, -118.636684 51.443301, -118.63663 51.443289, -118.636597 51.443281, -118.636532 51.443266, -118.636456 51.443251, -118.636423 51.443245, -118.636359 51.443222, -118.636317 51.443203, -118.636274 51.44318, -118.63623 51.443165, -118.636176 51.443149, -118.636102 51.443126, -118.636048 51.443116, -118.636007 51.44309, -118.635954 51.443074, -118.63591 51.443046, -118.635866 51.443021, -118.635833 51.442987, -118.635801 51.442961, -118.635768 51.442921, -118.635747 51.442889, -118.635726 51.442857, -118.635716 51.442826, -118.635694 51.442787, -118.635683 51.442757, -118.635684 51.442705, -118.635673 51.442683, -118.635674 51.442661, -118.635674 51.442624, -118.635664 51.442587, -118.635664 51.442558, -118.635654 51.442521, -118.635643 51.442484, -118.635632 51.442455, -118.63561 51.442411, -118.6356 51.442375, -118.635577 51.442348, -118.635577 51.442327, -118.635554 51.442299, -118.635518 51.44226, -118.635494 51.442235, -118.635459 51.44221, -118.635446 51.442184, -118.635432 51.44216, -118.635418 51.442123, -118.635404 51.442093, -118.635367 51.442056, -118.635343 51.442031, -118.63532 51.442011, -118.635297 51.441985, -118.635264 51.441957, -118.63524 51.441931, -118.635217 51.441913, -118.63517 51.441881, -118.635146 51.441856, -118.635111 51.441825, -118.635077 51.441806, -118.635042 51.441788, -118.635007 51.441763, -118.634971 51.441732, -118.634936 51.441709, -118.634912 51.441691, -118.634868 51.441651, -118.634846 51.44163, -118.634813 51.441604, -118.63478 51.441583, -118.634726 51.44155, -118.634696 51.441513, -118.634676 51.441498, -118.634635 51.441461, -118.634605 51.441432, -118.634574 51.441404, -118.634552 51.441378, -118.63452 51.441345, -118.634488 51.441312, -118.634467 51.441279, -118.634447 51.441251, -118.634416 51.441223, -118.634396 51.441196, -118.634387 51.441169, -118.634358 51.441139, -118.63434 51.441111, -118.634321 51.441089, -118.634301 51.441062, -118.634271 51.441027, -118.634262 51.441001, -118.634263 51.440968, -118.634275 51.440929, -118.634276 51.440902, -118.634294 51.440873, -118.634314 51.440843, -118.634345 51.440825, -118.634365 51.440807, -118.634385 51.440783, -118.634415 51.44076, -118.634435 51.440736, -118.634453 51.440707, -118.634472 51.44069, -118.634502 51.440667, -118.634531 51.440644, -118.63456 51.440616, -118.6346 51.440599, -118.634629 51.440582, -118.634669 51.440572, -118.634699 51.440555, -118.634749 51.44054, -118.634779 51.440529, -118.634819 51.440519, -118.634861 51.440507, -118.634913 51.440501, -118.634945 51.440489, -118.634986 51.440478, -118.635038 51.440467, -118.635091 51.440448, -118.635123 51.440436, -118.635166 51.44043, -118.635208 51.440424, -118.635251 51.440424, -118.635294 51.440418, -118.635358 51.440412, -118.635402 51.440399, -118.635445 51.440398, -118.635511 51.440397, -118.635566 51.440396, -118.635643 51.440395, -118.635676 51.440395, -118.635775 51.4404, -118.635797 51.440399, -118.636038 51.440444, -118.636139 51.440434, -118.636161 51.440433, -118.636206 51.440431, -118.636263 51.440423, -118.636341 51.44042, -118.636375 51.440418, -118.636421 51.440416, -118.636624 51.440312, -118.636636 51.440305, -118.636669 51.440283, -118.636703 51.440249, -118.636725 51.440222, -118.636759 51.440192, -118.636782 51.44017, -118.636805 51.440149, -118.636838 51.44012, -118.63686 51.4401, -118.636905 51.440078, -118.636938 51.440063, -118.636984 51.440047, -118.637029 51.440037, -118.637075 51.440027, -118.637131 51.44001, -118.637188 51.439994, -118.637232 51.439985, -118.637266 51.439976, -118.637323 51.439965, -118.63738 51.43996, -118.637574 51.439917, -118.637631 51.439892, -118.637676 51.439874, -118.637721 51.439849, -118.637766 51.43982, -118.637776 51.439806, -118.637821 51.439783, -118.637865 51.43976, -118.637898 51.439738, -118.637931 51.439716, -118.637964 51.439687, -118.637996 51.439652, -118.638039 51.439617, -118.638061 51.439602, -118.638093 51.439568, -118.638114 51.439547, -118.638135 51.439521, -118.638166 51.439487, -118.638187 51.439467, -118.638219 51.439439, -118.638251 51.439418, -118.638283 51.439392, -118.638314 51.439372, -118.638334 51.439347, -118.638387 51.439334, -118.63844 51.439321, -118.638483 51.439314, -118.638525 51.439302, -118.638578 51.43929, -118.63861 51.439284, -118.638652 51.439271, -118.638705 51.439259, -118.638748 51.439259, -118.638803 51.439259, -118.638847 51.439271, -118.638902 51.439277, -118.638969 51.439301, -118.639014 51.439312, -118.639071 51.439335, -118.639128 51.439352, -118.639196 51.439374, -118.639231 51.43939, -118.639243 51.439396, -118.639279 51.439417, -118.639303 51.439432, -118.639398 51.439487, -118.639456 51.439514, -118.639493 51.439541, -118.639541 51.439575, -118.639579 51.439614, -118.639628 51.439655, -118.639653 51.439684, -118.639689 51.439713, -118.639725 51.439738, -118.639795 51.43977, -118.639852 51.439785, -118.63992 51.439801, -118.639987 51.439811, -118.640055 51.43982, -118.640078 51.439828, -118.640157 51.439839, -118.640238 51.439862, -118.640308 51.439879, -118.640355 51.439895, -118.640415 51.439926, -118.640487 51.439962, -118.640548 51.439992, -118.640573 51.440013, -118.640658 51.440053, -118.640671 51.440067, -118.640709 51.440089, -118.640746 51.440112, -118.640785 51.440148, -118.640837 51.440191, -118.640875 51.440215, -118.640888 51.44023, -118.640929 51.440269, -118.640944 51.440299, -118.640959 51.440321, -118.641014 51.440383, -118.641041 51.440406, -118.641094 51.440451, -118.641095 51.440458, -118.641146 51.440486, -118.6412 51.440524, -118.641252 51.440552, -118.641304 51.440586, -118.641356 51.44061, -118.641395 51.440631, -118.641434 51.440658, -118.641485 51.440685, -118.641522 51.4407, -118.64156 51.440715, -118.641598 51.440743, -118.641649 51.440769, -118.641687 51.440789, -118.641712 51.440805, -118.641764 51.440839, -118.641776 51.440839, -118.641828 51.44087, -118.641853 51.440882, -118.641941 51.440907, -118.641991 51.440926, -118.642028 51.440932, -118.642078 51.440946, -118.642127 51.440952, -118.64219 51.440966, -118.642253 51.440981, -118.642304 51.440996, -118.642367 51.441011, -118.642441 51.441019, -118.64249 51.441019, -118.642577 51.441027, -118.642651 51.441035, -118.642727 51.441045, -118.642777 51.441053, -118.642841 51.441062, -118.642918 51.441079, -118.642945 51.441087, -118.642998 51.441104, -118.643066 51.441136, -118.643121 51.441166, -118.643162 51.441182, -118.643205 51.441212, -118.643234 51.441235, -118.643278 51.441266, -118.643327 51.441321, -118.643359 51.441353, -118.643407 51.441401, -118.643442 51.441448, -118.643475 51.441488, -118.643524 51.441536, -118.643589 51.441601, -118.643621 51.441637, -118.643669 51.441689, -118.643717 51.441741, -118.643762 51.441779, -118.64378 51.441807, -118.643811 51.441837, -118.643857 51.441881, -118.643888 51.44191, -118.643921 51.441953, -118.643955 51.441996, -118.643988 51.44204, -118.644007 51.44207, -118.644042 51.442111, -118.644061 51.442137, -118.644083 51.442173, -118.644138 51.44223, -118.644174 51.442269, -118.644214 51.442322, -118.644273 51.442397, -118.644309 51.442429, -118.644351 51.442486, -118.644389 51.442527, -118.644447 51.442588, -118.64452 51.442659, -118.644575 51.442711, -118.644646 51.442767, -118.644726 51.442841, -118.644801 51.442907, -118.644837 51.442938, -118.64489 51.44298, -118.644911 51.443008, -118.644969 51.443068, -118.645023 51.443111, -118.645099 51.443187, -118.645119 51.443214, -118.645123 51.44323, -118.645162 51.443277, -118.645183 51.443305, -118.645355 51.443396, -118.645374 51.443416, -118.645416 51.443454, -118.645459 51.4435, -118.645488 51.44355, -118.645513 51.44359, -118.645539 51.44363, -118.645585 51.443686, -118.645595 51.443724, -118.645611 51.443781, -118.645618 51.443809, -118.645634 51.443872, -118.645609 51.443899, -118.645607 51.443958, -118.645597 51.44398, -118.645556 51.444003, -118.645519 51.444039, -118.645477 51.444055, -118.645422 51.444078, -118.645394 51.44409, -118.645339 51.444107, -118.645258 51.444138, -118.645228 51.444141, -118.645144 51.44416, -118.645062 51.444184, -118.645006 51.444193, -118.644949 51.444201, -118.644876 51.444204))"
25,2023-06-23 10:31:00,2023060901,2023,33.8,Non-corrected ground GPS,1686294000000,1686601534000,Under Control,JA70003000,338320.0517,3418.1666,91,852da838-d2dd-4326-b7d4-db6692a5bf3e,811747.5078125,5294.65521861154,https://wildfiresituation.nrs.gov.bc.ca/incidents?fireYear=2023&incidentNumber=K50624,"POLYGON ((-119.800198 49.816272, -119.799823 49.816532, -119.799577 49.816627, -119.799311 49.816682, -119.79907 49.816575, -119.798796 49.816628, -119.798575 49.816741, -119.798491 49.816918, -119.798327 49.817064, -119.798351 49.817221, -119.798356 49.817253, -119.798181 49.817398, -119.798232 49.817586, -119.797945 49.817617, -119.797671 49.817576, -119.797518 49.817728, -119.797237 49.817747, -119.796964 49.817758, -119.796952 49.817759, -119.79667 49.81772, -119.796422 49.817813, -119.796165 49.817899, -119.796094 49.818078, -119.796179 49.818169, -119.796238 49.818233, -119.796295 49.818413, -119.796062 49.818642, -119.795794 49.818712, -119.795581 49.81883, -119.795397 49.818969, -119.795192 49.819091, -119.794994 49.819221, -119.794751 49.819214, -119.794707 49.819213, -119.794422 49.819249, -119.794163 49.819182, -119.793863 49.819154, -119.793576 49.819134, -119.793293 49.819135, -119.793169 49.819299, -119.793178 49.819335, -119.793215 49.819489, -119.793309 49.819658, -119.793113 49.81979, -119.792914 49.819926, -119.792836 49.820099, -119.792563 49.820143, -119.792305 49.820217, -119.792077 49.820323, -119.791792 49.820321, -119.791708 49.820337, -119.791522 49.820372, -119.791329 49.820238, -119.791053 49.820212, -119.790813 49.820308, -119.790552 49.820374, -119.790292 49.820446, -119.790106 49.820587, -119.789814 49.820594, -119.789663 49.820743, -119.789658 49.820743, -119.789416 49.820659, -119.789422 49.820479, -119.789225 49.820348, -119.789118 49.820332, -119.788854 49.820239, -119.788623 49.82013, -119.788482 49.819963, -119.788486 49.81978, -119.788434 49.8196, -119.788426 49.819418, -119.788292 49.819252, -119.788191 49.819059, -119.788183 49.818878, -119.788105 49.818706, -119.788004 49.818535, -119.787961 49.818483, -119.787873 49.818375, -119.787586 49.818024, -119.787855 49.817961, -119.788054 49.817932, -119.78814 49.81792, -119.788037 49.817846, -119.78803 49.81781, -119.788107 49.817764, -119.788205 49.817794, -119.788282 49.817609, -119.788451 49.817461, -119.788273 49.817317, -119.788322 49.817138, -119.788571 49.817035, -119.788845 49.816998, -119.789014 49.816851, -119.78913 49.816677, -119.78914 49.816657, -119.789219 49.816504, -119.789261 49.816324, -119.789507 49.816211, -119.789615 49.81604, -119.789673 49.815853, -119.789855 49.815704, -119.789878 49.815523, -119.790149 49.815473, -119.790355 49.815344, -119.790626 49.815301, -119.790904 49.815343, -119.790954 49.81553, -119.790674 49.815579, -119.790474 49.815716, -119.790492 49.815899, -119.790778 49.81589, -119.790876 49.81606, -119.791019 49.815901, -119.791284 49.815954, -119.791358 49.815969, -119.791557 49.81601, -119.791775 49.816124, -119.792042 49.816062, -119.792195 49.81591, -119.792198 49.815907, -119.792224 49.815723, -119.792288 49.815639, -119.792111 49.815486, -119.792109 49.815305, -119.792042 49.815125, -119.79218 49.814959, -119.792274 49.814785, -119.792306 49.814604, -119.792582 49.814551, -119.792801 49.814662, -119.792962 49.814819, -119.793182 49.814942, -119.793461 49.814944, -119.793735 49.814912, -119.793916 49.81477, -119.794127 49.814649, -119.794196 49.814474, -119.794474 49.814442, -119.794654 49.814579, -119.79483 49.814729, -119.79501 49.814871, -119.795256 49.814955, -119.795305 49.815096, -119.795318 49.815134, -119.795539 49.815248, -119.795826 49.815241, -119.795983 49.815122, -119.79625 49.815176, -119.796489 49.815277, -119.796766 49.815324, -119.796955 49.815459, -119.797242 49.815467, -119.797386 49.815313, -119.797608 49.815462, -119.797882 49.815512, -119.798087 49.815383, -119.798337 49.815297, -119.798615 49.815338, -119.798875 49.815256, -119.798906 49.815106, -119.798913 49.815074, -119.799144 49.814966, -119.799376 49.814968, -119.799352 49.815096, -119.799342 49.815147, -119.799365 49.815333, -119.799277 49.815507, -119.799071 49.815638, -119.799325 49.815713, -119.799437 49.815546, -119.799637 49.815414, -119.799887 49.815334, -119.799966 49.815512, -119.79991 49.815692, -119.799985 49.815868, -119.8002 49.815983, -119.800417 49.81587, -119.800355 49.815692, -119.800626 49.815645, -119.800743 49.815812, -119.800666 49.815986, -119.800715 49.816092, -119.800747 49.816159, -119.800646 49.816176, -119.80047 49.816207, -119.800198 49.816272))"
26,2023-06-23 10:31:00,2023061602,2023,37869.2,Non-corrected airborne GPS,1686898800000,1686970760000,Out of Control,JA70003000,378691629.7074,189378.1667,105,a9cf0541-70fa-403f-ab35-fa39756450fe,1346069413.75781,357051.737069616,https://wildfiresituation.nrs.gov.bc.ca/incidents?fireYear=2023&incidentNumber=G90273,"POLYGON ((-121.720539 58.094489, -121.723515 58.093359, -121.725123 58.091806, -121.727366 58.089781, -121.730309 58.088982, -121.737336 58.088561, -121.742748 58.087558, -121.747612 58.084484, -121.748286 58.082515, -121.746597 58.079732, -121.743497 58.077435, -121.74205 58.076841, -121.737629 58.075095, -121.736086 58.073395, -121.734779 58.069613, -121.735046 58.066525, -121.738196 58.064267, -121.742572 58.063715, -121.744899 58.059157, -121.751048 58.055857, -121.754123 58.054247, -121.759837 58.053233, -121.763027 58.050906, -121.766116 58.05057, -121.784618 58.050932, -121.786983 58.051978, -121.789965 58.050334, -121.795215 58.047571, -121.800772 58.047447, -121.801862 58.047442, -121.802002 58.047298, -121.803045 58.046914, -121.803032 58.046878, -121.802954 58.046574, -121.802435 58.045881, -121.802404 58.045831, -121.802384 58.04578, -121.802376 58.045727, -121.802379 58.045675, -121.802394 58.045623, -121.80242 58.045572, -121.802457 58.045524, -121.802504 58.045478, -121.802561 58.045435, -121.802628 58.045396, -121.802702 58.045361, -121.802784 58.045332, -121.803451 58.045118, -121.803482 58.044974, -121.803041 58.044497, -121.803002 58.044447, -121.802975 58.044395, -121.802959 58.044341, -121.802956 58.044287, -121.802965 58.044233, -121.802986 58.04418, -121.803019 58.044129, -121.803064 58.04408, -121.803119 58.044035, -121.803669 58.043638, -121.80368 58.04363, -121.804209 58.043266, -121.804473 58.042574, -121.804225 58.042292, -121.804188 58.042243, -121.804162 58.042191, -121.804148 58.042138, -121.804146 58.042084, -121.804157 58.042031, -121.804179 58.041979, -121.804212 58.041928, -121.804257 58.04188, -121.804312 58.041836, -121.804377 58.041795, -121.804451 58.041758, -121.804532 58.041726, -121.80462 58.0417, -121.804714 58.041679, -121.804811 58.041665, -121.804911 58.041656, -121.805012 58.041654, -121.806156 58.041668, -121.806099 58.041629, -121.806045 58.041587, -121.806 58.041542, -121.805965 58.041495, -121.805941 58.041446, -121.805927 58.041396, -121.805923 58.041345, -121.805931 58.041295, -121.805949 58.041245, -121.806052 58.041031, -121.805723 58.04046, -121.805701 58.040412, -121.805689 58.040363, -121.805687 58.040313, -121.805696 58.040264, -121.805714 58.040216, -121.805743 58.040169, -121.805979 58.039841, -121.806018 58.039795, -121.806066 58.039752, -121.806777 58.039187, -121.806868 58.039036, -121.806883 58.038878, -121.806286 58.038239, -121.806249 58.038194, -121.806223 58.038147, -121.806205 58.038099, -121.806198 58.038051, -121.806145 58.03683, -121.806145 58.036802, -121.806236 58.035533, -121.805531 58.034818, -121.805489 58.034768, -121.805458 58.034715, -121.80544 58.03466, -121.805435 58.034604, -121.805443 58.034549, -121.805464 58.034495, -121.805497 58.034442, -121.805543 58.034392, -121.805599 58.034345, -121.806293 58.033845, -121.806208 58.033199, -121.806207 58.033144, -121.806219 58.033089, -121.806244 58.033035, -121.806281 58.032983, -121.80633 58.032935, -121.807719 58.031733, -121.80777 58.031693, -121.80783 58.031657, -121.807896 58.031624, -121.807968 58.031595, -121.808046 58.03157, -121.808129 58.03155, -121.810999 58.030951, -121.8111 58.030934, -121.811205 58.030923, -121.811311 58.03092, -121.811416 58.030923, -121.811521 58.030934, -121.811622 58.030951, -121.811718 58.030975, -121.811807 58.031005, -121.811889 58.031041, -121.811962 58.031082, -121.812024 58.031127, -121.812076 58.031177, -121.812115 58.031229, -121.812141 58.031283, -121.812155 58.031339, -121.812155 58.031395, -121.812142 58.031451, -121.811362 58.033633, -121.811939 58.034267, -121.814069 58.034437, -121.814397 58.034285, -121.814523 58.033957, -121.814349 58.033696, -121.81432 58.033643, -121.814304 58.033589, -121.814301 58.033534, -121.81431 58.033479, -121.814332 58.033425, -121.814366 58.033373, -121.814412 58.033324, -121.814469 58.033278, -121.814536 58.033236, -121.814612 58.033199, -121.814697 58.033167, -121.814788 58.03314, -121.814884 58.03312, -121.815281 58.033051, -121.815363 58.03304, -121.815446 58.033032, -121.815531 58.033029, -121.817949 58.033009, -121.818985 58.032424, -121.820113 58.031431, -121.820122 58.031423, -121.820166 58.03139, -121.821457 58.030494, -121.820799 58.029367, -121.819303 58.028317, -121.818664 58.027876, -121.81861 58.027834, -121.818565 58.027788, -121.81853 58.02774, -121.818505 58.027691, -121.818492 58.02764, -121.81849 58.027589, -121.818498 58.027537, -121.818518 58.027487, -121.818548 58.027438, -121.818589 58.027392, -121.82158 58.024424, -121.82161 58.024396, -121.821674 58.024349, -121.821994 58.024147, -121.821143 58.023087, -121.82111 58.023037, -121.821087 58.022985, -121.821077 58.022933, -121.821078 58.02288, -121.82109 58.022827, -121.821115 58.022776, -121.82115 58.022727, -121.821197 58.02268, -121.821253 58.022636, -121.821319 58.022597, -121.821393 58.022561, -121.821474 58.022531, -121.821993 58.022359, -121.822056 58.02234, -121.822121 58.022324, -121.82219 58.022311, -121.822884 58.022197, -121.822987 58.022183, -121.823092 58.022177, -121.823198 58.022178, -121.823303 58.022185, -121.823405 58.0222, -121.823503 58.022221, -121.823595 58.022248, -121.823681 58.022282, -121.823757 58.02232, -121.823824 58.022364, -121.82388 58.022412, -121.823925 58.022462, -121.823957 58.022516, -121.823976 58.022571, -121.823982 58.022627, -121.823975 58.02342, -121.82404 58.023676, -121.824056 58.023684, -121.82588 58.023366, -121.826772 58.022934, -121.826945 58.022674, -121.826985 58.022624, -121.827035 58.022577, -121.827096 58.022534, -121.827166 58.022495, -121.827245 58.022461, -121.82733 58.022432, -121.827422 58.022408, -121.827518 58.022391, -121.827618 58.02238, -121.827719 58.022375, -121.829458 58.022348, -121.82956 58.02235, -121.829661 58.022358, -121.829758 58.022372, -121.829852 58.022393, -121.829941 58.022419, -121.830023 58.022451, -121.830097 58.022488, -121.830163 58.022529, -121.830218 58.022574, -121.830405 58.022747, -121.831271 58.022846, -121.831363 58.02286, -121.83145 58.022878, -121.831534 58.022902, -121.832182 58.023112, -121.832254 58.023137, -121.832319 58.023167, -121.832379 58.0232, -121.832432 58.023235, -121.832478 58.023274, -121.835568 58.026169, -121.835614 58.026219, -121.835648 58.026272, -121.835669 58.026326, -121.835678 58.026381, -121.835673 58.026437, -121.835628 58.026666, -121.836048 58.027534, -121.836067 58.027584, -121.836075 58.027636, -121.836071 58.027688, -121.835804 58.029175, -121.83579 58.029223, -121.835767 58.02927, -121.835735 58.029315, -121.835693 58.029358, -121.835643 58.029399, -121.834931 58.029912, -121.834868 58.030213, -121.834954 58.03058, -121.834961 58.030635, -121.834955 58.030689, -121.834937 58.030743, -121.834906 58.030795, -121.834864 58.030845, -121.83481 58.030891, -121.834747 58.030934, -121.834674 58.030973, -121.834592 58.031006, -121.835267 58.031747, -121.836412 58.033354, -121.836506 58.033372, -121.836595 58.033396, -121.836678 58.033426, -121.836755 58.03346, -121.836823 58.033499, -121.836881 58.033542, -121.83693 58.033589, -121.836968 58.033638, -121.836995 58.033689, -121.83701 58.033742, -121.837013 58.033795, -121.837004 58.033848, -121.836745 58.034786, -121.836731 58.034826, -121.83671 58.034865, -121.836513 58.035174, -121.836939 58.0356, -121.838543 58.035564, -121.839962 58.035012, -121.83971 58.034558, -121.839687 58.034504, -121.839677 58.034449, -121.839679 58.034394, -121.839694 58.03434, -121.839721 58.034286, -121.839761 58.034235, -121.839812 58.034187, -121.839874 58.034143, -121.839946 58.034103, -121.840026 58.034068, -121.840114 58.034039, -121.841378 58.033672, -121.842688 58.031782, -121.84273 58.031731, -121.842783 58.031684, -121.842847 58.03164, -121.842921 58.031601, -121.843003 58.031567, -121.843092 58.031539, -121.843188 58.031516, -121.843287 58.0315, -121.84339 58.031491, -121.843494 58.031488, -121.843598 58.031492, -121.843701 58.031503, -121.8438 58.031521, -121.843894 58.031544, -121.843982 58.031574, -121.844062 58.031609, -121.844134 58.03165, -121.844195 58.031694, -121.844246 58.031742, -121.844286 58.031794, -121.844313 58.031847, -121.844327 58.031902, -121.844527 58.033252, -121.845284 58.034726, -121.845303 58.034772, -121.845313 58.034819, -121.845313 58.034866, -121.845304 58.034913, -121.845285 58.034959, -121.844686 58.036147, -121.847394 58.036258, -121.847426 58.036259, -121.850699 58.036461, -121.85231 58.03527, -121.85257 58.034303, -121.852576 58.034284, -121.852595 58.034243, -121.852828 58.033812, -121.852712 58.032934, -121.850687 58.032368, -121.850602 58.032341, -121.850524 58.032309, -121.850454 58.032272, -121.850392 58.032231, -121.85034 58.032187, -121.850298 58.03214, -121.850266 58.032091, -121.850245 58.03204, -121.850236 58.031988, -121.850238 58.031936, -121.850322 58.031375, -121.850333 58.031328, -121.85036 58.031272, -121.851684 58.029136, -121.851645 58.028954, -121.850871 58.027537, -121.849857 58.026667, -121.850643 58.026126, -121.850704 58.026082, -121.850774 58.026042, -121.850853 58.026006, -121.85094 58.025977, -121.851033 58.025953, -121.851131 58.025935, -121.851232 58.025923, -121.851335 58.025919, -121.851438 58.025921, -121.85154 58.025929, -121.851639 58.025944, -121.851734 58.025966, -121.851824 58.025993, -121.851906 58.026026, -121.850489 58.024186, -121.850438 58.023242, -121.848348 58.021808, -121.846967 58.020645, -121.846318 58.019238, -121.845969 58.017318, -121.844491 58.010657, -121.842964 58.010027, -121.843016 58.010216, -121.843024 58.010272, -121.84302 58.010327, -121.843003 58.010382, -121.842972 58.010436, -121.84293 58.010487, -121.842875 58.010535, -121.84281 58.010579, -121.842735 58.010618, -121.842652 58.010652, -121.841247 58.011155, -121.840502 58.011799, -121.840447 58.01184, -121.840384 58.011878, -121.840313 58.011912, -121.840236 58.011941, -121.840152 58.011966, -121.840065 58.011985, -121.839973 58.011999, -121.839879 58.012008, -121.838125 58.012115, -121.83802 58.012118, -121.837916 58.012114, -121.837813 58.012103, -121.837714 58.012086, -121.83762 58.012062, -121.837532 58.012032, -121.837451 58.011997, -121.836047 58.011303, -121.835977 58.011264, -121.835917 58.011221, -121.835867 58.011175, -121.835827 58.011126, -121.835799 58.011074, -121.835782 58.011021, -121.835725 58.010732, -121.834933 58.010368, -121.834868 58.010334, -121.834809 58.010297, -121.834759 58.010257, -121.834717 58.010215, -121.834684 58.01017, -121.834218 58.009426, -121.834192 58.009372, -121.834178 58.009317, -121.834177 58.009261, -121.834189 58.009205, -121.834214 58.009151, -121.834252 58.009099, -121.834301 58.00905, -121.834362 58.009004, -121.834432 58.008963, -121.834512 58.008927, -121.835008 58.008728, -121.835018 58.008725, -121.83505 58.008713, -121.835918 58.008407, -121.835759 58.007483, -121.834857 58.006599, -121.834817 58.006553, -121.834786 58.006506, -121.834766 58.006456, -121.834756 58.006406, -121.834757 58.006356, -121.834769 58.006306, -121.834791 58.006257, -121.834936 58.006001, -121.83497 58.005953, -121.835013 58.005907, -121.835661 58.005308, -121.835675 58.005296, -121.836208 58.004838, -121.837306 58.003804, -121.837363 58.003758, -121.83743 58.003715, -121.837507 58.003677, -121.837593 58.003645, -121.837685 58.003618, -121.837783 58.003598, -121.837885 58.003585, -121.838002 58.003229, -121.838435 57.999215, -121.838447 57.999161, -121.838471 57.999108, -121.838507 57.999058, -121.838554 57.99901, -121.838612 57.998965, -121.83868 57.998924, -121.838756 57.998888, -121.83884 57.998857, -121.838931 57.998832, -121.839027 57.998813, -121.839126 57.9988, -121.839227 57.998793, -121.83933 57.998793, -121.841016 57.998846, -121.841633 57.998053, -121.841688 57.997784, -121.841706 57.997731, -121.841735 57.997679, -121.841775 57.99763, -121.841827 57.997583, -121.841889 57.99754, -121.84196 57.997501, -121.84204 57.997467, -121.842127 57.997439, -121.842219 57.997416, -121.842316 57.997399, -121.842416 57.997389, -121.842518 57.997385, -121.84262 57.997387, -121.842721 57.997396, -121.842818 57.997412, -121.842912 57.997433, -121.843 57.99746, -121.843081 57.997493, -121.843154 57.997531, -121.844161 57.998116, -121.844415 57.998242, -121.845859 57.99803, -121.845961 57.998019, -121.846064 57.998014, -121.846966 57.998003, -121.846981 57.997979, -121.84688 57.99762, -121.845884 57.996656, -121.845843 57.996611, -121.845812 57.996563, -121.845792 57.996514, -121.845781 57.996464, -121.845782 57.996413, -121.845849 57.995862, -121.844194 57.994952, -121.844127 57.99491, -121.844069 57.994864, -121.844023 57.994815, -121.843989 57.994763, -121.843967 57.994709, -121.843957 57.994654, -121.84396 57.994599, -121.844071 57.993962, -121.842783 57.993677, -121.8427 57.993656, -121.842621 57.99363, -121.842548 57.993599, -121.842482 57.993564, -121.841505 57.992992, -121.841442 57.99295, -121.841389 57.992905, -121.841346 57.992857, -121.841315 57.992806, -121.841295 57.992754, -121.841287 57.992701, -121.841291 57.992647, -121.841353 57.992309, -121.839844 57.991819, -121.839775 57.991793, -121.83971 57.991765, -121.839651 57.991733, -121.839599 57.991698, -121.838722 57.991049, -121.83867 57.991006, -121.838628 57.99096, -121.838596 57.990912, -121.838575 57.990862, -121.838564 57.990811, -121.838565 57.99076, -121.838629 57.990244, -121.838562 57.989918, -121.838259 57.989603, -121.838217 57.989552, -121.838188 57.989499, -121.838171 57.989444, -121.838167 57.989389, -121.838175 57.989334, -121.838197 57.98928, -121.838231 57.989227, -121.838849 57.988435, -121.838477 57.987765, -121.838089 57.987378, -121.838047 57.987329, -121.838017 57.987277, -121.837998 57.987224, -121.837991 57.98717, -121.837996 57.987117, -121.838014 57.987064, -121.838043 57.987012, -121.838084 57.986963, -121.838136 57.986916, -121.839239 57.98605, -121.839978 57.985357, -121.840357 57.984894, -121.840398 57.984851, -121.840448 57.98481, -121.840506 57.984772, -121.840571 57.984738, -121.840643 57.984708, -121.84072 57.984682, -121.84166 57.984403, -121.841756 57.984378, -121.841857 57.984361, -121.841962 57.98435, -121.842068 57.984346, -121.842175 57.984349, -121.842639 57.98438, -121.84278 57.983912, -121.84248 57.983494, -121.841989 57.983465, -121.841389 57.983501, -121.841288 57.983504, -121.841187 57.9835, -121.841087 57.98349, -121.84099 57.983474, -121.840898 57.983452, -121.840811 57.983424, -121.840732 57.983391, -121.84066 57.983352, -121.840598 57.98331, -121.840545 57.983264, -121.840503 57.983215, -121.840473 57.983164, -121.840454 57.983111, -121.840448 57.983057, -121.84044 57.98226, -121.840445 57.982207, -121.840463 57.982155, -121.840491 57.982104, -121.840531 57.982055, -121.840582 57.982009, -121.840642 57.981967, -121.840712 57.981928, -121.841165 57.981707, -121.841101 57.981296, -121.84042 57.981134, -121.840363 57.981118, -121.840318 57.981105, -121.839158 57.980719, -121.839074 57.980687, -121.838998 57.98065, -121.838932 57.980609, -121.838875 57.980563, -121.838829 57.980514, -121.838794 57.980463, -121.838772 57.980409, -121.838762 57.980355, -121.838765 57.9803, -121.83878 57.980246, -121.838807 57.980193, -121.839151 57.979663, -121.839184 57.979619, -121.839225 57.979578, -121.839797 57.979071, -121.83985 57.97903, -121.839911 57.978992, -121.839979 57.978958, -121.840054 57.978928, -121.840492 57.978773, -121.840342 57.97824, -121.83969 57.977601, -121.839198 57.977312, -121.838021 57.976804, -121.837944 57.976766, -121.837877 57.976724, -121.83782 57.976678, -121.837774 57.976628, -121.83774 57.976576, -121.837718 57.976522, -121.837709 57.976467, -121.837713 57.976412, -121.837729 57.976357, -121.837759 57.976304, -121.8378 57.976253, -121.837852 57.976206, -121.837916 57.976162, -121.837989 57.976122, -121.83807 57.976088, -121.838159 57.976059, -121.838254 57.976036, -121.838353 57.97602, -121.838456 57.97601, -121.83937 57.975953, -121.839399 57.975792, -121.839415 57.975737, -121.839444 57.975683, -121.839486 57.975631, -121.83954 57.975583, -121.839604 57.975538, -121.839679 57.975499, -121.839762 57.975464, -121.839853 57.975435, -121.83995 57.975413, -121.840599 57.975287, -121.840628 57.975274, -121.840115 57.974657, -121.84008 57.974606, -121.840056 57.974553, -121.840045 57.974499, -121.840045 57.974445, -121.840059 57.974391, -121.840084 57.974338, -121.840416 57.973795, -121.840041 57.973549, -121.839985 57.973508, -121.839938 57.973463, -121.839901 57.973417, -121.839874 57.973368, -121.839638 57.972826, -121.839621 57.972773, -121.839616 57.972718, -121.839624 57.972664, -121.839705 57.972349, -121.839602 57.972042, -121.839346 57.971741, -121.838044 57.971533, -121.837947 57.971514, -121.837856 57.97149, -121.837771 57.971459, -121.837694 57.971423, -121.837626 57.971383, -121.837567 57.971338, -121.837033 57.970877, -121.836985 57.97083, -121.836949 57.97078, -121.836924 57.970729, -121.83691 57.970676, -121.836909 57.970622, -121.836919 57.970569, -121.836941 57.970517, -121.836964 57.970475, -121.836996 57.970428, -121.837037 57.970382, -121.837088 57.97034, -121.838101 57.969585, -121.838146 57.969524, -121.838047 57.969424, -121.837653 57.969104, -121.8376 57.969053, -121.837587 57.969037, -121.837271 57.968647, -121.837116 57.96847, -121.836276 57.9676, -121.836234 57.967549, -121.836204 57.967495, -121.836187 57.967439, -121.836183 57.967383, -121.836193 57.967327, -121.836216 57.967272, -121.836252 57.967219, -121.8363 57.967168, -121.836359 57.967122, -121.836429 57.967079, -121.83706 57.966743, -121.837017 57.96649, -121.836541 57.966269, -121.836472 57.966233, -121.836411 57.966193, -121.836358 57.966149, -121.836316 57.966103, -121.836284 57.966054, -121.836263 57.966004, -121.836253 57.965952, -121.836232 57.965718, -121.835763 57.965273, -121.834033 57.965535, -121.833929 57.965547, -121.833824 57.965552, -121.833718 57.96555, -121.833613 57.96554, -121.832606 57.965418, -121.832509 57.965403, -121.832415 57.965382, -121.832328 57.965355, -121.832247 57.965323, -121.832174 57.965286, -121.832109 57.965244, -121.832055 57.965199, -121.832011 57.96515, -121.831979 57.965099, -121.831958 57.965046, -121.825865 57.963868, -121.82396 57.963666, -121.788425 57.967948, -121.779452 57.970816, -121.770317 57.975116, -121.762413 57.968494, -121.7716 57.960291, -121.771662 57.959609, -121.772634 57.948814, -121.776333 57.944616, -121.782375 57.940217, -121.787377 57.932429, -121.795412 57.921722, -121.80811 57.921164, -121.811768 57.926659, -121.811968 57.92819, -121.810249 57.930279, -121.809626 57.932326, -121.80883 57.93393, -121.8091 57.93599, -121.81274 57.938131, -121.815468 57.938412, -121.81692 57.940402, -121.816628 57.94182, -121.815217 57.94363, -121.814665 57.944969, -121.816286 57.94609, -121.818216 57.946864, -121.82065 57.94654, -121.824139 57.946764, -121.826509 57.947195, -121.82865 57.94739, -121.83033 57.94903, -121.83281 57.949747, -121.834843 57.950389, -121.834949 57.950384, -121.835055 57.950386, -121.835161 57.950395, -121.835263 57.95041, -121.835361 57.950433, -121.835453 57.950462, -121.835537 57.950497, -121.835612 57.950537, -121.836184 57.950884, -121.836238 57.95092, -121.836285 57.950959, -121.836323 57.951001, -121.836354 57.951044, -121.836376 57.951089, -121.836583 57.951621, -121.836676 57.951688, -121.837501 57.951688, -121.837606 57.951692, -121.838677 57.951764, -121.838776 57.951775, -121.83879 57.951776, -121.839774 57.951918, -121.839851 57.951931, -121.839924 57.951947, -121.839995 57.951968, -121.840916 57.952267, -121.840985 57.952198, -121.84084 57.952133, -121.840765 57.952095, -121.8407 57.952053, -121.840645 57.952007, -121.840601 57.951957, -121.840568 57.951905, -121.840548 57.951852, -121.84054 57.951797, -121.840545 57.951743, -121.840666 57.951132, -121.840513 57.950814, -121.840493 57.950759, -121.840486 57.950703, -121.840493 57.950647, -121.840513 57.950592, -121.840545 57.950539, -121.84059 57.950488, -121.840646 57.950441, -121.840713 57.950397, -121.840789 57.950359, -121.840874 57.950326, -121.840966 57.950298, -121.841064 57.950277, -121.841166 57.950263, -121.84127 57.950255, -121.841376 57.950255, -121.84148 57.950261, -121.841583 57.950274, -121.841681 57.950294, -121.842469 57.950484, -121.844187 57.950646, -121.844288 57.950659, -121.844385 57.950678, -121.844477 57.950704, -121.844562 57.950735, -121.844639 57.950772, -121.844707 57.950813, -121.844766 57.950858, -121.844813 57.950907, -121.844849 57.950958, -121.844873 57.951012, -121.844884 57.951066, -121.844883 57.951121, -121.844869 57.951176, -121.844842 57.951229, -121.844804 57.95128, -121.844754 57.951328, -121.844693 57.951372, -121.844623 57.951413, -121.844544 57.951448, -121.844457 57.951478, -121.844364 57.951502, -121.844266 57.95152, -121.844165 57.951532, -121.843599 57.951577, -121.843475 57.95209, -121.843593 57.952095, -121.845348 57.951707, -121.845358 57.951705, -121.845426 57.951693, -121.846108 57.951582, -121.846903 57.951301, -121.847392 57.950729, -121.847441 57.95068, -121.847501 57.950635, -121.847571 57.950595, -121.847649 57.950559, -121.847736 57.950528, -121.847829 57.950504, -121.847926 57.950485, -121.848028 57.950473, -121.848131 57.950468, -121.848235 57.950469, -121.848337 57.950478, -121.848437 57.950493, -121.848533 57.950514, -121.848623 57.950541, -121.848706 57.950574, -121.848781 57.950612, -121.848846 57.950655, -121.848902 57.950701, -121.848946 57.950751, -121.848978 57.950804, -121.849195 57.951247, -121.850099 57.951146, -121.85054 57.950506, -121.850574 57.950464, -121.850616 57.950424, -121.850665 57.950386, -121.850721 57.950352, -121.850784 57.95032, -121.852428 57.949572, -121.852369 57.947725, -121.851879 57.947242, -121.85186 57.947222, -121.851819 57.947168, -121.851437 57.946533, -121.851416 57.946492, -121.851403 57.946452, -121.851397 57.94641, -121.85134 57.945466, -121.850876 57.944742, -121.850848 57.944685, -121.850834 57.944628, -121.850796 57.944311, -121.850795 57.944257, -121.850807 57.944203, -121.850832 57.94415, -121.850868 57.944099, -121.850915 57.944051, -121.850973 57.944006, -121.851041 57.943965, -121.852134 57.943385, -121.851918 57.943004, -121.851623 57.942796, -121.850972 57.942645, -121.850879 57.94262, -121.850792 57.942588, -121.850713 57.942551, -121.850643 57.942509, -121.850584 57.942463, -121.850536 57.942413, -121.8505 57.94236, -121.850477 57.942306, -121.850466 57.94225, -121.850469 57.942194, -121.850485 57.942139, -121.850514 57.942085, -121.850665 57.941858, -121.850616 57.941845, -121.850594 57.941838, -121.850578 57.941834, -121.849662 57.941555, -121.849576 57.941525, -121.849497 57.94149, -121.849427 57.941449, -121.849367 57.941405, -121.849318 57.941357, -121.84928 57.941306, -121.84902 57.940881, -121.848993 57.940827, -121.84898 57.940771, -121.84898 57.940715, -121.848993 57.94066, -121.849019 57.940605, -121.849057 57.940553, -121.849108 57.940504, -121.84927 57.940367, -121.849106 57.939628, -121.849102 57.939605, -121.8491 57.939575, -121.8491 57.939098, -121.849107 57.939042, -121.849127 57.938987, -121.849482 57.938255, -121.849393 57.938124, -121.849026 57.937971, -121.848961 57.93794, -121.848901 57.937907, -121.848849 57.93787, -121.848056 57.937248, -121.848006 57.937204, -121.847966 57.937156, -121.847936 57.937107, -121.847918 57.937056, -121.84791 57.937004, -121.847914 57.936952, -121.84793 57.936901, -121.847956 57.936851, -121.847993 57.936803, -121.84804 57.936758, -121.84851 57.936361, -121.848391 57.935885, -121.848383 57.935829, -121.848389 57.935773, -121.848408 57.935718, -121.848439 57.935664, -121.848483 57.935614, -121.848539 57.935566, -121.848605 57.935522, -121.848681 57.935484, -121.848765 57.93545, -121.848857 57.935422, -121.849346 57.935295, -121.849439 57.935161, -121.849376 57.935061, -121.848654 57.934727, -121.846614 57.933892, -121.846544 57.93386, -121.846481 57.933823, -121.846425 57.933784, -121.846378 57.933741, -121.84634 57.933696, -121.846312 57.933649, -121.846083 57.93318, -121.846064 57.933129, -121.846057 57.933078, -121.84606 57.933026, -121.846074 57.932975, -121.8461 57.932926, -121.846136 57.932878, -121.846182 57.932832, -121.846237 57.93279, -121.846302 57.932751, -121.846374 57.932717, -121.848891 57.931649, -121.84897 57.931619, -121.849054 57.931595, -121.849143 57.931575, -121.851776 57.931092, -121.852258 57.930982, -121.852712 57.92997, -121.851411 57.929638, -121.851321 57.929611, -121.851237 57.929579, -121.851162 57.929541, -121.851096 57.929499, -121.85104 57.929453, -121.850995 57.929404, -121.850962 57.929352, -121.850941 57.929299, -121.850932 57.929244, -121.850936 57.929189, -121.851174 57.927912, -121.851138 57.927439, -121.850189 57.926417, -121.849529 57.925791, -121.849485 57.925743, -121.849452 57.925692, -121.849431 57.92564, -121.849422 57.925587, -121.849424 57.925534, -121.849438 57.925482, -121.849464 57.92543, -121.849501 57.925381, -121.849549 57.925334, -121.849607 57.925291, -121.849674 57.925251, -121.84975 57.925216, -121.849832 57.925186, -121.849921 57.925162, -121.851561 57.924773, -121.851657 57.924754, -121.851757 57.924741, -121.851859 57.924734, -121.851961 57.924735, -121.852063 57.924742, -121.852162 57.924755, -121.853063 57.924908, -121.853101 57.924915, -121.855305 57.925352, -121.857629 57.92565, -121.859193 57.925542, -121.859384 57.92458, -121.859282 57.924485, -121.858205 57.923939, -121.858135 57.923899, -121.858075 57.923855, -121.858025 57.923807, -121.857987 57.923757, -121.85796 57.923704, -121.857946 57.92365, -121.857944 57.923596, -121.857954 57.923542, -121.857977 57.923489, -121.858012 57.923437, -121.858058 57.923389, -121.858115 57.923343, -121.858182 57.923302, -121.858258 57.923265, -121.858341 57.923234, -121.858431 57.923208, -121.858527 57.923188, -121.858626 57.923174, -121.858728 57.923167, -121.85883 57.923166, -121.858932 57.923173, -121.859032 57.923185, -121.859673 57.923288, -121.859736 57.9233, -121.8598 57.923315, -121.86131 57.923708, -121.861395 57.923733, -121.861474 57.923763, -121.861546 57.923799, -121.86161 57.923838, -121.861664 57.923881, -121.861709 57.923927, -121.861744 57.923975, -121.862201 57.924744, -121.862925 57.92509, -121.863639 57.925436, -121.864571 57.925436, -121.86466 57.925438, -121.864748 57.925446, -121.864834 57.925458, -121.865652 57.925601, -121.866176 57.925682, -121.867195 57.925833, -121.868762 57.926053, -121.868801 57.926059, -121.869503 57.926178, -121.869579 57.926193, -121.869651 57.926211, -121.869721 57.926234, -121.870615 57.926555, -121.871201 57.926672, -121.871731 57.926688, -121.873278 57.926184, -121.874145 57.925816, -121.874218 57.925788, -121.874297 57.925765, -121.874711 57.925656, -121.877731 57.924745, -121.875061 57.923502, -121.874986 57.923462, -121.874921 57.923417, -121.874867 57.923369, -121.874824 57.923317, -121.874794 57.923263, -121.874778 57.923207, -121.874774 57.923151, -121.874784 57.923095, -121.874807 57.92304, -121.874843 57.922987, -121.874891 57.922937, -121.87495 57.92289, -121.87502 57.922848, -121.8751 57.92281, -121.875188 57.922778, -121.875806 57.922584, -121.875898 57.922559, -121.875996 57.92254, -121.876097 57.922527, -121.8762 57.922522, -121.876304 57.922523, -121.879176 57.922646, -121.880414 57.922141, -121.880429 57.922135, -121.880463 57.922122, -121.881243 57.921849, -121.885292 57.917532, -121.885336 57.917491, -121.885388 57.917452, -121.885447 57.917417, -121.885514 57.917385, -121.885586 57.917357, -121.890324 57.915713, -121.890414 57.915685, -121.89051 57.915664, -121.892729 57.915257, -121.893841 57.91361, -121.893975 57.912971, -121.893984 57.912939, -121.893989 57.912924, -121.894447 57.911829, -121.894468 57.911788, -121.894497 57.911748, -121.894532 57.911709, -121.894838 57.911415, -121.894855 57.911112, -121.894856 57.911099, -121.894861 57.911071, -121.895021 57.910369, -121.89504 57.910315, -121.89507 57.910263, -121.895113 57.910213, -121.895167 57.910166, -121.895231 57.910123, -121.895305 57.910085, -121.895387 57.910051, -121.895476 57.910024, -121.89557 57.910002, -121.895669 57.909986, -121.895771 57.909977, -121.896512 57.909936, -121.897897 57.909707, -121.898057 57.909427, -121.898092 57.909377, -121.898137 57.90933, -121.898192 57.909286, -121.898257 57.909246, -121.89833 57.90921, -121.89841 57.909179, -121.898497 57.909154, -121.898589 57.909133, -121.898684 57.909119, -121.898958 57.909087, -121.898923 57.908809, -121.898922 57.908753, -121.898925 57.908737, -121.899026 57.908168, -121.897623 57.907732, -121.897544 57.907705, -121.897472 57.907673, -121.897407 57.907636, -121.89735 57.907597, -121.897301 57.907554, -121.897262 57.907508, -121.897233 57.907461, -121.897055 57.907106, -121.896627 57.907059, -121.896557 57.907246, -121.89653 57.9073, -121.89649 57.907352, -121.896439 57.907401, -121.896376 57.907446, -121.896303 57.907487, -121.896222 57.907522, -121.896132 57.907552, -121.896037 57.907576, -121.895936 57.907593, -121.895832 57.907603, -121.895727 57.907606, -121.895622 57.907603, -121.895518 57.907592, -121.895418 57.907575, -121.894649 57.90741, -121.893616 57.90747, -121.893515 57.907473, -121.893413 57.907469, -121.893314 57.907459, -121.893217 57.907442, -121.893125 57.90742, -121.893038 57.907391, -121.892959 57.907357, -121.892888 57.907319, -121.892826 57.907276, -121.892774 57.90723, -121.892733 57.90718, -121.892703 57.907129, -121.892686 57.907075, -121.89268 57.907021, -121.892687 57.906968, -121.892706 57.906914, -121.892737 57.906863, -121.892779 57.906814, -121.892894 57.906699, -121.892011 57.906262, -121.891953 57.90623, -121.891901 57.906196, -121.891856 57.906159, -121.891818 57.906119, -121.891795 57.906093, -121.891757 57.906041, -121.891732 57.905987, -121.89172 57.905931, -121.891721 57.905875, -121.891735 57.90582, -121.891761 57.905766, -121.8918 57.905714, -121.891851 57.905666, -121.891913 57.905621, -121.892659 57.905147, -121.892304 57.904788, -121.892262 57.904738, -121.892232 57.904686, -121.892213 57.904633, -121.892207 57.904579, -121.892207 57.904564, -121.892212 57.904518, -121.892225 57.904473, -121.892247 57.904429, -121.892544 57.903928, -121.892577 57.903883, -121.892618 57.90384, -121.892667 57.903799, -121.892725 57.903762, -121.893411 57.903362, -121.893484 57.903324, -121.893563 57.903292, -121.89365 57.903265, -121.893742 57.903243, -121.893839 57.903227, -121.894806 57.903104, -121.894653 57.90247, -121.893389 57.90036, -121.894203 57.898121, -121.894853 57.898173, -121.894786 57.89802, -121.892437 57.893936, -121.888187 57.889346, -121.884987 57.885383, -121.883168 57.884138, -121.88832 57.877908, -121.893575 57.875841, -121.903337 57.875994, -121.904944 57.874612, -121.897648 57.87058, -121.895992 57.859985, -121.91839 57.859226, -121.931291 57.855696, -121.941907 57.860898, -121.949303 57.866952, -121.936557 57.875247, -121.939611 57.878469, -121.94123 57.879533, -121.945183 57.881734, -121.945501 57.883973, -121.9384 57.88762, -121.932826 57.892651, -121.921929 57.892614, -121.914643 57.895363, -121.918388 57.89949, -121.909675 57.902491, -121.907661 57.904462, -121.907971 57.904582, -121.908395 57.904585, -121.908491 57.904588, -121.908585 57.904597, -121.908677 57.904612, -121.909341 57.904742, -121.909437 57.904764, -121.909527 57.904793, -121.90961 57.904827, -121.909683 57.904866, -121.909748 57.90491, -121.909801 57.904958, -121.910213 57.905385, -121.91025 57.905429, -121.910278 57.905474, -121.910296 57.905521, -121.910305 57.905569, -121.910305 57.905616, -121.910271 57.905916, -121.910576 57.905795, -121.910669 57.905763, -121.910761 57.905739, -121.911961 57.905479, -121.912041 57.905465, -121.912124 57.905454, -121.912208 57.905448, -121.912293 57.905447, -121.913864 57.905462, -121.91396 57.905466, -121.914054 57.905475, -121.914145 57.90549, -121.914233 57.905511, -121.914315 57.905537, -121.914392 57.905567, -121.914461 57.905602, -121.914618 57.90569, -121.915562 57.905469, -121.915657 57.905451, -121.915756 57.905438, -121.915856 57.905432, -121.915958 57.905432, -121.916058 57.905439, -121.916157 57.905452, -121.916251 57.905472, -121.916341 57.905497, -121.916424 57.905528, -121.9165 57.905564, -121.916567 57.905604, -121.916624 57.905648, -121.916671 57.905696, -121.916707 57.905747, -121.916731 57.905799, -121.916744 57.905852, -121.916744 57.905906, -121.916738 57.905961, -121.917618 57.906103, -121.917688 57.906116, -121.917756 57.906132, -121.917821 57.906152, -121.918683 57.906438, -121.918763 57.906468, -121.918836 57.906503, -121.9189 57.906542, -121.918956 57.906585, -121.919002 57.906631, -121.919038 57.906679, -121.919063 57.906729, -121.919077 57.906781, -121.919122 57.90707, -121.91914 57.907072, -121.91924 57.907085, -121.919336 57.907105, -121.919427 57.907131, -121.919511 57.907163, -121.919588 57.9072, -121.919655 57.907241, -121.919713 57.907287, -121.920362 57.907879, -121.920631 57.907895, -121.920732 57.907905, -121.92083 57.907921, -121.920923 57.907943, -121.921011 57.907971, -121.921091 57.908004, -121.921164 57.908043, -121.921227 57.908086, -121.92128 57.908132, -121.921322 57.908182, -121.921352 57.908234, -121.92137 57.908287, -121.921376 57.908342, -121.92137 57.908396, -121.921351 57.908449, -121.92132 57.908501, -121.921278 57.908551, -121.921225 57.908597, -121.920279 57.909318, -121.920219 57.909358, -121.92015 57.909395, -121.920075 57.909427, -121.919993 57.909455, -121.919905 57.909477, -121.919813 57.909493, -121.919719 57.909504, -121.918094 57.909642, -121.917988 57.909647, -121.917882 57.909645, -121.917777 57.909637, -121.917675 57.909621, -121.917578 57.909598, -121.917486 57.90957, -121.917403 57.909535, -121.917328 57.909495, -121.917263 57.909451, -121.917094 57.909318, -121.916605 57.909487, -121.916523 57.909512, -121.916436 57.909532, -121.916346 57.909547, -121.916253 57.909556, -121.916158 57.90956, -121.916064 57.909558, -121.915509 57.909529, -121.915679 57.909869, -121.9157 57.909924, -121.915708 57.90998, -121.915702 57.910035, -121.915684 57.91009, -121.915653 57.910143, -121.91561 57.910194, -121.915556 57.910241, -121.91549 57.910285, -121.914569 57.910828, -121.913898 57.911463, -121.913877 57.911482, -121.913828 57.911519, -121.912943 57.912122, -121.912885 57.912158, -121.91282 57.91219, -121.91275 57.912218, -121.912172 57.912426, -121.912262 57.912497, -121.91231 57.91254, -121.912349 57.912586, -121.912378 57.912635, -121.912396 57.912684, -121.912404 57.912734, -121.912568 57.915945, -121.912798 57.91626, -121.918627 57.917008, -121.919976 57.91673, -121.920069 57.916714, -121.920165 57.916704, -121.920262 57.9167, -121.92036 57.916702, -121.920456 57.91671, -121.921669 57.916847, -121.921765 57.916861, -121.921856 57.916881, -121.921942 57.916906, -121.922023 57.916936, -121.922096 57.916972, -121.922161 57.917011, -121.922217 57.917054, -121.922262 57.917101, -121.922298 57.91715, -121.922322 57.9172, -121.922335 57.917252, -121.922337 57.917305, -121.922327 57.917357, -121.922256 57.917593, -121.922761 57.918014, -121.923336 57.918208, -121.923419 57.918241, -121.923494 57.918278, -121.92356 57.91832, -121.923616 57.918365, -121.923662 57.918414, -121.923999 57.918845, -121.925022 57.919783, -121.927024 57.920243, -121.927115 57.920267, -121.927199 57.920297, -121.927275 57.920331, -121.927344 57.920371, -121.927695 57.9206, -121.927751 57.920641, -121.927774 57.920662, -121.929052 57.921857, -121.93036 57.922414, -121.930436 57.92245, -121.930504 57.922492, -121.930561 57.922537, -121.930607 57.922585, -121.930642 57.922637, -121.930665 57.92269, -121.930676 57.922744, -121.930674 57.922799, -121.93066 57.922853, -121.930634 57.922905, -121.930596 57.922956, -121.930546 57.923004, -121.930486 57.923048, -121.930416 57.923088, -121.930338 57.923123, -121.930252 57.923153, -121.93016 57.923177, -121.930063 57.923195, -121.929963 57.923207, -121.929861 57.923212, -121.929758 57.923211, -121.929657 57.923203, -121.929125 57.923142, -121.928274 57.923166, -121.928192 57.923166, -121.928111 57.923162, -121.92803 57.923154, -121.927078 57.923031, -121.925812 57.923959, -121.925846 57.924081, -121.926995 57.924923, -121.929279 57.925972, -121.929301 57.925983, -121.929374 57.926024, -121.929939 57.926382, -121.929998 57.926425, -121.930047 57.92647, -121.930086 57.926519, -121.930114 57.926569, -121.93013 57.926621, -121.930135 57.926674, -121.930129 57.926726, -121.930111 57.926778, -121.930081 57.926828, -121.929849 57.927156, -121.930104 57.927525, -121.930994 57.92715, -121.931074 57.92712, -121.931161 57.927095, -121.931252 57.927076, -121.931346 57.927063, -121.931443 57.927055, -121.931541 57.927053, -121.931639 57.927058, -121.931735 57.927068, -121.933666 57.92734, -121.934177 57.927345, -121.934674 57.927238, -121.934702 57.927232, -121.935595 57.927061, -121.935668 57.927049, -121.935756 57.927039, -121.936282 57.926997, -121.936312 57.926282, -121.936321 57.926228, -121.936342 57.926174, -121.936375 57.926122, -121.93642 57.926073, -121.936476 57.926027, -121.936543 57.925984, -121.936618 57.925947, -121.936701 57.925915, -121.936792 57.925888, -121.936887 57.925867, -121.936987 57.925853, -121.937089 57.925845, -121.937193 57.925844, -121.937295 57.92585, -121.937396 57.925862, -121.938052 57.925965, -121.938146 57.925983, -121.938235 57.926007, -121.938318 57.926036, -121.938394 57.92607, -121.938462 57.926108, -121.938521 57.926151, -121.93857 57.926197, -121.938609 57.926246, -121.938947 57.926754, -121.939529 57.927054, -121.93974 57.927083, -121.942253 57.926785, -121.942354 57.926777, -121.942456 57.926775, -121.942559 57.926779, -121.943146 57.926825, -121.943245 57.926836, -121.94334 57.926853, -121.943431 57.926876, -121.943516 57.926904, -121.943594 57.926938, -121.944523 57.927389, -121.944849 57.927439, -121.945175 57.927291, -121.945224 57.92727, -121.945261 57.927256, -121.945521 57.927166, -121.946683 57.926237, -121.946525 57.926055, -121.946421 57.926045, -121.94632 57.926028, -121.946224 57.926004, -121.946134 57.925975, -121.946052 57.925939, -121.945979 57.925899, -121.945916 57.925854, -121.945864 57.925805, -121.945825 57.925753, -121.945797 57.925699, -121.945783 57.925643, -121.945781 57.925587, -121.945793 57.925531, -121.945818 57.925477, -121.945856 57.925424, -121.945906 57.925375, -121.946327 57.925011, -121.946389 57.924964, -121.946461 57.924923, -121.946542 57.924886, -121.946632 57.924856, -121.946728 57.924831, -121.946829 57.924813, -121.946933 57.924802, -121.94704 57.924799, -121.947146 57.924802, -121.947251 57.924812, -121.947352 57.924829, -121.947449 57.924853, -121.947539 57.924884, -121.948592 57.925062, -121.948892 57.924929, -121.948963 57.924901, -121.949038 57.924877, -121.949117 57.924858, -121.9492 57.924843, -121.949726 57.924763, -121.94981 57.924752, -121.949896 57.924746, -121.949982 57.924745, -121.951273 57.924764, -121.951809 57.924768, -121.951846 57.924769, -121.953528 57.924821, -121.955228 57.924477, -121.955297 57.924465, -121.955368 57.924456, -121.95544 57.92445, -121.957476 57.924336, -121.957579 57.924333, -121.95768 57.924337, -121.957781 57.924348, -121.957878 57.924365, -121.95797 57.924388, -121.958057 57.924417, -121.958136 57.924451, -121.958207 57.92449, -121.958269 57.924533, -121.95832 57.92458, -121.95836 57.92463, -121.958389 57.924682, -121.958693 57.925393, -121.959145 57.925503, -121.959228 57.925526, -121.959305 57.925554, -121.959377 57.925587, -121.959441 57.925623, -121.959497 57.925663, -121.959544 57.925706, -121.959583 57.925751, -121.959903 57.926197, -121.959932 57.926245, -121.95995 57.926295, -121.959958 57.926345, -121.959955 57.926395, -121.959942 57.926445, -121.959725 57.92702, -121.959915 57.927473, -121.959932 57.927527, -121.959935 57.927583, -121.959926 57.927638, -121.959904 57.927692, -121.959869 57.927745, -121.959823 57.927794, -121.959765 57.92784, -121.959698 57.927883, -121.959621 57.92792, -121.959535 57.927952, -121.959443 57.927978, -121.959346 57.927998, -121.958103 57.928522, -121.955121 57.927495, -121.955019 57.927496, -121.954918 57.927491, -121.954818 57.927479, -121.954722 57.927462, -121.95463 57.927438, -121.954545 57.927408, -121.954467 57.927373, -121.954397 57.927334, -121.954337 57.92729, -121.954287 57.927243, -121.954248 57.927192, -121.954221 57.92714, -121.954206 57.927087, -121.954126 57.926595, -121.952594 57.926346, -121.952583 57.926354, -121.952471 57.926549, -121.952508 57.927031, -121.952648 57.927298, -121.953091 57.927684, -121.953132 57.927725, -121.953165 57.927767, -121.95319 57.927811, -121.953206 57.927857, -121.953351 57.928421, -121.953359 57.928474, -121.953355 57.928527, -121.953339 57.928579, -121.953312 57.92863, -121.953273 57.928679, -121.953224 57.928725, -121.953165 57.928768, -121.953098 57.928807, -121.952831 57.928942, -121.952988 57.929634, -121.953236 57.93014, -121.953843 57.930564, -121.953881 57.930593, -121.953915 57.930624, -121.954108 57.930815, -121.954411 57.930817, -121.954495 57.930726, -121.954548 57.930677, -121.954612 57.930632, -121.954687 57.930591, -121.95477 57.930556, -121.954861 57.930526, -121.954958 57.930503, -121.955805 57.930335, -121.955904 57.930319, -121.956006 57.93031, -121.956109 57.930307, -121.956212 57.930311, -121.956314 57.930322, -121.956412 57.930339, -121.956506 57.930362, -121.956593 57.930391, -121.956673 57.930426, -121.95788 57.931018, -121.957949 57.931056, -121.958009 57.931098, -121.95806 57.931144, -121.958099 57.931193, -121.958128 57.931244, -121.958145 57.931296, -121.95815 57.931349, -121.958144 57.931402, -121.958126 57.931455, -121.958096 57.931505, -121.958055 57.931554, -121.958004 57.931599, -121.957632 57.931889, -121.95793 57.932231, -121.958881 57.932523, -121.959706 57.93272, -121.960231 57.932714, -121.960342 57.932669, -121.960955 57.932256, -121.961347 57.931992, -121.967158 57.928081, -121.966719 57.925619, -121.967101 57.923729, -121.96549 57.922063, -121.965178 57.919961, -121.962901 57.918562, -121.963434 57.91776, -121.966385 57.915281, -121.974611 57.913676, -121.978832 57.914478, -121.982463 57.917346, -121.991656 57.917471, -121.993681 57.916106, -121.993908 57.913973, -121.998922 57.912269, -122.002729 57.911813, -122.006455 57.914635, -122.007461 57.917804, -122.005896 57.919897, -122.006205 57.922046, -122.00873 57.923548, -122.011953 57.92607, -122.01457 57.926719, -122.018821 57.926287, -122.021343 57.92573, -122.023441 57.925337, -122.024875 57.925581, -122.027985 57.926834, -122.030841 57.928641, -122.030576 57.930023, -122.03155 57.93122, -122.033447 57.934566, -122.043372 57.937239, -122.047228 57.939731, -122.049881 57.94451, -122.050853 57.944906, -122.051412 57.949214, -122.057796 57.952399, -122.064104 57.954171, -122.067578 57.956599, -122.068436 57.96113, -122.072932 57.964401, -122.079593 57.966569, -122.091702 57.97996, -122.094801 57.986726, -122.09917 57.989011, -122.120369 57.994824, -122.134226 57.995282, -122.134273 57.998914, -122.126933 58.002667, -122.128002 58.007613, -122.125 58.014228, -122.128365 58.019409, -122.120702 58.025219, -122.106158 58.028189, -122.119643 58.040548, -122.147579 58.050908, -122.147718 58.055716, -122.144038 58.056615, -122.141787 58.06208, -122.143172 58.071169, -122.137955 58.072638, -122.13657 58.076552, -122.138117 58.079285, -122.136257 58.080849, -122.128881 58.079917, -122.125022 58.077828, -122.123549 58.075164, -122.115129 58.077329, -122.101989 58.078373, -122.090191 58.075175, -122.080074 58.072199, -122.069622 58.073404, -122.068848 58.075531, -122.05917 58.086061, -122.04093 58.088094, -122.031652 58.078378, -122.030691 58.078557, -122.028773 58.078922, -122.027737 58.079066, -122.02662 58.079155, -122.025449 58.079256, -122.024236 58.079384, -122.021783 58.07953, -122.020602 58.079376, -122.019504 58.079072, -122.018456 58.078716, -122.01614 58.078237, -122.014876 58.078158, -122.013624 58.078168, -122.011211 58.078078, -122.010105 58.077862, -122.008762 58.076855, -122.008702 58.076197, -122.00918 58.075586, -122.010756 58.074558, -122.011789 58.073395, -122.01173 58.072831, -122.011195 58.072423, -122.010373 58.072273, -122.008701 58.072682, -122.006697 58.073102, -122.005591 58.072965, -122.004615 58.07261, -122.003821 58.072116, -122.002527 58.070648, -122.001714 58.069385, -122.001289 58.068429, -122.002775 58.067692, -122.004983 58.067894, -122.007257 58.068431, -122.00978 58.068335, -122.010869 58.067945, -122.012672 58.066115, -122.012329 58.064733, -122.01224 58.064596, -122.01149 58.063435, -122.009625 58.062661, -122.007942 58.062527, -122.005166 58.061191, -121.999659 58.060174, -121.999414 58.060129, -121.999324 58.060099, -121.999243 58.060064, -121.99917 58.060024, -121.997899 58.059228, -121.997219 58.058877, -121.997161 58.058844, -121.997145 58.058833, -121.996665 58.05851, -121.995834 58.058408, -121.99531 58.058462, -121.995235 58.058468, -121.995159 58.05847, -121.995083 58.058469, -121.993389 58.0584, -121.993302 58.058394, -121.993217 58.058384, -121.993134 58.058368, -121.993055 58.058349, -121.99298 58.058325, -121.991842 58.057918, -121.991363 58.05801, -121.990914 58.058351, -121.990884 58.058372, -121.990595 58.058566, -121.990538 58.058601, -121.990474 58.058632, -121.990405 58.05866, -121.989375 58.05903, -121.989287 58.059058, -121.989193 58.05908, -121.989094 58.059095, -121.988993 58.059104, -121.98889 58.059107, -121.988788 58.059103, -121.988687 58.059093, -121.988589 58.059076, -121.988496 58.059053, -121.988409 58.059025, -121.988329 58.05899, -121.987862 58.058766, -121.987173 58.058893, -121.986647 58.059344, -121.986624 58.059399, -121.986589 58.059453, -121.986541 58.059503, -121.986481 58.05955, -121.986411 58.059592, -121.986332 58.05963, -121.986244 58.059662, -121.986149 58.059688, -121.986049 58.059707, -121.985945 58.059719, -121.985839 58.059725, -121.985732 58.059723, -121.985627 58.059715, -121.985525 58.059699, -121.985427 58.059677, -121.985335 58.059648, -121.985251 58.059614, -121.984544 58.059286, -121.984353 58.059318, -121.984308 58.059325, -121.984256 58.059332, -121.98389 58.05937, -121.983785 58.059377, -121.983679 58.059377, -121.983573 58.059371, -121.98347 58.059357, -121.980733 58.058897, -121.980146 58.059854, -121.980135 58.05987, -121.979958 58.060125, -121.979826 58.060581, -121.979804 58.060634, -121.97977 58.060686, -121.979724 58.060735, -121.979667 58.060781, -121.9796 58.060823, -121.979524 58.06086, -121.97944 58.060892, -121.979348 58.060919, -121.979252 58.060939, -121.979152 58.060953, -121.977004 58.061175, -121.976864 58.06162, -121.976862 58.061628, -121.976843 58.06167, -121.976604 58.062113, -121.976528 58.062339, -121.977211 58.062843, -121.978768 58.062504, -121.978782 58.062501, -121.979593 58.062335, -121.981518 58.061674, -121.981609 58.061646, -121.981705 58.061625, -121.981806 58.061611, -121.981909 58.061603, -121.982013 58.061602, -121.982117 58.061607, -121.982218 58.061619, -121.982316 58.061638, -121.982409 58.061663, -121.982936 58.061827, -121.983019 58.061857, -121.983095 58.061891, -121.983162 58.06193, -121.983221 58.061973, -121.983269 58.062019, -121.983307 58.062068, -121.983334 58.062119, -121.98335 58.062171, -121.983402 58.062464, -121.9835 58.062905, -121.983506 58.06296, -121.983499 58.063014, -121.98348 58.063068, -121.983448 58.06312, -121.983284 58.063344, -121.982511 58.064484, -121.983457 58.06485, -121.983536 58.064885, -121.983606 58.064925, -121.983667 58.064968, -121.983718 58.065016, -121.983757 58.065066, -121.983785 58.065119, -121.9838 58.065173, -121.983803 58.065227, -121.983774 58.065688, -121.983776 58.065701, -121.984785 58.065714, -121.984889 58.065718, -121.984991 58.06573, -121.98509 58.065748, -121.985184 58.065772, -121.985271 58.065803, -121.985351 58.065838, -121.985422 58.065879, -121.985482 58.065924, -121.985532 58.065973, -121.985571 58.066024, -121.985597 58.066078, -121.98561 58.066133, -121.98564 58.066386, -121.985885 58.06645, -121.986443 58.066333, -121.98654 58.066316, -121.98664 58.066305, -121.986742 58.066301, -121.986844 58.066303, -121.986944 58.066312, -121.987042 58.066327, -121.987136 58.066349, -121.98817 58.066624, -121.989058 58.066798, -121.989858 58.066805, -121.989964 58.066809, -121.990068 58.06682, -121.990168 58.066838, -121.990264 58.066863, -121.990352 58.066894, -121.990433 58.06693, -121.990837 58.067136, -121.990899 58.067171, -121.990956 58.067211, -121.99132 58.067502, -121.991636 58.067691, -121.991811 58.067666, -121.991912 58.067655, -121.992016 58.067651, -121.99212 58.067654, -121.992222 58.067663, -121.992321 58.067679, -121.992416 58.067701, -121.992506 58.06773, -121.992588 58.067763, -121.992661 58.067802, -121.992725 58.067845, -121.992779 58.067892, -121.992821 58.067943, -121.992851 58.067995, -121.99287 58.068049, -121.992875 58.068104, -121.992868 58.068159, -121.992848 58.068213, -121.992413 58.069098, -121.992383 58.069146, -121.992344 58.069192, -121.992295 58.069236, -121.992237 58.069276, -121.992171 58.069313, -121.992097 58.069345, -121.992017 58.069373, -121.991319 58.069587, -121.991099 58.069866, -121.991139 58.070077, -121.991143 58.070132, -121.991134 58.070187, -121.991113 58.07024, -121.99108 58.070292, -121.991035 58.070341, -121.990979 58.070387, -121.990913 58.070429, -121.990837 58.070467, -121.990754 58.070499, -121.990664 58.070526, -121.990568 58.070547, -121.990468 58.070561, -121.988599 58.070767, -121.988509 58.070774, -121.988417 58.070776, -121.988326 58.070773, -121.988236 58.070765, -121.986169 58.070513, -121.986094 58.070502, -121.986023 58.070488, -121.984954 58.070244, -121.984887 58.070226, -121.984808 58.070201, -121.984354 58.070034, -121.983028 58.070005, -121.982922 58.07, -121.982818 58.069987, -121.982718 58.069967, -121.982623 58.069941, -121.982536 58.069908, -121.982457 58.069871, -121.982388 58.069828, -121.982329 58.06978, -121.981879 58.069553, -121.981243 58.069811, -121.981161 58.06984, -121.981074 58.069864, -121.980982 58.069882, -121.980887 58.069895, -121.98079 58.069902, -121.980692 58.069902, -121.980594 58.069897, -121.980498 58.069886, -121.980405 58.069869, -121.978971 58.069556, -121.978882 58.069534, -121.978799 58.069506, -121.978723 58.069473, -121.978654 58.069436, -121.978594 58.069394, -121.978543 58.06935, -121.978502 58.069302, -121.978247 58.068951, -121.977917 58.068821, -121.977295 58.068881, -121.977193 58.068887, -121.97709 58.068887, -121.976988 58.068881, -121.976888 58.068868, -121.976792 58.068848, -121.976701 58.068823, -121.976617 58.068792, -121.97654 58.068755, -121.976473 58.068714, -121.976415 58.06867, -121.975649 58.067991, -121.974281 58.066836, -121.973702 58.066929, -121.972757 58.067382, -121.973188 58.068279, -121.973204 58.068322, -121.973213 58.068365, -121.973213 58.068409, -121.973206 58.068452, -121.972817 58.069921, -121.972796 58.069974, -121.972764 58.070025, -121.972721 58.070074, -121.972666 58.07012, -121.972602 58.070162, -121.972528 58.070199, -121.972447 58.070232, -121.971905 58.070423, -121.971854 58.07044, -121.969982 58.071001, -121.969892 58.071024, -121.969797 58.071042, -121.9697 58.071053, -121.9696 58.071058, -121.9695 58.071057, -121.969401 58.07105, -121.969304 58.071037, -121.969211 58.071017, -121.96854 58.070853, -121.968449 58.070827, -121.968365 58.070796, -121.968288 58.070759, -121.968221 58.070718, -121.968163 58.070673, -121.968117 58.070624, -121.968082 58.070572, -121.968059 58.070519, -121.968048 58.070465, -121.96805 58.07041, -121.968064 58.070356, -121.968091 58.070303, -121.96813 58.070253, -121.96818 58.070205, -121.968241 58.070161, -121.968311 58.070121, -121.970105 58.069218, -121.968719 58.068759, -121.964682 58.069081, -121.963611 58.070519, -121.963591 58.070543, -121.963543 58.07059, -121.956088 58.076985, -121.956077 58.076994, -121.955821 58.077201, -121.956371 58.077946, -121.956387 58.077969, -121.956406 58.078004, -121.956505 58.078222, -121.956523 58.078273, -121.956529 58.078326, -121.956523 58.078378, -121.956506 58.07843, -121.956478 58.07848, -121.956439 58.078528, -121.95639 58.078573, -121.956331 58.078615, -121.955201 58.079329, -121.954829 58.080426, -121.954803 58.080481, -121.954764 58.080533, -121.954713 58.080583, -121.954651 58.080629, -121.954578 58.080671, -121.954496 58.080707, -121.954405 58.080738, -121.954308 58.080762, -121.954207 58.08078, -121.954101 58.08079, -121.950982 58.08099, -121.950312 58.081538, -121.950258 58.081578, -121.950195 58.081615, -121.950125 58.081647, -121.950049 58.081676, -121.949967 58.0817, -121.949881 58.081718, -121.947162 58.082223, -121.944484 58.082707, -121.945077 58.084334, -121.945088 58.084375, -121.945092 58.084416, -121.94509 58.084457, -121.944655 58.087213, -121.945173 58.08751, -121.945232 58.087548, -121.945283 58.087589, -121.945325 58.087633, -121.945358 58.087679, -121.945381 58.087726, -121.945542 58.08815, -121.945555 58.088204, -121.945557 58.088257, -121.945547 58.088311, -121.945524 58.088363, -121.94549 58.088414, -121.945444 58.088462, -121.945389 58.088507, -121.945323 58.088548, -121.945248 58.088584, -121.945166 58.088616, -121.944106 58.088974, -121.943406 58.089327, -121.942759 58.09012, -121.942722 58.090195, -121.94271 58.090217, -121.942675 58.090265, -121.940791 58.092467, -121.940819 58.092785, -121.941388 58.092937, -121.942061 58.092994, -121.94265 58.093039, -121.942753 58.09305, -121.942852 58.093068, -121.942947 58.093093, -121.943035 58.093123, -121.943115 58.093159, -121.943186 58.0932, -121.943247 58.093245, -121.943297 58.093294, -121.943335 58.093346, -121.943361 58.0934, -121.943374 58.093455, -121.943406 58.09375, -121.943669 58.094173, -121.945157 58.095187, -121.946053 58.094813, -121.946139 58.094782, -121.946231 58.094756, -121.946328 58.094737, -121.946429 58.094724, -121.946532 58.094717, -121.946637 58.094718, -121.94674 58.094725, -121.94684 58.094738, -121.946937 58.094759, -121.947029 58.094785, -121.951446 58.096246, -121.951532 58.096279, -121.95161 58.096317, -121.951678 58.09636, -121.951736 58.096407, -121.951782 58.096457, -121.951816 58.09651, -121.951837 58.096565, -121.951845 58.096621, -121.951839 58.096677, -121.951821 58.096733, -121.951789 58.096786, -121.951745 58.096837, -121.95169 58.096885, -121.951623 58.096929, -121.951547 58.096968, -121.951462 58.097001, -121.95137 58.097029, -121.951272 58.097051, -121.945473 58.1003, -121.938667 58.101601, -121.935223 58.100422, -121.936401 58.098309, -121.936027 58.098027, -121.934755 58.097645, -121.934473 58.09786, -121.934407 58.097903, -121.934331 58.097943, -121.934247 58.097976, -121.934155 58.098004, -121.934058 58.098026, -121.933956 58.098041, -121.933851 58.09805, -121.933746 58.098051, -121.93364 58.098046, -121.933537 58.098033, -121.932968 58.097945, -121.928764 58.097397, -121.928438 58.097439, -121.927238 58.100866, -121.930514 58.102152, -121.930593 58.102187, -121.930663 58.102228, -121.930724 58.102272, -121.930774 58.10232, -121.930813 58.102371, -121.93084 58.102424, -121.930854 58.102478, -121.930855 58.102533, -121.930845 58.102587, -121.93073 58.102946, -121.930707 58.102998, -121.930672 58.103049, -121.930626 58.103097, -121.930569 58.103142, -121.930503 58.103183, -121.930428 58.10322, -121.930344 58.103251, -121.930255 58.103277, -121.93016 58.103297, -121.930061 58.103311, -121.92996 58.103318, -121.929858 58.103319, -121.929756 58.103314, -121.929657 58.103302, -121.92956 58.103284, -121.929469 58.103259, -121.929384 58.10323, -121.926079 58.101917, -121.920554 58.103308, -121.920199 58.103561, -121.920132 58.103604, -121.920056 58.103641, -121.919971 58.103674, -121.91988 58.1037, -121.919783 58.103721, -121.919682 58.103735, -121.919578 58.103742, -121.919474 58.103742, -121.91937 58.103736, -121.919269 58.103723, -121.919171 58.103704, -121.917642 58.103342, -121.914127 58.102706, -121.912777 58.103128, -121.912701 58.103149, -121.91262 58.103166, -121.912537 58.103178, -121.912451 58.103186, -121.912365 58.103189, -121.912313 58.103475, -121.912296 58.10353, -121.912266 58.103584, -121.912224 58.103636, -121.91217 58.103684, -121.912105 58.103729, -121.912029 58.103768, -121.911945 58.103803, -121.911854 58.103831, -121.911756 58.103854, -121.911185 58.103963, -121.910794 58.104227, -121.910782 58.104235, -121.91076 58.104249, -121.910477 58.104417, -121.910466 58.104423, -121.910359 58.104484, -121.910289 58.10452, -121.910211 58.104552, -121.910126 58.104578, -121.910037 58.104599, -121.909943 58.104615, -121.909847 58.104624, -121.909014 58.104682, -121.908913 58.104685, -121.908812 58.104683, -121.908712 58.104674, -121.908615 58.104658, -121.908522 58.104637, -121.908435 58.10461, -121.908354 58.104578, -121.908281 58.104541, -121.908217 58.104499, -121.908163 58.104454, -121.908119 58.104405, -121.908086 58.104355, -121.908066 58.104302, -121.908057 58.104249, -121.90806 58.104195, -121.908075 58.104142, -121.908103 58.104091, -121.908141 58.104041, -121.908428 58.103728, -121.907952 58.103833, -121.90738 58.103998, -121.907287 58.104021, -121.90719 58.104037, -121.907089 58.104048, -121.906489 58.104091, -121.906271 58.104791, -121.906386 58.105168, -121.906396 58.105225, -121.906393 58.105281, -121.906377 58.105337, -121.906347 58.105391, -121.906305 58.105443, -121.906251 58.105491, -121.906185 58.105536, -121.90611 58.105576, -121.906026 58.105611, -121.905934 58.105639, -121.905836 58.105662, -121.905734 58.105678, -121.905628 58.105687, -121.905522 58.105688, -121.905415 58.105683, -121.905311 58.105671, -121.905211 58.105652, -121.905116 58.105626, -121.905028 58.105594, -121.904173 58.105243, -121.904097 58.105208, -121.90403 58.105168, -121.903972 58.105125, -121.903924 58.105078, -121.903887 58.105028, -121.903409 58.104241, -121.902785 58.103953, -121.902765 58.103943, -121.902724 58.103921, -121.902548 58.103822, -121.902517 58.103803, -121.902471 58.103772, -121.901724 58.103203, -121.901671 58.103158, -121.901629 58.103109, -121.901598 58.103059, -121.901579 58.103006, -121.901572 58.102953, -121.901576 58.1029, -121.901593 58.102847, -121.901621 58.102796, -121.901661 58.102747, -121.901711 58.1027, -121.901772 58.102658, -121.901841 58.102619, -121.901919 58.102585, -121.90291 58.102203, -121.902749 58.102049, -121.902358 58.102011, -121.902305 58.102005, -121.902217 58.101991, -121.900808 58.101715, -121.900411 58.101787, -121.899751 58.102191, -121.899683 58.102228, -121.899607 58.102261, -121.899525 58.102289, -121.899437 58.102312, -121.899344 58.102329, -121.899249 58.102341, -121.899151 58.102346, -121.899053 58.102346, -121.898956 58.102339, -121.89886 58.102327, -121.897777 58.102152, -121.897687 58.102134, -121.897601 58.102111, -121.897521 58.102083, -121.897447 58.102051, -121.89738 58.102014, -121.896065 58.1012, -121.896003 58.101156, -121.895952 58.101108, -121.895912 58.101057, -121.895884 58.101004, -121.895868 58.10095, -121.895865 58.100895, -121.895875 58.100841, -121.895897 58.100787, -121.895932 58.100735, -121.895978 58.100686, -121.896035 58.10064, -121.896103 58.100599, -121.896808 58.100212, -121.897147 58.09986, -121.897193 58.099818, -121.897246 58.09978, -121.897307 58.099744, -121.897375 58.099713, -121.897448 58.099685, -121.897527 58.099661, -121.898208 58.099483, -121.898463 58.099167, -121.897946 58.098909, -121.897875 58.098869, -121.897814 58.098825, -121.897764 58.098777, -121.897725 58.098726, -121.897698 58.098673, -121.897683 58.098619, -121.897682 58.098564, -121.897692 58.09851, -121.897834 58.098057, -121.8977 58.097706, -121.897274 58.097367, -121.897221 58.097319, -121.897179 58.097267, -121.897151 58.097214, -121.897135 58.097158, -121.897132 58.097102, -121.897142 58.097047, -121.897166 58.096992, -121.897201 58.09694, -121.897249 58.09689, -121.897309 58.096844, -121.897378 58.096802, -121.897457 58.096765, -121.897545 58.096733, -121.898263 58.096506, -121.898117 58.0963, -121.89809 58.096256, -121.898072 58.09621, -121.898064 58.096164, -121.897914 58.095358, -121.89791 58.095306, -121.897917 58.095253, -121.897936 58.095202, -121.897967 58.095152, -121.898008 58.095105, -121.898059 58.09506, -121.89812 58.095019, -121.898189 58.094981, -121.898266 58.094948, -121.89835 58.094921, -121.898439 58.094898, -121.898533 58.094881, -121.899426 58.094752, -121.89952 58.094741, -121.899616 58.094736, -121.899713 58.094737, -121.899808 58.094743, -121.900266 58.094789, -121.900367 58.094803, -121.900463 58.094823, -121.900555 58.094849, -121.90064 58.09488, -121.900717 58.094917, -121.901418 58.095299, -121.902268 58.095307, -121.903285 58.09512, -121.903658 58.094815, -121.903688 58.094612, -121.903702 58.094558, -121.903728 58.094506, -121.903766 58.094456, -121.903815 58.094408, -121.903875 58.094364, -121.903944 58.094324, -121.904022 58.094289, -121.904107 58.094258, -121.904199 58.094234, -121.904296 58.094216, -121.904396 58.094204, -121.904498 58.094198, -121.9046 58.094199, -121.904702 58.094207, -121.90545 58.094287, -121.905481 58.094291, -121.905879 58.094342, -121.905917 58.094319, -121.905523 58.094002, -121.905469 58.093951, -121.905462 58.093943, -121.905267 58.093715, -121.905009 58.093682, -121.904921 58.093668, -121.904837 58.093649, -121.904757 58.093625, -121.904383 58.093499, -121.904299 58.093467, -121.904224 58.09343, -121.904157 58.093388, -121.904101 58.093342, -121.904055 58.093293, -121.904022 58.093241, -121.904 58.093188, -121.903971 58.093088, -121.903226 58.09296, -121.90318 58.092951, -121.903136 58.092941, -121.902529 58.092795, -121.902181 58.092742, -121.901644 58.092882, -121.90155 58.092903, -121.901453 58.092918, -121.901353 58.092926, -121.901252 58.092928, -121.90115 58.092924, -121.901051 58.092913, -121.900955 58.092897, -121.900863 58.092874, -121.900777 58.092846, -121.900698 58.092812, -121.900018 58.092485, -121.898508 58.092098, -121.897684 58.092794, -121.897621 58.092841, -121.895126 58.094447, -121.895057 58.094486, -121.89498 58.094521, -121.894895 58.09455, -121.894805 58.094574, -121.89471 58.094592, -121.894611 58.094604, -121.89451 58.09461, -121.894409 58.094609, -121.894309 58.094602, -121.894211 58.094589, -121.894116 58.09457, -121.894027 58.094545, -121.891949 58.093871, -121.889393 58.093446, -121.889294 58.093425, -121.889201 58.093399, -121.889114 58.093366, -121.889036 58.093328, -121.888967 58.093285, -121.888909 58.093238, -121.888863 58.093187, -121.888829 58.093134, -121.888669 58.092817, -121.888656 58.092787, -121.888646 58.092755, -121.88848 58.092031, -121.887237 58.091798, -121.886548 58.092152, -121.884246 58.093941, -121.884181 58.093986, -121.884107 58.094025, -121.884023 58.09406, -121.882459 58.094624, -121.882393 58.094646, -121.882303 58.094669, -121.881316 58.094883, -121.881222 58.0949, -121.881124 58.094911, -121.881025 58.094916, -121.880926 58.094914, -121.880827 58.094907, -121.879405 58.096316, -121.877437 58.096789, -121.875776 58.097217, -121.87435 58.096427, -121.873392 58.095971, -121.871539 58.095975, -121.870791 58.095977, -121.870705 58.095951, -121.867345 58.095944, -121.86465 58.095426, -121.862506 58.095818, -121.862403 58.095833, -121.862297 58.095841, -121.862191 58.095842, -121.862085 58.095836, -121.861981 58.095823, -121.861881 58.095804, -121.861787 58.095777, -121.8617 58.095745, -121.861621 58.095707, -121.861551 58.095664, -121.861492 58.095617, -121.861445 58.095567, -121.861411 58.095513, -121.861066 58.094853, -121.857541 58.09424, -121.855629 58.096611, -121.855629 58.096628, -121.857013 58.097277, -121.85735 58.098781, -121.857049 58.100585, -121.852693 58.101677, -121.849518 58.102112, -121.845432 58.102, -121.83887 58.100508, -121.839008 58.096079, -121.839977 58.093157, -121.840433 58.09221, -121.838391 58.092432, -121.836388 58.092316, -121.835312 58.092016, -121.832419 58.090868, -121.832355 58.090848, -121.824713 58.088284, -121.822202 58.089191, -121.818881 58.089943, -121.815307 58.090545, -121.811669 58.091715, -121.808584 58.09276, -121.804947 58.092152, -121.802198 58.093636, -121.795396 58.091638, -121.791906 58.090191, -121.789935 58.089133, -121.784174 58.09036, -121.78564 58.092444, -121.783242 58.094702, -121.784506 58.095628, -121.78936 58.097986, -121.79456 58.100165, -121.796155 58.102306, -121.807643 58.102427, -121.808378 58.101917, -121.810798 58.101992, -121.811114 58.102787, -121.810105 58.103969, -121.807313 58.104275, -121.807188 58.104974, -121.812335 58.106604, -121.814067 58.106039, -121.815654 58.105681, -121.819118 58.106921, -121.820545 58.106802, -121.820267 58.105999, -121.821414 58.105393, -121.822198 58.105025, -121.824211 58.104517, -121.826592 58.104342, -121.827837 58.104666, -121.828949 58.104986, -121.830891 58.104511, -121.831583 58.104961, -121.833299 58.1053, -121.831796 58.106074, -121.830131 58.106485, -121.829063 58.106381, -121.828149 58.106709, -121.828406 58.107431, -121.829296 58.107922, -121.828184 58.108208, -121.82769 58.109014, -121.825605 58.108949, -121.824094 58.109187, -121.822666 58.109891, -121.820807 58.110226, -121.818798 58.110092, -121.816405 58.109767, -121.815266 58.109114, -121.812076 58.109125, -121.805713 58.109671, -121.801715 58.110682, -121.798847 58.112784, -121.796527 58.11331, -121.79478 58.113703, -121.793361 58.114081, -121.786212 58.114363, -121.783286 58.114299, -121.77826 58.117882, -121.77492 58.118583, -121.773213 58.118168, -121.770195 58.116884, -121.767725 58.115843, -121.766135 58.115724, -121.765603 58.116535, -121.764942 58.117406, -121.763399 58.117782, -121.763425 58.120537, -121.764137 58.121511, -121.764204 58.121603, -121.766992 58.121157, -121.770005 58.121371, -121.771884 58.121669, -121.774388 58.122402, -121.774505 58.123357, -121.773463 58.123621, -121.771458 58.123439, -121.769573 58.123201, -121.768779 58.123294, -121.768564 58.123704, -121.772163 58.125375, -121.773376 58.12668, -121.774626 58.129639, -121.776356 58.145377, -121.761914 58.158444, -121.721969 58.157729, -121.711279 58.154183, -121.704062 58.140812, -121.689819 58.139544, -121.687082 58.138305, -121.685547 58.12442, -121.691628 58.117892, -121.706209 58.114484, -121.709084 58.113755, -121.711312 58.11319, -121.713406 58.112718, -121.718083 58.113154, -121.719422 58.110378, -121.718346 58.108774, -121.713317 58.106626, -121.701178 58.108206, -121.686682 58.109072, -121.677105 58.106011, -121.666278 58.097742, -121.651384 58.091729, -121.676286 58.077076, -121.720516 58.094494, -121.720539 58.094489))"
27,2023-06-23 10:31:00,2023061901,2023,468212.7,Non-corrected airborne GPS,1687158000000,1687285893000,Out of Control,JA70003000,4682127276.3686,741861.656,106,12169b43-4143-40c9-b5b1-789818c3c4e6,18805205388.7734,1487832.89507519,https://wildfiresituation.nrs.gov.bc.ca/incidents?fireYear=2023&incidentNumber=G90288,"POLYGON ((-120.883713 59.814776, -120.883795 59.814755, -120.88388 59.814739, -120.883968 59.814727, -120.884058 59.814719, -120.884149 59.814717, -120.885724 59.814711, -120.894069 59.809113, -120.894033 59.80849, -120.893343 59.808093, -120.892589 59.80828, -120.892486 59.808302, -120.892379 59.808317, -120.892269 59.808325, -120.892158 59.808326, -120.892048 59.80832, -120.891939 59.808307, -120.891835 59.808288, -120.891737 59.808262, -120.891646 59.808229, -120.891563 59.808192, -120.89149 59.808149, -120.891428 59.808103, -120.891379 59.808052, -120.891342 59.807999, -120.891318 59.807945, -120.891308 59.807889, -120.891253 59.806829, -120.889844 59.80546, -120.889804 59.805415, -120.889774 59.805368, -120.889754 59.80532, -120.889745 59.805271, -120.889746 59.805222, -120.889758 59.805173, -120.88978 59.805125, -120.890275 59.804276, -120.889351 59.804034, -120.88795 59.803849, -120.886393 59.803699, -120.886287 59.803685, -120.886185 59.803665, -120.886088 59.803639, -120.885999 59.803607, -120.885918 59.803569, -120.885848 59.803527, -120.885787 59.803481, -120.885739 59.803431, -120.885703 59.803379, -120.88568 59.803324, -120.88567 59.803269, -120.885674 59.803214, -120.885691 59.803159, -120.885721 59.803106, -120.885764 59.803055, -120.885819 59.803007, -120.885886 59.802963, -120.885962 59.802923, -120.886048 59.802889, -120.886141 59.80286, -120.887752 59.802431, -120.887737 59.801929, -120.887743 59.801873, -120.887761 59.801819, -120.887792 59.801766, -120.888921 59.800214, -120.888963 59.800166, -120.889015 59.80012, -120.889077 59.800078, -120.889149 59.80004, -120.889983 59.799647, -120.890063 59.799613, -120.890151 59.799584, -120.890246 59.799561, -120.890344 59.799544, -120.890447 59.799532, -120.890551 59.799527, -120.892068 59.799496, -120.893419 59.799232, -120.89352 59.799216, -120.893626 59.799206, -120.893732 59.799202, -120.893839 59.799205, -120.893944 59.799215, -120.894047 59.79923, -120.894145 59.799252, -120.894237 59.79928, -120.894321 59.799313, -120.894398 59.799351, -120.894464 59.799393, -120.894521 59.799439, -120.894566 59.799488, -120.895544 59.800756, -120.896909 59.801889, -120.8988 59.801647, -120.89898 59.800773, -120.898997 59.80072, -120.899027 59.800669, -120.899068 59.80062, -120.89912 59.800573, -120.899826 59.800032, -120.89849 59.799476, -120.896909 59.799001, -120.896816 59.79897, -120.896733 59.798932, -120.896659 59.79889, -120.896596 59.798843, -120.896546 59.798793, -120.896508 59.798739, -120.896484 59.798684, -120.896308 59.798118, -120.895258 59.797323, -120.895203 59.797276, -120.89516 59.797226, -120.895 59.797001, -120.89497 59.796948, -120.894952 59.796895, -120.894947 59.79684, -120.894956 59.796786, -120.894977 59.796732, -120.895012 59.79668, -120.895058 59.796631, -120.895115 59.796585, -120.895184 59.796543, -120.895262 59.796505, -120.895348 59.796472, -120.895442 59.796445, -120.895541 59.796424, -120.895645 59.796409, -120.895751 59.796401, -120.895859 59.796399, -120.895966 59.796403, -120.896856 59.79647, -120.897735 59.795955, -120.897812 59.795915, -120.897898 59.795881, -120.897993 59.795851, -120.898094 59.795828, -120.898199 59.795812, -120.898308 59.795802, -120.898419 59.7958, -120.898529 59.795804, -120.898637 59.795815, -120.898742 59.795833, -120.898841 59.795857, -120.898934 59.795887, -120.899019 59.795923, -120.899094 59.795964, -120.899159 59.79601, -120.899212 59.796059, -120.899252 59.796111, -120.89928 59.796165, -120.899294 59.796221, -120.899294 59.796276, -120.899281 59.796332, -120.899253 59.796386, -120.899008 59.796775, -120.900587 59.797627, -120.901066 59.79787, -120.90114 59.797912, -120.901203 59.797959, -120.902088 59.798722, -120.902959 59.799327, -120.903499 59.799495, -120.904571 59.799281, -120.905595 59.798977, -120.905575 59.798463, -120.905579 59.798412, -120.905594 59.798361, -120.905621 59.798312, -120.905659 59.798264, -120.905707 59.798219, -120.905765 59.798176, -120.905832 59.798138, -120.905907 59.798104, -120.90599 59.798074, -120.90776 59.797509, -120.907813 59.797494, -120.90785 59.797484, -120.909023 59.7972, -120.908986 59.795828, -120.908987 59.795798, -120.909084 59.794898, -120.909074 59.794616, -120.906611 59.794264, -120.906526 59.794249, -120.906444 59.79423, -120.906366 59.794207, -120.903705 59.793324, -120.903595 59.793303, -120.903495 59.793281, -120.903401 59.793253, -120.903315 59.793219, -120.903237 59.79318, -120.90317 59.793137, -120.903113 59.79309, -120.903068 59.793039, -120.903036 59.792986, -120.902472 59.7918, -120.902456 59.791757, -120.902448 59.791714, -120.902448 59.79167, -120.902457 59.791627, -120.902532 59.791379, -120.902216 59.789849, -120.902211 59.789799, -120.902217 59.789749, -120.902338 59.789243, -120.90038 59.788791, -120.898741 59.788652, -120.898634 59.788639, -120.898531 59.78862, -120.898433 59.788595, -120.898343 59.788563, -120.89826 59.788527, -120.898188 59.788485, -120.898126 59.788439, -120.898075 59.78839, -120.898037 59.788338, -120.898012 59.788284, -120.898 59.788229, -120.898002 59.788173, -120.898017 59.788118, -120.898046 59.788064, -120.898087 59.788013, -120.898141 59.787964, -120.898206 59.78792, -120.898281 59.787879, -120.898366 59.787844, -120.898458 59.787814, -120.899248 59.787594, -120.899727 59.78709, -120.89864 59.786327, -120.898584 59.786283, -120.898539 59.786235, -120.898505 59.786185, -120.898483 59.786133, -120.898333 59.785645, -120.897473 59.785379, -120.895787 59.785369, -120.895678 59.785365, -120.895625 59.785361, -120.893115 59.785109, -120.893022 59.785097, -120.892932 59.78508, -120.892846 59.785058, -120.892766 59.785032, -120.892691 59.785001, -120.892624 59.784967, -120.891472 59.784311, -120.891406 59.784268, -120.891351 59.784223, -120.891307 59.784174, -120.891275 59.784122, -120.891255 59.784069, -120.891247 59.784016, -120.891253 59.783962, -120.891271 59.783909, -120.891301 59.783858, -120.891344 59.783808, -120.891397 59.783762, -120.891461 59.783719, -120.891535 59.78368, -120.892511 59.783229, -120.893173 59.782508, -120.892789 59.781122, -120.892781 59.781069, -120.892785 59.781016, -120.892801 59.780964, -120.892829 59.780913, -120.892869 59.780864, -120.892919 59.780818, -120.89298 59.780775, -120.895605 59.779143, -120.895615 59.779137, -120.895636 59.779124, -120.89736 59.778163, -120.897313 59.778116, -120.897276 59.778067, -120.897251 59.778015, -120.897239 59.777963, -120.897238 59.77791, -120.89725 59.777858, -120.897273 59.777807, -120.897309 59.777757, -120.897356 59.77771, -120.897413 59.777666, -120.89748 59.777626, -120.897556 59.77759, -120.897639 59.777558, -120.898495 59.777276, -120.898482 59.777138, -120.896952 59.776927, -120.896853 59.77691, -120.896758 59.776887, -120.896669 59.776859, -120.896587 59.776825, -120.896514 59.776787, -120.89645 59.776744, -120.896396 59.776698, -120.896354 59.77665, -120.896323 59.776599, -120.896304 59.776546, -120.896298 59.776493, -120.896304 59.77644, -120.896323 59.776387, -120.896354 59.776336, -120.896396 59.776288, -120.897838 59.774865, -120.897893 59.774818, -120.897959 59.774775, -120.898034 59.774736, -120.898118 59.774702, -120.89821 59.774673, -120.898654 59.774554, -120.899089 59.773317, -120.899093 59.773307, -120.899123 59.773251, -120.899582 59.772577, -120.899621 59.772529, -120.899666 59.772488, -120.900719 59.771624, -120.90098 59.770838, -120.901003 59.770787, -120.901037 59.770738, -120.901083 59.770691, -120.901138 59.770647, -120.901204 59.770607, -120.902493 59.769901, -120.902569 59.769864, -120.902653 59.769832, -120.902744 59.769805, -120.902841 59.769784, -120.902942 59.769769, -120.903046 59.769759, -120.903151 59.769757, -120.903256 59.76976, -120.90336 59.76977, -120.90346 59.769786, -120.903556 59.769808, -120.903647 59.769835, -120.90373 59.769868, -120.903805 59.769906, -120.906529 59.771439, -120.906587 59.771475, -120.906637 59.771515, -120.906679 59.771556, -120.906712 59.7716, -120.906737 59.771645, -120.907797 59.774136, -120.907813 59.774187, -120.907817 59.774238, -120.90781 59.774288, -120.907467 59.775639, -120.907449 59.775688, -120.90742 59.775735, -120.907381 59.775781, -120.907333 59.775825, -120.906539 59.776451, -120.908442 59.777573, -120.908507 59.777617, -120.908561 59.777664, -120.908604 59.777714, -120.908634 59.777766, -120.908652 59.77782, -120.908789 59.778491, -120.908794 59.778542, -120.908787 59.778592, -120.908372 59.780317, -120.909775 59.780807, -120.90984 59.780832, -120.9099 59.78086, -120.909955 59.78089, -120.910751 59.781377, -120.910811 59.781418, -120.910861 59.781463, -120.9109 59.78151, -120.910929 59.781559, -120.910947 59.781609, -120.911466 59.783837, -120.911472 59.783887, -120.911467 59.783936, -120.911452 59.783985, -120.911426 59.784033, -120.91139 59.784079, -120.911344 59.784122, -120.911289 59.784163, -120.910708 59.784547, -120.908943 59.787018, -120.908976 59.787621, -120.910332 59.788533, -120.910349 59.788544, -120.910563 59.788698, -120.912245 59.78954, -120.912309 59.789575, -120.912365 59.789614, -120.912412 59.789655, -120.91245 59.789698, -120.913541 59.791135, -120.916544 59.790453, -120.916633 59.790435, -120.916724 59.790423, -120.916818 59.790416, -120.918443 59.790332, -120.918545 59.790329, -120.918647 59.790333, -120.918748 59.790343, -120.922319 59.790793, -120.922425 59.79081, -120.922526 59.790833, -120.92262 59.790863, -120.922707 59.790899, -120.922784 59.79094, -120.92285 59.790985, -120.922904 59.791034, -120.922946 59.791086, -120.922975 59.791141, -120.92299 59.791197, -120.922991 59.791253, -120.922978 59.791309, -120.922952 59.791364, -120.922912 59.791417, -120.922859 59.791466, -120.922795 59.791512, -120.922719 59.791554, -120.922634 59.79159, -120.922541 59.791621, -120.922441 59.791645, -120.920682 59.79201, -120.920326 59.792154, -120.920787 59.79268, -120.923202 59.792721, -120.923313 59.792727, -120.923422 59.792739, -120.923527 59.792759, -120.923626 59.792784, -120.923718 59.792816, -120.923801 59.792853, -120.923875 59.792896, -120.923937 59.792943, -120.923988 59.792993, -120.924026 59.793046, -120.92405 59.793101, -120.92406 59.793157, -120.924057 59.793214, -120.924039 59.793269, -120.924008 59.793323, -120.923964 59.793375, -120.923907 59.793424, -120.923233 59.793926, -120.923211 59.793954, -120.923187 59.794871, -120.92459 59.795822, -120.926458 59.795444, -120.928562 59.794992, -120.928666 59.794974, -120.928774 59.794962, -120.928884 59.794957, -120.928994 59.794959, -120.929103 59.794967, -120.929209 59.794983, -120.92931 59.795005, -120.929406 59.795033, -120.929493 59.795067, -120.929572 59.795106, -120.92964 59.79515, -120.929697 59.795198, -120.929742 59.795249, -120.929774 59.795303, -120.929793 59.795358, -120.929798 59.795413, -120.929789 59.795469, -120.929767 59.795524, -120.929732 59.795577, -120.929684 59.795627, -120.928318 59.796855, -120.928278 59.796888, -120.928233 59.796918, -120.928183 59.796947, -120.926815 59.797664, -120.928145 59.798655, -120.93015 59.79959, -120.930964 59.799414, -120.931053 59.799397, -120.931144 59.799386, -120.931237 59.799379, -120.932924 59.799307, -120.933031 59.799306, -120.933138 59.799311, -120.933244 59.799323, -120.933345 59.799341, -120.933442 59.799365, -120.933532 59.799395, -120.933614 59.79943, -120.933687 59.79947, -120.93375 59.799515, -120.933802 59.799562, -120.933842 59.799613, -120.93387 59.799666, -120.933885 59.79972, -120.934088 59.801026, -120.934486 59.80156, -120.935561 59.801863, -120.938354 59.802618, -120.941036 59.802636, -120.941144 59.80264, -120.941251 59.80265, -120.941353 59.802667, -120.941451 59.802691, -120.941543 59.80272, -120.942855 59.803197, -120.942939 59.803231, -120.943014 59.803271, -120.943079 59.803315, -120.943133 59.803362, -120.943175 59.803412, -120.943205 59.803465, -120.943407 59.803928, -120.945198 59.805337, -120.945251 59.805385, -120.945292 59.805435, -120.945321 59.805488, -120.945336 59.805543, -120.945339 59.805597, -120.945328 59.805652, -120.945304 59.805705, -120.945268 59.805757, -120.944425 59.806754, -120.945932 59.80876, -120.9465 59.809543, -120.947243 59.809859, -120.947319 59.809896, -120.947386 59.809937, -120.947444 59.809981, -120.94749 59.810029, -120.948356 59.811071, -120.949808 59.810832, -120.950172 59.810376, -120.949139 59.808813, -120.949112 59.808762, -120.949096 59.808711, -120.949093 59.808658, -120.949102 59.808606, -120.949122 59.808555, -120.949154 59.808505, -120.949198 59.808458, -120.94977 59.807916, -120.949828 59.807869, -120.949896 59.807826, -120.949975 59.807787, -120.950062 59.807754, -120.950157 59.807726, -120.950258 59.807704, -120.950364 59.807689, -120.950472 59.80768, -120.950582 59.807679, -120.950691 59.807684, -120.950798 59.807696, -120.950901 59.807714, -120.953059 59.808178, -120.956192 59.807077, -120.957008 59.806355, -120.956155 59.804555, -120.954237 59.80322, -120.954179 59.803174, -120.954132 59.803124, -120.954097 59.803072, -120.954076 59.803018, -120.954067 59.802963, -120.954072 59.802908, -120.954091 59.802853, -120.954122 59.802801, -120.954166 59.80275, -120.954221 59.802703, -120.954288 59.802659, -120.954364 59.80262, -120.95445 59.802586, -120.954543 59.802557, -120.954642 59.802535, -120.954746 59.802519, -120.956955 59.802252, -120.958426 59.80037, -120.958749 59.799827, -120.958965 59.799118, -120.958965 59.798298, -120.958972 59.798245, -120.95899 59.798193, -120.95902 59.798143, -120.959062 59.798094, -120.959115 59.798048, -120.959177 59.798006, -120.95925 59.797968, -120.962015 59.796669, -120.962582 59.79606, -120.961842 59.794073, -120.961828 59.794017, -120.961829 59.79396, -120.961844 59.793904, -120.961872 59.793849, -120.961915 59.793796, -120.96197 59.793746, -120.963938 59.792212, -120.964005 59.792167, -120.964083 59.792126, -120.96417 59.79209, -120.964266 59.792061, -120.964368 59.792037, -120.967187 59.791502, -120.967289 59.791486, -120.967393 59.791477, -120.967499 59.791474, -120.967606 59.791477, -120.96771 59.791487, -120.967812 59.791503, -120.967909 59.791524, -120.969618 59.791975, -120.969706 59.792001, -120.969788 59.792033, -120.969862 59.792069, -120.969927 59.79211, -120.969983 59.792154, -120.970028 59.792201, -120.970062 59.79225, -120.970085 59.792301, -120.970095 59.792353, -120.970094 59.792405, -120.970081 59.792457, -120.969586 59.793793, -120.969732 59.794527, -120.971135 59.795941, -120.974231 59.797903, -120.97727 59.799665, -120.977319 59.799696, -120.977362 59.799729, -120.9774 59.799764, -120.977445 59.799811, -120.978227 59.799964, -120.981206 59.799469, -120.981311 59.799455, -120.981418 59.799448, -120.981526 59.799447, -120.981634 59.799453, -120.981739 59.799465, -120.98184 59.799484, -120.981937 59.799509, -120.982026 59.79954, -120.982108 59.799576, -120.98218 59.799617, -120.982242 59.799662, -120.982292 59.79971, -120.982331 59.799761, -120.982357 59.799814, -120.982371 59.799869, -120.982371 59.799923, -120.982358 59.799978, -120.982331 59.800031, -120.981698 59.801053, -120.981666 59.801097, -120.981625 59.801139, -120.980988 59.801711, -120.979512 59.803103, -120.979469 59.80314, -120.979419 59.803175, -120.979362 59.803207, -120.979211 59.803284, -120.979498 59.803577, -120.980665 59.804254, -120.98417 59.804886, -120.984263 59.804906, -120.984352 59.804931, -120.984434 59.804961, -120.984509 59.804996, -120.984575 59.805034, -120.984632 59.805077, -120.985502 59.805805, -120.985554 59.805856, -120.985593 59.805909, -120.985618 59.805964, -120.985629 59.80602, -120.985697 59.806885, -120.985875 59.807676, -120.985996 59.808121, -120.985998 59.808128, -120.986299 59.809382, -120.98893 59.810504, -120.990615 59.810851, -120.990714 59.810875, -120.990807 59.810905, -120.990891 59.810941, -120.990966 59.810982, -120.991031 59.811027, -120.991084 59.811075, -120.991124 59.811127, -120.991152 59.811181, -120.991167 59.811236, -120.991168 59.811291, -120.991155 59.811347, -120.99113 59.811401, -120.991091 59.811453, -120.99104 59.811502, -120.990977 59.811547, -120.990903 59.811589, -120.99082 59.811625, -120.990111 59.8119, -120.990021 59.81193, -120.989924 59.811955, -120.989822 59.811974, -120.988405 59.812186, -120.988319 59.812631, -120.988919 59.813861, -120.990767 59.815128, -120.990823 59.815172, -120.990869 59.815218, -120.990904 59.815267, -120.990927 59.815318, -120.990939 59.815369, -120.990939 59.815421, -120.990927 59.815473, -120.990903 59.815524, -120.990868 59.815573, -120.99063 59.815854, -120.991346 59.816789, -120.991379 59.816841, -120.991399 59.816895, -120.991406 59.81695, -120.9914 59.817004, -120.991381 59.817058, -120.991349 59.817111, -120.991304 59.817161, -120.991248 59.817207, -120.991182 59.81725, -120.991105 59.817289, -120.99102 59.817323, -120.990927 59.817351, -120.990828 59.817373, -120.990724 59.817389, -120.990618 59.817399, -120.987825 59.817555, -120.985853 59.8184, -120.984723 59.819772, -120.984704 59.819794, -120.984697 59.819801, -120.98253 59.821985, -120.983702 59.823707, -120.98589 59.823857, -120.985991 59.823867, -120.986089 59.823883, -120.986183 59.823904, -120.986271 59.823931, -120.988085 59.824554, -120.990015 59.824127, -120.990116 59.824108, -120.990219 59.824096, -120.990325 59.82409, -120.990432 59.82409, -120.990537 59.824097, -120.990641 59.82411, -120.99074 59.82413, -120.990834 59.824155, -120.990922 59.824186, -120.991002 59.824222, -120.991072 59.824262, -120.991133 59.824306, -120.991182 59.824354, -120.99122 59.824405, -120.992562 59.826587, -120.995468 59.827374, -120.995541 59.827396, -120.995609 59.827421, -121.106192 59.872651, -121.182166 59.862039, -121.182269 59.862028, -121.182374 59.862023, -121.18248 59.862024, -121.182584 59.862032, -121.182686 59.862046, -121.182784 59.862066, -121.202026 59.866655, -121.247504 59.85918, -121.24761 59.859166, -121.247719 59.859159, -121.247828 59.859159, -121.247937 59.859165, -121.318669 59.865566, -121.318775 59.865579, -121.318878 59.865599, -121.318974 59.865624, -121.319064 59.865656, -121.319146 59.865693, -121.319218 59.865735, -121.319279 59.865781, -121.319329 59.86583, -121.319366 59.865882, -121.319391 59.865936, -121.319402 59.865991, -121.319399 59.866046, -121.319383 59.866101, -121.319354 59.866154, -121.318122 59.867973, -121.317866 59.868612, -121.317838 59.868665, -121.317798 59.868716, -121.317745 59.868764, -121.317681 59.868808, -121.317413 59.868973, -121.318194 59.869962, -121.320346 59.869834, -121.32045 59.869831, -121.320553 59.869834, -121.320656 59.869844, -121.320755 59.869859, -121.32085 59.869879, -121.32094 59.869906, -121.321024 59.869937, -121.321099 59.869973, -121.321166 59.870014, -121.322127 59.87067, -121.322182 59.870713, -121.322228 59.870758, -121.323162 59.871846, -121.323652 59.872323, -121.324216 59.872754, -121.325139 59.873306, -121.326995 59.87405, -121.328788 59.873746, -121.328895 59.873731, -121.329006 59.873724, -121.329117 59.873723, -121.329228 59.873729, -121.329336 59.873743, -121.32944 59.873763, -121.329538 59.873789, -121.329629 59.873822, -121.329711 59.87386, -121.329784 59.873902, -121.329845 59.873949, -121.329894 59.874, -121.32993 59.874053, -121.329952 59.874108, -121.329961 59.874164, -121.329956 59.874221, -121.329938 59.874276, -121.329905 59.87433, -121.32986 59.874381, -121.329802 59.874429, -121.329261 59.874822, -121.328796 59.875641, -121.329006 59.876173, -121.333568 59.876807, -121.335272 59.876076, -121.336237 59.87502, -121.33595 59.874681, -121.335913 59.874629, -121.33589 59.874574, -121.33518 59.872312, -121.33517 59.872257, -121.335173 59.872201, -121.33519 59.872146, -121.33522 59.872092, -121.335263 59.872041, -121.335319 59.871992, -121.335386 59.871948, -121.335463 59.871908, -121.33555 59.871873, -121.335644 59.871844, -121.335745 59.871821, -121.335851 59.871805, -121.335959 59.871795, -121.33607 59.871792, -121.33618 59.871796, -121.336288 59.871807, -121.336393 59.871825, -121.336493 59.871849, -121.336586 59.871879, -121.336671 59.871915, -121.336747 59.871956, -121.336812 59.872001, -121.336865 59.87205, -121.338131 59.873405, -121.33946 59.874235, -121.340527 59.873897, -121.341501 59.872717, -121.341519 59.872698, -121.341556 59.872663, -121.343654 59.870858, -121.343716 59.870812, -121.343789 59.870769, -121.343872 59.870732, -121.343964 59.8707, -121.344063 59.870674, -121.344168 59.870655, -121.344276 59.870642, -121.344387 59.870637, -121.344498 59.870638, -121.344608 59.870646, -121.344716 59.870662, -121.344818 59.870683, -121.344915 59.870712, -121.345003 59.870746, -121.345083 59.870785, -121.345152 59.870829, -121.34521 59.870877, -121.345255 59.870928, -121.345288 59.870982, -121.345307 59.871038, -121.345312 59.871094, -121.345303 59.87115, -121.344784 59.872977, -121.344768 59.87302, -121.344743 59.873062, -121.344711 59.873102, -121.344113 59.873757, -121.344322 59.874161, -121.347253 59.8745, -121.347359 59.874516, -121.347461 59.874539, -121.347556 59.874568, -121.347644 59.874602, -121.347722 59.874642, -121.34779 59.874686, -121.347847 59.874734, -121.347891 59.874786, -121.347922 59.87484, -121.34794 59.874895, -121.347944 59.874951, -121.347934 59.875007, -121.34791 59.875062, -121.347874 59.875114, -121.346584 59.876652, -121.346537 59.8767, -121.346479 59.876745, -121.34641 59.876786, -121.346333 59.876823, -121.346247 59.876854, -121.346154 59.876881, -121.346056 59.876901, -121.345954 59.876916, -121.342592 59.877286, -121.341094 59.877733, -121.339436 59.87902, -121.342474 59.881871, -121.342515 59.881914, -121.342547 59.88196, -121.342568 59.882007, -121.342579 59.882056, -121.34258 59.882104, -121.342245 59.885897, -121.346316 59.887148, -121.348589 59.886432, -121.348671 59.886409, -121.348758 59.886391, -121.348848 59.886377, -121.348941 59.886368, -121.351593 59.886187, -121.352668 59.885843, -121.352924 59.884408, -121.352969 59.883843, -121.352979 59.883791, -121.353002 59.883739, -121.353036 59.88369, -121.353081 59.883642, -121.353137 59.883598, -121.353204 59.883557, -121.353279 59.88352, -121.353362 59.883488, -121.353452 59.883461, -121.355092 59.883035, -121.362099 59.879784, -121.362184 59.879749, -121.362276 59.87972, -121.362375 59.879697, -121.362479 59.87968, -121.362586 59.879669, -121.362695 59.879666, -121.362804 59.879669, -121.362911 59.879678, -121.363016 59.879695, -121.363115 59.879717, -121.363209 59.879746, -121.363294 59.87978, -121.363371 59.879819, -121.363438 59.879863, -121.363494 59.87991, -121.363538 59.87996, -121.363569 59.880013, -121.363587 59.880068, -121.365098 59.887201, -121.365103 59.887255, -121.365095 59.887308, -121.365075 59.887361, -121.365042 59.887412, -121.364432 59.888205, -121.364396 59.888246, -121.364351 59.888285, -121.3643 59.888322, -121.362621 59.88939, -121.362565 59.889423, -121.362503 59.889452, -121.362436 59.889479, -121.35991 59.890375, -121.359822 59.890403, -121.359729 59.890425, -121.359631 59.890441, -121.358936 59.890536, -121.358743 59.891433, -121.358736 59.891457, -121.358628 59.891786, -121.362171 59.893265, -121.362252 59.893304, -121.362322 59.893347, -121.362382 59.893394, -121.36243 59.893444, -121.362465 59.893497, -121.362486 59.893552, -121.362494 59.893608, -121.362488 59.893664, -121.362468 59.893719, -121.362435 59.893773, -121.362389 59.893824, -121.362331 59.893871, -121.362261 59.893915, -121.362182 59.893954, -121.362093 59.893988, -121.361997 59.894015, -121.361895 59.894037, -121.361788 59.894052, -121.361678 59.89406, -121.361567 59.894061, -121.361457 59.894056, -121.359046 59.893854, -121.356703 59.894412, -121.356603 59.894432, -121.356499 59.894446, -121.356392 59.894453, -121.356284 59.894454, -121.356176 59.894449, -121.354979 59.894348, -121.352774 59.897077, -121.353305 59.900277, -121.353308 59.900317, -121.353304 59.900358, -121.353293 59.900398, -121.352897 59.90146, -121.356285 59.902633, -121.359318 59.901708, -121.360457 59.901328, -121.360598 59.899613, -121.360606 59.899569, -121.360622 59.899526, -121.360647 59.899483, -121.361448 59.898324, -121.36149 59.898273, -121.361545 59.898224, -121.361611 59.89818, -121.361687 59.89814, -121.361773 59.898105, -121.361866 59.898076, -121.361966 59.898053, -121.362071 59.898036, -121.362178 59.898025, -121.362288 59.898022, -121.362398 59.898025, -121.362506 59.898035, -121.362611 59.898052, -121.36271 59.898075, -121.362804 59.898105, -121.36289 59.898139, -121.362966 59.898179, -121.363032 59.898223, -121.363087 59.898271, -121.36313 59.898322, -121.36316 59.898376, -121.363725 59.899683, -121.366204 59.899307, -121.366712 59.898773, -121.366766 59.898724, -121.366831 59.89868, -121.366907 59.898639, -121.366992 59.898604, -121.367085 59.898574, -121.367184 59.89855, -121.367289 59.898533, -121.367397 59.898522, -121.367507 59.898518, -121.367617 59.898521, -121.367725 59.898531, -121.367831 59.898547, -121.367931 59.89857, -121.368025 59.898599, -121.368112 59.898633, -121.368189 59.898673, -121.369539 59.899459, -121.369554 59.899468, -121.369588 59.89949, -121.370972 59.900455, -121.372749 59.900035, -121.374936 59.899368, -121.375035 59.899342, -121.375139 59.899323, -121.375248 59.89931, -121.375358 59.899304, -121.37547 59.899305, -121.37558 59.899313, -121.375687 59.899328, -121.37579 59.89935, -121.375886 59.899378, -121.375975 59.899411, -121.376055 59.899451, -121.376125 59.899494, -121.376183 59.899542, -121.377555 59.900843, -121.378415 59.900939, -121.379747 59.900547, -121.379845 59.900522, -121.379949 59.900504, -121.380057 59.900492, -121.380167 59.900486, -121.380278 59.900488, -121.380387 59.900497, -121.380493 59.900512, -121.380595 59.900534, -121.38069 59.900562, -121.380778 59.900596, -121.380857 59.900635, -121.380926 59.900678, -121.380983 59.900726, -121.381029 59.900777, -121.381062 59.90083, -121.381081 59.900885, -121.381087 59.90094, -121.381079 59.900996, -121.381057 59.901051, -121.381023 59.901104, -121.380975 59.901154, -121.380746 59.901363, -121.380143 59.902154, -121.380777 59.902326, -121.382752 59.902232, -121.382838 59.90223, -121.382914 59.902231, -121.385341 59.90234, -121.387497 59.902138, -121.389239 59.901884, -121.389518 59.900727, -121.389427 59.900695, -121.389344 59.900657, -121.389272 59.900615, -121.389211 59.900568, -121.389162 59.900518, -121.389125 59.900465, -121.389102 59.90041, -121.389093 59.900354, -121.389098 59.900298, -121.389116 59.900243, -121.389148 59.900189, -121.389758 59.899354, -121.389799 59.899306, -121.389851 59.899262, -121.389912 59.89922, -121.391952 59.898005, -121.39202 59.897969, -121.392096 59.897937, -121.392179 59.897909, -121.392268 59.897886, -121.39236 59.897868, -121.392457 59.897855, -121.392555 59.897848, -121.395506 59.89772, -121.396258 59.897225, -121.39632 59.897189, -121.396388 59.897156, -121.396464 59.897127, -121.396545 59.897102, -121.39663 59.897082, -121.398443 59.896711, -121.398531 59.896696, -121.398623 59.896686, -121.398716 59.89668, -121.39881 59.89668, -121.398903 59.896684, -121.401261 59.896859, -121.401367 59.896871, -121.401469 59.896888, -121.401567 59.896912, -121.401658 59.896942, -121.404253 59.897907, -121.404335 59.897942, -121.404408 59.897981, -121.404471 59.898024, -121.404524 59.898071, -121.404565 59.89812, -121.404594 59.898172, -121.404611 59.898225, -121.404616 59.898278, -121.404607 59.898332, -121.404586 59.898384, -121.404553 59.898435, -121.404508 59.898484, -121.404452 59.89853, -121.404386 59.898571, -121.40431 59.898609, -121.403519 59.898956, -121.404063 59.899485, -121.404455 59.899515, -121.40456 59.899526, -121.404661 59.899544, -121.404758 59.899568, -121.404848 59.899597, -121.406088 59.900062, -121.408199 59.899524, -121.411555 59.898004, -121.411562 59.896725, -121.411509 59.896025, -121.411511 59.895971, -121.411526 59.895918, -121.411553 59.895867, -121.412057 59.895099, -121.412097 59.895049, -121.412148 59.895002, -121.41221 59.894958, -121.412281 59.894918, -121.412362 59.894883, -121.412451 59.894853, -121.412546 59.894829, -121.412646 59.89481, -121.412749 59.894798, -121.412855 59.894792, -121.412962 59.894792, -121.413068 59.894799, -121.413171 59.894812, -121.413271 59.894831, -121.413365 59.894856, -121.413453 59.894887, -121.414923 59.895469, -121.415874 59.895409, -121.415972 59.895405, -121.416069 59.895407, -121.416166 59.895414, -121.41626 59.895427, -121.416351 59.895445, -121.416438 59.895467, -121.416519 59.895495, -121.419487 59.896616, -121.419568 59.896651, -121.41964 59.89669, -121.419702 59.896733, -121.419754 59.896779, -121.419794 59.896828, -121.419823 59.89688, -121.41984 59.896932, -121.419844 59.896986, -121.419835 59.897039, -121.419815 59.897091, -121.418876 59.898888, -121.418846 59.898936, -121.418805 59.898981, -121.418754 59.899024, -121.418694 59.899064, -121.418626 59.899101, -121.41855 59.899133, -121.416595 59.899875, -121.416191 59.900276, -121.416797 59.901126, -121.419494 59.901504, -121.421097 59.901083, -121.421126 59.901075, -121.423647 59.900471, -121.425646 59.899482, -121.425727 59.899446, -121.425817 59.899416, -121.425913 59.899391, -121.426014 59.899372, -121.426119 59.89936, -121.426227 59.899354, -121.426335 59.899354, -121.426442 59.899362, -121.426546 59.899375, -121.426647 59.899395, -121.426741 59.899421, -121.426829 59.899453, -121.426909 59.89949, -121.426979 59.899531, -121.427039 59.899576, -121.428062 59.900462, -121.428109 59.900509, -121.428146 59.900559, -121.42817 59.900611, -121.428182 59.900664, -121.428181 59.900718, -121.42798 59.902251, -121.430023 59.903739, -121.430077 59.903784, -121.43012 59.903831, -121.430152 59.90388, -121.430173 59.903931, -121.430182 59.903983, -121.430179 59.904035, -121.430164 59.904086, -121.428947 59.907073, -121.429495 59.908632, -121.430734 59.909404, -121.432641 59.909524, -121.434873 59.909227, -121.436097 59.908648, -121.435633 59.90815, -121.435593 59.9081, -121.435566 59.908048, -121.435551 59.907995, -121.435549 59.907941, -121.43556 59.907887, -121.435583 59.907835, -121.435618 59.907784, -121.435666 59.907736, -121.43735 59.90625, -121.437205 59.905049, -121.437205 59.904998, -121.437216 59.904947, -121.437239 59.904897, -121.437346 59.90471, -121.437375 59.904666, -121.437414 59.904625, -121.437461 59.904585, -121.439831 59.902792, -121.441943 59.900782, -121.442138 59.899902, -121.442156 59.899849, -121.442186 59.899798, -121.442228 59.899749, -121.442282 59.899703, -121.442346 59.89966, -121.442419 59.899621, -121.442501 59.899587, -121.442591 59.899559, -121.442686 59.899536, -121.442786 59.899518, -121.44289 59.899507, -121.442996 59.899502, -121.446723 59.899443, -121.447936 59.89888, -121.447424 59.898196, -121.447392 59.898143, -121.447372 59.898089, -121.447366 59.898034, -121.447374 59.897979, -121.447394 59.897925, -121.447428 59.897873, -121.447474 59.897823, -121.447532 59.897776, -121.4476 59.897733, -121.447678 59.897695, -121.447765 59.897662, -121.44786 59.897634, -121.44796 59.897613, -121.448065 59.897598, -121.448173 59.897589, -121.448282 59.897587, -121.449945 59.89761, -121.450034 59.897614, -121.450122 59.897622, -121.450208 59.897634, -121.450696 59.897718, -121.450799 59.897739, -121.450895 59.897767, -121.450984 59.8978, -121.451064 59.897839, -121.451133 59.897882, -121.451192 59.897929, -121.451239 59.89798, -121.451273 59.898033, -121.451293 59.898088, -121.4513 59.898144, -121.451293 59.898199, -121.451125 59.898878, -121.451105 59.898933, -121.451072 59.898986, -121.451026 59.899036, -121.450968 59.899083, -121.450899 59.899126, -121.449417 59.899946, -121.448758 59.900647, -121.4485 59.901037, -121.450062 59.901703, -121.45063 59.901366, -121.450708 59.901325, -121.450794 59.90129, -121.450889 59.90126, -121.45099 59.901237, -121.451096 59.90122, -121.451206 59.90121, -121.451317 59.901207, -121.451428 59.901211, -121.451537 59.901222, -121.451642 59.90124, -121.451743 59.901264, -121.451836 59.901294, -121.451922 59.90133, -121.453047 59.90187, -121.454636 59.902541, -121.455674 59.902214, -121.45576 59.90219, -121.455851 59.902171, -121.455945 59.902157, -121.456968 59.902038, -121.45829 59.901363, -121.459115 59.900922, -121.459078 59.900699, -121.458117 59.900359, -121.457119 59.900112, -121.457026 59.900085, -121.45694 59.900053, -121.456862 59.900016, -121.456794 59.899974, -121.456736 59.899929, -121.456689 59.89988, -121.456654 59.899829, -121.456631 59.899777, -121.456621 59.899723, -121.456624 59.899669, -121.45664 59.899615, -121.456668 59.899563, -121.456708 59.899513, -121.45676 59.899466, -121.456823 59.899422, -121.459132 59.898001, -121.459755 59.89761, -121.45983 59.897568, -121.459915 59.897532, -121.460009 59.897501, -121.460109 59.897476, -121.460215 59.897458, -121.460324 59.897447, -121.463422 59.897225, -121.463529 59.897221, -121.463637 59.897223, -121.463743 59.897232, -121.464849 59.897358, -121.464956 59.897373, -121.465058 59.897396, -121.465154 59.897424, -121.465241 59.897459, -121.46532 59.897498, -121.465389 59.897543, -121.465446 59.897591, -121.46549 59.897642, -121.465522 59.897696, -121.46554 59.897752, -121.465544 59.897808, -121.465534 59.897864, -121.465511 59.897919, -121.465474 59.897972, -121.465078 59.898445, -121.467384 59.899339, -121.468952 59.899487, -121.469053 59.899499, -121.46915 59.899518, -121.469242 59.899542, -121.469328 59.899571, -121.469407 59.899605, -121.469477 59.899644, -121.469538 59.899686, -121.469589 59.899732, -121.469629 59.89978, -121.469658 59.89983, -121.469675 59.899882, -121.469925 59.901085, -121.470443 59.901624, -121.473563 59.902921, -121.475563 59.903418, -121.477071 59.902859, -121.478564 59.902299, -121.478651 59.90227, -121.478744 59.902247, -121.478841 59.902229, -121.478942 59.902217, -121.479045 59.902211, -121.479149 59.902211, -121.479252 59.902217, -121.479353 59.90223, -121.47945 59.902248, -121.479543 59.902271, -121.480548 59.902566, -121.482202 59.902597, -121.483289 59.902415, -121.485968 59.901226, -121.485918 59.900237, -121.485339 59.900121, -121.484031 59.900626, -121.483948 59.900654, -121.483859 59.900678, -121.483765 59.900697, -121.483667 59.900709, -121.483567 59.900717, -121.483466 59.900718, -121.483366 59.900714, -121.483267 59.900704, -121.483171 59.900689, -121.481141 59.900296, -121.481042 59.900273, -121.480949 59.900244, -121.480863 59.900209, -121.480787 59.90017, -121.48072 59.900126, -121.480665 59.900078, -121.480622 59.900027, -121.480591 59.899974, -121.480574 59.89992, -121.48057 59.899865, -121.480579 59.89981, -121.480602 59.899756, -121.480637 59.899703, -121.480685 59.899654, -121.480745 59.899607, -121.48212 59.898673, -121.481443 59.897864, -121.480388 59.896646, -121.479485 59.896247, -121.479407 59.896208, -121.479339 59.896164, -121.479283 59.896117, -121.479238 59.896067, -121.479206 59.896014, -121.479187 59.895959, -121.479181 59.895904, -121.479189 59.895849, -121.47921 59.895794, -121.479244 59.895742, -121.479291 59.895692, -121.47935 59.895645, -121.479419 59.895602, -121.479498 59.895564, -121.479586 59.895531, -121.479682 59.895504, -121.481093 59.895157, -121.481193 59.895136, -121.481297 59.895121, -121.481403 59.895113, -121.481511 59.895112, -121.481618 59.895116, -121.481723 59.895128, -121.481825 59.895146, -121.481922 59.89517, -121.482013 59.895199, -121.482095 59.895234, -121.483178 59.895752, -121.484853 59.89561, -121.484953 59.895604, -121.485053 59.895604, -121.485153 59.89561, -121.486614 59.895738, -121.489134 59.895255, -121.48992 59.894314, -121.488652 59.893746, -121.488574 59.893707, -121.488507 59.893664, -121.488451 59.893616, -121.488407 59.893566, -121.488375 59.893513, -121.488357 59.893459, -121.488352 59.893403, -121.48836 59.893348, -121.488381 59.893294, -121.488416 59.893242, -121.488463 59.893192, -121.488522 59.893145, -121.488591 59.893103, -121.488671 59.893065, -121.489856 59.892563, -121.489023 59.891747, -121.48898 59.891698, -121.488949 59.891648, -121.488931 59.891595, -121.488924 59.891543, -121.48893 59.89149, -121.488947 59.891438, -121.488977 59.891387, -121.489019 59.891338, -121.489072 59.891292, -121.489134 59.89125, -121.489207 59.891212, -121.489287 59.891178, -121.489375 59.891149, -121.492571 59.890234, -121.492694 59.888846, -121.492703 59.8888, -121.492721 59.888754, -121.492749 59.888709, -121.492786 59.888666, -121.492832 59.888625, -121.494716 59.887126, -121.494779 59.887082, -121.494853 59.887042, -121.494935 59.887007, -121.495026 59.886977, -121.49678 59.886469, -121.496878 59.886445, -121.496981 59.886427, -121.497087 59.886415, -121.497196 59.88641, -121.497305 59.886412, -121.497413 59.88642, -121.497518 59.886435, -121.497618 59.886457, -121.497713 59.886484, -121.4978 59.886517, -121.497878 59.886555, -121.497947 59.886598, -121.498005 59.886645, -121.498051 59.886694, -121.498085 59.886747, -121.498106 59.886801, -121.498114 59.886856, -121.498108 59.886911, -121.498089 59.886965, -121.497739 59.887703, -121.499316 59.889045, -121.499361 59.889088, -121.499397 59.889134, -121.499422 59.889181, -121.499437 59.889229, -121.499504 59.889566, -121.499646 59.890103, -121.50061 59.890457, -121.502133 59.89014, -121.502228 59.890124, -121.502326 59.890113, -121.502426 59.890107, -121.502527 59.890107, -121.502626 59.890113, -121.502724 59.890125, -121.502819 59.890142, -121.503177 59.890219, -121.504463 59.889715, -121.504339 59.889017, -121.504336 59.888964, -121.504345 59.888911, -121.504367 59.888858, -121.504401 59.888808, -121.504446 59.88876, -121.504503 59.888714, -121.50457 59.888673, -121.504646 59.888636, -121.50473 59.888603, -121.504821 59.888576, -121.504918 59.888555, -121.505019 59.888539, -121.505124 59.88853, -121.505229 59.888527, -121.505335 59.888531, -121.505439 59.88854, -121.506338 59.888652, -121.508385 59.888186, -121.509046 59.887846, -121.510585 59.886528, -121.510644 59.886484, -121.510713 59.886444, -121.510791 59.886408, -121.510876 59.886377, -121.510969 59.886351, -121.511066 59.886331, -121.511168 59.886317, -121.511272 59.886309, -121.511378 59.886307, -121.511483 59.886312, -121.511586 59.886323, -121.511686 59.88634, -121.511781 59.886363, -121.51185 59.886382, -121.511862 59.886385, -121.513868 59.886962, -121.514922 59.886421, -121.514926 59.886409, -121.514945 59.886369, -121.515242 59.88585, -121.515274 59.885803, -121.515316 59.885759, -121.515367 59.885718, -121.515427 59.885679, -121.515495 59.885644, -121.51557 59.885613, -121.515651 59.885586, -121.51836 59.884792, -121.518451 59.884769, -121.518548 59.884751, -121.518648 59.884739, -121.51875 59.884732, -121.518853 59.884732, -121.520447 59.884774, -121.520556 59.88478, -121.520663 59.884793, -121.520765 59.884813, -121.520862 59.884838, -121.520952 59.88487, -121.521034 59.884907, -121.521106 59.884948, -121.521577 59.885256, -121.522608 59.885922, -121.523355 59.885884, -121.524432 59.885295, -121.525945 59.884471, -121.526433 59.883855, -121.526476 59.883808, -121.526529 59.883764, -121.526592 59.883724, -121.526664 59.883687, -121.526744 59.883655, -121.52683 59.883628, -121.529013 59.883021, -121.529092 59.883001, -121.529175 59.882986, -121.529261 59.882975, -121.529349 59.882968, -121.53123 59.882868, -121.533371 59.882611, -121.533414 59.882607, -121.535127 59.882445, -121.537035 59.88163, -121.537209 59.880869, -121.536964 59.880156, -121.536532 59.879356, -121.53651 59.879301, -121.536501 59.879244, -121.536507 59.879188, -121.536526 59.879132, -121.536559 59.879078, -121.536606 59.879027, -121.536665 59.878978, -121.536735 59.878934, -121.536816 59.878895, -121.536906 59.878861, -121.537003 59.878833, -121.537107 59.878812, -121.537215 59.878797, -121.53862 59.878654, -121.541077 59.878243, -121.543651 59.877555, -121.543745 59.877533, -121.543843 59.877517, -121.543945 59.877507, -121.544048 59.877503, -121.544152 59.877505, -121.544254 59.877513, -121.544354 59.877527, -121.54445 59.877546, -121.54454 59.877571, -121.545851 59.877986, -121.546891 59.877815, -121.547087 59.876781, -121.547098 59.876741, -121.547556 59.875493, -121.547582 59.875441, -121.54762 59.875391, -121.547669 59.875344, -121.547729 59.8753, -121.547799 59.87526, -121.547877 59.875224, -121.547964 59.875193, -121.548057 59.875168, -121.548156 59.875148, -121.549641 59.874904, -121.550556 59.874018, -121.550614 59.87397, -121.550682 59.873926, -121.550761 59.873886, -121.550849 59.873852, -121.550945 59.873824, -121.551047 59.873802, -121.551154 59.873786, -121.551263 59.873778, -121.551374 59.873776, -121.551485 59.873781, -121.551593 59.873793, -121.551698 59.873812, -121.551797 59.873838, -121.551889 59.873869, -121.551972 59.873906, -121.552046 59.873948, -121.552109 59.873994, -121.55216 59.874043, -121.552199 59.874096, -121.552224 59.874151, -121.552556 59.875144, -121.553677 59.876426, -121.55427 59.876911, -121.554322 59.87696, -121.554362 59.877012, -121.554389 59.877067, -121.554402 59.877122, -121.554401 59.877178, -121.554387 59.877233, -121.553936 59.878387, -121.553912 59.878435, -121.553877 59.878482, -121.553832 59.878526, -121.552225 59.879918, -121.552645 59.881455, -121.554071 59.88203, -121.555762 59.881887, -121.557548 59.880695, -121.557612 59.880656, -121.557685 59.880622, -121.557764 59.880592, -121.55785 59.880566, -121.557941 59.880546, -121.558036 59.880531, -121.558134 59.880521, -121.558233 59.880516, -121.559637 59.880496, -121.56084 59.880202, -121.560422 59.878834, -121.560412 59.878782, -121.560414 59.878729, -121.560727 59.876761, -121.560918 59.875559, -121.560932 59.875507, -121.560959 59.875456, -121.560997 59.875407, -121.561888 59.874432, -121.562249 59.873616, -121.562273 59.873573, -121.562305 59.873531, -121.562345 59.873491, -121.562392 59.873454, -121.564112 59.872232, -121.563936 59.871752, -121.563923 59.871697, -121.563923 59.871643, -121.563936 59.871588, -121.563962 59.871535, -121.564 59.871484, -121.564051 59.871436, -121.564113 59.871391, -121.564185 59.87135, -121.564266 59.871314, -121.564355 59.871283, -121.564686 59.871184, -121.564142 59.870423, -121.564111 59.870368, -121.564093 59.870312, -121.563994 59.869789, -121.563759 59.868673, -121.563754 59.868622, -121.56376 59.868571, -121.564073 59.867274, -121.564093 59.86722, -121.564125 59.867168, -121.564171 59.867117, -121.564228 59.86707, -121.564296 59.867027, -121.564373 59.866989, -121.56446 59.866955, -121.564554 59.866927, -121.564654 59.866906, -121.564759 59.86689, -121.564866 59.866881, -121.564975 59.866879, -121.565084 59.866883, -121.565191 59.866895, -121.565294 59.866912, -121.565392 59.866936, -121.565484 59.866966, -121.566655 59.867405, -121.568399 59.867274, -121.569233 59.866709, -121.56924 59.866704, -121.571251 59.865379, -121.571133 59.864306, -121.571133 59.864253, -121.571145 59.864201, -121.571169 59.86415, -121.571205 59.864101, -121.571252 59.864054, -121.573381 59.862208, -121.573443 59.862161, -121.573516 59.862119, -121.573598 59.862081, -121.57369 59.862049, -121.573788 59.862023, -121.573893 59.862004, -121.574001 59.861991, -121.574111 59.861985, -121.574222 59.861986, -121.574333 59.861994, -121.57444 59.862009, -121.574542 59.862031, -121.57695 59.862628, -121.579603 59.861702, -121.579695 59.861674, -121.579794 59.861651, -121.579897 59.861635, -121.580004 59.861625, -121.580112 59.861622, -121.585364 59.861641, -121.585466 59.861645, -121.585566 59.861654, -121.585663 59.861668, -121.585756 59.861689, -121.585845 59.861714, -121.585926 59.861745, -121.587545 59.862424, -121.589491 59.862876, -121.593718 59.862923, -121.595391 59.8623, -121.595472 59.862274, -121.595558 59.862251, -121.595649 59.862234, -121.595743 59.862222, -121.595839 59.862215, -121.595935 59.862214, -121.598342 59.862239, -121.599707 59.861247, -121.601096 59.859979, -121.60063 59.858861, -121.600615 59.858808, -121.600612 59.858755, -121.600621 59.858702, -121.600643 59.858649, -121.600677 59.858599, -121.600723 59.85855, -121.60078 59.858505, -121.600847 59.858464, -121.600923 59.858427, -121.601007 59.858394, -121.601098 59.858367, -121.601196 59.858346, -121.603266 59.857963, -121.604121 59.856464, -121.603862 59.856035, -121.603837 59.855983, -121.603825 59.85593, -121.603825 59.855877, -121.603837 59.855824, -121.603862 59.855772, -121.603899 59.855723, -121.603947 59.855675, -121.604005 59.855631, -121.605921 59.854359, -121.605851 59.854201, -121.605834 59.854147, -121.60583 59.854092, -121.60584 59.854037, -121.605862 59.853983, -121.605898 59.853931, -121.605946 59.853881, -121.606005 59.853835, -121.606076 59.853793, -121.606156 59.853755, -121.606244 59.853723, -121.606339 59.853696, -121.606441 59.853676, -121.606546 59.853662, -121.606654 59.853654, -121.606763 59.853654, -121.606872 59.85366, -121.606978 59.853673, -121.60708 59.853692, -121.609099 59.854143, -121.612333 59.854237, -121.612459 59.85424, -121.615048 59.854146, -121.614616 59.853134, -121.6146 59.853079, -121.614597 59.853023, -121.614607 59.852967, -121.614897 59.852056, -121.614902 59.852043, -121.614905 59.852034, -121.61563 59.850295, -121.61566 59.85024, -121.615703 59.850188, -121.615759 59.850139, -121.615827 59.850094, -121.615905 59.850054, -121.615993 59.850018, -121.618953 59.848977, -121.619046 59.848948, -121.619146 59.848926, -121.61925 59.848909, -121.619358 59.848899, -121.619467 59.848896, -121.619576 59.8489, -121.619683 59.84891, -121.621512 59.84915, -121.625465 59.84908, -121.625495 59.849079, -121.625545 59.84908, -121.628481 59.849162, -121.631795 59.848991, -121.632637 59.848224, -121.632691 59.848181, -121.632753 59.848141, -121.632824 59.848106, -121.632903 59.848074, -121.632988 59.848047, -121.63409 59.847745, -121.634184 59.847723, -121.634284 59.847706, -121.634387 59.847696, -121.634491 59.847691, -121.634596 59.847693, -121.634699 59.847701, -121.6348 59.847715, -121.634897 59.847735, -121.634989 59.84776, -121.635074 59.847791, -121.635152 59.847827, -121.636128 59.848334, -121.63618 59.848363, -121.636226 59.848395, -121.636266 59.848428, -121.636991 59.84908, -121.637036 59.849126, -121.637069 59.849174, -121.637092 59.849224, -121.637104 59.849275, -121.637104 59.849326, -121.637092 59.849377, -121.637069 59.849427, -121.637035 59.849475, -121.636991 59.849521, -121.636936 59.849564, -121.63513 59.850825, -121.635437 59.852297, -121.635442 59.85235, -121.635435 59.852402, -121.635415 59.852454, -121.635384 59.852504, -121.634631 59.853506, -121.634439 59.854123, -121.634416 59.854178, -121.634378 59.854231, -121.634328 59.854281, -121.634266 59.854327, -121.634194 59.854369, -121.634111 59.854407, -121.63402 59.854439, -121.633921 59.854465, -121.633818 59.854484, -121.63371 59.854497, -121.633599 59.854503, -121.633489 59.854502, -121.633379 59.854494, -121.633272 59.854479, -121.633169 59.854458, -121.632449 59.85428, -121.631213 59.854886, -121.631454 59.855976, -121.631458 59.855997, -121.63146 59.856027, -121.631452 59.857162, -121.631825 59.858496, -121.631833 59.858544, -121.631831 59.858592, -121.631819 59.858639, -121.631797 59.858686, -121.631766 59.858731, -121.631725 59.858774, -121.630773 59.859655, -121.630113 59.860402, -121.630976 59.861136, -121.631023 59.861182, -121.631059 59.86123, -121.631084 59.861279, -121.631098 59.86133, -121.631101 59.861381, -121.631091 59.861432, -121.631071 59.861482, -121.631039 59.861531, -121.630997 59.861578, -121.630944 59.861621, -121.630225 59.862149, -121.629069 59.862984, -121.629295 59.863429, -121.629316 59.863482, -121.629323 59.863537, -121.629318 59.863591, -121.629299 59.863645, -121.629268 59.863697, -121.629224 59.863747, -121.629169 59.863794, -121.629103 59.863837, -121.629026 59.863876, -121.628942 59.86391, -121.628849 59.863938, -121.628751 59.863961, -121.628648 59.863977, -121.628542 59.863987, -121.628434 59.863991, -121.627023 59.86399, -121.626366 59.864234, -121.627735 59.865017, -121.627796 59.865056, -121.627849 59.865098, -121.627891 59.865144, -121.627924 59.865191, -121.627946 59.86524, -121.627957 59.86529, -121.627957 59.86534, -121.627945 59.86539, -121.62793 59.865435, -121.627909 59.865482, -121.627879 59.865528, -121.627839 59.865571, -121.627178 59.866199, -121.6273 59.86721, -121.627301 59.86726, -121.62729 59.86731, -121.627268 59.86736, -121.626582 59.868584, -121.62756 59.869612, -121.62986 59.870077, -121.630484 59.869864, -121.630885 59.869619, -121.6313 59.869221, -121.631349 59.869179, -121.631407 59.869141, -121.631472 59.869106, -121.632886 59.868421, -121.63297 59.868386, -121.633062 59.868356, -121.633161 59.868332, -121.633265 59.868314, -121.633372 59.868302, -121.633482 59.868298, -121.633591 59.8683, -121.633699 59.868309, -121.633805 59.868325, -121.633905 59.868347, -121.633999 59.868376, -121.634086 59.868409, -121.634164 59.868448, -121.634232 59.868492, -121.634526 59.868708, -121.636352 59.868854, -121.636644 59.868504, -121.636661 59.868281, -121.636671 59.868226, -121.636695 59.868173, -121.636731 59.868121, -121.636779 59.868073, -121.636839 59.868027, -121.638219 59.867101, -121.637303 59.866683, -121.636677 59.86666, -121.636571 59.866652, -121.636469 59.866639, -121.636369 59.86662, -121.636276 59.866594, -121.636189 59.866564, -121.636109 59.866528, -121.636039 59.866487, -121.635979 59.866443, -121.63593 59.866396, -121.635892 59.866345, -121.635866 59.866293, -121.635853 59.86624, -121.635853 59.866186, -121.635909 59.865664, -121.635497 59.865208, -121.635459 59.865157, -121.635432 59.865105, -121.635419 59.865052, -121.635418 59.864998, -121.635429 59.864944, -121.635454 59.864892, -121.63549 59.864841, -121.635539 59.864793, -121.635598 59.864749, -121.635667 59.864708, -121.635746 59.864671, -121.635833 59.86464, -121.635926 59.864614, -121.636025 59.864594, -121.636128 59.86458, -121.638745 59.864309, -121.638761 59.864308, -121.640988 59.864098, -121.641074 59.864092, -121.641161 59.86409, -121.641247 59.864093, -121.641333 59.8641, -121.645033 59.864489, -121.645578 59.864088, -121.645279 59.862752, -121.645274 59.862698, -121.645281 59.862644, -121.645301 59.862591, -121.645333 59.86254, -121.646081 59.861559, -121.646127 59.861509, -121.646184 59.861462, -121.646253 59.861419, -121.646331 59.86138, -121.646418 59.861347, -121.646513 59.861319, -121.646614 59.861297, -121.646719 59.861282, -121.646827 59.861273, -121.646937 59.861271, -121.647046 59.861276, -121.647153 59.861288, -121.647256 59.861306, -121.647354 59.861331, -121.647446 59.861361, -121.647529 59.861397, -121.647603 59.861438, -121.647667 59.861483, -121.647719 59.861532, -121.647759 59.861583, -121.647786 59.861637, -121.6478 59.861692, -121.648031 59.863483, -121.648495 59.864439, -121.64959 59.864811, -121.64967 59.864842, -121.649742 59.864877, -121.649807 59.864915, -121.649862 59.864958, -121.649907 59.865002, -121.649943 59.86505, -121.649967 59.865099, -121.649981 59.865149, -121.650079 59.865763, -121.650322 59.866855, -121.650327 59.86691, -121.65032 59.866964, -121.650299 59.867018, -121.650266 59.86707, -121.65022 59.867119, -121.650163 59.867166, -121.650095 59.867208, -121.650018 59.867246, -121.649932 59.867279, -121.649839 59.867307, -121.647984 59.86778, -121.647381 59.868692, -121.647647 59.869581, -121.647657 59.869635, -121.647653 59.86969, -121.647637 59.869744, -121.647607 59.869797, -121.646966 59.87072, -121.646932 59.870762, -121.64689 59.870802, -121.646839 59.87084, -121.645718 59.871599, -121.645665 59.871632, -121.645605 59.871662, -121.645541 59.871689, -121.643242 59.872565, -121.642904 59.873012, -121.642904 59.87376, -121.642897 59.873817, -121.642876 59.873872, -121.642842 59.873926, -121.642794 59.873977, -121.642734 59.874025, -121.642663 59.874068, -121.642581 59.874107, -121.642491 59.87414, -121.642393 59.874167, -121.641081 59.874479, -121.641212 59.875188, -121.642964 59.875445, -121.643061 59.875463, -121.643153 59.875485, -121.643239 59.875513, -121.643318 59.875546, -121.643389 59.875583, -121.643452 59.875624, -121.644634 59.876502, -121.644688 59.876547, -121.64473 59.876595, -121.644762 59.876645, -121.644781 59.876697, -121.644789 59.876749, -121.644784 59.876802, -121.644767 59.876854, -121.644738 59.876905, -121.644697 59.876953, -121.644646 59.876999, -121.644584 59.877042, -121.643248 59.877855, -121.643193 59.877885, -121.643133 59.877913, -121.643069 59.877938, -121.64187 59.878355, -121.641972 59.879305, -121.641972 59.879357, -121.641967 59.879383, -121.64145 59.881571, -121.64156 59.882496, -121.641561 59.882542, -121.641552 59.882587, -121.641535 59.882632, -121.641508 59.882676, -121.641473 59.882718, -121.640984 59.883229, -121.641072 59.884145, -121.641071 59.884198, -121.641058 59.884251, -121.641032 59.884302, -121.640994 59.884352, -121.640945 59.884399, -121.640886 59.884443, -121.636399 59.887359, -121.637281 59.888221, -121.637325 59.888271, -121.637356 59.888322, -121.637375 59.888376, -121.637381 59.88843, -121.637374 59.888484, -121.637354 59.888537, -121.637322 59.888589, -121.637278 59.888638, -121.637222 59.888684, -121.634467 59.890689, -121.634481 59.892904, -121.636244 59.894706, -121.636284 59.894754, -121.636313 59.894804, -121.637701 59.897842, -121.640925 59.902982, -121.640951 59.903034, -121.640965 59.903086, -121.640966 59.903139, -121.640955 59.903192, -121.640931 59.903244, -121.640896 59.903294, -121.640849 59.903342, -121.640792 59.903386, -121.638246 59.90512, -121.641617 59.906038, -121.642884 59.905706, -121.642979 59.905684, -121.643079 59.905669, -121.643181 59.905659, -121.643285 59.905655, -121.643389 59.905658, -121.643492 59.905666, -121.643592 59.905681, -121.643688 59.905701, -121.648044 59.90678, -121.648397 59.906727, -121.648428 59.906722, -121.648496 59.906715, -121.649666 59.90661, -121.650163 59.905968, -121.650186 59.905941, -121.650242 59.90589, -121.651105 59.90521, -121.651168 59.905167, -121.65124 59.905127, -121.651322 59.905092, -121.651411 59.905063, -121.651506 59.905039, -121.651606 59.905021, -121.65171 59.905009, -121.651816 59.905003, -121.653938 59.904956, -121.65481 59.904627, -121.655077 59.902097, -121.652317 59.901995, -121.652208 59.901988, -121.652101 59.901973, -121.651999 59.901953, -121.651902 59.901926, -121.651813 59.901893, -121.651732 59.901854, -121.651662 59.901812, -121.651602 59.901765, -121.651555 59.901714, -121.65152 59.901661, -121.651499 59.901607, -121.651491 59.901551, -121.651497 59.901495, -121.651516 59.90144, -121.651549 59.901387, -121.651594 59.901336, -121.651652 59.901289, -121.65172 59.901245, -121.651799 59.901206, -121.651887 59.901172, -121.651983 59.901144, -121.652084 59.901122, -121.65219 59.901107, -121.657134 59.900558, -121.657228 59.90055, -121.657323 59.900547, -121.657418 59.90055, -121.657513 59.900557, -121.657605 59.90057, -121.657693 59.900587, -121.661783 59.901522, -121.661878 59.901547, -121.661967 59.901578, -121.662048 59.901615, -121.662119 59.901656, -121.66218 59.901701, -121.66223 59.901749, -121.662267 59.9018, -121.662293 59.901853, -121.662305 59.901908, -121.662304 59.901962, -121.66229 59.902016, -121.662264 59.902069, -121.662225 59.90212, -121.662173 59.902168, -121.662111 59.902213, -121.662039 59.902253, -121.661957 59.902289, -121.661867 59.902319, -121.660468 59.902735, -121.658784 59.903272, -121.658192 59.903905, -121.66139 59.904932, -121.661413 59.90494, -121.663755 59.905745, -121.663835 59.905776, -121.663908 59.905811, -121.663972 59.90585, -121.664027 59.905893, -121.664072 59.905938, -121.664107 59.905986, -121.664619 59.906841, -121.668722 59.907113, -121.669449 59.90679, -121.66978 59.906598, -121.672481 59.904909, -121.672551 59.90487, -121.67263 59.904836, -121.672715 59.904807, -121.672807 59.904783, -121.672903 59.904764, -121.673004 59.904752, -121.673106 59.904745, -121.67321 59.904744, -121.675 59.904782, -121.675829 59.903233, -121.675861 59.903185, -121.675904 59.903138, -121.677478 59.901655, -121.677894 59.899754, -121.677911 59.899703, -121.677939 59.899654, -121.677978 59.899606, -121.678028 59.899562, -121.678087 59.89952, -121.678156 59.899482, -121.678232 59.899448, -121.678316 59.899419, -121.678406 59.899395, -121.6785 59.899376, -121.679736 59.89917, -121.679845 59.899156, -121.679957 59.899148, -121.680069 59.899148, -121.680181 59.899155, -121.68029 59.899169, -121.680395 59.89919, -121.680493 59.899217, -121.680584 59.899251, -121.680666 59.89929, -121.680738 59.899334, -121.680798 59.899382, -121.680846 59.899433, -121.68088 59.899487, -121.6809 59.899543, -121.681127 59.900491, -121.682419 59.900678, -121.687944 59.899725, -121.688047 59.89971, -121.688153 59.899702, -121.68826 59.899701, -121.688366 59.899705, -121.688471 59.899717, -121.688572 59.899734, -121.688668 59.899758, -121.688758 59.899787, -121.68884 59.899821, -121.688914 59.89986, -121.688978 59.899904, -121.689031 59.89995, -121.689073 59.9, -121.689102 59.900052, -121.690519 59.903248, -121.691766 59.903557, -121.694235 59.903693, -121.694345 59.903703, -121.694453 59.90372, -121.694555 59.903743, -121.694651 59.903773, -121.694739 59.903808, -121.694817 59.903849, -121.694884 59.903895, -121.694939 59.903944, -121.694982 59.903996, -121.695011 59.904051, -121.695026 59.904107, -121.695028 59.904164, -121.695015 59.90422, -121.694988 59.904276, -121.694947 59.904329, -121.694198 59.90515, -121.69415 59.905196, -121.694091 59.905238, -121.694023 59.905277, -121.693947 59.905312, -121.693863 59.905342, -121.693773 59.905367, -121.693678 59.905386, -121.693579 59.9054, -121.692027 59.90557, -121.68977 59.906415, -121.689333 59.906947, -121.689691 59.907906, -121.691315 59.908397, -121.691381 59.908419, -121.693428 59.909175, -121.693513 59.909211, -121.693588 59.909251, -121.693653 59.909296, -121.693707 59.909345, -121.693748 59.909396, -121.693776 59.90945, -121.693791 59.909505, -121.693792 59.909561, -121.69378 59.909616, -121.693754 59.90967, -121.693715 59.909722, -121.693664 59.909772, -121.693601 59.909817, -121.693527 59.909859, -121.690492 59.911369, -121.689522 59.912429, -121.689835 59.91323, -121.691463 59.914253, -121.692227 59.914141, -121.692335 59.914129, -121.692446 59.914124, -121.692557 59.914126, -121.692667 59.914134, -121.692773 59.91415, -121.692875 59.914172, -121.692971 59.9142, -121.693059 59.914234, -121.693139 59.914273, -121.693207 59.914317, -121.693265 59.914365, -121.69331 59.914417, -121.693342 59.91447, -121.693361 59.914525, -121.693366 59.914581, -121.693357 59.914637, -121.693334 59.914692, -121.693299 59.914745, -121.692159 59.91614, -121.692707 59.916209, -121.692813 59.916226, -121.692914 59.916249, -121.693008 59.916279, -121.693094 59.916314, -121.693171 59.916355, -121.693237 59.9164, -121.693292 59.916448, -121.693334 59.9165, -121.693363 59.916554, -121.693378 59.91661, -121.69338 59.916666, -121.693368 59.916722, -121.692804 59.918373, -121.692788 59.918411, -121.692765 59.918448, -121.692736 59.918484, -121.69188 59.919431, -121.692556 59.920032, -121.692603 59.92008, -121.692638 59.92013, -121.692661 59.920183, -121.692671 59.920236, -121.692669 59.92029, -121.692654 59.920343, -121.692627 59.920394, -121.692588 59.920444, -121.692537 59.920491, -121.692476 59.920535, -121.692405 59.920575, -121.691732 59.920908, -121.69115 59.92161, -121.690893 59.922274, -121.690865 59.922327, -121.690825 59.922378, -121.690773 59.922427, -121.69071 59.922471, -121.690636 59.922512, -121.690553 59.922548, -121.690462 59.922578, -121.690364 59.922602, -121.690262 59.922621, -121.688969 59.922806, -121.688683 59.923978, -121.688665 59.924029, -121.688636 59.924077, -121.688596 59.924124, -121.688545 59.924169, -121.688486 59.92421, -121.687554 59.92478, -121.689267 59.926, -121.689336 59.926043, -121.689389 59.926081, -121.689421 59.926109, -121.69073 59.927329, -121.691683 59.927229, -121.693227 59.926352, -121.693306 59.926312, -121.693395 59.926278, -121.693492 59.926249, -121.693595 59.926227, -121.693703 59.926211, -121.693813 59.926203, -121.693925 59.926201, -121.694037 59.926207, -121.694146 59.92622, -121.694252 59.926239, -121.694351 59.926265, -121.694444 59.926297, -121.694527 59.926335, -121.694601 59.926377, -121.694891 59.926568, -121.694952 59.926613, -121.695001 59.926662, -121.695038 59.926713, -121.695063 59.926767, -121.695074 59.926821, -121.695073 59.926876, -121.695058 59.92693, -121.69503 59.926983, -121.69499 59.927033, -121.694349 59.927717, -121.69416 59.928473, -121.694146 59.928515, -121.694124 59.928556, -121.694094 59.928596, -121.693864 59.928863, -121.695798 59.929381, -121.6972 59.929133, -121.697307 59.929118, -121.697417 59.92911, -121.697528 59.929108, -121.697639 59.929114, -121.697747 59.929126, -121.697852 59.929146, -121.697951 59.929171, -121.698043 59.929203, -121.698126 59.92924, -121.6982 59.929282, -121.698262 59.929329, -121.698313 59.929379, -121.698351 59.929432, -121.698375 59.929486, -121.698386 59.929542, -121.698383 59.929598, -121.698366 59.929654, -121.698335 59.929708, -121.698292 59.929759, -121.698236 59.929808, -121.698168 59.929853, -121.697466 59.930261, -121.697397 59.930297, -121.697319 59.930329, -121.697235 59.930357, -121.697146 59.930379, -121.697052 59.930396, -121.696955 59.930408, -121.696855 59.930415, -121.696755 59.930415, -121.695673 59.930393, -121.695156 59.930623, -121.695109 59.930643, -121.694894 59.930726, -121.694294 59.931739, -121.6963 59.932372, -121.697727 59.932052, -121.699133 59.931456, -121.699219 59.931424, -121.699312 59.931397, -121.699411 59.931376, -121.699514 59.931362, -121.699619 59.931353, -121.699726 59.931351, -121.699833 59.931355, -121.701 59.931439, -121.701108 59.931451, -121.701212 59.931468, -121.701312 59.931493, -121.701404 59.931523, -121.701489 59.931559, -121.701564 59.931599, -121.701628 59.931644, -121.701681 59.931693, -121.701722 59.931745, -121.70175 59.931799, -121.701764 59.931854, -121.701765 59.931909, -121.701752 59.931964, -121.701726 59.932018, -121.701687 59.93207, -121.701635 59.93212, -121.700178 59.933321, -121.700132 59.933356, -121.70008 59.933388, -121.69769 59.934725, -121.697241 59.935904, -121.699647 59.93725, -121.700642 59.937502, -121.700709 59.937521, -121.700774 59.937543, -121.700834 59.937568, -121.701901 59.938047, -121.70456 59.936929, -121.704651 59.936896, -121.704749 59.936868, -121.704853 59.936847, -121.704962 59.936833, -121.705073 59.936826, -121.705186 59.936826, -121.705297 59.936833, -121.705406 59.936847, -121.708053 59.937278, -121.708147 59.937296, -121.708236 59.93732, -121.70832 59.937348, -121.708396 59.937381, -121.708465 59.937418, -121.708525 59.937459, -121.708575 59.937503, -121.708616 59.93755, -121.7096 59.938893, -121.709628 59.938937, -121.709646 59.938983, -121.709654 59.93903, -121.709654 59.939077, -121.709465 59.94055, -121.710898 59.94183, -121.710939 59.941871, -121.710971 59.941914, -121.710994 59.941958, -121.711376 59.94287, -121.711391 59.942919, -121.711395 59.942969, -121.711388 59.943018, -121.71137 59.943067, -121.711342 59.943115, -121.711304 59.943161, -121.711256 59.943204, -121.710235 59.944007, -121.708897 59.945952, -121.708854 59.946004, -121.708798 59.946052, -121.708731 59.946097, -121.708654 59.946137, -121.708567 59.946172, -121.708473 59.946202, -121.707172 59.94655, -121.707635 59.947663, -121.710264 59.94789, -121.710369 59.947903, -121.71047 59.947921, -121.710565 59.947946, -121.710655 59.947976, -121.710736 59.948011, -121.710808 59.948051, -121.710871 59.948095, -121.710922 59.948143, -121.710961 59.948193, -121.710989 59.948246, -121.711003 59.9483, -121.711172 59.949412, -121.711173 59.949459, -121.711165 59.949506, -121.711148 59.949552, -121.711121 59.949597, -121.710623 59.950291, -121.711005 59.951347, -121.712273 59.951253, -121.71238 59.951249, -121.712487 59.95125, -121.712593 59.951259, -121.712696 59.951273, -121.712795 59.951294, -121.712888 59.951321, -121.712974 59.951353, -121.713052 59.95139, -121.713121 59.951431, -121.713179 59.951477, -121.713226 59.951525, -121.713261 59.951576, -121.713284 59.951629, -121.713294 59.951683, -121.713292 59.951737, -121.713276 59.95179, -121.713248 59.951842, -121.712682 59.952688, -121.713657 59.953766, -121.713693 59.953813, -121.713717 59.953856, -121.714037 59.954594, -121.717256 59.95528, -121.718229 59.955258, -121.718333 59.955259, -121.718436 59.955266, -121.718537 59.955278, -121.718634 59.955297, -121.718726 59.955321, -121.718812 59.95535, -121.718891 59.955385, -121.720641 59.956241, -121.720653 59.956247, -121.720718 59.956282, -121.720775 59.956321, -121.720824 59.956362, -121.720863 59.956406, -121.720893 59.956452, -121.720912 59.9565, -121.720924 59.95654, -121.721173 59.957327, -121.721183 59.957383, -121.72118 59.957438, -121.721163 59.957493, -121.721133 59.957547, -121.72109 59.957598, -121.720342 59.958354, -121.720288 59.958401, -121.720223 59.958445, -121.720147 59.958484, -121.720063 59.958519, -121.719971 59.958548, -121.719872 59.958571, -121.717086 59.959125, -121.716992 59.95914, -121.716895 59.959151, -121.716796 59.959155, -121.716697 59.959155, -121.716599 59.959149, -121.714486 59.958955, -121.713928 59.959016, -121.713599 59.959095, -121.713759 59.96015, -121.715157 59.960528, -121.716694 59.960864, -121.716793 59.96089, -121.716885 59.960921, -121.716969 59.960958, -121.717043 59.961, -121.717106 59.961046, -121.717157 59.961096, -121.717195 59.961149, -121.71722 59.961204, -121.717231 59.96126, -121.717228 59.961316, -121.717212 59.961371, -121.717182 59.961425, -121.717139 59.961477, -121.717083 59.961526, -121.717016 59.96157, -121.716938 59.961611, -121.716851 59.961646, -121.714995 59.962301, -121.713006 59.963845, -121.712947 59.963886, -121.712878 59.963924, -121.712802 59.963957, -121.710734 59.964759, -121.710047 59.965247, -121.708664 59.966349, -121.710159 59.966741, -121.710229 59.966761, -121.710295 59.966785, -121.711378 59.967208, -121.711455 59.967242, -121.711523 59.96728, -121.711583 59.967321, -121.711633 59.967366, -121.711672 59.967413, -121.711701 59.967462, -121.711718 59.967513, -121.711724 59.967564, -121.711718 59.967615, -121.711552 59.968336, -121.71166 59.969077, -121.711662 59.969124, -121.711654 59.96917, -121.711637 59.969216, -121.71161 59.969261, -121.710978 59.970149, -121.711301 59.970936, -121.711315 59.970984, -121.711319 59.971033, -121.711313 59.971081, -121.711296 59.971129, -121.7109 59.971995, -121.710871 59.972044, -121.710831 59.972092, -121.710381 59.972554, -121.71167 59.973314, -121.711735 59.973357, -121.711789 59.973404, -121.711832 59.973454, -121.711862 59.973507, -121.711879 59.97356, -121.711884 59.973615, -121.711875 59.973669, -121.711854 59.973722, -121.711819 59.973774, -121.711773 59.973823, -121.711715 59.973869, -121.711647 59.973911, -121.711569 59.973949, -121.711482 59.973982, -121.711389 59.974009, -121.711289 59.97403, -121.711185 59.974045, -121.711079 59.974054, -121.71097 59.974056, -121.710863 59.974051, -121.710174 59.974001, -121.708458 59.974492, -121.708614 59.974868, -121.70932 59.975577, -121.710617 59.976023, -121.710704 59.976057, -121.710782 59.976096, -121.710849 59.97614, -121.710906 59.976187, -121.710951 59.976238, -121.710983 59.976291, -121.711001 59.976346, -121.711007 59.976401, -121.710998 59.976456, -121.710976 59.976511, -121.710709 59.977014, -121.710682 59.977057, -121.710646 59.977098, -121.710603 59.977138, -121.710551 59.977174, -121.709155 59.978079, -121.70914 59.978088, -121.709107 59.978107, -121.707886 59.978775, -121.707808 59.978813, -121.707721 59.978846, -121.707627 59.978873, -121.707527 59.978894, -121.707422 59.978909, -121.707315 59.978918, -121.707206 59.97892, -121.706204 59.978906, -121.705814 59.978961, -121.705924 59.979881, -121.705924 59.979935, -121.705911 59.979988, -121.705886 59.98004, -121.705849 59.98009, -121.705801 59.980138, -121.705741 59.980182, -121.705671 59.980222, -121.705593 59.980258, -121.705506 59.980289, -121.705413 59.980315, -121.705314 59.980335, -121.704239 59.980515, -121.70399 59.980902, -121.703953 59.980949, -121.703905 59.980995, -121.703848 59.981037, -121.703782 59.981076, -121.703707 59.98111, -121.703625 59.98114, -121.701241 59.981916, -121.700692 59.982268, -121.700629 59.982305, -121.700557 59.982338, -121.700479 59.982367, -121.700395 59.982392, -121.700307 59.982411, -121.700214 59.982426, -121.700119 59.982436, -121.69905 59.982515, -121.697335 59.983478, -121.697257 59.983517, -121.69717 59.98355, -121.697076 59.983578, -121.696975 59.9836, -121.69687 59.983616, -121.694817 59.983852, -121.694731 59.98386, -121.693596 59.983933, -121.692043 59.984382, -121.692361 59.985175, -121.692426 59.985204, -121.69432 59.985484, -121.694426 59.985504, -121.694525 59.985529, -121.694618 59.985561, -121.694702 59.985599, -121.694776 59.985641, -121.694839 59.985688, -121.694889 59.985738, -121.694927 59.985791, -121.694951 59.985846, -121.694962 59.985902, -121.694958 59.985959, -121.694941 59.986014, -121.694909 59.986069, -121.694865 59.98612, -121.694808 59.986169, -121.693078 59.987452, -121.692503 59.988334, -121.692734 59.989161, -121.692742 59.989217, -121.692737 59.989273, -121.692717 59.989329, -121.692684 59.989383, -121.692638 59.989434, -121.69258 59.989482, -121.69251 59.989526, -121.692429 59.989566, -121.69234 59.989599, -121.692242 59.989627, -121.692139 59.989649, -121.692031 59.989664, -121.689849 59.989893, -121.689781 59.989899, -121.689738 59.989901, -121.687504 59.98999, -121.687618 59.990563, -121.687623 59.990609, -121.687618 59.990654, -121.687604 59.990699, -121.687582 59.990744, -121.68755 59.990786, -121.6861 59.99248, -121.686089 59.992493, -121.686073 59.992509, -121.685404 59.993161, -121.686427 59.994498, -121.686456 59.994542, -121.686475 59.994588, -121.686485 59.994635, -121.686575 59.995485, -121.687482 59.996013, -121.68755 59.996058, -121.687606 59.996107, -121.68765 59.996159, -121.68768 59.996214, -121.687696 59.99627, -121.687699 59.996326, -121.687687 59.996383, -121.687661 59.996438, -121.687622 59.996491, -121.686356 59.997921, -121.686321 59.997956, -121.686281 59.997989, -121.686235 59.99802, -121.685622 59.998404, -121.685554 59.998441, -121.683929 59.999242, -121.683852 59.999276, -121.683769 59.999305, -121.683679 59.999329, -121.682275 59.999656, -121.682308 60.000882, -121.685353 60.002238, -121.685424 60.002273, -121.685486 60.002312, -121.68554 60.002354, -121.685584 60.002399, -121.686224 60.003158, -121.686259 60.003206, -121.686282 60.003255, -121.686294 60.003305, -121.686295 60.003356, -121.686284 60.003406, -121.686262 60.003456, -121.685706 60.004451, -121.685576 60.005306, -121.685563 60.005355, -121.685535 60.005411, -121.684479 60.007039, -121.684246 60.007738, -121.684221 60.007793, -121.684183 60.007846, -121.684131 60.007895, -121.684068 60.007942, -121.683994 60.007984, -121.68391 60.008021, -121.682514 60.00856, -121.680532 60.009604, -121.680499 60.00962, -121.680468 60.009634, -121.678908 60.010309, -121.678311 60.012172, -121.678662 60.012875, -121.678683 60.01293, -121.678689 60.012985, -121.678683 60.01304, -121.678663 60.013094, -121.677877 60.014677, -121.677871 60.014689, -121.677467 60.015421, -121.677433 60.01547, -121.677389 60.015517, -121.677334 60.015561, -121.67727 60.015602, -121.677197 60.015638, -121.677115 60.01567, -121.677028 60.015697, -121.676934 60.015719, -121.676836 60.015735, -121.675339 60.015937, -121.674652 60.016035, -121.674507 60.016084, -121.674299 60.017296, -121.674284 60.017349, -121.674257 60.0174, -121.674218 60.017449, -121.674167 60.017496, -121.674106 60.017539, -121.674036 60.017578, -121.673956 60.017613, -121.673869 60.017643, -121.673776 60.017668, -121.672449 60.017969, -121.671229 60.018247, -121.671082 60.018692, -121.671037 60.019745, -121.671014 60.020142, -121.670946 60.021666, -121.670936 60.021722, -121.670914 60.021776, -121.670878 60.021828, -121.670829 60.021878, -121.670769 60.021925, -121.670698 60.021967, -121.670617 60.022005, -121.670527 60.022037, -121.67043 60.022064, -121.670327 60.022084, -121.67022 60.022098, -121.670111 60.022105, -121.670001 60.022105, -121.669891 60.022099, -121.667346 60.021865, -121.666999 60.021862, -121.666916 60.021859, -121.666835 60.021853, -121.666754 60.021842, -121.664696 60.021527, -121.664508 60.021801, -121.664522 60.02236, -121.664518 60.022409, -121.664503 60.022458, -121.664477 60.022506, -121.664442 60.022552, -121.664397 60.022595, -121.664342 60.022636, -121.664279 60.022674, -121.663951 60.022849, -121.663876 60.022885, -121.663794 60.022916, -121.663706 60.022942, -121.663612 60.022963, -121.663514 60.022978, -121.663413 60.022987, -121.662691 60.023033, -121.66248 60.024206, -121.66368 60.025468, -121.663722 60.025521, -121.66375 60.025575, -121.663765 60.025631, -121.663765 60.025688, -121.663751 60.025744, -121.663724 60.025799, -121.663683 60.025852, -121.663629 60.025901, -121.663564 60.025947, -121.663487 60.025988, -121.663401 60.026025, -121.663306 60.026055, -121.663205 60.026079, -121.663098 60.026097, -121.662988 60.026108, -121.662876 60.026111, -121.661146 60.026115, -121.659251 60.026731, -121.659513 60.02697, -121.65956 60.027021, -121.659595 60.027074, -121.659616 60.027129, -121.659624 60.027184, -121.659618 60.02724, -121.659598 60.027295, -121.659565 60.027348, -121.659519 60.027399, -121.65946 60.027447, -121.659391 60.02749, -121.659311 60.027529, -121.659222 60.027563, -121.659126 60.027591, -121.659024 60.027612, -121.658917 60.027627, -121.657643 60.027765, -121.657539 60.027773, -121.657433 60.027775, -121.657328 60.02777, -121.657225 60.027759, -121.657125 60.027743, -121.657029 60.02772, -121.65694 60.027692, -121.656857 60.027659, -121.656783 60.027622, -121.656718 60.02758, -121.656664 60.027534, -121.656279 60.027166, -121.655012 60.027289, -121.654617 60.028297, -121.654591 60.028349, -121.654552 60.028398, -121.654501 60.028446, -121.65444 60.02849, -121.654369 60.028529, -121.654289 60.028565, -121.654201 60.028595, -121.654107 60.02862, -121.654008 60.028639, -121.653904 60.028652, -121.653799 60.028659, -121.653692 60.028659, -121.651991 60.028613, -121.651924 60.02861, -121.650348 60.028504, -121.648748 60.029392, -121.64749 60.030289, -121.647438 60.030322, -121.647381 60.030353, -121.647319 60.03038, -121.644922 60.031347, -121.645533 60.032556, -121.647026 60.032784, -121.647095 60.032796, -121.647113 60.0328, -121.648899 60.033177, -121.648999 60.033203, -121.649093 60.033234, -121.649178 60.033271, -121.649254 60.033313, -121.650993 60.034419, -121.651053 60.034462, -121.651102 60.034508, -121.651141 60.034557, -121.651168 60.034608, -121.651183 60.03466, -121.652427 60.041907, -121.653544 60.04402, -121.653565 60.044071, -121.653574 60.044123, -121.653571 60.044175, -121.653556 60.044226, -121.65353 60.044276, -121.653492 60.044324, -121.653444 60.04437, -121.653385 60.044413, -121.653317 60.044452, -121.65324 60.044486, -121.653156 60.044516, -121.651719 60.045577, -121.653459 60.046854, -121.654533 60.047522, -121.656449 60.048465, -121.656492 60.048488, -121.656694 60.048602, -121.658686 60.048484, -121.659619 60.048202, -121.659717 60.048176, -121.65982 60.048157, -121.659927 60.048144, -121.660037 60.048138, -121.660147 60.048139, -121.660256 60.048147, -121.660362 60.048161, -121.660464 60.048181, -121.660561 60.048208, -121.66065 60.048241, -121.66073 60.048279, -121.660801 60.048321, -121.660861 60.048368, -121.660908 60.048417, -121.660944 60.04847, -121.660966 60.048524, -121.660975 60.048579, -121.66097 60.048635, -121.660952 60.048689, -121.66092 60.048742, -121.660235 60.049684, -121.661329 60.050695, -121.661476 60.050678, -121.66234 60.049948, -121.662395 60.049907, -121.662458 60.049869, -121.66253 60.049835, -121.662608 60.049805, -121.662693 60.04978, -121.662782 60.049759, -121.664931 60.049343, -121.665029 60.049327, -121.665141 60.049316, -121.66611 60.049256, -121.666441 60.04798, -121.666449 60.047955, -121.666472 60.047906, -121.667083 60.046907, -121.667114 60.046864, -121.667154 60.046822, -121.667202 60.046783, -121.667257 60.046747, -121.66732 60.046714, -121.669065 60.045875, -121.669194 60.045351, -121.669214 60.045298, -121.669246 60.045246, -121.66929 60.045197, -121.669345 60.045151, -121.669412 60.045108, -121.669487 60.04507, -121.669572 60.045037, -121.669664 60.045009, -121.669761 60.044986, -121.669864 60.04497, -121.669969 60.04496, -121.670077 60.044956, -121.671552 60.044952, -121.671512 60.044774, -121.671509 60.044753, -121.671508 60.044746, -121.671348 60.043132, -121.671349 60.043078, -121.671363 60.043023, -121.671391 60.04297, -121.671431 60.042919, -121.671483 60.042871, -121.671546 60.042827, -121.673852 60.041395, -121.671749 60.039994, -121.671688 60.039948, -121.671639 60.039898, -121.671603 60.039847, -121.671579 60.039793, -121.671568 60.039738, -121.671571 60.039683, -121.671588 60.039628, -121.671617 60.039575, -121.671659 60.039525, -121.671713 60.039477, -121.671778 60.039432, -121.671854 60.039393, -121.671939 60.039358, -121.672031 60.039328, -121.67213 60.039305, -121.672234 60.039287, -121.672341 60.039277, -121.67245 60.039272, -121.67256 60.039275, -121.672668 60.039284, -121.674175 60.039463, -121.676617 60.038596, -121.676243 60.037166, -121.675823 60.036308, -121.675091 60.035462, -121.675061 60.035422, -121.67505 60.035404, -121.674676 60.034737, -121.674652 60.034681, -121.674643 60.034624, -121.674647 60.034568, -121.674666 60.034512, -121.674699 60.034457, -121.674745 60.034406, -121.674804 60.034357, -121.674874 60.034313, -121.674955 60.034273, -121.675045 60.034239, -121.675143 60.034211, -121.675247 60.034189, -121.675356 60.034174, -121.675468 60.034166, -121.675581 60.034165, -121.678334 60.034232, -121.679328 60.033445, -121.678758 60.033039, -121.678701 60.032992, -121.678655 60.032942, -121.678621 60.032889, -121.678601 60.032834, -121.678595 60.032779, -121.678602 60.032724, -121.678622 60.032669, -121.678655 60.032617, -121.678702 60.032566, -121.67876 60.032519, -121.678829 60.032476, -121.678908 60.032438, -121.678996 60.032404, -121.679091 60.032377, -121.679193 60.032355, -121.679299 60.03234, -121.679408 60.032332, -121.680557 60.032279, -121.68456 60.032047, -121.687851 60.031305, -121.687955 60.031285, -121.688062 60.031272, -121.688172 60.031266, -121.688282 60.031267, -121.688392 60.031274, -121.688498 60.031288, -121.688601 60.031309, -121.688697 60.031336, -121.688787 60.031368, -121.688867 60.031406, -121.688938 60.031449, -121.688998 60.031496, -121.689046 60.031546, -121.689081 60.031598, -121.689103 60.031653, -121.689112 60.031708, -121.689107 60.031764, -121.689088 60.031818, -121.689056 60.031871, -121.687615 60.033833, -121.688395 60.034321, -121.688456 60.034364, -121.688507 60.03441, -121.688546 60.034459, -121.688574 60.03451, -121.688589 60.034562, -121.688593 60.034615, -121.688584 60.034668, -121.688562 60.03472, -121.688529 60.03477, -121.688485 60.034818, -121.688429 60.034863, -121.688364 60.034904, -121.688289 60.034941, -121.688206 60.034974, -121.685354 60.035963, -121.684972 60.036129, -121.684762 60.036957, -121.686077 60.037431, -121.686164 60.037467, -121.686242 60.037508, -121.686308 60.037553, -121.686363 60.037603, -121.686404 60.037655, -121.686433 60.03771, -121.686447 60.037766, -121.686448 60.037823, -121.686434 60.037879, -121.686406 60.037934, -121.686365 60.037987, -121.686311 60.038036, -121.686245 60.038082, -121.686168 60.038124, -121.686081 60.03816, -121.685987 60.03819, -121.683656 60.038836, -121.68269 60.041055, -121.682668 60.041096, -121.682638 60.041136, -121.682601 60.041175, -121.681677 60.042022, -121.683717 60.042824, -121.683798 60.04286, -121.68387 60.0429, -121.683931 60.042945, -121.683982 60.042993, -121.68402 60.043044, -121.684046 60.043096, -121.684059 60.04315, -121.68406 60.043204, -121.684047 60.043258, -121.683726 60.044158, -121.683393 60.045972, -121.683669 60.047592, -121.683672 60.047646, -121.683662 60.0477, -121.683214 60.04914, -121.683015 60.050014, -121.682986 60.050763, -121.682978 60.050813, -121.68296 60.050862, -121.682931 60.050909, -121.682542 60.051446, -121.682163 60.052173, -121.68213 60.052224, -121.682086 60.052272, -121.682031 60.052317, -121.681965 60.052359, -121.68189 60.052396, -121.681807 60.052429, -121.681717 60.052457, -121.68162 60.052479, -121.68152 60.052495, -121.681416 60.052505, -121.68131 60.052509, -121.679394 60.052523, -121.678851 60.053552, -121.678818 60.053602, -121.678774 60.05365, -121.678718 60.053695, -121.678652 60.053737, -121.678577 60.053774, -121.676757 60.054578, -121.675267 60.055642, -121.675159 60.056366, -121.675467 60.05699, -121.675486 60.057041, -121.675494 60.057093, -121.675489 60.057145, -121.6754 60.057576, -121.676198 60.058948, -121.676222 60.059001, -121.676233 60.059055, -121.676231 60.059109, -121.676217 60.059162, -121.67619 60.059214, -121.67615 60.059265, -121.676099 60.059312, -121.676037 60.059356, -121.675964 60.059396, -121.675883 60.059432, -121.675794 60.059462, -121.675698 60.059487, -121.675598 60.059505, -121.675493 60.059518, -121.675386 60.059524, -121.675279 60.059523, -121.674061 60.059482, -121.671483 60.060147, -121.671298 60.06068, -121.672591 60.061693, -121.672641 60.061738, -121.672681 60.061786, -121.67271 60.061835, -121.672727 60.061886, -121.672732 60.061938, -121.672726 60.061989, -121.672708 60.06204, -121.672678 60.06209, -121.672243 60.062688, -121.672914 60.064125, -121.672932 60.064174, -121.672938 60.064224, -121.672934 60.064274, -121.672918 60.064323, -121.672892 60.064371, -121.672855 60.064418, -121.672808 60.064462, -121.672752 60.064503, -121.670638 60.06588, -121.67062 60.065891, -121.670603 60.065902, -121.66904 60.066799, -121.668317 60.067343, -121.670314 60.069215, -121.670361 60.069266, -121.670395 60.06932, -121.670415 60.069376, -121.670421 60.069433, -121.670412 60.069489, -121.67039 60.069545, -121.670353 60.069599, -121.670304 60.06965, -121.670242 60.069697, -121.670169 60.06974, -121.670086 60.069778, -121.669993 60.069811, -121.668259 60.070346, -121.668059 60.071834, -121.668805 60.07281, -121.668835 60.072857, -121.668855 60.072906, -121.668864 60.072956, -121.668862 60.073006, -121.668849 60.073056, -121.668825 60.073104, -121.66879 60.073151, -121.66763 60.074492, -121.667064 60.075325, -121.667712 60.075884, -121.667754 60.075925, -121.667788 60.075967, -121.667812 60.076011, -121.667828 60.076056, -121.668293 60.077979, -121.6683 60.078031, -121.668294 60.078083, -121.668277 60.078134, -121.668248 60.078184, -121.668207 60.078232, -121.668156 60.078278, -121.668095 60.07832, -121.668025 60.078358, -121.667946 60.078392, -121.66786 60.078421, -121.666208 60.078911, -121.666303 60.079756, -121.667991 60.081244, -121.66804 60.081293, -121.668076 60.081346, -121.668099 60.0814, -121.668109 60.081455, -121.668105 60.08151, -121.667901 60.082569, -121.668728 60.083411, -121.67087 60.084083, -121.67092 60.0841, -121.670929 60.084104, -121.672494 60.084687, -121.674063 60.085029, -121.674163 60.085054, -121.674256 60.085086, -121.67434 60.085123, -121.674414 60.085166, -121.674477 60.085213, -121.674528 60.085263, -121.674566 60.085316, -121.674591 60.085371, -121.674602 60.085427, -121.674598 60.085484, -121.67458 60.085539, -121.674549 60.085594, -121.674505 60.085646, -121.673388 60.086749, -121.673751 60.087332, -121.675955 60.087238, -121.676655 60.086171, -121.676695 60.08612, -121.676746 60.086073, -121.676809 60.086028, -121.676882 60.085988, -121.676964 60.085953, -121.677054 60.085923, -121.67715 60.085898, -121.677252 60.08588, -121.677357 60.085868, -121.677464 60.085862, -121.678944 60.085827, -121.678966 60.085827, -121.680335 60.085812, -121.682949 60.085793, -121.684987 60.085729, -121.685087 60.085728, -121.685187 60.085734, -121.688093 60.08597, -121.68819 60.085981, -121.688285 60.085997, -121.688375 60.086018, -121.688459 60.086044, -121.690214 60.086653, -121.690699 60.086513, -121.692236 60.085911, -121.692259 60.085902, -121.692299 60.085888, -121.693001 60.085659, -121.693083 60.085635, -121.693169 60.085616, -121.693259 60.085602, -121.693352 60.085592, -121.693446 60.085587, -121.696726 60.085507, -121.696743 60.085507, -121.698277 60.085484, -121.698301 60.085484, -121.698403 60.085486, -121.700647 60.085612, -121.702105 60.085583, -121.702213 60.085584, -121.702321 60.085592, -121.702425 60.085606, -121.702525 60.085626, -121.703723 60.085912, -121.703768 60.085924, -121.70384 60.085946, -121.706825 60.086957, -121.710053 60.087926, -121.71084 60.087659, -121.71093 60.087632, -121.711025 60.087611, -121.711125 60.087595, -121.711228 60.087585, -121.711332 60.087582, -121.711436 60.087584, -121.711539 60.087593, -121.711639 60.087607, -121.711735 60.087627, -121.713258 60.088001, -121.71403 60.087529, -121.714107 60.087487, -121.714137 60.087473, -121.714587 60.087279, -121.714644 60.087256, -121.714685 60.087242, -121.716081 60.086788, -121.716174 60.086762, -121.716272 60.086741, -121.716374 60.086726, -121.716479 60.086718, -121.716586 60.086716, -121.719561 60.086745, -121.720815 60.086595, -121.72085 60.086591, -121.721583 60.086518, -121.721688 60.086511, -121.721794 60.08651, -121.7219 60.086516, -121.722004 60.086527, -121.722104 60.086545, -121.722199 60.086569, -121.722288 60.086598, -121.72237 60.086632, -121.722443 60.086671, -121.722506 60.086714, -121.722559 60.08676, -121.7226 60.086809, -121.72263 60.08686, -121.72293 60.087526, -121.72389 60.088068, -121.723959 60.088112, -121.724016 60.08816, -121.724061 60.088211, -121.724093 60.088264, -121.724111 60.088319, -121.724117 60.088374, -121.724108 60.08843, -121.723919 60.089106, -121.72412 60.089298, -121.724167 60.08935, -121.7242 60.089405, -121.724219 60.089461, -121.724223 60.089517, -121.724214 60.089574, -121.72419 60.089629, -121.724153 60.089683, -121.724103 60.089734, -121.72404 60.089781, -121.723966 60.089824, -121.722806 60.090415, -121.722723 60.090453, -121.722631 60.090485, -121.722532 60.090511, -121.722427 60.09053, -121.722318 60.090543, -121.721203 60.090638, -121.722047 60.091261, -121.722103 60.091309, -121.722147 60.091359, -121.722178 60.091412, -121.722197 60.091466, -121.722202 60.091521, -121.722194 60.091576, -121.722172 60.09163, -121.722137 60.091682, -121.72209 60.091732, -121.720993 60.092731, -121.720906 60.093655, -121.720966 60.094629, -121.720962 60.094684, -121.720946 60.094738, -121.720916 60.094791, -121.720873 60.094842, -121.720819 60.09489, -121.720754 60.094934, -121.720678 60.094973, -121.720593 60.095008, -121.7205 60.095037, -121.720401 60.095061, -121.720297 60.095078, -121.72019 60.095089, -121.720081 60.095093, -121.719971 60.09509, -121.718407 60.095003, -121.718581 60.095839, -121.718586 60.095887, -121.718581 60.095934, -121.718566 60.095981, -121.718268 60.096675, -121.718242 60.096724, -121.718205 60.09677, -121.718158 60.096814, -121.718101 60.096856, -121.718036 60.096894, -121.717963 60.096928, -121.717882 60.096957, -121.716255 60.097491, -121.716544 60.097947, -121.71657 60.097997, -121.716584 60.098048, -121.716586 60.0981, -121.716577 60.098151, -121.716555 60.098202, -121.716523 60.098251, -121.715579 60.099435, -121.715998 60.099971, -121.716032 60.100024, -121.716053 60.100079, -121.71606 60.100135, -121.716054 60.100191, -121.716033 60.100245, -121.716 60.100299, -121.715953 60.100349, -121.715894 60.100397, -121.715824 60.10044, -121.714115 60.101375, -121.714042 60.10141, -121.713962 60.101442, -121.713875 60.101468, -121.713782 60.101489, -121.713685 60.101505, -121.713585 60.101516, -121.713484 60.10152, -121.713382 60.101519, -121.711369 60.101436, -121.711292 60.101769, -121.711285 60.102361, -121.711505 60.102943, -121.711519 60.102996, -121.71152 60.103049, -121.711509 60.103102, -121.711485 60.103154, -121.711449 60.103204, -121.711402 60.103251, -121.711344 60.103296, -121.711276 60.103336, -121.711199 60.103373, -121.711114 60.103404, -121.708852 60.104145, -121.70837 60.104647, -121.707777 60.105919, -121.708064 60.106071, -121.708102 60.106093, -121.708135 60.106114, -121.708677 60.106484, -121.708734 60.106528, -121.70878 60.106576, -121.708816 60.106626, -121.708839 60.106677, -121.70885 60.10673, -121.708848 60.106783, -121.708835 60.106835, -121.708445 60.107836, -121.708418 60.107888, -121.708379 60.107939, -121.708329 60.107986, -121.708267 60.10803, -121.708195 60.10807, -121.708115 60.108106, -121.706652 60.108675, -121.705 60.109987, -121.705458 60.110322, -121.705514 60.110368, -121.705558 60.110418, -121.70559 60.11047, -121.70561 60.110523, -121.705616 60.110578, -121.705609 60.110632, -121.705589 60.110685, -121.705557 60.110737, -121.705512 60.110787, -121.705456 60.110833, -121.705389 60.110876, -121.705312 60.110914, -121.705227 60.110948, -121.703535 60.111531, -121.702873 60.112355, -121.70283 60.112401, -121.702776 60.112445, -121.702713 60.112485, -121.702641 60.112521, -121.702561 60.112553, -121.702475 60.11258, -121.702383 60.112603, -121.702287 60.112619, -121.701312 60.112759, -121.701434 60.11417, -121.701433 60.11422, -121.701421 60.11427, -121.701397 60.114318, -121.701363 60.114366, -121.701319 60.114411, -121.701265 60.114453, -121.699384 60.115759, -121.698243 60.116573, -121.698173 60.116617, -121.698093 60.116656, -121.698004 60.116689, -121.697907 60.116717, -121.697804 60.116739, -121.696159 60.117026, -121.694708 60.117614, -121.694635 60.117641, -121.694557 60.117664, -121.694475 60.117682, -121.694389 60.117697, -121.693107 60.117879, -121.691099 60.119009, -121.689786 60.11975, -121.68995 60.120277, -121.68996 60.120333, -121.689956 60.12039, -121.689938 60.120446, -121.689907 60.1205, -121.689861 60.120552, -121.689804 60.120601, -121.689734 60.120645, -121.689654 60.120685, -121.689564 60.12072, -121.689467 60.120748, -121.689363 60.12077, -121.689255 60.120786, -121.689143 60.120794, -121.68903 60.120796, -121.688918 60.12079, -121.688808 60.120777, -121.688702 60.120758, -121.6867 60.120314, -121.686208 60.12041, -121.685531 60.121582, -121.685522 60.121596, -121.684719 60.122807, -121.684683 60.122854, -121.684637 60.122898, -121.684581 60.122939, -121.684516 60.122977, -121.684444 60.123011, -121.683365 60.123464, -121.685246 60.12478, -121.685304 60.124826, -121.68535 60.124876, -121.685384 60.124928, -121.685406 60.124982, -121.685414 60.125036, -121.685408 60.125091, -121.68539 60.125145, -121.685359 60.125197, -121.685315 60.125248, -121.685259 60.125295, -121.685192 60.125338, -121.685115 60.125377, -121.684181 60.125797, -121.683586 60.126389, -121.683536 60.126433, -121.683476 60.126473, -121.683408 60.12651, -121.683332 60.126543, -121.68325 60.126571, -121.680566 60.127387, -121.678332 60.128075, -121.677729 60.128717, -121.677678 60.128764, -121.677615 60.128808, -121.677543 60.128847, -121.677462 60.128883, -121.677373 60.128913, -121.677278 60.128937, -121.675958 60.129227, -121.675871 60.129243, -121.675781 60.129255, -121.67569 60.129262, -121.675597 60.129265, -121.675505 60.129262, -121.674157 60.129191, -121.673976 60.129233, -121.6739 60.130131, -121.673891 60.130179, -121.673871 60.130227, -121.673841 60.130274, -121.673801 60.130318, -121.673752 60.130361, -121.673126 60.130834, -121.673063 60.130876, -121.67299 60.130914, -121.67291 60.130947, -121.672822 60.130976, -121.672727 60.130999, -121.672629 60.131017, -121.672526 60.131029, -121.672422 60.131034, -121.672317 60.131034, -121.672213 60.131027, -121.672111 60.131014, -121.672013 60.130996, -121.67038 60.13063, -121.669461 60.131234, -121.669715 60.131667, -121.669739 60.131721, -121.66975 60.131776, -121.669748 60.131831, -121.669732 60.131885, -121.669704 60.131938, -121.669662 60.131989, -121.669609 60.132037, -121.669544 60.132081, -121.669469 60.132121, -121.669385 60.132157, -121.669293 60.132186, -121.667746 60.132622, -121.667477 60.132838, -121.667411 60.132884, -121.667333 60.132926, -121.667246 60.132962, -121.667151 60.132993, -121.667048 60.133017, -121.66694 60.133035, -121.666829 60.133045, -121.666716 60.133049, -121.666032 60.133047, -121.665661 60.134141, -121.712353 60.179839, -121.730474 60.177226, -121.735261 60.176359, -121.73662 60.1761, -121.736722 60.176084, -121.736826 60.176075, -121.736932 60.176071, -121.737038 60.176074, -121.737142 60.176083, -121.737244 60.176098, -121.737342 60.176119, -121.737434 60.176146, -121.737518 60.176178, -121.737595 60.176214, -121.737663 60.176255, -121.737721 60.1763, -121.737767 60.176348, -121.737802 60.176398, -121.73821 60.177116, -121.738671 60.177837, -121.738698 60.177891, -121.738712 60.177946, -121.738712 60.178001, -121.738699 60.178056, -121.738057 60.179797, -121.737793 60.181094, -121.739666 60.181995, -121.739741 60.182036, -121.739806 60.182081, -121.739859 60.18213, -121.739899 60.182182, -121.739927 60.182236, -121.739941 60.182291, -121.739941 60.182347, -121.739927 60.182402, -121.7399 60.182456, -121.73986 60.182508, -121.739807 60.182557, -121.739743 60.182602, -121.739668 60.182643, -121.739584 60.18268, -121.739491 60.18271, -121.739391 60.182735, -121.739286 60.182753, -121.739178 60.182765, -121.739067 60.18277, -121.738956 60.182768, -121.738846 60.182759, -121.73874 60.182743, -121.737453 60.182511, -121.73598 60.18269, -121.73408 60.183595, -121.733082 60.185211, -121.733043 60.185263, -121.732991 60.185311, -121.732928 60.185357, -121.732855 60.185398, -121.732772 60.185434, -121.73268 60.185465, -121.732582 60.18549, -121.732478 60.185509, -121.732371 60.185522, -121.732261 60.185527, -121.732151 60.185526, -121.731516 60.1855, -121.730944 60.186709, -121.730901 60.187381, -121.730892 60.187434, -121.730869 60.187486, -121.730835 60.187537, -121.730789 60.187585, -121.730731 60.18763, -121.730664 60.187672, -121.730587 60.187709, -121.730501 60.187741, -121.730409 60.187768, -121.730311 60.187789, -121.730209 60.187805, -121.730104 60.187814, -121.729997 60.187817, -121.72989 60.187813, -121.729785 60.187803, -121.727032 60.187458, -121.726057 60.187822, -121.725934 60.188708, -121.726163 60.188942, -121.728914 60.189843, -121.730972 60.190269, -121.731065 60.190292, -121.731153 60.19032, -121.731233 60.190352, -121.731306 60.190389, -121.733488 60.19164, -121.733546 60.191677, -121.733596 60.191717, -121.733637 60.191759, -121.734571 60.192853, -121.735634 60.193034, -121.737782 60.192629, -121.737884 60.192613, -121.737989 60.192604, -121.738095 60.1926, -121.738202 60.192603, -121.738307 60.192613, -121.741046 60.192941, -121.741147 60.192956, -121.741244 60.192977, -121.741336 60.193004, -121.74142 60.193036, -121.741496 60.193072, -121.741897 60.193289, -121.745221 60.19334, -121.745279 60.193342, -121.746661 60.193409, -121.747937 60.193035, -121.748036 60.193011, -121.748139 60.192992, -121.748247 60.19298, -121.748357 60.192974, -121.748467 60.192976, -121.748576 60.192984, -121.748682 60.192999, -121.751022 60.193401, -121.753624 60.192501, -121.75371 60.192474, -121.753802 60.192453, -121.753897 60.192437, -121.753996 60.192426, -121.754096 60.192421, -121.754272 60.192418, -121.754364 60.192418, -121.754456 60.192423, -121.756775 60.192614, -121.756884 60.192626, -121.756989 60.192645, -121.757089 60.192671, -121.757181 60.192702, -121.757265 60.192739, -121.757339 60.192781, -121.757402 60.192828, -121.757453 60.192877, -121.757491 60.19293, -121.757516 60.192984, -121.757528 60.19304, -121.757525 60.193096, -121.757509 60.193151, -121.756745 60.194957, -121.757044 60.195161, -121.759415 60.195377, -121.759509 60.195388, -121.7596 60.195404, -121.759687 60.195425, -121.763469 60.196469, -121.763496 60.196473, -121.76858 60.196851, -121.768684 60.196862, -121.768784 60.196879, -121.76888 60.196901, -121.76897 60.19693, -121.769052 60.196963, -121.769126 60.197001, -121.769191 60.197043, -121.771526 60.198763, -121.771582 60.198811, -121.771627 60.198862, -121.771658 60.198915, -121.771676 60.19897, -121.771681 60.199026, -121.771672 60.199081, -121.771649 60.199135, -121.771614 60.199188, -121.771565 60.199238, -121.771505 60.199284, -121.771434 60.199327, -121.771353 60.199365, -121.769217 60.200242, -121.768391 60.200598, -121.767367 60.201795, -121.767318 60.201844, -121.767258 60.201889, -121.767188 60.20193, -121.767109 60.201967, -121.767021 60.201998, -121.766927 60.202025, -121.766827 60.202045, -121.766722 60.202059, -121.766615 60.202067, -121.766507 60.202068, -121.764812 60.202037, -121.764364 60.202473, -121.764307 60.202521, -121.764238 60.202565, -121.764159 60.202605, -121.76407 60.202639, -121.763974 60.202668, -121.763871 60.20269, -121.763764 60.202706, -121.763654 60.202715, -121.76273 60.20276, -121.762683 60.202762, -121.760943 60.202803, -121.761053 60.204225, -121.761051 60.204276, -121.761038 60.204326, -121.761013 60.204376, -121.760978 60.204424, -121.760932 60.204469, -121.760076 60.205207, -121.76075 60.205479, -121.760799 60.205501, -121.760842 60.205522, -121.761383 60.205812, -121.761453 60.205854, -121.761511 60.2059, -121.761559 60.205949, -121.761594 60.206, -121.761616 60.206054, -121.761625 60.206108, -121.761622 60.206162, -121.761605 60.206216, -121.761575 60.206268, -121.761533 60.206319, -121.761479 60.206366, -121.761414 60.20641, -121.760912 60.206708, -121.761388 60.207317, -121.761423 60.207371, -121.761444 60.207427, -121.76145 60.207483, -121.761443 60.20754, -121.761421 60.207595, -121.760988 60.208427, -121.761094 60.209005, -121.761969 60.209559, -121.76227 60.209597, -121.762371 60.209614, -121.762468 60.209636, -121.762559 60.209664, -121.762643 60.209697, -121.762719 60.209734, -121.762785 60.209776, -121.76284 60.209822, -121.762885 60.20987, -121.762917 60.209921, -121.762938 60.209974, -121.762946 60.210027, -121.762941 60.21008, -121.762923 60.210133, -121.762894 60.210184, -121.762852 60.210234, -121.762799 60.21028, -121.761071 60.211602, -121.761046 60.212187, -121.761037 60.212242, -121.761014 60.212296, -121.760979 60.212348, -121.760931 60.212398, -121.760871 60.212444, -121.760801 60.212486, -121.76072 60.212524, -121.760631 60.212557, -121.757641 60.213514, -121.757547 60.21354, -121.757447 60.213561, -121.757343 60.213575, -121.757237 60.213583, -121.757129 60.213585, -121.756877 60.213581, -121.756867 60.213581, -121.756107 60.213565, -121.755591 60.214392, -121.756715 60.214766, -121.756803 60.2148, -121.756883 60.214838, -121.756952 60.214881, -121.75701 60.214928, -121.757056 60.214978, -121.75709 60.215031, -121.75711 60.215085, -121.757117 60.21514, -121.757111 60.215195, -121.757091 60.21525, -121.757058 60.215302, -121.757012 60.215353, -121.756954 60.2154, -121.755727 60.216277, -121.756693 60.216772, -121.756763 60.216812, -121.756822 60.216856, -121.756871 60.216903, -121.756908 60.216952, -121.756934 60.217004, -121.756947 60.217056, -121.757028 60.217649, -121.757537 60.218229, -121.757576 60.218283, -121.757601 60.218338, -121.757612 60.218394, -121.75761 60.218451, -121.757592 60.218506, -121.757561 60.218561, -121.757517 60.218613, -121.75746 60.218662, -121.757391 60.218707, -121.757312 60.218747, -121.755739 60.219448, -121.755787 60.220012, -121.756301 60.221976, -121.756308 60.222033, -121.756302 60.22209, -121.756281 60.222145, -121.756246 60.2222, -121.756197 60.222251, -121.756137 60.222299, -121.756064 60.222343, -121.755981 60.222382, -121.754013 60.223193, -121.752286 60.224662, -121.752271 60.224674, -121.752263 60.224681, -121.751453 60.225299, -121.75162 60.226124, -121.751624 60.226179, -121.751615 60.226233, -121.751594 60.226286, -121.751559 60.226338, -121.751513 60.226387, -121.751455 60.226433, -121.751386 60.226475, -121.749553 60.22747, -121.749485 60.227906, -121.749469 60.227962, -121.749439 60.228017, -121.749396 60.228069, -121.749339 60.228119, -121.749271 60.228164, -121.749192 60.228205, -121.749103 60.22824, -121.749006 60.22827, -121.748902 60.228293, -121.748793 60.228309, -121.747519 60.228458, -121.74743 60.228466, -121.74734 60.22847, -121.747249 60.228469, -121.74716 60.228463, -121.745829 60.228347, -121.743804 60.228215, -121.743124 60.229472, -121.743095 60.229518, -121.743055 60.229562, -121.743007 60.229603, -121.74295 60.229642, -121.740949 60.230848, -121.740883 60.230884, -121.74081 60.230915, -121.74073 60.230943, -121.740645 60.230967, -121.738914 60.23138, -121.738751 60.23256, -121.738737 60.232615, -121.738709 60.232668, -121.738668 60.23272, -121.738615 60.232769, -121.73855 60.232814, -121.738475 60.232855, -121.73681 60.233649, -121.736721 60.233686, -121.736632 60.233715, -121.734822 60.234224, -121.73318 60.234919, -121.73371 60.236934, -121.735112 60.237393, -121.735176 60.237417, -121.735237 60.237443, -121.735292 60.237471, -121.736719 60.238276, -121.736787 60.23832, -121.736845 60.238368, -121.736889 60.238419, -121.736922 60.238472, -121.73694 60.238527, -121.736945 60.238582, -121.736937 60.238638, -121.736915 60.238692, -121.736879 60.238745, -121.736831 60.238795, -121.736771 60.238842, -121.7367 60.238884, -121.736618 60.238922, -121.736528 60.238955, -121.736431 60.238982, -121.736328 60.239002, -121.734057 60.239378, -121.733385 60.24016, -121.733225 60.24089, -121.733911 60.241538, -121.733955 60.241586, -121.733988 60.241637, -121.734008 60.241689, -121.734016 60.241742, -121.734011 60.241795, -121.733994 60.241847, -121.733965 60.241898, -121.733924 60.241947, -121.733872 60.241993, -121.733809 60.242036, -121.732583 60.24277, -121.731179 60.243996, -121.730721 60.245811, -121.730701 60.245862, -121.73067 60.245913, -121.730627 60.245961, -121.730574 60.246006, -121.73051 60.246048, -121.730437 60.246086, -121.730355 60.246119, -121.730267 60.246147, -121.730172 60.24617, -121.730072 60.246187, -121.727031 60.246617, -121.72637 60.247396, -121.726198 60.248312, -121.727109 60.24939, -121.727135 60.249425, -121.727163 60.249477, -121.727491 60.250298, -121.727505 60.250344, -121.727581 60.250764, -121.727585 60.250812, -121.727578 60.25086, -121.727561 60.250907, -121.727535 60.250953, -121.726878 60.251897, -121.726872 60.251905, -121.726431 60.252556, -121.726388 60.252608, -121.726333 60.252656, -121.726266 60.252702, -121.726188 60.252742, -121.726101 60.252778, -121.726005 60.252807, -121.725903 60.252831, -121.725796 60.252848, -121.725685 60.252858, -121.725573 60.252861, -121.725461 60.252857, -121.725351 60.252846, -121.725244 60.252829, -121.725143 60.252805, -121.725048 60.252775, -121.724961 60.252739, -121.724729 60.252629, -121.72157 60.252423, -121.721038 60.253156, -121.720995 60.253205, -121.720941 60.253252, -121.720877 60.253294, -121.719173 60.254293, -121.718763 60.254898, -121.718726 60.254944, -121.71868 60.254987, -121.718624 60.255028, -121.718559 60.255066, -121.718486 60.255099, -121.718407 60.255129, -121.715876 60.255965, -121.712697 60.257075, -121.712615 60.257101, -121.712528 60.257122, -121.712438 60.257138, -121.712344 60.257148, -121.709974 60.257866, -121.710341 60.258794, -121.710356 60.258851, -121.710357 60.258902, -121.710288 60.259627, -121.710276 60.259683, -121.710249 60.259738, -121.710209 60.259791, -121.710156 60.259841, -121.710091 60.259887, -121.710016 60.259929, -121.70993 60.259965, -121.709835 60.259996, -121.707752 60.260591, -121.707663 60.260614, -121.707569 60.260631, -121.707472 60.260643, -121.707373 60.260649, -121.707273 60.26065, -121.707174 60.260646, -121.706032 60.260561, -121.704224 60.261315, -121.703987 60.26222, -121.703966 60.262274, -121.703931 60.262327, -121.703884 60.262378, -121.703824 60.262425, -121.703753 60.262468, -121.703672 60.262507, -121.703582 60.26254, -121.703485 60.262567, -121.703382 60.262588, -121.703274 60.262602, -121.703164 60.26261, -121.701997 60.262655, -121.701128 60.263071, -121.701046 60.263106, -121.700955 60.263136, -121.700858 60.26316, -121.700756 60.263178, -121.696976 60.263718, -121.695539 60.264094, -121.695451 60.264114, -121.693068 60.264575, -121.693044 60.26458, -121.692937 60.264597, -121.692827 60.264607, -121.692715 60.26461, -121.692603 60.264607, -121.692493 60.264596, -121.692387 60.264579, -121.692285 60.264555, -121.692191 60.264525, -121.692104 60.264489, -121.692027 60.264449, -121.691961 60.264403, -121.691906 60.264355, -121.691864 60.264303, -121.691836 60.264248, -121.691821 60.264193, -121.691819 60.264137, -121.691832 60.264081, -121.691859 60.264027, -121.691898 60.263974, -121.691951 60.263925, -121.692015 60.263879, -121.69209 60.263838, -121.692175 60.263801, -121.692269 60.26377, -121.692369 60.263745, -121.692393 60.26374, -121.69331 60.263547, -121.692455 60.26222, -121.692059 60.262138, -121.690476 60.262372, -121.68992 60.262827, -121.689147 60.263817, -121.689124 60.263844, -121.689108 60.263861, -121.688017 60.26491, -121.687961 60.264956, -121.687895 60.264998, -121.685377 60.266437, -121.6853 60.266476, -121.685213 60.26651, -121.685118 60.266539, -121.685017 60.266561, -121.681905 60.267148, -121.680091 60.268001, -121.68001 60.268035, -121.679922 60.268064, -121.679828 60.268087, -121.67973 60.268105, -121.679627 60.268117, -121.679523 60.268123, -121.679418 60.268123, -121.676402 60.268028, -121.673885 60.268734, -121.67378 60.268759, -121.673766 60.268762, -121.672678 60.268969, -121.670735 60.269692, -121.668479 60.270609, -121.667064 60.27125, -121.665954 60.272136, -121.665908 60.272169, -121.665856 60.2722, -121.665799 60.272229, -121.664403 60.272866, -121.664326 60.272897, -121.664276 60.272914, -121.664131 60.27296, -121.664099 60.27297, -121.661228 60.273794, -121.661242 60.274152, -121.661976 60.274725, -121.66203 60.274774, -121.662072 60.274826, -121.6621 60.27488, -121.662115 60.274936, -121.662116 60.274992, -121.662103 60.275048, -121.662076 60.275102, -121.662035 60.275155, -121.661982 60.275204, -121.661917 60.27525, -121.661841 60.275292, -121.661756 60.275328, -121.661662 60.275359, -121.661561 60.275383, -121.661455 60.275401, -121.661345 60.275413, -121.661233 60.275417, -121.661121 60.275415, -121.66101 60.275405, -121.660902 60.275389, -121.6608 60.275366, -121.660704 60.275337, -121.660616 60.275302, -121.660537 60.275262, -121.659461 60.274643, -121.657852 60.274567, -121.654528 60.275918, -121.654804 60.276576, -121.65482 60.276629, -121.654823 60.276683, -121.654814 60.276736, -121.654791 60.276788, -121.654756 60.276839, -121.65471 60.276887, -121.654652 60.276933, -121.654584 60.276974, -121.654507 60.277011, -121.654422 60.277044, -121.654329 60.27707, -121.65423 60.277092, -121.654128 60.277107, -121.650727 60.277504, -121.649893 60.278558, -121.649882 60.278572, -121.648638 60.280006, -121.648588 60.280055, -121.648527 60.280101, -121.648455 60.280143, -121.648373 60.280179, -121.648283 60.280211, -121.648185 60.280237, -121.648082 60.280257, -121.647976 60.28027, -121.647866 60.280277, -121.647756 60.280276, -121.647647 60.28027, -121.646011 60.280117, -121.64461 60.280684, -121.644573 60.280698, -121.644514 60.280718, -121.643298 60.281091, -121.641783 60.282203, -121.641004 60.283023, -121.640992 60.283035, -121.639741 60.284255, -121.639696 60.284294, -121.639644 60.28433, -121.639585 60.284364, -121.638067 60.285146, -121.637991 60.285181, -121.637907 60.285211, -121.637817 60.285236, -121.637721 60.285256, -121.637621 60.285271, -121.637519 60.28528, -121.637416 60.285282, -121.637312 60.285279, -121.63721 60.28527, -121.637111 60.285255, -121.637016 60.285234, -121.635913 60.284957, -121.635251 60.284891, -121.634786 60.285833, -121.634755 60.285882, -121.634714 60.285929, -121.634662 60.285973, -121.634601 60.286014, -121.634531 60.286052, -121.634452 60.286085, -121.634367 60.286113, -121.632548 60.286646, -121.631467 60.287496, -121.631407 60.287538, -121.631337 60.287576, -121.631258 60.28761, -121.631173 60.28764, -121.6297 60.288084, -121.629357 60.288654, -121.62932 60.288705, -121.62927 60.288754, -121.629209 60.288799, -121.629138 60.28884, -121.629057 60.288876, -121.628968 60.288908, -121.628872 60.288933, -121.628771 60.288953, -121.628666 60.288967, -121.628558 60.288974, -121.628449 60.288974, -121.625551 60.288901, -121.623576 60.289501, -121.623477 60.289527, -121.623372 60.289546, -121.623264 60.289559, -121.623153 60.289566, -121.623041 60.289565, -121.621828 60.28952, -121.617743 60.290441, -121.572122 60.310556, -121.572102 60.310565, -121.570477 60.31124, -121.57039 60.311272, -121.570296 60.311299, -121.570196 60.311319, -121.570093 60.311334, -121.569986 60.311342, -121.569878 60.311344, -121.569771 60.31134, -121.569665 60.311329, -121.569563 60.311311, -121.569465 60.311288, -121.569374 60.311259, -121.567958 60.310751, -121.567264 60.310754, -121.566849 60.31145, -121.568034 60.312338, -121.568087 60.312383, -121.568128 60.31243, -121.568159 60.31248, -121.568178 60.312531, -121.568185 60.312583, -121.56818 60.312635, -121.568164 60.312686, -121.566784 60.315773, -121.570767 60.317542, -121.570835 60.317576, -121.570896 60.317613, -121.570948 60.317653, -121.570992 60.317696, -121.571026 60.317741, -121.57105 60.317787, -121.571531 60.318943, -121.571547 60.318996, -121.57155 60.319049, -121.57154 60.319101, -121.571518 60.319153, -121.571484 60.319204, -121.571438 60.319251, -121.571382 60.319296, -121.571315 60.319338, -121.571239 60.319375, -121.571155 60.319407, -121.571063 60.319434, -121.570966 60.319456, -121.570865 60.319472, -121.57076 60.319481, -121.568583 60.319617, -121.566688 60.320465, -121.566616 60.320494, -121.566541 60.320518, -121.564377 60.321149, -121.562893 60.321841, -121.562472 60.322386, -121.562426 60.322436, -121.562368 60.322483, -121.562299 60.322526, -121.56222 60.322565, -121.562132 60.322598, -121.562036 60.322626, -121.561935 60.322647, -121.561829 60.322663, -121.56172 60.322672, -121.56161 60.322674, -121.5615 60.322669, -121.561392 60.322658, -121.559486 60.322397, -121.558047 60.322594, -121.558654 60.323168, -121.560056 60.323905, -121.560125 60.323945, -121.560183 60.323989, -121.56023 60.324036, -121.560266 60.324086, -121.560291 60.324137, -121.560303 60.324189, -121.560303 60.324242, -121.56029 60.324295, -121.560265 60.324346, -121.560229 60.324395, -121.560181 60.324442, -121.560122 60.324486, -121.558916 60.325284, -121.557046 60.326512, -121.555637 60.327693, -121.555607 60.328275, -121.556391 60.330006, -121.556409 60.330058, -121.556413 60.330112, -121.556405 60.330165, -121.556385 60.330217, -121.556352 60.330268, -121.556307 60.330317, -121.556251 60.330362, -121.556185 60.330404, -121.556109 60.330442, -121.556025 60.330475, -121.555933 60.330503, -121.555836 60.330525, -121.555734 60.330541, -121.555629 60.330551, -121.555522 60.330555, -121.555415 60.330553, -121.554557 60.330506, -121.55244 60.33071, -121.551304 60.33249, -121.551271 60.332534, -121.551228 60.332576, -121.551176 60.332616, -121.548876 60.334199, -121.54718 60.335992, -121.547125 60.336042, -121.547058 60.336088, -121.54698 60.336129, -121.546892 60.336165, -121.546795 60.336196, -121.546692 60.33622, -121.546584 60.336237, -121.546472 60.336247, -121.542102 60.3365, -121.540821 60.337011, -121.539727 60.338399, -121.539689 60.338441, -121.539642 60.33848, -121.538399 60.33943, -121.538343 60.339468, -121.53828 60.339503, -121.53821 60.339534, -121.538134 60.339562, -121.532346 60.341432, -121.530969 60.343563, -121.531197 60.344722, -121.532534 60.345788, -121.532583 60.345834, -121.532622 60.345881, -121.53265 60.345931, -121.532667 60.345982, -121.532671 60.346033, -121.532651 60.346803, -121.533432 60.347487, -121.535955 60.347733, -121.53597 60.347735, -121.537228 60.347868, -121.537327 60.347881, -121.537421 60.3479, -121.537511 60.347924, -121.537595 60.347953, -121.537671 60.347986, -121.53774 60.348024, -121.5378 60.348065, -121.53785 60.348109, -121.53789 60.348156, -121.539034 60.349739, -121.539064 60.34979, -121.539082 60.349842, -121.539088 60.349895, -121.53908 60.349948, -121.539061 60.350001, -121.539029 60.350051, -121.538985 60.3501, -121.538931 60.350145, -121.538866 60.350187, -121.538791 60.350225, -121.538708 60.350259, -121.538618 60.350287, -121.538521 60.35031, -121.53842 60.350326, -121.538316 60.350337, -121.536833 60.350446, -121.535461 60.350874, -121.535914 60.351181, -121.535975 60.351229, -121.536024 60.35128, -121.53606 60.351334, -121.536082 60.351389, -121.536089 60.351446, -121.536083 60.351502, -121.536062 60.351558, -121.536027 60.351612, -121.535979 60.351663, -121.535919 60.351711, -121.535847 60.351755, -121.535764 60.351794, -121.535673 60.351828, -121.535573 60.351855, -121.535468 60.351876, -121.535358 60.35189, -121.535245 60.351897, -121.535132 60.351898, -121.533842 60.351858, -121.532491 60.352373, -121.532526 60.352819, -121.532524 60.352871, -121.53251 60.352923, -121.532484 60.352973, -121.532447 60.353022, -121.532398 60.353068, -121.532339 60.353111, -121.532271 60.35315, -121.532194 60.353186, -121.532109 60.353216, -121.532018 60.353242, -121.528941 60.353988, -121.527309 60.355068, -121.527241 60.355108, -121.527164 60.355144, -121.527079 60.355175, -121.526987 60.355201, -121.52689 60.355222, -121.526789 60.355236, -121.526685 60.355245, -121.524289 60.355373, -121.52291 60.356287, -121.522859 60.356958, -121.522849 60.357013, -121.522824 60.357067, -121.522787 60.357119, -121.522737 60.357168, -121.522676 60.357214, -121.522603 60.357256, -121.522521 60.357293, -121.522431 60.357325, -121.522333 60.357351, -121.52223 60.35737, -121.522123 60.357384, -121.522013 60.357391, -121.521489 60.357407, -121.519743 60.358294, -121.520468 60.359338, -121.520498 60.359392, -121.520515 60.359447, -121.520517 60.359502, -121.520506 60.359558, -121.520482 60.359612, -121.520444 60.359664, -121.520394 60.359714, -121.520332 60.35976, -121.520259 60.359802, -121.520176 60.359839, -121.520084 60.35987, -121.518285 60.360415, -121.518222 60.360435, -121.518196 60.360443, -121.518188 60.360445, -121.516888 60.36081, -121.516789 60.360834, -121.516686 60.360851, -121.516579 60.360862, -121.51647 60.360867, -121.516361 60.360865, -121.516253 60.360856, -121.516148 60.360841, -121.516047 60.36082, -121.515953 60.360793, -121.515865 60.36076, -121.515786 60.360722, -121.515717 60.36068, -121.515352 60.360428, -121.513951 60.360635, -121.513875 60.360644, -121.513797 60.36065, -121.513718 60.360653, -121.512047 60.360675, -121.510996 60.361227, -121.510647 60.36148, -121.510582 60.361522, -121.510509 60.361559, -121.510427 60.361592, -121.510337 60.36162, -121.507206 60.362477, -121.504997 60.363378, -121.504908 60.36341, -121.504812 60.363436, -121.50471 60.363457, -121.504604 60.363471, -121.504496 60.363478, -121.504386 60.363479, -121.504277 60.363474, -121.504171 60.363462, -121.504068 60.363443, -121.50397 60.363418, -121.503879 60.363388, -121.503796 60.363352, -121.503722 60.363312, -121.503045 60.362893, -121.500983 60.363293, -121.50088 60.363309, -121.500857 60.363312, -121.500018 60.363408, -121.499911 60.363416, -121.499802 60.363419, -121.499694 60.363415, -121.499588 60.363404, -121.499485 60.363387, -121.499386 60.363364, -121.499294 60.363336, -121.49921 60.363302, -121.499134 60.363263, -121.499068 60.36322, -121.499013 60.363173, -121.49897 60.363124, -121.498938 60.363072, -121.498502 60.362151, -121.494741 60.362411, -121.492329 60.363066, -121.492236 60.363088, -121.492138 60.363105, -121.492037 60.363116, -121.491934 60.363121, -121.491831 60.36312, -121.491729 60.363113, -121.491628 60.363101, -121.491532 60.363083, -121.481028 60.360758, -121.474052 60.365302, -121.473981 60.365343, -121.473901 60.365379, -121.473813 60.36541, -121.473718 60.365436, -121.473618 60.365456, -121.473513 60.36547, -121.473406 60.365477, -121.473298 60.365478, -121.47319 60.365473, -121.473085 60.365461, -121.472983 60.365443, -121.472886 60.365419, -121.472796 60.365389, -121.472713 60.365355, -121.472639 60.365315, -121.472575 60.365272, -121.472523 60.365225, -121.468006 60.360569, -121.466869 60.360055, -121.46569 60.35959, -121.45448 60.359905, -121.454378 60.359905, -121.454277 60.359899, -121.454177 60.359887, -121.454081 60.35987, -121.453989 60.359848, -121.453903 60.359821, -121.453824 60.359789, -121.453752 60.359753, -121.453689 60.359713, -121.452682 60.358992, -121.452626 60.358946, -121.452581 60.358897, -121.452548 60.358846, -121.452528 60.358794, -121.452373 60.358217, -121.452335 60.35821, -121.451283 60.358466, -121.450301 60.358762, -121.447458 60.360041, -121.447382 60.360072, -121.447299 60.360098, -121.447211 60.36012, -121.445563 60.360475, -121.445537 60.360481, -121.44543 60.360498, -121.441993 60.360938, -121.440262 60.361414, -121.440158 60.361438, -121.440099 60.361448, -121.438505 60.3617, -121.438451 60.361708, -121.434632 60.362174, -121.434523 60.362184, -121.434413 60.362187, -121.434302 60.362183, -121.434194 60.362173, -121.434089 60.362156, -121.433988 60.362132, -121.433894 60.362103, -121.433808 60.362069, -121.433731 60.362029, -121.433665 60.361985, -121.433609 60.361937, -121.431817 60.360141, -121.429909 60.359403, -121.427178 60.358768, -121.427081 60.358742, -121.426991 60.35871, -121.42691 60.358673, -121.426838 60.358631, -121.426777 60.358585, -121.426728 60.358536, -121.425508 60.357102, -121.421405 60.356353, -121.421307 60.356332, -121.421216 60.356305, -121.421131 60.356274, -121.421054 60.356237, -121.420986 60.356196, -121.420929 60.356152, -121.420882 60.356104, -121.420847 60.356054, -121.420417 60.355306, -121.418706 60.354779, -121.416951 60.35465, -121.41417 60.355039, -121.41348 60.356155, -121.415044 60.356735, -121.417414 60.356439, -121.41752 60.35643, -121.417628 60.356426, -121.417735 60.356429, -121.417841 60.356438, -121.417944 60.356454, -121.418043 60.356475, -121.418136 60.356502, -121.418221 60.356535, -121.418299 60.356572, -121.418367 60.356614, -121.418424 60.356659, -121.41847 60.356708, -121.418504 60.356759, -121.418526 60.356811, -121.419066 60.358655, -121.4197 60.358666, -121.419737 60.358667, -121.420767 60.358705, -121.420856 60.35871, -121.420944 60.35872, -121.42103 60.358734, -121.422397 60.359002, -121.422498 60.359025, -121.422592 60.359055, -121.422678 60.35909, -121.422755 60.35913, -121.422821 60.359174, -121.422876 60.359223, -121.422919 60.359274, -121.422949 60.359327, -121.422965 60.359382, -121.422968 60.359437, -121.422957 60.359493, -121.422933 60.359547, -121.422399 60.360462, -121.422366 60.360508, -121.422324 60.360552, -121.422273 60.360594, -121.422212 60.360632, -121.420541 60.361589, -121.420297 60.362434, -121.420274 60.362488, -121.420238 60.362541, -121.420189 60.362592, -121.420128 60.362638, -121.419167 60.363283, -121.417893 60.364311, -121.417232 60.365067, -121.417181 60.365117, -121.417118 60.365163, -121.417043 60.365206, -121.416959 60.365243, -121.416866 60.365274, -121.416766 60.3653, -121.416661 60.365319, -121.416551 60.365332, -121.416439 60.365337, -121.416327 60.365336, -121.416215 60.365328, -121.416107 60.365312, -121.416003 60.365291, -121.415906 60.365263, -121.415816 60.365229, -121.413244 60.364126, -121.410492 60.364326, -121.410389 60.36433, -121.410287 60.364329, -121.409104 60.364279, -121.408994 60.364271, -121.408886 60.364256, -121.408783 60.364235, -121.408686 60.364208, -121.408596 60.364174, -121.408516 60.364136, -121.408445 60.364093, -121.408386 60.364045, -121.408339 60.363995, -121.408305 60.363942, -121.407649 60.36266, -121.405016 60.36187, -121.403895 60.362232, -121.403725 60.363585, -121.404251 60.364134, -121.404289 60.36418, -121.404316 60.364228, -121.404332 60.364278, -121.404338 60.364327, -121.404332 60.364377, -121.404315 60.364427, -121.404287 60.364475, -121.404249 60.364521, -121.402989 60.36582, -121.402938 60.365865, -121.402877 60.365907, -121.402807 60.365945, -121.402729 60.365979, -121.402643 60.366009, -121.402551 60.366033, -121.402454 60.366052, -121.402354 60.366065, -121.402251 60.366072, -121.400229 60.366156, -121.400147 60.366158, -121.398365 60.366146, -121.398343 60.366146, -121.396092 60.366104, -121.395983 60.366099, -121.395876 60.366087, -121.395772 60.366068, -121.394526 60.365804, -121.393732 60.3661, -121.393021 60.366682, -121.392965 60.366723, -121.392899 60.366761, -121.392825 60.366795, -121.392744 60.366824, -121.390626 60.367515, -121.388899 60.368283, -121.388816 60.368315, -121.388726 60.368343, -121.388631 60.368365, -121.388531 60.368382, -121.388428 60.368392, -121.388323 60.368397, -121.385828 60.368431, -121.385718 60.368429, -121.38561 60.368421, -121.385504 60.368406, -121.385403 60.368385, -121.385308 60.368357, -121.38522 60.368325, -121.38514 60.368287, -121.385071 60.368244, -121.384812 60.368065, -121.384802 60.368058, -121.383043 60.366794, -121.381357 60.366107, -121.380028 60.366006, -121.377761 60.366026, -121.377562 60.366376, -121.377526 60.366428, -121.377477 60.366477, -121.377416 60.366523, -121.377344 60.366565, -121.377262 60.366603, -121.377172 60.366635, -121.377074 60.366661, -121.376971 60.366681, -121.376864 60.366695, -121.376754 60.366702, -121.376643 60.366703, -121.376533 60.366696, -121.376426 60.366683, -121.376322 60.366663, -121.376224 60.366638, -121.376133 60.366606, -121.376051 60.366569, -121.375978 60.366527, -121.374464 60.365545, -121.374187 60.365581, -121.370523 60.366921, -121.36776 60.368129, -121.367674 60.368162, -121.367582 60.36819, -121.367483 60.368212, -121.365186 60.368643, -121.365087 60.368658, -121.364985 60.368668, -121.364882 60.368672, -121.364778 60.368669, -121.364675 60.368661, -121.362128 60.368383, -121.359258 60.368997, -121.359151 60.369017, -121.35904 60.369029, -121.358927 60.369034, -121.358814 60.369032, -121.358701 60.369023, -121.358592 60.369007, -121.358488 60.368984, -121.358391 60.368955, -121.358301 60.36892, -121.358221 60.36888, -121.357084 60.368229, -121.354436 60.367667, -121.354353 60.367646, -121.354274 60.367622, -121.354201 60.367594, -121.354134 60.367562, -121.354074 60.367527, -121.352762 60.366676, -121.352698 60.366629, -121.352647 60.366579, -121.352609 60.366525, -121.352585 60.36647, -121.352575 60.366414, -121.352579 60.366357, -121.352597 60.366301, -121.35263 60.366247, -121.352675 60.366195, -121.352734 60.366146, -121.352804 60.366102, -121.352885 60.366062, -121.352975 60.366028, -121.353073 60.365999, -121.353178 60.365977, -121.353287 60.365961, -121.353399 60.365953, -121.353513 60.365952, -121.353626 60.365957, -121.356207 60.366172, -121.357091 60.366209, -121.359006 60.364829, -121.359057 60.364796, -121.360714 60.363819, -121.361753 60.361872, -121.361788 60.361819, -121.361836 60.361769, -121.361896 60.361722, -121.361968 60.361679, -121.362049 60.361641, -121.36214 60.361608, -121.362237 60.361581, -121.362341 60.361561, -121.362449 60.361546, -121.36256 60.361539, -121.362672 60.361538, -121.362783 60.361545, -121.362891 60.361558, -121.362996 60.361577, -121.363095 60.361603, -121.363186 60.361635, -121.363269 60.361673, -121.366196 60.36316, -121.367299 60.363033, -121.368466 60.362215, -121.368527 60.362177, -121.368597 60.362142, -121.368673 60.362111, -121.368756 60.362085, -121.368844 60.362063, -121.371329 60.361528, -121.374044 60.360574, -121.372965 60.359352, -121.371821 60.359048, -121.371725 60.359018, -121.371637 60.358983, -121.371558 60.358942, -121.371491 60.358897, -121.371435 60.358848, -121.371392 60.358796, -121.371362 60.358742, -121.371346 60.358686, -121.371344 60.35863, -121.371356 60.358574, -121.371382 60.358519, -121.371422 60.358466, -121.371474 60.358416, -121.371539 60.35837, -121.371615 60.358328, -121.3717 60.358291, -121.371794 60.35826, -121.371895 60.358235, -121.372002 60.358217, -121.374289 60.357897, -121.375586 60.35734, -121.375676 60.357306, -121.375773 60.357278, -121.375876 60.357256, -121.375984 60.357241, -121.376094 60.357233, -121.376206 60.357231, -121.376318 60.357237, -121.376427 60.357249, -121.380432 60.35783, -121.383376 60.357109, -121.383471 60.357089, -121.38357 60.357075, -121.383671 60.357066, -121.383774 60.357063, -121.383876 60.357066, -121.386668 60.357225, -121.388185 60.357271, -121.390008 60.356881, -121.390077 60.355787, -121.387948 60.355329, -121.387869 60.35531, -121.387794 60.355287, -121.386894 60.354978, -121.386808 60.354944, -121.386731 60.354906, -121.386663 60.354863, -121.386607 60.354816, -121.386562 60.354767, -121.386529 60.354715, -121.38651 60.354662, -121.386503 60.354607, -121.386509 60.354553, -121.386529 60.354499, -121.386561 60.354447, -121.386606 60.354398, -121.386662 60.354351, -121.386729 60.354308, -121.386806 60.35427, -121.386892 60.354236, -121.386985 60.354208, -121.387084 60.354186, -121.387188 60.35417, -121.387296 60.35416, -121.389648 60.354017, -121.390521 60.353697, -121.390619 60.353666, -121.390636 60.353661, -121.393154 60.353009, -121.393241 60.352989, -121.393333 60.352974, -121.393426 60.352964, -121.393522 60.352959, -121.394966 60.352921, -121.398149 60.352369, -121.398223 60.352358, -121.398252 60.352355, -121.401121 60.352042, -121.401201 60.352035, -121.403323 60.351902, -121.403422 60.351898, -121.403522 60.3519, -121.40362 60.351908, -121.403716 60.35192, -121.404795 60.352097, -121.406441 60.35189, -121.407187 60.351631, -121.406743 60.350825, -121.406358 60.350474, -121.406313 60.350426, -121.40628 60.350376, -121.406258 60.350325, -121.406248 60.350273, -121.406251 60.35022, -121.406266 60.350168, -121.406293 60.350117, -121.406332 60.350068, -121.406382 60.350022, -121.406442 60.349978, -121.406513 60.349939, -121.406592 60.349904, -121.406678 60.349874, -121.407844 60.349517, -121.40886 60.348815, -121.408897 60.348791, -121.408961 60.348757, -121.410227 60.348139, -121.410306 60.348105, -121.410393 60.348075, -121.410486 60.348051, -121.410584 60.348032, -121.410686 60.348019, -121.41079 60.348012, -121.410895 60.348011, -121.410999 60.348016, -121.411144 60.348028, -121.411229 60.348037, -121.411256 60.34804, -121.413061 60.348303, -121.413977 60.348374, -121.415139 60.348116, -121.415563 60.347635, -121.415569 60.347629, -121.417377 60.34566, -121.417431 60.34561, -121.417497 60.345564, -121.417574 60.345522, -121.417662 60.345486, -121.417757 60.345455, -121.41786 60.34543, -121.417968 60.345413, -121.41808 60.345402, -121.418193 60.345398, -121.419566 60.345394, -121.422281 60.344703, -121.422316 60.344695, -121.424269 60.344248, -121.424356 60.344231, -121.424446 60.344219, -121.424538 60.344211, -121.426602 60.344094, -121.427744 60.343556, -121.42817 60.343271, -121.42901 60.342633, -121.429071 60.342592, -121.42914 60.342555, -121.429218 60.342522, -121.429303 60.342493, -121.429393 60.34247, -121.429488 60.342451, -121.432344 60.341994, -121.433806 60.34123, -121.43497 60.340338, -121.434727 60.339333, -121.434721 60.339284, -121.434725 60.339235, -121.434741 60.339186, -121.434766 60.339138, -121.434802 60.339092, -121.434848 60.339049, -121.434903 60.339008, -121.436587 60.337896, -121.434342 60.336998, -121.434278 60.33697, -121.434219 60.336939, -121.434166 60.336905, -121.432938 60.336028, -121.432894 60.335993, -121.432857 60.335956, -121.432826 60.335918, -121.432155 60.334961, -121.432151 60.334955, -121.43141 60.333854, -121.429535 60.333351, -121.429443 60.333323, -121.429358 60.333289, -121.429283 60.333251, -121.429216 60.333208, -121.429161 60.333161, -121.429117 60.333112, -121.429085 60.33306, -121.429066 60.333007, -121.42886 60.332138, -121.428855 60.332099, -121.428855 60.332061, -121.428863 60.332023, -121.429035 60.331399, -121.428078 60.330952, -121.428004 60.330912, -121.427939 60.330869, -121.427885 60.330822, -121.426697 60.329609, -121.425507 60.32933, -121.422817 60.328884, -121.420978 60.329021, -121.420225 60.329167, -121.420124 60.329183, -121.42002 60.329193, -121.419914 60.329197, -121.419808 60.329195, -121.418824 60.329145, -121.418725 60.329137, -121.418627 60.329124, -121.418534 60.329105, -121.418445 60.329082, -121.416667 60.32854, -121.416606 60.328519, -121.416549 60.328497, -121.414663 60.327687, -121.411754 60.327953, -121.409076 60.328666, -121.407609 60.329407, -121.407529 60.329442, -121.407442 60.329473, -121.407349 60.329498, -121.40725 60.329518, -121.407147 60.329531, -121.40482 60.329768, -121.404721 60.329775, -121.40462 60.329777, -121.40452 60.329773, -121.404421 60.329763, -121.404325 60.329749, -121.404233 60.329728, -121.404146 60.329703, -121.404065 60.329673, -121.403288 60.329352, -121.401775 60.329237, -121.400294 60.32961, -121.39743 60.33055, -121.39734 60.330576, -121.397245 60.330596, -121.397146 60.330611, -121.397043 60.33062, -121.39694 60.330624, -121.396836 60.330621, -121.396734 60.330612, -121.396634 60.330598, -121.396539 60.330578, -121.396448 60.330553, -121.396364 60.330522, -121.393824 60.329488, -121.392335 60.329051, -121.39229 60.329037, -121.39 60.328273, -121.389856 60.328286, -121.389751 60.328292, -121.389645 60.328292, -121.389539 60.328286, -121.389436 60.328274, -121.389337 60.328256, -121.389242 60.328232, -121.388754 60.328091, -121.388662 60.328061, -121.388579 60.328025, -121.388505 60.327985, -121.388441 60.32794, -121.388388 60.327892, -121.388348 60.327841, -121.388321 60.327788, -121.388306 60.327733, -121.388305 60.327678, -121.388318 60.327624, -121.388343 60.32757, -121.388382 60.327519, -121.388847 60.326996, -121.389166 60.326463, -121.389201 60.326414, -121.389248 60.326367, -121.389305 60.326324, -121.389371 60.326284, -121.389446 60.326248, -121.389529 60.326217, -121.389619 60.326191, -121.389714 60.32617, -121.390896 60.325949, -121.392446 60.325466, -121.393731 60.325035, -121.393828 60.325007, -121.393931 60.324985, -121.39404 60.324969, -121.394151 60.324961, -121.394263 60.324959, -121.394375 60.324964, -121.394485 60.324977, -121.394591 60.324995, -121.394691 60.325021, -121.394785 60.325052, -121.394869 60.325089, -121.394944 60.325131, -121.396133 60.32589, -121.396843 60.325554, -121.396892 60.325532, -121.397248 60.325388, -121.397267 60.323997, -121.396295 60.323423, -121.394289 60.323894, -121.394197 60.323912, -121.394101 60.323926, -121.394003 60.323934, -121.393904 60.323937, -121.393805 60.323934, -121.393706 60.323925, -121.392425 60.323781, -121.39233 60.323767, -121.392238 60.323748, -121.392152 60.323725, -121.39207 60.323697, -121.391996 60.323665, -121.391929 60.323628, -121.390236 60.322606, -121.389685 60.322452, -121.387632 60.322737, -121.38753 60.322749, -121.387426 60.322754, -121.387322 60.322753, -121.387218 60.322746, -121.387117 60.322733, -121.385171 60.322424, -121.385067 60.322404, -121.384969 60.322377, -121.384878 60.322345, -121.384796 60.322308, -121.384724 60.322265, -121.384662 60.322219, -121.383937 60.321587, -121.381997 60.321068, -121.381919 60.321044, -121.381845 60.321017, -121.381778 60.320986, -121.380516 60.32034, -121.379914 60.320433, -121.379806 60.320447, -121.379696 60.320453, -121.379585 60.320453, -121.379475 60.320446, -121.379368 60.320432, -121.379264 60.320411, -121.379167 60.320385, -121.379077 60.320353, -121.378995 60.320315, -121.378923 60.320273, -121.378863 60.320226, -121.378814 60.320177, -121.378778 60.320124, -121.378754 60.32007, -121.378745 60.320015, -121.378749 60.319959, -121.378921 60.319089, -121.378955 60.318077, -121.378465 60.317571, -121.376956 60.317422, -121.375464 60.317562, -121.375352 60.317569, -121.375239 60.317569, -121.375127 60.317562, -121.375018 60.317548, -121.374913 60.317527, -121.374814 60.3175, -121.374723 60.317466, -121.37464 60.317428, -121.374568 60.317384, -121.374508 60.317337, -121.37446 60.317286, -121.374425 60.317232, -121.374403 60.317177, -121.374396 60.31712, -121.374403 60.317064, -121.374424 60.317009, -121.374458 60.316955, -121.374506 60.316904, -121.374566 60.316856, -121.374638 60.316813, -121.37472 60.316774, -121.375788 60.316329, -121.375461 60.315981, -121.374283 60.315884, -121.372759 60.316129, -121.372653 60.316143, -121.372545 60.31615, -121.372436 60.31615, -121.372328 60.316144, -121.372222 60.316132, -121.37212 60.316113, -121.372023 60.316088, -121.371933 60.316057, -121.37185 60.316022, -121.371777 60.315981, -121.371715 60.315937, -121.371663 60.315889, -121.371624 60.315838, -121.371597 60.315785, -121.371182 60.314707, -121.371127 60.314596, -121.371109 60.314551, -121.371101 60.314505, -121.371102 60.314459, -121.371112 60.314413, -121.37164 60.312833, -121.371637 60.312753, -121.370692 60.311267, -121.370665 60.311214, -121.370652 60.311159, -121.370651 60.311105, -121.370743 60.310311, -121.370744 60.310307, -121.370767 60.310142, -121.370771 60.310121, -121.371154 60.30849, -121.369955 60.307509, -121.368248 60.306724, -121.365092 60.306399, -121.36419 60.307153, -121.363443 60.308281, -121.363409 60.308325, -121.363366 60.308366, -121.363315 60.308405, -121.363256 60.308442, -121.36319 60.308475, -121.361908 60.309051, -121.361835 60.30908, -121.361757 60.309105, -121.361674 60.309127, -121.361587 60.309144, -121.360099 60.309388, -121.360039 60.309396, -121.359967 60.309404, -121.357006 60.309652, -121.356968 60.309655, -121.356857 60.309658, -121.355879 60.309658, -121.355797 60.309656, -121.352287 60.309492, -121.352183 60.309484, -121.352082 60.30947, -121.351984 60.309451, -121.351892 60.309425, -121.351806 60.309395, -121.351728 60.309359, -121.351659 60.30932, -121.351599 60.309276, -121.35155 60.30923, -121.351512 60.309181, -121.351367 60.308951, -121.351341 60.308899, -121.351327 60.308846, -121.351326 60.308792, -121.351338 60.308739, -121.351362 60.308687, -121.351399 60.308636, -121.351447 60.308589, -121.353309 60.30699, -121.353371 60.306944, -121.353444 60.306901, -121.353527 60.306864, -121.353619 60.306832, -121.353718 60.306806, -121.353823 60.306786, -121.353931 60.306773, -121.355029 60.306677, -121.355442 60.306373, -121.354423 60.305704, -121.354363 60.305659, -121.354314 60.305611, -121.354277 60.30556, -121.354252 60.305508, -121.35424 60.305454, -121.354242 60.3054, -121.354352 60.304652, -121.353667 60.304041, -121.353619 60.303991, -121.353583 60.303938, -121.353561 60.303883, -121.353553 60.303827, -121.353558 60.303771, -121.353578 60.303716, -121.353611 60.303662, -121.353658 60.303611, -121.354424 60.302888, -121.353202 60.302268, -121.353137 60.302232, -121.35308 60.302191, -121.353032 60.302148, -121.352994 60.302103, -121.352967 60.302056, -121.352949 60.302007, -121.352581 60.300516, -121.351758 60.299429, -121.349145 60.299481, -121.345923 60.300008, -121.34381 60.300419, -121.343718 60.300434, -121.343623 60.300444, -121.343526 60.300449, -121.343428 60.300449, -121.34104 60.300376, -121.340979 60.300373, -121.340951 60.300371, -121.339375 60.300243, -121.330401 60.300707, -121.330053 60.30078, -121.326456 60.302215, -121.325567 60.302777, -121.32555 60.302788, -121.322938 60.304326, -121.32286 60.304367, -121.322772 60.304402, -121.322676 60.304432, -121.322573 60.304456, -121.322466 60.304472, -121.322355 60.304482, -121.322242 60.304485, -121.322129 60.304481, -121.322019 60.30447, -121.321912 60.304452, -121.32181 60.304428, -121.321715 60.304398, -121.321629 60.304361, -121.321552 60.30432, -121.321486 60.304274, -121.321433 60.304225, -121.321392 60.304172, -121.321364 60.304117, -121.321351 60.304061, -121.321351 60.304005, -121.321366 60.303949, -121.322221 60.301759, -121.320913 60.299732, -121.319872 60.299369, -121.318701 60.298957, -121.31571 60.299343, -121.312518 60.30079, -121.312442 60.300821, -121.31236 60.300848, -121.312272 60.30087, -121.31218 60.300887, -121.312085 60.300899, -121.307972 60.301298, -121.30752 60.303085, -121.307499 60.303139, -121.307465 60.303192, -121.307418 60.303243, -121.307355 60.3033, -121.306525 60.304523, -121.306485 60.304572, -121.306434 60.304619, -121.306372 60.304662, -121.306301 60.304701, -121.30622 60.304736, -121.306132 60.304765, -121.306038 60.30479, -121.305939 60.304809, -121.305836 60.304821, -121.30573 60.304828, -121.305624 60.304828, -121.305519 60.304822, -121.3035 60.304648, -121.301725 60.305539, -121.301701 60.305551, -121.301626 60.305582, -121.299787 60.306269, -121.299698 60.306298, -121.299601 60.306322, -121.2995 60.30634, -121.299395 60.306352, -121.299288 60.306358, -121.299181 60.306357, -121.299074 60.30635, -121.29897 60.306337, -121.29887 60.306317, -121.298775 60.306292, -121.298687 60.306261, -121.298607 60.306225, -121.298536 60.306185, -121.296576 60.304926, -121.296513 60.30488, -121.296462 60.304831, -121.296424 60.304779, -121.296398 60.304725, -121.296387 60.30467, -121.296388 60.304614, -121.296404 60.304559, -121.296433 60.304506, -121.296475 60.304454, -121.296529 60.304406, -121.296595 60.304361, -121.297748 60.30367, -121.298499 60.303081, -121.298827 60.30125, -121.297933 60.300727, -121.296713 60.301062, -121.296614 60.301085, -121.296511 60.301102, -121.296405 60.301113, -121.296296 60.301117, -121.296188 60.301115, -121.296081 60.301106, -121.295976 60.301091, -121.295876 60.301069, -121.295782 60.301042, -121.295696 60.30101, -121.295617 60.300972, -121.295549 60.30093, -121.295491 60.300884, -121.29431 60.299813, -121.291667 60.299369, -121.291566 60.299349, -121.291472 60.299323, -121.291384 60.299291, -121.291304 60.299255, -121.289901 60.298525, -121.285444 60.298936, -121.282438 60.29965, -121.282335 60.299671, -121.282227 60.299686, -121.282116 60.299693, -121.282005 60.299694, -121.281894 60.299687, -121.281786 60.299674, -121.281681 60.299655, -121.281583 60.299629, -121.281491 60.299597, -121.281408 60.299559, -121.281335 60.299517, -121.281273 60.299471, -121.281223 60.299421, -121.281185 60.299369, -121.281161 60.299314, -121.28115 60.299259, -121.281154 60.299203, -121.281171 60.299148, -121.281201 60.299094, -121.281245 60.299043, -121.283972 60.296309, -121.282957 60.295817, -121.282887 60.295779, -121.282825 60.295737, -121.282774 60.295691, -121.282734 60.295643, -121.282706 60.295593, -121.282689 60.295542, -121.282684 60.29549, -121.282699 60.294726, -121.28276 60.292657, -121.282762 60.292634, -121.282767 60.292606, -121.28295 60.2919, -121.28297 60.291847, -121.283003 60.291797, -121.283047 60.291748, -121.283102 60.291702, -121.283168 60.29166, -121.283244 60.291622, -121.283328 60.291589, -121.283419 60.291561, -121.283516 60.291539, -121.283618 60.291522, -121.283723 60.291512, -121.285294 60.291405, -121.285406 60.291401, -121.285517 60.291404, -121.285627 60.291413, -121.285733 60.29143, -121.289258 60.292093, -121.289275 60.292097, -121.289296 60.292101, -121.291756 60.292628, -121.29295 60.292271, -121.293719 60.291224, -121.293233 60.29011, -121.292753 60.289043, -121.29274 60.289004, -121.292732 60.288965, -121.292732 60.288925, -121.292839 60.28767, -121.292847 60.287627, -121.292864 60.287584, -121.298052 60.276835, -121.29115 60.27355, -121.291075 60.27351, -121.29104 60.273487, -121.284372 60.268848, -121.284314 60.268802, -121.284268 60.268753, -121.284233 60.268702, -121.283651 60.267619, -121.283397 60.267514, -121.280439 60.267987, -121.27794 60.26856, -121.277843 60.268579, -121.277742 60.268592, -121.277703 60.268596, -121.277607 60.268603, -121.27751 60.268604, -121.277414 60.268601, -121.277318 60.268592, -121.277225 60.268578, -121.277136 60.26856, -121.274954 60.268033, -121.27399 60.269309, -121.273943 60.26936, -121.273885 60.269409, -121.273814 60.269453, -121.273733 60.269492, -121.273643 60.269526, -121.273545 60.269554, -121.27344 60.269576, -121.27151 60.269907, -121.271433 60.269919, -121.271354 60.269927, -121.271274 60.269931, -121.270053 60.269969, -121.269973 60.26997, -121.269893 60.269967, -121.269814 60.269961, -121.268283 60.269802, -121.263962 60.269968, -121.259582 60.270286, -121.259491 60.27029, -121.2594 60.27029, -121.255883 60.270187, -121.255773 60.27018, -121.255665 60.270167, -121.255561 60.270147, -121.254226 60.269842, -121.254186 60.269832, -121.248319 60.26831, -121.248224 60.268281, -121.248137 60.268247, -121.248059 60.268208, -121.247991 60.268165, -121.247935 60.268118, -121.24789 60.268067, -121.247858 60.268015, -121.247839 60.26796, -121.247833 60.267905, -121.247841 60.26785, -121.247862 60.267796, -121.247897 60.267744, -121.247943 60.267694, -121.248002 60.267647, -121.248072 60.267605, -121.248151 60.267567, -121.248239 60.267534, -121.248335 60.267506, -121.248919 60.267362, -121.257219 60.265274, -121.259164 60.264068, -121.261116 60.262546, -121.262194 60.261724, -121.262261 60.261679, -121.262337 60.261639, -121.262423 60.261604, -121.262517 60.261575, -121.262617 60.261552, -121.262722 60.261535, -121.262831 60.261524, -121.262941 60.26152, -121.263051 60.261523, -121.26316 60.261533, -121.263266 60.261549, -121.265745 60.262019, -121.265842 60.26204, -121.265933 60.262068, -121.266018 60.2621, -121.266094 60.262137, -121.26616 60.262179, -121.266217 60.262224, -121.266262 60.262272, -121.266296 60.262322, -121.266317 60.262374, -121.266327 60.262427, -121.266434 60.264373, -121.268097 60.264823, -121.271187 60.264358, -121.27129 60.264346, -121.271395 60.26434, -121.271501 60.26434, -121.271606 60.264346, -121.273892 60.264552, -121.275016 60.26366, -121.275669 60.262114, -121.275695 60.262066, -121.275708 60.262048, -121.276295 60.261273, -121.275314 60.26028, -121.274011 60.259246, -121.273965 60.259205, -121.273927 60.259161, -121.273899 60.259116, -121.273881 60.259069, -121.273873 60.259022, -121.273875 60.258975, -121.274023 60.257986, -121.267689 60.256181, -121.265623 60.256972, -121.265533 60.257002, -121.265437 60.257027, -121.265336 60.257046, -121.265231 60.257058, -121.265124 60.257064, -121.265016 60.257064, -121.264908 60.257057, -121.264804 60.257044, -121.264703 60.257024, -121.264607 60.256999, -121.264519 60.256968, -121.262901 60.256331, -121.262821 60.256296, -121.26275 60.256255, -121.262689 60.256211, -121.262639 60.256164, -121.2626 60.256113, -121.262574 60.256061, -121.26256 60.256008, -121.262559 60.255954, -121.262571 60.255901, -121.262596 60.255848, -121.262633 60.255798, -121.264403 60.253765, -121.264451 60.253717, -121.26451 60.253673, -121.264578 60.253633, -121.264656 60.253597, -121.264742 60.253566, -121.264834 60.25354, -121.271654 60.251876, -121.27538 60.250784, -121.27809 60.248801, -121.268013 60.239091, -121.263499 60.239193, -121.263392 60.239192, -121.263287 60.239185, -121.263184 60.239172, -121.263085 60.239152, -121.262991 60.239127, -121.262903 60.239097, -121.262823 60.239062, -121.262753 60.239022, -121.262692 60.238978, -121.262641 60.238932, -121.261984 60.238213, -121.261946 60.238164, -121.261919 60.238112, -121.261905 60.23806, -121.261903 60.238006, -121.261914 60.237954, -121.261937 60.237902, -121.261972 60.237852, -121.262019 60.237804, -121.262077 60.237759, -121.266099 60.235015, -121.265847 60.234296, -121.264505 60.233706, -121.264426 60.233667, -121.264357 60.233623, -121.2643 60.233575, -121.264255 60.233524, -121.264223 60.23347, -121.264204 60.233415, -121.264199 60.233359, -121.264214 60.232955, -121.264222 60.232903, -121.264243 60.232852, -121.264274 60.232802, -121.264318 60.232754, -121.264372 60.232709, -121.264436 60.232668, -121.264509 60.23263, -121.26459 60.232597, -121.264679 60.23257, -121.264773 60.232547, -121.267107 60.232069, -121.266892 60.231419, -121.265991 60.231362, -121.26588 60.231351, -121.265773 60.231333, -121.26567 60.231309, -121.265575 60.231279, -121.265488 60.231242, -121.265411 60.231201, -121.265345 60.231155, -121.265291 60.231105, -121.265249 60.231053, -121.265222 60.230998, -121.265208 60.230942, -121.265208 60.230885, -121.265223 60.230829, -121.265251 60.230774, -121.265294 60.230722, -121.265348 60.230672, -121.265415 60.230626, -121.265493 60.230585, -121.265581 60.23055, -121.265676 60.230519, -121.265779 60.230496, -121.265887 60.230478, -121.26601 60.230463, -121.266034 60.23046, -121.267758 60.23027, -121.268103 60.230185, -121.268762 60.22959, -121.268407 60.229373, -121.267633 60.229214, -121.267535 60.229191, -121.267444 60.229161, -121.26736 60.229127, -121.267286 60.229087, -121.267221 60.229043, -121.267167 60.228996, -121.267125 60.228946, -121.267096 60.228893, -121.267079 60.22884, -121.267076 60.228785, -121.267126 60.227891, -121.266929 60.227411, -121.26297 60.226696, -121.26289 60.226679, -121.262814 60.226659, -121.262742 60.226635, -121.262675 60.226608, -121.259997 60.225406, -121.259932 60.225374, -121.259874 60.225338, -121.258134 60.224159, -121.256264 60.225158, -121.256183 60.225196, -121.256093 60.225229, -121.255996 60.225256, -121.255893 60.225277, -121.255786 60.225291, -121.255676 60.225299, -121.255565 60.225299, -121.255454 60.225293, -121.255346 60.22528, -121.255242 60.225261, -121.253632 60.224902, -121.253579 60.22489, -121.251435 60.224325, -121.251341 60.224296, -121.251255 60.224262, -121.251178 60.224223, -121.251111 60.22418, -121.251054 60.224133, -121.249583 60.222702, -121.249132 60.222392, -121.247852 60.221715, -121.247543 60.222183, -121.247501 60.222235, -121.247447 60.222284, -121.247381 60.22233, -121.247304 60.22237, -121.247217 60.222406, -121.247123 60.222436, -121.245572 60.222864, -121.245473 60.222887, -121.245369 60.222905, -121.245262 60.222915, -121.245153 60.222919, -121.245044 60.222917, -121.244936 60.222908, -121.244831 60.222892, -121.244731 60.22287, -121.244637 60.222843, -121.24455 60.222809, -121.244472 60.222771, -121.243843 60.222422, -121.242454 60.221923, -121.24054 60.222167, -121.238257 60.222589, -121.235658 60.223326, -121.235585 60.223345, -121.235508 60.22336, -121.23543 60.223372, -121.232632 60.223711, -121.232557 60.223751, -121.232472 60.223786, -121.232379 60.223816, -121.232279 60.22384, -121.232175 60.223858, -121.232067 60.223869, -121.231957 60.223873, -121.231847 60.223871, -121.231738 60.223862, -121.231632 60.223846, -121.231531 60.223824, -121.230408 60.223536, -121.228274 60.223964, -121.228168 60.223981, -121.228058 60.223992, -121.227947 60.223995, -121.227835 60.223992, -121.227725 60.223982, -121.227618 60.223965, -121.227517 60.223941, -121.227422 60.223912, -121.227335 60.223877, -121.227258 60.223836, -121.227191 60.223791, -121.227135 60.223743, -121.227093 60.223691, -121.227063 60.223637, -121.227047 60.223582, -121.227045 60.223526, -121.227057 60.22347, -121.227082 60.223416, -121.227422 60.222849, -121.227143 60.222526, -121.224138 60.222256, -121.224029 60.222243, -121.223925 60.222223, -121.223827 60.222197, -121.223736 60.222165, -121.223653 60.222128, -121.223581 60.222086, -121.223519 60.222039, -121.223469 60.221989, -121.223432 60.221937, -121.223408 60.221882, -121.223145 60.221035, -121.222016 60.220101, -121.221965 60.220052, -121.221927 60.22, -121.221901 60.219947, -121.221888 60.219892, -121.221889 60.219837, -121.221903 60.219783, -121.22193 60.219729, -121.221971 60.219678, -121.222023 60.21963, -121.222087 60.219585, -121.223323 60.218819, -121.224136 60.217544, -121.223357 60.216931, -121.221695 60.215947, -121.221686 60.215942, -121.221657 60.215923, -121.2202 60.214931, -121.217178 60.213635, -121.213451 60.212521, -121.209199 60.212198, -121.20532 60.212496, -121.204094 60.213989, -121.204045 60.214039, -121.203985 60.214085, -121.203914 60.214128, -121.203832 60.214166, -121.203742 60.214198, -121.203645 60.214225, -121.203542 60.214245, -121.203435 60.214259, -121.203325 60.214267, -121.203214 60.214267, -121.203104 60.214261, -121.202996 60.214248, -121.202892 60.214228, -121.202794 60.214202, -121.202703 60.21417, -121.202621 60.214133, -121.202548 60.214091, -121.202486 60.214045, -121.202436 60.213995, -121.202399 60.213943, -121.201772 60.21286, -121.195012 60.212324, -121.19492 60.212315, -121.194832 60.2123, -121.194746 60.212281, -121.194665 60.212258, -121.194299 60.21214, -121.194254 60.212124, -121.194229 60.212115, -121.193006 60.211631, -121.191489 60.212346, -121.190435 60.213038, -121.190373 60.213074, -121.190304 60.213107, -121.190229 60.213136, -121.190147 60.213161, -121.190061 60.213181, -121.189971 60.213197, -121.188575 60.2134, -121.186552 60.213816, -121.183437 60.214781, -121.160397 60.226663, -121.160364 60.226679, -121.160336 60.226691, -121.158556 60.227451, -121.157846 60.22827, -121.15828 60.229002, -121.158302 60.229049, -121.158314 60.229098, -121.158316 60.229146, -121.158307 60.229195, -121.15784 60.230793, -121.162077 60.233843, -121.162126 60.233882, -121.162166 60.233923, -121.162197 60.233966, -121.162839 60.235009, -121.162858 60.235045, -121.163415 60.236316, -121.163432 60.236369, -121.163436 60.236424, -121.163427 60.236478, -121.163404 60.236531, -121.162992 60.237283, -121.162969 60.237319, -121.16294 60.237354, -121.162905 60.237388, -121.162334 60.237885, -121.16423 60.238823, -121.164301 60.238863, -121.164363 60.238907, -121.164414 60.238954, -121.164453 60.239004, -121.16448 60.239056, -121.164494 60.239109, -121.164496 60.239163, -121.164485 60.239216, -121.164462 60.239268, -121.164426 60.239319, -121.164378 60.239367, -121.16432 60.239412, -121.164251 60.239453, -121.164173 60.239489, -121.16344 60.239794, -121.163356 60.239826, -121.163265 60.239852, -121.163169 60.239872, -121.163069 60.239887, -121.162965 60.239896, -121.162861 60.239899, -121.162756 60.239895, -121.162653 60.239886, -121.162553 60.239871, -121.162457 60.23985, -121.162367 60.239823, -121.160599 60.239235, -121.158116 60.238558, -121.140799 60.239274, -121.133466 60.242733, -121.13191 60.243496, -121.133339 60.251077, -121.137428 60.25288, -121.142009 60.251894, -121.142107 60.251877, -121.142208 60.251865, -121.142311 60.251858, -121.142415 60.251858, -121.142519 60.251864, -121.14262 60.251876, -121.142718 60.251894, -121.142811 60.251917, -121.142898 60.251945, -121.147309 60.253575, -121.147394 60.25361, -121.147428 60.253627, -121.149999 60.254985, -121.150063 60.255023, -121.150119 60.255065, -121.150745 60.255591, -121.150788 60.255632, -121.150816 60.255667, -121.151106 60.256063, -121.151135 60.256111, -121.151154 60.25616, -121.151161 60.25621, -121.151196 60.257154, -121.152419 60.258449, -121.152459 60.2585, -121.152487 60.258553, -121.152501 60.258607, -121.152503 60.258662, -121.152491 60.258716, -121.152466 60.258769, -121.152429 60.25882, -121.152379 60.258869, -121.152318 60.258914, -121.152246 60.258955, -121.152165 60.258992, -121.150094 60.259819, -121.150008 60.26012, -121.149985 60.260174, -121.14995 60.260226, -121.149901 60.260276, -121.149841 60.260322, -121.096116 60.296776, -121.096044 60.296819, -121.095962 60.296857, -121.093096 60.298031, -121.092904 60.298544, -121.09331 60.300714, -121.094363 60.301192, -121.09444 60.301231, -121.094507 60.301275, -121.094563 60.301323, -121.094606 60.301373, -121.094637 60.301426, -121.094654 60.30148, -121.094659 60.301536, -121.094582 60.303183, -121.094573 60.303239, -121.09455 60.303294, -121.094513 60.303347, -121.094463 60.303397, -121.094402 60.303444, -121.094329 60.303486, -121.094246 60.303524, -121.094155 60.303556, -121.094056 60.303583, -121.093951 60.303603, -121.093843 60.303616, -121.091507 60.303828, -121.087988 60.304205, -121.087909 60.304211, -121.087829 60.304214, -121.087748 60.304214, -121.085849 60.30416, -121.053726 60.329981, -121.05356 60.330613, -121.053541 60.330664, -121.05351 60.330713, -121.053468 60.33076, -121.053416 60.330805, -121.053354 60.330846, -121.053283 60.330883, -121.053204 60.330916, -121.052076 60.331335, -121.053069 60.332786, -121.053076 60.332795, -121.053085 60.332811, -121.054847 60.335967, -121.060184 60.3375, -121.060291 60.337511, -121.060393 60.337529, -121.06049 60.337553, -121.060581 60.337583, -121.060665 60.337617, -121.060739 60.337657, -121.060803 60.337701, -121.060856 60.337748, -121.062481 60.339427, -121.062522 60.339477, -121.062551 60.33953, -121.062567 60.339584, -121.06257 60.339638, -121.06256 60.339693, -121.062536 60.339746, -121.0625 60.339798, -121.062451 60.339847, -121.062391 60.339892, -121.06232 60.339934, -121.06224 60.339971, -121.062151 60.340003, -121.062055 60.340029, -121.059491 60.340636, -121.059391 60.340656, -121.059286 60.34067, -121.059179 60.340678, -121.05907 60.340679, -121.058963 60.340674, -121.058857 60.340662, -121.058754 60.340644, -121.058657 60.34062, -121.058566 60.34059, -121.058484 60.340556, -121.05641 60.339573, -121.054981 60.3396, -121.054569 60.339792, -121.054489 60.339825, -121.054401 60.339854, -121.054308 60.339877, -121.05421 60.339894, -121.054109 60.339906, -121.050256 60.340238, -121.050169 60.340243, -121.050083 60.340244, -121.023414 60.339951, -120.996563 60.35376, -120.993381 60.357113, -121.023282 60.368209, -121.026383 60.3684, -121.026489 60.36841, -121.030912 60.368968, -121.031011 60.368984, -121.031105 60.369005, -121.031194 60.369032, -121.031277 60.369064, -121.031351 60.3691, -121.037279 60.372327, -121.037347 60.372369, -121.037405 60.372414, -121.037451 60.372463, -121.037485 60.372514, -121.037507 60.372566, -121.037516 60.37262, -121.037513 60.372674, -121.037496 60.372727, -121.037467 60.372778, -121.037426 60.372828, -121.037373 60.372875, -121.037309 60.372918, -121.037235 60.372958, -121.031101 60.375861, -121.031021 60.375894, -121.030934 60.375923, -121.008176 60.382538, -121.008096 60.382558, -121.008013 60.382575, -121.005726 60.382965, -121.000495 60.383974, -121.000076 60.384074, -121.000029 60.384084, -120.997466 60.384606, -120.997369 60.384623, -120.997269 60.384634, -120.997168 60.384639, -120.997066 60.384639, -120.996964 60.384633, -120.996865 60.384621, -120.996769 60.384604, -120.996677 60.384581, -120.996591 60.384553, -120.995426 60.38413, -120.993586 60.384183, -120.991287 60.384805, -120.991275 60.385821, -120.991269 60.385873, -120.99125 60.385924, -120.99122 60.385974, -120.991178 60.386021, -120.990202 60.386986, -120.990153 60.387028, -120.990096 60.387068, -120.990031 60.387103, -120.989958 60.387136, -120.98855 60.387695, -120.988747 60.388883, -120.988749 60.388938, -120.988738 60.388993, -120.988714 60.389046, -120.988676 60.389098, -120.988626 60.389147, -120.988565 60.389193, -120.988493 60.389235, -120.988411 60.389272, -120.98832 60.389303, -120.988223 60.389329, -120.98812 60.389349, -120.988013 60.389362, -120.987903 60.389369, -120.987793 60.389369, -120.987683 60.389363, -120.987576 60.389349, -120.987473 60.38933, -120.987375 60.389304, -120.987284 60.389272, -120.985518 60.388573, -120.983766 60.389135, -120.983635 60.389786, -120.983714 60.389931, -120.983735 60.389983, -120.983745 60.390035, -120.983742 60.390088, -120.983726 60.39014, -120.983699 60.390191, -120.98366 60.39024, -120.98361 60.390286, -120.983549 60.390329, -120.983478 60.390369, -120.983399 60.390403, -120.983312 60.390433, -120.981349 60.39103, -120.98135 60.39201, -120.981344 60.392062, -120.981326 60.392113, -120.981296 60.392162, -120.981255 60.39221, -120.981203 60.392255, -120.981142 60.392297, -120.981071 60.392335, -120.980991 60.392369, -120.980905 60.392398, -120.980812 60.392421, -120.978775 60.392872, -120.97867 60.392891, -120.978561 60.392904, -120.97845 60.39291, -120.978338 60.392909, -120.978228 60.392901, -120.97812 60.392887, -120.978016 60.392865, -120.977919 60.392838, -120.976752 60.392463, -120.975868 60.392394, -120.974142 60.393539, -120.974072 60.39358, -120.973992 60.393617, -120.973904 60.393648, -120.97381 60.393675, -120.97371 60.393695, -120.973605 60.393709, -120.973498 60.393717, -120.97339 60.393719, -120.973282 60.393714, -120.973176 60.393702, -120.973074 60.393685, -120.972976 60.393661, -120.970455 60.392952, -120.966505 60.394237, -120.966408 60.394264, -120.966306 60.394286, -120.966198 60.3943, -120.966088 60.394309, -120.965977 60.39431, -120.965866 60.394304, -120.965758 60.394292, -120.95971 60.393412, -120.95467 60.392742, -120.954566 60.392725, -120.954467 60.392702, -120.954375 60.392673, -120.95429 60.392638, -120.954214 60.392599, -120.954149 60.392555, -120.95231 60.391167, -120.952258 60.391122, -120.952216 60.391074, -120.952186 60.391025, -120.952167 60.390974, -120.95216 60.390922, -120.95213 60.388625, -120.952135 60.388576, -120.952151 60.388527, -120.952177 60.388479, -120.952214 60.388433, -120.95226 60.388389, -120.952316 60.388348, -120.953008 60.387898, -120.95284 60.387457, -120.952826 60.387399, -120.952825 60.387355, -120.952903 60.386486, -120.949512 60.385285, -120.949425 60.38525, -120.949347 60.38521, -120.94928 60.385165, -120.949224 60.385117, -120.949181 60.385065, -120.949151 60.385011, -120.949135 60.384956, -120.949132 60.3849, -120.949144 60.384845, -120.949169 60.38479, -120.949207 60.384738, -120.949259 60.384688, -120.949322 60.384642, -120.949396 60.3846, -120.94948 60.384563, -120.949572 60.384531, -120.949672 60.384506, -120.949777 60.384487, -120.949886 60.384474, -120.951626 60.384329, -120.951729 60.384323, -120.951832 60.384324, -120.951935 60.38433, -120.952036 60.384342, -120.953467 60.384557, -120.954835 60.384538, -120.957279 60.383506, -120.957357 60.383477, -120.957441 60.383452, -120.95753 60.383431, -120.957623 60.383416, -120.957718 60.383406, -120.959474 60.383263, -120.960122 60.382823, -120.959265 60.382138, -120.957074 60.381346, -120.957066 60.381343, -120.954738 60.380481, -120.954653 60.380445, -120.954633 60.380435, -120.953511 60.379867, -120.95345 60.379833, -120.953397 60.379796, -120.953351 60.379756, -120.953314 60.379715, -120.952509 60.378688, -120.952014 60.378272, -120.949788 60.377455, -120.949413 60.377428, -120.945254 60.377998, -120.94518 60.378006, -120.945105 60.378012, -120.945029 60.378014, -120.934739 60.378091, -120.933036 60.379262, -120.932966 60.379305, -120.932886 60.379342, -120.932797 60.379375, -120.932701 60.379402, -120.932599 60.379423, -120.932493 60.379438, -120.932384 60.379446, -120.932273 60.379448, -120.932164 60.379443, -120.932056 60.379431, -120.931952 60.379412, -120.931853 60.379388, -120.931761 60.379357, -120.931677 60.379322, -120.931602 60.379281, -120.929679 60.378093, -120.927283 60.378331, -120.924005 60.379408, -120.923907 60.379436, -120.923802 60.379458, -120.923693 60.379473, -120.923581 60.379481, -120.923468 60.379482, -120.923356 60.379476, -120.917526 60.378981, -120.916833 60.376927, -120.91617 60.371, -120.91993 60.363869, -120.920364 60.360857, -120.920267 60.36006, -120.926975 60.349389, -120.924554 60.341641, -120.913441 60.332191, -120.905423 60.32762, -120.887258 60.325862, -120.877692 60.326408, -120.870916 60.330375, -120.865371 60.335255, -120.861706 60.336919, -120.838249 60.34471, -120.833931 60.349894, -120.832691 60.358738, -120.834541 60.359958, -120.84379 60.362094, -120.852425 60.36301, -120.861677 60.36301, -120.87278 60.364839, -120.878333 60.366363, -120.885122 60.369716, -120.885741 60.371851, -120.882659 60.375512, -120.882137 60.37597, -120.875256 60.377343, -120.864765 60.378259, -120.853041 60.378259, -120.835762 60.381002, -120.829282 60.384363, -120.828982 60.385005, -120.828958 60.385047, -120.828927 60.385087, -120.828887 60.385126, -120.823173 60.390131, -120.82311 60.390178, -120.823036 60.390221, -120.822952 60.39026, -120.822858 60.390292, -120.822757 60.390319, -120.82265 60.390339, -120.822539 60.390352, -120.822425 60.390358, -120.822311 60.390357, -120.822198 60.390348, -120.822088 60.390333, -120.821983 60.39031, -120.821884 60.390282, -120.819855 60.389603, -120.819771 60.389571, -120.819695 60.389535, -120.819629 60.389494, -120.812624 60.38471, -120.799412 60.388122, -120.799324 60.388142, -120.799234 60.388156, -120.79914 60.388167, -120.799045 60.388172, -120.798949 60.388172, -120.79311 60.388022, -120.791714 60.388375, -120.782278 60.391733, -120.781043 60.392665, -120.782488 60.403236, -120.782488 60.403292, -120.782475 60.403347, -120.782448 60.403401, -120.782408 60.403453, -120.782356 60.403503, -120.779596 60.405742, -120.778745 60.407367, -120.778709 60.407421, -120.77866 60.407472, -120.778599 60.40752, -120.778525 60.407564, -120.778442 60.407602, -120.778349 60.407635, -120.778249 60.407662, -120.778142 60.407683, -120.778032 60.407696, -120.777918 60.407703, -120.777804 60.407702, -120.777691 60.407695, -120.777581 60.40768, -120.777476 60.407658, -120.777376 60.407631, -120.767772 60.40451, -120.766696 60.405082, -120.766618 60.405119, -120.766532 60.40515, -120.766439 60.405177, -120.76634 60.405198, -120.766237 60.405213, -120.766131 60.405222, -120.766024 60.405224, -120.765917 60.40522, -120.765812 60.40521, -120.765709 60.405193, -120.765612 60.405171, -120.760112 60.403711, -120.755798 60.402773, -120.746654 60.406606, -120.746377 60.408473, -120.746363 60.408526, -120.746336 60.408578, -120.746297 60.408627, -120.746247 60.408675, -120.746186 60.408719, -120.746114 60.408758, -120.746034 60.408794, -120.745946 60.408824, -120.745851 60.408849, -120.745751 60.408869, -120.743723 60.409191, -120.743006 60.40978, -120.742991 60.409792, -120.742955 60.409817, -120.740916 60.411166, -120.740686 60.411884, -120.741296 60.412461, -120.744321 60.411755, -120.744425 60.411735, -120.744533 60.411721, -120.744644 60.411713, -120.744756 60.411713, -120.744866 60.41172, -120.744975 60.411733, -120.745079 60.411753, -120.745178 60.411779, -120.745269 60.411811, -120.745352 60.411848, -120.745425 60.41189, -120.745487 60.411936, -120.745537 60.411986, -120.745574 60.412038, -120.745598 60.412093, -120.745609 60.412148, -120.745606 60.412203, -120.745589 60.412258, -120.745558 60.412312, -120.745515 60.412363, -120.745459 60.412411, -120.745392 60.412456, -120.74371 60.413423, -120.742077 60.414725, -120.742068 60.414732, -120.742051 60.414744, -120.740976 60.415511, -120.740923 60.415544, -120.740865 60.415576, -120.740801 60.415604, -120.740534 60.415711, -120.740449 60.415741, -120.740358 60.415766, -120.740261 60.415785, -120.740161 60.415799, -120.740059 60.415808, -120.739955 60.41581, -120.739851 60.415806, -120.739749 60.415796, -120.737597 60.415529, -120.737581 60.415527, -120.7375 60.415514, -120.735425 60.415129, -120.735398 60.415124, -120.735365 60.415117, -120.733745 60.414749, -120.732297 60.414537, -120.73219 60.414517, -120.73209 60.414492, -120.731997 60.41446, -120.731912 60.414423, -120.731838 60.414381, -120.731774 60.414334, -120.731723 60.414284, -120.731684 60.414231, -120.731158 60.413339, -120.731135 60.413291, -120.731128 60.413267, -120.730994 60.412722, -120.729517 60.411638, -120.728006 60.411824, -120.727682 60.412734, -120.727657 60.412785, -120.727621 60.412834, -120.727573 60.412881, -120.727514 60.412925, -120.727446 60.412966, -120.727369 60.413002, -120.727283 60.413033, -120.727191 60.413059, -120.727094 60.413079, -120.724828 60.41348, -120.720342 60.414273, -120.720236 60.414288, -120.720128 60.414297, -120.720018 60.414299, -120.719908 60.414294, -120.719801 60.414283, -120.717804 60.414007, -120.716025 60.413916, -120.70002 60.416072, -120.69358 60.417189, -120.693482 60.417203, -120.69338 60.417211, -120.693278 60.417214, -120.693176 60.41721, -120.693075 60.417202, -120.692976 60.417187, -120.692882 60.417167, -120.68961 60.41636, -120.677616 60.415737, -120.667197 60.419465, -120.667108 60.419493, -120.667013 60.419515, -120.666913 60.419532, -120.66681 60.419543, -120.666705 60.419548, -120.6666 60.419547, -120.66483 60.419477, -120.658463 60.421065, -120.658365 60.421086, -120.658262 60.421101, -120.658156 60.42111, -120.658049 60.421112, -120.657942 60.421109, -120.657837 60.421099, -120.657734 60.421082, -120.657637 60.42106, -120.654233 60.420168, -120.651332 60.421146, -120.651238 60.421173, -120.651137 60.421195, -120.651032 60.421211, -120.650924 60.42122, -120.649616 60.421289, -120.649515 60.421292, -120.649414 60.421288, -120.649315 60.42128, -120.649218 60.421266, -120.649125 60.421246, -120.649037 60.421222, -120.648955 60.421192, -120.648879 60.421159, -120.642351 60.417887, -120.624116 60.410813, -120.624031 60.410775, -120.623956 60.410732, -120.623892 60.410685, -120.62384 60.410634, -120.623802 60.410581, -120.623778 60.410525, -120.622792 60.407287, -120.622011 60.406797, -120.621948 60.406752, -120.621897 60.406704, -120.621857 60.406653, -120.62183 60.4066, -120.621817 60.406546, -120.621816 60.406492, -120.621829 60.406438, -120.621855 60.406384, -120.621893 60.406333, -120.621944 60.406285, -120.622006 60.40624, -120.622079 60.406199, -120.62216 60.406163, -120.622251 60.406132, -120.622348 60.406106, -120.62245 60.406087, -120.622556 60.406074, -120.622665 60.406067, -120.622775 60.406068, -120.622883 60.406074, -120.62299 60.406087, -120.626621 60.406656, -120.626721 60.406675, -120.626816 60.406699, -120.626904 60.406729, -120.626984 60.406764, -120.627056 60.406804, -120.627118 60.406847, -120.627169 60.406894, -120.627208 60.406943, -120.627236 60.406995, -120.627251 60.407048, -120.627777 60.410149, -120.631417 60.412403, -120.634883 60.413317, -120.634906 60.413324, -120.634943 60.413334, -120.644812 60.416432, -120.651723 60.417789, -120.654511 60.417842, -120.658719 60.416576, -120.661383 60.41407, -120.659507 60.412531, -120.65771 60.412067, -120.657621 60.41204, -120.657539 60.412009, -120.657464 60.411973, -120.657399 60.411934, -120.657342 60.411891, -120.657296 60.411844, -120.657261 60.411796, -120.657237 60.411746, -120.657224 60.411695, -120.657224 60.411643, -120.658255 60.401881, -120.653176 60.399514, -120.653105 60.399477, -120.653044 60.399437, -120.652991 60.399393, -120.651203 60.397679, -120.640021 60.394605, -120.640012 60.394603, -120.639914 60.394571, -120.635472 60.392895, -120.635386 60.392858, -120.63531 60.392817, -120.635245 60.39277, -120.635192 60.39272, -120.635153 60.392668, -120.635126 60.392613, -120.635114 60.392557, -120.635116 60.3925, -120.635132 60.392444, -120.635162 60.39239, -120.635206 60.392338, -120.635262 60.392289, -120.63533 60.392244, -120.635408 60.392203, -120.635497 60.392168, -120.635593 60.392138, -120.635696 60.392115, -120.638603 60.391566, -120.638711 60.391232, -120.638735 60.391179, -120.638772 60.391126, -120.638822 60.391077, -120.638884 60.391031, -120.638957 60.390989, -120.639039 60.390952, -120.63913 60.39092, -120.639228 60.390894, -120.639331 60.390874, -120.639439 60.390861, -120.639549 60.390854, -120.63966 60.390855, -120.63977 60.390861, -120.639878 60.390875, -120.639981 60.390895, -120.640079 60.390921, -120.640758 60.391131, -120.640822 60.391153, -120.640871 60.391173, -120.646325 60.393513, -120.652806 60.392239, -120.652815 60.392237, -120.65286 60.39223, -120.659143 60.39122, -120.670814 60.388821, -120.673683 60.387227, -120.673796 60.385502, -120.671001 60.382357, -120.668274 60.380575, -120.665074 60.381001, -120.664966 60.381012, -120.664857 60.381016, -120.664748 60.381014, -120.66464 60.381005, -120.664534 60.380989, -120.664434 60.380968, -120.664339 60.38094, -120.662315 60.380267, -120.649744 60.3781, -120.649643 60.378079, -120.649547 60.378051, -120.649458 60.378019, -120.649378 60.377981, -120.649308 60.377938, -120.649249 60.377892, -120.649202 60.377842, -120.649167 60.37779, -120.649145 60.377736, -120.649137 60.377681, -120.649142 60.377626, -120.649363 60.376596, -120.649376 60.376554, -120.649382 60.376541, -120.65151 60.372017, -120.651542 60.371964, -120.651587 60.371913, -120.651644 60.371866, -120.651712 60.371822, -120.65179 60.371783, -120.651877 60.371749, -120.651972 60.37172, -120.652074 60.371698, -120.65218 60.371682, -120.652289 60.371672, -120.6524 60.37167, -120.65251 60.371674, -120.652619 60.371684, -120.652725 60.371702, -120.655696 60.372294, -120.655785 60.372314, -120.655868 60.37234, -120.655945 60.372369, -120.657963 60.373232, -120.667319 60.375503, -120.667406 60.375527, -120.667488 60.375556, -120.667562 60.375589, -120.667629 60.375627, -120.669721 60.37694, -120.669781 60.376982, -120.66983 60.377027, -120.669869 60.377075, -120.669897 60.377125, -120.67017 60.377755, -120.671722 60.381094, -120.679915 60.38209, -120.686154 60.378209, -120.686225 60.37817, -120.686304 60.378135, -120.686391 60.378105, -120.688025 60.377612, -120.687571 60.37646, -120.687114 60.376469, -120.687003 60.376467, -120.686893 60.376459, -120.686786 60.376444, -120.686683 60.376423, -120.686586 60.376395, -120.686497 60.376362, -120.686417 60.376324, -120.686346 60.376281, -120.686287 60.376234, -120.68624 60.376184, -120.686206 60.376131, -120.686185 60.376077, -120.686177 60.376021, -120.686183 60.375966, -120.686203 60.375911, -120.686236 60.375858, -120.686282 60.375808, -120.68634 60.37576, -120.68641 60.375717, -120.686489 60.375678, -120.687918 60.375061, -120.686801 60.374341, -120.686737 60.374294, -120.686686 60.374244, -120.686648 60.37419, -120.686623 60.374135, -120.686613 60.374078, -120.686616 60.374022, -120.686634 60.373966, -120.686667 60.373912, -120.687498 60.372771, -120.687532 60.37273, -120.687574 60.372692, -120.687623 60.372655, -120.688605 60.371999, -120.688904 60.371771, -120.688796 60.371235, -120.68629 60.369751, -120.686229 60.36971, -120.686177 60.369666, -120.686136 60.369619, -120.686105 60.36957, -120.686086 60.36952, -120.685859 60.368667, -120.684724 60.367415, -120.684686 60.367365, -120.68466 60.367314, -120.684646 60.367261, -120.684645 60.367207, -120.684657 60.367154, -120.685258 60.365384, -120.684894 60.364688, -120.684873 60.364633, -120.684865 60.364578, -120.684871 60.364522, -120.684891 60.364467, -120.684924 60.364414, -120.684971 60.364363, -120.685029 60.364316, -120.685099 60.364272, -120.685179 60.364233, -120.685267 60.3642, -120.685364 60.364172, -120.685467 60.36415, -120.685574 60.364135, -120.685684 60.364126, -120.685796 60.364124, -120.685907 60.364129, -120.686016 60.364141, -120.687927 60.364414, -120.690542 60.364652, -120.693875 60.364567, -120.694518 60.364452, -120.696614 60.364073, -120.697222 60.363271, -120.69726 60.363228, -120.697306 60.363187, -120.697361 60.363149, -120.699909 60.361558, -120.702103 60.355122, -120.694662 60.34731, -120.670212 60.330379, -120.670156 60.330335, -120.67011 60.330287, -120.670075 60.330237, -120.670053 60.330186, -120.669809 60.329404, -120.659909 60.32448, -120.659869 60.324459, -120.659469 60.324233, -120.657572 60.323978, -120.657473 60.323962, -120.657379 60.32394, -120.657291 60.323913, -120.657209 60.323881, -120.657136 60.323845, -120.657071 60.323804, -120.657016 60.32376, -120.656971 60.323713, -120.656819 60.323527, -120.656788 60.323483, -120.656767 60.323438, -120.656755 60.323393, -120.656659 60.322802, -120.656227 60.321645, -120.655289 60.321032, -120.655233 60.32099, -120.655185 60.320946, -120.655149 60.320899, -120.655123 60.32085, -120.655108 60.3208, -120.654978 60.320094, -120.654976 60.320076, -120.654975 60.320037, -120.65507 60.318726, -120.653928 60.317984, -120.651611 60.31747, -120.651577 60.317462, -120.647628 60.316485, -120.639516 60.306902, -120.641063 60.291668, -120.648278 60.286972, -120.655792 60.285344, -120.656613 60.274862, -120.662016 60.261878, -120.665674 60.252842, -120.658901 60.244558, -120.636745 60.239513, -120.621521 60.236641, -120.616515 60.229378, -120.627422 60.220428, -120.629384 60.207506, -120.615623 60.197617, -120.609805 60.188221, -120.628279 60.177077, -120.649435 60.17081, -120.668224 60.165025, -120.669403 60.159719, -120.650995 60.152906, -120.640238 60.150969, -120.64992 60.129743, -120.646169 60.119282, -120.648955 60.103337, -120.649974 60.09153, -120.634894 60.085605, -120.61849 60.085934, -120.585044 60.090765, -120.55991 60.088457, -120.539489 60.09015, -120.522264 60.093302, -120.519927 60.101046, -120.526461 60.112958, -120.517888 60.124091, -120.508259 60.137094, -120.485578 60.145763, -120.461601 60.148277, -120.440966 60.155669, -120.43518 60.157638, -120.427253 60.157126, -120.418564 60.152951, -120.420711 60.148752, -120.415421 60.138794, -120.409875 60.128061, -120.410068 60.117174, -120.409393 60.111796, -120.408889 60.100499, -120.406196 60.091027, -120.382106 60.091787, -120.364233 60.098908, -120.333007 60.108549, -120.314163 60.114479, -120.294977 60.122495, -120.283853 60.130073, -120.283437 60.1421, -120.286082 60.15406, -120.288828 60.160671, -120.289547 60.165671, -120.311117 60.161955, -120.334074 60.163836, -120.356625 60.170667, -120.366573 60.18005, -120.379163 60.187243, -120.40503 60.194963, -120.433047 60.208497, -120.451263 60.216479, -120.469629 60.225993, -120.480916 60.231979, -120.494154 60.227908, -120.506253 60.22551, -120.515826 60.228136, -120.521539 60.233561, -120.523865 60.243209, -120.521901 60.248485, -120.554274 60.256619, -120.571022 60.264527, -120.577426 60.272611, -120.587141 60.28407, -120.578136 60.292901, -120.571068 60.297503, -120.56689 60.296466, -120.566846 60.296454, -120.56679 60.296437, -120.561536 60.294681, -120.559587 60.294065, -120.558648 60.293857, -120.558556 60.293833, -120.55847 60.293805, -120.55839 60.293771, -120.55832 60.293733, -120.558258 60.293691, -120.557335 60.292981, -120.557279 60.292932, -120.557236 60.292879, -120.557207 60.292825, -120.557192 60.292768, -120.55719 60.292712, -120.557204 60.292655, -120.557231 60.2926, -120.557272 60.292547, -120.557326 60.292497, -120.558891 60.291246, -120.558021 60.290463, -120.554132 60.289806, -120.554074 60.289795, -120.553926 60.289764, -120.553875 60.289752, -120.548142 60.288331, -120.54574 60.288816, -120.545636 60.288834, -120.545528 60.288845, -120.545418 60.288849, -120.545308 60.288846, -120.545199 60.288837, -120.545094 60.288822, -120.544993 60.2888, -120.544898 60.288772, -120.544811 60.288738, -120.544732 60.2887, -120.544664 60.288657, -120.543709 60.287973, -120.542509 60.287333, -120.54244 60.287291, -120.542382 60.287246, -120.542334 60.287197, -120.542299 60.287146, -120.542276 60.287093, -120.542267 60.287039, -120.54227 60.286985, -120.542286 60.286931, -120.542315 60.286879, -120.542356 60.286829, -120.542409 60.286782, -120.542473 60.286738, -120.542547 60.286699, -120.544184 60.285923, -120.54391 60.285459, -120.542782 60.285107, -120.542719 60.285086, -120.54266 60.285061, -120.542605 60.285035, -120.541597 60.284503, -120.540365 60.28417, -120.537607 60.283904, -120.536548 60.283936, -120.533732 60.286373, -120.533672 60.286419, -120.533601 60.28646, -120.533521 60.286497, -120.533433 60.286529, -120.533337 60.286555, -120.533237 60.286575, -120.533131 60.286589, -120.533024 60.286597, -120.532915 60.286598, -120.532807 60.286592, -120.532701 60.28658, -120.532598 60.286562, -120.532501 60.286538, -120.53241 60.286508, -120.532327 60.286473, -120.532253 60.286433, -120.53219 60.286389, -120.532137 60.286341, -120.531464 60.28563, -120.530415 60.284844, -120.528627 60.283647, -120.526181 60.282658, -120.524855 60.282689, -120.519727 60.283491, -120.518347 60.28462, -120.518284 60.284666, -120.51821 60.284707, -120.518127 60.284743, -120.518035 60.284774, -120.517937 60.284799, -120.517833 60.284818, -120.517725 60.28483, -120.517615 60.284836, -120.517505 60.284834, -120.517396 60.284827, -120.517289 60.284812, -120.517187 60.284791, -120.517091 60.284764, -120.517002 60.284732, -120.516921 60.284694, -120.51463 60.283473, -120.511911 60.282383, -120.511834 60.282349, -120.511766 60.28231, -120.511707 60.282268, -120.511659 60.282223, -120.51162 60.282175, -120.511593 60.282126, -120.511577 60.282075, -120.511527 60.281812, -120.508435 60.281667, -120.508133 60.282008, -120.508082 60.282057, -120.50802 60.282103, -120.507946 60.282144, -120.507864 60.282181, -120.507773 60.282212, -120.507675 60.282237, -120.507572 60.282257, -120.507464 60.282269, -120.507355 60.282276, -120.507244 60.282275, -120.507135 60.282268, -120.507028 60.282254, -120.506926 60.282233, -120.506169 60.282056, -120.503594 60.282305, -120.503503 60.282658, -120.503482 60.282713, -120.503447 60.282766, -120.5034 60.282816, -120.503341 60.282863, -120.50327 60.282906, -120.50319 60.282945, -120.5031 60.282978, -120.503003 60.283005, -120.5029 60.283027, -120.502793 60.283041, -120.502683 60.283049, -120.502571 60.28305, -120.502461 60.283044, -120.502352 60.283032, -120.502248 60.283013, -120.502149 60.282987, -120.502057 60.282956, -120.499445 60.281942, -120.498188 60.281584, -120.498095 60.281553, -120.49801 60.281517, -120.497934 60.281476, -120.49787 60.281431, -120.497817 60.281382, -120.497776 60.28133, -120.497749 60.281276, -120.497735 60.28122, -120.497735 60.281165, -120.497749 60.281109, -120.497777 60.281055, -120.497817 60.281003, -120.49787 60.280954, -120.497935 60.280909, -120.49885 60.280345, -120.499179 60.279832, -120.498382 60.278875, -120.498354 60.278835, -120.498349 60.278827, -120.496962 60.276428, -120.493702 60.275799, -120.48759 60.276789, -120.488103 60.279889, -120.488106 60.279939, -120.488097 60.279989, -120.488078 60.280039, -120.488047 60.280087, -120.488006 60.280133, -120.487955 60.280176, -120.487895 60.280216, -120.487826 60.280253, -120.487221 60.28054, -120.485739 60.281235, -120.485651 60.281271, -120.485555 60.281302, -120.485452 60.281326, -120.485344 60.281343, -120.485232 60.281354, -120.485119 60.281357, -120.485006 60.281353, -120.484894 60.281342, -120.484786 60.281324, -120.484683 60.2813, -120.484588 60.281269, -120.484501 60.281232, -120.484424 60.281191, -120.484358 60.281144, -120.484304 60.281094, -120.484263 60.281041, -120.484236 60.280986, -120.484223 60.28093, -120.484105 60.279768, -120.481712 60.277713, -120.480168 60.277469, -120.475927 60.279365, -120.475845 60.279398, -120.475755 60.279426, -120.47566 60.279448, -120.47556 60.279465, -120.475457 60.279475, -120.475352 60.27948, -120.475247 60.279478, -120.475143 60.279471, -120.475041 60.279457, -120.469941 60.278604, -120.466538 60.278907, -120.466191 60.279455, -120.466154 60.279504, -120.466107 60.27955, -120.466049 60.279592, -120.465982 60.279632, -120.450734 60.287566, -120.443333 60.297829, -120.452145 60.30563, -120.453474 60.306545, -120.455514 60.307602, -120.455582 60.307642, -120.455641 60.307686, -120.455689 60.307733, -120.455726 60.307782, -120.455751 60.307833, -120.455764 60.307885, -120.455765 60.307938, -120.455753 60.30799, -120.45573 60.308041, -120.455694 60.30809, -120.454214 60.309834, -120.454167 60.309882, -120.454108 60.309927, -120.454039 60.309968, -120.452345 60.31086, -120.452274 60.310894, -120.452197 60.310923, -120.452113 60.310948, -120.452025 60.310969, -120.451933 60.310984, -120.451838 60.310995, -120.449899 60.311155, -120.44968 60.311522, -120.450627 60.312624, -120.450663 60.312674, -120.450687 60.312725, -120.450699 60.312778, -120.450698 60.312831, -120.450685 60.312884, -120.450659 60.312936, -120.450622 60.312985, -120.449747 60.313961, -120.450429 60.316075, -120.450434 60.316091, -120.450948 60.318154, -120.457983 60.327865, -120.458833 60.328535, -120.460269 60.328372, -120.46282 60.327666, -120.462918 60.327643, -120.46302 60.327626, -120.463127 60.327615, -120.463235 60.32761, -120.463343 60.327612, -120.46345 60.32762, -120.463555 60.327635, -120.463655 60.327656, -120.463749 60.327683, -120.463836 60.327715, -120.463915 60.327752, -120.465559 60.328628, -120.467435 60.328193, -120.468112 60.326597, -120.468141 60.326545, -120.468182 60.326495, -120.468234 60.326448, -120.468298 60.326404, -120.468372 60.326365, -120.468455 60.32633, -120.468545 60.3263, -120.468642 60.326276, -120.468744 60.326258, -120.46885 60.326246, -120.468958 60.326241, -120.469066 60.326242, -120.469173 60.326249, -120.469278 60.326263, -120.469379 60.326283, -120.469474 60.326309, -120.469562 60.326341, -120.471393 60.327081, -120.471472 60.327117, -120.471542 60.327157, -120.471602 60.327202, -120.471651 60.327249, -120.471688 60.327299, -120.471713 60.327351, -120.471726 60.327404, -120.471726 60.327458, -120.471713 60.327511, -120.471688 60.327563, -120.470927 60.328802, -120.470873 60.328919, -120.470841 60.328974, -120.470795 60.329026, -120.470737 60.329074, -120.470667 60.329119, -120.470586 60.329159, -120.470496 60.329193, -120.470398 60.329222, -120.470293 60.329244, -120.470184 60.329259, -120.470072 60.329268, -120.468168 60.32935, -120.467896 60.329935, -120.469439 60.330914, -120.470416 60.331155, -120.47051 60.331181, -120.470596 60.331213, -120.470675 60.33125, -120.470743 60.331292, -120.470802 60.331337, -120.470849 60.331385, -120.470885 60.331436, -120.470908 60.331488, -120.470918 60.331542, -120.470915 60.331596, -120.4709 60.331649, -120.470872 60.331701, -120.470832 60.331751, -120.469993 60.332636, -120.469941 60.332683, -120.469878 60.332727, -120.469806 60.332766, -120.469724 60.332801, -120.469635 60.332831, -120.46675 60.333679, -120.466813 60.334519, -120.469301 60.334969, -120.469405 60.334991, -120.469502 60.33502, -120.469592 60.335055, -120.469672 60.335095, -120.469741 60.335139, -120.471633 60.336532, -120.471689 60.336579, -120.471733 60.336629, -120.471765 60.336682, -120.471783 60.336736, -120.471788 60.336791, -120.47178 60.336845, -120.471759 60.336899, -120.471724 60.336951, -120.471677 60.337001, -120.471619 60.337047, -120.469925 60.338222, -120.469879 60.338252, -120.469815 60.338285, -120.467664 60.339308, -120.467098 60.340577, -120.46749 60.340973, -120.468138 60.341332, -120.470923 60.340238, -120.471014 60.340206, -120.471111 60.340181, -120.471214 60.340161, -120.471321 60.340148, -120.471431 60.340142, -120.471541 60.340142, -120.47165 60.340149, -120.471757 60.340163, -120.47186 60.340183, -120.471957 60.340209, -120.472046 60.34024, -120.472128 60.340277, -120.4722 60.340319, -120.472261 60.340365, -120.47231 60.340414, -120.472348 60.340466, -120.472372 60.340519, -120.472383 60.340574, -120.47238 60.340629, -120.472189 60.341703, -120.472178 60.341744, -120.47216 60.341784, -120.472135 60.341822, -120.470853 60.343516, -120.470848 60.343523, -120.470547 60.343902, -120.470704 60.344685, -120.472897 60.3454, -120.474431 60.345071, -120.476571 60.344574, -120.476672 60.344554, -120.476777 60.34454, -120.476884 60.344533, -120.476992 60.344532, -120.4771 60.344538, -120.477206 60.34455, -120.477308 60.344568, -120.477405 60.344593, -120.477495 60.344623, -120.477577 60.344658, -120.477651 60.344698, -120.477714 60.344742, -120.477766 60.344789, -120.47979 60.344846, -120.480507 60.344666, -120.480519 60.343238, -120.479815 60.342035, -120.479133 60.341223, -120.479097 60.341172, -120.479074 60.34112, -120.479064 60.341066, -120.479066 60.341012, -120.479081 60.340959, -120.479109 60.340906, -120.47915 60.340856, -120.479202 60.340809, -120.479265 60.340765, -120.479338 60.340725, -120.47942 60.34069, -120.47951 60.34066, -120.479607 60.340636, -120.479708 60.340618, -120.481715 60.34032, -120.483153 60.339642, -120.483236 60.339607, -120.483327 60.339578, -120.483425 60.339554, -120.483527 60.339536, -120.483633 60.339525, -120.486432 60.339307, -120.487351 60.339133, -120.48746 60.339116, -120.487548 60.339108, -120.491082 60.338866, -120.491224 60.338477, -120.491247 60.338429, -120.491281 60.338382, -120.491325 60.338338, -120.491378 60.338296, -120.491441 60.338257, -120.491511 60.338222, -120.492725 60.337683, -120.495159 60.3365, -120.495244 60.336463, -120.495338 60.336432, -120.495439 60.336407, -120.495545 60.336389, -120.495655 60.336377, -120.495766 60.336372, -120.495879 60.336374, -120.49599 60.336384, -120.496097 60.336399, -120.4962 60.336422, -120.496297 60.33645, -120.496385 60.336485, -120.496465 60.336524, -120.496534 60.336569, -120.496591 60.336617, -120.496636 60.336668, -120.496668 60.336722, -120.496686 60.336777, -120.496691 60.336833, -120.496681 60.336889, -120.496436 60.337705, -120.496677 60.338381, -120.49669 60.338437, -120.496688 60.338494, -120.496672 60.33855, -120.496642 60.338605, -120.496599 60.338657, -120.495231 60.34005, -120.494839 60.341028, -120.494739 60.341818, -120.496624 60.343318, -120.496677 60.343368, -120.496718 60.34342, -120.496745 60.343475, -120.496758 60.34353, -120.496757 60.343587, -120.496743 60.343642, -120.496714 60.343697, -120.496672 60.343749, -120.495793 60.34467, -120.495744 60.344714, -120.495686 60.344755, -120.495619 60.344793, -120.493207 60.345999, -120.493265 60.347041, -120.493262 60.347093, -120.493247 60.347145, -120.49322 60.347195, -120.492476 60.348316, -120.493517 60.348439, -120.493597 60.34845, -120.493675 60.348465, -120.493749 60.348484, -120.494218 60.348614, -120.494307 60.348643, -120.494388 60.348676, -120.494461 60.348714, -120.494525 60.348757, -120.494578 60.348802, -120.494621 60.34885, -120.494652 60.348901, -120.49467 60.348953, -120.495005 60.350331, -120.497359 60.350196, -120.500132 60.350047, -120.500241 60.350044, -120.50035 60.350048, -120.500457 60.350059, -120.500561 60.350076, -120.500659 60.350099, -120.500752 60.350127, -120.500837 60.350162, -120.500913 60.350201, -120.500979 60.350244, -120.501034 60.350291, -120.501077 60.350341, -120.501108 60.350393, -120.501126 60.350447, -120.501131 60.350501, -120.501123 60.350555, -120.501102 60.350609, -120.501068 60.35066, -120.501022 60.35071, -120.500964 60.350756, -120.500895 60.350798, -120.500817 60.350836, -120.50073 60.350869, -120.500632 60.350902, -120.501425 60.351322, -120.503596 60.351965, -120.503686 60.351995, -120.503769 60.352031, -120.503842 60.352072, -120.503904 60.352116, -120.503956 60.352164, -120.503995 60.352215, -120.504022 60.352267, -120.504036 60.352321, -120.504037 60.352376, -120.504025 60.35243, -120.504 60.352483, -120.503962 60.352534, -120.503912 60.352582, -120.503851 60.352627, -120.503779 60.352668, -120.503698 60.352704, -120.503609 60.352736, -120.503513 60.352761, -120.503411 60.352781, -120.50254 60.35292, -120.503248 60.353746, -120.504517 60.353741, -120.504625 60.353743, -120.504732 60.353753, -120.504836 60.353768, -120.504936 60.35379, -120.505029 60.353818, -120.505115 60.35385, -120.505193 60.353888, -120.505261 60.353931, -120.505318 60.353977, -120.505364 60.354026, -120.505398 60.354077, -120.505924 60.355084, -120.50594 60.35512, -120.505951 60.355163, -120.50608 60.356003, -120.506083 60.356053, -120.506073 60.356103, -120.506053 60.356152, -120.506022 60.3562, -120.50598 60.356246, -120.505928 60.356289, -120.504568 60.357293, -120.50353 60.35879, -120.504064 60.359344, -120.504105 60.359395, -120.504134 60.359448, -120.50415 60.359502, -120.504152 60.359557, -120.504141 60.359611, -120.504117 60.359665, -120.503713 60.360359, -120.50368 60.360406, -120.503636 60.360451, -120.503583 60.360493, -120.503521 60.360532, -120.503451 60.360567, -120.503374 60.360599, -120.501305 60.361342, -120.5013 60.361941, -120.501294 60.361989, -120.501278 60.362037, -120.500789 60.363121, -120.500761 60.36317, -120.500723 60.363217, -120.500673 60.363261, -120.500614 60.363303, -120.500546 60.363341, -120.50047 60.363374, -120.500387 60.363404, -120.500297 60.363428, -120.500203 60.363448, -120.498873 60.363676, -120.498153 60.364215, -120.497844 60.364589, -120.497802 60.364634, -120.49775 60.364675, -120.49769 60.364714, -120.497621 60.364749, -120.497545 60.36478, -120.497463 60.364807, -120.497375 60.36483, -120.495563 60.36523, -120.496585 60.366163, -120.49737 60.366851, -120.498092 60.367273, -120.499254 60.367369, -120.499364 60.367381, -120.499469 60.3674, -120.499569 60.367426, -120.499662 60.367458, -120.499746 60.367495, -120.49982 60.367537, -120.499884 60.367583, -120.499935 60.367633, -120.499973 60.367686, -120.499999 60.36774, -120.50001 60.367796, -120.500007 60.367852, -120.49999 60.367907, -120.49996 60.367961, -120.499916 60.368013, -120.49986 60.368062, -120.499793 60.368106, -120.498555 60.368821, -120.498479 60.368859, -120.498395 60.368893, -120.498304 60.368922, -120.498206 60.368945, -120.498104 60.368962, -120.497998 60.368972, -120.497891 60.368977, -120.497783 60.368975, -120.495182 60.368847, -120.49405 60.369287, -120.493317 60.370207, -120.493273 60.370254, -120.493219 60.370298, -120.492213 60.371021, -120.491956 60.371519, -120.491952 60.371525, -120.491581 60.372204, -120.491795 60.372532, -120.493615 60.373755, -120.493674 60.3738, -120.493722 60.373849, -120.493758 60.3739, -120.493781 60.373953, -120.493792 60.374006, -120.49379 60.37406, -120.493774 60.374114, -120.493746 60.374166, -120.493705 60.374216, -120.493653 60.374264, -120.49359 60.374308, -120.493517 60.374347, -120.493434 60.374383, -120.493344 60.374413, -120.491893 60.374834, -120.490573 60.375367, -120.491568 60.376011, -120.491627 60.376054, -120.491676 60.376101, -120.491714 60.37615, -120.49174 60.376201, -120.491753 60.376254, -120.491755 60.376306, -120.491744 60.376359, -120.49172 60.37641, -120.491685 60.37646, -120.491638 60.376507, -120.491581 60.376552, -120.491514 60.376592, -120.490339 60.377222, -120.490261 60.377258, -120.490176 60.37729, -120.490084 60.377317, -120.489986 60.377338, -120.489884 60.377353, -120.489779 60.377362, -120.489673 60.377365, -120.489567 60.377362, -120.489462 60.377352, -120.487872 60.377158, -120.485617 60.377772, -120.485535 60.377791, -120.48545 60.377807, -120.481407 60.37843, -120.481333 60.378463, -120.481253 60.378492, -120.481167 60.378517, -120.481075 60.378536, -120.480981 60.37855, -120.480883 60.378559, -120.480784 60.378563, -120.48029 60.378568, -120.480388 60.37886, -120.481184 60.379334, -120.481249 60.379378, -120.481302 60.379425, -120.481344 60.379475, -120.481374 60.379526, -120.481391 60.37958, -120.481395 60.379634, -120.481386 60.379687, -120.481364 60.37974, -120.48133 60.379792, -120.481283 60.37984, -120.481226 60.379886, -120.481157 60.379928, -120.481079 60.379965, -120.480993 60.379998, -120.4809 60.380025, -120.4808 60.380047, -120.480288 60.38014, -120.476863 60.381799, -120.477163 60.382662, -120.480801 60.384622, -120.485161 60.384477, -120.485269 60.384476, -120.485375 60.384482, -120.48548 60.384494, -120.48558 60.384512, -120.485676 60.384537, -120.485765 60.384566, -120.485847 60.384601, -120.48592 60.38464, -120.485983 60.384683, -120.486035 60.38473, -120.486076 60.384779, -120.486105 60.384831, -120.487127 60.387192, -120.487144 60.387246, -120.487147 60.387301, -120.487137 60.387355, -120.487114 60.387408, -120.485924 60.389533, -120.485895 60.389577, -120.485857 60.389619, -120.48581 60.389659, -120.485755 60.389696, -120.485693 60.38973, -120.483416 60.390865, -120.482272 60.392434, -120.482227 60.392486, -120.48217 60.392534, -120.482101 60.392578, -120.482022 60.392617, -120.481934 60.392652, -120.481838 60.39268, -120.481736 60.392703, -120.481629 60.392719, -120.481518 60.392728, -120.481407 60.392731, -120.481295 60.392726, -120.478758 60.392545, -120.470083 60.395491, -120.470012 60.395513, -120.469937 60.395531, -120.469859 60.395546, -120.468478 60.395775, -120.468378 60.395788, -120.468276 60.395796, -120.468172 60.395798, -120.468069 60.395794, -120.465654 60.395627, -120.464536 60.396099, -120.46445 60.396131, -120.464357 60.396158, -120.464258 60.396179, -120.464155 60.396194, -120.464049 60.396203, -120.463942 60.396206, -120.463835 60.396202, -120.46373 60.396192, -120.463627 60.396176, -120.459326 60.395353, -120.457437 60.396282, -120.457411 60.396295, -120.457395 60.396302, -120.455594 60.39708, -120.455512 60.397112, -120.455423 60.397138, -120.455329 60.39716, -120.455231 60.397176, -120.455129 60.397186, -120.455026 60.39719, -120.45307 60.397217, -120.448588 60.397334, -120.443209 60.397615, -120.443195 60.397616, -120.372912 60.400698, -120.372806 60.4007, -120.372701 60.400695, -120.372598 60.400684, -120.372497 60.400668, -120.372402 60.400645, -120.372312 60.400617, -120.372229 60.400584, -120.372155 60.400547, -120.369278 60.398918, -120.369251 60.398902, -120.369204 60.39887, -120.334991 60.373177, -120.333906 60.372395, -120.333863 60.372362, -120.333827 60.372326, -120.333797 60.372289, -120.332932 60.371073, -120.331759 60.371144, -120.331646 60.371147, -120.331533 60.371144, -120.331422 60.371133, -120.331315 60.371115, -120.331213 60.371091, -120.331118 60.371061, -120.331031 60.371025, -120.330954 60.370984, -120.330887 60.370938, -120.330833 60.370889, -120.330791 60.370837, -120.330763 60.370782, -120.330749 60.370726, -120.330748 60.37067, -120.330762 60.370614, -120.33079 60.370559, -120.330831 60.370507, -120.330885 60.370458, -120.330951 60.370412, -120.331439 60.370114, -120.331452 60.370106, -120.331532 60.370066, -120.33222 60.369756, -120.335942 60.359497, -120.33596 60.359458, -120.335985 60.359419, -120.337999 60.356735, -120.327962 60.351494, -120.318857 60.355156, -120.318773 60.355186, -120.318682 60.355211, -120.318586 60.355231, -120.318486 60.355245, -120.318383 60.355253, -120.31828 60.355255, -120.318176 60.355252, -120.318074 60.355242, -120.317975 60.355227, -120.31788 60.355206, -120.31779 60.35518, -120.315082 60.354279, -120.314995 60.354247, -120.314916 60.354209, -120.314848 60.354166, -120.31479 60.35412, -120.314743 60.354071, -120.314709 60.354019, -120.314688 60.353966, -120.31468 60.353912, -120.314685 60.353857, -120.314703 60.353803, -120.314734 60.353751, -120.314777 60.353701, -120.314832 60.353654, -120.314898 60.353611, -120.319748 60.350813, -120.324633 60.343993, -120.324314 60.335616, -120.31912 60.33174, -120.319065 60.331693, -120.319022 60.331643, -120.318991 60.33159, -120.318973 60.331537, -120.318968 60.331482, -120.318976 60.331428, -120.318998 60.331374, -120.319032 60.331323, -120.323721 60.325456, -120.316753 60.320749, -120.30921 60.320839, -120.309097 60.320837, -120.308985 60.320827, -120.308877 60.320811, -120.308773 60.320788, -120.308676 60.320759, -120.308587 60.320724, -120.308508 60.320684, -120.308439 60.320639, -120.308382 60.32059, -120.308338 60.320538, -120.308307 60.320484, -120.30829 60.320428, -120.308288 60.320371, -120.308299 60.320315, -120.309024 60.318133, -120.30905 60.318078, -120.309089 60.318025, -120.309142 60.317974, -120.309206 60.317927, -120.310831 60.316901, -120.310907 60.316859, -120.310993 60.316822, -120.311087 60.316791, -120.311189 60.316766, -120.311296 60.316747, -120.311407 60.316735, -120.31152 60.31673, -120.311633 60.316733, -120.313621 60.316837, -120.321142 60.316881, -120.32324 60.315953, -120.324801 60.311478, -120.324713 60.310702, -120.32305 60.309408, -120.321039 60.309368, -120.320947 60.309364, -120.320925 60.309362, -120.319346 60.309228, -120.319237 60.309216, -120.319132 60.309196, -120.319032 60.30917, -120.31894 60.309139, -120.318856 60.309102, -120.318782 60.309059, -120.31872 60.309013, -120.316164 60.306846, -120.316157 60.306841, -120.312169 60.303349, -120.282691 60.298809, -120.272079 60.30575, -120.272019 60.305785, -120.271953 60.305817, -120.271881 60.305846, -120.271803 60.30587, -120.260841 60.308937, -120.238584 60.32092, -120.238558 60.320934, -120.205371 60.337348, -120.192524 60.351208, -120.191441 60.352534, -120.191395 60.352581, -120.191339 60.352626, -120.191272 60.352667, -120.191196 60.352704, -120.191113 60.352736, -120.184549 60.354961, -120.184687 60.359712, -120.184682 60.359766, -120.184665 60.359819, -120.184634 60.35987, -120.184592 60.35992, -120.184538 60.359966, -120.184474 60.360009, -120.184399 60.360048, -120.184316 60.360082, -120.184225 60.360111, -120.172058 60.363503, -120.174618 60.367888, -120.175304 60.369043, -120.175325 60.369084, -120.178639 60.37749, -120.187974 60.384396, -120.188028 60.384441, -120.188071 60.384489, -120.188102 60.384538, -120.188121 60.38459, -120.188129 60.384642, -120.188124 60.384694, -120.188107 60.384746, -120.188078 60.384796, -120.186688 60.386747, -120.186647 60.386796, -120.186598 60.386839, -120.174809 60.396031, -120.175038 60.396996, -120.175045 60.397045, -120.17504 60.397095, -120.175024 60.397144, -120.172514 60.402852, -120.172486 60.402901, -120.172448 60.402948, -120.172399 60.402993, -120.17234 60.403035, -120.172273 60.403073, -120.172197 60.403107, -120.171054 60.403564, -120.157469 60.421432, -120.156588 60.424848, -120.158592 60.426307, -120.162575 60.426055, -120.162687 60.426052, -120.162799 60.426055, -120.162909 60.426065, -120.163016 60.426082, -120.163118 60.426106, -120.163213 60.426135, -120.163301 60.42617, -120.163378 60.42621, -120.163445 60.426255, -120.163501 60.426304, -120.163544 60.426355, -120.163574 60.426409, -120.16359 60.426464, -120.163593 60.42652, -120.163582 60.426576, -120.163557 60.42663, -120.163518 60.426682, -120.162982 60.427294, -120.163538 60.431054, -120.163539 60.431109, -120.163527 60.431164, -120.163502 60.431218, -120.163463 60.431269, -120.163413 60.431318, -120.16335 60.431364, -120.163277 60.431405, -120.163195 60.431442, -120.163104 60.431473, -120.163006 60.431498, -120.162902 60.431518, -120.162795 60.431531, -120.162685 60.431537, -120.162575 60.431537, -120.162465 60.43153, -120.162358 60.431516, -120.162255 60.431496, -120.158516 60.430632, -120.154593 60.430208, -120.15454 60.430201, -120.145671 60.428938, -120.145572 60.428921, -120.145477 60.428898, -120.145388 60.428869, -120.145307 60.428836, -120.145234 60.428798, -120.14517 60.428757, -120.145116 60.428712, -120.139814 60.423604, -120.139792 60.423581, -120.139782 60.42357, -120.130669 60.412623, -120.122766 60.406172, -120.118725 60.403167, -120.118675 60.403124, -120.118634 60.40308, -120.118603 60.403033, -120.118583 60.402985, -120.118573 60.402936, -120.118574 60.402887, -120.118586 60.402838, -120.119001 60.401662, -120.118677 60.400757, -120.11505 60.397729, -120.112675 60.397171, -120.078279 60.399009, -120.075204 60.408924, -120.07518 60.408978, -120.075143 60.409031, -120.075093 60.40908, -120.075032 60.409127, -120.074959 60.409169, -120.074877 60.409206, -120.074786 60.409238, -120.074688 60.409265, -120.074584 60.409285, -120.074476 60.409298, -120.074366 60.409305, -120.074254 60.409305, -120.074144 60.409298, -120.074036 60.409284, -120.073932 60.409264, -120.073834 60.409238, -120.066456 60.406957, -120.066373 60.406928, -120.066296 60.406894, -120.066228 60.406857, -120.066169 60.406815, -120.06612 60.406771, -120.06608 60.406724, -120.066052 60.406676, -120.066035 60.406626, -120.062777 60.392476, -120.045004 60.384324, -120.039514 60.384097, -120.039405 60.384089, -120.039299 60.384074, -120.039197 60.384054, -120.039101 60.384027, -120.039012 60.383994, -120.038931 60.383957, -120.038861 60.383914, -120.038801 60.383868, -120.038753 60.383819, -120.038718 60.383767, -120.038336 60.383073, -120.038315 60.383023, -120.038305 60.382973, -120.038306 60.382923, -120.038986 60.377968, -120.032104 60.375853, -120.032023 60.375825, -120.031948 60.375792, -120.031881 60.375756, -120.031823 60.375717, -120.031773 60.375674, -120.031733 60.375629, -120.028566 60.371478, -120.019528 60.370148, -120.018326 60.370289, -120.018227 60.370297, -120.017547 60.370338, -120.01717 60.371376, -120.017146 60.371426, -120.01711 60.371474, -120.017064 60.37152, -120.017008 60.371563, -120.016942 60.371603, -120.016868 60.371638, -120.016786 60.371669, -120.016697 60.371696, -120.014816 60.372181, -120.014437 60.372807, -120.0144 60.372858, -120.01435 60.372906, -120.014289 60.372951, -120.014218 60.372992, -120.014137 60.373028, -120.014048 60.37306, -120.013952 60.373085, -120.013851 60.373105, -120.013746 60.373119, -120.013638 60.373126, -120.013529 60.373127, -120.013421 60.373121, -120.013315 60.373108, -120.013212 60.37309, -120.010166 60.372429, -120.006135 60.371993, -120.001902 60.371949, -119.999504 60.371979, -119.999414 60.371978, -119.999324 60.371972, -119.999236 60.371962, -119.995786 60.371474, -119.995757 60.371469, -119.994086 60.371202, -119.993981 60.371181, -119.993881 60.371154, -119.993789 60.371121, -119.993706 60.371083, -119.993633 60.371039, -119.992838 60.370497, -119.990898 60.370244, -119.9908 60.370228, -119.990705 60.370206, -119.990616 60.37018, -119.990534 60.370148, -119.99046 60.370112, -119.990395 60.370072, -119.989197 60.369244, -119.989138 60.369198, -119.989091 60.369148, -119.989057 60.369096, -119.989035 60.369043, -119.989026 60.368988, -119.989003 60.368317, -119.989007 60.368266, -119.989023 60.368216, -119.98905 60.368166, -119.989087 60.368119, -119.989966 60.367177, -119.9886 60.366211, -119.987368 60.36597, -119.985041 60.366266, -119.984929 60.366276, -119.984815 60.36628, -119.984702 60.366276, -119.98459 60.366265, -119.984482 60.366247, -119.984379 60.366223, -119.984283 60.366192, -119.984196 60.366156, -119.984118 60.366114, -119.984052 60.366068, -119.983998 60.366018, -119.983957 60.365965, -119.983929 60.36591, -119.983738 60.365388, -119.98117 60.364182, -119.980106 60.364126, -119.980009 60.364118, -119.979915 60.364105, -119.979824 60.364087, -119.979737 60.364064, -119.979656 60.364037, -119.979581 60.364005, -119.979513 60.363969, -119.977377 60.362714, -119.956707 60.353372, -119.956641 60.353339, -119.956581 60.353302, -119.945324 60.345503, -119.920764 60.339983, -119.920664 60.339957, -119.920571 60.339925, -119.920488 60.339887, -119.920414 60.339844, -119.920352 60.339796, -119.920302 60.339746, -119.920265 60.339692, -119.920242 60.339637, -119.91946 60.336915, -119.919435 60.336907, -119.90887 60.338222, -119.90619 60.342192, -119.90615 60.342241, -119.906099 60.342288, -119.906038 60.342331, -119.905967 60.34237, -119.905887 60.342405, -119.9058 60.342434, -119.905706 60.342459, -119.905608 60.342478, -119.905505 60.342491, -119.902172 60.342811, -119.900695 60.343264, -119.900613 60.343286, -119.900526 60.343304, -119.900437 60.343318, -119.895828 60.343878, -119.895726 60.343888, -119.895622 60.343891, -119.895518 60.343889, -119.895415 60.34388, -119.895315 60.343866, -119.895219 60.343846, -119.895128 60.34382, -119.895044 60.343789, -119.894967 60.343754, -119.88863 60.342093, -119.885029 60.343781, -119.884136 60.345789, -119.884106 60.345841, -119.884064 60.345891, -119.884011 60.345938, -119.883947 60.345981, -119.883872 60.34602, -119.883789 60.346055, -119.883698 60.346084, -119.883601 60.346108, -119.883499 60.346125, -119.883394 60.346137, -119.883286 60.346142, -119.883178 60.34614, -119.883071 60.346132, -119.882967 60.346118, -119.88177 60.345917, -119.880829 60.346194, -119.880377 60.346479, -119.880318 60.346512, -119.880253 60.346542, -119.880183 60.346569, -119.880107 60.346593, -119.878139 60.347138, -119.878041 60.347162, -119.877938 60.347179, -119.877831 60.34719, -119.877723 60.347195, -119.877614 60.347193, -119.877507 60.347184, -119.877402 60.347169, -119.877302 60.347148, -119.854452 60.341529, -119.854373 60.341507, -119.854299 60.341482, -119.85423 60.341452, -119.854168 60.34142, -119.839382 60.332875, -119.83932 60.332835, -119.839268 60.332791, -119.839226 60.332745, -119.839194 60.332697, -119.839173 60.332648, -119.839164 60.332597, -119.839166 60.332547, -119.839179 60.332496, -119.83992 60.330553, -119.836729 60.327635, -119.832372 60.327331, -119.829699 60.328149, -119.823595 60.331027, -119.823507 60.331064, -119.823411 60.331094, -119.823308 60.331118, -119.823199 60.331136, -119.823087 60.331147, -119.819608 60.331364, -119.819498 60.331368, -119.819387 60.331364, -119.819278 60.331354, -119.819173 60.331338, -119.819072 60.331315, -119.818977 60.331286, -119.818891 60.331251, -119.816671 60.330248, -119.816603 60.330214, -119.816543 60.330177, -119.811744 60.326839, -119.811684 60.326791, -119.811637 60.32674, -119.811603 60.326686, -119.811582 60.326631, -119.811575 60.326575, -119.811583 60.326519, -119.811604 60.326463, -119.811639 60.32641, -119.811687 60.326359, -119.811748 60.326311, -119.81182 60.326268, -119.811902 60.326229, -119.811993 60.326196, -119.812092 60.326169, -119.812197 60.326148, -119.812306 60.326134, -119.812418 60.326127, -119.812531 60.326127, -119.812643 60.326134, -119.812752 60.326147, -119.812857 60.326168, -119.812956 60.326195, -119.813048 60.326228, -119.814833 60.326956, -119.814871 60.326972, -119.818347 60.328557, -119.820832 60.329355, -119.822926 60.329077, -119.824729 60.327303, -119.824573 60.326147, -119.822299 60.324664, -119.820569 60.32445, -119.820465 60.324434, -119.820365 60.324411, -119.820272 60.324383, -119.820186 60.324349, -119.817989 60.323372, -119.817918 60.323337, -119.817856 60.323299, -119.817802 60.323257, -119.817758 60.323212, -119.817725 60.323166, -119.817701 60.323118, -119.817689 60.323068, -119.817345 60.320669, -119.817344 60.320616, -119.817355 60.320562, -119.817379 60.320511, -119.817415 60.32046, -119.817463 60.320413, -119.818546 60.31947, -119.818595 60.319432, -119.818652 60.319397, -119.818715 60.319364, -119.820592 60.318495, -119.822991 60.316722, -119.824409 60.315679, -119.819134 60.311464, -119.814482 60.310981, -119.812783 60.310817, -119.81139 60.31105, -119.811287 60.311064, -119.811181 60.311072, -119.811073 60.311073, -119.810967 60.311068, -119.810862 60.311057, -119.81076 60.311039, -119.803218 60.309486, -119.803123 60.309463, -119.803033 60.309434, -119.802951 60.3094, -119.802878 60.309362, -119.802814 60.309319, -119.802761 60.309273, -119.802719 60.309225, -119.802689 60.309174, -119.80267 60.309122, -119.802665 60.309069, -119.802671 60.309016, -119.80269 60.308963, -119.802722 60.308913, -119.802765 60.308864, -119.804098 60.307573, -119.803411 60.305632, -119.803409 60.305627, -119.8034 60.305587, -119.802972 60.302741, -119.802971 60.302687, -119.802983 60.302632, -119.803008 60.302579, -119.803046 60.302527, -119.803096 60.302478, -119.803157 60.302433, -119.803229 60.302392, -119.803311 60.302355, -119.804582 60.301267, -119.804245 60.300557, -119.804229 60.300512, -119.804222 60.300467, -119.804223 60.300421, -119.804235 60.300376, -119.805104 60.297881, -119.805128 60.29783, -119.805164 60.297781, -119.805211 60.297734, -119.805268 60.29769, -119.805335 60.29765, -119.805411 60.297614, -119.805495 60.297583, -119.805585 60.297557, -119.805681 60.297536, -119.808055 60.2971, -119.808253 60.296036, -119.808257 60.29602, -119.808597 60.294694, -119.806865 60.293329, -119.803046 60.291185, -119.802983 60.291146, -119.802929 60.291103, -119.802885 60.291057, -119.802852 60.291009, -119.80283 60.29096, -119.802819 60.290909, -119.802819 60.290859, -119.802831 60.290808, -119.802854 60.290759, -119.8038 60.289149, -119.803835 60.2891, -119.803881 60.289054, -119.803937 60.28901, -119.804003 60.28897, -119.804078 60.288935, -119.80416 60.288903, -119.804249 60.288877, -119.804344 60.288855, -119.804443 60.28884, -119.804544 60.28883, -119.807855 60.288607, -119.810704 60.288104, -119.81081 60.288089, -119.810918 60.28808, -119.811027 60.288078, -119.811136 60.288083, -119.811243 60.288094, -119.811347 60.288112, -119.811445 60.288136, -119.811537 60.288165, -119.811621 60.2882, -119.811696 60.28824, -119.811761 60.288284, -119.811815 60.288332, -119.811857 60.288382, -119.811886 60.288435, -119.811902 60.288489, -119.811905 60.288544, -119.811895 60.288598, -119.811871 60.288652, -119.811835 60.288703, -119.811786 60.288752, -119.811726 60.288798, -119.811656 60.28884, -119.810513 60.289437, -119.810318 60.290422, -119.812551 60.290778, -119.815135 60.290967, -119.815244 60.290979, -119.815349 60.290997, -119.815449 60.291021, -119.815542 60.291052, -119.815627 60.291088, -119.815702 60.291128, -119.815766 60.291174, -119.816567 60.291814, -119.818823 60.291494, -119.818904 60.291485, -119.818986 60.291479, -119.819069 60.291477, -119.82087 60.291477, -119.820971 60.29148, -119.821071 60.291488, -119.821168 60.291503, -119.821262 60.291522, -119.821351 60.291547, -119.822571 60.291932, -119.822628 60.291951, -119.824177 60.292527, -119.824261 60.292563, -119.824335 60.292603, -119.824399 60.292647, -119.824452 60.292695, -119.824493 60.292746, -119.825225 60.293837, -119.826925 60.29419, -119.827021 60.294214, -119.827111 60.294243, -119.827193 60.294277, -119.827267 60.294316, -119.82733 60.294359, -119.827384 60.294405, -119.827425 60.294455, -119.827455 60.294506, -119.827472 60.294559, -119.82775 60.295891, -119.831452 60.295943, -119.8331 60.295794, -119.83922 60.291286, -119.839229 60.291279, -119.840172 60.290611, -119.839181 60.289549, -119.836495 60.28886, -119.83641 60.288836, -119.836332 60.288807, -119.83626 60.288773, -119.836196 60.288736, -119.83614 60.288696, -119.834205 60.28713, -119.832497 60.286968, -119.832398 60.286956, -119.832302 60.286938, -119.832211 60.286915, -119.832126 60.286887, -119.832047 60.286854, -119.831977 60.286817, -119.82952 60.285367, -119.829458 60.285326, -119.829406 60.285282, -119.829365 60.285234, -119.829334 60.285185, -119.829315 60.285135, -119.829055 60.284147, -119.829048 60.284094, -119.829052 60.284042, -119.829069 60.28399, -119.829098 60.283939, -119.829139 60.283891, -119.82919 60.283845, -119.829252 60.283803, -119.831595 60.282375, -119.833852 60.280039, -119.833892 60.280003, -119.833938 60.279968, -119.833991 60.279936, -119.834617 60.279585, -119.834627 60.279579, -119.836016 60.278827, -119.836086 60.278793, -119.836162 60.278764, -119.836245 60.278738, -119.836333 60.278717, -119.836425 60.278701, -119.83652 60.27869, -119.839137 60.278456, -119.841019 60.278003, -119.842647 60.276655, -119.840523 60.276048, -119.840426 60.276015, -119.840338 60.275977, -119.838231 60.27492, -119.834252 60.275103, -119.832631 60.275479, -119.832526 60.275499, -119.832416 60.275513, -119.832304 60.27552, -119.83219 60.275519, -119.832078 60.275512, -119.831969 60.275498, -119.831864 60.275476, -119.831765 60.275449, -119.831674 60.275415, -119.831592 60.275376, -119.831521 60.275333, -119.831461 60.275285, -119.831413 60.275233, -119.831379 60.275179, -119.831191 60.274803, -119.829287 60.272964, -119.828376 60.272562, -119.828301 60.272525, -119.828236 60.272484, -119.82818 60.272439, -119.828136 60.272391, -119.828102 60.272341, -119.828081 60.27229, -119.828072 60.272237, -119.828075 60.272185, -119.82809 60.272133, -119.828439 60.271295, -119.828 60.270351, -119.826975 60.270229, -119.825216 60.271295, -119.824449 60.271933, -119.824391 60.271976, -119.824323 60.272016, -119.824247 60.272051, -119.824163 60.272081, -119.824072 60.272106, -119.823976 60.272126, -119.823877 60.272141, -119.823774 60.272149, -119.823671 60.272152, -119.823567 60.272149, -119.823465 60.272139, -119.821 60.271841, -119.818166 60.271993, -119.817685 60.272023, -119.817595 60.272026, -119.817505 60.272025, -119.817415 60.272019, -119.817327 60.272009, -119.815861 60.271799, -119.815755 60.27178, -119.815654 60.271755, -119.815561 60.271723, -119.815476 60.271686, -119.811803 60.269868, -119.808842 60.270051, -119.808735 60.270054, -119.808628 60.270051, -119.808522 60.270042, -119.80842 60.270026, -119.808322 60.270005, -119.808229 60.269978, -119.808144 60.269945, -119.808067 60.269908, -119.808 60.269866, -119.807943 60.269821, -119.807897 60.269773, -119.807862 60.269722, -119.80784 60.26967, -119.807831 60.269616, -119.807834 60.269563, -119.80814 60.267951, -119.808156 60.2679, -119.808183 60.26785, -119.808222 60.267801, -119.808272 60.267756, -119.808332 60.267713, -119.808402 60.267674, -119.80848 60.26764, -119.808566 60.26761, -119.811248 60.266788, -119.811183 60.266094, -119.809435 60.265264, -119.808042 60.264987, -119.806171 60.265663, -119.806265 60.266306, -119.806266 60.266362, -119.806253 60.266418, -119.806226 60.266473, -119.806185 60.266526, -119.806132 60.266575, -119.806067 60.266621, -119.80599 60.266663, -119.805904 60.266699, -119.80581 60.26673, -119.805708 60.266755, -119.805601 60.266773, -119.805491 60.266784, -119.805378 60.266789, -119.805266 60.266786, -119.805154 60.266776, -119.805047 60.266759, -119.804944 60.266736, -119.804848 60.266706, -119.80476 60.266671, -119.804681 60.26663, -119.804614 60.266585, -119.804558 60.266536, -119.804515 60.266484, -119.803711 60.26531, -119.80081 60.265058, -119.800707 60.265046, -119.800607 60.265027, -119.800512 60.265003, -119.800423 60.264974, -119.800342 60.26494, -119.80027 60.264901, -119.800207 60.264858, -119.800155 60.264811, -119.800114 60.264762, -119.799122 60.263339, -119.799095 60.263291, -119.799078 60.263241, -119.799072 60.263191, -119.799072 60.262428, -119.799078 60.262376, -119.799097 60.262324, -119.799222 60.262061, -119.797975 60.260468, -119.797943 60.260419, -119.797922 60.260368, -119.797913 60.260317, -119.797916 60.260266, -119.79793 60.260215, -119.797956 60.260165, -119.797994 60.260117, -119.798041 60.260071, -119.798099 60.260029, -119.798902 60.259507, -119.798879 60.258225, -119.797066 60.257665, -119.796974 60.257633, -119.796892 60.257595, -119.796819 60.257553, -119.796758 60.257506, -119.796708 60.257456, -119.796672 60.257403, -119.796648 60.257348, -119.796639 60.257292, -119.796643 60.257237, -119.796662 60.257181, -119.796693 60.257128, -119.796738 60.257076, -119.796795 60.257028, -119.796864 60.256984, -119.796943 60.256945, -119.797032 60.25691, -119.797128 60.256882, -119.79723 60.256859, -119.797338 60.256843, -119.797448 60.256834, -119.79756 60.256832, -119.798217 60.25684, -119.798226 60.25684, -119.799453 60.256861, -119.801196 60.256237, -119.801255 60.256218, -119.801318 60.2562, -119.803128 60.255749, -119.803279 60.254773, -119.803295 60.25472, -119.803323 60.254667, -119.803363 60.254617, -119.803416 60.25457, -119.803479 60.254526, -119.803553 60.254486, -119.803635 60.254451, -119.803725 60.254421, -119.803822 60.254396, -119.803924 60.254378, -119.80403 60.254366, -119.807562 60.254075, -119.809619 60.252455, -119.809665 60.252423, -119.809717 60.252392, -119.809773 60.252364, -119.811562 60.25155, -119.811648 60.251516, -119.811743 60.251487, -119.811844 60.251464, -119.81195 60.251447, -119.812059 60.251437, -119.812169 60.251434, -119.81228 60.251438, -119.812389 60.251448, -119.812494 60.251466, -119.812595 60.251489, -119.812689 60.251519, -119.812775 60.251554, -119.813377 60.251831, -119.814934 60.252225, -119.816571 60.251764, -119.816426 60.250621, -119.81582 60.249941, -119.806941 60.244705, -119.805112 60.24447, -119.805013 60.244454, -119.804918 60.244432, -119.804829 60.244406, -119.804746 60.244374, -119.804672 60.244337, -119.804606 60.244297, -119.804018 60.243889, -119.803961 60.243843, -119.803915 60.243795, -119.80264 60.242222, -119.799891 60.240959, -119.799815 60.240919, -119.799749 60.240876, -119.799694 60.240828, -119.799651 60.240778, -119.799621 60.240725, -119.799603 60.240671, -119.7996 60.240616, -119.799609 60.240561, -119.799632 60.240508, -119.799667 60.240456, -119.799715 60.240407, -119.799774 60.24036, -119.799844 60.240318, -119.799924 60.240281, -119.800013 60.240248, -119.80231 60.23951, -119.803169 60.238429, -119.803453 60.237904, -119.803488 60.237852, -119.803535 60.237803, -119.803593 60.237757, -119.803663 60.237715, -119.803741 60.237678, -119.803829 60.237645, -119.803923 60.237618, -119.804024 60.237597, -119.804129 60.237582, -119.804236 60.237574, -119.804345 60.237572, -119.804454 60.237577, -119.80456 60.237588, -119.804663 60.237605, -119.804761 60.237629, -119.804853 60.237659, -119.804937 60.237693, -119.805012 60.237733, -119.805076 60.237777, -119.805773 60.238315, -119.807377 60.2381, -119.807698 60.237603, -119.807247 60.234874, -119.807244 60.234822, -119.807254 60.234771, -119.807274 60.234721, -119.807306 60.234672, -119.807349 60.234626, -119.807402 60.234582, -119.807465 60.234541, -119.807536 60.234505, -119.807615 60.234472, -119.807702 60.234444, -119.809891 60.233826, -119.809919 60.233819, -119.809983 60.233804, -119.811968 60.233384, -119.814243 60.231298, -119.814251 60.230935, -119.811418 60.229771, -119.811348 60.229739, -119.811285 60.229704, -119.811229 60.229665, -119.811183 60.229623, -119.811145 60.22958, -119.810562 60.22879, -119.809313 60.228203, -119.809236 60.228162, -119.809169 60.228116, -119.809115 60.228066, -119.809073 60.228014, -119.809045 60.227959, -119.80874 60.227154, -119.808727 60.227107, -119.808725 60.22706, -119.808732 60.227012, -119.808749 60.226966, -119.809061 60.226306, -119.809088 60.22626, -119.809095 60.226251, -119.809271 60.226018, -119.809309 60.225975, -119.809356 60.225933, -119.809412 60.225895, -119.809475 60.225859, -119.809546 60.225828, -119.809623 60.2258, -119.811995 60.225029, -119.812094 60.225001, -119.812199 60.22498, -119.814266 60.224633, -119.81435 60.224621, -119.81446 60.224612, -119.816188 60.224523, -119.817065 60.223876, -119.817433 60.223514, -119.817612 60.222471, -119.817132 60.22189, -119.817097 60.22184, -119.817075 60.221788, -119.817064 60.221736, -119.817066 60.221683, -119.81708 60.221631, -119.817107 60.22158, -119.817145 60.22153, -119.817195 60.221484, -119.817255 60.22144, -119.818846 60.220423, -119.820593 60.218768, -119.820714 60.218117, -119.82073 60.218065, -119.820757 60.218015, -119.820796 60.217967, -119.820846 60.217921, -119.820906 60.217878, -119.822814 60.21668, -119.822879 60.216644, -119.822952 60.216611, -119.823031 60.216582, -119.824101 60.216238, -119.825248 60.214875, -119.82517 60.214129, -119.824198 60.213189, -119.821772 60.213435, -119.821666 60.213442, -119.821559 60.213443, -119.821452 60.213438, -119.821347 60.213426, -119.821246 60.213409, -119.821149 60.213385, -119.821059 60.213356, -119.820977 60.213321, -119.820904 60.213282, -119.82084 60.213239, -119.820787 60.213192, -119.819894 60.21228, -119.819853 60.212231, -119.819824 60.212179, -119.819807 60.212127, -119.819803 60.212073, -119.819811 60.21202, -119.819832 60.211967, -119.819865 60.211917, -119.81991 60.211868, -119.819967 60.211823, -119.820033 60.211781, -119.820982 60.211252, -119.821122 60.210698, -119.821142 60.210644, -119.821175 60.210592, -119.821221 60.210542, -119.821278 60.210496, -119.821346 60.210453, -119.821424 60.210415, -119.82151 60.210382, -119.821604 60.210354, -119.821704 60.210332, -119.823617 60.209981, -119.825356 60.209563, -119.825427 60.209547, -119.825501 60.209535, -119.825576 60.209526, -119.82662 60.209427, -119.828803 60.208126, -119.828871 60.20809, -119.828946 60.208058, -119.830498 60.207467, -119.828843 60.206296, -119.827407 60.206228, -119.827299 60.20622, -119.827194 60.206205, -119.827094 60.206184, -119.826999 60.206157, -119.826912 60.206124, -119.826833 60.206086, -119.826764 60.206044, -119.826705 60.205998, -119.826658 60.205949, -119.826624 60.205897, -119.826602 60.205843, -119.826593 60.205789, -119.826598 60.205734, -119.826615 60.205681, -119.826646 60.205628, -119.826689 60.205578, -119.826743 60.205531, -119.826809 60.205487, -119.826885 60.205448, -119.826969 60.205414, -119.827779 60.205124, -119.827689 60.204016, -119.826805 60.203744, -119.825138 60.203899, -119.82503 60.203906, -119.824921 60.203906, -119.824812 60.2039, -119.824706 60.203886, -119.824604 60.203867, -119.824507 60.203841, -119.824417 60.20381, -119.824335 60.203774, -119.824263 60.203732, -119.824202 60.203687, -119.824152 60.203638, -119.824114 60.203587, -119.824089 60.203534, -119.824076 60.203479, -119.824078 60.203425, -119.824092 60.20337, -119.82412 60.203317, -119.82416 60.203266, -119.824212 60.203218, -119.824276 60.203174, -119.824897 60.202789, -119.824781 60.202389, -119.824106 60.201798, -119.82169 60.202052, -119.821152 60.202178, -119.821055 60.202198, -119.820954 60.202211, -119.820851 60.202219, -119.820747 60.202221, -119.820643 60.202216, -119.820541 60.202206, -119.820442 60.20219, -119.820347 60.202168, -119.81787 60.201505, -119.817234 60.201542, -119.815413 60.201988, -119.81531 60.20201, -119.815203 60.202024, -119.815093 60.202032, -119.814982 60.202034, -119.814872 60.202028, -119.814763 60.202016, -119.814659 60.201997, -119.81456 60.201971, -119.814468 60.20194, -119.814385 60.201903, -119.813153 60.201287, -119.806217 60.200791, -119.803919 60.20197, -119.801298 60.204619, -119.802163 60.205318, -119.802216 60.205367, -119.802256 60.205419, -119.802283 60.205473, -119.802296 60.205528, -119.802296 60.205583, -119.802282 60.205639, -119.802255 60.205692, -119.802215 60.205744, -119.802162 60.205793, -119.802097 60.205839, -119.802022 60.205879, -119.801937 60.205916, -119.801845 60.205946, -119.801745 60.205971, -119.80164 60.205989, -119.801531 60.206, -119.79852 60.206224, -119.796481 60.206984, -119.796397 60.207012, -119.796308 60.207035, -119.796214 60.207053, -119.796116 60.207065, -119.796017 60.207072, -119.792161 60.207228, -119.790956 60.208242, -119.790895 60.208287, -119.790824 60.208328, -119.790743 60.208364, -119.790653 60.208396, -119.790557 60.208421, -119.790456 60.208441, -119.79035 60.208454, -119.790243 60.208461, -119.790134 60.208461, -119.790026 60.208455, -119.78992 60.208442, -119.789818 60.208423, -119.789722 60.208398, -119.789632 60.208367, -119.78955 60.208331, -119.789478 60.20829, -119.788748 60.207826, -119.786188 60.208072, -119.786081 60.208079, -119.785973 60.20808, -119.785866 60.208074, -119.785762 60.208062, -119.785661 60.208043, -119.785565 60.208019, -119.785475 60.207989, -119.785393 60.207954, -119.785321 60.207914, -119.784945 60.207682, -119.783371 60.207143, -119.780907 60.207153, -119.780804 60.207151, -119.780702 60.207142, -119.780604 60.207128, -119.780509 60.207109, -119.780419 60.207084, -119.780335 60.207054, -119.780259 60.207019, -119.778396 60.206073, -119.774647 60.207077, -119.77455 60.2071, -119.774448 60.207116, -119.774342 60.207126, -119.774235 60.20713, -119.774128 60.207128, -119.774022 60.207119, -119.773919 60.207104, -119.77382 60.207083, -119.773727 60.207056, -119.772209 60.206552, -119.772123 60.20652, -119.772046 60.206483, -119.771979 60.206442, -119.771921 60.206397, -119.771874 60.206349, -119.77184 60.206298, -119.771817 60.206246, -119.771807 60.206193, -119.771809 60.206139, -119.771825 60.206086, -119.771852 60.206035, -119.771892 60.205985, -119.772992 60.204814, -119.773741 60.203835, -119.772536 60.202888, -119.770009 60.202189, -119.76523 60.200901, -119.765145 60.200875, -119.765067 60.200844, -119.764996 60.20081, -119.764933 60.200772, -119.764878 60.20073, -119.764833 60.200686, -119.764798 60.20064, -119.763769 60.199003, -119.763744 60.198954, -119.76373 60.198905, -119.763727 60.198854, -119.763736 60.198804, -119.763756 60.198755, -119.764266 60.197767, -119.763628 60.197217, -119.763578 60.197168, -119.763542 60.197117, -119.763517 60.197064, -119.763506 60.197009, -119.763509 60.196954, -119.763524 60.1969, -119.763553 60.196847, -119.763594 60.196797, -119.763647 60.196749, -119.763711 60.196705, -119.76611 60.195246, -119.766652 60.191845, -119.76667 60.191788, -119.766682 60.191763, -119.766987 60.19121, -119.764811 60.181403, -119.757544 60.179183, -119.757453 60.179152, -119.757371 60.179115, -119.757299 60.179073, -119.757238 60.179028, -119.757187 60.178978, -119.75715 60.178927, -119.755867 60.176754, -119.754065 60.173593, -119.754043 60.173543, -119.754032 60.173492, -119.754032 60.17344, -119.754045 60.173389, -119.754069 60.173339, -119.754104 60.173291, -119.75415 60.173245, -119.754207 60.173202, -119.756252 60.171815, -119.751256 60.167666, -119.749177 60.16772, -119.749073 60.16772, -119.748969 60.167713, -119.748867 60.167701, -119.748769 60.167683, -119.748676 60.167659, -119.748589 60.16763, -119.748509 60.167596, -119.748438 60.167557, -119.748376 60.167515, -119.746391 60.165975, -119.743777 60.165236, -119.74062 60.164467, -119.740577 60.164456, -119.729148 60.161275, -119.729071 60.161251, -119.729 60.161223, -119.728934 60.161192, -119.728875 60.161157, -119.719365 60.154971, -119.717632 60.153834, -119.717579 60.153795, -119.717535 60.153753, -119.717499 60.15371, -119.715569 60.150952, -119.715539 60.150899, -119.715522 60.150844, -119.715518 60.15079, -119.715528 60.150735, -119.715551 60.150681, -119.715587 60.150629, -119.715636 60.15058, -119.718095 60.148414, -119.717643 60.147038, -119.717632 60.146986, -119.717634 60.146933, -119.717647 60.14688, -119.717673 60.146829, -119.717711 60.14678, -119.71776 60.146733, -119.717819 60.14669, -119.720382 60.145027, -119.720455 60.144985, -119.720536 60.144948, -119.720626 60.144917, -119.720724 60.144891, -119.720826 60.144872, -119.720933 60.144859, -119.721042 60.144852, -119.721151 60.144853, -119.72126 60.14486, -119.721366 60.144873, -119.721469 60.144893, -119.721565 60.144919, -119.721655 60.144951, -119.721736 60.144988, -119.721807 60.14503, -119.721868 60.145076, -119.721917 60.145125, -119.721954 60.145177, -119.721978 60.14523, -119.721989 60.145285, -119.721986 60.14534, -119.721649 60.147315, -119.724106 60.149753, -119.724146 60.149799, -119.724176 60.149848, -119.724195 60.149897, -119.724202 60.149948, -119.724198 60.149998, -119.724183 60.150048, -119.723559 60.151534, -119.731437 60.155946, -119.739705 60.154628, -119.746224 60.153132, -119.746255 60.153126, -119.747917 60.152781, -119.749133 60.151865, -119.751168 60.149338, -119.745869 60.146448, -119.744402 60.145829, -119.744322 60.145791, -119.744252 60.145748, -119.744193 60.145701, -119.744146 60.145651, -119.744111 60.145598, -119.74409 60.145543, -119.744083 60.145488, -119.744089 60.145432, -119.744108 60.145378, -119.744141 60.145325, -119.745531 60.143496, -119.746215 60.141999, -119.745836 60.140321, -119.74583 60.140267, -119.745837 60.140214, -119.745857 60.140161, -119.746704 60.13846, -119.746736 60.138408, -119.746781 60.138359, -119.746837 60.138312, -119.746903 60.13827, -119.74698 60.138232, -119.750121 60.136853, -119.750618 60.135649, -119.750647 60.135596, -119.750689 60.135545, -119.750742 60.135498, -119.750807 60.135453, -119.750882 60.135414, -119.750967 60.135379, -119.751059 60.135349, -119.751157 60.135325, -119.751261 60.135308, -119.751368 60.135297, -119.751477 60.135292, -119.751586 60.135294, -119.751694 60.135303, -119.755352 60.135719, -119.755827 60.135207, -119.75602 60.134633, -119.756028 60.134613, -119.756036 60.134597, -119.756311 60.134058, -119.754059 60.131813, -119.754015 60.131762, -119.753984 60.131707, -119.753967 60.131652, -119.753963 60.131596, -119.753974 60.13154, -119.754523 60.129817, -119.755286 60.127309, -119.755297 60.127279, -119.755641 60.126514, -119.755672 60.126461, -119.755715 60.12641, -119.755771 60.126363, -119.755838 60.126319, -119.755916 60.126279, -119.756002 60.126245, -119.756096 60.126216, -119.756197 60.126193, -119.756302 60.126176, -119.756411 60.126167, -119.756521 60.126164, -119.756631 60.126167, -119.756739 60.126178, -119.756844 60.126195, -119.756944 60.126218, -119.75823 60.12657, -119.765824 60.124473, -119.767056 60.122629, -119.767095 60.12258, -119.767145 60.122534, -119.767206 60.122491, -119.767276 60.122452, -119.767355 60.122417, -119.767442 60.122387, -119.77203 60.120992, -119.776597 60.119368, -119.776691 60.119339, -119.776792 60.119316, -119.776898 60.119299, -119.779062 60.119028, -119.780459 60.118128, -119.780527 60.118089, -119.780603 60.118054, -119.780687 60.118024, -119.783913 60.116999, -119.787714 60.115677, -119.787811 60.115647, -119.787878 60.115632, -119.789466 60.115299, -119.789534 60.115285, -119.789632 60.115267, -119.789733 60.115256, -119.789837 60.11525, -119.789941 60.115251, -119.790044 60.115257, -119.790145 60.11527, -119.790242 60.115288, -119.790379 60.115319, -119.790474 60.115343, -119.790563 60.115374, -119.790644 60.115409, -119.790716 60.115449, -119.790778 60.115493, -119.790829 60.11554, -119.790868 60.11559, -119.790895 60.115642, -119.79091 60.115695, -119.790912 60.115749, -119.790901 60.115802, -119.790878 60.115855, -119.790842 60.115905, -119.789434 60.117579, -119.788479 60.118934, -119.789669 60.120122, -119.798175 60.122271, -119.800612 60.121823, -119.799302 60.119945, -119.799273 60.119894, -119.799256 60.119841, -119.799088 60.11899, -119.799084 60.118943, -119.799089 60.118895, -119.79944 60.117361, -119.799459 60.117308, -119.799491 60.117256, -119.799534 60.117206, -119.79959 60.117159, -119.799656 60.117116, -119.799732 60.117078, -119.799817 60.117044, -119.799909 60.117015, -119.800008 60.116993, -119.802403 60.116527, -119.802417 60.116525, -119.802497 60.116512, -119.804534 60.116241, -119.804548 60.116239, -119.815284 60.114905, -119.817236 60.112614, -119.8175 60.112125, -119.816258 60.110794, -119.816223 60.110751, -119.816197 60.110705, -119.81618 60.110659, -119.816174 60.110612, -119.816139 60.109691, -119.813694 60.106913, -119.813656 60.106862, -119.813631 60.106809, -119.813619 60.106755, -119.81362 60.106701, -119.813634 60.106646, -119.813661 60.106594, -119.8137 60.106543, -119.813752 60.106495, -119.813814 60.10645, -119.813887 60.10641, -119.813969 60.106374, -119.814059 60.106344, -119.814155 60.106319, -119.814257 60.1063, -119.814363 60.106288, -119.81447 60.106282, -119.814579 60.106282, -119.814686 60.10629, -119.818531 60.106667, -119.818606 60.106676, -119.818679 60.106689, -119.818749 60.106704, -119.82076 60.107191, -119.82264 60.107069, -119.823163 60.105943, -119.823195 60.105889, -119.82324 60.105838, -119.823297 60.10579, -119.823366 60.105746, -119.823445 60.105706, -119.823534 60.105672, -119.82363 60.105644, -119.823732 60.105621, -119.823839 60.105606, -119.823949 60.105597, -119.826357 60.105486, -119.826433 60.105484, -119.827554 60.10548, -119.827658 60.105483, -119.827761 60.105492, -119.827861 60.105506, -119.827957 60.105527, -119.828047 60.105552, -119.828131 60.105583, -119.829763 60.10626, -119.831447 60.106867, -119.832405 60.106676, -119.831888 60.105343, -119.829411 60.103784, -119.82741 60.10329, -119.827314 60.103263, -119.827226 60.10323, -119.827146 60.103192, -119.827077 60.103149, -119.827018 60.103102, -119.826971 60.103052, -119.826937 60.102999, -119.826916 60.102945, -119.826908 60.10289, -119.826914 60.102835, -119.827128 60.101904, -119.827145 60.101853, -119.827174 60.101804, -119.827214 60.101757, -119.827264 60.101712, -119.827324 60.101671, -119.829132 60.100557, -119.829204 60.100518, -119.829285 60.100483, -119.829374 60.100453, -119.829469 60.100429, -119.829569 60.10041, -119.831522 60.100117, -119.833081 60.099528, -119.833334 60.098888, -119.833362 60.098835, -119.833403 60.098784, -119.833456 60.098736, -119.83352 60.098691, -119.833594 60.098651, -119.833678 60.098615, -119.83377 60.098585, -119.833868 60.098561, -119.833972 60.098543, -119.834079 60.098531, -119.834188 60.098526, -119.834298 60.098528, -119.834406 60.098537, -119.834512 60.098552, -119.834613 60.098573, -119.834643 60.098581, -119.834737 60.098608, -119.834823 60.09864, -119.834901 60.098678, -119.836079 60.099316, -119.837623 60.099773, -119.838317 60.099568, -119.839107 60.098714, -119.839159 60.098666, -119.839221 60.098622, -119.839293 60.098582, -119.839374 60.098547, -119.839464 60.098516, -119.839559 60.098492, -119.83966 60.098473, -119.839765 60.09846, -119.839872 60.098454, -119.83998 60.098455, -119.840087 60.098461, -119.840191 60.098475, -119.840292 60.098494, -119.840387 60.098519, -119.840475 60.09855, -119.840555 60.098586, -119.840627 60.098627, -119.841219 60.099012, -119.841708 60.099284, -119.843046 60.098751, -119.842932 60.097896, -119.842931 60.097883, -119.84293 60.097874, -119.842816 60.094654, -119.842821 60.094598, -119.84284 60.094543, -119.842873 60.094489, -119.842919 60.094437, -119.842977 60.094389, -119.843047 60.094345, -119.843127 60.094305, -119.843217 60.094271, -119.843314 60.094243, -119.843418 60.094221, -119.843526 60.094206, -119.843637 60.094198, -119.843749 60.094197, -119.843861 60.094203, -119.84397 60.094215, -119.844075 60.094235, -119.849057 60.095345, -119.849081 60.095351, -119.865609 60.093134, -119.863095 60.087648, -119.863078 60.0876, -119.863072 60.087552, -119.863029 60.085505, -119.86192 60.084481, -119.860045 60.083975, -119.858778 60.083897, -119.858671 60.083887, -119.858567 60.083871, -119.858468 60.083848, -119.858375 60.08382, -119.85829 60.083786, -119.858213 60.083747, -119.858146 60.083704, -119.858091 60.083657, -119.858047 60.083607, -119.858015 60.083554, -119.857997 60.0835, -119.856875 60.078461, -119.85687 60.078408, -119.856877 60.078355, -119.856896 60.078302, -119.856928 60.078252, -119.856971 60.078203, -119.857025 60.078157, -119.85709 60.078115, -119.857164 60.078077, -119.857247 60.078044, -119.857337 60.078016, -119.878673 60.072175, -119.890849 60.063002, -119.890896 60.06297, -119.890948 60.06294, -119.891005 60.062913, -119.898989 60.059406, -119.900048 60.056243, -119.900107 60.055497, -119.900114 60.055455, -119.90013 60.055412, -119.900153 60.055371, -119.900811 60.054396, -119.900847 60.054352, -119.900891 60.05431, -119.900944 60.05427, -119.901006 60.054234, -119.901074 60.054201, -119.901149 60.054172, -119.902182 60.053815, -119.901081 60.052727, -119.899046 60.052392, -119.896287 60.051946, -119.896228 60.051935, -119.894694 60.051626, -119.894595 60.051603, -119.894503 60.051573, -119.894418 60.051538, -119.894343 60.051498, -119.894278 60.051454, -119.894224 60.051406, -119.894181 60.051356, -119.894152 60.051303, -119.892074 60.046419, -119.891575 60.045723, -119.889884 60.044686, -119.887074 60.0436, -119.887004 60.04357, -119.886941 60.043537, -119.886884 60.0435, -119.886836 60.043461, -119.886796 60.04342, -119.88604 60.042527, -119.886003 60.042475, -119.88598 60.04242, -119.885969 60.042365, -119.885973 60.042309, -119.88599 60.042254, -119.88602 60.042201, -119.886063 60.04215, -119.886119 60.042102, -119.886186 60.042057, -119.886263 60.042017, -119.886349 60.041983, -119.886443 60.041954, -119.886544 60.04193, -119.886649 60.041914, -119.888709 60.041658, -119.888799 60.04165, -119.888889 60.041645, -119.891685 60.041591, -119.89208 60.041192, -119.892112 60.040733, -119.891216 60.039618, -119.889755 60.039237, -119.889665 60.03921, -119.889582 60.039178, -119.889506 60.039141, -119.88944 60.0391, -119.887862 60.037992, -119.884348 60.036715, -119.884261 60.036679, -119.884184 60.036638, -119.884118 60.036592, -119.884063 60.036542, -119.882576 60.034956, -119.874929 60.032798, -119.874838 60.032769, -119.874754 60.032734, -119.87468 60.032694, -119.874615 60.03265, -119.87354 60.031815, -119.873486 60.031767, -119.873445 60.031717, -119.873416 60.031664, -119.8734 60.03161, -119.873361 60.031393, -119.873358 60.031339, -119.873368 60.031285, -119.873391 60.031232, -119.873426 60.031181, -119.873473 60.031132, -119.873531 60.031087, -119.8736 60.031045, -119.873678 60.031008, -119.873764 60.030976, -119.873857 60.030949, -119.873956 60.030928, -119.876031 60.030562, -119.876049 60.030559, -119.878815 60.030103, -119.879243 60.029001, -119.873441 60.025591, -119.870993 60.025893, -119.870886 60.025902, -119.870778 60.025905, -119.87067 60.025902, -119.870563 60.025892, -119.870459 60.025875, -119.87036 60.025853, -119.870268 60.025824, -119.870183 60.02579, -119.870106 60.025751, -119.87004 60.025708, -119.869985 60.025661, -119.869941 60.02561, -119.86991 60.025558, -119.869892 60.025504, -119.869887 60.02545, -119.869895 60.025395, -119.869916 60.025341, -119.86995 60.025289, -119.869996 60.02524, -119.870054 60.025194, -119.870122 60.025151, -119.874227 60.022901, -119.874306 60.022862, -119.874394 60.022829, -119.87449 60.022801, -119.874591 60.02278, -119.874697 60.022765, -119.874806 60.022757, -119.874916 60.022755, -119.875026 60.02276, -119.875133 60.022772, -119.876616 60.022991, -119.882107 60.02251, -119.884344 60.022076, -119.888722 60.020023, -119.888596 60.017238, -119.883971 60.016811, -119.88387 60.016799, -119.883772 60.016781, -119.883679 60.016757, -119.883592 60.016727, -119.883513 60.016693, -119.883442 60.016655, -119.88338 60.016612, -119.883329 60.016566, -119.883289 60.016518, -119.88326 60.016467, -119.883243 60.016416, -119.883238 60.016363, -119.883271 60.01508, -119.881262 60.014197, -119.877528 60.014479, -119.877421 60.014484, -119.877313 60.014482, -119.877206 60.014474, -119.877102 60.014459, -119.877003 60.014438, -119.876909 60.014412, -119.876822 60.014379, -119.876744 60.014342, -119.876675 60.0143, -119.876616 60.014255, -119.876569 60.014206, -119.876534 60.014155, -119.876512 60.014101, -119.876125 60.012812, -119.874511 60.011716, -119.874449 60.011668, -119.8744 60.011617, -119.874365 60.011563, -119.874343 60.011507, -119.874335 60.011451, -119.874341 60.011394, -119.874362 60.011338, -119.874396 60.011284, -119.874444 60.011233, -119.874504 60.011185, -119.874576 60.011141, -119.874658 60.011102, -119.874749 60.011068, -119.874848 60.011041, -119.874953 60.01102, -119.875062 60.011006, -119.875174 60.010999, -119.875287 60.010999, -119.87692 60.011052, -119.877021 60.011059, -119.877121 60.011071, -119.877217 60.011088, -119.877309 60.011112, -119.877394 60.01114, -119.877473 60.011173, -119.878879 60.011836, -119.881527 60.012036, -119.882852 60.011029, -119.882236 60.009573, -119.88222 60.009519, -119.882217 60.009465, -119.882227 60.009411, -119.88225 60.009358, -119.882285 60.009306, -119.882333 60.009258, -119.882391 60.009212, -119.882461 60.00917, -119.88254 60.009133, -119.882627 60.009101, -119.882721 60.009074, -119.886479 60.00816, -119.885784 60.004927, -119.885779 60.004874, -119.885787 60.004821, -119.885807 60.004768, -119.885839 60.004717, -119.888126 60.001723, -119.881916 60.001467, -119.88181 60.001459, -119.881706 60.001445, -119.881607 60.001425, -119.881513 60.0014, -119.881426 60.001368, -119.881347 60.001332, -119.881278 60.001291, -119.881218 60.001246, -119.881169 60.001199, -119.881133 60.001148, -119.881108 60.001096, -119.881096 60.001042, -119.881097 60.000988, -119.88111 60.000935, -119.881137 60.000883, -119.881175 60.000832, -119.881225 60.000785, -119.881286 60.000741, -119.884101 59.998936, -119.884175 59.998894, -119.884259 59.998858, -119.884351 59.998826, -119.88445 59.998801, -119.884555 59.998782, -119.884664 59.99877, -119.884774 59.998764, -119.884885 59.998766, -119.884995 59.998775, -119.885102 59.99879, -119.885205 59.998812, -119.885301 59.99884, -119.885389 59.998874, -119.885469 59.998913, -119.885538 59.998957, -119.886447 59.999616, -119.893778 60.000473, -119.895925 59.999076, -119.895649 59.997286, -119.892706 59.995716, -119.892636 59.995674, -119.892577 59.995627, -119.892529 59.995578, -119.892494 59.995526, -119.892472 59.995472, -119.892463 59.995417, -119.892467 59.995362, -119.892485 59.995307, -119.892516 59.995255, -119.892559 59.995204, -119.892614 59.995156, -119.894446 59.993786, -119.894511 59.993744, -119.894585 59.993705, -119.894668 59.993671, -119.897033 59.992821, -119.897114 59.992795, -119.897201 59.992773, -119.897291 59.992757, -119.897385 59.992745, -119.89748 59.992738, -119.897576 59.992737, -119.901448 59.992795, -119.902407 59.992129, -119.902821 59.991538, -119.902863 59.991488, -119.902916 59.991441, -119.90298 59.991398, -119.903055 59.991359, -119.903137 59.991324, -119.903228 59.991295, -119.903324 59.991271, -119.903426 59.991254, -119.903531 59.991243, -119.903638 59.991238, -119.903745 59.99124, -119.903852 59.991248, -119.903955 59.991262, -119.904054 59.991283, -119.904148 59.99131, -119.904234 59.991342, -119.906844 59.992433, -119.906911 59.992464, -119.906971 59.992498, -119.907025 59.992536, -119.90707 59.992576, -119.907818 59.993319, -119.907856 59.993363, -119.907885 59.993408, -119.907904 59.993454, -119.907913 59.993502, -119.907913 59.993549, -119.907684 59.99551, -119.907673 59.995557, -119.907653 59.995603, -119.907623 59.995648, -119.907584 59.995691, -119.907536 59.995732, -119.90748 59.99577, -119.906107 59.996606, -119.906094 59.996614, -119.906034 59.996645, -119.904572 59.997346, -119.905045 59.998389, -119.905804 59.999567, -119.910293 60.000737, -119.910369 60.00076, -119.91044 60.000786, -119.910506 60.000815, -119.910566 60.000848, -119.910679 60.000915, -119.912501 60.001741, -119.913908 60.001459, -119.913993 60.001444, -119.914082 60.001434, -119.917928 60.00109, -119.921854 59.999014, -119.922461 59.998168, -119.922505 59.998118, -119.922561 59.99807, -119.922628 59.998026, -119.922706 59.997986, -119.922792 59.997952, -119.922886 59.997923, -119.922987 59.9979, -119.923092 59.997884, -119.923201 59.997874, -119.923311 59.997872, -119.923421 59.997876, -119.923529 59.997886, -119.923633 59.997904, -119.923733 59.997927, -119.923826 59.997957, -119.923911 59.997992, -119.923987 59.998033, -119.924052 59.998077, -119.924106 59.998126, -119.924148 59.998177, -119.924177 59.998231, -119.92521 60.000752, -119.925562 60.001427, -119.925584 60.001482, -119.925592 60.001538, -119.925585 60.001594, -119.925565 60.00165, -119.925531 60.001704, -119.924906 60.002516, -119.925477 60.002719, -119.926367 60.002727, -119.927947 60.002531, -119.930631 60.001873, -119.930725 60.001853, -119.930823 60.001839, -119.930923 60.00183, -119.931025 60.001827, -119.931127 60.00183, -119.931227 60.001839, -119.931325 60.001854, -119.931418 60.001874, -119.931507 60.001899, -119.931589 60.001929, -119.933781 60.002834, -119.934756 60.002382, -119.936199 60.001672, -119.938433 60.000481, -119.939342 59.999684, -119.939404 59.999637, -119.939478 59.999594, -119.939561 59.999556, -119.939654 59.999524, -119.939754 59.999497, -119.93986 59.999478, -119.939969 59.999465, -119.943769 59.999144, -119.943863 59.999139, -119.943959 59.999139, -119.944053 59.999143, -119.945547 59.999264, -119.948907 59.998927, -119.948717 59.997708, -119.948715 59.997655, -119.948726 59.997601, -119.948749 59.997549, -119.948784 59.997499, -119.949426 59.99673, -119.94981 59.994775, -119.949825 59.994725, -119.949832 59.99471, -119.950663 59.993037, -119.95072 59.992134, -119.950615 59.991048, -119.950615 59.991007, -119.950623 59.990966, -119.950637 59.990926, -119.951187 59.989732, -119.951218 59.989679, -119.951263 59.989628, -119.95132 59.98958, -119.951388 59.989536, -119.951466 59.989496, -119.951554 59.989462, -119.951649 59.989434, -119.95175 59.989411, -119.952928 59.989197, -119.953025 59.989182, -119.953124 59.989174, -119.953224 59.98917, -119.953324 59.989173, -119.956239 59.989325, -119.956341 59.989334, -119.95644 59.989348, -119.956536 59.989368, -119.956626 59.989393, -119.95671 59.989424, -119.956786 59.989459, -119.956854 59.989498, -119.956912 59.989541, -119.95696 59.989587, -119.956997 59.989636, -119.957287 59.990094, -119.957313 59.990143, -119.957327 59.990194, -119.957418 59.990751, -119.959244 59.991105, -119.959686 59.990649, -119.959704 59.990633, -119.961017 59.989424, -119.961053 59.989381, -119.961085 59.989352, -119.963171 59.987586, -119.963165 59.986662, -119.963171 59.986605, -119.963192 59.98655, -119.963226 59.986496, -119.963273 59.986445, -119.963333 59.986397, -119.963404 59.986354, -119.964682 59.985661, -119.96563 59.984645, -119.965678 59.9846, -119.965736 59.984559, -119.965803 59.98452, -119.965878 59.984486, -119.96596 59.984456, -119.966049 59.984432, -119.969238 59.983653, -119.969329 59.983634, -119.969424 59.98362, -119.969521 59.983612, -119.972706 59.983418, -119.974081 59.983082, -119.974183 59.983061, -119.974288 59.983046, -119.974396 59.983038, -119.974505 59.983037, -119.974614 59.983042, -119.974721 59.983054, -119.974824 59.983072, -119.976285 59.983392, -119.979207 59.983349, -119.979253 59.983349, -119.979283 59.98335, -119.98491 59.98351, -119.985317 59.983316, -119.985402 59.98328, -119.985496 59.98325, -119.985596 59.983226, -119.985702 59.983208, -119.985811 59.983197, -119.985922 59.983193, -119.986033 59.983196, -119.986143 59.983205, -119.986249 59.983222, -119.986351 59.983245, -119.986446 59.983275, -119.986532 59.98331, -119.98661 59.98335, -119.986677 59.983395, -119.986732 59.983443, -119.986775 59.983495, -119.986805 59.983549, -119.986822 59.983605, -119.986824 59.983661, -119.986812 59.983717, -119.986787 59.983771, -119.986749 59.983824, -119.986698 59.983874, -119.986635 59.98392, -119.986561 59.983962, -119.986083 59.984201, -119.985095 59.987054, -119.985073 59.987101, -119.985042 59.987146, -119.985002 59.98719, -119.984952 59.987231, -119.983434 59.988348, -119.983372 59.988389, -119.983319 59.988417, -119.981028 59.989538, -119.982561 59.990633, -119.985446 59.99072, -119.988671 59.990381, -119.988777 59.990373, -119.988885 59.990372, -119.988992 59.990377, -119.989097 59.990389, -119.989198 59.990407, -119.989295 59.990431, -119.989385 59.99046, -119.989467 59.990495, -119.989541 59.990534, -119.989604 59.990578, -119.989657 59.990625, -119.989698 59.990675, -119.989727 59.990727, -119.989743 59.99078, -119.989747 59.990835, -119.989737 59.990888, -119.989715 59.990941, -119.98968 59.990993, -119.988978 59.991855, -119.988933 59.991902, -119.988878 59.991946, -119.987425 59.992967, -119.988385 59.993574, -119.990548 59.994156, -119.990639 59.994184, -119.990722 59.994217, -119.990797 59.994255, -119.990863 59.994297, -119.990918 59.994343, -119.990962 59.994391, -119.990994 59.994442, -119.991014 59.994495, -119.991021 59.994548, -119.991016 59.994602, -119.990398 59.997425, -119.990384 59.99747, -119.99036 59.997514, -119.989078 59.999509, -119.989037 59.999562, -119.988983 59.999611, -119.988917 59.999657, -119.988841 59.999698, -119.988755 59.999734, -119.98866 59.999764, -119.986692 60.000312, -119.985474 60.001603, -119.985125 60.003089, -119.985107 60.003142, -119.985076 60.003193, -119.985034 60.003241, -119.98498 60.003287, -119.982827 60.004893, -119.982219 60.005814, -119.982905 60.006863, -119.982932 60.006914, -119.982946 60.006966, -119.982949 60.007018, -119.98294 60.00707, -119.982918 60.007122, -119.982885 60.007171, -119.982313 60.007889, -119.982292 60.007913, -119.980864 60.009434, -119.981677 60.010691, -119.981683 60.0107, -119.981694 60.010719, -119.982042 60.011408, -119.983732 60.012318, -119.985067 60.011628, -119.98506 60.010744, -119.985065 60.010695, -119.985081 60.010646, -119.985107 60.010599, -119.985143 60.010554, -119.985188 60.01051, -119.985243 60.01047, -119.986662 60.009531, -119.986735 60.009489, -119.986819 60.009451, -119.986911 60.009419, -119.98701 60.009393, -119.987115 60.009373, -119.987224 60.00936, -119.987335 60.009354, -119.987447 60.009355, -119.987558 60.009363, -119.987666 60.009378, -119.987769 60.0094, -119.987866 60.009428, -119.987955 60.009462, -119.988036 60.009502, -119.988106 60.009546, -119.989666 60.010667, -119.99257 60.010485, -119.992919 60.01005, -119.992798 60.008573, -119.99062 60.007586, -119.990543 60.007546, -119.990476 60.007502, -119.99042 60.007454, -119.990377 60.007403, -119.990346 60.00735, -119.990329 60.007295, -119.990325 60.007239, -119.990335 60.007184, -119.990359 60.007129, -119.990395 60.007077, -119.990444 60.007027, -119.990505 60.006981, -119.990577 60.006938, -119.991806 60.006301, -119.991876 60.006268, -119.991953 60.00624, -119.992036 60.006215, -119.993495 60.005837, -119.993592 60.005815, -119.993692 60.0058, -119.993796 60.00579, -119.993902 60.005787, -119.994007 60.00579, -119.994111 60.005799, -119.994212 60.005815, -119.995555 60.006063, -119.995634 60.006079, -119.995709 60.0061, -119.995781 60.006124, -120.00011 60.007747, -120.000193 60.007782, -120.000267 60.007823, -120.000331 60.007868, -120.000383 60.007916, -120.000423 60.007967, -120.00045 60.008021, -120.000465 60.008075, -120.000465 60.00813, -120.000453 60.008185, -120.000427 60.008239, -120.000389 60.00829, -119.999336 60.009473, -119.99932 60.009489, -119.999291 60.009516, -119.998614 60.010098, -119.998575 60.010427, -120.000518 60.011311, -120.001594 60.011172, -120.001674 60.011164, -120.001756 60.011159, -120.003106 60.011113, -120.003136 60.011113, -120.005072 60.01108, -120.005779 60.010378, -120.00583 60.010334, -120.00589 60.010294, -120.005959 60.010256, -120.007106 60.009705, -120.006336 60.008598, -120.006305 60.008544, -120.006289 60.008488, -120.006286 60.008432, -120.006298 60.008375, -120.006323 60.00832, -120.006362 60.008267, -120.006414 60.008217, -120.006478 60.008171, -120.006553 60.008129, -120.006637 60.008092, -120.006731 60.00806, -120.008638 60.007503, -120.008737 60.007479, -120.008841 60.00746, -120.008948 60.007448, -120.009058 60.007443, -120.009168 60.007444, -120.009277 60.007453, -120.009383 60.007468, -120.009484 60.00749, -120.00958 60.007517, -120.009668 60.007551, -120.009747 60.007589, -120.009816 60.007632, -120.009874 60.00768, -120.00992 60.00773, -120.009954 60.007783, -120.009974 60.007837, -120.010241 60.008925, -120.010247 60.008975, -120.010243 60.009026, -120.010227 60.009076, -120.010199 60.009125, -120.010161 60.009173, -120.009229 60.010162, -120.009072 60.010756, -120.009061 60.01079, -120.009033 60.010841, -120.008634 60.011431, -120.010091 60.012095, -120.010131 60.012105, -120.012805 60.011971, -120.013833 60.011789, -120.015232 60.010955, -120.015302 60.010918, -120.01538 60.010885, -120.015465 60.010857, -120.015556 60.010834, -120.017598 60.010382, -120.017898 60.009827, -120.017933 60.009775, -120.01798 60.009726, -120.018038 60.00968, -120.018108 60.009638, -120.018186 60.0096, -120.018274 60.009568, -120.018368 60.009541, -120.018468 60.00952, -120.018573 60.009505, -120.01868 60.009497, -120.018789 60.009495, -120.018897 60.0095, -120.019003 60.009512, -120.019106 60.00953, -120.019203 60.009554, -120.020724 60.00999, -120.021259 60.009657, -120.022534 60.008332, -120.022823 60.006931, -120.022835 60.006891, -120.022853 60.006852, -120.022879 60.006814, -120.023848 60.005556, -120.02389 60.005509, -120.023943 60.005464, -120.024006 60.005424, -120.024077 60.005387, -120.024156 60.005354, -120.024243 60.005326, -120.024335 60.005303, -120.026914 60.004758, -120.027015 60.00474, -120.027119 60.004728, -120.027226 60.004723, -120.027333 60.004724, -120.027439 60.004732, -120.027543 60.004746, -120.027642 60.004766, -120.027736 60.004792, -120.027823 60.004823, -120.027902 60.00486, -120.027972 60.004901, -120.028031 60.004946, -120.02808 60.004994, -120.028117 60.005044, -120.029307 60.007089, -120.030504 60.00875, -120.030532 60.008799, -120.03055 60.008848, -120.030557 60.008899, -120.030552 60.008949, -120.030537 60.008999, -120.03051 60.009048, -120.030472 60.009095, -120.0289 60.010777, -120.028857 60.010818, -120.028805 60.010857, -120.028746 60.010892, -120.02868 60.010924, -120.027574 60.011412, -120.027602 60.012133, -120.028471 60.012405, -120.028541 60.012429, -120.028575 60.012442, -120.03049 60.013251, -120.030536 60.013272, -120.032157 60.014059, -120.035026 60.014076, -120.035136 60.014081, -120.035243 60.014092, -120.035348 60.014109, -120.035447 60.014133, -120.035539 60.014163, -120.035624 60.014199, -120.035699 60.014239, -120.035764 60.014283, -120.035817 60.014332, -120.035859 60.014383, -120.035887 60.014436, -120.035903 60.014491, -120.035904 60.014547, -120.035893 60.014602, -120.035868 60.014655, -120.03583 60.014707, -120.03578 60.014757, -120.035718 60.014802, -120.034588 60.015535, -120.034516 60.015576, -120.034435 60.015612, -120.034345 60.015644, -120.034248 60.015669, -120.034146 60.015689, -120.03404 60.015702, -120.033932 60.015708, -120.033823 60.015708, -120.033714 60.015701, -120.033609 60.015687, -120.030106 60.015121, -120.028427 60.017618, -120.029822 60.018724, -120.033457 60.021218, -120.039138 60.019626, -120.039216 60.019114, -120.039232 60.019059, -120.03926 60.019006, -120.039301 60.018956, -120.039354 60.018908, -120.039418 60.018863, -120.039492 60.018823, -120.039576 60.018788, -120.039667 60.018758, -120.039765 60.018734, -120.039868 60.018716, -120.039974 60.018705, -120.040083 60.0187, -120.040192 60.018702, -120.040299 60.01871, -120.040404 60.018725, -120.040504 60.018746, -120.047028 60.020372, -120.047078 60.020385, -120.047129 60.020401, -120.048969 60.021023, -120.050302 60.021221, -120.050394 60.021237, -120.050482 60.021259, -120.050565 60.021285, -120.050642 60.021316, -120.050712 60.02135, -120.050774 60.021389, -120.050827 60.02143, -120.054559 60.02474, -120.057171 60.024769, -120.057283 60.024774, -120.057392 60.024785, -120.057497 60.024804, -120.057597 60.024829, -120.057691 60.02486, -120.060835 60.026054, -120.060921 60.026092, -120.062175 60.026711, -120.064524 60.027504, -120.064595 60.02753, -120.064659 60.02756, -120.066705 60.028593, -120.068499 60.028491, -120.068612 60.028488, -120.068725 60.028493, -120.068835 60.028505, -120.072862 60.029067, -120.077776 60.029034, -120.080199 60.028867, -120.081862 60.0285, -120.081942 60.028484, -120.082024 60.028473, -120.082108 60.028465, -120.083992 60.028343, -120.084071 60.02834, -120.08415 60.02834, -120.086755 60.028404, -120.091237 60.02826, -120.091324 60.02826, -120.091411 60.028263, -120.091497 60.028271, -120.094289 60.028599, -120.094383 60.028613, -120.094473 60.028632, -120.09516 60.028798, -120.097084 60.027342, -120.096869 60.02653, -120.096861 60.026475, -120.096867 60.02642, -120.096885 60.026366, -120.096917 60.026314, -120.096961 60.026263, -120.097017 60.026216, -120.097084 60.026173, -120.097161 60.026134, -120.097246 60.0261, -120.097339 60.026072, -120.097439 60.026049, -120.097543 60.026033, -120.09765 60.026023, -120.097759 60.02602, -120.097868 60.026024, -120.097975 60.026034, -120.098078 60.026051, -120.098178 60.026073, -120.09827 60.026102, -120.101189 60.027136, -120.102371 60.027416, -120.104345 60.026833, -120.104439 60.026809, -120.104537 60.026791, -120.104639 60.026779, -120.104743 60.026773, -120.104848 60.026772, -120.104952 60.026778, -120.105054 60.026791, -120.105153 60.026809, -120.105246 60.026832, -120.107125 60.027384, -120.109485 60.027595, -120.110888 60.026601, -120.112696 60.025222, -120.112761 60.025179, -120.112836 60.025139, -120.11292 60.025105, -120.113012 60.025076, -120.113111 60.025053, -120.113214 60.025036, -120.11332 60.025025, -120.113428 60.025021, -120.113537 60.025023, -120.113644 60.025032, -120.113748 60.025048, -120.113847 60.02507, -120.113941 60.025097, -120.114027 60.025131, -120.116469 60.026195, -120.116546 60.026233, -120.116614 60.026276, -120.116671 60.026322, -120.116716 60.026372, -120.116749 60.026423, -120.11677 60.026477, -120.116777 60.026531, -120.116772 60.026586, -120.116422 60.028132, -120.116748 60.02824, -120.118961 60.028369, -120.119062 60.028378, -120.11916 60.028393, -120.119254 60.028413, -120.119342 60.028438, -120.119425 60.028468, -120.1195 60.028503, -120.119567 60.028542, -120.119625 60.028584, -120.120488 60.029311, -120.121269 60.029209, -120.124172 60.0287, -120.124278 60.028685, -120.124386 60.028677, -120.124497 60.028675, -120.124606 60.028681, -120.124714 60.028693, -120.124817 60.028711, -120.124916 60.028736, -120.125007 60.028767, -120.125492 60.028953, -120.128218 60.028174, -120.128279 60.028126, -120.128351 60.028083, -120.128433 60.028045, -120.128523 60.028012, -120.128622 60.027985, -120.128726 60.027964, -120.128835 60.02795, -120.128946 60.027943, -120.129058 60.027944, -120.129169 60.027951, -120.129277 60.027965, -120.129381 60.027986, -120.129479 60.028014, -120.130221 60.028252, -120.13369 60.027353, -120.13463 60.026634, -120.134698 60.026589, -120.134776 60.026548, -120.134864 60.026513, -120.13496 60.026484, -120.135062 60.026461, -120.136427 60.026203, -120.213821 60.000783, -120.213903 60.000759, -120.213989 60.00074, -120.214079 60.000725, -120.214172 60.000715, -120.214266 60.00071, -120.215647 60.000676, -120.215708 60.000675, -120.215761 60.000677, -120.218164 60.000772, -120.218267 60.000779, -120.218368 60.000792, -120.218465 60.000811, -120.218557 60.000836, -120.218643 60.000866, -120.218721 60.0009, -120.218777 60.000928, -120.218852 60.000971, -120.218915 60.001017, -120.218967 60.001068, -120.219005 60.001121, -120.21903 60.001176, -120.219041 60.001233, -120.219037 60.001289, -120.21902 60.001345, -120.218614 60.002263, -120.222213 60.003179, -120.223334 60.002596, -120.223237 60.001813, -120.223237 60.001758, -120.22325 60.001702, -120.223277 60.001648, -120.223317 60.001597, -120.22337 60.001548, -120.225288 59.999995, -120.225386 59.999601, -120.22539 59.999586, -120.225924 59.9979, -120.225944 59.997853, -120.225974 59.997807, -120.226014 59.997763, -120.226062 59.997722, -120.226979 59.99703, -120.227007 59.99701, -120.241614 59.987195, -120.241569 59.986429, -120.241571 59.986385, -120.241581 59.986342, -120.241599 59.986299, -120.243263 59.983179, -120.243294 59.983131, -120.243335 59.983086, -120.243386 59.983043, -120.244238 59.982409, -120.244746 59.981756, -120.243887 59.978018, -120.243881 59.97797, -120.243885 59.977922, -120.2439 59.977874, -120.243924 59.977828, -120.243958 59.977783, -120.244577 59.977085, -120.244658 59.976312, -120.244313 59.975824, -120.242158 59.97559, -120.241859 59.975639, -120.240916 59.977258, -120.240879 59.977309, -120.24083 59.977358, -120.240769 59.977404, -120.240698 59.977445, -120.240617 59.977482, -120.240528 59.977514, -120.240432 59.97754, -120.240331 59.97756, -120.240225 59.977573, -120.240117 59.97758, -120.240008 59.97758, -120.2399 59.977574, -120.239794 59.977561, -120.237673 59.977229, -120.237594 59.977214, -120.237492 59.977189, -120.236117 59.976788, -120.236077 59.976776, -120.232797 59.9757, -120.232707 59.975666, -120.232626 59.975627, -120.232555 59.975583, -120.232496 59.975535, -120.23245 59.975483, -120.232416 59.975429, -120.232397 59.975373, -120.232391 59.975317, -120.2324 59.97526, -120.232422 59.975205, -120.232994 59.974141, -120.233025 59.974094, -120.233066 59.974049, -120.233669 59.973473, -120.233724 59.973427, -120.23379 59.973384, -120.233865 59.973346, -120.233949 59.973313, -120.23404 59.973285, -120.234136 59.973263, -120.234238 59.973246, -120.234343 59.973236, -120.234449 59.973232, -120.234555 59.973235, -120.23466 59.973244, -120.236376 59.973444, -120.23697 59.971907, -120.235934 59.971318, -120.235886 59.971288, -120.235843 59.971256, -120.235806 59.971223, -120.234891 59.970311, -120.234848 59.970261, -120.234817 59.970209, -120.234799 59.970155, -120.234795 59.9701, -120.234803 59.970046, -120.234824 59.969992, -120.234859 59.969941, -120.234905 59.969891, -120.235039 59.969768, -120.235594 59.968786, -120.235328 59.967801, -120.235123 59.966981, -120.234208 59.966396, -120.234147 59.966352, -120.234097 59.966305, -120.234059 59.966255, -120.234032 59.966203, -120.234019 59.966149, -120.234017 59.966096, -120.234029 59.966042, -120.234053 59.96599, -120.23409 59.965939, -120.234138 59.965891, -120.234197 59.965847, -120.234266 59.965806, -120.236364 59.964707, -120.236443 59.96467, -120.236531 59.964639, -120.236625 59.964613, -120.236725 59.964592, -120.23683 59.964578, -120.236936 59.964571, -120.237044 59.96457, -120.237151 59.964575, -120.237257 59.964587, -120.237358 59.964605, -120.237454 59.96463, -120.237544 59.96466, -120.237626 59.964695, -120.239185 59.965451, -120.239249 59.965486, -120.239306 59.965524, -120.239354 59.965565, -120.239393 59.965608, -120.239423 59.965654, -120.240136 59.966941, -120.242082 59.966992, -120.242189 59.966998, -120.242293 59.967011, -120.242394 59.96703, -120.242489 59.967054, -120.242578 59.967085, -120.242659 59.96712, -120.242732 59.96716, -120.242794 59.967204, -120.242845 59.967252, -120.242884 59.967302, -120.242911 59.967355, -120.242925 59.967408, -120.243172 59.969084, -120.244087 59.96946, -120.245599 59.96932, -120.246022 59.969145, -120.246017 59.968826, -120.246018 59.968801, -120.246125 59.967698, -120.246136 59.967647, -120.246158 59.967598, -120.246191 59.96755, -120.246234 59.967504, -120.246287 59.967461, -120.247928 59.966289, -120.247995 59.966247, -120.248072 59.966209, -120.248157 59.966176, -120.24825 59.966149, -120.248348 59.966127, -120.248451 59.966111, -120.248557 59.966102, -120.248665 59.966099, -120.248772 59.966103, -120.248878 59.966113, -120.24898 59.966129, -120.249078 59.966152, -120.24917 59.96618, -120.25262 59.967399, -120.253863 59.967067, -120.25393 59.96705, -120.255601 59.966692, -120.255637 59.966685, -120.25573 59.96667, -120.259789 59.966147, -120.259882 59.966138, -120.259978 59.966134, -120.260073 59.966134, -120.260168 59.96614, -120.260261 59.966151, -120.260351 59.966167, -120.264047 59.966937, -120.264546 59.96679, -120.263365 59.965097, -120.261587 59.964721, -120.261495 59.964698, -120.261409 59.96467, -120.26133 59.964638, -120.261258 59.964601, -120.261196 59.96456, -120.261143 59.964516, -120.260153 59.963572, -120.258981 59.963021, -120.258906 59.962981, -120.258842 59.962937, -120.258788 59.96289, -120.258746 59.962839, -120.258717 59.962786, -120.258701 59.962732, -120.258698 59.962678, -120.258708 59.962623, -120.258731 59.962569, -120.258767 59.962518, -120.258816 59.962469, -120.258875 59.962423, -120.258945 59.962381, -120.259025 59.962344, -120.259113 59.962312, -120.259209 59.962285, -120.25931 59.962265, -120.259415 59.962251, -120.259522 59.962244, -120.259631 59.962243, -120.259739 59.962249, -120.259845 59.962261, -120.263945 59.962876, -120.266844 59.96264, -120.266793 59.962134, -120.266795 59.962076, -120.266986 59.960904, -120.266997 59.960862, -120.26727 59.960095, -120.266263 59.958919, -120.266228 59.958871, -120.266204 59.958821, -120.265213 59.956098, -120.2652 59.956044, -120.265199 59.95599, -120.265212 59.955937, -120.265237 59.955885, -120.265275 59.955834, -120.265324 59.955786, -120.265384 59.955742, -120.265454 59.955701, -120.265533 59.955665, -120.265621 59.955634, -120.265715 59.955608, -120.265814 59.955589, -120.265918 59.955575, -120.266024 59.955568, -120.266131 59.955567, -120.266237 59.955573, -120.266341 59.955585, -120.271433 59.956335, -120.273046 59.956314, -120.276667 59.956259, -120.280348 59.955741, -120.279183 59.953571, -120.279162 59.953519, -120.279153 59.953467, -120.279155 59.953414, -120.279171 59.953362, -120.279198 59.953311, -120.279544 59.952787, -120.278636 59.95191, -120.278592 59.951861, -120.27856 59.951809, -120.278541 59.951756, -120.278534 59.951702, -120.278541 59.951648, -120.27856 59.951595, -120.278995 59.950702, -120.279017 59.950664, -120.27927 59.950292, -120.280157 59.948389, -120.280168 59.948364, -120.280199 59.948311, -120.280244 59.94826, -120.2803 59.948213, -120.280368 59.948169, -120.280446 59.94813, -120.280533 59.948096, -120.280628 59.948067, -120.280728 59.948045, -120.280834 59.948029, -120.280942 59.94802, -120.281052 59.948017, -120.281162 59.948022, -120.28127 59.948033, -120.281374 59.948051, -120.281473 59.948075, -120.281566 59.948105, -120.28165 59.948141, -120.281725 59.948181, -120.28179 59.948226, -120.281843 59.948275, -120.281884 59.948326, -120.281912 59.94838, -120.281927 59.948435, -120.281928 59.948491, -120.281915 59.948546, -120.281906 59.94857, -120.280977 59.95121, -120.28172 59.952086, -120.281756 59.952137, -120.28178 59.95219, -120.281791 59.952245, -120.281789 59.952299, -120.281508 59.954052, -120.2823 59.954654, -120.282348 59.954696, -120.282387 59.95474, -120.282417 59.954786, -120.282437 59.954833, -120.282447 59.954881, -120.282639 59.956907, -120.284859 59.957293, -120.285111 59.956869, -120.285126 59.955442, -120.285133 59.955387, -120.285154 59.955332, -120.285188 59.95528, -120.285234 59.95523, -120.285292 59.955183, -120.285361 59.95514, -120.28544 59.955101, -120.285528 59.955068, -120.285623 59.955041, -120.285725 59.955019, -120.28583 59.955004, -120.285939 59.954996, -120.286048 59.954995, -120.286158 59.955, -120.286265 59.955012, -120.286368 59.95503, -120.286466 59.955055, -120.286558 59.955086, -120.286641 59.955122, -120.288243 59.955908, -120.288315 59.955947, -120.288377 59.955991, -120.288428 59.956038, -120.288468 59.956088, -120.288495 59.95614, -120.28851 59.956194, -120.288512 59.956247, -120.288379 59.95801, -120.288936 59.959565, -120.289928 59.9598, -120.290208 59.959855, -120.290292 59.959875, -120.290371 59.959898, -120.290445 59.959926, -120.293882 59.961347, -120.297322 59.961657, -120.299561 59.961051, -120.299662 59.961028, -120.299767 59.961012, -120.299876 59.961002, -120.299986 59.960999, -120.300097 59.961003, -120.300205 59.961013, -120.30031 59.961031, -120.30041 59.961054, -120.300503 59.961084, -120.300589 59.961119, -120.300665 59.96116, -120.30073 59.961205, -120.300784 59.961253, -120.300826 59.961305, -120.300855 59.961359, -120.30087 59.961414, -120.300872 59.96147, -120.30086 59.961525, -120.300835 59.961579, -120.300224 59.962594, -120.300214 59.96261, -120.300178 59.962655, -120.299483 59.963399, -120.299476 59.963406, -120.299421 59.963455, -120.29879 59.963938, -120.303195 59.965615, -120.316045 59.96453, -120.316152 59.964524, -120.316259 59.964525, -120.316365 59.964532, -120.316469 59.964546, -120.316569 59.964565, -120.316663 59.964591, -120.318212 59.965076, -120.318295 59.965105, -120.318371 59.965139, -120.318439 59.965177, -120.319818 59.966047, -120.326124 59.969378, -120.326152 59.969394, -120.327694 59.97029, -120.327701 59.970294, -120.333333 59.973653, -120.336544 59.974039, -120.339543 59.973187, -120.339798 59.972212, -120.339819 59.972157, -120.339854 59.972103, -120.339903 59.972052, -120.339963 59.972005, -120.340035 59.971962, -120.340117 59.971923, -120.340208 59.97189, -120.340306 59.971863, -120.34041 59.971843, -120.342958 59.971431, -120.343063 59.971417, -120.343169 59.97141, -120.343277 59.97141, -120.343384 59.971416, -120.346026 59.971646, -120.348057 59.971669, -120.348146 59.971672, -120.348234 59.971679, -120.34832 59.971692, -120.348403 59.971708, -120.354565 59.973101, -120.36004 59.970284, -120.359418 59.969068, -120.359402 59.969028, -120.359392 59.968987, -120.35939 59.968946, -120.359421 59.968229, -120.35943 59.968174, -120.359452 59.968121, -120.359487 59.968068, -120.359534 59.968019, -120.359593 59.967973, -120.359663 59.96793, -120.359743 59.967893, -120.359831 59.96786, -120.359926 59.967833, -120.360027 59.967813, -120.360132 59.967798, -120.36024 59.96779, -120.360349 59.967789, -120.360458 59.967795, -120.360564 59.967807, -120.360667 59.967826, -120.360764 59.96785, -120.360855 59.967881, -120.360937 59.967917, -120.361883 59.968385, -120.367147 59.966366, -120.367185 59.966334, -120.367231 59.966306, -120.367283 59.96628, -120.377298 59.961377, -120.378794 59.959156, -120.378837 59.959103, -120.378893 59.959054, -120.37896 59.959009, -120.379039 59.958968, -120.379126 59.958933, -120.379222 59.958903, -120.379325 59.95888, -120.379433 59.958863, -120.379544 59.958854, -120.379656 59.958851, -120.379768 59.958856, -120.379878 59.958868, -120.379984 59.958886, -120.380085 59.958911, -120.391072 59.962142, -120.396648 59.961066, -120.396743 59.961051, -120.39684 59.961041, -120.396939 59.961037, -120.397039 59.961038, -120.397137 59.961045, -120.397233 59.961058, -120.399581 59.96143, -120.400253 59.961359, -120.400363 59.961351, -120.400474 59.96135, -120.400584 59.961356, -120.400692 59.961368, -120.400796 59.961388, -120.400895 59.961413, -120.400986 59.961445, -120.401069 59.961482, -120.401142 59.961524, -120.401205 59.961571, -120.402494 59.962669, -120.402538 59.962712, -120.402573 59.962756, -120.402598 59.962802, -120.403202 59.964196, -120.406792 59.964505, -120.407965 59.962493, -120.408001 59.962442, -120.408048 59.962395, -120.408107 59.96235, -120.408176 59.962309, -120.408254 59.962272, -120.40834 59.962241, -120.408433 59.962215, -120.408531 59.962194, -120.408634 59.96218, -120.408739 59.962172, -120.408846 59.96217, -120.408952 59.962175, -120.409056 59.962186, -120.409157 59.962203, -120.409253 59.962226, -120.409343 59.962255, -120.409425 59.962289, -120.410795 59.962923, -120.412885 59.961098, -120.412947 59.961051, -120.41302 59.961008, -120.413103 59.960971, -120.413194 59.960938, -120.413293 59.960912, -120.41629 59.960235, -120.41717 59.959732, -120.416811 59.958516, -120.416802 59.958463, -120.416805 59.958409, -120.416821 59.958356, -120.41685 59.958304, -120.41689 59.958255, -120.416942 59.958208, -120.417005 59.958164, -120.417077 59.958125, -120.417159 59.95809, -120.417248 59.958061, -120.417343 59.958037, -120.417443 59.958018, -120.417547 59.958007, -120.417653 59.958001, -120.41776 59.958002, -120.419223 59.958056, -120.421342 59.95708, -120.421431 59.957045, -120.421513 59.957019, -120.423496 59.956469, -120.425399 59.955524, -120.425481 59.955488, -120.42557 59.955458, -120.425666 59.955433, -120.425767 59.955414, -120.425872 59.955402, -120.425979 59.955396, -120.426087 59.955396, -120.426194 59.955403, -120.429604 59.955733, -120.431836 59.955276, -120.431903 59.955059, -120.431911 59.955036, -120.431922 59.955013, -120.432426 59.954052, -120.432458 59.954001, -120.432502 59.953954, -120.432557 59.953909, -120.43399 59.952874, -120.43333 59.952339, -120.43329 59.952302, -120.433256 59.952264, -120.43323 59.952224, -120.431414 59.948943, -120.431392 59.948892, -120.431382 59.94884, -120.431384 59.948788, -120.431398 59.948736, -120.431424 59.948685, -120.431461 59.948636, -120.431509 59.94859, -120.446264 59.936208, -120.446313 59.936171, -120.446369 59.936137, -120.447605 59.93545, -120.447679 59.935414, -120.44776 59.935382, -120.447849 59.935355, -120.447943 59.935333, -120.448041 59.935317, -120.448143 59.935307, -120.448246 59.935303, -120.44835 59.935305, -120.448452 59.935313, -120.448552 59.935327, -120.448647 59.935346, -120.449829 59.935629, -120.453056 59.935417, -120.453166 59.935414, -120.453276 59.935417, -120.453384 59.935427, -120.45349 59.935443, -120.45359 59.935466, -120.453684 59.935496, -120.45377 59.93553, -120.453847 59.93557, -120.453914 59.935615, -120.455354 59.936708, -120.456379 59.936778, -120.457886 59.935933, -120.457965 59.935894, -120.458052 59.93586, -120.458146 59.935832, -120.458247 59.93581, -120.458352 59.935795, -120.459687 59.935642, -120.459796 59.935633, -120.459907 59.935631, -120.460017 59.935636, -120.460125 59.935648, -120.460229 59.935666, -120.460328 59.935691, -120.461031 59.935895, -120.462529 59.936215, -120.463449 59.93511, -120.463494 59.935063, -120.46355 59.935019, -120.463615 59.934979, -120.463689 59.934943, -120.463771 59.934911, -120.46386 59.934885, -120.463954 59.934863, -120.464052 59.934848, -120.464153 59.934838, -120.464256 59.934834, -120.46578 59.93482, -120.466847 59.934543, -120.593879 59.917101, -120.596337 59.916512, -120.599356 59.913702, -120.601674 59.910562, -120.603275 59.909344, -120.605559 59.908695, -120.610327 59.907357, -120.611589 59.907153, -120.61407 59.906978, -120.616167 59.90638, -120.616855 59.90545, -120.616718 59.904789, -120.615634 59.904152, -120.612638 59.904095, -120.607422 59.903965, -120.605087 59.90363, -120.603898 59.902816, -120.603897 59.902054, -120.604912 59.901107, -120.60561 59.899977, -120.605748 59.898542, -120.606151 59.895689, -120.605458 59.894358, -120.604175 59.892983, -120.603966 59.891917, -120.604867 59.891227, -120.606843 59.890928, -120.609129 59.890919, -120.612328 59.890538, -120.614227 59.890019, -120.616489 59.889097, -120.619831 59.88792, -120.623458 59.887129, -120.626523 59.886074, -120.627952 59.885567, -120.629657 59.885271, -120.630619 59.88541, -120.631261 59.886108, -120.631381 59.88722, -120.631708 59.888318, -120.632389 59.890136, -120.633257 59.891768, -120.634344 59.892676, -120.635062 59.893337, -120.635546 59.89452, -120.636352 59.896211, -120.637598 59.897842, -120.639491 59.898734, -120.64388 59.899729, -120.646323 59.899867, -120.651357 59.899536, -120.652606 59.899508, -120.655078 59.899988, -120.656075 59.900779, -120.657373 59.90229, -120.659328 59.90314, -120.661544 59.902942, -120.66358 59.902607, -120.664869 59.903052, -120.667258 59.904599, -120.668259 59.904858, -120.671291 59.905062, -120.675908 59.904566, -120.679159 59.904457, -120.681641 59.904134, -120.683061 59.903618, -120.684895 59.90295, -120.686663 59.901858, -120.689496 59.901003, -120.691904 59.900629, -120.69294 59.899931, -120.69279 59.89905, -120.692274 59.897808, -120.692698 59.896368, -120.694647 59.894161, -120.695042 59.892463, -120.693785 59.891208, -120.692343 59.889995, -120.691827 59.888311, -120.691286 59.887492, -120.690125 59.887119, -120.688088 59.887533, -120.686584 59.888006, -120.685702 59.887789, -120.685617 59.887445, -120.686385 59.885965, -120.685678 59.885293, -120.683839 59.884985, -120.681712 59.88503, -120.680007 59.884885, -120.677301 59.883643, -120.675444 59.882989, -120.674408 59.882348, -120.675135 59.881968, -120.677708 59.881953, -120.678347 59.88167, -120.678606 59.880971, -120.677979 59.879518, -120.677083 59.877173, -120.676706 59.876533, -120.676781 59.875704, -120.6777 59.875269, -120.678573 59.875181, -120.680779 59.875093, -120.68285 59.87459, -120.683445 59.874097, -120.683786 59.872927, -120.683774 59.871932, -120.684167 59.871396, -120.685872 59.871175, -120.687487 59.87126, -120.690475 59.870966, -120.691029 59.870779, -120.692744 59.869896, -120.694308 59.868904, -120.696133 59.867112, -120.697346 59.867103, -120.698079 59.867381, -120.699662 59.868187, -120.702852 59.868838, -120.706631 59.868503, -120.710594 59.867772, -120.714001 59.867073, -120.715652 59.866436, -120.716472 59.865051, -120.716366 59.863589, -120.716571 59.862975, -120.717111 59.862549, -120.718685 59.862077, -120.720566 59.861836, -120.722791 59.861567, -120.724509 59.861184, -120.725389 59.860988, -120.726039 59.860682, -120.727483 59.860002, -120.728663 59.859286, -120.729438 59.859136, -120.729764 59.85917, -120.730398 59.859629, -120.730541 59.85986, -120.731504 59.861515, -120.73171 59.861803, -120.733289 59.862738, -120.735301 59.862955, -120.736042 59.862949, -120.736564 59.862913, -120.737191 59.86287, -120.739062 59.862741, -120.740515 59.862546, -120.741218 59.862452, -120.743661 59.862483, -120.744153 59.862594, -120.746188 59.862912, -120.746742 59.862877, -120.747786 59.862652, -120.749205 59.862314, -120.75082 59.862478, -120.753539 59.862731, -120.754568 59.862449, -120.756248 59.861499, -120.756693 59.860935, -120.756776 59.860642, -120.756807 59.860354, -120.756922 59.859531, -120.757048 59.858749, -120.756859 59.858287, -120.756596 59.858106, -120.75588 59.85789, -120.755101 59.857915, -120.753497 59.857758, -120.752314 59.857381, -120.75146 59.857105, -120.751037 59.856959, -120.749603 59.855972, -120.749142 59.855254, -120.749086 59.855113, -120.748586 59.853861, -120.748526 59.853262, -120.748523 59.85298, -120.74775 59.852132, -120.746267 59.851866, -120.745911 59.851626, -120.745962 59.851372, -120.746273 59.850841, -120.746234 59.849884, -120.746176 59.849612, -120.745991 59.848752, -120.745255 59.84722, -120.745202 59.846621, -120.745302 59.846342, -120.745669 59.845822, -120.746758 59.844829, -120.747198 59.844617, -120.7484 59.844039, -120.748826 59.843863, -120.749755 59.842917, -120.749418 59.842083, -120.74862 59.840974, -120.748456 59.840421, -120.74864 59.83994, -120.749983 59.839398, -120.750946 59.839521, -120.751903 59.83962, -120.753227 59.839442, -120.753864 59.838799, -120.753773 59.838301, -120.753594 59.83782, -120.754063 59.836769, -120.755241 59.836283, -120.756302 59.83649, -120.756534 59.836817, -120.756582 59.837204, -120.756517 59.837826, -120.756547 59.838259, -120.756612 59.83848, -120.757798 59.839377, -120.75926 59.83952, -120.760305 59.839526, -120.761184 59.839587, -120.761496 59.839676, -120.761751 59.839957, -120.76156 59.840269, -120.761004 59.840799, -120.760587 59.84145, -120.760459 59.841681, -120.759296 59.843177, -120.758775 59.844011, -120.7586 59.844299, -120.758267 59.844881, -120.758216 59.845031, -120.758067 59.845473, -120.75802 59.845775, -120.757963 59.846071, -120.757698 59.846648, -120.756966 59.84747, -120.755838 59.848529, -120.755571 59.848796, -120.755316 59.849063, -120.754845 59.849595, -120.754649 59.849865, -120.754471 59.851274, -120.754771 59.851836, -120.755771 59.852575, -120.757596 59.853668, -120.759276 59.854249, -120.760777 59.854091, -120.761204 59.853924, -120.762697 59.853506, -120.763301 59.85359, -120.764906 59.853633, -120.765276 59.853513, -120.766464 59.853082, -120.768865 59.85282, -120.769348 59.85287, -120.770773 59.853064, -120.771776 59.85313, -120.772826 59.853066, -120.774684 59.852467, -120.775457 59.852098, -120.777509 59.851618, -120.777949 59.851601, -120.778845 59.851591, -120.781612 59.851342, -120.783254 59.850936, -120.784754 59.850442, -120.78596 59.849786, -120.786477 59.849445, -120.788026 59.849035, -120.788557 59.849169, -120.78898 59.849508, -120.791572 59.850544, -120.793673 59.850331, -120.794663 59.850109, -120.795637 59.849967, -120.796489 59.849994, -120.7969 59.850343, -120.796388 59.850978, -120.796065 59.851181, -120.793419 59.852488, -120.791675 59.853057, -120.791287 59.853203, -120.790112 59.854217, -120.789909 59.854715, -120.78996 59.855523, -120.789804 59.85611, -120.789365 59.85665, -120.788651 59.856892, -120.787919 59.857127, -120.787373 59.858006, -120.788048 59.85871, -120.788071 59.859011, -120.787939 59.859138, -120.787089 59.859526, -120.786788 59.859782, -120.786395 59.8602, -120.785088 59.860634, -120.784664 59.860759, -120.783461 59.860956, -120.782935 59.860905, -120.781391 59.861089, -120.781061 59.861218, -120.780387 59.861526, -120.779695 59.862087, -120.779824 59.862536, -120.780157 59.862997, -120.780061 59.864213, -120.779393 59.865171, -120.778535 59.866487, -120.778191 59.866602, -120.77783 59.866688, -120.776053 59.867271, -120.775476 59.867621, -120.775157 59.868181, -120.775373 59.868589, -120.776561 59.868524, -120.777178 59.868394, -120.778731 59.868059, -120.779609 59.868041, -120.782284 59.868247, -120.783845 59.868183, -120.784357 59.868162, -120.784895 59.868132, -120.786718 59.867652, -120.786986 59.867472, -120.786777 59.866613, -120.786661 59.865575, -120.787542 59.865051, -120.787858 59.865071, -120.788542 59.865141, -120.79067 59.86495, -120.792093 59.864588, -120.792577 59.864472, -120.79386 59.86438, -120.794395 59.864579, -120.794579 59.864732, -120.794953 59.865355, -120.79516 59.866404, -120.795246 59.866958, -120.796183 59.867873, -120.797095 59.868156, -120.797625 59.868237, -120.798684 59.868343, -120.800621 59.868974, -120.800901 59.869162, -120.802733 59.870817, -120.80291 59.87103, -120.803699 59.871905, -120.803953 59.872123, -120.806074 59.872944, -120.80775 59.873195, -120.808263 59.873292, -120.809728 59.873906, -120.809831 59.874123, -120.809831 59.874351, -120.809104 59.8752, -120.80875 59.875381, -120.807924 59.875747, -120.807117 59.876123, -120.806305 59.876487, -120.805493 59.876863, -120.805119 59.877072, -120.804311 59.878324, -120.804375 59.878599, -120.804705 59.879148, -120.805244 59.879697, -120.80558 59.87997, -120.805951 59.880233, -120.806364 59.880476, -120.806502 59.88054, -120.806834 59.880695, -120.808557 59.881233, -120.80922 59.881362, -120.809916 59.881468, -120.812698 59.881847, -120.813356 59.881957, -120.814007 59.882057, -120.816627 59.88214, -120.817887 59.882042, -120.8197 59.882107, -120.820257 59.882206, -120.821238 59.882511, -120.821936 59.88297, -120.822173 59.883232, -120.822367 59.883505, -120.822911 59.88433, -120.823141 59.884601, -120.82341 59.884871, -120.824578 59.885561, -120.825766 59.885782, -120.827136 59.885769, -120.829167 59.885592, -120.830885 59.885723, -120.831307 59.885869, -120.831651 59.886058, -120.831946 59.886266, -120.832526 59.886682, -120.833708 59.887247, -120.834194 59.887384, -120.835892 59.887476, -120.837369 59.886966, -120.837721 59.886688, -120.838801 59.885935, -120.840288 59.88554, -120.843071 59.885146, -120.844185 59.88484, -120.845813 59.884287, -120.847379 59.883656, -120.848252 59.883124, -120.849901 59.881564, -120.850209 59.880279, -120.849289 59.879621, -120.847999 59.879648, -120.847338 59.879706, -120.845163 59.879802, -120.844121 59.879863, -120.843615 59.879875, -120.84229 59.879643, -120.841987 59.879467, -120.841683 59.879032, -120.841838 59.878527, -120.842052 59.878277, -120.842349 59.878038, -120.843127 59.877567, -120.843599 59.87734, -120.844122 59.877131, -120.845302 59.876783, -120.846606 59.876546, -120.848641 59.876421, -120.85003 59.876461, -120.850727 59.876484, -120.852801 59.876487, -120.855222 59.87602, -120.856073 59.875225, -120.856387 59.874672, -120.857278 59.874049, -120.858614 59.87391, -120.859479 59.874091, -120.861377 59.874707, -120.863772 59.874814, -120.864248 59.874638, -120.865574 59.873938, -120.866564 59.873251, -120.867614 59.872745, -120.869488 59.872253, -120.870869 59.872109, -120.872275 59.871982, -120.874573 59.871243, -120.874937 59.870948, -120.875222 59.870627, -120.875402 59.870282, -120.875474 59.869936, -120.874985 59.868978, -120.874634 59.868702, -120.873519 59.86791, -120.873009 59.867129, -120.873091 59.866898, -120.874007 59.866438, -120.875393 59.866492, -120.875863 59.866575, -120.876838 59.866738, -120.877344 59.866805, -120.879947 59.866511, -120.880898 59.865792, -120.880478 59.8649, -120.879798 59.864015, -120.879559 59.863717, -120.879141 59.863107, -120.879034 59.861881, -120.879148 59.861583, -120.879406 59.860994, -120.879075 59.859838, -120.87739 59.859201, -120.876041 59.859692, -120.875361 59.860187, -120.875095 59.860454, -120.874579 59.860936, -120.873042 59.861711, -120.870509 59.862414, -120.869963 59.862534, -120.867319 59.863197, -120.866817 59.863327, -120.865718 59.86349, -120.865139 59.863516, -120.864086 59.863406, -120.863666 59.86328, -120.86337 59.863108, -120.863168 59.862706, -120.863652 59.862154, -120.863991 59.861997, -120.86479 59.861687, -120.865251 59.861514, -120.866153 59.86107, -120.866539 59.860798, -120.866853 59.860516, -120.867256 59.859815, -120.867538 59.858781, -120.867742 59.858132, -120.867895 59.857527, -120.867855 59.85666, -120.867822 59.856363, -120.867817 59.855754, -120.867835 59.85514, -120.867785 59.85451, -120.867607 59.853551, -120.867517 59.853132, -120.867396 59.85257, -120.867281 59.851886, -120.867089 59.851187, -120.866954 59.850842, -120.866515 59.850202, -120.865327 59.849579, -120.864311 59.849434, -120.863264 59.849472, -120.862234 59.849625, -120.861258 59.849839, -120.859889 59.850258, -120.859437 59.850395, -120.857462 59.85071, -120.856454 59.850739, -120.855011 59.850894, -120.854545 59.850979, -120.853074 59.851092, -120.850948 59.850757, -120.850433 59.850595, -120.847804 59.849722, -120.844923 59.849504, -120.843342 59.849566, -120.84284 59.849502, -120.842378 59.849386, -120.841971 59.849222, -120.841663 59.849008, -120.841484 59.848761, -120.841335 59.848229, -120.841335 59.847942, -120.841266 59.846991, -120.840977 59.84633, -120.839531 59.845329, -120.839012 59.845207, -120.837986 59.845246, -120.83757 59.845429, -120.837223 59.845638, -120.836687 59.846225, -120.83594 59.846622, -120.834947 59.846754, -120.83442 59.846731, -120.833896 59.846687, -120.831757 59.84641, -120.830027 59.846078, -120.828934 59.845731, -120.828535 59.845496, -120.828247 59.845237, -120.828077 59.844961, -120.82809 59.844664, -120.829148 59.843838, -120.829614 59.843657, -120.831168 59.842984, -120.83276 59.842237, -120.833867 59.841721, -120.83697 59.840903, -120.8376 59.840842, -120.838837 59.84078, -120.840055 59.840809, -120.841787 59.840958, -120.84355 59.841207, -120.844186 59.841274, -120.844847 59.841327, -120.84831 59.841517, -120.849693 59.841537, -120.851746 59.841339, -120.852383 59.841185, -120.853483 59.840761, -120.855598 59.840051, -120.856696 59.839948, -120.858164 59.840083, -120.859457 59.840471, -120.859871 59.840639, -120.861104 59.841217, -120.862005 59.841603, -120.864181 59.842027, -120.865989 59.841804, -120.867009 59.84139, -120.868487 59.840719, -120.87012 59.840291, -120.872 59.84034, -120.872385 59.840432, -120.873174 59.840649, -120.874591 59.840946, -120.876114 59.841282, -120.876601 59.841425, -120.878511 59.842387, -120.878774 59.842602, -120.879191 59.843039, -120.879348 59.843264, -120.879786 59.843953, -120.880225 59.844399, -120.881772 59.844993, -120.883206 59.844805, -120.88432 59.844154, -120.884652 59.843281, -120.884125 59.842575, -120.883114 59.842295, -120.882754 59.842312, -120.881389 59.842207, -120.881152 59.841958, -120.88132 59.841721, -120.881547 59.841607, -120.881829 59.841502, -120.882535 59.84134, -120.883371 59.841237, -120.884281 59.841153, -120.885176 59.840988, -120.885923 59.84044, -120.886121 59.84003, -120.887107 59.839302, -120.889838 59.838046, -120.890314 59.837879, -120.892959 59.837051, -120.894125 59.836348, -120.894181 59.835831, -120.893975 59.83562, -120.893273 59.835377, -120.892861 59.835319, -120.892063 59.835158, -120.891754 59.835018, -120.891546 59.834844, -120.891453 59.834472, -120.891704 59.834132, -120.892123 59.833786, -120.892353 59.8336, -120.892838 59.833184, -120.893082 59.83295, -120.893311 59.832696, -120.893511 59.832419, -120.893752 59.831538, -120.893596 59.830965, -120.892672 59.829968, -120.892276 59.829804, -120.890923 59.829578, -120.889627 59.82944, -120.888904 59.829182, -120.888591 59.829016, -120.888031 59.828647, -120.886727 59.827362, -120.886164 59.826584, -120.885788 59.826011, -120.885598 59.825712, -120.885408 59.825408, -120.883215 59.82197, -120.883008 59.821661, -120.881709 59.820129, -120.881462 59.81982, -120.881218 59.818877, -120.881456 59.818273, -120.88168 59.817994, -120.881952 59.817732, -120.882851 59.816999, -120.883121 59.816742, -120.883498 59.816171, -120.883575 59.815536, -120.883537 59.815209, -120.88344 59.814856, -120.883713 59.814776))"
28,2023-06-23 10:31:00,2023062201,2023,20292.7,Non-corrected airborne GPS,1687417200000,1687486072000,Out of Control,JA70003000,202926886.1395,96858.2728,107,85e7fa60-7398-451e-9260-3070c8581551,722684321.484375,182785.463208348,https://wildfiresituation.nrs.gov.bc.ca/incidents?fireYear=2023&incidentNumber=G90292,"POLYGON ((-123.576518 58.043992, -123.578716 58.04389, -123.581534 58.043633, -123.584329 58.043433, -123.585967 58.043434, -123.587136 58.043435, -123.589904 58.043668, -123.592519 58.044143, -123.594944 58.044796, -123.597186 58.045571, -123.599307 58.046449, -123.601392 58.047358, -123.603493 58.048262, -123.605606 58.049158, -123.607728 58.050048, -123.609834 58.050969, -123.61194 58.051921, -123.614041 58.052904, -123.616128 58.053897, -123.618196 58.054905, -123.62023 58.055968, -123.621028 58.056409, -123.622253 58.057085, -123.625981 58.059235, -123.627593 58.060216, -123.629511 58.061456, -123.63077 58.062306, -123.631982 58.063178, -123.633642 58.064541, -123.635083 58.065967, -123.636269 58.06746, -123.637178 58.068995, -123.637815 58.07056, -123.638165 58.072134, -123.638253 58.073705, -123.638082 58.075271, -123.637735 58.076808, -123.637235 58.07831, -123.636572 58.079774, -123.635749 58.081207, -123.634838 58.082627, -123.633873 58.084014, -123.632837 58.085368, -123.631772 58.08671, -123.630719 58.088055, -123.629672 58.089402, -123.628588 58.090739, -123.627509 58.092076, -123.626418 58.093412, -123.625287 58.094752, -123.62416 58.0961, -123.616439 58.105721, -123.606799 58.118071, -123.601718 58.119432, -123.596985 58.118486, -123.581081 58.117596, -123.575596 58.117164, -123.570067 58.116657, -123.56726 58.116419, -123.564452 58.11622, -123.559023 58.115896, -123.556409 58.115694, -123.551255 58.114998, -123.546313 58.114017, -123.54162 58.112701, -123.533721 58.110212, -123.529692 58.108944, -123.525631 58.107719, -123.520771 58.106244, -123.515848 58.1048, -123.508374 58.102776, -123.503485 58.101543, -123.496549 58.099243, -123.493195 58.096898, -123.490455 58.092585, -123.489131 58.089587, -123.487482 58.086654, -123.484842 58.084081, -123.477866 58.07993, -123.472953 58.076757, -123.469346 58.074795, -123.463466 58.072209, -123.459385 58.070666, -123.453162 58.068551, -123.450328 58.067699, -123.445974 58.066443, -123.441566 58.065314, -123.43723 58.064221, -123.432846 58.063145, -123.426255 58.061928, -123.421838 58.061318, -123.417207 58.060953, -123.414836 58.060927, -123.410107 58.061246, -123.40382 58.062995, -123.400452 58.064827, -123.398986 58.065902, -123.397807 58.067105, -123.397053 58.068398, -123.396526 58.071042, -123.396524 58.072361, -123.396651 58.074999, -123.396741 58.077629, -123.397024 58.078945, -123.39823 58.081482, -123.400439 58.084828, -123.402659 58.087364, -123.406048 58.09063, -123.40737 58.091875, -123.408642 58.093148, -123.410867 58.095876, -123.412869 58.098652, -123.414848 58.101376, -123.416934 58.104078, -123.419157 58.106765, -123.42157 58.109433, -123.424055 58.112122, -123.425181 58.113501, -123.426266 58.114887, -123.428287 58.117644, -123.429206 58.119023, -123.429928 58.120452, -123.430258 58.121929, -123.430095 58.123437, -123.429349 58.124936, -123.428074 58.126362, -123.425617 58.12812, -123.422294 58.129854, -123.41994 58.130767, -123.41743 58.131527, -123.414828 58.132132, -123.412155 58.132608, -123.409422 58.132949, -123.406639 58.133119, -123.403865 58.133077, -123.401166 58.132759, -123.399503 58.132357, -123.397291 58.131537, -123.395468 58.130487, -123.394422 58.12971, -123.392982 58.12852, -123.390189 58.126094, -123.388854 58.124853, -123.385347 58.121012, -123.382632 58.118001, -123.379562 58.114723, -123.377356 58.112298, -123.375247 58.109964, -123.369743 58.106705, -123.363686 58.103018, -123.361313 58.100301, -123.359437 58.098153, -123.356148 58.093913, -123.352076 58.09025, -123.349563 58.089502, -123.346693 58.088648, -123.340813 58.08803, -123.340827 58.090424, -123.347216 58.09442, -123.345294 58.095216, -123.343209 58.094264, -123.33889 58.093441, -123.335876 58.092449, -123.33413 58.093736, -123.330434 58.094314, -123.325787 58.093082, -123.326534 58.090678, -123.324081 58.0882, -123.321428 58.087123, -123.316849 58.085266, -123.312696 58.083582, -123.306829 58.086128, -123.302297 58.087713, -123.299477 58.088643, -123.295915 58.089165, -123.290963 58.09076, -123.286498 58.09309, -123.283161 58.094673, -123.279541 58.096234, -123.277561 58.096957, -123.273357 58.098241, -123.271179 58.098813, -123.269146 58.099523, -123.267589 58.100528, -123.266544 58.10171, -123.265737 58.102916, -123.264986 58.104062, -123.263305 58.104832, -123.261625 58.10551, -123.25934 58.105445, -123.257338 58.104788, -123.255965 58.103725, -123.255227 58.102469, -123.25499 58.101143, -123.255095 58.099812, -123.255702 58.097612, -123.25663 58.094965, -123.257745 58.092317, -123.258268 58.090998, -123.259046 58.088358, -123.259453 58.085759, -123.259447 58.083172, -123.259748 58.080642, -123.260123 58.079414, -123.261048 58.077006, -123.26198 58.074635, -123.262937 58.072253, -123.265025 58.06724, -123.265622 58.065985, -123.266508 58.064463, -123.269914 58.060138, -123.273229 58.056711, -123.280488 58.050471, -123.282348 58.048905, -123.283243 58.048103, -123.284012 58.047271, -123.285402 58.045128, -123.286286 58.043035, -123.286977 58.041824, -123.288117 58.040556, -123.289316 58.039662, -123.290873 58.038744, -123.292552 58.037913, -123.294281 58.037141, -123.306955 58.032546, -123.309959 58.031095, -123.31393 58.028735, -123.317895 58.026255, -123.32214 58.023777, -123.325262 58.022155, -123.32873 58.020531, -123.330096 58.019496, -123.331255 58.018384, -123.332598 58.01733, -123.340142 58.014256, -123.342156 58.013604, -123.346023 58.01234, -123.349624 58.010966, -123.352168 58.009566, -123.352996 58.008467, -123.35312 58.005938, -123.352954 58.003285, -123.352916 58.001949, -123.35262 57.999296, -123.352154 57.997963, -123.350885 57.996697, -123.349177 57.995577, -123.347208 57.994548, -123.345088 57.993567, -123.340604 57.99167, -123.333555 57.988958, -123.330081 57.98693, -123.328541 57.985696, -123.329062 57.984032, -123.330265 57.982239, -123.353512 57.973199, -123.356946 57.971596, -123.361854 57.969559, -123.366535 57.968166, -123.369011 57.967651, -123.371566 57.967275, -123.374217 57.967032, -123.376889 57.966957, -123.379598 57.967041, -123.382252 57.967233, -123.384873 57.967433, -123.390035 57.967864, -123.392619 57.968025, -123.395162 57.968031, -123.397644 57.967856, -123.402373 57.967191, -123.407168 57.966571, -123.41202 57.965981, -123.414466 57.965719, -123.416952 57.965483, -123.421994 57.965062, -123.424519 57.964878, -123.427071 57.964711, -123.429631 57.964574, -123.432159 57.964479, -123.434628 57.964457, -123.437016 57.964568, -123.439341 57.964872, -123.441454 57.965428, -123.44325 57.966231, -123.444602 57.967246, -123.445396 57.968406, -123.445589 57.969627, -123.445189 57.97084, -123.443799 57.972339, -123.441309 57.974063, -123.437454 57.976441, -123.433945 57.978473, -123.430414 57.980568, -123.426574 57.982584, -123.422421 57.984505, -123.416621 57.987798, -123.408724 57.992366, -123.404676 57.994538, -123.400025 57.996286, -123.394844 57.997301, -123.389566 57.998021, -123.384746 57.99917, -123.380723 58.000893, -123.377963 58.00316, -123.376682 58.005783, -123.376559 58.00714, -123.377285 58.009815, -123.378201 58.011072, -123.37944 58.012249, -123.382096 58.014005, -123.385997 58.015746, -123.389665 58.016905, -123.39452 58.017896, -123.39708 58.018207, -123.39971 58.01838, -123.402399 58.018438, -123.405087 58.0184, -123.410396 58.01813, -123.413047 58.017944, -123.418329 58.017346, -123.426058 58.016082, -123.431115 58.015039, -123.440497 58.012574, -123.445153 58.011256, -123.449714 58.009648, -123.451802 58.008685, -123.455843 58.006596, -123.459908 58.004407, -123.463765 58.002223, -123.465826 58.00128, -123.468149 58.000508, -123.470734 57.999935, -123.473397 57.999536, -123.476091 57.99921, -123.481534 57.998703, -123.486177 57.998447, -123.49085 57.998398, -123.496394 57.998492, -123.501953 57.998673, -123.507531 57.998973, -123.512989 57.999502, -123.515721 57.999811, -123.518418 58.000161, -123.521082 58.000541, -123.526294 58.001451, -123.531348 58.002556, -123.533827 58.003124, -123.538811 58.004282, -123.541293 58.00486, -123.546147 58.006034, -123.548375 58.006742, -123.550238 58.007687, -123.552448 58.01014, -123.552914 58.011494, -123.553105 58.012877, -123.553089 58.014274, -123.552744 58.01707, -123.552265 58.019829, -123.551873 58.021191, -123.551342 58.022541, -123.550752 58.02389, -123.550019 58.025212, -123.5492 58.026517, -123.548304 58.027805, -123.546518 58.029897, -123.545351 58.031144, -123.543273 58.033159, -123.542058 58.034379, -123.541279 58.0357, -123.541261 58.037058, -123.542024 58.038343, -123.543539 58.039448, -123.545729 58.040278, -123.548237 58.040897, -123.553445 58.04196, -123.558833 58.042878, -123.561576 58.043284, -123.564366 58.04363, -123.568703 58.043913, -123.570086 58.04397, -123.572954 58.044025, -123.576518 58.043992))"
29,2023-06-23 10:31:00,2023061501,2023,36295.1,Non-corrected airborne GPS,1686812400000,1686936651000,Out of Control,JA70003000,362951011.2106,158910.3216,109,bee1791e-b826-4b3d-b8d6-f3ebcc7bf3a8,1375799141.57031,309367.632188369,https://wildfiresituation.nrs.gov.bc.ca/incidents?fireYear=2023&incidentNumber=G90358,"POLYGON ((-120.137504 59.029062, -120.137701 59.028515, -120.138161 59.027521, -120.138479 59.02684, -120.139574 59.025816, -120.142943 59.025576, -120.14708 59.025191, -120.148648 59.025213, -120.150381 59.025781, -120.151078 59.026588, -120.15155 59.027375, -120.15305 59.029278, -120.153405 59.029672, -120.154257 59.030207, -120.154687 59.030466, -120.155123 59.030723, -120.156744 59.030631, -120.157412 59.030739, -120.158594 59.029058, -120.15898 59.028619, -120.160822 59.027506, -120.161336 59.0275, -120.162411 59.028028, -120.16268 59.028866, -120.16246 59.029533, -120.161992 59.030152, -120.16162 59.030451, -120.159489 59.031986, -120.158576 59.032638, -120.157721 59.033373, -120.157345 59.033769, -120.156413 59.034985, -120.155925 59.035787, -120.158336 59.037111, -120.160249 59.037702, -120.162474 59.038617, -120.163196 59.038931, -120.164535 59.039593, -120.165742 59.040308, -120.167219 59.041476, -120.168883 59.043162, -120.16974 59.044051, -120.171824 59.045751, -120.172378 59.046164, -120.175169 59.048742, -120.176969 59.050524, -120.178684 59.051699, -120.181605 59.05291, -120.183932 59.053583, -120.186531 59.052089, -120.187447 59.051873, -120.189239 59.051563, -120.191991 59.051436, -120.192942 59.051462, -120.193857 59.051541, -120.195551 59.051947, -120.196351 59.052199, -120.198846 59.052922, -120.201457 59.053575, -120.205208 59.054148, -120.207093 59.054336, -120.209979 59.054375, -120.214797 59.054338, -120.216714 59.054463, -120.217653 59.054557, -120.219395 59.05492, -120.223138 59.056466, -120.22453 59.057126, -120.226725 59.058034, -120.227438 59.058383, -120.22897 59.058914, -120.230657 59.059224, -120.232451 59.05919, -120.234131 59.059134, -120.235778 59.058813, -120.238362 59.057349, -120.239041 59.056984, -120.242916 59.054242, -120.244574 59.053128, -120.245164 59.052782, -120.247654 59.051463, -120.248249 59.051121, -120.24982 59.050018, -120.250238 59.049633, -120.251716 59.04772, -120.253662 59.046685, -120.257555 59.044993, -120.261461 59.043824, -120.262112 59.043688, -120.262769 59.043566, -120.263385 59.043467, -120.264539 59.043228, -120.265153 59.043103, -120.265763 59.042986, -120.266255 59.042889, -120.266728 59.042829, -120.267179 59.04282, -120.2676 59.042885, -120.266 59.046184, -120.264072 59.051608, -120.264285 59.052017, -120.264993 59.052753, -120.26585 59.053384, -120.266276 59.053701, -120.26919 59.054582, -120.272549 59.052968, -120.27415 59.052786, -120.274897 59.052769, -120.275699 59.052763, -120.276609 59.052785, -120.279892 59.053318, -120.28138 59.053883, -120.282171 59.05413, -120.283751 59.054565, -120.28729 59.055137, -120.28989 59.055616, -120.29137 59.056069, -120.292427 59.056641, -120.294271 59.058654, -120.294915 59.059525, -120.295398 59.060432, -120.295654 59.061371, -120.295222 59.063241, -120.295019 59.063577, -120.292815 59.068992, -120.29302 59.068953, -120.289339 59.075217, -120.288527 59.076214, -120.287546 59.077751, -120.28748 59.079841, -120.287746 59.080334, -120.288107 59.08081, -120.290347 59.082449, -120.291089 59.08277, -120.29454 59.083613, -120.296418 59.083756, -120.299205 59.083567, -120.30094 59.083214, -120.302605 59.082829, -120.305181 59.082603, -120.305996 59.082691, -120.30672 59.082871, -120.307306 59.083135, -120.307706 59.083472, -120.307896 59.08385, -120.307664 59.084631, -120.307279 59.084992, -120.306781 59.085323, -120.305769 59.08597, -120.304913 59.087115, -120.305087 59.087957, -120.305363 59.088369, -120.305736 59.088765, -120.307226 59.090361, -120.307749 59.091226, -120.308214 59.092124, -120.308726 59.093032, -120.309547 59.094413, -120.310782 59.096245, -120.313565 59.099296, -120.314998 59.101045, -120.315188 59.101507, -120.315309 59.101976, -120.315471 59.102923, -120.315724 59.103875, -120.315942 59.104346, -120.317838 59.105899, -120.320204 59.106372, -120.321043 59.106379, -120.322685 59.106179, -120.32421 59.105771, -120.325621 59.105229, -120.327659 59.104317, -120.328352 59.104009, -120.32977 59.103394, -120.332006 59.102558, -120.332789 59.102308, -120.335279 59.101687, -120.337989 59.101419, -120.338913 59.10142, -120.342582 59.101768, -120.344278 59.102182, -120.345748 59.102779, -120.346839 59.103549, -120.347372 59.10445, -120.347294 59.105883, -120.346797 59.107336, -120.346527 59.108335, -120.346244 59.109872, -120.346194 59.110393, -120.346257 59.112482, -120.346352 59.113525, -120.346383 59.114564, -120.346346 59.115083, -120.346266 59.1156, -120.345994 59.116625, -120.345325 59.118642, -120.345011 59.120661, -120.344423 59.125207, -120.344208 59.128744, -120.345424 59.131231, -120.345793 59.131712, -120.346208 59.132182, -120.347194 59.133072, -120.348412 59.13387, -120.351343 59.135207, -120.352962 59.135738, -120.354683 59.136105, -120.355569 59.136194, -120.35645 59.136206, -120.358897 59.135802, -120.360103 59.135192, -120.361231 59.133977, -120.36237 59.132205, -120.362751 59.131779, -120.36425 59.130653, -120.366984 59.12951, -120.3686 59.129145, -120.370293 59.128996, -120.37112 59.129027, -120.371883 59.129151, -120.373057 59.129642, -120.373422 59.129969, -120.373645 59.13033, -120.373727 59.131107, -120.373653 59.131514, -120.373388 59.132347, -120.3732 59.132775, -120.372741 59.133646, -120.372193 59.134546, -120.371906 59.135003, -120.371619 59.135465, -120.371061 59.136402, -120.370536 59.137357, -120.370283 59.137839, -120.369432 59.1393, -120.368599 59.140216, -120.366594 59.141905, -120.365892 59.143687, -120.366154 59.144105, -120.367138 59.144804, -120.367786 59.145086, -120.369792 59.145926, -120.372278 59.147823, -120.37357 59.14958, -120.374018 59.150305, -120.374409 59.150939, -120.374437 59.152798, -120.374195 59.153246, -120.372102 59.15584, -120.37136 59.156706, -120.369977 59.158473, -120.369647 59.15892, -120.368687 59.160263, -120.367762 59.161635, -120.367446 59.162097, -120.365054 59.1653, -120.364296 59.166711, -120.364147 59.167678, -120.364538 59.169112, -120.366103 59.171914, -120.366638 59.172839, -120.366915 59.173295, -120.368091 59.175074, -120.368394 59.175511, -120.369987 59.177688, -120.37033 59.178119, -120.373323 59.181521, -120.373688 59.181939, -120.374325 59.182789, -120.374577 59.183224, -120.374823 59.184531, -120.374697 59.184956, -120.374178 59.185763, -120.373817 59.186144, -120.372628 59.18728, -120.371893 59.188087, -120.371242 59.188946, -120.370686 59.189846, -120.370442 59.190306, -120.369992 59.19124, -120.36935 59.192648, -120.368902 59.193582, -120.368449 59.194511, -120.367411 59.19682, -120.366515 59.200078, -120.36653 59.200553, -120.366573 59.201027, -120.366802 59.201979, -120.367003 59.20245, -120.367254 59.202916, -120.368233 59.204288, -120.369164 59.205114, -120.369666 59.205516, -120.370178 59.205932, -120.372968 59.208497, -120.373293 59.208941, -120.373762 59.209844, -120.374075 59.210787, -120.374106 59.212183, -120.372411 59.213321, -120.371656 59.213591, -120.370522 59.214223, -120.368421 59.215632, -120.366431 59.217104, -120.365473 59.217833, -120.363731 59.219719, -120.363549 59.220084, -120.364911 59.222465, -120.365468 59.224669, -120.365311 59.225508, -120.363242 59.225902, -120.362387 59.225982, -120.361275 59.225967, -120.358859 59.226282, -120.356409 59.2266, -120.355589 59.226684, -120.350716 59.227416, -120.349209 59.227844, -120.346293 59.228867, -120.345527 59.229083, -120.343041 59.229469, -120.337077 59.229933, -120.336224 59.230024, -120.333668 59.230306, -120.329311 59.230759, -120.325763 59.230986, -120.323978 59.23106, -120.31781 59.231389, -120.316934 59.231447, -120.310847 59.231811, -120.30914 59.23202, -120.304922 59.2328, -120.303164 59.233003, -120.302277 59.233076, -120.297875 59.233124, -120.293663 59.232558, -120.292817 59.232451, -120.28936 59.232305, -120.28049 59.232394, -120.278729 59.232292, -120.275202 59.232069, -120.27253 59.232004, -120.270763 59.232, -120.26822 59.232327, -120.266392 59.233206, -120.265635 59.234031, -120.264256 59.235749, -120.263833 59.236154, -120.26281 59.23688, -120.262193 59.237182, -120.261509 59.237434, -120.259168 59.237794, -120.256707 59.237592, -120.254273 59.23713, -120.252622 59.236795, -120.251779 59.236634, -120.250021 59.236358, -120.24823 59.236187, -120.245448 59.236152, -120.241742 59.236234, -120.239946 59.236119, -120.237658 59.235468, -120.236369 59.234276, -120.236184 59.233814, -120.235643 59.231916, -120.234587 59.230602, -120.233424 59.229888, -120.231997 59.22933, -120.230509 59.228847, -120.22978 59.22861, -120.228368 59.228115, -120.225559 59.22713, -120.224001 59.226792, -120.222381 59.226675, -120.220169 59.227088, -120.218818 59.2281, -120.218557 59.229409, -120.218775 59.230362, -120.219483 59.231824, -120.219935 59.232806, -120.219694 59.234716, -120.21832 59.235883, -120.21712 59.23655, -120.215255 59.237543, -120.214613 59.237876, -120.213952 59.238204, -120.211833 59.239117, -120.208474 59.239847, -120.206711 59.239953, -120.204908 59.239956, -120.202224 59.239726, -120.201362 59.239585, -120.199662 59.239292, -120.196226 59.239258, -120.193928 59.239898, -120.191133 59.241102, -120.189763 59.241734, -120.188321 59.242848, -120.188189 59.243287, -120.188509 59.244182, -120.188987 59.244591, -120.190367 59.245315, -120.192568 59.246417, -120.193761 59.247268, -120.195257 59.24918, -120.196082 59.251668, -120.197219 59.254182, -120.198045 59.255128, -120.198613 59.255559, -120.200874 59.256646, -120.201755 59.256943, -120.204567 59.25772, -120.210496 59.258976, -120.211533 59.259122, -120.214738 59.25942, -120.215826 59.259452, -120.220164 59.259187, -120.221243 59.259074, -120.224438 59.258616, -120.227542 59.258026, -120.228584 59.257845, -120.229638 59.257693, -120.231774 59.257538, -120.232848 59.257537, -120.233917 59.25758, -120.236015 59.257792, -120.241076 59.258757, -120.242055 59.259003, -120.246619 59.260495, -120.249488 59.26131, -120.2505 59.261526, -120.253667 59.261874, -120.256882 59.261756, -120.258982 59.26149, -120.263062 59.260741, -120.265148 59.260519, -120.266196 59.260497, -120.267235 59.260534, -120.269229 59.260788, -120.271012 59.261271, -120.273178 59.262319, -120.274265 59.263163, -120.275578 59.265032, -120.275809 59.266005, -120.275848 59.266951, -120.275835 59.267415, -120.275799 59.267873, -120.275726 59.268326, -120.275427 59.269205, -120.275194 59.269623, -120.274911 59.270023, -120.2746 59.270414, -120.272654 59.272263, -120.272275 59.272645, -120.271938 59.273048, -120.271651 59.273475, -120.271416 59.273923, -120.271215 59.274389, -120.271023 59.274865, -120.270822 59.275341, -120.270588 59.275812, -120.270302 59.276271, -120.268449 59.277836, -120.267823 59.278137, -120.266413 59.278601, -120.263428 59.279339, -120.261972 59.279786, -120.260588 59.280327, -120.256616 59.282204, -120.255915 59.282493, -120.25288 59.283442, -120.246333 59.284714, -120.2413 59.285364, -120.239597 59.285343, -120.238779 59.285252, -120.237288 59.28489, -120.236042 59.284344, -120.234407 59.283415, -120.23384 59.283113, -120.231884 59.28233, -120.228082 59.28146, -120.226473 59.28127, -120.223147 59.281157, -120.221476 59.281078, -120.220659 59.281008, -120.219051 59.280824, -120.217439 59.28066, -120.214234 59.280591, -120.213442 59.280641, -120.210368 59.281217, -120.208985 59.281735, -120.207072 59.282658, -120.205698 59.283183, -120.202558 59.283667, -120.198633 59.28329, -120.197022 59.283079, -120.19452 59.282836, -120.191981 59.282621, -120.191123 59.282542, -120.190269 59.282469, -120.187706 59.282248, -120.186868 59.28215, -120.186055 59.282019, -120.183326 59.281071, -120.181719 59.280082, -120.180703 59.279381, -120.180209 59.279017, -120.178711 59.277918, -120.177639 59.2772, -120.176018 59.276153, -120.174539 59.275079, -120.173704 59.274327, -120.17271 59.273145, -120.172331 59.272773, -120.171362 59.272135, -120.170102 59.271841, -120.169332 59.272034, -120.168044 59.272487, -120.167575 59.272814, -120.167207 59.273201, -120.166805 59.274078, -120.166877 59.275029, -120.167307 59.27603, -120.167885 59.277018, -120.168083 59.278423, -120.167876 59.27884, -120.167432 59.27919, -120.166331 59.279758, -120.164923 59.280141, -120.16335 59.280387, -120.159238 59.280805, -120.157514 59.280977, -120.153138 59.281475, -120.150596 59.281403, -120.14986 59.281219, -120.149227 59.280965, -120.148671 59.280672, -120.148198 59.280345, -120.147459 59.279034, -120.147176 59.277099, -120.147162 59.276606, -120.147092 59.274136, -120.146752 59.270157, -120.146007 59.268807, -120.14442 59.267817, -120.142856 59.267449, -120.141973 59.267362, -120.141055 59.267352, -120.139218 59.267521, -120.137463 59.267944, -120.136649 59.26821, -120.131259 59.270189, -120.129616 59.270482, -120.128791 59.270497, -120.127965 59.270454, -120.125662 59.270025, -120.123922 59.269107, -120.123153 59.268275, -120.122729 59.267306, -120.122319 59.265841, -120.122027 59.264323, -120.122134 59.262808, -120.122553 59.261823, -120.124161 59.25998, -120.125923 59.258697, -120.127172 59.257891, -120.128099 59.257082, -120.128357 59.256664, -120.128539 59.256244, -120.128596 59.255818, -120.128533 59.255385, -120.128221 59.254509, -120.127958 59.254085, -120.127638 59.253662, -120.126843 59.252824, -120.126373 59.252413, -120.124534 59.25136, -120.122155 59.250753, -120.119572 59.250744, -120.117909 59.251024, -120.112986 59.252043, -120.109631 59.25206, -120.108923 59.251855, -120.107667 59.251393, -120.106707 59.250949, -120.106881 59.249393, -120.107269 59.248628, -120.107991 59.246402, -120.108255 59.24588, -120.108582 59.24538, -120.110781 59.244177, -120.111724 59.243969, -120.112644 59.243787, -120.113581 59.243643, -120.116423 59.243338, -120.118341 59.243144, -120.121832 59.242232, -120.123179 59.241481, -120.124909 59.240195, -120.126136 59.23936, -120.132774 59.235275, -120.136973 59.232907, -120.137776 59.232559, -120.142762 59.230629, -120.144077 59.229821, -120.144761 59.228478, -120.144603 59.228044, -120.144217 59.227633, -120.142429 59.226537, -120.141096 59.225874, -120.139585 59.225321, -120.137895 59.225082, -120.135253 59.22523, -120.132832 59.225931, -120.130706 59.22673, -120.129171 59.227157, -120.126671 59.227521, -120.124949 59.22757, -120.124098 59.227543, -120.118068 59.22753, -120.113705 59.227876, -120.112047 59.228141, -120.109689 59.228755, -120.107292 59.229403, -120.104096 59.23031, -120.10047 59.231722, -120.098982 59.232283, -120.095004 59.233412, -120.09415 59.233557, -120.090558 59.233883, -120.084169 59.233514, -120.083257 59.233473, -120.07955 59.233523, -120.078626 59.233559, -120.074908 59.233574, -120.072177 59.233307, -120.071307 59.233155, -120.069075 59.232313, -120.067729 59.231658, -120.067063 59.231327, -120.065641 59.230706, -120.064146 59.230125, -120.063364 59.229871, -120.06171 59.22945, -120.059939 59.22919, -120.05808 59.229116, -120.051608 59.228812, -120.049835 59.228526, -120.046523 59.227641, -120.04499 59.227083, -120.040314 59.225508, -120.038635 59.225207, -120.037794 59.225125, -120.034564 59.225794, -120.033798 59.225983, -120.030804 59.226262, -120.030215 59.226161, -120.029698 59.226009, -120.029388 59.225726, -120.029276 59.225082, -120.030436 59.22429, -120.031484 59.224069, -120.032366 59.223869, -120.033233 59.223653, -120.035637 59.223038, -120.039015 59.222258, -120.040797 59.221855, -120.041671 59.221641, -120.043372 59.221162, -120.045652 59.220253, -120.046324 59.219905, -120.049022 59.217885, -120.04998 59.216551, -120.050199 59.216084, -120.048251 59.214314, -120.046666 59.21315, -120.045426 59.212435, -120.04348 59.211404, -120.042817 59.211062, -120.042119 59.210727, -120.040679 59.210095, -120.038233 59.209581, -120.037352 59.209611, -120.03498 59.210168, -120.03437 59.210481, -120.033316 59.211186, -120.030515 59.212945, -120.028364 59.213616, -120.027579 59.213744, -120.026755 59.213815, -120.024057 59.213965, -120.020713 59.214152, -120.01733 59.214775, -120.016535 59.214987, -120.014099 59.215331, -120.013299 59.215276, -120.012542 59.215146, -120.01247 59.215124, -120.012282 59.214938, -120.012233 59.213604, -120.012894 59.213058, -120.013311 59.212804, -120.014799 59.212079, -120.01782 59.211149, -120.019057 59.210825, -120.020125 59.210397, -120.020754 59.209858, -120.020659 59.209251, -120.019413 59.208581, -120.019365 59.20857, -120.020326 59.208431, -120.021874 59.208064, -120.023655 59.207193, -120.024129 59.206849, -120.027988 59.20339, -120.030734 59.201532, -120.034288 59.200007, -120.03588 59.199489, -120.036689 59.199236, -120.03995 59.198256, -120.041886 59.197284, -120.042505 59.196456, -120.042465 59.19512, -120.042148 59.194218, -120.041861 59.193305, -120.041961 59.192413, -120.042238 59.192008, -120.042677 59.19166, -120.04324 59.191373, -120.043913 59.191158, -120.045444 59.19092, -120.047119 59.190962, -120.047953 59.19109, -120.048739 59.191292, -120.049441 59.191562, -120.050044 59.191889, -120.050916 59.192664, -120.051489 59.193975, -120.051574 59.194876, -120.051812 59.196679, -120.052584 59.198002, -120.054006 59.199155, -120.055825 59.200144, -120.056489 59.200445, -120.057929 59.200991, -120.061278 59.201573, -120.063042 59.201509, -120.064778 59.201328, -120.066515 59.201116, -120.067382 59.201, -120.068246 59.20088, -120.070848 59.200514, -120.073429 59.200054, -120.076342 59.198936, -120.078816 59.197517, -120.080271 59.19629, -120.081693 59.194512, -120.082717 59.193768, -120.083385 59.193499, -120.084133 59.193315, -120.084916 59.193209, -120.08571 59.193162, -120.0865 59.193151, -120.088082 59.193171, -120.088884 59.193184, -120.089698 59.193197, -120.091349 59.193217, -120.093024 59.193195, -120.097303 59.193027, -120.099801 59.193279, -120.101215 59.193751, -120.101826 59.194052, -120.102385 59.194378, -120.104026 59.195383, -120.10528 59.196002, -120.106724 59.196533, -120.107521 59.196755, -120.10924 59.197111, -120.110148 59.197242, -120.111077 59.197343, -120.112966 59.19741, -120.114831 59.197275, -120.115741 59.197144, -120.117474 59.19676, -120.120344 59.195537, -120.120868 59.195147, -120.121591 59.194282, -120.121926 59.193356, -120.121927 59.192883, -120.121593 59.191952, -120.12002 59.189715, -120.117755 59.18828, -120.116973 59.18803, -120.113682 59.187111, -120.111938 59.186118, -120.111684 59.18572, -120.111552 59.185312, -120.111418 59.184481, -120.111384 59.184055, -120.111327 59.183181, -120.111272 59.182302, -120.111838 59.181096, -120.11296 59.180575, -120.1144 59.180351, -120.116605 59.180134, -120.118591 59.179622, -120.119165 59.179371, -120.122006 59.178013, -120.123519 59.1766, -120.123588 59.176193, -120.123408 59.175356, -120.12279 59.174074, -120.122512 59.173645, -120.12182 59.172807, -120.120525 59.171609, -120.119622 59.170811, -120.118728 59.169519, -120.118295 59.168165, -120.118391 59.166342, -120.119703 59.164718, -120.120961 59.164153, -120.121693 59.163952, -120.123204 59.163607, -120.124696 59.163236, -120.126042 59.162749, -120.12802 59.161416, -120.128672 59.160624, -120.128908 59.16021, -120.129052 59.159789, -120.12873 59.158545, -120.128431 59.158147, -120.126683 59.156176, -120.12536 59.155041, -120.123925 59.153933, -120.123015 59.152715, -120.122442 59.150991, -120.122535 59.149671, -120.122759 59.147431, -120.122237 59.146088, -120.120824 59.143925, -120.120176 59.143099, -120.118015 59.141743, -120.115557 59.141243, -120.111899 59.141174, -120.110999 59.141246, -120.110126 59.14137, -120.109286 59.141537, -120.108469 59.141734, -120.106097 59.142439, -120.100906 59.144477, -120.100313 59.144842, -120.099186 59.145587, -120.097179 59.146483, -120.09473 59.146853, -120.092263 59.146616, -120.091473 59.14645, -120.089765 59.145996, -120.087512 59.145398, -120.086705 59.145174, -120.085084 59.144724, -120.084297 59.144478, -120.082386 59.143518, -120.081894 59.142693, -120.081948 59.142262, -120.082159 59.14184, -120.083001 59.141029, -120.084096 59.140315, -120.085341 59.139645, -120.086011 59.139331, -120.086719 59.139035, -120.087457 59.138762, -120.091481 59.137927, -120.092302 59.137814, -120.09475 59.137418, -120.097143 59.136879, -120.099774 59.135813, -120.101142 59.134953, -120.098021 59.134024, -120.095986 59.133773, -120.093957 59.133664, -120.088882 59.133057, -120.088049 59.132975, -120.086331 59.132862, -120.083679 59.132848, -120.082796 59.132901, -120.081924 59.132988, -120.080248 59.133271, -120.078691 59.133612, -120.077948 59.133752, -120.076578 59.133883, -120.07597 59.133895, -120.075433 59.133916, -120.074704 59.133307, -120.074832 59.132468, -120.074907 59.132129, -120.075631 59.131765, -120.076327 59.131489, -120.078551 59.130873, -120.080974 59.130489, -120.085117 59.13044, -120.087438 59.130405, -120.088134 59.130347, -120.089716 59.129144, -120.090606 59.128174, -120.09215 59.127488, -120.092786 59.127325, -120.094716 59.126806, -120.095932 59.12634, -120.09697 59.125769, -120.097666 59.125095, -120.097683 59.124011, -120.096665 59.122892, -120.094769 59.122049, -120.093058 59.121721, -120.092189 59.121715, -120.089844 59.122315, -120.08764 59.122827, -120.0869 59.122838, -120.084749 59.122599, -120.082619 59.122175, -120.081883 59.122023, -120.074763 59.120733, -120.073921 59.120627, -120.071402 59.120344, -120.070593 59.120225, -120.068423 59.119652, -120.067234 59.119087, -120.065643 59.11764, -120.065642 59.116921, -120.065955 59.116605, -120.066332 59.116327, -120.066911 59.116101, -120.067612 59.115959, -120.06992 59.115875, -120.071473 59.115812, -120.073704 59.115444, -120.074655 59.114969, -120.074711 59.113977, -120.073864 59.112832, -120.07358 59.112446, -120.07306 59.111654, -120.072858 59.110505, -120.073079 59.110165, -120.07346 59.109879, -120.074569 59.10962, -120.076449 59.109883, -120.076985 59.110078, -120.077492 59.110342, -120.078949 59.111205, -120.079469 59.111506, -120.081333 59.112221, -120.082059 59.11238, -120.083575 59.112643, -120.084301 59.112799, -120.087279 59.114083, -120.087844 59.114371, -120.090718 59.115847, -120.091914 59.116439, -120.094798 59.117097, -120.096846 59.117194, -120.097416 59.117203, -120.098449 59.115776, -120.099316 59.11495, -120.099884 59.114647, -120.101919 59.11428, -120.103595 59.114901, -120.104672 59.115525, -120.105259 59.115729, -120.107224 59.115877, -120.107831 59.115784, -120.108354 59.115662, -120.109277 59.115397, -120.110015 59.115215, -120.109779 59.114862, -120.10777 59.113887, -120.10617 59.112645, -120.103263 59.111451, -120.09917 59.110346, -120.097629 59.109927, -120.095354 59.109329, -120.094032 59.108819, -120.0935 59.108506, -120.093082 59.10816, -120.092755 59.107794, -120.092556 59.107409, -120.092422 59.106615, -120.092456 59.10621, -120.092622 59.104993, -120.092442 59.104175, -120.092179 59.103785, -120.09037 59.101891, -120.089303 59.101244, -120.087099 59.10064, -120.085431 59.100774, -120.080492 59.100724, -120.072973 59.100159, -120.070491 59.099774, -120.06969 59.099612, -120.068147 59.099194, -120.06628 59.098304, -120.066016 59.097927, -120.065888 59.097547, -120.065845 59.097162, -120.06587 59.096775, -120.066653 59.095607, -120.067182 59.094806, -120.068052 59.093505, -120.068926 59.091734, -120.06915 59.090842, -120.068556 59.089159, -120.06664 59.088148, -120.063995 59.087652, -120.061322 59.087215, -120.059792 59.086785, -120.059151 59.086503, -120.058598 59.086196, -120.0581 59.085867, -120.057641 59.08552, -120.055713 59.084115, -120.052753 59.082525, -120.052151 59.082216, -120.05094 59.08161, -120.049629 59.081065, -120.048126 59.080619, -120.046477 59.080314, -120.044784 59.080275, -120.044027 59.080407, -120.043216 59.080551, -120.042388 59.080758, -120.040727 59.081079, -120.039037 59.08131, -120.037458 59.081435, -120.03601 59.081472, -120.033266 59.08065, -120.031685 59.080535, -120.030105 59.080581, -120.02935 59.080659, -120.027226 59.081061, -120.025693 59.081906, -120.024579 59.08237, -120.024038 59.082493, -120.022942 59.082635, -120.021841 59.082606, -120.020773 59.082086, -120.022132 59.080463, -120.024352 59.079074, -120.025348 59.078232, -120.025845 59.077416, -120.026146 59.076674, -120.02627 59.076342, -120.026419 59.075354, -120.024629 59.07453, -120.023491 59.073555, -120.023102 59.072663, -120.023018 59.071825, -120.025803 59.071058, -120.028129 59.071402, -120.028761 59.07165, -120.029918 59.072128, -120.031711 59.072412, -120.032899 59.072183, -120.033976 59.071684, -120.034781 59.071014, -120.035085 59.070619, -120.035659 59.069833, -120.037791 59.068619, -120.039217 59.06851, -120.040552 59.068693, -120.045685 59.069569, -120.046291 59.069656, -120.047121 59.068471, -120.047259 59.067447, -120.046901 59.065982, -120.046817 59.065133, -120.046899 59.064771, -120.046937 59.064396, -120.046971 59.064013, -120.04666 59.06311, -120.046582 59.062319, -120.047155 59.062016, -120.047418 59.061924, -120.049862 59.063155, -120.050295 59.063302, -120.051195 59.06379, -120.05136 59.065053, -120.052301 59.066063, -120.055622 59.067522, -120.05693 59.068032, -120.05812 59.068554, -120.058727 59.068803, -120.059283 59.069056, -120.059812 59.069297, -120.060508 59.067939, -120.061984 59.065739, -120.062382 59.064029, -120.062717 59.063333, -120.063265 59.061998, -120.064936 59.062478, -120.067417 59.063585, -120.068507 59.064752, -120.07122 59.065619, -120.071687 59.065769, -120.072618 59.066076, -120.073489 59.06638, -120.075614 59.063752, -120.075582 59.063372, -120.075937 59.06208, -120.076506 59.059965, -120.076531 59.059344, -120.069958 59.057571, -120.066762 59.057822, -120.066061 59.057731, -120.064031 59.057385, -120.061123 59.0564, -120.057974 59.055122, -120.056472 59.054693, -120.054834 59.054343, -120.054002 59.054233, -120.05048 59.054578, -120.048707 59.054826, -120.046137 59.054977, -120.045281 59.054983, -120.04171 59.054828, -120.037424 59.055288, -120.034048 59.055319, -120.030088 59.054586, -120.028431 59.054468, -120.025999 59.054798, -120.024448 59.055112, -120.021342 59.055105, -120.020621 59.054954, -120.019257 59.05453, -120.01803 59.053992, -120.015848 59.052666, -120.015359 59.052291, -120.014351 59.05156, -120.012238 59.0501, -120.01119 59.048841, -120.010911 59.047918, -120.01025 59.044584, -120.009941 59.04267, -120.00877 59.040987, -120.008031 59.040195, -120.007721 59.039791, -120.007747 59.038125, -120.008665 59.037541, -120.010771 59.036679, -120.011515 59.036392, -120.014258 59.035236, -120.015353 59.034521, -120.016245 59.033801, -120.016888 59.031767, -120.01739 59.030937, -120.017678 59.03052, -120.018059 59.030134, -120.01888 59.028545, -120.018965 59.028127, -120.018767 59.02593, -120.018752 59.025473, -120.018531 59.024124, -120.018259 59.022809, -120.018541 59.021971, -120.01932 59.021243, -120.021164 59.01982, -120.021619 59.019446, -120.022059 59.019062, -120.022479 59.018663, -120.024017 59.016999, -120.0244 59.016574, -120.027161 59.014115, -120.027791 59.013768, -120.029228 59.013174, -120.030954 59.012761, -120.032824 59.012509, -120.035642 59.012199, -120.036592 59.0121, -120.037539 59.012005, -120.041418 59.011644, -120.043428 59.011552, -120.045515 59.011635, -120.047259 59.012101, -120.048783 59.012729, -120.049479 59.013095, -120.051659 59.014193, -120.053247 59.014876, -120.054981 59.015412, -120.059263 59.016757, -120.060678 59.017445, -120.061357 59.017735, -120.062274 59.018525, -120.061978 59.019023, -120.062037 59.019525, -120.061843 59.020121, -120.062371 59.021558, -120.062959 59.022445, -120.063762 59.023267, -120.0654 59.023327, -120.067569 59.023031, -120.069056 59.02286, -120.070056 59.022808, -120.071022 59.022726, -120.072132 59.022546, -120.075543 59.022122, -120.07659 59.021977, -120.077636 59.021851, -120.080601 59.021792, -120.081463 59.021895, -120.082271 59.022028, -120.083738 59.022297, -120.084432 59.022431, -120.085418 59.023024, -120.085974 59.023231, -120.08636 59.02335, -120.086862 59.023705, -120.087158 59.023819, -120.081122 59.026863, -120.080599 59.027551, -120.079377 59.029987, -120.07912 59.030622, -120.078885 59.031247, -120.078721 59.031792, -120.078425 59.032886, -120.078091 59.034528, -120.078021 59.035077, -120.077976 59.036173, -120.078499 59.038863, -120.079385 59.040386, -120.080872 59.041745, -120.083194 59.042656, -120.084063 59.042922, -120.085812 59.043393, -120.08746 59.043771, -120.088247 59.043967, -120.089816 59.044326, -120.091491 59.044483, -120.094885 59.041919, -120.095513 59.041183, -120.093778 59.040021, -120.091844 59.038944, -120.091493 59.037323, -120.091843 59.036938, -120.092506 59.036229, -120.094146 59.035931, -120.096372 59.035532, -120.097096 59.035301, -120.09907 59.034483, -120.099742 59.034202, -120.10208 59.0335, -120.10285 59.033366, -120.104352 59.033101, -120.105075 59.03298, -120.106588 59.032892, -120.108069 59.032801, -120.109832 59.032643, -120.110618 59.035207, -120.111174 59.035933, -120.108068 59.038228, -120.108987 59.039326, -120.109648 59.039499, -120.110716 59.039884, -120.112587 59.040344, -120.1134 59.038496, -120.11374 59.035773, -120.113765 59.035246, -120.113589 59.033281, -120.113453 59.032848, -120.112603 59.031614, -120.111863 59.030893, -120.108783 59.028973, -120.10761 59.028107, -120.10653 59.027017, -120.106248 59.026686, -120.107277 59.02613, -120.107672 59.02608, -120.10824 59.026052, -120.111594 59.026113, -120.113384 59.026325, -120.116562 59.026752, -120.119131 59.027151, -120.11991 59.02724, -120.124026 59.027065, -120.125655 59.027027, -120.126452 59.027042, -120.127205 59.0271, -120.128425 59.02743, -120.129905 59.028264, -120.130296 59.028639, -120.131315 59.029186, -120.134079 59.030332, -120.135187 59.0306, -120.136652 59.029853, -120.137504 59.029062))"
30,2023-06-23 10:31:00,2023060701,2023,192.9,Digitized from image,1686121200000,1686702984000,Under Control,JA70003000,1928719.5317,6543.4959,111,a07b7171-4f4a-456b-b903-2be7f9d3a2f8,6815948.390625,12301.2475791152,https://wildfiresituation.nrs.gov.bc.ca/incidents?fireYear=2023&incidentNumber=G90565,"POLYGON ((-123.930494 57.92285, -123.930016 57.922425, -123.929313 57.922205, -123.928585 57.921795, -123.92821 57.921466, -123.927337 57.921072, -123.926669 57.920872, -123.926027 57.920843, -123.925001 57.921283, -123.924533 57.921352, -123.924147 57.921213, -123.923244 57.920724, -123.922622 57.920334, -123.921632 57.919483, -123.921509 57.91912, -123.921767 57.918658, -123.922026 57.918178, -123.922036 57.917361, -123.922034 57.916734, -123.921632 57.916243, -123.920852 57.915804, -123.920269 57.915035, -123.919985 57.914836, -123.919565 57.914834, -123.919274 57.915257, -123.918972 57.915869, -123.918496 57.916066, -123.917976 57.916091, -123.917568 57.915866, -123.917293 57.915511, -123.916611 57.914754, -123.916274 57.914545, -123.916303 57.914023, -123.916518 57.913361, -123.917083 57.912848, -123.917189 57.912624, -123.917605 57.912613, -123.917876 57.91261, -123.917959 57.91261, -123.918365 57.912616, -123.918702 57.91256, -123.918986 57.912441, -123.919284 57.912277, -123.919368 57.912231, -123.919651 57.912059, -123.920035 57.911904, -123.920335 57.911803, -123.920654 57.911719, -123.921091 57.911599, -123.92134 57.911472, -123.92169 57.911263, -123.921971 57.911026, -123.922086 57.910918, -123.922315 57.910683, -123.922511 57.91043, -123.922677 57.910259, -123.922972 57.909995, -123.92329 57.909796, -123.923624 57.909562, -123.923785 57.909628, -123.924571 57.909972, -123.925198 57.909935, -123.925506 57.909227, -123.926152 57.908857, -123.92679 57.90863, -123.927402 57.908544, -123.927627 57.908348, -123.927622 57.90812, -123.927885 57.907896, -123.928715 57.907757, -123.929676 57.907497, -123.930368 57.907593, -123.930763 57.907884, -123.931104 57.908174, -123.931543 57.908323, -123.933066 57.908252, -123.934148 57.908079, -123.935592 57.907816, -123.937105 57.907935, -123.93834 57.908239, -123.938859 57.908541, -123.93939 57.908645, -123.940037 57.908579, -123.94064 57.908654, -123.94101 57.909088, -123.940888 57.909352, -123.941041 57.90958, -123.941379 57.909853, -123.942412 57.910582, -123.943373 57.910976, -123.944663 57.911253, -123.945503 57.911912, -123.945329 57.912811, -123.944772 57.913183, -123.943963 57.913265, -123.943485 57.913514, -123.943257 57.913758, -123.943091 57.914173, -123.943084 57.914629, -123.942798 57.914957, -123.942071 57.915183, -123.941706 57.91532, -123.941861 57.91575, -123.942284 57.916184, -123.942523 57.91671, -123.942257 57.91701, -123.941856 57.917137, -123.941324 57.917072, -123.94103 57.917219, -123.940982 57.917427, -123.940593 57.917678, -123.939871 57.917809, -123.939222 57.918227, -123.939181 57.918986, -123.93968 57.919658, -123.940616 57.920528, -123.941031 57.921104, -123.941092 57.921628, -123.940635 57.921811, -123.939915 57.921894, -123.939022 57.921881, -123.938692 57.922027, -123.938752 57.922237, -123.938951 57.922525, -123.938431 57.92274, -123.938109 57.922873, -123.93727 57.922851, -123.935087 57.922561, -123.934006 57.922715, -123.93374 57.922996, -123.933715 57.923451, -123.93338 57.923693, -123.932114 57.923939, -123.931179 57.924039, -123.930325 57.923969, -123.929874 57.923715, -123.930008 57.923223, -123.930494 57.92285))"
31,2023-06-23 10:31:00,2023061601,2023,11077.3,Non-corrected ground GPS,1686898800000,1687110725000,Out of Control,JA70003000,110772832.0594,82658.653,112,728a1c45-bec0-4fcc-8b5a-5efc46cddc3e,404018272.71875,157838.980710284,https://wildfiresituation.nrs.gov.bc.ca/incidents?fireYear=2023&incidentNumber=G90628,"POLYGON ((-120.25436 58.403343, -120.257394 58.404234, -120.258483 58.404955, -120.258885 58.405368, -120.259363 58.406276, -120.259618 58.407226, -120.259768 58.4077, -120.259979 58.408163, -120.261811 58.409668, -120.262508 58.409906, -120.263268 58.410077, -120.264875 58.410264, -120.267361 58.410478, -120.269829 58.410853, -120.271463 58.411166, -120.272265 58.411348, -120.274337 58.412138, -120.2748 58.412504, -120.275115 58.412908, -120.275308 58.41333, -120.275429 58.413762, -120.275717 58.415082, -120.275885 58.415522, -120.27738 58.417098, -120.278634 58.417671, -120.280153 58.418035, -120.281818 58.418213, -120.283528 58.41826, -120.285225 58.418206, -120.287756 58.418024, -120.290282 58.41809, -120.291781 58.418451, -120.292978 58.419048, -120.294568 58.420055, -120.296228 58.421053, -120.297142 58.421823, -120.297578 58.422713, -120.297534 58.423652, -120.297138 58.425075, -120.297589 58.426902, -120.298016 58.42729, -120.298545 58.427636, -120.299169 58.427931, -120.30066 58.42833, -120.301485 58.428428, -120.303189 58.428459, -120.304036 58.428408, -120.306602 58.428176, -120.308338 58.428035, -120.313531 58.427479, -120.314366 58.427364, -120.317708 58.426844, -120.318531 58.426728, -120.320139 58.42661, -120.320902 58.426596, -120.321661 58.42662, -120.323244 58.426913, -120.32392 58.427127, -120.325349 58.428344, -120.326136 58.429264, -120.326457 58.429796, -120.327144 58.430728, -120.327464 58.431198, -120.328303 58.432612, -120.329504 58.43514, -120.330324 58.436596, -120.330624 58.437074, -120.330942 58.437536, -120.331623 58.438449, -120.332839 58.439746, -120.333794 58.440527, -120.334311 58.440882, -120.335397 58.441544, -120.335959 58.441864, -120.337079 58.44251, -120.337621 58.442831, -120.340845 58.44492, -120.341377 58.44529, -120.345277 58.44787, -120.348558 58.449494, -120.350859 58.450226, -120.351684 58.450408, -120.353393 58.450676, -120.35602 58.450892, -120.357779 58.450931, -120.358656 58.450922, -120.359526 58.450895, -120.360391 58.450849, -120.361248 58.450786, -120.364644 58.450439, -120.366339 58.450282, -120.369521 58.450571, -120.370137 58.450834, -120.371276 58.451952, -120.371443 58.452383, -120.371684 58.453272, -120.372054 58.454649, -120.372175 58.455117, -120.372415 58.456065, -120.373307 58.459476, -120.373413 58.459974, -120.373984 58.461944, -120.374634 58.462844, -120.375107 58.463235, -120.375676 58.463577, -120.376323 58.463873, -120.377821 58.464326, -120.380345 58.46471, -120.381213 58.464779, -120.383827 58.464899, -120.384697 58.464921, -120.38643 58.464948, -120.38817 58.464971, -120.389915 58.465028, -120.391666 58.465137, -120.392541 58.465209, -120.393412 58.465287, -120.395138 58.465456, -120.400229 58.465928, -120.401074 58.465987, -120.406208 58.466158, -120.407067 58.466149, -120.408788 58.466117, -120.410517 58.4661, -120.41138 58.466117, -120.413876 58.466402, -120.415393 58.466834, -120.41733 58.46779, -120.419022 58.468924, -120.419601 58.469306, -120.420825 58.470059, -120.422821 58.471133, -120.423523 58.471474, -120.424965 58.472133, -120.428023 58.473334, -120.429647 58.473846, -120.433962 58.474812, -120.438041 58.476039, -120.441488 58.477759, -120.442054 58.478157, -120.443149 58.479496, -120.443226 58.479981, -120.443166 58.480464, -120.442991 58.480938, -120.44233 58.481852, -120.441221 58.482688, -120.439914 58.483451, -120.439231 58.483817, -120.435997 58.484859, -120.434124 58.485021, -120.432238 58.484971, -120.430387 58.48486, -120.428599 58.484919, -120.427799 58.485057, -120.427095 58.485262, -120.426526 58.485544, -120.425886 58.486287, -120.425805 58.486682, -120.426117 58.48739, -120.426522 58.487684, -120.427073 58.487913, -120.427724 58.488114, -120.429162 58.488497, -120.430625 58.488932, -120.431373 58.489168, -120.432125 58.489415, -120.432885 58.489668, -120.434415 58.490168, -120.436644 58.490957, -120.439221 58.492269, -120.440636 58.493473, -120.442069 58.495702, -120.441932 58.49704, -120.441535 58.497426, -120.440982 58.497754, -120.439553 58.498199, -120.437918 58.498341, -120.437083 58.498334, -120.434524 58.498281, -120.43276 58.498313, -120.430977 58.498407, -120.424768 58.49908, -120.423922 58.499256, -120.422446 58.499748, -120.421894 58.50007, -120.421504 58.500431, -120.421266 58.50081, -120.421148 58.501204, -120.42153 58.502793, -120.421789 58.503184, -120.423038 58.504222, -120.42494 58.50489, -120.425657 58.505041, -120.427122 58.505329, -120.427851 58.505497, -120.429263 58.505912, -120.431743 58.507065, -120.432789 58.50775, -120.434918 58.509112, -120.436179 58.509659, -120.43833 58.510133, -120.439841 58.510164, -120.440584 58.5101, -120.442038 58.509854, -120.442748 58.509682, -120.445526 58.508857, -120.446222 58.508642, -120.45054 58.507577, -120.454262 58.50752, -120.455591 58.507807, -120.456184 58.508019, -120.457193 58.508572, -120.457928 58.509263, -120.45814 58.509652, -120.458218 58.510055, -120.457589 58.51127, -120.457125 58.511639, -120.455979 58.512319, -120.454081 58.513305, -120.453484 58.513655, -120.451764 58.515297, -120.451508 58.515752, -120.45077 58.517107, -120.448617 58.519702, -120.447415 58.521012, -120.446991 58.521451, -120.444892 58.523118, -120.444238 58.523484, -120.441926 58.524326, -120.441063 58.524497, -120.439275 58.524674, -120.438381 58.524689, -120.435698 58.52459, -120.433905 58.524449, -120.431163 58.524181, -120.429285 58.524023, -120.427363 58.523946, -120.425415 58.52399, -120.424445 58.524065, -120.42256 58.52433, -120.419359 58.525375, -120.417851 58.526564, -120.417489 58.527878, -120.418551 58.528939, -120.41912 58.529204, -120.420303 58.529687, -120.421888 58.530955, -120.421908 58.53133, -120.421519 58.532059, -120.420152 58.533407, -120.41988 58.533769, -120.419305 58.534531, -120.418953 58.534914, -120.417584 58.53604, -120.415898 58.537131, -120.414623 58.537818, -120.412503 58.538756, -120.410962 58.539315, -120.40673 58.540439, -120.405875 58.540663, -120.402558 58.541687, -120.398857 58.543334, -120.398193 58.543706, -120.395823 58.545919, -120.395249 58.547397, -120.395185 58.547896, -120.395089 58.549346, -120.394389 58.550617, -120.393924 58.550967, -120.39335 58.55127, -120.392703 58.551529, -120.391989 58.551752, -120.390397 58.552072, -120.388644 58.552178, -120.386023 58.551887, -120.384526 58.551396, -120.383872 58.551094, -120.382611 58.550456, -120.381925 58.550149, -120.378566 58.549278, -120.377601 58.54916, -120.37463 58.548964, -120.373627 58.548949, -120.368596 58.549188, -120.366614 58.54939, -120.361873 58.550185, -120.360075 58.550367, -120.359237 58.550328, -120.358475 58.550194, -120.35785 58.549976, -120.357367 58.549687, -120.356765 58.549015, -120.356644 58.548661, -120.356665 58.548304, -120.356815 58.547962, -120.357984 58.547091, -120.359873 58.546559, -120.362805 58.546035, -120.363549 58.545884, -120.365058 58.545571, -120.366597 58.545272, -120.367383 58.54515, -120.369002 58.545037, -120.369814 58.545063, -120.370621 58.545129, -120.373807 58.545488, -120.374606 58.545555, -120.37689 58.545484, -120.377512 58.545308, -120.378031 58.545064, -120.379074 58.544271, -120.37924 58.544025, -120.379361 58.543821, -120.37607 58.542508, -120.374578 58.541842, -120.372999 58.540767, -120.37188 58.53964, -120.371475 58.539286, -120.368986 58.53823, -120.368169 58.538122, -120.36566 58.538339, -120.364126 58.538837, -120.357888 58.540936, -120.352084 58.54259, -120.348423 58.543018, -120.344874 58.543652, -120.342357 58.544325, -120.341573 58.544597, -120.339143 58.546042, -120.338707 58.547387, -120.339681 58.54856, -120.340236 58.548865, -120.34085 58.54914, -120.342697 58.549907, -120.343759 58.550821, -120.34377 58.551505, -120.343292 58.552179, -120.342436 58.55282, -120.341404 58.55347, -120.340295 58.554156, -120.339706 58.554496, -120.338432 58.555134, -120.33628 58.555923, -120.334721 58.556341, -120.333914 58.556522, -120.33309 58.556683, -120.331393 58.556932, -120.327099 58.556844, -120.32482 58.556287, -120.322693 58.555592, -120.319861 58.554662, -120.319223 58.554391, -120.318126 58.553776, -120.317178 58.552682, -120.317055 58.552295, -120.316927 58.551512, -120.316845 58.551116, -120.316457 58.550357, -120.31561 58.54972, -120.31503 58.549456, -120.314373 58.549228, -120.312976 58.548824, -120.311008 58.548118, -120.309361 58.547251, -120.308876 58.546938, -120.307164 58.545586, -120.306536 58.544846, -120.306104 58.543689, -120.306631 58.542165, -120.307438 58.541043, -120.308313 58.539914, -120.309666 58.538926, -120.3102 58.538629, -120.310745 58.538333, -120.314803 58.536318, -120.315755 58.535662, -120.316089 58.535323, -120.316124 58.534547, -120.315868 58.534159, -120.315533 58.533784, -120.314217 58.532286, -120.314019 58.531894, -120.313694 58.53029, -120.313907 58.529483, -120.315626 58.52717, -120.316548 58.526507, -120.317118 58.526241, -120.318425 58.525824, -120.321258 58.525171, -120.321937 58.524993, -120.323936 58.523995, -120.324344 58.523001, -120.324382 58.522233, -120.325391 58.520937, -120.327162 58.520516, -120.327851 58.520476, -120.33004 58.520414, -120.330801 58.520403, -120.333007 58.520644, -120.333637 58.520858, -120.334203 58.521123, -120.3352 58.521761, -120.336988 58.523206, -120.337462 58.523571, -120.33989 58.524609, -120.341973 58.52457, -120.343041 58.524143, -120.343699 58.523179, -120.343607 58.522772, -120.343771 58.520474, -120.343845 58.519301, -120.343818 58.518496, -120.344128 58.517774, -120.344936 58.51727, -120.345456 58.5171, -120.346528 58.516816, -120.347436 58.516455, -120.348116 58.515757, -120.347689 58.515236, -120.347258 58.515054, -120.346454 58.514816, -120.345665 58.514689, -120.343925 58.514648, -120.34309 58.514738, -120.340505 58.51509, -120.336198 58.515613, -120.334453 58.515773, -120.333569 58.515841, -120.331791 58.515924, -120.327478 58.515482, -120.326006 58.515021, -120.324789 58.514421, -120.319061 58.511076, -120.317374 58.509518, -120.314755 58.50771, -120.312266 58.506375, -120.311634 58.506035, -120.305346 58.502597, -120.304005 58.501929, -120.302656 58.501265, -120.301814 58.500809, -120.300746 58.500231, -120.299271 58.499098, -120.29883 58.498721, -120.297798 58.498056, -120.297149 58.497805, -120.296413 58.497627, -120.294789 58.497459, -120.292246 58.4974, -120.289218 58.496877, -120.288612 58.496627, -120.287574 58.496042, -120.287125 58.495729, -120.285879 58.494751, -120.284267 58.49393, -120.283583 58.493765, -120.281339 58.493728, -120.280609 58.493838, -120.279207 58.494114, -120.277801 58.494286, -120.275894 58.494089, -120.274691 58.493421, -120.274511 58.492825, -120.275321 58.491604, -120.276434 58.491246, -120.277012 58.491059, -120.278226 58.490672, -120.278714 58.490432, -120.280144 58.489218, -120.281096 58.488164, -120.282628 58.486804, -120.283109 58.4865, -120.284289 58.486011, -120.285622 58.48566, -120.286314 58.485508, -120.288435 58.48512, -120.290481 58.484782, -120.291568 58.484448, -120.292069 58.484248, -120.293202 58.483568, -120.292729 58.483258, -120.291484 58.483298, -120.288579 58.482352, -120.286283 58.482142, -120.284503 58.482167, -120.282489 58.483098, -120.281964 58.483365, -120.281361 58.48355, -120.280767 58.483725, -120.280222 58.483922, -120.278523 58.484113, -120.278393 58.484042, -120.277973 58.48352, -120.277623 58.482555, -120.276933 58.481662, -120.276553 58.481125, -120.27569 58.479956, -120.275373 58.478294, -120.276321 58.476824, -120.276543 58.476115, -120.276456 58.474853, -120.2746 58.47399, -120.272588 58.473557, -120.270181 58.474171, -120.268413 58.47451, -120.267625 58.474639, -120.266089 58.474812, -120.263028 58.475233, -120.261448 58.475512, -120.260005 58.475621, -120.258659 58.47563, -120.257997 58.47563, -120.256777 58.475379, -120.256472 58.475197, -120.257006 58.475002, -120.260122 58.473671, -120.262585 58.473172, -120.264519 58.472374, -120.265011 58.47209, -120.265734 58.471404, -120.267017 58.470041, -120.267823 58.469418, -120.268238 58.46911, -120.269 58.468482, -120.269605 58.467795, -120.270166 58.467087, -120.270442 58.466735, -120.270065 58.466065, -120.266518 58.466008, -120.263641 58.466297, -120.262274 58.466154, -120.25896 58.464931, -120.258561 58.464677, -120.258228 58.464432, -120.258043 58.464172, -120.259262 58.463377, -120.260806 58.462714, -120.261773 58.462613, -120.263568 58.462032, -120.264663 58.461828, -120.265759 58.461628, -120.266342 58.461473, -120.266773 58.461359, -120.267679 58.461016, -120.268478 58.460602, -120.268338 58.459804, -120.268169 58.459053, -120.268085 58.458458, -120.267857 58.457926, -120.267705 58.45767, -120.266111 58.456601, -120.264464 58.456094, -120.261767 58.455212, -120.260384 58.454907, -120.259732 58.454729, -120.257939 58.454048, -120.256902 58.453582, -120.256228 58.453182, -120.256667 58.452624, -120.257238 58.452427, -120.257885 58.452348, -120.259513 58.452125, -120.260698 58.45194, -120.261447 58.451891, -120.263633 58.451461, -120.264833 58.451098, -120.26604 58.450782, -120.267929 58.450577, -120.270867 58.450679, -120.273231 58.450336, -120.274596 58.449638, -120.275272 58.449087, -120.276194 58.448247, -120.27664 58.447724, -120.276544 58.447278, -120.27397 58.44626, -120.26895 58.44614, -120.262695 58.448158, -120.25993 58.447551, -120.258487 58.44751, -120.256307 58.447547, -120.253419 58.447435, -120.250743 58.447872, -120.249971 58.448417, -120.249758 58.44874, -120.249059 58.449578, -120.248707 58.449733, -120.248332 58.449824, -120.247567 58.449736, -120.247204 58.449615, -120.246482 58.449254, -120.245669 58.44879, -120.244665 58.448306, -120.243516 58.44782, -120.242319 58.447305, -120.241738 58.447025, -120.239935 58.446173, -120.238482 58.445765, -120.236807 58.445688, -120.234463 58.446235, -120.233052 58.44676, -120.230778 58.447254, -120.229986 58.447312, -120.228429 58.44736, -120.22486 58.448011, -120.224247 58.448259, -120.222503 58.448882, -120.221939 58.448931, -120.221389 58.448923, -120.220475 58.448479, -120.220365 58.44822, -120.22028 58.447941, -120.220236 58.44764, -120.21937 58.445973, -120.217571 58.444279, -120.215162 58.44323, -120.211852 58.44286, -120.209284 58.443117, -120.204146 58.443752, -120.203269 58.443764, -120.20158 58.443669, -120.200819 58.443533, -120.20015 58.443333, -120.199613 58.443073, -120.199213 58.442769, -120.19896 58.442438, -120.198859 58.442092, -120.19908 58.441408, -120.199768 58.440776, -120.200227 58.440478, -120.201241 58.439891, -120.201741 58.43958, -120.202952 58.438497, -120.203319 58.438111, -120.204784 58.437099, -120.205414 58.436832, -120.206828 58.436404, -120.210568 58.435432, -120.212976 58.434198, -120.215462 58.432361, -120.216046 58.432035, -120.218125 58.43131, -120.219706 58.431075, -120.221331 58.430916, -120.222147 58.43082, -120.225018 58.429992, -120.225468 58.429643, -120.225761 58.42927, -120.225851 58.428842, -120.225659 58.427986, -120.225053 58.42666, -120.224849 58.42622, -120.223736 58.425021, -120.222353 58.424406, -120.220656 58.423932, -120.215066 58.423043, -120.214098 58.422981, -120.211196 58.423073, -120.208501 58.423599, -120.205623 58.42484, -120.204752 58.425696, -120.20403 58.426585, -120.203062 58.427407, -120.200858 58.428218, -120.198236 58.428327, -120.195813 58.427807, -120.191082 58.426509, -120.188418 58.42531, -120.187975 58.424917, -120.186803 58.423688, -120.18604 58.422854, -120.185676 58.422436, -120.18496 58.421604, -120.184267 58.420797, -120.183492 58.420034, -120.180242 58.418151, -120.178709 58.41796, -120.178054 58.417808, -120.174861 58.418585, -120.171741 58.418479, -120.171336 58.417902, -120.172458 58.417279, -120.173293 58.416806, -120.176318 58.415212, -120.176677 58.413372, -120.176328 58.412904, -120.175253 58.410638, -120.175181 58.410191, -120.175156 58.40979, -120.174975 58.40826, -120.175098 58.407544, -120.175992 58.406295, -120.178655 58.405673, -120.180851 58.40514, -120.183674 58.404994, -120.184856 58.405824, -120.185029 58.406967, -120.184948 58.407824, -120.185012 58.409113, -120.185218 58.409987, -120.185569 58.410865, -120.186086 58.411726, -120.187386 58.412833, -120.189383 58.413474, -120.190142 58.413591, -120.191703 58.413772, -120.194036 58.414095, -120.194808 58.414218, -120.195586 58.414321, -120.197867 58.414328, -120.19906 58.413935, -120.199764 58.413286, -120.199982 58.412915, -120.200424 58.41216, -120.20137 58.41108, -120.202597 58.410069, -120.204475 58.40876, -120.20629 58.407341, -120.208147 58.406613, -120.209674 58.406545, -120.210447 58.406602, -120.212781 58.406817, -120.215815 58.406513, -120.217395 58.405576, -120.217956 58.404747, -120.218814 58.40299, -120.220233 58.401379, -120.221945 58.400506, -120.22268 58.400382, -120.223444 58.400383, -120.224826 58.400745, -120.225412 58.401034, -120.226581 58.401609, -120.229382 58.402168, -120.230142 58.40212, -120.230898 58.402011, -120.232423 58.401739, -120.2348 58.40166, -120.235579 58.401737, -120.237103 58.401931, -120.238661 58.402059, -120.240282 58.402055, -120.241105 58.402008, -120.242783 58.401866, -120.25436 58.403343))"
32,2023-06-23 10:31:00,2023061601,2023,4688.0,Non-corrected airborne GPS,1686898800000,1687112110000,Out of Control,JA70003000,46879610.1938,44126.2711,113,c008dcec-394a-4cac-89d9-3c1a8af04153,168221034.929688,83595.3666184906,https://wildfiresituation.nrs.gov.bc.ca/incidents?fireYear=2023&incidentNumber=G90635,"POLYGON ((-119.9706 58.159132, -119.969247 58.158482, -119.968625 58.158134, -119.967599 58.157353, -119.966766 58.155969, -119.966669 58.155474, -119.966691 58.154467, -119.967142 58.152971, -119.967689 58.152023, -119.968556 58.151155, -119.971187 58.149802, -119.972795 58.149339, -119.973626 58.14914, -119.97447 58.148961, -119.976218 58.148684, -119.978937 58.148425, -119.97986 58.14834, -119.982565 58.147831, -119.986603 58.146328, -119.989003 58.145429, -119.989829 58.145163, -119.99248 58.144619, -119.994378 58.144544, -119.997187 58.144876, -119.9998 58.145508, -120.004574 58.147067, -120.007299 58.148337, -120.007922 58.148675, -120.010319 58.150017, -120.011669 58.150599, -120.014176 58.151125, -120.016972 58.151284, -120.018863 58.151316, -120.02461 58.150948, -120.026506 58.150792, -120.028362 58.150753, -120.029266 58.150806, -120.03014 58.15093, -120.032385 58.151717, -120.035839 58.153952, -120.036331 58.154349, -120.037184 58.155659, -120.036563 58.157415, -120.035757 58.158205, -120.034905 58.158982, -120.034186 58.159794, -120.033682 58.160647, -120.033515 58.161533, -120.033798 58.162398, -120.034155 58.162798, -120.035963 58.163756, -120.038475 58.164214, -120.039379 58.164268, -120.040289 58.164293, -120.043967 58.164342, -120.046705 58.164612, -120.04847 58.16491, -120.051863 58.165635, -120.053502 58.16603, -120.055206 58.166321, -120.058832 58.166375, -120.061472 58.165903, -120.0623 58.165655, -120.064686 58.164779, -120.065507 58.164503, -120.067282 58.164085, -120.070111 58.163842, -120.071051 58.163867, -120.072854 58.16404, -120.074494 58.164352, -120.075193 58.164581, -120.076257 58.165202, -120.07664 58.165974, -120.075687 58.167484, -120.074372 58.168429, -120.073754 58.169123, -120.074558 58.170758, -120.076913 58.17225, -120.078669 58.173909, -120.078992 58.175273, -120.077918 58.176963, -120.075731 58.178286, -120.074498 58.178873, -120.073935 58.179187, -120.072932 58.180342, -120.073067 58.181224, -120.074412 58.182417, -120.076347 58.183412, -120.077001 58.183733, -120.081178 58.186109, -120.082464 58.186759, -120.084819 58.187458, -120.086569 58.187722, -120.090226 58.187855, -120.093826 58.187626, -120.09557 58.187435, -120.096424 58.18731, -120.098805 58.186733, -120.100179 58.186187, -120.102389 58.184851, -120.102827 58.184477, -120.104108 58.182864, -120.105281 58.180777, -120.105908 58.179959, -120.107414 58.17894, -120.108806 58.178481, -120.111336 58.178264, -120.11313 58.178372, -120.116773 58.178761, -120.120186 58.179505, -120.1223 58.180398, -120.124381 58.181855, -120.124998 58.182666, -120.125537 58.185545, -120.125667 58.186357, -120.127183 58.187887, -120.127762 58.18823, -120.129545 58.189221, -120.130072 58.189568, -120.130837 58.190337, -120.131096 58.191623, -120.130994 58.192051, -120.130857 58.192473, -120.130722 58.192893, -120.130603 58.193314, -120.130515 58.193736, -120.130363 58.194981, -120.13004 58.195758, -120.128631 58.19664, -120.126575 58.197097, -120.125067 58.197269, -120.1243 58.197374, -120.122215 58.198026, -120.121337 58.198777, -120.120843 58.200096, -120.121282 58.201462, -120.122163 58.2023, -120.122721 58.202685, -120.124593 58.203742, -120.126665 58.204689, -120.127421 58.204966, -120.130017 58.205512, -120.130951 58.205613, -120.133749 58.205907, -120.137272 58.206645, -120.138082 58.206903, -120.140932 58.208206, -120.142182 58.208962, -120.143949 58.210143, -120.14569 58.211334, -120.1463 58.211718, -120.149899 58.214006, -120.154086 58.216658, -120.155636 58.217863, -120.156824 58.219163, -120.157148 58.219616, -120.159031 58.221859, -120.160954 58.223583, -120.161561 58.224167, -120.163061 58.22533, -120.1627 58.225646, -120.160011 58.226412, -120.159187 58.226478, -120.157506 58.226544, -120.152449 58.226666, -120.150779 58.226625, -120.149123 58.226541, -120.145821 58.226616, -120.14424 58.226865, -120.143479 58.227027, -120.142002 58.227401, -120.140554 58.227818, -120.139792 58.228006, -120.138999 58.228141, -120.137406 58.228208, -120.135352 58.227727, -120.134159 58.226616, -120.134186 58.225205, -120.135425 58.22331, -120.135934 58.222338, -120.13601 58.221353, -120.134518 58.219604, -120.132558 58.218556, -120.131874 58.218231, -120.129908 58.217201, -120.128768 58.216436, -120.126828 58.214749, -120.12386 58.21227, -120.123409 58.211851, -120.122322 58.210535, -120.121684 58.209658, -120.121327 58.209237, -120.120442 58.208463, -120.119211 58.207857, -120.116803 58.20738, -120.115064 58.207263, -120.108992 58.206903, -120.105634 58.206595, -120.1024 58.206084, -120.098835 58.204962, -120.097506 58.204454, -120.09682 58.204228, -120.095349 58.203903, -120.09217 58.203971, -120.089042 58.204433, -120.085834 58.204469, -120.085046 58.204396, -120.082729 58.204081, -120.08114 58.203975, -120.079544 58.204118, -120.078067 58.2045, -120.077389 58.204744, -120.073149 58.206735, -120.071867 58.207216, -120.071178 58.207413, -120.068269 58.207988, -120.066747 58.208197, -120.065989 58.208332, -120.064045 58.209055, -120.063562 58.2094, -120.062591 58.211097, -120.062549 58.211555, -120.062548 58.212019, -120.062597 58.212951, -120.063075 58.215282, -120.063617 58.216673, -120.064344 58.21805, -120.064622 58.218504, -120.065873 58.220278, -120.066584 58.221136, -120.066979 58.221552, -120.071405 58.224869, -120.072662 58.225477, -120.074191 58.225935, -120.075823 58.226286, -120.076662 58.226481, -120.078042 58.227009, -120.078761 58.228125, -120.077641 58.22913, -120.075376 58.229574, -120.072839 58.229579, -120.072013 58.229516, -120.069006 58.228809, -120.06835 58.228532, -120.066492 58.227634, -120.065115 58.227148, -120.064353 58.226981, -120.061903 58.226787, -120.058548 58.226992, -120.055154 58.22704, -120.051912 58.226551, -120.050364 58.226237, -120.047971 58.225944, -120.045502 58.226102, -120.043114 58.226568, -120.041518 58.226773, -120.039127 58.22663, -120.037068 58.225919, -120.036478 58.225618, -120.03375 58.223546, -120.0333 58.223208, -120.03275 58.222916, -120.030446 58.222498, -120.029573 58.222489, -120.028694 58.222497, -120.027819 58.222494, -120.025256 58.222326, -120.023611 58.222074, -120.022811 58.221909, -120.022032 58.221718, -120.01767 58.220307, -120.016121 58.21993, -120.014466 58.219693, -120.012789 58.219531, -120.010325 58.219344, -120.008094 58.218858, -120.006317 58.217323, -120.005944 58.21639, -120.005747 58.214492, -120.00577 58.213553, -120.005728 58.213089, -120.004455 58.211395, -120.003298 58.210711, -120.002694 58.210387, -120.000955 58.209414, -119.999716 58.208283, -119.999406 58.206952, -119.99947 58.206497, -120.000015 58.204704, -120.000111 58.204252, -119.999224 58.202511, -119.997738 58.201366, -119.997275 58.200978, -119.996394 58.199685, -119.996336 58.198736, -119.997164 58.196294, -119.997416 58.195306, -119.997515 58.194811, -119.997687 58.193825, -119.997911 58.192351, -119.998647 58.188986, -119.998711 58.188519, -119.998279 58.187177, -119.997335 58.186416, -119.996066 58.185766, -119.994786 58.185119, -119.994201 58.184772, -119.993674 58.184404, -119.992824 58.183612, -119.992523 58.183185, -119.992195 58.181798, -119.992323 58.180844, -119.992415 58.18037, -119.992689 58.178968, -119.992769 58.178508, -119.993045 58.177169, -119.993518 58.175856, -119.993756 58.174952, -119.99375 58.174497, -119.992574 58.172803, -119.992049 58.172433, -119.988086 58.170638, -119.987389 58.170356, -119.986113 58.169718, -119.984572 58.168594, -119.983268 58.166871, -119.982563 58.165515, -119.981863 58.164649, -119.980202 58.163526, -119.979504 58.163215, -119.978031 58.162644, -119.975256 58.161423, -119.9706 58.159132))"
33,2023-06-23 10:31:00,2023061401,2023,5498.2,Non-corrected airborne GPS,1686726000000,1686951602000,Out of Control,JA70003000,54981897.2276,50670.6651,115,94e70e69-95e8-4b0f-b61f-136e58235d02,216754167.070313,100567.254938253,https://wildfiresituation.nrs.gov.bc.ca/incidents?fireYear=2023&incidentNumber=G90709,"POLYGON ((-123.591195 59.773018, -123.590793 59.773849, -123.590249 59.774665, -123.589489 59.775434, -123.58858 59.776164, -123.587899 59.77697, -123.587622 59.777855, -123.587566 59.778749, -123.587552 59.779621, -123.58748 59.780432, -123.587024 59.781131, -123.585912 59.781596, -123.584698 59.782053, -123.584017 59.782752, -123.584073 59.783528, -123.584754 59.784173, -123.58591 59.784572, -123.587246 59.784798, -123.588553 59.785101, -123.589626 59.785539, -123.589935 59.786194, -123.589047 59.786729, -123.587653 59.786914, -123.586239 59.786954, -123.58497 59.787123, -123.583833 59.787353, -123.582758 59.787636, -123.581865 59.78806, -123.581296 59.788637, -123.581036 59.789292, -123.580717 59.789934, -123.580213 59.790496, -123.580332 59.790985, -123.581171 59.791019, -123.581879 59.790657, -123.582723 59.79038, -123.583876 59.790406, -123.585081 59.790601, -123.586044 59.791008, -123.586253 59.791417, -123.585741 59.792088, -123.584992 59.792767, -123.584344 59.793498, -123.583767 59.794279, -123.583285 59.795103, -123.58285 59.795949, -123.582499 59.796814, -123.582485 59.797705, -123.582574 59.798594, -123.582441 59.799483, -123.58175 59.800301, -123.580604 59.801003, -123.579422 59.801681, -123.578555 59.80244, -123.578337 59.803219, -123.578992 59.803833, -123.580295 59.804082, -123.581697 59.804178, -123.583047 59.804365, -123.584293 59.804685, -123.585475 59.805032, -123.586725 59.805206, -123.587952 59.805106, -123.589001 59.804777, -123.590029 59.804402, -123.591155 59.804138, -123.592298 59.803965, -123.593293 59.803648, -123.594061 59.803141, -123.59464 59.802556, -123.594915 59.801916, -123.594816 59.801261, -123.594478 59.800648, -123.594238 59.800258, -123.594069 59.799892, -123.594025 59.799567, -123.594187 59.799306, -123.594558 59.799091, -123.594961 59.798872, -123.595366 59.798628, -123.595761 59.798348, -123.596069 59.798021, -123.596217 59.797659, -123.596261 59.79728, -123.596406 59.796701, -123.596597 59.796147, -123.59715 59.795649, -123.597874 59.795159, -123.598349 59.794556, -123.59861 59.793862, -123.598802 59.793099, -123.598604 59.792299, -123.598243 59.791515, -123.598134 59.790799, -123.598868 59.790372, -123.599993 59.790623, -123.600857 59.791188, -123.601699 59.791709, -123.602256 59.792251, -123.601951 59.7929, -123.601673 59.793573, -123.602109 59.794201, -123.603135 59.7946, -123.604398 59.794734, -123.605677 59.794803, -123.606973 59.794894, -123.608308 59.795063, -123.609634 59.795268, -123.610932 59.795554, -123.612171 59.795935, -123.613096 59.796479, -123.613331 59.797205, -123.61259 59.797924, -123.611135 59.798492, -123.609409 59.799009, -123.608369 59.799454, -123.607558 59.800017, -123.607059 59.800675, -123.606909 59.801379, -123.607046 59.80209, -123.607399 59.802786, -123.60768 59.803181, -123.607885 59.803469, -123.608382 59.804162, -123.608736 59.804884, -123.608769 59.805064, -123.608419 59.805314, -123.608054 59.805882, -123.607461 59.806346, -123.607195 59.806492, -123.606737 59.806744, -123.606069 59.807144, -123.605661 59.807421, -123.605159 59.807882, -123.604894 59.808201, -123.604596 59.808508, -123.60366 59.808795, -123.602517 59.808977, -123.601838 59.809407, -123.601851 59.809431, -123.602117 59.809949, -123.602954 59.810297, -123.603493 59.810502, -123.604121 59.810878, -123.604955 59.811139, -123.606047 59.811142, -123.607007 59.81136, -123.607366 59.811858, -123.606823 59.812386, -123.605738 59.812756, -123.604528 59.813017, -123.603295 59.813192, -123.60207 59.813313, -123.600854 59.813458, -123.599657 59.813629, -123.59849 59.813806, -123.597352 59.813982, -123.596258 59.814189, -123.595151 59.814236, -123.594061 59.814289, -123.593062 59.814486, -123.592138 59.814779, -123.591528 59.815203, -123.591657 59.815629, -123.592037 59.815911, -123.59238 59.816149, -123.592624 59.816286, -123.593053 59.816474, -123.593429 59.816604, -123.59409 59.81672, -123.594572 59.816744, -123.595099 59.816765, -123.596031 59.816828, -123.596712 59.816837, -123.597713 59.816785, -123.598373 59.81672, -123.599 59.816685, -123.599545 59.81674, -123.599762 59.817086, -123.599389 59.817341, -123.598765 59.817519, -123.598089 59.817696, -123.597361 59.817861, -123.596588 59.818022, -123.595442 59.818265, -123.594501 59.818546, -123.594276 59.818995, -123.594752 59.819483, -123.595229 59.820004, -123.59536 59.820579, -123.595081 59.821179, -123.594962 59.8218, -123.595003 59.822442, -123.595053 59.823086, -123.595272 59.823659, -123.596071 59.823851, -123.596757 59.823382, -123.596977 59.822685, -123.597313 59.822045, -123.5982 59.821738, -123.598851 59.821806, -123.599337 59.822273, -123.59932 59.822847, -123.599873 59.823299, -123.600942 59.823361, -123.601825 59.823569, -123.602173 59.82407, -123.602519 59.824414, -123.6032 59.824873, -123.602964 59.825337, -123.602248 59.825421, -123.601067 59.825351, -123.600268 59.825397, -123.599493 59.825508, -123.598786 59.825696, -123.598235 59.826002, -123.597932 59.826414, -123.597888 59.826883, -123.598003 59.827383, -123.598105 59.82789, -123.598046 59.828399, -123.597821 59.828913, -123.597506 59.829432, -123.597207 59.829959, -123.596967 59.830504, -123.596921 59.831058, -123.597269 59.831593, -123.598061 59.831983, -123.59898 59.832229, -123.59978 59.832523, -123.600308 59.832944, -123.600359 59.833481, -123.599861 59.834019, -123.598558 59.834762, -123.597331 59.835382, -123.597069 59.835515, -123.59552 59.836284, -123.593866 59.836973, -123.591923 59.837428, -123.589815 59.837697, -123.587654 59.837881, -123.585486 59.837999, -123.583325 59.838061, -123.581199 59.838084, -123.579149 59.838078, -123.577266 59.837927, -123.575752 59.837422, -123.574668 59.836656, -123.573562 59.835865, -123.572288 59.835118, -123.571954 59.834944, -123.570916 59.834405, -123.569359 59.833794, -123.567475 59.833521, -123.565573 59.833775, -123.564048 59.834481, -123.563481 59.834797, -123.562655 59.835258, -123.560975 59.835869, -123.559116 59.836279, -123.557198 59.83645, -123.555386 59.836406, -123.553669 59.83665, -123.55275 59.837652, -123.552389 59.838836, -123.552024 59.840072, -123.551701 59.841353, -123.551315 59.842658, -123.550661 59.843881, -123.549131 59.844783, -123.546848 59.845058, -123.54442 59.844912, -123.541989 59.844672, -123.539516 59.844424, -123.537033 59.844153, -123.534623 59.843797, -123.533132 59.843443, -123.53178 59.842949, -123.530456 59.842404, -123.529033 59.841914, -123.526611 59.841413, -123.523997 59.841128, -123.521332 59.840912, -123.518648 59.840755, -123.515954 59.840682, -123.513258 59.84072, -123.510612 59.84102, -123.508185 59.841651, -123.506151 59.842586, -123.5044 59.843638, -123.502464 59.844606, -123.500029 59.845223, -123.497305 59.845418, -123.494534 59.845437, -123.491792 59.845384, -123.489123 59.845248, -123.48658 59.844975, -123.484958 59.844728, -123.482612 59.844299, -123.480365 59.843822, -123.47827 59.843275, -123.476384 59.842635, -123.474746 59.841894, -123.473367 59.841084, -123.472079 59.840272, -123.470647 59.839532, -123.468912 59.838958, -123.466862 59.838648, -123.464629 59.838568, -123.462391 59.838474, -123.460184 59.838321, -123.45798 59.838198, -123.456503 59.838189, -123.45503 59.838254, -123.453573 59.838347, -123.452133 59.83838, -123.450733 59.8383, -123.449391 59.838125, -123.448086 59.837925, -123.446827 59.837701, -123.445604 59.837438, -123.444424 59.837147, -123.443246 59.836858, -123.441998 59.836643, -123.440696 59.836533, -123.43937 59.836518, -123.438041 59.836519, -123.43675 59.836451, -123.435042 59.836169, -123.433869 59.835617, -123.433236 59.834883, -123.432285 59.834216, -123.430774 59.833839, -123.429118 59.833691, -123.427595 59.833476, -123.426389 59.832997, -123.424997 59.832591, -123.423186 59.832538, -123.421262 59.832732, -123.419312 59.832785, -123.417394 59.832777, -123.415598 59.832716, -123.413914 59.832601, -123.412283 59.83258, -123.410781 59.832582, -123.409781 59.832192, -123.409804 59.832037, -123.40988 59.831518, -123.410343 59.830738, -123.410172 59.829853, -123.409284 59.829021, -123.407863 59.828307, -123.406242 59.82766, -123.404719 59.826945, -123.40369 59.826031, -123.403207 59.824964, -123.403079 59.823828, -123.402957 59.822673, -123.402795 59.821537, -123.402672 59.820421, -123.402697 59.819346, -123.403241 59.818378, -123.404422 59.817606, -123.405812 59.81694, -123.406731 59.816514, -123.407639 59.816111, -123.408544 59.815745, -123.409516 59.815475, -123.411145 59.815396, -123.412284 59.815532, -123.41342 59.8157, -123.415126 59.815793, -123.416234 59.815735, -123.41788 59.815596, -123.419529 59.815489, -123.421147 59.815518, -123.422639 59.815782, -123.423874 59.816294, -123.425057 59.816904, -123.426396 59.817409, -123.427854 59.817625, -123.429126 59.817419, -123.429787 59.816837, -123.429816 59.816094, -123.430015 59.815373, -123.430991 59.814887, -123.432484 59.814774, -123.434149 59.814949, -123.435853 59.815089, -123.437555 59.815044, -123.439208 59.814919, -123.44086 59.814917, -123.442487 59.81508, -123.444096 59.815301, -123.445725 59.815474, -123.447357 59.815591, -123.448954 59.815654, -123.450412 59.815514, -123.451357 59.815016, -123.451595 59.814301, -123.451618 59.813535, -123.451999 59.812792, -123.452562 59.812054, -123.453065 59.811292, -123.453478 59.810517, -123.454099 59.809813, -123.455117 59.80925, -123.456378 59.808786, -123.457711 59.808325, -123.458881 59.807761, -123.459668 59.807052, -123.459839 59.806522, -123.459593 59.805993, -123.458977 59.805528, -123.45807 59.805168, -123.456393 59.804835, -123.454571 59.804776, -123.45281 59.804869, -123.451115 59.804737, -123.449777 59.804292, -123.448959 59.803646, -123.448677 59.802923, -123.448963 59.802221, -123.449552 59.801581, -123.450273 59.800981, -123.451036 59.80039, -123.451567 59.79973, -123.451732 59.79903, -123.451904 59.798362, -123.452473 59.797841, -123.453515 59.797693, -123.454667 59.798009, -123.455671 59.79853, -123.456585 59.799079, -123.457385 59.799658, -123.457988 59.800314, -123.458454 59.801005, -123.459206 59.80162, -123.460393 59.801963, -123.46168 59.801987, -123.462771 59.801773, -123.463497 59.801386, -123.463904 59.800888, -123.464276 59.800345, -123.464829 59.799847, -123.465421 59.79938, -123.466021 59.798928, -123.466616 59.798503, -123.467291 59.798151, -123.468075 59.797917, -123.468802 59.797651, -123.46946 59.797343, -123.470132 59.797, -123.470797 59.796662, -123.471393 59.796554, -123.472081 59.796529, -123.472824 59.796572, -123.473595 59.796616, -123.474373 59.796624, -123.475156 59.796563, -123.47593 59.796466, -123.477078 59.796405, -123.478196 59.796329, -123.479306 59.796279, -123.480476 59.796227, -123.481544 59.796057, -123.482071 59.795586, -123.481669 59.795016, -123.480747 59.794573, -123.479522 59.7943, -123.478234 59.794089, -123.476963 59.793861, -123.475699 59.793619, -123.474444 59.79336, -123.473235 59.793055, -123.472263 59.79263, -123.471907 59.792026, -123.472338 59.791416, -123.473168 59.790964, -123.474241 59.790781, -123.47541 59.790847, -123.476567 59.790934, -123.477229 59.790534, -123.477631 59.790065, -123.47855 59.789912, -123.479593 59.79008, -123.480667 59.790046, -123.48152 59.789683, -123.482415 59.789375, -123.483547 59.789366, -123.484732 59.789405, -123.485918 59.789288, -123.487084 59.789088, -123.488271 59.78894, -123.489237 59.788656, -123.489556 59.788071, -123.489636 59.787397, -123.489792 59.786712, -123.489837 59.786259, -123.48987 59.785831, -123.49016 59.785487, -123.491031 59.785179, -123.491696 59.784982, -123.492252 59.7847, -123.493018 59.78424, -123.493938 59.783986, -123.494749 59.784242, -123.494688 59.784779, -123.494277 59.785402, -123.494476 59.786063, -123.495353 59.786494, -123.496544 59.786589, -123.4976 59.786291, -123.498298 59.785723, -123.499074 59.785206, -123.500149 59.784976, -123.501213 59.785118, -123.501864 59.785572, -123.501849 59.786151, -123.501642 59.786759, -123.501807 59.787371, -123.502561 59.787835, -123.503723 59.788033, -123.504881 59.788265, -123.50579 59.788769, -123.506881 59.789184, -123.508217 59.789177, -123.509357 59.788824, -123.51037 59.788354, -123.511359 59.787881, -123.512387 59.787403, -123.513569 59.787016, -123.514933 59.787038, -123.515898 59.787481, -123.515895 59.788113, -123.514857 59.788524, -123.513523 59.788776, -123.512653 59.789312, -123.512637 59.790011, -123.513184 59.790625, -123.514117 59.791088, -123.51532 59.791367, -123.516546 59.791655, -123.517523 59.792053, -123.518117 59.792519, -123.518588 59.792895, -123.518956 59.793085, -123.51955 59.793306, -123.520118 59.793523, -123.520723 59.793711, -123.521323 59.793835, -123.521874 59.793929, -123.522373 59.793969, -123.522844 59.793972, -123.523284 59.793948, -123.523675 59.79389, -123.523982 59.793856, -123.524137 59.793849, -123.524308 59.793841, -123.524579 59.793873, -123.524967 59.793908, -123.525493 59.79395, -123.526039 59.79405, -123.526595 59.79414, -123.527141 59.794228, -123.52777 59.794329, -123.528605 59.794471, -123.529599 59.794638, -123.53069 59.794841, -123.531841 59.79506, -123.533042 59.795118, -123.534147 59.794865, -123.534751 59.794337, -123.534798 59.793756, -123.535022 59.793238, -123.535525 59.792792, -123.53612 59.792372, -123.536758 59.791939, -123.537361 59.791471, -123.537865 59.790914, -123.537835 59.790207, -123.537632 59.789466, -123.53767 59.788971, -123.537809 59.788496, -123.538085 59.788056, -123.53873 59.787455, -123.539357 59.786817, -123.539626 59.786343, -123.53971 59.785853, -123.53986 59.785153, -123.540262 59.784758, -123.54135 59.784421, -123.542604 59.784508, -123.543662 59.784915, -123.544608 59.785309, -123.545727 59.785351, -123.546427 59.784777, -123.546814 59.784049, -123.547116 59.783296, -123.547429 59.782541, -123.548207 59.781904, -123.549488 59.7816, -123.550891 59.781629, -123.552282 59.781734, -123.553664 59.781605, -123.554728 59.781068, -123.555478 59.780366, -123.556134 59.77967, -123.556551 59.778958, -123.556741 59.778234, -123.557134 59.777578, -123.558129 59.777048, -123.559311 59.776479, -123.560249 59.775769, -123.561032 59.774987, -123.561565 59.774159, -123.562002 59.773367, -123.562853 59.772724, -123.563926 59.772258, -123.565239 59.772132, -123.566303 59.771852, -123.566419 59.771204, -123.565641 59.770551, -123.564747 59.76991, -123.564255 59.769202, -123.564363 59.768531, -123.565061 59.768154, -123.566019 59.768415, -123.566832 59.768923, -123.568036 59.769178, -123.569257 59.768912, -123.569941 59.768255, -123.570178 59.76774, -123.570815 59.767006, -123.572027 59.766466, -123.573543 59.766123, -123.575111 59.765892, -123.576669 59.76564, -123.578047 59.765194, -123.579187 59.764573, -123.580177 59.763857, -123.581262 59.763188, -123.582651 59.762754, -123.584257 59.762678, -123.585837 59.762905, -123.587199 59.763321, -123.588124 59.763949, -123.58835 59.764711, -123.588055 59.765493, -123.587491 59.766226, -123.586787 59.766902, -123.586378 59.767607, -123.586624 59.768329, -123.587395 59.76896, -123.588381 59.769508, -123.589448 59.770021, -123.590652 59.770501, -123.592052 59.770857, -123.591815 59.77143, -123.591442 59.772187, -123.591195 59.773018))"
34,2023-06-23 10:31:00,2023061901,2023,804.5,Non-corrected airborne GPS,1687158000000,1687292742000,Out of Control,JA70003000,8044630.974,22108.8504,116,17e52952-fd22-47b6-9e07-06d523932371,28905445.1640625,41900.9052384721,https://wildfiresituation.nrs.gov.bc.ca/incidents?fireYear=2023&incidentNumber=G90776,"POLYGON ((-123.858601 58.22626, -123.858134 58.22625, -123.857196 58.226273, -123.856255 58.226308, -123.855782 58.226309, -123.855306 58.226298, -123.854831 58.226264, -123.854365 58.226196, -123.85392 58.226088, -123.853506 58.225938, -123.852793 58.225545, -123.85249 58.225316, -123.851655 58.2246, -123.851193 58.224376, -123.850526 58.223718, -123.849987 58.222952, -123.851338 58.22202, -123.851805 58.221878, -123.852293 58.221749, -123.852798 58.221624, -123.853308 58.221495, -123.854322 58.221218, -123.854818 58.221063, -123.855747 58.220687, -123.856574 58.220211, -123.85697 58.219956, -123.857757 58.21944, -123.858144 58.219187, -123.858522 58.218934, -123.858887 58.21868, -123.859596 58.218173, -123.859979 58.217958, -123.860408 58.217777, -123.860896 58.217639, -123.862001 58.217542, -123.864272 58.218008, -123.864787 58.218219, -123.865797 58.218663, -123.866903 58.219049, -123.870873 58.219833, -123.871507 58.219854, -123.872754 58.219822, -123.87448 58.219675, -123.875026 58.219604, -123.875534 58.219515, -123.876013 58.219412, -123.876852 58.219131, -123.877547 58.218757, -123.878086 58.218275, -123.878407 58.217761, -123.878506 58.2175, -123.878592 58.21697, -123.87853 58.216439, -123.878435 58.216183, -123.878315 58.21593, -123.878165 58.215685, -123.877802 58.215216, -123.877744 58.215155, -123.877511 58.214914, -123.877371 58.214769, -123.877145 58.214555, -123.876704 58.214143, -123.876267 58.213747, -123.875883 58.21333, -123.875454 58.212666, -123.875389 58.212228, -123.875546 58.211818, -123.875859 58.211426, -123.876454 58.210641, -123.876703 58.209922, -123.877206 58.209364, -123.876637 58.209006, -123.876103 58.208857, -123.875512 58.208731, -123.875266 58.208632, -123.874592 58.208204, -123.874167 58.207914, -123.873442 58.207862, -123.872928 58.208014, -123.872706 58.208138, -123.872469 58.208274, -123.87205 58.208617, -123.871736 58.209024, -123.871633 58.20925, -123.871433 58.209434, -123.871198 58.20958, -123.870956 58.209679, -123.870696 58.209768, -123.870095 58.209918, -123.869761 58.209949, -123.869419 58.209965, -123.86907 58.209974, -123.868727 58.209978, -123.868384 58.209967, -123.868036 58.209939, -123.867682 58.209902, -123.867334 58.209857, -123.866979 58.209808, -123.866626 58.209754, -123.866283 58.209695, -123.86595 58.209629, -123.865624 58.209555, -123.8653 58.209473, -123.864993 58.209378, -123.864386 58.209155, -123.864072 58.209042, -123.863738 58.208946, -123.863003 58.20883, -123.862604 58.208807, -123.862182 58.208797, -123.861752 58.208803, -123.860834 58.208843, -123.860358 58.208857, -123.859875 58.208855, -123.859382 58.208836, -123.85891 58.208798, -123.857999 58.208655, -123.857562 58.208547, -123.856697 58.208297, -123.855916 58.208011, -123.855526 58.207876, -123.855133 58.20775, -123.854747 58.207616, -123.854334 58.207474, -123.853196 58.206953, -123.852181 58.206328, -123.851894 58.206082, -123.851362 58.205673, -123.850466 58.205583, -123.849153 58.205494, -123.845035 58.205791, -123.844597 58.205708, -123.844182 58.2056, -123.842647 58.205164, -123.842242 58.20477, -123.842167 58.204003, -123.842607 58.20389, -123.843524 58.203678, -123.843966 58.203561, -123.845026 58.203363, -123.846242 58.203216, -123.846906 58.203103, -123.848266 58.20281, -123.849146 58.202625, -123.850193 58.20237, -123.850535 58.202192, -123.850811 58.202004, -123.851259 58.201769, -123.851738 58.201343, -123.851654 58.200894, -123.851387 58.200454, -123.850757 58.200079, -123.850557 58.199994, -123.85037 58.199913, -123.848272 58.199151, -123.847001 58.19879, -123.846049 58.198651, -123.844982 58.198683, -123.843925 58.198798, -123.842392 58.199117, -123.841908 58.199255, -123.840544 58.199833, -123.838879 58.200538, -123.838611 58.200414, -123.838641 58.200218, -123.838732 58.200064, -123.838853 58.19983, -123.838868 58.199806, -123.839003 58.19959, -123.841527 58.198082, -123.841915 58.196646, -123.841181 58.195896, -123.840752 58.195731, -123.840276 58.195576, -123.839746 58.195443, -123.839184 58.195334, -123.838602 58.19525, -123.838007 58.1952, -123.83748 58.195202, -123.836767 58.195204, -123.836143 58.195257, -123.835506 58.195341, -123.834077 58.195536, -123.832743 58.195733, -123.830922 58.195922, -123.828443 58.195838, -123.826419 58.195312, -123.825927 58.194542, -123.826062 58.194306, -123.826149 58.194009, -123.826558 58.193626, -123.826921 58.193508, -123.827326 58.193411, -123.828232 58.193264, -123.829251 58.193191, -123.829779 58.193166, -123.830315 58.193141, -123.831924 58.192975, -123.832464 58.192864, -123.833 58.19275, -123.833544 58.192646, -123.834688 58.192482, -123.835277 58.19245, -123.835865 58.192435, -123.836449 58.192431, -123.837025 58.192432, -123.837595 58.192417, -123.837641 58.192414, -123.838157 58.192389, -123.839241 58.19228, -123.839759 58.192212, -123.840264 58.19216, -123.841271 58.192183, -123.841785 58.192242, -123.84229 58.192326, -123.842774 58.19244, -123.843252 58.192566, -123.843706 58.192702, -123.844113 58.192871, -123.845083 58.192972, -123.846683 58.192904, -123.847748 58.192743, -123.84827 58.192659, -123.848773 58.192581, -123.849266 58.192509, -123.850216 58.192394, -123.850687 58.192351, -123.851196 58.192313, -123.851678 58.192306, -123.852431 58.192441, -123.852888 58.19273, -123.853149 58.193129, -123.853301 58.19356, -123.853379 58.193763, -123.853613 58.194162, -123.854943 58.194637, -123.855402 58.19465, -123.855886 58.194639, -123.856856 58.194544, -123.85749 58.194356, -123.857965 58.194354, -123.858424 58.194431, -123.859174 58.194914, -123.85947 58.195394, -123.859682 58.195938, -123.859936 58.196499, -123.860274 58.197074, -123.860513 58.197364, -123.860936 58.197949, -123.861503 58.198879, -123.86173 58.199509, -123.861618 58.20017, -123.861558 58.20052, -123.861094 58.201238, -123.860902 58.201534, -123.858674 58.203915, -123.860765 58.204708, -123.862095 58.204618, -123.863047 58.204342, -123.863939 58.203984, -123.864708 58.203528, -123.865275 58.202974, -123.865518 58.202703, -123.865707 58.202409, -123.865916 58.201793, -123.865504 58.200722, -123.865122 58.200181, -123.865036 58.199981, -123.864829 58.199368, -123.865153 58.199389, -123.86691 58.199476, -123.867953 58.199552, -123.86849 58.199615, -123.86902 58.199691, -123.869582 58.199781, -123.870137 58.199869, -123.871832 58.200073, -123.873015 58.20008, -123.874207 58.199984, -123.874799 58.199913, -123.875386 58.199841, -123.875967 58.199761, -123.876541 58.199689, -123.877106 58.199625, -123.877664 58.199575, -123.878216 58.199537, -123.878762 58.19951, -123.879304 58.199495, -123.87984 58.199489, -123.880368 58.19949, -123.880885 58.199496, -123.881387 58.199503, -123.881874 58.199517, -123.882356 58.199539, -123.882828 58.19957, -123.883284 58.199609, -123.883729 58.199652, -123.884169 58.199695, -123.884605 58.19973, -123.885044 58.199752, -123.88548 58.199767, -123.886349 58.19978, -123.887124 58.199827, -123.887452 58.199891, -123.887744 58.199978, -123.888222 58.200206, -123.888416 58.200345, -123.888784 58.200646, -123.88935 58.201108, -123.889647 58.201425, -123.889904 58.201946, -123.889881 58.202343, -123.889809 58.202548, -123.889504 58.202987, -123.88929 58.203203, -123.889052 58.20341, -123.888779 58.203615, -123.88849 58.203811, -123.888182 58.204006, -123.887865 58.204208, -123.88755 58.20441, -123.886955 58.204827, -123.886448 58.205269, -123.886128 58.205715, -123.886026 58.20621, -123.88649 58.207198, -123.887481 58.207685, -123.888911 58.207859, -123.889461 58.207854, -123.889993 58.207838, -123.890527 58.207804, -123.891053 58.207769, -123.891577 58.207728, -123.892613 58.207645, -123.893633 58.207603, -123.894559 58.207744, -123.895378 58.208059, -123.896338 58.20873, -123.896827 58.209263, -123.897282 58.209834, -123.897729 58.210432, -123.898161 58.211043, -123.898606 58.211658, -123.899059 58.212279, -123.899519 58.212899, -123.899971 58.213509, -123.900433 58.214111, -123.900914 58.214713, -123.901585 58.21553, -123.901646 58.215604, -123.902132 58.216195, -123.902821 58.217088, -123.90346 58.217985, -123.903894 58.218576, -123.904325 58.219157, -123.904759 58.219724, -123.905177 58.220272, -123.905569 58.220803, -123.906129 58.221569, -123.906662 58.222293, -123.906841 58.222522, -123.907244 58.222944, -123.907663 58.223327, -123.908055 58.223695, -123.908226 58.22409, -123.908185 58.224297, -123.907768 58.2247, -123.907463 58.224894, -123.907129 58.225085, -123.906788 58.225285, -123.906439 58.225498, -123.906104 58.225732, -123.905793 58.225987, -123.905507 58.226257, -123.905319 58.226464, -123.904983 58.226834, -123.904429 58.227415, -123.903418 58.228214, -123.902647 58.228659, -123.8996 58.229919, -123.898727 58.230269, -123.898295 58.230451, -123.896656 58.231127, -123.89626 58.23129, -123.895857 58.231423, -123.894331 58.231379, -123.894038 58.231232, -123.893264 58.230735, -123.893025 58.230557, -123.891438 58.229892, -123.890322 58.229661, -123.889982 58.229584, -123.889011 58.229068, -123.888855 58.228899, -123.88844 58.228358, -123.888081 58.22802, -123.88783 58.227878, -123.887516 58.22777, -123.887142 58.227709, -123.886732 58.227695, -123.885881 58.227794, -123.885462 58.227885, -123.885043 58.227992, -123.884619 58.228107, -123.884173 58.228214, -123.883697 58.228308, -123.883197 58.228386, -123.88268 58.228448, -123.882137 58.228496, -123.881586 58.22853, -123.881025 58.228548, -123.88046 58.228551, -123.879897 58.22854, -123.879349 58.228514, -123.878237 58.228425, -123.877697 58.228369, -123.877159 58.228309, -123.876083 58.228186, -123.875544 58.228126, -123.874477 58.228016, -123.873947 58.22797, -123.873415 58.227932, -123.872884 58.227899, -123.872354 58.227867, -123.871824 58.227836, -123.871292 58.227805, -123.870755 58.227774, -123.870211 58.227742, -123.869669 58.227714, -123.869099 58.227689, -123.868529 58.227668, -123.867952 58.227647, -123.867369 58.227623, -123.866189 58.227566, -123.865599 58.22753, -123.864432 58.227438, -123.862806 58.227211, -123.862293 58.227096, -123.86045 58.226548, -123.858601 58.22626))"
35,2023-06-23 10:31:00,2023060901,2023,1275.6,Non-corrected airborne GPS,1686294000000,1686445589000,Under Control,JA70003000,12756397.0096,17484.8042,133,92723236-f97d-4b81-b877-51931834fd81,33782294.8046875,28448.4563956716,https://wildfiresituation.nrs.gov.bc.ca/incidents?fireYear=2023&incidentNumber=K20469,"POLYGON ((-119.589858 52.102971, -119.589791 52.104357, -119.589722 52.105802, -119.59015 52.108139, -119.590507 52.110175, -119.590401 52.11226, -119.590051 52.114322, -119.588928 52.115039, -119.58515 52.117449, -119.582066 52.118599, -119.579567 52.119864, -119.576596 52.121665, -119.574885 52.124452, -119.573122 52.127515, -119.572644 52.129702, -119.57196 52.130364, -119.571128 52.13117, -119.570841 52.131448, -119.570887 52.132396, -119.571837 52.133481, -119.572635 52.134392, -119.574429 52.136576, -119.575392 52.138116, -119.57604 52.139276, -119.575925 52.139382, -119.575149 52.139779, -119.573836 52.140451, -119.572987 52.141198, -119.5722 52.141892, -119.571239 52.14329, -119.571137 52.143438, -119.570702 52.143507, -119.569224 52.144046, -119.568193 52.144405, -119.567447 52.145593, -119.563965 52.148092, -119.557708 52.14706, -119.554299 52.151134, -119.552421 52.15271, -119.550778 52.154449, -119.546711 52.15338, -119.543033 52.150698, -119.540064 52.148386, -119.539239 52.146104, -119.539043 52.143683, -119.540452 52.141693, -119.543937 52.137611, -119.549263 52.130598, -119.551871 52.128296, -119.554015 52.125003, -119.554646 52.123115, -119.554081 52.120318, -119.552422 52.119746, -119.551623 52.117853, -119.550191 52.11569, -119.549708 52.112684, -119.549521 52.111255, -119.549828 52.109449, -119.550321 52.107983, -119.551063 52.106178, -119.551963 52.103883, -119.55265 52.102352, -119.554992 52.100352, -119.557908 52.099097, -119.562338 52.097498, -119.566926 52.095867, -119.569318 52.095145, -119.574522 52.094896, -119.58025 52.094823, -119.583842 52.094673, -119.58723 52.095195, -119.589395 52.095801, -119.589921 52.101451, -119.589858 52.102971))"
36,2023-06-23 10:31:00,2023061501,2023,70.2,Non-corrected ground GPS,1686812400000,1687019800000,Under Control,JA70003000,702205.0021,4441.1608,139,818cb0ba-bcc3-49ca-a045-f217cd54503c,1653153.2265625,6812.78051568399,https://wildfiresituation.nrs.gov.bc.ca/incidents?fireYear=2023&incidentNumber=V10618,"POLYGON ((-122.031847 49.353071, -122.031672 49.353292, -122.031483 49.353992, -122.031469 49.354177, -122.031002 49.354205, -122.030844 49.354416, -122.030747 49.35452, -122.030615 49.354503, -122.030499 49.354517, -122.030448 49.35459, -122.030411 49.354674, -122.030257 49.354692, -122.030115 49.354649, -122.030045 49.354613, -122.029826 49.354791, -122.029767 49.354961, -122.029806 49.3551, -122.029978 49.35514, -122.030136 49.355084, -122.030244 49.355016, -122.03038 49.35504, -122.030452 49.355057, -122.03068 49.355032, -122.030797 49.355027, -122.030842 49.355095, -122.030782 49.355193, -122.030683 49.355252, -122.030689 49.355343, -122.030682 49.355428, -122.030518 49.355556, -122.030334 49.355668, -122.030252 49.35577, -122.030071 49.355759, -122.029955 49.355664, -122.029849 49.355627, -122.02965 49.355729, -122.029506 49.355795, -122.029339 49.355789, -122.028818 49.35566, -122.028516 49.355616, -122.028142 49.355554, -122.027827 49.355404, -122.02761 49.355468, -122.027462 49.355496, -122.027414 49.355451, -122.02748 49.355373, -122.027296 49.355304, -122.027006 49.355288, -122.026681 49.355329, -122.026143 49.355576, -122.02579 49.355783, -122.025444 49.355822, -122.024933 49.355827, -122.024635 49.355726, -122.024211 49.355572, -122.023891 49.355398, -122.023508 49.355274, -122.023374 49.35505, -122.023335 49.354743, -122.023302 49.354618, -122.023126 49.35455, -122.022661 49.354447, -122.022381 49.354389, -122.022161 49.354237, -122.021863 49.35406, -122.021347 49.353874, -122.020864 49.353641, -122.020614 49.353584, -122.020034 49.353539, -122.019552 49.35355, -122.019196 49.353537, -122.019096 49.353433, -122.018897 49.353202, -122.018715 49.352952, -122.018663 49.352788, -122.018695 49.352674, -122.018851 49.352642, -122.019189 49.352688, -122.019397 49.352729, -122.019516 49.3527, -122.019674 49.352639, -122.019789 49.35249, -122.019806 49.352295, -122.019134 49.352233, -122.018873 49.352123, -122.018729 49.351855, -122.018641 49.351599, -122.018724 49.351321, -122.018951 49.351215, -122.019217 49.351091, -122.019376 49.350935, -122.019379 49.350825, -122.019211 49.350652, -122.019052 49.350217, -122.019135 49.349934, -122.019184 49.349616, -122.019304 49.349406, -122.019546 49.349138, -122.020182 49.349028, -122.020983 49.349029, -122.022017 49.349043, -122.022384 49.349014, -122.022609 49.348946, -122.022745 49.348889, -122.022844 49.348926, -122.022869 49.349051, -122.022963 49.349068, -122.023141 49.349027, -122.02341 49.348956, -122.02353 49.348908, -122.024284 49.348783, -122.024764 49.34872, -122.024942 49.348764, -122.025242 49.348837, -122.025589 49.348779, -122.026036 49.348752, -122.026348 49.348683, -122.026968 49.348591, -122.027074 49.348638, -122.027313 49.34857, -122.027542 49.34845, -122.027855 49.348457, -122.028065 49.348464, -122.02824 49.348385, -122.028391 49.348157, -122.028648 49.348047, -122.02895 49.34801, -122.029086 49.348034, -122.029261 49.348122, -122.029567 49.348119, -122.029763 49.348045, -122.029933 49.348018, -122.030276 49.348092, -122.03079 49.34814, -122.031102 49.348156, -122.031432 49.348125, -122.031808 49.348077, -122.032033 49.348171, -122.032177 49.348277, -122.032235 49.348536, -122.032294 49.348615, -122.032449 49.348678, -122.032451 49.348745, -122.032322 49.348797, -122.032237 49.348942, -122.032319 49.349088, -122.032406 49.349186, -122.032933 49.349244, -122.033197 49.349225, -122.033354 49.349264, -122.03339 49.349432, -122.033492 49.349689, -122.033547 49.349901, -122.033792 49.350101, -122.03392 49.350139, -122.03402 49.35008, -122.034118 49.349869, -122.034295 49.349757, -122.03457 49.349705, -122.034612 49.349802, -122.034572 49.350105, -122.034653 49.350256, -122.034698 49.350587, -122.034769 49.35069, -122.035017 49.350775, -122.035111 49.35096, -122.0352 49.351106, -122.035362 49.351174, -122.035526 49.351213, -122.035569 49.351306, -122.035554 49.351405, -122.035638 49.351523, -122.035888 49.351584, -122.03595 49.351716, -122.035755 49.351866, -122.035657 49.352067, -122.035716 49.352236, -122.035596 49.352361, -122.035406 49.352359, -122.03524 49.352262, -122.035099 49.352032, -122.034816 49.352022, -122.03458 49.351961, -122.034447 49.351899, -122.034476 49.351733, -122.034439 49.351565, -122.034389 49.351472, -122.034113 49.351286, -122.033865 49.351377, -122.033659 49.351565, -122.033623 49.351644, -122.033538 49.351622, -122.033423 49.351599, -122.033267 49.351469, -122.033244 49.351397, -122.033116 49.351273, -122.03295 49.351257, -122.032753 49.351255, -122.03256 49.351128, -122.032437 49.3512, -122.032477 49.351497, -122.032488 49.351708, -122.032455 49.352012, -122.032297 49.352149, -122.032171 49.352259, -122.032047 49.352517, -122.031944 49.352785, -122.031847 49.353071))"
37,2023-06-23 10:31:00,2023051401,2023,18.5,Non-corrected airborne GPS,1684047600000,1684111205000,Under Control,JA70003000,184874.238,1762.4363,140,d1e52f56-5422-4477-ba48-4bc92b2fe7eb,448059.25,2744.45915557505,https://wildfiresituation.nrs.gov.bc.ca/incidents?fireYear=2023&incidentNumber=V30293,"POLYGON ((-123.326257 50.058555, -123.326589 50.058771, -123.326886 50.058779, -123.3272 50.058788, -123.327511 50.058808, -123.327821 50.05885, -123.32797 50.058883, -123.328255 50.058969, -123.328781 50.059154, -123.329349 50.0593, -123.329703 50.059428, -123.329788 50.059472, -123.329861 50.059529, -123.329974 50.059677, -123.330074 50.05986, -123.330109 50.05997, -123.330128 50.060093, -123.330125 50.060227, -123.330093 50.060369, -123.329873 50.060935, -123.329667 50.061615, -123.32948 50.062408, -123.329411 50.062785, -123.329397 50.063028, -123.329401 50.063145, -123.329436 50.063472, -123.329426 50.063574, -123.329376 50.063664, -123.329306 50.063746, -123.329137 50.063889, -123.329027 50.063946, -123.328769 50.064033, -123.328627 50.06406, -123.32847 50.064073, -123.328306 50.064072, -123.328135 50.064058, -123.327966 50.06402, -123.327813 50.063955, -123.327678 50.063865, -123.327014 50.063304, -123.326859 50.063205, -123.326246 50.06288, -123.326117 50.0628, -123.325564 50.062383, -123.325468 50.062259, -123.325418 50.062135, -123.325414 50.06207, -123.325427 50.06188, -123.325413 50.061822, -123.325386 50.061769, -123.325225 50.061619, -123.324834 50.061291, -123.324646 50.061086, -123.324616 50.061026, -123.324621 50.060967, -123.324664 50.060854, -123.324674 50.060799, -123.324659 50.0607, -123.324634 50.060657, -123.324536 50.060538, -123.324355 50.06038, -123.32432 50.060336, -123.324294 50.060245, -123.324296 50.060098, -123.324259 50.060002, -123.324175 50.059882, -123.323987 50.059679, -123.323905 50.059537, -123.323867 50.059407, -123.323847 50.05924, -123.323799 50.059147, -123.323681 50.059, -123.323653 50.058942, -123.323642 50.05889, -123.323646 50.058833, -123.323665 50.058781, -123.3237 50.058728, -123.323752 50.058683, -123.323827 50.058644, -123.323915 50.058614, -123.324015 50.058592, -123.32423 50.058564, -123.324692 50.058531, -123.325044 50.05852, -123.325405 50.058528, -123.325873 50.058558, -123.326006 50.058557, -123.326257 50.058555))"
38,2023-06-23 10:31:00,2023061601,2023,231.0,Non-corrected ground GPS,1686898800000,1686956970000,Under Control,JA70003000,2310340.903,8908.4964,145,c91bef01-7ebd-46b7-a723-322a13951204,5423444.65625,13652.0335168,https://wildfiresituation.nrs.gov.bc.ca/incidents?fireYear=2023&incidentNumber=V70600,"POLYGON ((-124.62062 49.285931, -124.620638 49.285954, -124.62065 49.285998, -124.620658 49.286026, -124.620663 49.286108, -124.620688 49.286123, -124.620707 49.286138, -124.620732 49.286152, -124.620763 49.286157, -124.620788 49.286169, -124.620801 49.28619, -124.62084 49.28619, -124.620856 49.286213, -124.620886 49.286237, -124.620888 49.286257, -124.620859 49.286264, -124.620867 49.286298, -124.620858 49.286325, -124.62087 49.286363, -124.620877 49.286381, -124.620891 49.286413, -124.620904 49.286429, -124.620908 49.28645, -124.620929 49.286463, -124.620955 49.286481, -124.620985 49.286509, -124.620996 49.286542, -124.62102 49.286582, -124.621051 49.286597, -124.621101 49.286617, -124.621117 49.286635, -124.62115 49.286641, -124.621159 49.286667, -124.621144 49.286689, -124.621151 49.286711, -124.62116 49.286738, -124.621167 49.286762, -124.621186 49.286791, -124.621185 49.286822, -124.62118 49.286849, -124.621177 49.286876, -124.621145 49.286905, -124.621121 49.286926, -124.6211 49.286948, -124.621097 49.286974, -124.621108 49.286991, -124.621134 49.28701, -124.621146 49.287035, -124.621162 49.287078, -124.621193 49.287083, -124.621205 49.287112, -124.621194 49.28713, -124.621194 49.287172, -124.621198 49.287225, -124.621212 49.287264, -124.621213 49.287288, -124.62122 49.287327, -124.621211 49.287379, -124.621208 49.287406, -124.621202 49.287428, -124.621174 49.287439, -124.621148 49.287462, -124.621121 49.287481, -124.621101 49.2875, -124.621077 49.287517, -124.621042 49.287521, -124.620995 49.287532, -124.62097 49.287548, -124.620942 49.287548, -124.620904 49.28753, -124.620883 49.287513, -124.620849 49.287518, -124.620813 49.287514, -124.620758 49.287556, -124.62073 49.287567, -124.620721 49.287588, -124.620602 49.287658, -124.620594 49.287688, -124.620525 49.287745, -124.620487 49.287761, -124.620446 49.287778, -124.620396 49.287765, -124.620239 49.287832, -124.620213 49.287857, -124.620185 49.287881, -124.620175 49.287902, -124.620152 49.287914, -124.620113 49.287916, -124.620077 49.28793, -124.620036 49.287918, -124.619994 49.287936, -124.619948 49.28794, -124.619911 49.287941, -124.61988 49.287942, -124.61985 49.287948, -124.619834 49.287967, -124.619825 49.287995, -124.619819 49.288058, -124.619811 49.288107, -124.619798 49.288132, -124.619807 49.288175, -124.619803 49.288199, -124.619777 49.28821, -124.619749 49.288209, -124.619722 49.288199, -124.619684 49.288178, -124.619631 49.288167, -124.619575 49.288155, -124.619516 49.288154, -124.619453 49.288137, -124.619398 49.288129, -124.619349 49.28815, -124.619303 49.288145, -124.619256 49.288124, -124.619199 49.288106, -124.619137 49.288113, -124.619084 49.288118, -124.619031 49.288127, -124.618987 49.288134, -124.618941 49.288151, -124.618895 49.288169, -124.618852 49.288158, -124.61878 49.288132, -124.618727 49.288122, -124.618657 49.288092, -124.618579 49.28806, -124.618509 49.288066, -124.618456 49.288051, -124.618416 49.28805, -124.61837 49.288066, -124.618327 49.288068, -124.618268 49.288064, -124.618241 49.288079, -124.618171 49.288076, -124.618127 49.288086, -124.618089 49.288091, -124.618029 49.288088, -124.618 49.288088, -124.617951 49.288086, -124.61791 49.288086, -124.617861 49.288077, -124.617796 49.288056, -124.617758 49.288044, -124.617691 49.288038, -124.617633 49.288026, -124.617596 49.288027, -124.617552 49.288009, -124.617505 49.288013, -124.617452 49.288007, -124.617439 49.288007, -124.617403 49.28801, -124.617354 49.288014, -124.617296 49.288013, -124.61726 49.288009, -124.617215 49.288003, -124.617175 49.288004, -124.61711 49.287991, -124.61711 49.287986, -124.617107 49.287946, -124.617097 49.287921, -124.617056 49.287902, -124.617026 49.287873, -124.616983 49.287869, -124.616965 49.287845, -124.616938 49.287819, -124.616903 49.287819, -124.616865 49.287781, -124.616832 49.287762, -124.616802 49.287757, -124.616764 49.28775, -124.616722 49.287745, -124.616695 49.287762, -124.616672 49.287782, -124.616608 49.287793, -124.616575 49.287792, -124.616532 49.28779, -124.616475 49.287802, -124.616389 49.287809, -124.616357 49.287817, -124.61632 49.287833, -124.616293 49.287833, -124.616184 49.287887, -124.616146 49.287879, -124.616101 49.287878, -124.61608 49.287903, -124.616052 49.287921, -124.616024 49.287939, -124.615984 49.28794, -124.615945 49.287936, -124.615916 49.287924, -124.615894 49.287913, -124.615864 49.28793, -124.615831 49.287924, -124.615793 49.287922, -124.615753 49.287929, -124.615725 49.287926, -124.615685 49.287931, -124.615644 49.287939, -124.615623 49.287959, -124.615574 49.287954, -124.615552 49.287924, -124.615503 49.287928, -124.615497 49.287946, -124.61542 49.28797, -124.615395 49.287979, -124.615359 49.287974, -124.615314 49.287972, -124.615277 49.287967, -124.615244 49.287964, -124.615214 49.287986, -124.615185 49.287989, -124.615153 49.287998, -124.615116 49.288007, -124.615093 49.288029, -124.615057 49.288036, -124.615023 49.288022, -124.61498 49.288035, -124.614959 49.288046, -124.614916 49.28804, -124.614893 49.288022, -124.614864 49.288039, -124.614826 49.288042, -124.614759 49.288065, -124.614718 49.288069, -124.614655 49.288046, -124.614631 49.288033, -124.614598 49.288009, -124.614563 49.287999, -124.614524 49.287977, -124.614493 49.287994, -124.614318 49.28836, -124.613658 49.288449, -124.612593 49.288579, -124.611892 49.288684, -124.611055 49.288969, -124.610416 49.28896, -124.609527 49.288785, -124.608501 49.288812, -124.608144 49.288588, -124.607657 49.288488, -124.606995 49.288135, -124.606504 49.28805, -124.606462 49.287957, -124.60617 49.28802, -124.605839 49.287892, -124.605474 49.287944, -124.604299 49.287872, -124.603394 49.287517, -124.602666 49.28706, -124.602103 49.286929, -124.601523 49.286874, -124.600696 49.286844, -124.60012 49.286935, -124.600108 49.286917, -124.600115 49.286899, -124.600099 49.286876, -124.600099 49.286858, -124.600051 49.286835, -124.600054 49.286804, -124.600033 49.28679, -124.599997 49.286783, -124.599964 49.286776, -124.599938 49.286767, -124.599909 49.286766, -124.599866 49.286746, -124.599843 49.286732, -124.599828 49.286704, -124.599814 49.286684, -124.59982 49.28666, -124.599795 49.28665, -124.599771 49.286625, -124.599736 49.286617, -124.599713 49.286588, -124.599682 49.286575, -124.599671 49.286549, -124.599639 49.286532, -124.59961 49.286529, -124.599624 49.286508, -124.599591 49.286506, -124.599569 49.286487, -124.599526 49.286462, -124.5995 49.286479, -124.599468 49.286476, -124.599426 49.286481, -124.599543 49.286382, -124.59956 49.286353, -124.599541 49.286335, -124.599516 49.286329, -124.599514 49.286307, -124.599489 49.286293, -124.599489 49.286272, -124.59946 49.286248, -124.599423 49.28623, -124.5994 49.286208, -124.599363 49.286211, -124.599262 49.28613, -124.599238 49.28611, -124.599224 49.286085, -124.599201 49.286058, -124.599191 49.286031, -124.599203 49.286004, -124.599181 49.28599, -124.599147 49.285995, -124.599138 49.285976, -124.599109 49.285973, -124.599086 49.285955, -124.599068 49.28593, -124.599045 49.285899, -124.599012 49.28589, -124.598982 49.285891, -124.598897 49.285822, -124.598893 49.285794, -124.598867 49.285764, -124.598844 49.28575, -124.598816 49.285718, -124.598795 49.285695, -124.598804 49.285652, -124.598773 49.285636, -124.598763 49.285619, -124.598751 49.285596, -124.598644 49.285663, -124.598604 49.285695, -124.598571 49.285686, -124.598526 49.285588, -124.598484 49.285576, -124.598454 49.285551, -124.598426 49.285558, -124.598408 49.285534, -124.598379 49.285527, -124.598348 49.28554, -124.598304 49.285507, -124.598288 49.285522, -124.598295 49.28555, -124.598264 49.285562, -124.598243 49.285547, -124.598206 49.285528, -124.598185 49.285516, -124.598179 49.285517, -124.598165 49.285499, -124.598132 49.285486, -124.598123 49.285476, -124.598125 49.28545, -124.598098 49.285441, -124.59806 49.28542, -124.598046 49.285398, -124.598059 49.285375, -124.598056 49.285355, -124.598074 49.285338, -124.598097 49.285323, -124.598083 49.285305, -124.598079 49.285267, -124.598087 49.285268, -124.598131 49.285245, -124.598148 49.285231, -124.598155 49.285209, -124.598186 49.285195, -124.59818 49.285161, -124.598168 49.285126, -124.598215 49.285094, -124.598208 49.285066, -124.598226 49.285051, -124.598253 49.285034, -124.598244 49.285011, -124.598222 49.284998, -124.598195 49.285002, -124.598181 49.284978, -124.598176 49.284954, -124.598211 49.284939, -124.598249 49.284945, -124.598286 49.284926, -124.59833 49.284907, -124.598316 49.284889, -124.598312 49.284855, -124.598314 49.28483, -124.598321 49.2848, -124.598344 49.284785, -124.59841 49.284762, -124.598429 49.284747, -124.598433 49.284711, -124.598386 49.284722, -124.598363 49.284733, -124.598337 49.28474, -124.598297 49.284743, -124.598264 49.284724, -124.598253 49.284693, -124.598233 49.284674, -124.598211 49.284673, -124.598182 49.284651, -124.598221 49.284619, -124.598282 49.284613, -124.598257 49.284594, -124.598223 49.284575, -124.598224 49.284555, -124.598249 49.284546, -124.598293 49.284542, -124.598324 49.28452, -124.598354 49.284508, -124.598374 49.284483, -124.598409 49.284472, -124.598436 49.284455, -124.598443 49.284432, -124.598432 49.28439, -124.598427 49.284369, -124.598451 49.284349, -124.598536 49.284305, -124.598525 49.284281, -124.598499 49.284263, -124.598474 49.284254, -124.598417 49.284259, -124.598403 49.284262, -124.598381 49.284298, -124.598382 49.284337, -124.598338 49.284351, -124.598319 49.284334, -124.598288 49.284343, -124.598259 49.284345, -124.598229 49.284333, -124.598197 49.284329, -124.598171 49.284314, -124.598141 49.2843, -124.598126 49.284282, -124.598114 49.284265, -124.598094 49.284249, -124.598073 49.284232, -124.598052 49.284215, -124.598049 49.284185, -124.598072 49.284165, -124.598091 49.284142, -124.598065 49.284129, -124.598054 49.284104, -124.598027 49.284083, -124.598021 49.28406, -124.598006 49.284041, -124.598014 49.28402, -124.598006 49.283994, -124.597999 49.283973, -124.598058 49.283968, -124.598044 49.283949, -124.598058 49.283933, -124.59808 49.283908, -124.598101 49.283895, -124.59811 49.283872, -124.598126 49.283849, -124.598133 49.283825, -124.598148 49.283802, -124.598126 49.283784, -124.598123 49.283746, -124.598126 49.283718, -124.598119 49.283691, -124.598129 49.283673, -124.598141 49.283647, -124.598134 49.283625, -124.598125 49.283602, -124.598136 49.28358, -124.598145 49.283559, -124.598178 49.283563, -124.598202 49.283547, -124.59821 49.283542, -124.598203 49.283517, -124.59821 49.2835, -124.598199 49.283481, -124.598205 49.283462, -124.598169 49.283439, -124.598185 49.283416, -124.598168 49.283385, -124.598194 49.283391, -124.598216 49.283374, -124.598225 49.283344, -124.598233 49.283318, -124.598223 49.2833, -124.598237 49.283269, -124.598271 49.283253, -124.598267 49.283229, -124.598294 49.283214, -124.59828 49.283152, -124.598243 49.283126, -124.598229 49.283111, -124.598223 49.283085, -124.598158 49.283047, -124.598155 49.283025, -124.598187 49.283011, -124.598192 49.282993, -124.598219 49.282926, -124.598204 49.282889, -124.598213 49.282871, -124.598214 49.282837, -124.598185 49.282789, -124.598187 49.282771, -124.598187 49.282733, -124.598256 49.282723, -124.598304 49.282183, -124.598204 49.281704, -124.59806 49.28122, -124.59815 49.2808, -124.59826 49.28039, -124.59842 49.28, -124.59852 49.279762, -124.59858 49.27962, -124.59877 49.27926, -124.59897 49.27891, -124.5992 49.27858, -124.59933 49.27824, -124.59932 49.27793, -124.59918 49.27768, -124.599 49.27748, -124.59861 49.277164, -124.59847 49.27705, -124.59836 49.27687, -124.598165 49.276649, -124.598353 49.276624, -124.598429 49.276572, -124.598467 49.276517, -124.598515 49.276507, -124.598566 49.276534, -124.598625 49.276507, -124.598684 49.276496, -124.598706 49.276462, -124.598637 49.276349, -124.598625 49.276274, -124.598656 49.276232, -124.598719 49.276211, -124.598741 49.276184, -124.598707 49.276123, -124.59863 49.276082, -124.598544 49.276095, -124.598483 49.276053, -124.598493 49.276017, -124.598589 49.275957, -124.598735 49.275902, -124.598753 49.275839, -124.59869 49.275777, -124.598688 49.275638, -124.598741 49.275531, -124.598749 49.275444, -124.598703 49.275333, -124.598767 49.275254, -124.598916 49.275098, -124.599009 49.275052, -124.598982 49.274913, -124.598908 49.274877, -124.598821 49.274951, -124.598741 49.274993, -124.598679 49.274971, -124.598641 49.274874, -124.598593 49.274737, -124.59846 49.274574, -124.598385 49.274546, -124.598385 49.27449, -124.59844 49.27443, -124.59831 49.274295, -124.598276 49.274148, -124.59824 49.274068, -124.5983 49.27401, -124.598246 49.273972, -124.598206 49.273942, -124.598217 49.27388, -124.598232 49.273838, -124.598215 49.273816, -124.598253 49.273764, -124.598282 49.273729, -124.598284 49.27368, -124.598308 49.273604, -124.59829 49.273566, -124.598246 49.273469, -124.598209 49.273437, -124.598211 49.273372, -124.59825 49.273336, -124.598262 49.273316, -124.598231 49.273303, -124.598183 49.273331, -124.598124 49.273311, -124.598119 49.273273, -124.598154 49.273233, -124.598237 49.273191, -124.598272 49.273125, -124.598322 49.273064, -124.598411 49.273054, -124.598546 49.272991, -124.598648 49.272929, -124.598688 49.272922, -124.598744 49.272945, -124.598778 49.27298, -124.598897 49.272926, -124.598898 49.272931, -124.598965 49.272904, -124.599069 49.272892, -124.599122 49.272899, -124.599167 49.272875, -124.599128 49.272825, -124.599124 49.272772, -124.599157 49.272712, -124.599217 49.272677, -124.599178 49.272636, -124.599198 49.272583, -124.599094 49.272523, -124.599023 49.272521, -124.598989 49.272528, -124.598962 49.272549, -124.598877 49.272524, -124.598845 49.272499, -124.598688 49.272445, -124.598483 49.272483, -124.598505 49.272578, -124.59838 49.272621, -124.598071 49.27275, -124.598016 49.272816, -124.59798 49.272842, -124.597909 49.272865, -124.597884 49.272898, -124.597891 49.272951, -124.597897 49.272999, -124.597742 49.273033, -124.59767 49.273107, -124.59764 49.273125, -124.597522 49.273149, -124.597462 49.273145, -124.597389 49.273123, -124.597298 49.273061, -124.597289 49.272934, -124.597315 49.272867, -124.597328 49.272854, -124.597399 49.272786, -124.59743 49.272716, -124.597542 49.272671, -124.597596 49.272635, -124.597594 49.272583, -124.597503 49.272551, -124.597352 49.272537, -124.597259 49.272529, -124.597166 49.272543, -124.597112 49.272518, -124.597108 49.272478, -124.597129 49.272449, -124.597135 49.272369, -124.597163 49.272278, -124.597164 49.27225, -124.597164 49.272236, -124.597184 49.272192, -124.597197 49.272086, -124.597229 49.271987, -124.597262 49.271953, -124.597277 49.271917, -124.597239 49.2719, -124.597155 49.271892, -124.597132 49.271901, -124.597073 49.271885, -124.59699 49.271821, -124.596976 49.271803, -124.596944 49.271761, -124.596927 49.271727, -124.596925 49.271694, -124.596949 49.271662, -124.597008 49.271638, -124.597066 49.271595, -124.597147 49.271569, -124.597254 49.271497, -124.597291 49.271492, -124.597331 49.271486, -124.597479 49.27144, -124.597568 49.271391, -124.597642 49.271317, -124.597677 49.271301, -124.597811 49.271275, -124.597847 49.27126, -124.597941 49.271145, -124.597979 49.271115, -124.598099 49.271057, -124.598229 49.270939, -124.598247 49.270912, -124.59827 49.270841, -124.598441 49.270743, -124.598504 49.270698, -124.598554 49.270645, -124.598841 49.270568, -124.598874 49.270543, -124.59889 49.27051, -124.599047 49.270388, -124.599078 49.270331, -124.599079 49.270289, -124.599143 49.270259, -124.599167 49.270231, -124.599192 49.270156, -124.599268 49.27013, -124.599332 49.270091, -124.599348 49.27006, -124.599376 49.270048, -124.599396 49.269991, -124.599438 49.269964, -124.59953 49.269938, -124.599592 49.269901, -124.599679 49.269826, -124.599833 49.269771, -124.599854 49.269773, -124.599914 49.269745, -124.600031 49.269668, -124.600073 49.269626, -124.600133 49.269579, -124.600159 49.269558, -124.60027 49.26953, -124.600309 49.269531, -124.600424 49.269466, -124.600432 49.269433, -124.600482 49.26939, -124.600615 49.269346, -124.600671 49.269306, -124.600705 49.269306, -124.600739 49.269331, -124.600777 49.269415, -124.600807 49.269459, -124.600846 49.269489, -124.600889 49.269542, -124.600954 49.269578, -124.600999 49.269677, -124.600981 49.269748, -124.600983 49.269822, -124.60096 49.269852, -124.6009 49.269891, -124.600926 49.270058, -124.601099 49.270155, -124.601147 49.270203, -124.601251 49.27026, -124.601309 49.27028, -124.601426 49.270279, -124.601534 49.2703, -124.601636 49.270347, -124.601722 49.270328, -124.601801 49.270351, -124.601842 49.27035, -124.601862 49.270327, -124.601876 49.270251, -124.601987 49.27011, -124.601958 49.270083, -124.601893 49.26998, -124.601889 49.26995, -124.601737 49.269792, -124.601673 49.269752, -124.601616 49.269633, -124.601632 49.2696, -124.601725 49.269587, -124.601751 49.269544, -124.601733 49.269505, -124.601878 49.269416, -124.60196 49.269405, -124.601962 49.269406, -124.601983 49.269412, -124.602045 49.269403, -124.602273 49.26943, -124.602369 49.269463, -124.602609 49.269478, -124.60288 49.269578, -124.602941 49.269585, -124.603008 49.269622, -124.603047 49.269644, -124.60318 49.269673, -124.603287 49.269717, -124.60377 49.269871, -124.603936 49.26989, -124.604059 49.269878, -124.604168 49.269895, -124.604297 49.269898, -124.60437 49.269885, -124.60459 49.269905, -124.604686 49.269889, -124.604865 49.269892, -124.604916 49.269903, -124.605047 49.269896, -124.605272 49.269854, -124.6053 49.269845, -124.605477 49.269785, -124.605576 49.269783, -124.605642 49.269755, -124.605893 49.269722, -124.605997 49.269692, -124.606215 49.269677, -124.60632 49.269641, -124.606401 49.26963, -124.606449 49.269637, -124.606573 49.269625, -124.606639 49.269629, -124.606692 49.269606, -124.606769 49.269606, -124.606915 49.269527, -124.607092 49.269524, -124.607239 49.26949, -124.607268 49.269472, -124.607243 49.269432, -124.60769 49.26957, -124.60797 49.26963, -124.608001 49.269652, -124.608257 49.26972, -124.608203 49.269796, -124.608051 49.27001, -124.608032 49.270039, -124.608018 49.270072, -124.607946 49.270223, -124.607857 49.27039, -124.607839 49.270421, -124.60775 49.27055, -124.60771 49.27061, -124.607659 49.270736, -124.607627 49.270813, -124.607612 49.270871, -124.607584 49.27102, -124.60752 49.27123, -124.60753 49.2714, -124.60771 49.27153, -124.60792 49.27164, -124.60798 49.27179, -124.60788 49.27194, -124.60758 49.27221, -124.6074 49.27252, -124.60742 49.27269, -124.6075 49.27284, -124.60753 49.273, -124.60744 49.27314, -124.60713 49.27342, -124.60715 49.27358, -124.60733 49.27374, -124.60763 49.27384, -124.607643 49.273843, -124.607625 49.273778, -124.60766 49.273777, -124.607707 49.273772, -124.607742 49.273775, -124.607792 49.273773, -124.607824 49.27376, -124.607878 49.273751, -124.607898 49.273738, -124.607927 49.273729, -124.607956 49.273702, -124.607984 49.273697, -124.608012 49.273682, -124.608029 49.273667, -124.608051 49.273656, -124.608077 49.273645, -124.60811 49.273634, -124.60813 49.273617, -124.60816 49.273597, -124.608186 49.273573, -124.608197 49.273555, -124.608216 49.273533, -124.608237 49.273518, -124.60825 49.273492, -124.608284 49.273473, -124.608314 49.273459, -124.608358 49.273443, -124.608382 49.273454, -124.608416 49.273485, -124.608443 49.273502, -124.608474 49.273523, -124.608493 49.273538, -124.608501 49.273563, -124.608524 49.273574, -124.608518 49.273596, -124.608533 49.273619, -124.608527 49.27364, -124.608527 49.273669, -124.608533 49.273689, -124.608548 49.27371, -124.608567 49.273724, -124.60858 49.273741, -124.608589 49.27377, -124.608615 49.273791, -124.608631 49.273812, -124.608615 49.273834, -124.608624 49.27386, -124.608646 49.273886, -124.60868 49.273901, -124.608712 49.273907, -124.608756 49.273907, -124.608792 49.273904, -124.608826 49.273908, -124.608868 49.273908, -124.608905 49.273917, -124.608904 49.273938, -124.60891 49.273959, -124.608936 49.273968, -124.608967 49.273977, -124.609016 49.273978, -124.609049 49.273986, -124.609076 49.273996, -124.609115 49.274015, -124.609124 49.274037, -124.609142 49.274065, -124.609171 49.27409, -124.609178 49.274109, -124.609176 49.27412, -124.609175 49.274129, -124.609151 49.274143, -124.609165 49.274169, -124.609176 49.274188, -124.609195 49.274204, -124.609198 49.274229, -124.609212 49.274248, -124.609227 49.274264, -124.60924 49.274288, -124.609259 49.274311, -124.609265 49.274338, -124.609271 49.27436, -124.609291 49.274374, -124.609311 49.274393, -124.609354 49.274414, -124.609393 49.274433, -124.609423 49.274448, -124.609462 49.274446, -124.609489 49.274442, -124.609522 49.274433, -124.609558 49.274427, -124.609587 49.274426, -124.609593 49.274426, -124.609622 49.274424, -124.609671 49.274432, -124.609702 49.274434, -124.609735 49.274441, -124.609767 49.274458, -124.609797 49.274471, -124.609826 49.274479, -124.609854 49.274486, -124.609882 49.274501, -124.60989 49.274521, -124.609908 49.274545, -124.609908 49.274573, -124.609892 49.274591, -124.609879 49.27461, -124.609873 49.27462, -124.609949 49.274672, -124.610102 49.274764, -124.610204 49.274826, -124.610204 49.274838, -124.610215 49.27486, -124.610216 49.27488, -124.610219 49.274899, -124.610239 49.274918, -124.610265 49.274928, -124.610306 49.274934, -124.610328 49.27492, -124.610362 49.27492, -124.610391 49.274923, -124.610419 49.27493, -124.610426 49.274953, -124.610454 49.274951, -124.610478 49.274967, -124.610489 49.274985, -124.610468 49.274997, -124.610498 49.275006, -124.610525 49.275014, -124.610534 49.275033, -124.610562 49.275047, -124.610568 49.275066, -124.610592 49.275076, -124.610618 49.27509, -124.610642 49.275106, -124.610671 49.275114, -124.610679 49.275135, -124.610691 49.275153, -124.610713 49.275177, -124.610738 49.275186, -124.610748 49.275211, -124.610733 49.275234, -124.610712 49.275247, -124.610696 49.275269, -124.610693 49.275296, -124.610711 49.275311, -124.610736 49.275287, -124.610754 49.275272, -124.610776 49.275259, -124.610785 49.275238, -124.610803 49.275223, -124.610825 49.27521, -124.610844 49.275224, -124.610873 49.275215, -124.610875 49.275187, -124.61086 49.275165, -124.610852 49.275147, -124.610878 49.275133, -124.610898 49.275114, -124.610924 49.275094, -124.610937 49.275073, -124.610915 49.275061, -124.610921 49.275041, -124.61091 49.275014, -124.610895 49.274999, -124.610894 49.274998, -124.61088 49.27498, -124.610864 49.274939, -124.610848 49.274922, -124.610867 49.274905, -124.610868 49.274886, -124.610851 49.274868, -124.610849 49.27485, -124.610838 49.274832, -124.610826 49.274808, -124.610824 49.274787, -124.610824 49.274759, -124.610835 49.274737, -124.61083 49.274715, -124.610845 49.274695, -124.61084 49.274663, -124.610884 49.274645, -124.610883 49.274615, -124.610916 49.274595, -124.610946 49.274598, -124.610983 49.274602, -124.611017 49.274606, -124.611048 49.274603, -124.611081 49.274613, -124.611123 49.274628, -124.611149 49.274634, -124.611182 49.274634, -124.611221 49.274652, -124.611237 49.274671, -124.61125 49.274691, -124.611273 49.274712, -124.611297 49.274738, -124.611331 49.274741, -124.611336 49.274763, -124.611368 49.274779, -124.611401 49.274792, -124.611442 49.274784, -124.611553 49.274793, -124.611597 49.274855, -124.611556 49.27489, -124.611526 49.274906, -124.61151 49.274926, -124.6115 49.274955, -124.611481 49.274982, -124.611458 49.275006, -124.611454 49.275026, -124.611451 49.27503, -124.611434 49.275046, -124.611444 49.275065, -124.611439 49.275083, -124.611427 49.275105, -124.611403 49.275115, -124.611377 49.275126, -124.611351 49.275156, -124.611331 49.275181, -124.611334 49.275204, -124.611355 49.275218, -124.611395 49.275217, -124.611416 49.275229, -124.611433 49.27525, -124.611429 49.275279, -124.611433 49.275303, -124.611428 49.275322, -124.611435 49.27534, -124.611398 49.275349, -124.611367 49.275355, -124.611327 49.275355, -124.611309 49.27537, -124.6113 49.275392, -124.611299 49.275413, -124.611269 49.275424, -124.611243 49.275419, -124.611219 49.275428, -124.611246 49.27544, -124.611267 49.275453, -124.611283 49.275478, -124.611298 49.275494, -124.61132 49.275509, -124.61136 49.275519, -124.611375 49.275538, -124.611405 49.275544, -124.611418 49.275561, -124.611395 49.275579, -124.611406 49.2756, -124.611391 49.275625, -124.611376 49.27565, -124.611368 49.275671, -124.611362 49.275698, -124.61137 49.275722, -124.611352 49.275741, -124.611347 49.275764, -124.611336 49.275784, -124.611328 49.275803, -124.611324 49.275821, -124.611338 49.275842, -124.611351 49.275861, -124.61135 49.275879, -124.611341 49.275905, -124.61138 49.275903, -124.611406 49.27591, -124.611433 49.27592, -124.611467 49.275925, -124.611469 49.275945, -124.611482 49.275971, -124.611508 49.275983, -124.611535 49.276001, -124.611593 49.276051, -124.611599 49.27616, -124.61156 49.276206, -124.611533 49.276276, -124.611451 49.276314, -124.61144 49.276356, -124.611471 49.276393, -124.611533 49.276465, -124.61156 49.276476, -124.611557 49.276532, -124.611597 49.276537, -124.611604 49.276598, -124.611696 49.276663, -124.611723 49.276743, -124.611709 49.27678, -124.6118 49.276813, -124.611836 49.27682, -124.611855 49.276838, -124.611889 49.276832, -124.611912 49.276843, -124.611944 49.276841, -124.611977 49.276852, -124.61199 49.276869, -124.612005 49.276884, -124.611998 49.276907, -124.612004 49.276932, -124.611994 49.27695, -124.612004 49.276977, -124.61201 49.276998, -124.612003 49.277024, -124.611998 49.277049, -124.611983 49.277064, -124.611969 49.277082, -124.611975 49.277107, -124.611974 49.27711, -124.611963 49.277171, -124.612032 49.277209, -124.612042 49.277209, -124.612068 49.277195, -124.612097 49.277202, -124.612125 49.277212, -124.612143 49.277225, -124.612159 49.277245, -124.612185 49.277262, -124.612203 49.277284, -124.612207 49.277303, -124.6122 49.277327, -124.612209 49.277349, -124.612199 49.277373, -124.612181 49.27739, -124.612175 49.277409, -124.612207 49.27742, -124.612202 49.277438, -124.612209 49.277457, -124.612231 49.277476, -124.612259 49.277487, -124.612282 49.277499, -124.612274 49.277517, -124.61228 49.277538, -124.612304 49.277555, -124.612327 49.27757, -124.612322 49.277599, -124.612316 49.277622, -124.61234 49.277638, -124.612358 49.277661, -124.612345 49.277683, -124.612351 49.277703, -124.612353 49.277734, -124.61236 49.277754, -124.612341 49.27778, -124.612329 49.277797, -124.612328 49.277805, -124.612261 49.277833, -124.612211 49.277886, -124.612312 49.277986, -124.61233 49.278026, -124.61229 49.27808, -124.612315 49.278108, -124.612283 49.27815, -124.612268 49.278184, -124.612204 49.27819, -124.612197 49.278172, -124.612095 49.278162, -124.612041 49.278231, -124.612014 49.278268, -124.612005 49.278289, -124.611979 49.2783, -124.611964 49.278427, -124.611844 49.278459, -124.611786 49.278453, -124.611751 49.278464, -124.611729 49.278488, -124.611696 49.278499, -124.611655 49.278531, -124.61164 49.27855, -124.611653 49.278569, -124.611654 49.278604, -124.611645 49.278628, -124.611601 49.278662, -124.611553 49.278682, -124.611524 49.278673, -124.611501 49.278686, -124.611497 49.278705, -124.611509 49.278724, -124.611493 49.278746, -124.611379 49.27883, -124.611378 49.278853, -124.61136 49.278885, -124.611273 49.278915, -124.611242 49.278911, -124.611244 49.27893, -124.611265 49.278957, -124.611285 49.278969, -124.611286 49.27899, -124.611281 49.279049, -124.611314 49.279044, -124.611349 49.279058, -124.611358 49.279077, -124.611392 49.279086, -124.61143 49.279135, -124.611481 49.279153, -124.611482 49.279173, -124.611506 49.279179, -124.611601 49.279203, -124.611626 49.279219, -124.611653 49.279225, -124.61168 49.279223, -124.611709 49.279247, -124.611784 49.279288, -124.611797 49.279308, -124.611825 49.279315, -124.611853 49.27931, -124.611885 49.279319, -124.611889 49.279338, -124.611913 49.279365, -124.611912 49.279392, -124.611978 49.279419, -124.611992 49.279442, -124.612028 49.279436, -124.612071 49.279471, -124.612165 49.279486, -124.612219 49.279512, -124.612249 49.27951, -124.612278 49.279518, -124.612283 49.279538, -124.612313 49.279534, -124.612334 49.279593, -124.612328 49.279613, -124.612369 49.279618, -124.612406 49.279662, -124.612458 49.279695, -124.612579 49.279735, -124.612656 49.279729, -124.612707 49.27974, -124.612728 49.279742, -124.612757 49.27975, -124.612784 49.279753, -124.612821 49.279759, -124.61285 49.27975, -124.612885 49.279754, -124.612914 49.279742, -124.612934 49.27972, -124.612952 49.279706, -124.612965 49.279686, -124.613 49.279684, -124.613018 49.279668, -124.613042 49.279653, -124.613066 49.27964, -124.613096 49.279641, -124.61313 49.279641, -124.613167 49.279641, -124.613205 49.279626, -124.613226 49.279609, -124.613246 49.279592, -124.613279 49.279583, -124.613305 49.279575, -124.613319 49.279558, -124.613335 49.27954, -124.613341 49.279517, -124.613344 49.279493, -124.613332 49.279477, -124.613317 49.27946, -124.613293 49.27944, -124.613266 49.279433, -124.613255 49.279414, -124.613235 49.279391, -124.613231 49.279365, -124.613231 49.279352, -124.613236 49.279345, -124.61326 49.279339, -124.613298 49.279335, -124.613304 49.27931, -124.613305 49.279291, -124.61333 49.279278, -124.613365 49.279258, -124.61339 49.279245, -124.613407 49.27923, -124.613422 49.279214, -124.613448 49.279206, -124.613475 49.279191, -124.613501 49.279172, -124.61352 49.279157, -124.613542 49.279141, -124.61357 49.279136, -124.613602 49.279137, -124.613636 49.27914, -124.613666 49.279145, -124.613695 49.27915, -124.613723 49.279153, -124.613757 49.279154, -124.613779 49.279135, -124.61381 49.279127, -124.613844 49.279121, -124.613884 49.279119, -124.613908 49.279108, -124.613926 49.279093, -124.61393 49.279061, -124.613955 49.279037, -124.613972 49.279022, -124.61397 49.278999, -124.613982 49.278983, -124.614015 49.278964, -124.614036 49.278945, -124.614064 49.278943, -124.614086 49.278925, -124.61411 49.278916, -124.614131 49.278893, -124.614157 49.278881, -124.614188 49.278869, -124.614214 49.27885, -124.614238 49.278838, -124.614236 49.278819, -124.614248 49.278802, -124.614245 49.278783, -124.614244 49.278758, -124.614268 49.278746, -124.614304 49.278734, -124.614343 49.278708, -124.614359 49.278689, -124.614379 49.278673, -124.614403 49.278652, -124.614417 49.278609, -124.614427 49.278586, -124.614424 49.278563, -124.614402 49.278532, -124.614402 49.278506, -124.614401 49.278484, -124.614398 49.278461, -124.614416 49.278438, -124.614423 49.278421, -124.614403 49.278408, -124.614384 49.278392, -124.614375 49.278362, -124.614363 49.278336, -124.614353 49.278161, -124.61444 49.278, -124.61456 49.27782, -124.61471 49.27774, -124.61493 49.27778, -124.61518 49.27787, -124.61586 49.27822, -124.61606 49.27835, -124.61622 49.27849, -124.61633 49.27864, -124.61637 49.27882, -124.61633 49.27918, -124.6164 49.27966, -124.61667 49.28046, -124.61686 49.28075, -124.61693 49.28084, -124.61705 49.28104, -124.61714 49.28125, -124.61722 49.28148, -124.61722 49.28172, -124.61721 49.28186, -124.61718 49.28275, -124.61722 49.28292, -124.6173 49.28306, -124.61804 49.28328, -124.61832 49.28335, -124.61862 49.28345, -124.61886 49.28368, -124.61902 49.28399, -124.61921 49.28428, -124.61944 49.28455, -124.61972 49.28483, -124.61997 49.28512, -124.62017 49.28542, -124.62062 49.285931))"
39,2023-06-23 10:31:00,2023061601,2023,230.7,Non-corrected airborne GPS,1686898800000,1687029927000,Being Held,JA70003000,2306704.3203,7715.0148,147,9b4811aa-6074-464b-8519-4468c82d4b8c,5662593.4921875,12088.1671855075,https://wildfiresituation.nrs.gov.bc.ca/incidents?fireYear=2023&incidentNumber=V80527,"POLYGON ((-126.030399 50.370062, -126.030325 50.370068, -126.03126 50.369479, -126.032413 50.369537, -126.032824 50.369861, -126.032468 50.370495, -126.033148 50.370791, -126.033828 50.370646, -126.034539 50.369612, -126.033826 50.369075, -126.033275 50.367958, -126.031569 50.366249, -126.030868 50.366029, -126.030351 50.366456, -126.029833 50.366353, -126.02939 50.365898, -126.028019 50.365106, -126.026142 50.364617, -126.025009 50.36359, -126.024059 50.363521, -126.023337 50.363714, -126.022225 50.363184, -126.021458 50.361088, -126.021954 50.360916, -126.024856 50.360019, -126.026851 50.359819, -126.028372 50.35966, -126.030508 50.360052, -126.032741 50.360651, -126.034759 50.361092, -126.036582 50.361518, -126.037121 50.361373, -126.038253 50.360491, -126.040336 50.361034, -126.041716 50.360724, -126.042634 50.361288, -126.043131 50.362267, -126.044555 50.362501, -126.045462 50.363155, -126.046002 50.364058, -126.04747 50.364719, -126.047676 50.365485, -126.048399 50.366036, -126.048982 50.36678, -126.049587 50.367476, -126.049804 50.36822, -126.049437 50.368462, -126.049298 50.36891, -126.049018 50.369641, -126.048199 50.370744, -126.047793 50.37182, -126.048149 50.37233, -126.048992 50.373647, -126.048583 50.37464, -126.048499 50.376184, -126.048047 50.377466, -126.047551 50.378225, -126.046505 50.378425, -126.044908 50.378695, -126.044228 50.378915, -126.043127 50.378316, -126.042058 50.377731, -126.040871 50.377931, -126.039835 50.378, -126.038929 50.377946, -126.037904 50.377725, -126.036673 50.376582, -126.035938 50.37521, -126.034878 50.372729, -126.032817 50.372074, -126.030863 50.371206, -126.030302 50.370428, -126.030399 50.370062))"
40,2023-06-23 10:31:00,2023061501,2023,7.5,Non-corrected ground GPS,1686812400000,1686933119000,Under Control,JA70003000,75295.1683,1385.139,148,c3fd542b-4aaf-48af-9612-3e929eb1df34,184223.3203125,2166.97165629162,https://wildfiresituation.nrs.gov.bc.ca/incidents?fireYear=2023&incidentNumber=V90779,"POLYGON ((-126.926643 50.289454, -126.926593 50.289543, -126.926506 50.289611, -126.92646 50.289708, -126.926448 50.289811, -126.92643 50.289934, -126.926422 50.290019, -126.926423 50.290053, -126.926286 50.29007, -126.926205 50.290074, -126.926099 50.290098, -126.925962 50.290201, -126.925848 50.290284, -126.925746 50.290292, -126.925615 50.290307, -126.925448 50.290308, -126.92537 50.290369, -126.925304 50.290451, -126.925171 50.290453, -126.924971 50.29045, -126.924802 50.290408, -126.924773 50.290321, -126.924637 50.290272, -126.924571 50.290286, -126.924514 50.290321, -126.924392 50.290291, -126.924235 50.290258, -126.923954 50.29024, -126.92386 50.290217, -126.923778 50.290187, -126.923717 50.29014, -126.923756 50.290057, -126.923752 50.290019, -126.923598 50.289942, -126.923495 50.289854, -126.923509 50.28982, -126.923645 50.28975, -126.923707 50.28969, -126.923799 50.289635, -126.923779 50.289581, -126.923602 50.289508, -126.923468 50.289509, -126.923284 50.289353, -126.923221 50.289248, -126.923147 50.289171, -126.923106 50.289014, -126.92298 50.288926, -126.922939 50.288763, -126.922933 50.288713, -126.922907 50.288668, -126.922988 50.288639, -126.923099 50.28856, -126.923216 50.288511, -126.923168 50.288442, -126.923178 50.288345, -126.923263 50.288311, -126.923243 50.288245, -126.923278 50.288211, -126.923369 50.288243, -126.923447 50.288279, -126.923493 50.288264, -126.923562 50.2882, -126.92366 50.288115, -126.92377 50.288106, -126.923842 50.288135, -126.923824 50.288207, -126.923827 50.288308, -126.923861 50.288343, -126.923996 50.2883, -126.924072 50.288247, -126.924077 50.28821, -126.923971 50.288163, -126.923935 50.2881, -126.924119 50.288085, -126.92419 50.288056, -126.924078 50.28798, -126.923763 50.287785, -126.923717 50.287639, -126.923749 50.287447, -126.923817 50.287354, -126.923825 50.28729, -126.923902 50.287226, -126.923888 50.287142, -126.92394 50.287084, -126.924043 50.287092, -126.924089 50.287034, -126.924059 50.286955, -126.924119 50.286917, -126.924214 50.286918, -126.924263 50.286876, -126.924365 50.286884, -126.924473 50.287042, -126.924607 50.287095, -126.92472 50.287094, -126.924801 50.286974, -126.924814 50.286884, -126.924849 50.286837, -126.924925 50.286828, -126.924985 50.286776, -126.925131 50.286756, -126.925231 50.286792, -126.925266 50.286846, -126.925282 50.286903, -126.925454 50.28695, -126.925517 50.286996, -126.925448 50.287093, -126.925591 50.287162, -126.925693 50.287128, -126.925851 50.287196, -126.925886 50.287296, -126.925764 50.287307, -126.925609 50.287318, -126.92558 50.287369, -126.925649 50.287401, -126.925704 50.287416, -126.925715 50.287516, -126.92588 50.287641, -126.926145 50.287749, -126.926225 50.287847, -126.92634 50.287876, -126.926398 50.287859, -126.926448 50.287904, -126.926429 50.287974, -126.926489 50.288007, -126.926644 50.288015, -126.926671 50.28806, -126.926658 50.288287, -126.926704 50.28849, -126.926698 50.288648, -126.926725 50.288783, -126.926837 50.288961, -126.926812 50.289218, -126.926742 50.289332, -126.926643 50.289454))"
41,2023-06-23 10:31:00,2023060601,2023,1038.9,Non-corrected airborne GPS,1686034800000,1686174109000,Being Held,JA70003000,10389254.7127,15806.9408,149,34cad736-7454-4ecf-937b-5c68485bf104,27417658.0,25681.9203014388,https://wildfiresituation.nrs.gov.bc.ca/incidents?fireYear=2023&incidentNumber=N40596,"POLYGON ((-118.68974 52.06184, -118.68914 52.06164, -118.68863 52.06104, -118.68874 52.06024, -118.68855 52.0594, -118.68782 52.05861, -118.68684 52.05787, -118.68585 52.05718, -118.68498 52.05651, -118.68448 52.05579, -118.68421 52.05502, -118.6838 52.0542, -118.68309 52.05337, -118.6822 52.05251, -118.68138 52.05158, -118.68062 52.05062, -118.67969 52.0497, -118.67852 52.04886, -118.67716 52.04818, -118.67574 52.04766, -118.67431 52.04729, -118.67291 52.047, -118.67155 52.04679, -118.67021 52.0466, -118.66885 52.0464, -118.66613 52.04588, -118.66479 52.04561, -118.66343 52.04534, -118.66203 52.0451, -118.6606 52.04498, -118.65913 52.04505, -118.65761 52.04512, -118.65609 52.04499, -118.65461 52.04469, -118.65314 52.04431, -118.65163 52.04398, -118.65003 52.04385, -118.64835 52.04384, -118.6466 52.04381, -118.64539 52.04375, -118.64354 52.04357, -118.64228 52.0434, -118.64102 52.04319, -118.63914 52.04276, -118.63729 52.04224, -118.63558 52.0416, -118.63443 52.04065, -118.63418 52.03951, -118.63304 52.03909, -118.63387 52.03888, -118.6347 52.03846, -118.63564 52.03791, -118.63672 52.03733, -118.6378 52.03668, -118.6389 52.03605, -118.64008 52.03551, -118.64126 52.03508, -118.64231 52.03468, -118.64317 52.03427, -118.64384 52.03381, -118.64434 52.03327, -118.64468 52.03266, -118.64503 52.03202, -118.6457 52.03151, -118.64659 52.03139, -118.64741 52.03155, -118.64826 52.0318, -118.64921 52.03196, -118.6502 52.03178, -118.65141 52.03155, -118.65275 52.03147, -118.65406 52.03125, -118.65535 52.03097, -118.65665 52.03078, -118.65789 52.03061, -118.6586 52.03036, -118.65926 52.02975, -118.65986 52.02904, -118.66099 52.02877, -118.66174 52.02893, -118.66284 52.02926, -118.6643 52.02942, -118.6659 52.02961, -118.66747 52.02991, -118.66908 52.03021, -118.67069 52.03055, -118.67219 52.03098, -118.67372 52.0314, -118.67536 52.03175, -118.67709 52.032, -118.67882 52.03222, -118.68054 52.03248, -118.68226 52.03281, -118.68395 52.03321, -118.68564 52.03364, -118.68726 52.03411, -118.68882 52.03457, -118.69022 52.03507, -118.69151 52.0355, -118.69278 52.0358, -118.69395 52.03601, -118.69503 52.03591, -118.69604 52.03554, -118.69704 52.03526, -118.69789 52.03488, -118.69849 52.03432, -118.69885 52.03367, -118.69913 52.03297, -118.69957 52.03231, -118.70036 52.03189, -118.70138 52.03189, -118.7023 52.03221, -118.70323 52.03264, -118.70429 52.03311, -118.70523 52.03374, -118.70602 52.03445, -118.70682 52.03516, -118.70784 52.0357, -118.70867 52.0359, -118.70955 52.03608, -118.7103 52.03641, -118.71127 52.03702, -118.71215 52.03767, -118.71266 52.03812, -118.71275 52.03884, -118.71224 52.03946, -118.71206 52.04017, -118.71231 52.04085, -118.71251 52.04143, -118.71244 52.04194, -118.71215 52.04239, -118.71209 52.04286, -118.71237 52.04335, -118.71275 52.0439, -118.71297 52.04453, -118.7129 52.04514, -118.7127 52.04569, -118.71275 52.04625, -118.71303 52.04681, -118.71311 52.04738, -118.71286 52.04782, -118.71242 52.04815, -118.71184 52.04839, -118.71131 52.04871, -118.71122 52.04912, -118.71143 52.04957, -118.71148 52.05, -118.71121 52.05038, -118.71067 52.05061, -118.71011 52.05081, -118.70962 52.05107, -118.70915 52.05132, -118.70859 52.0515, -118.70808 52.05174, -118.70781 52.05206, -118.70808 52.05237, -118.70836 52.05269, -118.70823 52.05296, -118.70786 52.05312, -118.70746 52.05329, -118.70717 52.05354, -118.707 52.05372, -118.70676 52.05399, -118.70664 52.05416, -118.70647 52.05441, -118.70637 52.05459, -118.70627 52.05489, -118.70619 52.05518, -118.70615 52.05545, -118.70618 52.0557, -118.70614 52.05595, -118.70608 52.05622, -118.70601 52.0565, -118.70595 52.05679, -118.70597 52.0571, -118.70615 52.05743, -118.70631 52.05777, -118.70636 52.05812, -118.70627 52.05847, -118.70608 52.05878, -118.70594 52.05908, -118.70577 52.0594, -118.70547 52.05969, -118.70519 52.05996, -118.70492 52.06023, -118.70452 52.06049, -118.70405 52.06073, -118.7036 52.06096, -118.70306 52.06112, -118.70248 52.0612, -118.70188 52.06122, -118.70138 52.06128, -118.70128 52.06152, -118.7015 52.06186, -118.70162 52.0623, -118.70129 52.06267, -118.70065 52.06283, -118.69992 52.06286, -118.69909 52.06287, -118.69814 52.06282, -118.6971 52.0626, -118.69614 52.0622, -118.69525 52.06182, -118.69423 52.06172, -118.69356 52.06177, -118.69256 52.0619, -118.69162 52.062, -118.69069 52.06198, -118.68974 52.06184))"
42,2023-06-23 10:31:00,2023061101,2023,7.4,Non-corrected airborne GPS,1686466800000,1686958459000,Under Control,JA70003000,74167.0878,1267.5075,150,655e65e4-9596-4c28-b084-828ed0cf3141,192812.0234375,2043.43605755097,https://wildfiresituation.nrs.gov.bc.ca/incidents?fireYear=2023&incidentNumber=N40726,"POLYGON ((-116.697287 51.7055, -116.697291 51.70562, -116.696972 51.705782, -116.696754 51.705847, -116.696639 51.705853, -116.696521 51.705832, -116.6964 51.70579, -116.695534 51.705397, -116.695221 51.705272, -116.695073 51.705201, -116.694951 51.705118, -116.694851 51.705023, -116.69478 51.704912, -116.694733 51.704793, -116.694709 51.704668, -116.694689 51.704304, -116.694649 51.704066, -116.694463 51.703472, -116.694361 51.703239, -116.694295 51.703132, -116.694215 51.703042, -116.694125 51.702971, -116.693896 51.702867, -116.693751 51.702821, -116.693618 51.702757, -116.693521 51.702678, -116.693452 51.702585, -116.693405 51.702478, -116.693392 51.702369, -116.693402 51.702262, -116.693442 51.70216, -116.693516 51.702066, -116.693615 51.70198, -116.693729 51.701901, -116.693978 51.701753, -116.694336 51.701444, -116.694426 51.701408, -116.694517 51.7014, -116.694615 51.701417, -116.69508 51.701585, -116.696012 51.701851, -116.696465 51.702015, -116.696593 51.702078, -116.696675 51.702151, -116.696709 51.702219, -116.696679 51.702281, -116.696608 51.702341, -116.696512 51.702385, -116.696451 51.702449, -116.696419 51.702526, -116.696402 51.702607, -116.696413 51.703037, -116.696383 51.703401, -116.696401 51.703496, -116.696433 51.703594, -116.696514 51.703796, -116.696559 51.703893, -116.696672 51.704078, -116.696754 51.704165, -116.69702 51.70441, -116.697176 51.704582, -116.697301 51.704766, -116.697545 51.705301, -116.697553 51.705368, -116.697527 51.705416, -116.697473 51.70545, -116.697287 51.7055))"
43,2023-06-23 10:31:00,2023050801,2023,13.2,Non-corrected ground GPS,1683529200000,1683751308000,Under Control,JA70003000,131943.1241,2027.8227,153,4b9d2e28-bb7e-4915-a046-feac1211f33d,327127.3671875,3193.17555213486,https://wildfiresituation.nrs.gov.bc.ca/incidents?fireYear=2023&incidentNumber=N70201,"POLYGON ((-117.015304 50.606931, -117.014996 50.606983, -117.014416 50.606643, -117.01398 50.606142, -117.013872 50.605196, -117.01321 50.604879, -117.012929 50.605208, -117.01166 50.605502, -117.01108 50.605386, -117.010663 50.605363, -117.00943 50.604816, -117.008923 50.604654, -117.008433 50.604302, -117.008551 50.603858, -117.009313 50.603599, -117.010192 50.603288, -117.009893 50.603068, -117.009548 50.602907, -117.008923 50.602573, -117.008769 50.602054, -117.010029 50.601858, -117.010581 50.601644, -117.011225 50.601529, -117.012276 50.601402, -117.013165 50.603143, -117.013455 50.604297, -117.014452 50.604689, -117.014896 50.605098, -117.014887 50.605484, -117.014914 50.605576, -117.01524 50.605813, -117.015005 50.606222, -117.015304 50.606931))"
44,2023-06-23 10:31:00,2023061501,2023,724.8,Hand sketch of any type,1686812400000,1686858516000,Being Held,JA70003000,7248086.8546,18332.9461,167,36d258e3-acdd-466b-878a-4f0bedd65546,17164923.859375,28220.9713763584,https://wildfiresituation.nrs.gov.bc.ca/incidents?fireYear=2023&incidentNumber=V10588,"POLYGON ((-122.008597 49.503717, -122.006586 49.504372, -122.008501 49.508066, -122.008321 49.509383, -122.008442 49.509632, -122.008525 49.509804, -122.009975 49.51279, -122.008637 49.516012, -122.008095 49.51692, -122.007239 49.518022, -122.006073 49.518507, -122.005298 49.519006, -122.002609 49.518149, -122.000156 49.517383, -122.000085 49.517361, -121.998225 49.51678, -121.995892 49.514975, -121.994187 49.511895, -121.992065 49.510743, -121.989769 49.51037, -121.989548 49.510221, -121.988963 49.51005, -121.9884 49.509828, -121.987892 49.509512, -121.987308 49.509188, -121.986463 49.508992, -121.985466 49.508846, -121.984365 49.508827, -121.983273 49.509034, -121.982272 49.509282, -121.981259 49.509251, -121.980245 49.509107, -121.979773 49.509077, -121.979153 49.509141, -121.979077 49.509151, -121.97897 49.509117, -121.978873 49.509103, -121.978722 49.509098, -121.978664 49.50911, -121.978601 49.509121, -121.978548 49.509083, -121.978472 49.509069, -121.978429 49.509037, -121.978448 49.508993, -121.97842 49.508957, -121.978292 49.508943, -121.978211 49.508917, -121.978146 49.508905, -121.978115 49.508891, -121.978128 49.50886, -121.978135 49.508806, -121.97813 49.508765, -121.978143 49.508717, -121.978117 49.508686, -121.978051 49.508694, -121.977994 49.508712, -121.977976 49.508694, -121.978021 49.508653, -121.97804 49.508615, -121.978026 49.508593, -121.977966 49.508561, -121.977856 49.508534, -121.977782 49.508551, -121.977708 49.508568, -121.977669 49.50859, -121.977629 49.508574, -121.977636 49.50852, -121.977615 49.508483, -121.977567 49.508447, -121.977481 49.50848, -121.977435 49.508461, -121.977448 49.508438, -121.977467 49.508418, -121.977427 49.508352, -121.977385 49.508323, -121.977343 49.508307, -121.97726 49.508301, -121.977206 49.508316, -121.977155 49.508316, -121.977125 49.508285, -121.977123 49.508258, -121.97712 49.508224, -121.97711 49.508184, -121.977122 49.508147, -121.977124 49.508123, -121.977103 49.508092, -121.977096 49.508062, -121.977102 49.508046, -121.977146 49.508022, -121.97722 49.508008, -121.977273 49.508, -121.977326 49.507999, -121.977369 49.507982, -121.977402 49.507949, -121.977441 49.50791, -121.977456 49.507858, -121.977472 49.507827, -121.977476 49.50779, -121.977514 49.507757, -121.977536 49.507729, -121.977571 49.507676, -121.97758 49.507626, -121.97753 49.507597, -121.977451 49.507566, -121.977335 49.507589, -121.977284 49.507595, -121.977183 49.507593, -121.977067 49.507566, -121.976976 49.507555, -121.976924 49.507552, -121.976843 49.50755, -121.976794 49.507577, -121.976758 49.50759, -121.976693 49.507581, -121.97666 49.507551, -121.976665 49.5075, -121.976679 49.50747, -121.976659 49.507448, -121.976569 49.507443, -121.976511 49.507449, -121.976487 49.507431, -121.976484 49.507365, -121.976445 49.507301, -121.97638 49.507274, -121.976332 49.507263, -121.976244 49.507242, -121.976228 49.507207, -121.976221 49.50718, -121.976254 49.507129, -121.976283 49.507102, -121.976259 49.507071, -121.976238 49.507016, -121.976204 49.507002, -121.976133 49.506986, -121.976048 49.506976, -121.976 49.506927, -121.975874 49.506888, -121.975805 49.506872, -121.975769 49.50686, -121.97573 49.506901, -121.975677 49.506926, -121.97567 49.506962, -121.975704 49.506999, -121.975752 49.507019, -121.975821 49.507033, -121.97584 49.507071, -121.975893 49.507093, -121.975928 49.507122, -121.975876 49.50716, -121.975873 49.507198, -121.975846 49.507229, -121.975812 49.507269, -121.975843 49.507294, -121.975901 49.507305, -121.975966 49.507313, -121.976046 49.507299, -121.976093 49.507318, -121.97611 49.507376, -121.976008 49.507437, -121.975937 49.507474, -121.975848 49.507481, -121.975745 49.507457, -121.975643 49.507469, -121.975537 49.507473, -121.975433 49.50749, -121.975328 49.507539, -121.975252 49.507596, -121.975181 49.507613, -121.975038 49.507638, -121.974895 49.50764, -121.974777 49.507661, -121.974777 49.50774, -121.97479 49.507785, -121.974864 49.507826, -121.974905 49.507902, -121.974862 49.507948, -121.974839 49.507978, -121.974844 49.508028, -121.974936 49.508081, -121.975051 49.508141, -121.975051 49.508196, -121.975139 49.508213, -121.975233 49.50819, -121.975289 49.508227, -121.975335 49.508263, -121.975381 49.508332, -121.975353 49.508378, -121.975266 49.508422, -121.975222 49.50845, -121.975219 49.508526, -121.975239 49.508577, -121.975292 49.508599, -121.975502 49.508684, -121.975614 49.508655, -121.975601 49.5086, -121.975677 49.508589, -121.975766 49.508626, -121.975779 49.508703, -121.975834 49.508748, -121.975851 49.508854, -121.975795 49.508891, -121.975703 49.508944, -121.975639 49.508946, -121.975579 49.508884, -121.975526 49.508882, -121.975454 49.508877, -121.975409 49.508922, -121.975391 49.508946, -121.975368 49.508959, -121.975249 49.508938, -121.97514 49.508932, -121.974994 49.508924, -121.97488 49.508918, -121.974772 49.508924, -121.97468 49.508944, -121.974664 49.508976, -121.974595 49.508998, -121.974556 49.509038, -121.974559 49.509101, -121.974549 49.509148, -121.974559 49.509198, -121.974624 49.509233, -121.97464 49.50926, -121.974631 49.509304, -121.974574 49.509337, -121.974462 49.509313, -121.974428 49.509343, -121.974376 49.509413, -121.974395 49.509472, -121.974411 49.50954, -121.974364 49.509653, -121.974278 49.509757, -121.974214 49.509836, -121.974149 49.50988, -121.974122 49.50991, -121.974058 49.509945, -121.974032 49.509964, -121.974103 49.509982, -121.974178 49.509994, -121.97421 49.510035, -121.97417 49.510091, -121.974186 49.510136, -121.974204 49.510183, -121.974107 49.510236, -121.974027 49.51024, -121.973918 49.510167, -121.973843 49.51014, -121.973738 49.510183, -121.973636 49.510204, -121.973527 49.510193, -121.973295 49.510158, -121.973201 49.510156, -121.973013 49.510149, -121.972926 49.510137, -121.972859 49.510149, -121.972779 49.510133, -121.972714 49.510109, -121.972641 49.510057, -121.97255 49.510019, -121.972456 49.50999, -121.972403 49.509942, -121.972361 49.509902, -121.972366 49.509841, -121.972364 49.50977, -121.972087 49.508934, -121.973414 49.507491, -121.973357 49.507275, -121.973278 49.50709, -121.973169 49.506924, -121.973055 49.506837, -121.973032 49.506724, -121.972893 49.506607, -121.972729 49.506553, -121.972657 49.506469, -121.972602 49.506371, -121.97243 49.506313, -121.972215 49.506313, -121.972059 49.50624, -121.97196 49.506213, -121.97171 49.506165, -121.971477 49.506062, -121.971288 49.505994, -121.97114 49.505979, -121.970953 49.505938, -121.97081 49.505929, -121.970783 49.50592, -121.970676 49.505922, -121.970585 49.505856, -121.970552 49.505805, -121.970511 49.505845, -121.970484 49.505925, -121.970508 49.505979, -121.970389 49.506012, -121.970306 49.506037, -121.970273 49.506108, -121.970312 49.506143, -121.970427 49.506158, -121.970535 49.506255, -121.970614 49.506373, -121.970658 49.506499, -121.970621 49.506548, -121.970456 49.506529, -121.970311 49.506434, -121.970144 49.506333, -121.970098 49.506227, -121.970085 49.506103, -121.970048 49.505946, -121.970093 49.505849, -121.970108 49.505721, -121.97012 49.505655, -121.970089 49.50555, -121.970073 49.50547, -121.970003 49.505393, -121.969935 49.50532, -121.969854 49.505254, -121.969776 49.505211, -121.969737 49.505148, -121.969699 49.505076, -121.969627 49.505033, -121.969558 49.504981, -121.969503 49.504918, -121.969494 49.504911, -121.969437 49.504869, -121.969361 49.504835, -121.969316 49.504829, -121.969182 49.504811, -121.969109 49.50481, -121.969027 49.504783, -121.96895 49.504758, -121.968882 49.504749, -121.968825 49.504758, -121.968777 49.50474, -121.968711 49.504694, -121.96866 49.504664, -121.968585 49.504666, -121.968535 49.504651, -121.968494 49.50459, -121.968456 49.504569, -121.968391 49.504527, -121.968383 49.504479, -121.968355 49.504416, -121.968346 49.504365, -121.968458 49.504283, -121.968587 49.504019, -121.968757 49.503739, -121.968937 49.503362, -121.969082 49.503164, -121.969383 49.502958, -121.969897 49.502837, -121.970371 49.502852, -121.970608 49.50286, -121.971073 49.502869, -121.971576 49.502914, -121.97213 49.502962, -121.972516 49.50294, -121.972797 49.502864, -121.973176 49.502753, -121.973569 49.502657, -121.97401 49.502629, -121.974275 49.502633, -121.974482 49.502772, -121.974769 49.502994, -121.97507 49.503214, -121.975391 49.503408, -121.975724 49.503518, -121.975993 49.503576, -121.976195 49.503589, -121.976311 49.503597, -121.976581 49.50355, -121.976975 49.503433, -121.977386 49.503228, -121.977607 49.503105, -121.978047 49.50288, -121.978344 49.502727, -121.978692 49.502615, -121.978914 49.502522, -121.979166 49.502522, -121.979271 49.502523, -121.979292 49.502469, -121.979235 49.502448, -121.979149 49.50239, -121.97912 49.502356, -121.979137 49.502326, -121.979175 49.502301, -121.979169 49.502265, -121.979096 49.502228, -121.979032 49.502225, -121.978931 49.502241, -121.978851 49.502257, -121.978813 49.502255, -121.978735 49.50221, -121.97869 49.502159, -121.978707 49.502127, -121.978748 49.502091, -121.978729 49.502042, -121.978649 49.501986, -121.978661 49.50195, -121.978715 49.501937, -121.978822 49.501947, -121.978918 49.501923, -121.978977 49.501882, -121.978964 49.501832, -121.978991 49.501787, -121.979068 49.501717, -121.979146 49.501659, -121.979338 49.501632, -121.979463 49.50164, -121.979524 49.501652, -121.97963 49.50161, -121.979701 49.501596, -121.979762 49.501606, -121.979812 49.501636, -121.979864 49.501642, -121.979894 49.501628, -121.979891 49.501603, -121.97985 49.501565, -121.979838 49.501504, -121.979855 49.501449, -121.979857 49.501419, -121.979818 49.501402, -121.979719 49.501398, -121.979631 49.501391, -121.979596 49.501355, -121.979567 49.501286, -121.979538 49.50122, -121.979521 49.501181, -121.979526 49.501122, -121.979501 49.501072, -121.979436 49.501054, -121.979333 49.501054, -121.979258 49.50104, -121.979156 49.501007, -121.979107 49.500963, -121.979037 49.5009, -121.978963 49.500838, -121.97896 49.500807, -121.979008 49.500763, -121.979057 49.500727, -121.979079 49.500682, -121.97912 49.500643, -121.979103 49.500576, -121.979118 49.500538, -121.979172 49.50052, -121.979211 49.500473, -121.979265 49.500397, -121.979362 49.500359, -121.979445 49.500305, -121.979489 49.500236, -121.97949 49.50019, -121.979503 49.500141, -121.979559 49.500042, -121.979595 49.499995, -121.979645 49.499959, -121.979739 49.499919, -121.979809 49.499887, -121.97988 49.499848, -121.979924 49.499811, -121.979961 49.499753, -121.979937 49.499701, -121.979917 49.499664, -121.979872 49.499641, -121.979734 49.499613, -121.979661 49.499614, -121.979562 49.499639, -121.979445 49.499639, -121.979342 49.499641, -121.979291 49.499631, -121.979193 49.499641, -121.979112 49.499668, -121.979054 49.499689, -121.978986 49.499696, -121.97893 49.499711, -121.978834 49.499731, -121.978698 49.499749, -121.978641 49.499762, -121.978601 49.499793, -121.978524 49.499832, -121.978468 49.499839, -121.97838 49.499809, -121.978383 49.499773, -121.978416 49.499736, -121.978397 49.499709, -121.978365 49.499673, -121.978286 49.499607, -121.978163 49.499578, -121.978021 49.499565, -121.97794 49.499556, -121.977929 49.499514, -121.97797 49.499475, -121.978079 49.499439, -121.978126 49.499403, -121.978105 49.499368, -121.978153 49.499324, -121.978184 49.499274, -121.978138 49.49923, -121.978094 49.499196, -121.978001 49.499156, -121.977918 49.4991, -121.977878 49.499052, -121.977803 49.49901, -121.977808 49.49896, -121.977845 49.498929, -121.977794 49.498885, -121.977743 49.498862, -121.977745 49.498809, -121.977743 49.498729, -121.977778 49.498658, -121.977759 49.498617, -121.977794 49.498584, -121.977906 49.498569, -121.977998 49.498519, -121.978068 49.498518, -121.97818 49.498512, -121.978285 49.498549, -121.978391 49.498541, -121.978479 49.498541, -121.978588 49.498531, -121.978739 49.498548, -121.978828 49.498523, -121.978908 49.498488, -121.979007 49.49845, -121.979089 49.498458, -121.979198 49.498508, -121.979276 49.498524, -121.979436 49.498561, -121.979483 49.498536, -121.979601 49.498516, -121.979678 49.498474, -121.979768 49.498445, -121.97991 49.498466, -121.980162 49.498489, -121.980336 49.498478, -121.980458 49.498452, -121.98052 49.498412, -121.980603 49.49837, -121.980701 49.498284, -121.980809 49.498217, -121.980907 49.498137, -121.98099 49.49805, -121.98099 49.497981, -121.980974 49.497897, -121.981007 49.497822, -121.980999 49.497783, -121.981075 49.49775, -121.981126 49.497729, -121.981109 49.49769, -121.981049 49.497673, -121.980979 49.497645, -121.980934 49.497657, -121.980923 49.497676, -121.980889 49.49773, -121.98087 49.49779, -121.980855 49.497822, -121.980781 49.497834, -121.98071 49.497841, -121.980603 49.49783, -121.980516 49.497815, -121.980454 49.497792, -121.980371 49.4978, -121.980313 49.497829, -121.980269 49.497844, -121.980187 49.497872, -121.9801 49.497899, -121.979965 49.497936, -121.979865 49.497968, -121.979738 49.49796, -121.979651 49.497951, -121.979589 49.497952, -121.979527 49.497998, -121.979449 49.498018, -121.979344 49.49801, -121.979243 49.497997, -121.979143 49.497968, -121.979058 49.497938, -121.978976 49.497901, -121.978946 49.497848, -121.978827 49.497833, -121.978723 49.497817, -121.97867 49.497821, -121.978577 49.49785, -121.97851 49.497886, -121.97843 49.497896, -121.978355 49.49791, -121.97827 49.497921, -121.978196 49.497922, -121.978115 49.497919, -121.978065 49.497917, -121.978033 49.497921, -121.978021 49.497951, -121.978009 49.497991, -121.977987 49.49804, -121.978025 49.498072, -121.978052 49.498101, -121.978009 49.498125, -121.97792 49.498146, -121.977834 49.498154, -121.977757 49.498167, -121.977667 49.498154, -121.977599 49.49813, -121.977521 49.498084, -121.977501 49.49802, -121.977481 49.497973, -121.977434 49.497911, -121.977408 49.497871, -121.977425 49.497819, -121.977433 49.497756, -121.9774 49.497728, -121.977327 49.497725, -121.977253 49.497724, -121.976953 49.497682, -121.976835 49.497095, -121.976334 49.496188, -121.975913 49.494558, -121.976287 49.491614, -121.975357 49.491113, -121.972179 49.490187, -121.970999 49.490037, -121.972043 49.48835, -121.972156 49.488167, -121.972594 49.486829, -121.973152 49.485754, -121.972922 49.483949, -121.973349 49.483236, -121.97366 49.482985, -121.973133 49.481417, -121.97313 49.479722, -121.973685 49.479143, -121.973852 49.479049, -121.974334 49.478759, -121.974867 49.478541, -121.975104 49.478457, -121.975431 49.478271, -121.975483 49.478161, -121.975589 49.477827, -121.97598 49.477083, -121.976297 49.476877, -121.976541 49.476898, -121.976816 49.476959, -121.977012 49.476858, -121.977196 49.47664, -121.977508 49.476366, -121.977612 49.476145, -121.977684 49.476112, -121.977957 49.47601, -121.978317 49.475843, -121.978752 49.475611, -121.978877 49.475406, -121.979162 49.475301, -121.979422 49.475136, -121.9794 49.474952, -121.979175 49.474756, -121.978835 49.474651, -121.978849 49.474444, -121.978645 49.474323, -121.978384 49.474236, -121.978096 49.473975, -121.978036 49.4737, -121.978398 49.473553, -121.978799 49.473478, -121.979305 49.473314, -121.979334 49.47315, -121.979374 49.472914, -121.979265 49.472735, -121.979036 49.472514, -121.978827 49.472655, -121.978633 49.472682, -121.978343 49.472709, -121.978235 49.472616, -121.978365 49.472493, -121.978383 49.472323, -121.9785 49.47221, -121.97878 49.472161, -121.97915 49.472099, -121.979475 49.472172, -121.980739 49.47249, -121.982116 49.472517, -121.982924 49.471973, -121.983044 49.471923, -121.983186 49.471938, -121.983331 49.471976, -121.983466 49.472023, -121.98347 49.471972, -121.983486 49.471897, -121.983483 49.471831, -121.98357 49.471783, -121.983696 49.471824, -121.98373 49.471864, -121.983792 49.471893, -121.983881 49.471879, -121.984015 49.471887, -121.983974 49.471927, -121.983919 49.471974, -121.983886 49.472036, -121.983909 49.472088, -121.983858 49.472201, -121.983794 49.472301, -121.983849 49.472361, -121.983849 49.47246, -121.983887 49.472555, -121.983872 49.472673, -121.983944 49.472703, -121.984011 49.472672, -121.984084 49.472635, -121.984167 49.472641, -121.984288 49.472688, -121.984342 49.47276, -121.984378 49.472873, -121.984442 49.472918, -121.984469 49.473088, -121.984372 49.473238, -121.984252 49.473365, -121.984192 49.473413, -121.98418 49.473423, -121.984233 49.47349, -121.98421 49.473524, -121.984204 49.473533, -121.984165 49.473586, -121.984255 49.473623, -121.984333 49.473686, -121.984296 49.473728, -121.984294 49.473843, -121.98435 49.473872, -121.984491 49.473894, -121.984397 49.474017, -121.984349 49.474086, -121.984388 49.474213, -121.984439 49.474297, -121.984453 49.474336, -121.98459 49.474402, -121.984676 49.474465, -121.984688 49.474526, -121.984675 49.47458, -121.984736 49.474642, -121.984747 49.474714, -121.984827 49.474755, -121.98495 49.474798, -121.985011 49.474768, -121.985074 49.474715, -121.9852 49.474621, -121.985443 49.474619, -121.985655 49.474693, -121.985782 49.474709, -121.985912 49.475328, -121.985763 49.475444, -121.985039 49.476004, -121.984788 49.476841, -121.984676 49.477215, -121.983858 49.477837, -121.983571 49.478054, -121.985502 49.478994, -121.987306 49.479873, -121.98914 49.480766, -121.991395 49.481095, -121.991567 49.481928, -121.991022 49.484016, -121.990932 49.484362, -121.991018 49.486076, -121.991375 49.487022, -121.991494 49.487338, -121.991663 49.487786, -121.992199 49.488402, -121.992917 49.489227, -121.994624 49.490443, -121.995241 49.492055, -121.995349 49.492336, -121.995473 49.492659, -121.996844 49.494459, -121.999152 49.495278, -122.001156 49.497107, -122.001517 49.497938, -122.001628 49.498194, -122.001696 49.498245, -122.001737 49.498268, -122.001711 49.498347, -122.001751 49.4984, -122.001845 49.498429, -122.001947 49.498418, -122.002 49.498385, -122.002055 49.49837, -122.002104 49.498392, -122.002157 49.498481, -122.002227 49.498535, -122.002291 49.498569, -122.002362 49.498565, -122.002451 49.498542, -122.002524 49.498522, -122.002597 49.498511, -122.002666 49.49851, -122.002737 49.498511, -122.002781 49.498561, -122.002817 49.498615, -122.002825 49.498659, -122.002803 49.498687, -122.002819 49.498739, -122.00286 49.498761, -122.002957 49.498781, -122.00302 49.498787, -122.003074 49.498765, -122.003135 49.498787, -122.003158 49.498849, -122.003151 49.498905, -122.003089 49.49895, -122.002997 49.498983, -122.002962 49.499044, -122.002971 49.499067, -122.003012 49.49913, -122.003082 49.499141, -122.003161 49.499182, -122.003221 49.499212, -122.00321 49.499229, -122.003179 49.499244, -122.003146 49.49924, -122.003131 49.499245, -122.003141 49.499279, -122.003192 49.499313, -122.003236 49.49934, -122.003269 49.499348, -122.00333 49.499336, -122.003376 49.499354, -122.003414 49.499389, -122.003467 49.499472, -122.003474 49.499531, -122.003463 49.499582, -122.003521 49.499594, -122.003581 49.499588, -122.003635 49.499585, -122.003683 49.499593, -122.003703 49.499662, -122.003714 49.499725, -122.003685 49.499764, -122.003634 49.499799, -122.003646 49.499825, -122.003666 49.499874, -122.003646 49.499911, -122.003658 49.499949, -122.003707 49.499981, -122.00377 49.499987, -122.003807 49.500032, -122.003871 49.500061, -122.003931 49.500076, -122.003976 49.500117, -122.00395 49.500208, -122.00394 49.500253, -122.003879 49.500332, -122.003847 49.500423, -122.003841 49.50054, -122.003859 49.500631, -122.003906 49.50067, -122.003984 49.500673, -122.004085 49.500661, -122.004221 49.50064, -122.004335 49.500636, -122.004386 49.500667, -122.004417 49.500694, -122.004498 49.500692, -122.004564 49.500678, -122.00458 49.500637, -122.004626 49.500603, -122.004669 49.500602, -122.004738 49.500627, -122.004768 49.500619, -122.004816 49.500586, -122.004851 49.500568, -122.004933 49.500562, -122.005033 49.500548, -122.00509 49.500534, -122.005121 49.500544, -122.005177 49.500596, -122.005215 49.500659, -122.00529 49.500739, -122.005314 49.500785, -122.005305 49.500867, -122.005306 49.500922, -122.005342 49.50097, -122.005403 49.500996, -122.005429 49.501005, -122.005458 49.501053, -122.005475 49.501093, -122.005517 49.501162, -122.005474 49.501205, -122.005445 49.501224, -122.005464 49.501259, -122.005489 49.501277, -122.005541 49.501294, -122.005587 49.501325, -122.005622 49.501396, -122.005715 49.501431, -122.005831 49.501475, -122.005953 49.501502, -122.006057 49.501527, -122.006161 49.501525, -122.006227 49.501497, -122.006333 49.501429, -122.006418 49.501396, -122.006491 49.50139, -122.006564 49.50141, -122.006629 49.501424, -122.006688 49.50148, -122.006695 49.501564, -122.00671 49.501631, -122.006707 49.501661, -122.006666 49.501667, -122.006602 49.501656, -122.00657 49.501684, -122.006522 49.50176, -122.006481 49.501824, -122.006476 49.501869, -122.006467 49.501907, -122.006471 49.501946, -122.006435 49.502009, -122.00638 49.502053, -122.006379 49.502104, -122.006383 49.502148, -122.006454 49.502181, -122.00651 49.5022, -122.006668 49.502224, -122.006827 49.502231, -122.006955 49.502243, -122.007004 49.502257, -122.00706 49.50225, -122.007149 49.502231, -122.007179 49.502207, -122.007152 49.502175, -122.007155 49.502117, -122.00719 49.502062, -122.007223 49.502005, -122.007302 49.501954, -122.007328 49.501912, -122.007364 49.501873, -122.007398 49.501833, -122.007447 49.5018, -122.007486 49.501764, -122.00756 49.501718, -122.007621 49.501685, -122.007678 49.501624, -122.007728 49.501565, -122.007758 49.501498, -122.00778 49.501437, -122.007791 49.501377, -122.007782 49.501325, -122.00778 49.501281, -122.007816 49.50124, -122.008118 49.501495, -122.008341 49.501682, -122.008917 49.503185, -122.008597 49.503717))"
