,OBJECTID,FME_ID,FIRENUMBER,FIRE_NUMBE,ALIAS,SUM_AREA_HA,CAPTURE_DATE,TIME,SOURCE,FIRE_TYPE,FIRE_STATUS,FIRE_STATUS_DATE,SIZE_CLASS,AREA_ESTIMATE,ASSESSMENT_ASSISTANCE_DATE,GENERAL_CAUSE,INCIDENT_TYPE,GlobalID,Shape__Area,Shape__Length,geometry
0,20814,1031,2023-10-15 06:33:14,PWF090, ,49.4,2023-07-11,1645,1 - non-corrected ground GPS,Wildfire,Under Control,2023/07/24 15:10:00,D,49.4,1688661660000,Lightning,5,de6964ca-ef5c-4e9d-89bd-6eaa189c9587,1662310.90625,11929.3369086156,"POLYGON ((-12941163.0117 7765066.334, -12941162.4073 7765063.3508, -12941168.7555 7765089.2893, -12941173.4923 7765120.61, -12941146.0065 7765174.8202, -12941159.5016 7765178.3425, -12941169.7326 7765225.2009, -12941138.5622 7765202.3214, -12941107.0394 7765220.7477, -12941087.1705 7765271.5591, -12941116.038 7765304.8598, -12941080.2626 7765315.1958, -12941047.1114 7765346.38, -12941057.0005 7765418.6599, -12941040.9655 7765407.4337, -12941041.2105 7765367.9447, -12941012.1341 7765363.4967, -12940962.8548 7765418.7022, -12940956.2811 7765477.4492, -12940942.2493 7765479.2308, -12940891.1432 7765447.7427, -12940816.3012 7765444.7494, -12940808.5835 7765413.58200001, -12940789.5518 7765399.6244, -12940810.0461 7765368.7455, -12940727.5143 7765329.8835, -12940698.4932 7765299.3477, -12940697.4939 7765268.3859, -12940662.4109 7765206.3812, -12940664.8856 7765177.0543, -12940652.0838 7765173.2708, -12940630.328 7765116.3107, -12940636.0617 7765073.434, -12940620.3061 7765051.9491, -12940635.4019 7765024.5622, -12940681.2741 7765056.3132, -12940751.568 7765040.6109, -12940762.9057 7765019.8507, -12940752.4026 7764978.2571, -12940726.6721 7764964.5464, -12940735.6973 7764939.1527, -12940725.7214 7764896.0844, -12940782.2203 7764864.68, -12940828.7661 7764783.9234, -12940904.1926 7764761.6343, -12940962.6973 7764791.0494, -12941023.2066 7764767.5574, -12941001.1031 7764706.9891, -12940976.6911 7764698.0406, -12940986.8203 7764677.8017, -12940971.1448 7764655.4538, -12940971.0485 7764603.6777, -12940923.4013 7764558.4765, -12940928.2937 7764498.4224, -12940918.2657 7764483.627, -12940893.5677 7764486.8108, -12940886.1638 7764458.562, -12940873.1266 7764461.9234, -12940882.7112 7764432.5699, -12940841.2016 7764394.1846, -12940842.0689 7764353.6298, -12940883.0915 7764328.1198, -12940877.4885 7764367.9283, -12940940.9162 7764389.1592, -12940991.3878 7764360.7605, -12940990.8045 7764328.2813, -12941014.2225 7764301.611, -12941011.6152 7764260.304, -12940981.4957 7764223.6779, -12940973.2862 7764177.22, -12940947.0497 7764152.9255, -12940926.532 7764153.6236, -12940900.0914 7764117.3222, -12940919.3055 7764096.5773, -12940910.8131 7764085.79730001, -12940947.127 7764073.1706, -12940950.8352 7764042.0403, -12940979.1617 7764049.0805, -12941026.5048 7764097.1817, -12941048.398 7764095.7418, -12941092.3757 7764024.6591, -12941140.7034 7764002.4952, -12941145.5713 7763977.355, -12941112.6579 7763947.2975, -12941114.0204 7763917.179, -12941090.7984 7763885.6063, -12941092.4853 7763845.6035, -12941142.1395 7763794.7309, -12941143.252 7763750.6375, -12941092.35 7763722.677, -12941119.7725 7763647.2758, -12941163.6861 7763656.158, -12941205.8678 7763696.2218, -12941218.2334 7763698.8501, -12941230.347 7763670.8625, -12941223.1815 7763628.2816, -12941199.0341 7763605.0335, -12941169.4998 7763608.2513, -12941151.1484 7763573.4984, -12941094.2416 7763563.4879, -12941098.3014 7763533.4377, -12941060.4682 7763531.2826, -12941084.9248 7763514.0432, -12941106.7875 7763451.3789, -12941139.6787 7763441.3408, -12941153.1019 7763409.7867, -12941114.4098 7763388.41759999, -12941095.8848 7763404.5856, -12941103.1815 7763384.9525, -12941141.9005 7763369.4749, -12941163.3246 7763324.0659, -12941150.1668 7763216.5945, -12941132.569 7763179.4092, -12941120.6917 7763181.4657, -12941124.4281 7763133.8226, -12941113.4746 7763126.3389, -12941147.4418 7763108.1797, -12941194.079 7763128.2442, -12941260.5385 7763228.6038, -12941294.7691 7763202.2636, -12941290.2315 7763187.7758, -12941316.1386 7763178.8054, -12941308.2879 7763146.5085, -12941320.823 7763164.2653, -12941339.5723 7763163.0257, -12941374.8935 7763097.6334, -12941366.7792 7762919.9285, -12941327.2385 7762830.675, -12941320.4266 7762774.8767, -12941294.7813 7762765.9247, -12941301.1612 7762705.358, -12941286.3526 7762683.5735, -12941257.3226 7762679.6201, -12941258.0045 7762657.6791, -12941277.3685 7762645.4773, -12941286.9895 7762663.9297, -12941330.6244 7762647.1901, -12941346.668 7762606.6164, -12941371.5797 7762600.7904, -12941361.3585 7762591.4657, -12941387.5622 7762565.5956, -12941377.1691 7762554.715, -12941399.4917 7762518.4029, -12941496.9238 7762476.3705, -12941548.2519 7762432.7324, -12941547.8649 7762372.7502, -12941458.7893 7762373.639, -12941474.515 7762305.0991, -12941498.6313 7762338.9098, -12941526.9893 7762321.294, -12941523.9455 7762257.7476, -12941503.6969 7762241.3403, -12941514.607 7762171.2825, -12941537.5664 7762161.3839, -12941532.2338 7762128.9384, -12941514.4304 7762118.3787, -12941546.0305 7762049.6757, -12941552.5984 7761946.07, -12941594.3864 7761940.5991, -12941633.9519 7762034.6108, -12941658.3649 7762045.03, -12941676.3484 7762116.6029, -12941715.2757 7762149.6079, -12941738.1999 7762145.9599, -12941812.0602 7762081.7893, -12941807.2479 7762036.8605, -12941830.1445 7761963.3695, -12941887.3269 7761970.1737, -12941859.5382 7761981.0647, -12941868.679 7762041.2426, -12941826.9077 7762124.6966, -12941851.134 7762169.9883, -12941950.5778 7762169.3616, -12941955.2819 7762203.8761, -12941930.426 7762226.947, -12941940.5898 7762231.2977, -12941910.971 7762240.1818, -12941915.8911 7762275.0629, -12941879.4363 7762288.7447, -12941901.105 7762373.625, -12941858.7422 7762430.4161, -12941860.819 7762453.859, -12941915.6881 7762490.6239, -12941924.6535 7762520.6504, -12941870.2669 7762573.3263, -12941870.4944 7762589.4123, -12941930.1933 7762645.6198, -12941944.8929 7762694.7203, -12941918.9158 7762711.2709, -12941916.8183 7762734.6467, -12941892.7059 7762759.2765, -12941866.293 7762756.1875, -12941831.7235 7762797.1962, -12941855.669 7762949.3862, -12941872.8443 7762955.8999, -12941878.2219 7762977.6226, -12941935.855 7763003.6065, -12941953.8277 7763032.089, -12941934.7035 7763070.5461, -12941940.7239 7763145.3385, -12941898.0106 7763224.9248, -12941871.318 7763230.8963, -12941861.389 7763213.5312, -12941834.4791 7763226.6391, -12941807.414 7763213.945, -12941792.4905 7763240.247, -12941769.8687 7763232.2861, -12941762.828 7763304.6515, -12941774.6993 7763330.2043, -12941789.2214 7763326.6469, -12941774.5043 7763344.2119, -12941793.6137 7763397.6977, -12941780.283 7763456.1176, -12941786.0555 7763514.4785, -12941763.9078 7763524.9386, -12941733.669 7763582.0626, -12941738.8242 7763629.8174, -12941684.0894 7763584.0338, -12941654.7559 7763632.1204, -12941664.4117 7763655.9336, -12941649.7741 7763667.3854, -12941661.8117 7763684.3575, -12941640.3244 7763720.5085, -12941655.98 7763730.0531, -12941628.8594 7763752.8899, -12941632.6334 7763836.3821, -12941613.3252 7763899.5132, -12941623.8726 7763911.0472, -12941624.6312 7763945.5728, -12941608.1859 7763969.8053, -12941618.1489 7764001.2578, -12941563.6276 7764021.3714, -12941548.9505 7764041.7047, -12941532.3916 7764120.03499999, -12941489.4345 7764207.9785, -12941510.0921 7764308.1455, -12941457.7623 7764337.8041, -12941400.6872 7764462.4108, -12941387.4008 7764458.7984, -12941362.3774 7764516.1629, -12941340.2594 7764518.8486, -12941314.8314 7764633.0552, -12941273.4024 7764642.8202, -12941268.4225 7764633.5554, -12941260.3226 7764711.4192, -12941235.5906 7764723.8738, -12941246.0212 7764749.3153, -12941236.8383 7764764.9181, -12941265.8244 7764784.4184, -12941268.8922 7764851.3466, -12941291.4256 7764853.1953, -12941301.6422 7764887.906, -12941272.3097 7764898.4226, -12941285.4309 7764936.8444, -12941250.4147 7764924.1027, -12941236.8687 7764958.8272, -12941243.1779 7764983.8889, -12941183.4103 7764992.3663, -12941161.1466 7765015.6058, -12941162.4073 7765063.3508, -12941160.446 7765059.9256, -12941163.0117 7765066.334))"
1,20818,1074,2023-10-15 06:33:14,GWF027, ,54980.3,2023-06-20,1253,1 - non-corrected ground GPS,Wildfire,Under Control,2023/07/02 18:00:00,E,54988.4,1683981840000,Under Investigation,5,c5f88c7b-2e2b-474a-b431-ef5f2c903de2,1627372305.46875,314750.25972508,"POLYGON ((-13086055.7351 7247695.5613, -13086096.8483 7247689.4344, -13086128.5295 7247664.805, -13086144.2432 7247627.8029, -13086127.4147 7247609.9209, -13086011.6198 7247580.8732, -13085960.2639 7247494.4985, -13085988.6377 7247477.135, -13086010.7584 7247481.4661, -13086025.2223 7247458.9148, -13086050.9213 7247451.8806, -13086061.6284 7247406.2194, -13086013.1207 7247385.5119, -13085970.1988 7247345.4595, -13085925.9176 7247332.6995, -13085936.9039 7247277.6552, -13085981.7331 7247256.6013, -13086023.3732 7247289.3624, -13086072.9328 7247225.1609, -13086053.8821 7247191.5007, -13086027.4826 7247193.5589, -13085922.9631 7247138.9512, -13085891.6391 7247069.9207, -13086004.8568 7247012.1486, -13085940.6313 7246944.3154, -13086028.3397 7246978.275, -13086118.5203 7246966.7415, -13086195.3178 7246926.80129999, -13086297.3199 7246786.8854, -13086483.9586 7246709.9269, -13086607.6333 7246713.67809999, -13086672.6863 7246690.6715, -13086726.2984 7246692.8454, -13086831.2551 7246180.299, -13087000.1886 7246188.8358, -13087333.541 7246331.9849, -13087529.3571 7246452.7404, -13087671.222 7246593.7388, -13087839.274 7246953.0632, -13088037.8681 7247070.0314, -13088075.4262 7247218.9445, -13088196.212 7247300.4014, -13088307.0857 7247403.6911, -13088285.375 7247631.5081, -13088287.9005 7247758.6644, -13088464.5162 7247987.0756, -13088313.1401 7248255.1781, -13088338.6304 7248396.8281, -13088587.5047 7248617.559, -13088567.002 7248757.9894, -13088670.5365 7248850.4891, -13088725.4741 7249181.3334, -13088720.6516 7249342.5767, -13088319.954 7249518.3421, -13088133.5064 7249856.8663, -13088173.2397 7249994.5759, -13088481.1818 7250352.724, -13088753.6878 7250749.1235, -13089076.7187 7251014.3601, -13089455.6699 7251296.0095, -13089707.82 7251637.7479, -13089878.233 7251760.79689999, -13090742.676 7252209.2676, -13091232.9305 7252006.3657, -13091528.1545 7252013.9045, -13091862.9232 7252093.87, -13091984.2879 7252384.9929, -13092184.0808 7252802.5566, -13092429.1254 7253203.9979, -13092455.9588 7253217.6598, -13092479.9817 7253313.7493, -13092718.7735 7253799.0308, -13092719.5081 7254316.4719, -13092854.2997 7255034.3253, -13092811.502 7255077.2305, -13092818.1038 7255135.069, -13092864.6063 7255186.9538, -13092862.3051 7255245.1247, -13092771.1192 7255190.4352, -13092618.7563 7255048.6617, -13092594.5145 7254995.9481, -13092595.9913 7254915.4704, -13092525.0959 7254927.0439, -13092491.4654 7254981.9101, -13092512.7416 7255074.9462, -13093037.6064 7255575.6782, -13093064.1209 7255652.9096, -13093317.9407 7256031.6348, -13093453.3118 7256201.2274, -13093470.6188 7256379.7658, -13093535.9379 7256457.7653, -13093731.8745 7256571.106, -13093917.4169 7256644.612, -13094028.7308 7256640.4499, -13094164.8003 7256702.3938, -13094225.0114 7256762.7061, -13094324.6697 7256924.3297, -13094537.608 7257014.6753, -13094709.687 7257204.8703, -13094786.5515 7257233.2732, -13094694.9167 7257406.5419, -13094679.1034 7257460.767, -13094638.5269 7257448.8798, -13094573.1886 7257370.88, -13094511.1394 7257261.4724, -13094432.6116 7257188.4366, -13094331.9878 7257120.6973, -13094189.0938 7256875.7755, -13094071.8285 7256839.9411, -13093938.2485 7256844.9364, -13093877.2395 7256882.9693, -13093786.1937 7256832.7438, -13093719.707 7256723.5034, -13093630.9598 7256615.0953, -13093503.9915 7256677.9319, -13093443.9766 7256742.7372, -13093323.0928 7256729.3724, -13093092.5309 7256644.1233, -13093009.7356 7256575.7072, -13092958.3824 7256552.9922, -13092847.2293 7256353.5701, -13092843.5561 7256314.3197, -13092796.9235 7256327.9401, -13092778.593 7256306.2971, -13092770.2718 7256315.8262, -13092737.3473 7256301.124, -13092747.5236 7256373.3008, -13092768.8248 7256382.4852, -13092695.326 7256403.7425, -13092670.665 7256364.4929, -13092624.2782 7256384.1671, -13092582.1216 7256344.4805, -13092556.7035 7256338.1878, -13092535.8403 7256363.2515, -13092531.7068 7256447.4664, -13092495.3926 7256474.8798, -13092498.8396 7256485.5547, -13092477.164 7256478.4477, -13092445.4138 7256497.5668, -13092427.6602 7256535.914, -13092383.3328 7256543.3817, -13092411.1459 7256578.4642, -13092433.0871 7256580.3184, -13092476.8968 7256622.9104, -13092561.9559 7256639.6108, -13092597.9069 7256796.8437, -13092534.8381 7256904.8242, -13092445.1807 7256898.5565, -13092402.062 7256855.3458, -13092409.7425 7256890.2714, -13092392.5056 7257028.5582, -13092561.6864 7257284.7582, -13092759.2195 7257443.8691, -13092717.0536 7257512.6658, -13092805.7911 7257666.2261, -13092839.6062 7257889.0646, -13092817.0516 7257969.9411, -13093061.2553 7258008.8639, -13093144.2188 7258178.65339999, -13093273.2543 7258298.7026, -13093265.3623 7258430.2642, -13093361.5198 7258353.0386, -13093422.7227 7258366.7626, -13093376.672 7258502.9515, -13093405.3993 7258588.3255, -13093315.2633 7258655.724, -13093242.3667 7258671.2507, -13093228.1971 7258719.8058, -13093263.7631 7258731.2862, -13093179.055 7258772.8672, -13093103.0854 7258791.7091, -13093050.9755 7258764.8357, -13092921.9597 7258817.6712, -13092794.225 7258732.7792, -13092679.618 7258743.4504, -13092588.1707 7258775.6707, -13092357.2975 7258752.2421, -13092289.0031 7258719.5619, -13092172.3884 7258762.3181, -13092088.738 7258832.6645, -13091974.0102 7258840.1282, -13091782.8372 7258680.7329, -13091748.2186 7258694.8246, -13091544.1627 7258878.4937, -13091472.0901 7258829.9369, -13091601.8297 7258623.414, -13091557.6468 7258464.9678, -13091430.1636 7258472.8961, -13091402.8689 7258512.3281, -13091396.2433 7258679.063, -13091381.8263 7258721.2202, -13091212.9779 7258820.3284, -13091186.5064 7258882.1436, -13091137.349 7258935.1937, -13091064.3273 7258947.5032, -13091041.053 7258922.75, -13090993.6709 7258937.3113, -13090821.858 7259042.9272, -13090776.6055 7259028.5916, -13090732.3069 7258953.3849, -13090713.5431 7258790.7856, -13090613.1448 7258579.9803, -13090534.7006 7258531.6524, -13089924.8337 7258759.7533, -13089869.0298 7258617.1613, -13089704.5143 7258587.6158, -13089512.1992 7258527.0928, -13089442.2076 7258463.9691, -13089182.5384 7258440.4102, -13088802.5719 7258140.033, -13088456.7832 7257764.437, -13088333.271 7257554.0007, -13088276.3057 7257147.81139999, -13088229.7531 7257084.3177, -13088232.9545 7257029.4326, -13088169.0683 7256990.0465, -13088050.9587 7257033.4938, -13087901.2255 7256994.6418, -13087836.9977 7256874.41969999, -13087733.8153 7256899.0595, -13087625.871 7257007.3267, -13087523.5781 7256984.9882, -13087435.1318 7256985.6138, -13087387.6939 7256969.0919, -13087328.4952 7256986.9031, -13087047.3866 7257682.0222, -13086634.2422 7257868.0666, -13086534.4197 7258167.5456, -13086618.8369 7258460.3208, -13086792.7054 7258675.8769, -13086944.8033 7258799.7698, -13087575.3013 7258887.6862, -13088239.294 7258881.8636, -13088462.699 7258853.219, -13088543.0815 7258813.2236, -13088711.5295 7258861.7124, -13088753.9549 7258861.673, -13088776.1871 7258852.8305, -13088769.6531 7258785.4508, -13088782.0722 7258760.4073, -13088819.2364 7258740.8182, -13088842.0007 7258758.0723, -13088861.2391 7258789.5259, -13088855.2612 7258821.4019, -13088922.4834 7258914.6975, -13088869.886 7258994.128, -13088919.568 7259091.82810001, -13088967.8825 7259286.509, -13089084.6477 7260248.6132, -13089103.9086 7260531.0786, -13089097.3555 7260672.1709, -13089058.156 7260807.5389, -13088978.5229 7260923.9105, -13088868.7864 7261014.4574, -13088738.8973 7261075.8523, -13088597.7792 7261113.6176, -13088231.8871 7261171.4717, -13088015.626 7261237.353, -13087815.9401 7261348.1267, -13087636.8212 7261491.2427, -13087035.1741 7262112.0648, -13086899.8383 7262298.8873, -13086851.1163 7262439.1715, -13086843.4645 7262511.3131, -13086864.1601 7262649.9498, -13086928.1213 7262770.4337, -13086971.6218 7262821.5644, -13087077.9155 7262894.473, -13087261.8821 7262941.271, -13087455.1303 7262943.2556, -13087977.2924 7262910.6825, -13088171.223 7262883.5301, -13088359.6507 7262838.2659, -13088538.4821 7262767.8697, -13088936.0411 7262559.0667, -13089058.3445 7262525.5532, -13089183.2429 7262522.2183, -13089491.3575 7262580.1405, -13090161.8839 7262758.9487, -13090403.7718 7262843.5969, -13090636.8631 7262958.5589, -13090734.665 7263048.8214, -13090799.3649 7263168.3678, -13090817.0507 7263235.4234, -13090823.6278 7263448.0415, -13090779.4973 7263942.2431, -13090790.9044 7264082.8389, -13090836.6038 7264287.1886, -13090882.9534 7264419.2997, -13090972.2696 7264608.0269, -13091363.3858 7265252.0422, -13091483.0131 7265501.7284, -13091529.162 7265706.6191, -13091535.4168 7266137.1977, -13091551.4316 7266281.0196, -13091591.8992 7266415.3582, -13091661.5839 7266530.7297, -13091809.3921 7266655.4245, -13091925.1325 7266701.185, -13092045.8384 7266712.4216, -13092164.6155 7266688.1209, -13092567.9621 7266531.7995, -13092750.348 7266495.6051, -13092935.0328 7266486.0265, -13093055.3241 7266512.2572, -13093525.0361 7266662.3224, -13093631.0943 7266719.5961, -13093668.5688 7266764.1551, -13093692.2998 7266816.1544, -13093687.3666 7266927.7317, -13093662.6423 7266979.0361, -13093501.8911 7267164.2029, -13093433.0836 7267273.4059, -13093397.4501 7267396.86, -13093400.2518 7267524.4037, -13093467.4383 7267704.0681, -13093604.8995 7267919.5291, -13093798.6952 7268297.3988, -13094097.5444 7268795.5053, -13094170.765 7269147.3975, -13094156.6808 7269184.8921, -13094193.3121 7269239.1999, -13094214.6711 7269250.266, -13094259.8034 7269239.4479, -13094275.6801 7269274.4516, -13094285.0034 7269353.515, -13094246.5766 7269373.2104, -13094241.6718 7269412.6444, -13094201.3918 7269431.4961, -13094217.3366 7269468.3239, -13094183.7882 7269472.3188, -13094181.3396 7269504.3588, -13094225.0786 7269553.8383, -13094233.6202 7269611.9388, -13094276.9015 7269600.2766, -13094274.4965 7269560.2026, -13094315.3209 7269555.9347, -13094372.9068 7269512.7004, -13094381.9336 7269510.5364, -13094392.6828 7269545.391, -13094412.7265 7269548.6334, -13094438.2251 7269499.755, -13094452.8765 7269495.7828, -13094522.4149 7269498.3106, -13094532.5417 7269556.1229, -13094565.4678 7269553.7472, -13094578.5995 7269539.5626, -13094605.528 7269544.2578, -13094628.2553 7269573.6426, -13094745.9554 7269554.9643, -13094918.4179 7269470.9025, -13094950.8814 7269471.395, -13094960.7851 7269492.7025, -13095010.8976 7269508.50639999, -13095045.9131 7269470.6789, -13095092.5513 7269484.9011, -13095101.028 7269468.0382, -13095083.8061 7269418.4807, -13095102.4077 7269398.3849, -13095147.042 7269404.695, -13095178.7738 7269370.4138, -13095224.1184 7269365.2868, -13095233.8382 7269351.2296, -13095310.8215 7269339.7785, -13095374.4468 7269306.0091, -13095429.7097 7269307.354, -13095450.7543 7269291.7296, -13095454.7821 7269262.4831, -13095478.449 7269271.2912, -13095519.6998 7269248.0609, -13095534.3152 7269258.3505, -13095539.6517 7269279.2579, -13095504.8879 7269308.5197, -13095496.0935 7269362.4772, -13095435.9088 7269457.7327, -13095467.9896 7269493.609, -13095458.8034 7269521.9095, -13095429.0612 7269533.2972, -13095423.7544 7269574.0031, -13095407.3843 7269592.8752, -13095549.3663 7269758.1899, -13095506.3847 7270037.3358, -13095455.3357 7270233.0995, -13095219.1837 7270951.65, -13095130.0316 7271211.5984, -13095073.6965 7271335.7657, -13094966.7777 7271507.0093, -13094683.0829 7271874.2862, -13094576.9609 7272163.2354, -13094587.7599 7272216.3817, -13094733.0597 7272356.5069, -13095112.3677 7272475.0686, -13095218.7607 7272528.702, -13095313.8351 7272601.9251, -13095420.4391 7272750.8087, -13095448.2722 7272872.5056, -13095447.2357 7272936.6839, -13095411.2681 7273059.0376, -13095275.1792 7273281.9484, -13095232.7629 7273407.3209, -13095219.6472 7273538.1578, -13095248.2144 7273863.6992, -13095206.22 7274055.2162, -13095100.2992 7274220.96, -13094812.7816 7274514.1535, -13094725.797 7274624.6242, -13094658.6895 7274747.12740001, -13094637.3036 7274813.0342, -13094624.8533 7274946.8528, -13094654.109 7275075.55390001, -13094683.6176 7275133.783, -13094764.0457 7275236.0339, -13094860.9058 7275322.6248, -13095030.0821 7275407.1597, -13095390.6676 7275494.8813, -13095542.4677 7275596.5761, -13095656.4999 7275744.1999, -13095834.2543 7276090.6162, -13095908.7749 7276274.0133, -13095951.4888 7276470.6662, -13095932.6707 7276879.348, -13095958.2957 7277077.4767, -13096026.3328 7277258.0161, -13096207.0987 7277594.2877, -13096246.9397 7277714.1492, -13096270.5689 7277849.1489, -13096264.5359 7277908.6629, -13096202.9947 7277983.0524, -13096084.4805 7278052.0046, -13096000.8298 7278142.4, -13095902.5708 7278146.104, -13095843.6666 7278190.0482, -13095838.5236 7278254.7256, -13095885.8641 7278306.046, -13095893.0542 7278396.8122, -13095991.7548 7278908.9879, -13096047.6549 7278986.5437, -13096196.7227 7278722.9659, -13096301.2112 7278631.1242, -13096292.0429 7278757.7597, -13096233.8685 7278805.0193, -13096119.894 7278995.1997, -13096204.5148 7279347.2563, -13096195.5831 7279370.5603, -13096073.5661 7279347.3903, -13095941.6976 7279299.7915, -13095600.1691 7278976.2118, -13095531.5835 7278993.5133, -13095516.7115 7279044.53939999, -13095520.2229 7279082.257, -13095537.2983 7279090.0254, -13095601.2223 7279060.2827, -13095614.8947 7279089.2066, -13095552.4954 7279215.621, -13095547.0268 7279293.6314, -13095576.6734 7279300.9266, -13095605.9081 7279409.174, -13095471.7101 7279355.3462, -13095460.2116 7279328.4419, -13095402.4629 7279299.0725, -13095347.7033 7279349.4983, -13095270.4973 7279360.8138, -13095281.9952 7279387.7185, -13095267.6437 7279396.6697, -13095202.2222 7279386.513, -13095180.4846 7279366.3018, -13095181.1649 7279328.4249, -13095085.312 7279289.9717, -13095002.1621 7279198.4699, -13094813.5236 7279203.4532, -13094762.5344 7279186.4427, -13094737.8788 7279233.4945, -13094701.0073 7279203.7193, -13094697.1152 7279176.2817, -13094656.8374 7279165.1768, -13094608.627 7279110.211, -13094669.6985 7279116.3301, -13094709.7955 7279066.4611, -13094682.0103 7279052.78459999, -13094682.8265 7278962.3357, -13094658.8395 7278938.0031, -13094616.3895 7278924.8771, -13094566.9712 7278949.8615, -13094544.217 7278902.3524, -13094520.8579 7278894.818, -13094445.9853 7278912.3454, -13094439.6786 7278855.8086, -13094403.3576 7278838.2463, -13094352.0009 7278867.5071, -13094292.1648 7278838.2097, -13094265.9275 7278809.7555, -13094217.3504 7278801.0626, -13094234.7171 7278760.4606, -13094162.3905 7278733.7333, -13094027.0393 7278755.2546, -13093913.651 7278814.5406, -13093881.6603 7278744.2467, -13093895.6035 7278668.0288, -13093864.4742 7278620.8329, -13093835.301 7278626.13, -13093812.8457 7278656.8868, -13093784.0311 7278647.5585, -13093790.2898 7278600.4802, -13093772.8261 7278582.2099, -13093718.4272 7278618.1389, -13093734.1784 7278558.4243, -13093721.9833 7278512.6229, -13093729.4245 7278487.1131, -13093712.5087 7278483.5408, -13093706.8494 7278500.5734, -13093697.9223 7278486.189, -13093665.4978 7278516.8385, -13093650.4424 7278506.8885, -13093606.6829 7278514.83299999, -13093582.7941 7278549.3682, -13093627.6481 7278570.8197, -13093631.463 7278616.9351, -13093613.5463 7278642.8369, -13093512.4251 7278575.1281, -13093581.3873 7278511.5736, -13093586.4216 7278477.7436, -13093545.8362 7278458.2351, -13093465.1494 7278488.5854, -13093392.7778 7278573.2923, -13093371.8668 7278690.9404, -13093299.9869 7278745.1249, -13093213.4753 7278849.0623, -13092939.504 7279428.9514, -13092906.0456 7279549.414, -13092937.8469 7279789.2298, -13092971.8022 7279849.942, -13093001.2675 7279863.3588, -13093043.8061 7279875.0965, -13093102.3989 7279841.8163, -13093153.4591 7279844.3516, -13093198.7877 7279871.531, -13093188.6573 7280016.2712, -13093196.8628 7280058.1636, -13093230.9633 7280081.3208, -13093276.3208 7280090.2091, -13093343.5206 7280188.1662, -13093339.8373 7280208.293, -13093385.0863 7280233.2546, -13093403.7801 7280259.2084, -13093450.7471 7280270.7792, -13093469.6063 7280301.169, -13093496.276 7280422.3309, -13093522.0226 7280459.1269, -13093588.3466 7280514.3956, -13093781.375 7280520.501, -13093817.6923 7280543.5741, -13093834.5884 7280580.7009, -13093827.7198 7280634.2655, -13093809.6205 7280683.8085, -13093755.6159 7280721.3684, -13093814.5333 7280934.6206, -13093851.6793 7280979.8762, -13094059.6726 7281089.8147, -13094101.247 7281134.9041, -13094148.035 7281319.7421, -13094238.0761 7281416.3288, -13094210.6543 7281517.4569, -13094419.1823 7281756.8311, -13094482.9851 7281863.6859, -13094530.9106 7281979.555, -13094570.1601 7282166.7779, -13094578.227 7282296.747, -13094564.082 7282636.7385, -13094537.8787 7282789.5415, -13094507.3991 7282752.4969, -13094406.2113 7282714.0799, -13094355.7119 7282727.0825, -13094360.9448 7282689.1167, -13094390.61 7282652.4564, -13094398.2219 7282618.8452, -13094348.0318 7282580.7366, -13094326.0615 7282586.004, -13094305.1454 7282560.1278, -13094314.8056 7282521.9968, -13094298.7309 7282507.0477, -13094274.2159 7282503.5235, -13094237.3303 7282524.9015, -13094192.1483 7282502.1566, -13094116.3284 7282549.4318, -13094084.1176 7282577.2992, -13094076.1734 7282602.0355, -13094035.9976 7282594.6537, -13094020.2342 7282528.5934, -13093994.5611 7282494.0081, -13093954.2206 7282482.1889, -13093928.4021 7282503.1508, -13093926.9328 7282523.201, -13093907.2586 7282530.6029, -13093891.1848 7282515.6529, -13093853.8845 7282525.9361, -13093813.3787 7282509.6789, -13093781.0661 7282475.3416, -13093727.6924 7282470.6741, -13093697.3635 7282489.5824, -13093687.5528 7282583.2604, -13093753.4004 7282625.2306, -13093770.4663 7282666.8046, -13093800.3181 7282694.5696, -13093796.3227 7282765.815, -13093715.1613 7282788.8484, -13093676.7027 7282768.0699, -13093659.885 7282733.1511, -13093625.8542 7282712.2068, -13093608.5582 7282723.9626, -13093574.8746 7282771.87919999, -13093588.9 7282791.3504, -13093576.8573 7282825.1273, -13093586.8685 7282855.8578, -13093618.2732 7282865.7918, -13093599.2588 7282890.9429, -13093613.6151 7282919.2891, -13093710.1443 7283011.2153, -13093761.6384 7283024.841, -13093818.3686 7283000.4994, -13093850.0221 7283017.089, -13093853.0627 7283039.1934, -13093875.779 7283053.8957, -13093992.4648 7283091.7409, -13094044.3115 7283174.2294, -13094020.1255 7283179.5792, -13094043.9181 7283223.1255, -13094026.5389 7283232.6641, -13094038.0216 7283243.3434, -13094068.7663 7283235.5258, -13094095.0214 7283285.6457, -13094122.3319 7283304.6194, -13094073.2145 7283295.3505, -13094036.5934 7283383.3772, -13094049.152 7283422.9017, -13094037.3586 7283463.3385, -13094083.7873 7283519.37, -13094040.7514 7283554.312, -13093996.3912 7283553.7519, -13093966.2045 7283517.109, -13093919.8788 7283523.2879, -13093913.6508 7283534.6309, -13093882.2431 7283524.6972, -13093865.2765 7283545.3302, -13093866.5171 7283578.6135, -13093820.9351 7283604.7619, -13093798.4655 7283596.7151, -13093785.118 7283654.9867, -13093769.1248 7283642.2532, -13093729.7704 7283657.0582, -13092794.3003 7283420.9309, -13092777.3311 7283441.5613, -13092741.2502 7283425.1316, -13092719.4412 7283434.8328, -13092695.0165 7283493.5142, -13092660.8202 7283468.1259, -13092600.5515 7283457.0412, -13092584.3134 7283437.649, -13092587.1767 7283395.3256, -13092559.9518 7283378.5651, -13092519.4441 7283362.29950001, -13092468.6903 7283368.6346, -13092409.7315 7283333.0588, -13092347.7442 7283335.3678, -13092341.9253 7283357.8038, -13092330.8562 7283358.2161, -13092311.4179 7283312.2799, -13092275.0919 7283289.1918, -13092218.2726 7283311.30439999, -13092206.0585 7283340.6438, -13092234.2693 7283384.0319, -13092247.477 7283441.3103, -13092234.5227 7283450.6803, -13092190.5743 7283461.2043, -13092147.0308 7283422.8303, -13092079.9627 7283467.5432, -13092065.8575 7283445.8487, -13092022.9722 7283425.225, -13091979.5362 7283457.4108, -13091932.2036 7283428.6015, -13091917.8481 7283440.3777, -13091921.4164 7283590.6312, -13091396.6502 7284185.9688, -13090524.965 7285133.3341, -13089754.5753 7285346.7039, -13088802.6568 7285461.0875, -13088616.4131 7285467.8707, -13088506.006 7285444.8813, -13088418.4636 7285391.8665, -13088358.7411 7285317.2646, -13088330.8791 7285188.5306, -13088360.1643 7284971.7891, -13088348.147 7284878.4896, -13088282.15 7284745.1635, -13088212.2281 7284670.0119, -13088168.8609 7284642.862, -13088067.2569 7284621.6646, -13087965.4345 7284642.1994, -13087874.8779 7284693.2912, -13087657.1632 7284860.5111, -13087501.0644 7284932.3565, -13087385.8189 7284940.8651, -13087331.102 7284928.4023, -13087238.7402 7284873.2347, -13087205.9612 7284833.3055, -13087169.568 7284742.3819, -13087169.985 7284646.8276, -13087183.9409 7284601.1043, -13087251.116 7284470.2236, -13087457.1807 7284181.1938, -13087511.1644 7284036.6436, -13087509.4494 7283984.6048, -13087473.2977 7283882.6037, -13087401.9794 7283792.718, -13087311.5298 7283715.2206, -13086809.5112 7283456.2561, -13086483.9688 7283266.0562, -13086246.4864 7283173.44389999, -13085993.7731 7283105.7746, -13085793.125 7283084.1221, -13085587.9157 7283107.1868, -13085396.2277 7283190.5086, -13085286.6849 7283274.7004, -13085199.6036 7283381.4457, -13085144.601 7283504.6063, -13085132.3033 7283633.6639, -13085180.13 7283815.9912, -13086064.7572 7285420.0754, -13086615.4498 7286379.3778, -13086741.0887 7286618.5287, -13086787.3115 7286776.864, -13086772.4177 7286886.1704, -13086747.3456 7286934.0657, -13086668.8772 7287002.9404, -13086568.8199 7287033.2317, -13086344.2375 7287032.5555, -13086227.4239 7287052.6992, -13086067.1185 7287139.5452, -13085983.5104 7287229.8123, -13085922.7588 7287337.29420001, -13085882.6702 7287453.7402, -13085743.2997 7288044.2278, -13085658.7023 7288532.6218, -13085600.9338 7288712.4934, -13085540.1952 7288822.1511, -13085453.9513 7288910.8531, -13085402.5721 7288943.8567, -13085289.4913 7288982.6832, -13085113.1979 7288978.6264, -13084997.2476 7288950.0941, -13084886.2914 7288904.4239, -13084784.8703 7288839.5288, -13084551.8374 7288633.0153, -13084445.23 7288555.6773, -13084324.5763 7288497.2654, -13084192.2327 7288466.4664, -13083915.5907 7288448.4618, -13083565.1646 7288459.1383, -13082708.5276 7288531.1166, -13082497.7069 7288505.9847, -13082370.9926 7288454.4923, -13081817.5702 7288152.8876, -13081634.5353 7288041.7455, -13081230.1292 7287761.1046, -13080979.6988 7287625.4969, -13080771.9056 7287561.7867, -13080257.2749 7287526.265, -13080040.7967 7287474.33299999, -13079916.1308 7287405.481, -13079759.2434 7287268.2136, -13079346.9129 7286788.4445, -13079144.9846 7286581.0314, -13078907.5202 7286405.4944, -13078211.0656 7285975.7057, -13078104.5124 7285879.9165, -13077908.3762 7285605.928, -13077855.4021 7285564.7192, -13077732.1617 7285520.4339, -13077600.5498 7285516.6831, -13077121.1447 7285598.1584, -13076914.5359 7285605.2986, -13075209.1562 7285438.3358, -13074819.0264 7285371.8266, -13074688.2888 7285376.0705, -13074567.4127 7285414.9762, -13074518.7704 7285450.1444, -13074453.0178 7285545.5045, -13074424.0761 7285658.9386, -13074382.5856 7286092.6561, -13074337.4671 7286215.3881, -13074248.907 7286309.0809, -13074193.1704 7286338.0263, -13074133.8862 7286356.0205, -13074011.8502 7286359.6788, -13073835.9373 7286309.6161, -13073615.0981 7286195.3243, -13073204.9696 7285916.6532, -13073070.3289 7285790.1032, -13072997.2229 7285629.2636, -13072970.0033 7285455.7152, -13073010.8402 7284859.5913, -13072978.6985 7284739.5127, -13072947.5539 7284685.0409, -13072854.8772 7284606.1963, -13072735.2423 7284584.3891, -13072611.9529 7284606.371, -13072499.5191 7284666.77839999, -13072229.1532 7284873.1505, -13072105.5969 7284932.1639, -13071974.203 7284969.455, -13071839.7716 7284980.2976, -13071577.0223 7284962.5037, -13071444.8113 7284971.5494, -13071316.5179 7285010.1722, -13071072.9402 7285132.2668, -13070879.7983 7285182.5589, -13070555.8939 7285215.1113, -13070371.676 7285175.084, -13070217.64 7285074.8542, -13070056.0804 7284895.1875, -13069735.103 7284381.5016, -13069488.8196 7284029.2581, -13069211.8222 7283556.2263, -13068992.5831 7283067.3876, -13068830.4563 7282755.6502, -13068700.459 7282641.2241, -13068591.3939 7282596.3745, -13068357.3545 7282543.6965, -13068305.576 7282518.1711, -13068225.3496 7282440.7127, -13068201.2628 7282392.306, -13068181.0871 7282288.5763, -13068161.1816 7281953.8985, -13068126.5885 7281843.555, -13068062.1568 7281746.2635, -13067879.9393 7281590.4823, -13067630.9718 7281331.81889999, -13067253.2029 7281073.5867, -13067151.528 7280989.4693, -13066889.6059 7280693.0302, -13066675.0446 7280514.4266, -13066317.3912 7280289.0377, -13066118.9286 7280223.722, -13065909.5258 7280220.4499, -13065497.5378 7280274.2931, -13065145.3409 7280292.1602, -13064933.5077 7280338.5507, -13064824.7102 7280414.9303, -13064790.9421 7280468.7856, -13064771.7185 7280586.3641, -13064788.7392 7280642.0988, -13064861.5894 7280733.6898, -13064911.3194 7280766.7018, -13065139.7493 7280843.9154, -13065247.6923 7280900.3122, -13065319.179 7281000.15519999, -13065332.3065 7281128.1568, -13065280.6484 7281253.9614, -13065234.6792 7281305.7265, -13065111.797 7281366.5345, -13065042.8941 7281378.03, -13064902.0143 7281369.049, -13064768.3975 7281323.1923, -13064177.1418 7280951.7558, -13063676.4989 7280600.2349, -13063553.5032 7280541.954, -13063233.3021 7280445.3387, -13063064.2363 7280349.539, -13062971.1669 7280262.5147, -13062895.3858 7280164.0712, -13062632.1743 7279681.3681, -13062475.1311 7279483.0494, -13062245.2442 7279256.3249, -13061425.3745 7278537.3486, -13061093.8308 7278189.2357, -13060922.4989 7278082.4733, -13060593.3357 7277988.2342, -13060469.6277 7277935.5127, -13060357.7882 7277868.8564, -13060259.6756 7277788.0438, -13060144.6763 7277643.2641, -13060057.7563 7277478.2746, -13059769.1262 7276651.8042, -13059615.7725 7276368.0674, -13059569.3419 7276250.8279, -13059545.4077 7276130.2978, -13059538.0316 7275950.4841, -13059565.8314 7274981.1866, -13059553.7075 7274861.958, -13059522.1683 7274742.7742, -13059428.567 7274576.0883, -13059137.8956 7274293.5129, -13059017.3039 7274135.6183, -13058957.3835 7273961.1737, -13058965.7186 7273617.755, -13058924.0628 7273503.389, -13058836.9844 7273409.08, -13058714.4003 7273353.2098, -13058576.0981 7273347.1472, -13058047.7524 7273425.0832, -13057519.471 7273447.3211, -13057296.9637 7273475.47119999, -13057080.4712 7273531.4687, -13056875.9893 7273610.7588, -13056755.1217 7273688.1365, -13056530.0119 7273867.8474, -13056405.1853 7273935.792, -13056271.7554 7273969.7843, -13056137.8097 7273964.5974, -13056012.9562 7273922.542, -13055853.9878 7273808.4799, -13055322.8366 7273205.8606, -13055215.6491 7273115.3515, -13055096.3798 7273041.4558, -13054649.2022 7272852.7797, -13054455.7447 7272786.10719999, -13053728.7226 7272598.2645, -13053524.6731 7272568.0188, -13053388.7905 7272579.1652, -13053264.5706 7272623.3754, -13053211.312 7272658.2751, -13053129.1374 7272751.5282, -13053080.2396 7272863.6968, -13053051.1964 7272983.1813, -13053023.6058 7273294.3079, -13052977.9647 7273409.9311, -13052939.3495 7273455.5737, -13052891.2056 7273488.904, -13052777.0563 7273514.6929, -13052718.541 7273506.5298, -13052615.5451 7273452.4438, -13052526.4564 7273374.2198, -13052449.7212 7273279.705, -13052297.048 7272940.2161, -13052200.7853 7272770.4158, -13051923.0202 7272481.0334, -13051846.0636 7272377.5069, -13051791.9441 7272264.4287, -13051785.3686 7272146.50020001, -13051829.1006 7272041.6823, -13051918.1325 7271972.7072, -13052132.5743 7271871.6688, -13052227.6806 7271793.1007, -13052304.4376 7271695.6599, -13052328.3606 7271636.8935, -13052334.7724 7271510.0853, -13052319.1497 7271448.9142, -13052260.7858 7271336.6741, -13052170.7676 7271245.035, -13052057.5418 7271179.3179, -13051815.0641 7271070.9762, -13051765.0926 7271033.0237, -13051696.824 7270939.5368, -13051669.2179 7270837.1887, -13051697.8994 7270475.0556, -13051690.1203 7270310.5027, -13051668.1348 7270200.9269, -13051601.4431 7270039.8412, -13051374.7547 7269687.5991, -13051218.4973 7269309.5155, -13051158.2456 7269201.0688, -13051076.46 7269101.7433, -13050923.5823 7268972.6008, -13050744.0918 7268860.782, -13050544.6725 7268764.6742, -13050327.7091 7268696.8179, -13050103.2228 7268658.6612, -13049876.2795 7268641.8891, -13049499.8407 7268640.8346, -13049352.2758 7268623.1381, -13049216.4864 7268573.5851, -13049157.1597 7268535.1302, -13049105.5858 7268488.903, -13049028.0304 7268378.6013, -13048994.5135 7268254.0251, -13048997.3498 7268192.2478, -13049030.3062 7268073.5553, -13049131.428 7267921.9702, -13049558.6961 7267425.6567, -13049596.4069 7267316.6751, -13049595.1411 7267197.8784, -13049565.6232 7267077.8843, -13049518.5961 7266960.995, -13049403.9329 7266731.6361, -13049304.5114 7266566.7173, -13049138.3889 7266371.43860001, -13048832.9899 7266134.8484, -13048716.8281 7265988.8296, -13048676.8913 7265821.6752, -13048675.8563 7265305.6472, -13048654.2272 7265194.0185, -13048628.1604 7265147.2325, -13048549.229 7265085.905, -13048447.9109 7265076.11, -13048342.7717 7265103.7132, -13048127.3971 7265207.3667, -13048007.7751 7265234.0275, -13047946.9622 7265229.015, -13047841.474 7265181.2331, -13047775.8157 7265096.9996, -13047766.5953 7264995.276, -13047812.6794 7264911.3258, -13047852.052 7264885.508, -13047945.2743 7264872.5738, -13048141.575 7264924.4256, -13048300.6029 7264919.6019, -13048398.5081 7264881.0888, -13048438.5785 7264848.458, -13048482.6736 7264755.865, -13048483.1899 7264703.0746, -13048443.0082 7264603.4702, -13048242.5631 7264401.993, -13048211.8115 7264354.6466, -13048176.3557 7264253.2446, -13048173.2392 7264151.9648, -13048247.1808 7263863.9853, -13048260.4451 7263707.8791, -13048142.6301 7262723.2134, -13048150.8918 7262443.0341, -13048141.7767 7262324.3602, -13048092.8597 7262143.4821, -13047978.7309 7261910.1354, -13047887.7952 7261813.6635, -13047773.3159 7261742.089, -13047645.5007 7261691.8822, -13047316.3438 7261599.3617, -13047126.475 7261526.322, -13046887.3922 7261399.2541, -13046423.475 7261122.7013, -13046170.8778 7261011.1201, -13045965.4321 7260956.7495, -13045824.0582 7260937.5164, -13044948.8079 7260882.9521, -13044162.3539 7260719.1183, -13044023.7709 7260673.4826, -13043896.8288 7260607.0058, -13043782.7888 7260523.986, -13043627.127 7260382.0053, -13043441.054 7260170.9049, -13043287.5353 7259939.9114, -13043156.9296 7259637.2785, -13043123.5817 7259452.1431, -13043137.027 7259211.3869, -13043193.4765 7258837.6986, -13043327.2174 7258208.804, -13043470.6919 7257859.1056, -13043478.715 7257737.8029, -13043462.0912 7257677.7372, -13043389.0825 7257573.2893, -13043333.7388 7257540.9475, -13043272.051 7257523.3168, -13043143.7052 7257531.448, -13043024.7027 7257588.323, -13042813.5574 7257773.362, -13042752.5011 7257811.564, -13042686.2256 7257835.2305, -13042617.8842 7257841.2853, -13042553.2783 7257829.7394, -13042497.4168 7257801.228, -13042458.4214 7257758.5554, -13042421.713 7257660.8259, -13042425.3551 7257612.9717, -13042488.2662 7257526.7183, -13042753.1712 7257359.3857, -13042873.4063 7257252.2479, -13043372.5931 7256573.6696, -13043400.8776 7256531.0893, -13043433.5101 7256432.0463, -13043435.8311 7256379.7665, -13043413.3459 7256272.0776, -13043309.0119 7256062.9469, -13043171.018 7255862.4807, -13043027.3998 7255744.9272, -13042911.928 7255693.2962, -13042787.1914 7255667.3643, -13042595.769 7255682.5856, -13042412.8371 7255744.6779, -13042124.8751 7255893.4643, -13042000.3839 7255921.1039, -13041938.3524 7255919.7069, -13041824.9876 7255888.8165, -13041740.129 7255822.2085, -13041695.587 7255735.3971, -13041693.9458 7255643.3292, -13041757.4744 7255518.7883, -13042083.191 7255224.6352, -13042146.0218 7255148.6986, -13042195.4031 7255057.798, -13042237.0705 7254902.3665, -13042271.1803 7254573.3148, -13042320.4573 7254424.5893, -13042387.8142 7254353.7159, -13042431.0187 7254335.7895, -13042619.7203 7254322.6188, -13042712.2879 7254290.3463, -13042754.2446 7254261.941, -13042822.1804 7254181.4617, -13042887.0672 7254028.9229, -13043005.7736 7253257.4264, -13043012.3714 7253091.2911, -13042964.7809 7252865.3208, -13042823.2016 7252479.9877, -13042801.9333 7252312.0819, -13042839.8397 7252099.0366, -13042926.9095 7251835.4614, -13043092.6675 7251464.5039, -13043183.4323 7251313.8986, -13043289.965 7251178.199, -13043372.9118 7251102.7541, -13043466.3817 7251045.7083, -13043566.0479 7251011.0957, -13043668.6597 7250996.5488, -13044155.2485 7250985.8699, -13044228.6545 7250907.5993, -13044604.4031 7250651.2299, -13044898.7726 7250869.5317, -13045110.6108 7251092.5636, -13045249.6558 7251031.4532, -13045338.8846 7251014.7096, -13045383.0484 7251020.9639, -13045464.7047 7251062.167, -13045561.5094 7251170.791, -13045666.3556 7251345.7563, -13045763.9806 7251469.3976, -13046002.987 7251691.139, -13046270.42 7251965.8964, -13046356.3425 7252031.4542, -13046503.5814 7252096.1683, -13046814.8549 7252164.9226, -13046912.3934 7252198.1813, -13047044.4551 7252275.4841, -13047118.2517 7252347.14769999, -13047202.1777 7252482.4122, -13047245.1052 7252644.0077, -13047251.0985 7252759.6003, -13047213.3484 7253410.6647, -13047171.699 7253831.3043, -13047196.7738 7254001.2333, -13047276.4561 7254143.9994, -13047391.5348 7254251.7926, -13047614.0283 7254387.6627, -13047734.6473 7254491.5034, -13047828.6893 7254617.9866, -13048049.443 7254984.8643, -13048122.4047 7255061.084, -13048207.6669 7255124.4814, -13048399.9116 7255219.0731, -13049061.5398 7255437.2719, -13049357.8075 7255565.3464, -13050084.5119 7255961.4833, -13050223.8794 7256056.4529, -13050397.3119 7256204.824, -13050558.5292 7256374.2041, -13050688.4294 7256573.9093, -13050824.6889 7256844.0035, -13051010.8298 7257298.35719999, -13051271.0028 7257856.7857, -13051371.6692 7258006.4892, -13051462.6379 7258080.9422, -13051568.0876 7258125.7548, -13051624.1281 7258134.5068, -13051735.3692 7258125.1647, -13051890.8254 7258053.1686, -13052122.2171 7257880.2353, -13052222.0425 7257837.0842, -13052274.1075 7257830.3728, -13052372.0863 7257852.9977, -13052414.4561 7257881.257, -13052481.1668 7257960.5109, -13052592.7646 7258146.741, -13052668.9584 7258221.9862, -13052762.5973 7258273.6832, -13052864.6492 7258301.0099, -13052969.3421 7258306.0825, -13053232.9564 7258269.5422, -13053377.5488 7258205.4595, -13053458.45 7258138.2931, -13053524.5758 7258056.57, -13053628.3676 7257873.398, -13053808.2392 7257423.7924, -13053866.3309 7257331.5042, -13053905.0042 7257294.6989, -13053997.5979 7257254.9066, -13054047.2369 7257254.9765, -13054142.0026 7257286.3844, -13054282.9919 7257356.523, -13054385.8141 7257387.265, -13054491.9623 7257391.3625, -13054596.3154 7257370.2836, -13054888.9312 7257212.1124, -13054992.9618 7257170.6019, -13055422.188 7257093.1051, -13055570.3161 7257031.2982, -13055656.1871 7256965.9075, -13055724.522 7256881.3521, -13055785.1455 7256726.3564, -13055792.1814 7256610.6518, -13055771.436 7256491.8575, -13055673.8635 7256258.7105, -13055536.3258 7256039.3905, -13055296.8893 7255729.2502, -13055198.5045 7255563.2747, -13055143.799 7255386.8439, -13055106.8089 7255029.4917, -13055060.8954 7254912.6087, -13055025.3984 7254858.0342, -13054931.5374 7254765.7492, -13054643.1776 7254586.159, -13054493.8599 7254447.8791, -13054372.4 7254286.1662, -13054124.442 7253879.1276, -13053697.4644 7253316.0472, -13053466.8915 7253040.994, -13052961.07 7252507.8316, -13052303.8603 7251548.6281, -13052044.8858 7251138.2913, -13051711.9085 7250684.4317, -13051648.4264 7250565.6342, -13051627.0324 7250445.7344, -13051650.5652 7250340.9018, -13051711.6167 7250266.8951, -13051793.0931 7250231.2879, -13051884.4829 7250232.3601, -13052126.6702 7250321.4572, -13052291.3454 7250344.4771, -13052628.3757 7250323.9357, -13053048.9769 7250351.3919, -13053307.721 7250338.7026, -13053457.6556 7250297.6834, -13053583.9729 7250188.7128, -13053639.5998 7250082.75, -13053667.4372 7249959.1441, -13053655.1792 7249760.0787, -13053604.268 7249632.3046, -13053565.2029 7249574.793, -13053464.3768 7249476.3457, -13053340.9622 7249399.8779, -13053201.8999 7249342.9236, -13053054.6854 7249306.3322, -13052827.631 7249274.7459, -13051839.6737 7249185.0235, -13051083.7286 7249092.983, -13050857.1477 7249112.6444, -13050715.9371 7249155.3577, -13050592.1754 7249224.3601, -13050313.3939 7249427.1247, -13050128.9332 7249501.0021, -13049934.5463 7249518.6528, -13049389.4829 7249517.9427, -13049251.4251 7249483.8992, -13049190.386 7249450.4357, -13049105.7208 7249353.3881, -13049082.7522 7249240.3104, -13049114.3779 7249141.938, -13049221.82 7249044.3196, -13049241.9166 7249034.1969, -13049269.6951 7249110.3037, -13049344.1603 7249078.6381, -13049347.0671 7249140.9451, -13049331.1959 7249146.1748, -13049339.4789 7249169.5487, -13049313.2715 7249176.0511, -13049305.3558 7249194.2653, -13049348.8828 7249198.56, -13049367.5617 7249222.5504, -13049414.184 7249235.2558, -13049509.2137 7249227.5187, -13049487.1414 7249185.6725, -13049450.4385 7249158.4716, -13049467.252 7249153.2118, -13049474.8993 7249126.4971, -13049495.0162 7249136.2597, -13049546.2496 7249115.7278, -13049574.2034 7249134.6963, -13049571.8419 7249119.6441, -13049603.1182 7249124.3255, -13049596.3319 7249088.6138, -13049611.9942 7249076.7723, -13049588.931 7249063.3216, -13049593.3448 7249053.7273, -13049618.2927 7249067.1183, -13049631.1576 7249056.3108, -13049649.9262 7249083.1334, -13049673.0536 7249188.2901, -13049730.5671 7249187.4122, -13049698.0853 7249150.85670001, -13049735.8518 7249145.6447, -13049732.8823 7249081.449, -13049766.1624 7249089.8479, -13049737.6419 7249052.935, -13049789.8165 7249032.3716, -13049782.8325 7249020.3026, -13049804.2378 7249011.1149, -13049836.1045 7249094.2476, -13049991.5141 7249116.7341, -13050011.9727 7249167.1388, -13050032.4656 7249158.9245, -13050046.0764 7249171.7287, -13050047.4536 7249155.6123, -13050056.5618 7249175.1776, -13050081.8728 7249140.3379, -13050104.9369 7249153.7871, -13050107.3759 7249141.4189, -13050134.7936 7249143.3845, -13050146.4169 7249123.161, -13050184.8738 7249116.2667, -13050120.7085 7249055.9058, -13050078.7083 7249040.2216, -13050104.6625 7248995.9077, -13050084.6218 7248958.727, -13050108.7342 7248945.6709, -13050078.0722 7248930.5723, -13050066.7515 7248900.6784, -13050109.8592 7248891.7462, -13050149.8679 7248933.9649, -13050121.6282 7248935.8071, -13050183.8481 7248994.3382, -13050212.2076 7248996.2734, -13050222.0355 7248978.9435, -13050254.8215 7249001.5375, -13050260.8502 7248983.3829, -13050280.4897 7248978.0317, -13050286.2793 7248952.3211, -13050316.9416 7248967.4189, -13050291.8102 7248929.8362, -13050309.8173 7248914.249, -13050307.0532 7248884.2955, -13050291.1104 7248868.4161, -13050333.2227 7248878.9121, -13050373.8232 7248870.3387, -13050386.0658 7248855.3843, -13050390.2419 7248872.5478, -13050432.945 7248873.0108, -13050432.4833 7248915.8115, -13050469.8437 7248890.9545, -13050466.3443 7248866.4867, -13050501.4431 7248856.267, -13050442.0196 7248815.3711, -13050457.1279 7248804.8771, -13050439.6293 7248797.2406, -13050463.6818 7248753.6903, -13050478.1993 7248753.2286, -13050513.9739 7248793.0554, -13050549.8356 7248778.2598, -13050561.2133 7248793.3735, -13050614.9047 7248767.9965, -13050637.6313 7248739.9636, -13050692.5465 7248724.5609, -13050712.2058 7248743.052, -13050722.6039 7248727.24539999, -13050744.5816 7248732.918, -13050751.2061 7248712.68, -13050774.1776 7248721.0519, -13050793.391 7248754.122, -13050834.3229 7248784.68, -13051119.5899 7248815.6438, -13051133.8311 7248777.8662, -13051146.8514 7248787.4646, -13051188.4446 7248781.5865, -13051180.233 7248751.8075, -13051220.1846 7248751.4436, -13051262.1411 7248785.6079, -13051354.3021 7248799.0531, -13051390.8152 7248833.3906, -13051404.4946 7248806.5542, -13051434.119 7248795.5949, -13051435.015 7248823.7867, -13051498.8467 7248831.7621, -13051524.2234 7248830.0415, -13051544.2538 7248803.002, -13051577.4962 7248820.1469, -13051616.5696 7248820.7193, -13051642.0512 7248850.8565, -13051692.1577 7248855.6278, -13051698.1039 7248842.6929, -13051687.1785 7248833.8963, -13051712.7476 7248817.6459, -13051740.594 7248865.0037, -13051762.1678 7248857.9416, -13051814.4072 7248872.6576, -13051863.3269 7248840.1417, -13051918.7518 7248869.3205, -13051958.646 7248867.134, -13051968.2307 7248825.8621, -13051988.0184 7248819.767, -13052006.8025 7248839.1933, -13052026.7348 7248837.6451, -13052058.2402 7248800.2234, -13052027.4672 7248746.5886, -13051968.5968 7248694.7632, -13051947.8632 7248642.628, -13051890.0559 7248567.1009, -13051849.3237 7248542.915, -13051812.9924 7248571.3858, -13051756.4209 7248563.1811, -13051726.7691 7248573.2318, -13051706.0537 7248635.7952, -13051716.2553 7248670.9713, -13051644.277 7248692.3882, -13051611.2372 7248681.6096, -13051625.3892 7248641.1037, -13051613.0445 7248624.2022, -13051523.9361 7248592.4567, -13051487.6548 7248565.3958, -13051504.8182 7248533.8974, -13051521.9123 7248528.8001, -13051537.0297 7248490.08470001, -13051521.7034 7248465.0859, -13051549.1646 7248443.2722, -13051554.4279 7248380.2943, -13051587.4663 7248391.0727, -13051622.164 7248425.4653, -13051696.6777 7248426.7255, -13051703.56 7248414.6718, -13051684.5857 7248360.661, -13051726.978 7248322.895, -13051663.7027 7248246.6338, -13051626.1285 7248236.0008, -13051582.771 7248271.9762, -13051528.2707 7248239.1141, -13051531.4186 7248202.0871, -13051466.0778 7248143.7147, -13051480.8364 7248122.3076, -13051593.5571 7248154.2076, -13051581.4664 7248088.1452, -13051589.3823 7248051.4825, -13051626.0591 7248033.9264, -13051637.7558 7248059.0396, -13051682.5293 7248067.6216, -13051710.6749 7248010.287, -13051734.7657 7247996.7737, -13051679.0689 7247930.286, -13051621.3164 7247884.7994, -13051605.9802 7247888.02, -13051591.6199 7247864.8129, -13051531.8295 7247869.4532, -13051488.3868 7247902.6985, -13051481.776 7247894.7175, -13051448.2434 7247954.0429, -13051461.0027 7247955.4559, -13051465.2095 7247973.5264, -13051459.8705 7248005.5552, -13051431.9077 7248040.1269, -13051406.8341 7248022.7224, -13051375.3115 7248031.0106, -13051366.424 7248008.5382, -13051302.1945 7247987.8318, -13051232.4279 7248050.1335, -13051230.1513 7248035.6422, -13051173.3945 7247992.8505, -13051149.1259 7247943.5615, -13051165.18 7247905.7301, -13051192.6403 7247883.9193, -13051197.1599 7247854.6479, -13051158.0295 7247794.9112, -13051157.9843 7247764.8757, -13051177.9556 7247736.0223, -13051151.4278 7247701.3701, -13051123.3908 7247704.9947, -13051124.8751 7247723.1515, -13051110.5329 7247729.07, -13051068.0795 7247707.6683, -13051066.31 7247737.7614, -13051026.4503 7247740.8524, -13051023.626 7247709.0852, -13051047.5567 7247661.902, -13051011.1241 7247658.5123, -13050969.6494 7247610.6832, -13050930.5687 7247638.3241, -13050882.5157 7247640.7651, -13050873.0553 7247657.45, -13050881.0915 7247681.7694, -13050864.0274 7247687.7741, -13050813.9137 7247653.8724, -13050721.4072 7247657.7277, -13050695.3138 7247636.7135, -13050684.7725 7247590.6293, -13050596.4284 7247525.1765, -13050577.4928 7247472.0783, -13050602.6494 7247434.8709, -13050594.9599 7247421.463, -13050564.0292 7247419.7165, -13050544.6189 7247380.2865, -13050602.9951 7247331.101, -13050590.6837 7247315.1097, -13050597.7827 7247281.208, -13050548.9255 7247258.1882, -13050535.0735 7247222.2228, -13050511.8187 7247204.7594, -13050500.8177 7247201.4688, -13050485.3236 7247228.3557, -13050407.5819 7247210.8043, -13050343.7774 7247231.9457, -13050312.6884 7247253.8671, -13050313.58 7247282.0535, -13050301.1097 7247289.7312, -13050282.4774 7247274.8505, -13050276.3624 7247167.6474, -13050234.4476 7247134.3938, -13050206.6709 7247146.1979, -13050098.1736 7247132.351, -13050075.507 7247162.195, -13050026.1923 7247124.6246, -13050015.4668 7247101.3016, -13050032.0994 7247081.6608, -13049953.8547 7247076.8631, -13049891.4392 7247026.9661, -13049874.6396 7246983.8133, -13049839.3934 7246960.3582, -13049837.3036 7246980.4471, -13049811.5132 7246997.6472, -13049798.952 7247059.9763, -13049718.3295 7247066.1309, -13049711.3195 7247045.4201, -13049638.8697 7246994.0193, -13049609.7266 7246991.3023, -13049609.0096 7246968.5721, -13049541.136 7246947.0597, -13049516.6044 7246917.803, -13049381.4326 7246979.4208, -13049362.7649 7247020.9673, -13049369.3538 7247057.1637, -13049312.9196 7247081.7033, -13049241.9612 7247077.5779, -13049164.9982 7246998.1016, -13049107.7138 7247024.4866, -13049044.4054 7247003.7353, -13049002.2105 7246961.3837, -13048990.761 7246972.667, -13048913.3029 7246935.0699, -13048906.4953 7246920.7232, -13048922.7585 7246889.2657, -13048899.5082 7246871.7983, -13048864.5098 7246913.8588, -13048843.7028 7246916.3363, -13048820.4812 7246899.7779, -13048792.0532 7246919.7881, -13048783.3135 7246912.3788, -13048796.9167 7246872.309, -13048783.6167 7246853.6167, -13048762.5526 7246847.9114, -13048728.4818 7246861.7286, -13048704.3822 7246846.1077, -13048682.104 7246859.5524, -13048660.1828 7246826.5707, -13048628.3764 7246825.7545, -13048620.6052 7246809.618, -13048562.4569 7246779.5997, -13048575.0137 7246774.653, -13048556.1221 7246722.4638, -13048533.9296 7246738.6356, -13048529.1788 7246789.7506, -13048451.3313 7246768.5438, -13048434.0042 7246737.2373, -13048455.4324 7246725.6403, -13048482.0243 7246733.9024, -13048487.1243 7246722.8205, -13048465.3851 7246608.8362, -13048490.2857 7246534.3351, -13048492.087 7246476.0344, -13048475.5596 7246470.1853, -13048472.0962 7246446.633, -13048494.1452 7246425.9163, -13048515.2078 7246431.6223, -13048530.6503 7246402.9235, -13048497.5192 7246302.0437, -13048480.0565 7246295.3143, -13048447.4085 7246325.4652, -13048390.463 7246333.6313, -13048359.109 7246318.2392, -13048321.8621 7246317.5933, -13048311.3196 7246328.8461, -13048244.4474 7246310.0227, -13048145.6703 7246200.2908, -13048079.2792 7246167.8008, -13047993.7314 7246161.3943, -13047911.6039 7246090.2678, -13047684.1829 7246225.5234, -13047452.5793 7246068.4957, -13047130.7092 7245786.2589, -13047064.06 7245690.5296, -13047018.3426 7245587.9348, -13046934.613 7245269.0521, -13046868.5212 7245177.1968, -13046824.6998 7245140.553, -13046662.8892 7245072.9132, -13046288.5692 7245024.7017, -13045982.7486 7244940.9215, -13045698.3288 7244809.7309, -13045437.206 7244627.6309, -13045394.1647 7244582.4223, -13045336.1845 7244481.3841, -13045323.5307 7244427.9625, -13045328.1413 7244324.9668, -13045382.3799 7244188.7174, -13045556.3297 7243882.9221, -13045590.6397 7243779.0544, -13045607.6046 7243668.6398, -13045603.5745 7243555.1042, -13045563.9478 7243327.9255, -13045516.343 7243158.3936, -13045465.5139 7243048.1205, -13045383.7511 7242951.1743, -13045331.7129 7242911.5264, -13045211.0041 7242859.9289, -13045145.8003 7242852.2809, -13045079.8873 7242857.9888, -13044957.503 7242906.2526, -13044753.738 7243067.1943, -13044698.6945 7243092.1983, -13044643.3767 7243100.41139999, -13044547.7456 7243072.526, -13044488.8187 7243004.8305, -13044477.6037 7242964.1092, -13044476.1101 7242922.0314, -13044499.7084 7242840.5217, -13044652.0739 7242606.0588, -13044718.4556 7242475.6803, -13044824.9714 7242136.2641, -13044876.9106 7242056.8785, -13044910.6775 7242027.5188, -13044988.1251 7241993.1612, -13045194.3451 7241994.5901, -13045489.5497 7241947.624, -13045570.0784 7241967.1914, -13045677.3682 7242033.4774, -13045794.6774 7242166.2777, -13045867.6914 7242289.0363, -13045903.1389 7242380.0772, -13045941.3464 7242570.6447, -13045939.6414 7242668.7918, -13045925.6271 7242714.648, -13045806.2623 7242927.7596, -13045865.0751 7242980.026, -13046245.4988 7243180.6615, -13046405.6042 7243310.9255, -13046728.8007 7243612.0877, -13046838.6461 7243691.8417, -13046920.987 7243718.5781, -13046964.2586 7243720.1851, -13047047.9463 7243694.9064, -13047428.3939 7243392.7592, -13047887.5035 7243172.4843, -13048242.9998 7242951.5461, -13048362.5748 7242851.8483, -13048504.2585 7242701.4524, -13048760.3657 7242327.6406, -13048897.9002 7242245.6164, -13049138.7448 7242165.7433, -13049282.9292 7242138.4599, -13049380.8832 7242134.8722, -13049478.3812 7242157.9393, -13049703.8983 7242249.3398, -13050008.9837 7242349.8308, -13050084.3419 7242399.6647, -13050147.8922 7242463.8085, -13050355.3015 7242771.9745, -13050684.3171 7243039.6368, -13050761.0877 7243167.6894, -13050782.2956 7243268.7011, -13050785.2981 7243375.4967, -13050731.8559 7243909.5279, -13050786.1424 7244161.0463, -13050808.3504 7244206.2897, -13050896.2359 7244322.2146, -13051165.8321 7244496.4821, -13051400.7368 7244773.5344, -13051514.0822 7244837.5032, -13051553.5782 7244840.4005, -13051627.2254 7244808.6946, -13051762.5182 7244596.8888, -13051974.8987 7244396.8873, -13052042.3985 7244348.4829, -13052196.0599 7244301.9767, -13052393.0313 7244336.9424, -13052467.0914 7244324.0205, -13052498.8569 7244304.0593, -13052548.7464 7244246.0438, -13052683.6981 7243933.216, -13052766.9596 7243784.60719999, -13052902.5547 7243621.5092, -13053038.1802 7243533.0436, -13053480.7809 7243436.3305, -13053564.0883 7243438.802, -13053640.6631 7243471.0668, -13053706.3708 7243527.1495, -13053951.3537 7243811.7554, -13054135.775 7243825.511, -13054180.9817 7243812.5133, -13054237.7278 7243748.7013, -13054245.969 7243692.8657, -13054162.7113 7243583.7317, -13054150.3277 7243437.6903, -13054175.2102 7243344.881, -13054231.4347 7243281.8323, -13054454.2668 7243206.2136, -13054516.4365 7243160.1665, -13054603.6838 7243031.1636, -13054716.1252 7242774.6763, -13054793.3746 7242632.8607, -13054820.1631 7242600.1729, -13054885.1627 7242560.653, -13054959.1769 7242537.0104, -13055199.2035 7242527.1727, -13056032.5545 7242558.8154, -13056036.7057 7242601.4663, -13056065.8211 7242641.3565, -13056112.8759 7242653.8427, -13056130.4865 7242704.9913, -13056184.9049 7242718.652, -13056152.5041 7242801.8862, -13056149.5108 7242893.6192, -13056129.6619 7242925.142, -13056143.0561 7242970.525, -13056192.1834 7242983.8682, -13056231.3046 7243034.1545, -13056229.9224 7243051.7484, -13056253.1388 7243058.6692, -13056261.6143 7243090.72999999, -13056331.078 7243121.3806, -13056365.8521 7243173.9383, -13056338.7672 7243183.2938, -13056322.3028 7243165.9003, -13056303.7304 7243175.4692, -13056226.9593 7243137.1275, -13056189.7822 7243155.2699, -13056189.1173 7243196.131, -13056202.9009 7243189.4021, -13056224.2838 7243212.0662, -13056197.1621 7243229.7363, -13056199.7978 7243280.4513, -13056224.9117 7243296.2934, -13056221.7737 7243314.5999, -13056253.8006 7243321.5267, -13056257.52 7243344.3161, -13056293.254 7243312.2745, -13056326.6661 7243307.8899, -13056325.7038 7243331.1752, -13056296.6577 7243355.9922, -13056310.0795 7243371.4931, -13056305.7665 7243422.4351, -13056318.1312 7243435.9784, -13056282.2608 7243738.0326, -13056225.2418 7243818.5595, -13056245.5095 7243868.1513, -13056249.6959 7243989.0143, -13056281.4912 7244018.3386, -13056296.2347 7244012.2413, -13056349.4703 7244032.6292, -13056358.7262 7244096.3127, -13056348.6645 7244102.4096, -13056375.1632 7244153.3497, -13056430.0623 7244160.5285, -13056486.9904 7244076.9865, -13056523.3792 7244095.7254, -13056537.3164 7244089.8801, -13056545.7387 7244110.9363, -13056619.2411 7244072.6085, -13056704.5026 7244102.7753, -13056769.2953 7244060.7705, -13056741.8849 7243876.419, -13056658.7037 7243855.2217, -13056630.7595 7243790.3853, -13056637.5082 7243753.3078, -13056690.0803 7243688.8372, -13056682.2914 7243663.1911, -13056702.347 7243559.6881, -13056768.2264 7243556.0178, -13056787.7929 7243541.2796, -13056847.7218 7243661.7682, -13056910.0327 7243734.6489, -13056984.3637 7243789.992, -13057066.9362 7243825.9455, -13057240.5754 7243852.0093, -13057326.1343 7243842.2551, -13057403.6084 7243814.3349, -13057495.5104 7243740.2399, -13057534.7389 7243672.016, -13057593.2745 7243419.1533, -13057663.1307 7243251.7106, -13057724.7132 7243185.9123, -13057801.2629 7243138.4748, -13058059.0725 7243041.3215, -13058124.9561 7242979.2795, -13058149.7571 7242891.7157, -13058126.5658 7242797.8013, -13058062.2353 7242715.762, -13057970.2081 7242651.5665, -13057704.3488 7242515.2679, -13057612.7752 7242441.9586, -13057577.9885 7242398.1986, -13057539.5526 7242301.0143, -13057534.9425 7242251.2589, -13057555.9119 7242160.3281, -13057640.5014 7242044.5153, -13057837.2943 7241881.3258, -13058139.0804 7241695.0327, -13058281.7866 7241667.4928, -13058376.4531 7241684.3932, -13058747.7972 7241824.7788, -13059241.6594 7241901.477, -13059430.1259 7241946.4872, -13059567.8358 7242005.4393, -13059967.3601 7242245.5299, -13060061.1104 7242285.1009, -13060206.3189 7242321.3715, -13060353.9619 7242331.3651, -13060500.7886 7242318.0632, -13060643.5898 7242277.1677, -13061100.1057 7242090.853, -13061195.6541 7242074.4973, -13061340.0923 7242084.8325, -13061434.4255 7242114.6033, -13061523.8922 7242162.7546, -13061854.0045 7242434.1418, -13062038.1952 7242546.5336, -13062194.3127 7242587.59179999, -13062625.4705 7242650.0537, -13062781.2077 7242720.7059, -13062976.1193 7242847.1781, -13063134.2343 7242901.1274, -13063242.5579 7242901.2706, -13063347.4793 7242878.4149, -13063693.7918 7242732.6627, -13063850.2778 7242684.852, -13064601.1508 7242540.7049, -13064869.8362 7242544.0484, -13066048.7782 7242691.0043, -13066384.5101 7242878.42, -13066700.9352 7243206.5606, -13066829.5604 7243309.5956, -13066920.7395 7243362.3916, -13067016.4541 7243400.0617, -13067870.3677 7243616.7558, -13068023.9395 7243645.031, -13068176.5829 7243637.4732, -13068272.0317 7243604.9277, -13068508.6865 7243487.723, -13068868.1537 7243425.014, -13068971.1655 7243421.8883, -13069122.1485 7243454.9358, -13069218.3645 7243494.3393, -13069352.3883 7243572.9112, -13069505.3491 7243715.4004, -13069565.1925 7243804.532, -13069610.7659 7243904.4009, -13069671.9416 7244168.9653, -13069708.7971 7244267.2087, -13069764.9887 7244352.87, -13069840.9895 7244417.3221, -13069980.1466 7244469.1584, -13070452.3879 7244542.5682, -13070837.0944 7244569.7268, -13071243.8354 7244572.4708, -13071385.8314 7244619.0899, -13071467.8676 7244673.9873, -13071539.23 7244748.4669, -13071546.228 7244592.325, -13071464.2928 7244044.7318, -13070935.2942 7243576.161, -13070968.3838 7243498.0282, -13070975.0218 7243411.0378, -13071030.9931 7243322.6859, -13071018.5024 7243223.0454, -13070912.3261 7243040.7579, -13070871.7624 7242748.9008, -13070939.2439 7242673.4853, -13070932.6371 7242637.5377, -13070860.8143 7242556.6993, -13070843.6236 7242373.4706, -13070755.4322 7242284.5951, -13070697.3239 7242181.5559, -13070687.6406 7242089.9827, -13070628.3054 7242008.7575, -13070626.8305 7241971.7211, -13070736.3113 7241981.0869, -13070774.2163 7241940.396, -13070815.4985 7241934.6001, -13070872.901 7241956.63, -13070927.0002 7242002.9751, -13070961.5065 7242054.3049, -13070974.4314 7242112.9423, -13070963.5184 7242176.777, -13070873.4056 7242350.5632, -13070910.6929 7242419.3063, -13071004.1479 7242534.26079999, -13071021.6601 7242599.3089, -13071060.3067 7242643.9345, -13071234.84 7242703.5762, -13071267.4774 7242700.2635, -13071290.792 7242679.7646, -13071408.0258 7242723.8695, -13071444.7194 7242775.1265, -13071445.6139 7242864.8215, -13071338.2262 7242853.2037, -13071249.9488 7242762.1427, -13071225.9593 7242762.9691, -13071227.2335 7242800.1286, -13071273.0996 7242864.2017, -13071395.5979 7242934.3879, -13071468.7678 7242966.8811, -13071507.3489 7242945.8545, -13071553.8981 7242966.134, -13071624.5836 7243053.4238, -13071597.4325 7243089.3765, -13071560.6567 7243099.3992, -13071499.2153 7243090.5754, -13071503.4971 7243151.7062, -13071530.5635 7243200.8548, -13071781.4325 7243237.6857, -13071878.0286 7243275.2886, -13071929.4527 7243318.9995, -13071968.0595 7243385.8968, -13072047.9327 7243465.0149, -13072128.7566 7243493.1917, -13072162.0076 7243463.0212, -13072234.0486 7243248.1698, -13072230.9719 7243131.8009, -13072326.6508 7243118.6604, -13072367.9837 7243176.468, -13072433.9802 7243202.549, -13072585.7821 7243123.458, -13072663.8245 7243110.9239, -13072770.9254 7243144.5749, -13072821.941 7243144.7737, -13072930.3868 7243103.6546, -13073065.557 7243154.4789, -13073199.8655 7243180.8281, -13073232.0322 7243203.3082, -13073259.7838 7243234.4343, -13073268.3301 7243288.5694, -13073334.0224 7243372.8108, -13073344.3042 7243443.2449, -13073301.2696 7243503.732, -13073212.0174 7243589.421, -13073144.4476 7243621.2626, -13073029.5811 7243703.9061, -13072994.0424 7243754.3009, -13072983.6618 7243807.3908, -13073085.7606 7243879.6702, -13073260.2336 7244127.5957, -13073335.5675 7244205.0736, -13073425.9327 7244263.6788, -13073523.3116 7244305.23879999, -13073721.8394 7244345.1272, -13074012.4548 7244365.662, -13074029.6099 7244349.8564, -13074417.7337 7244448.5688, -13075119.4601 7244544.7626, -13075572.9478 7244369.0442, -13075602.4289 7244423.3179, -13075884.1108 7244373.1792, -13076173.5822 7244387.1662, -13076390.0543 7244379.5688, -13076725.9439 7244343.6314, -13076961.4004 7244190.531, -13077253.832 7244180.237, -13077313.5085 7244100.39, -13077497.3343 7243997.7483, -13077753.0937 7243910.4565, -13077939.5605 7243756.2788, -13078017.3198 7243746.8241, -13078327.8726 7244265.8666, -13078425.1685 7244367.5387, -13078740.0286 7244374.2871, -13078794.6958 7244405.8982, -13078842.4552 7244455.1004, -13079088.139 7244405.0577, -13079197.9481 7244316.2621, -13079272.105 7244362.6221, -13079622.2143 7244158.0662, -13079698.7418 7244064.907, -13079763.247 7244024.3519, -13079829.5954 7244035.9072, -13080031.4715 7244150.4741, -13080142.739 7244254.3488, -13080236.9583 7244368.3028, -13080378.5531 7244448.8163, -13080550.6169 7244610.4857, -13080469.0923 7244961.9628, -13080548.3056 7245148.3349, -13080658.7485 7245191.697, -13080692.9265 7245234.1395, -13080747.181 7245228.566, -13080720.3828 7245189.499, -13080748.2261 7245155.7599, -13080735.9302 7245116.176, -13080749.9161 7245101.1236, -13080803.2543 7245171.9891, -13080855.4317 7245210.1502, -13080940.2397 7245247.1464, -13081118.7968 7245266.2401, -13081095.4848 7245325.2884, -13081100.4025 7245361.4979, -13081141.1888 7245385.51079999, -13081176.9282 7245369.68, -13081217.4563 7245386.42450001, -13081266.5344 7245337.37, -13081325.7078 7245368.0018, -13081338.7777 7245531.2697, -13081372.961 7245573.7111, -13081443.143 7245607.5878, -13081434.7236 7245677.0233, -13081578.3264 7245835.6284, -13081807.2724 7245943.8743, -13081892.3496 7245886.2458, -13081866.184 7245457.8204, -13081978.0637 7245541.1389, -13082047.3488 7245753.3368, -13082398.5381 7245828.0725, -13082478.0756 7246123.6004, -13082536.361 7246230.67509999, -13082572.8919 7246338.5323, -13082606.1756 7246355.5319, -13082603.589 7246384.7367, -13082573.0328 7246444.0583, -13082501.4203 7246472.1026, -13082348.6049 7246463.0304, -13082318.0467 7246522.3516, -13082200.4602 7246584.7942, -13082217.9556 7246769.7625, -13082272.3492 7246767.8117, -13082320.5286 7246795.1969, -13082369.0979 7246833.4855, -13082378.2977 7246887.7437, -13082419.4853 7246922.6579, -13082487.8657 7246905.6466, -13082546.1462 7246910.8329, -13082631.748 7246867.7274, -13082826.5264 7246831.6158, -13082902.8077 7246832.5131, -13082957.982 7246852.3647, -13083047.4673 7246816.3936, -13083063.6465 7246761.2238, -13083064.0192 7246670.2315, -13083058.5712 7246619.4797, -13083024.2443 7246573.4061, -13083042.0801 7246361.7002, -13082997.12 7246221.3976, -13082998.9246 7246170.3879, -13083057.2 7246175.5699, -13083153.0643 7246246.2826, -13083313.6131 7246263.4044, -13083408.4053 7246326.5512, -13083503.5183 7246451.7395, -13083628.7187 7246481.7036, -13083689.9239 7246718.15649999, -13083718.0757 7246748.22689999, -13083826.0399 7246773.2251, -13083815.1819 7246814.8906, -13083766.2739 7246829.0365, -13083746.7462 7246858.6325, -13083759.9721 7246882.92, -13083716.3598 7246929.8943, -13083796.1602 7247087.989, -13083857.1121 7247065.1529, -13084164.9055 7246806.3968, -13085210.5009 7246681.8948, -13085337.0971 7246652.5413, -13085460.2688 7246528.3827, -13085586.4322 7246448.5005, -13085670.3605 7246644.5772, -13085610.4599 7246696.2794, -13085603.873 7246741.9194, -13085642.6733 7246790.0397, -13085462.6121 7246821.3382, -13085441.211 7246912.9181, -13085500.5749 7246960.2941, -13085510.8846 7247017.705, -13085421.2037 7247157.1676, -13085389.0455 7247178.9718, -13085379.5347 7247257.7415, -13085417.2006 7247388.4607, -13085429.5943 7247503.5878, -13085502.8833 7247480.2901, -13085505.8613 7247562.7375, -13085568.4499 7247585.2331, -13085599.8644 7247542.815, -13085603.8861 7247654.1199, -13085568.9537 7247713.1779, -13085599.8306 7247769.8477, -13085552.8563 7247837.5993, -13085420.64 7247825.8847, -13085318.8529 7247858.4719, -13085263.798 7247930.6435, -13085294.6735 7247987.3161, -13085469.5694 7248154.3512, -13085467.5405 7248212.2186, -13085401.633 7248326.0699, -13085465.1209 7248373.3053, -13085454.623 7248538.8167, -13085537.3401 7248548.2002, -13085601.8156 7248508.7054, -13085648.7031 7248552.4146, -13085688.646 7248517.9378, -13085760.5133 7248568.996, -13085844.2133 7248491.6462, -13085887.2868 7248543.7491, -13085882.9369 7248651.244, -13085938.3523 7248702.8992, -13086067.0673 7248731.2475, -13086165.9428 7248731.7803, -13086180.0086 7248665.2143, -13086268.4163 7248604.2011, -13086362.4297 7248584.2664, -13086339.4724 7248519.0489, -13086356.0067 7248406.9837, -13086398.7843 7248450.8375, -13086451.5823 7248543.8661, -13086535.795 7248594.468, -13086581.1209 7248481.3526, -13086570.7291 7248308.345, -13086502.2254 7248236.5325, -13086410.8358 7248215.091, -13086287.1374 7248211.3366, -13086198.22 7248144.3932, -13086107.5131 7248027.9779, -13086007.6022 7247998.586, -13085939.2553 7247930.894, -13085902.3238 7247820.781, -13085924.6165 7247753.9242, -13086055.7351 7247695.5613))"
2,20819,1310,2023-10-15 06:33:14,GWF019, ,18883.8,2023-08-07,1315,0 - hand sketch of any type,Wildfire,Under Control,2023/06/10 19:12:00,E,19435.0,1683298620000,Lightning,3,2ad68880-f07e-4335-9bef-55c1b9f8ce8f,566138960.671875,400761.757686242,"MULTIPOLYGON (((-13267635.4264 7303344.4012, -13267669.1637 7303362.202, -13267674.5728 7303331.493, -13267685.1536 7303330.1908, -13267680.8134 7303353.508, -13267706.1557 7303409.2529, -13267744.5155 7303406.3955, -13267741.9869 7303372.7868, -13267767.4646 7303394.4759, -13267814.0398 7303379.5286, -13267839.7064 7303398.6421, -13267813.98 7303453.0524, -13267812.7312 7303492.7074, -13267753.5866 7303604.3157, -13267762.5026 7303632.06270001, -13267786.8225 7303620.738, -13267824.7714 7303675.5681, -13267914.5239 7303664.561, -13267912.3359 7303716.4278, -13267848.5232 7303747.1682, -13267858.4041 7303763.6643, -13267849.7809 7303785.3307, -13268661.6959 7303726.415, -13268701.9857 7303833.3647, -13268719.1003 7303930.0804, -13268725.0456 7304247.1313, -13268821.0749 7304662.102, -13268791.4688 7304817.8883, -13268688.8778 7305017.2939, -13268638.4891 7305218.7315, -13268630.5281 7305346.4538, -13268641.747 7305477.913, -13268853.7483 7305522.442, -13268909.0523 7305282.002, -13269070.9092 7305137.8724, -13269223.1999 7305092.1028, -13269361.9915 7305079.8026, -13269486.1795 7305050.0787, -13269619.3945 7304996.3194, -13269746.2014 7304919.7009, -13269887.5796 7304877.1977, -13270029.3299 7304892.2267, -13270154.2698 7304960.9949, -13270242.9847 7305072.81800001, -13270343.0235 7305482.9915, -13270448.8019 7305700.2259, -13270546.3106 7306103.6722, -13270596.6059 7306229.20709999, -13270699.2043 7306300.0373, -13270845.4581 7306363.9518, -13271000.5653 7306401.4387, -13271159.8117 7306411.3582, -13271320.5783 7306392.9377, -13271702.0166 7306453.5275, -13271908.9808 7306442.8418, -13272117.1979 7306387.8651, -13272258.9786 7306402.8554, -13272383.9616 7306471.5998, -13272472.7255 7306583.4174, -13272511.4724 7306720.9306, -13272494.1787 7306862.7705, -13272423.5291 7306986.8908, -13272254.4857 7307121.3886, -13272136.9581 7307251.9895, -13272068.2452 7307359.8872, -13271984.7339 7307545.8867, -13271913.2387 7307668.8076, -13271793.4466 7307828.3244, -13271643.3977 7308097.1043, -13271517.8998 7308193.8034, -13271380.0397 7308230.3485, -13271238.8003 7308210.6486, -13271075.859 7308113.8351, -13270937.2792 7307945.6369, -13270829.32 7307849.7141, -13270863.9391 7308022.7421, -13270834.3631 7308178.6027, -13270787.3326 7308255.1898, -13270661.8212 7308351.8774, -13270304.8425 7308450.0661, -13270046.7998 7308426.6386, -13269903.211 7308431.5029, -13269746.7829 7308463.21459999, -13269559.7727 7308542.0111, -13269397.3496 7308585.0238, -13269326.6455 7308575.1441, -13269312.6182 7308648.9878, -13269265.5699 7308725.57069999, -13269140.0315 7308822.2404, -13269021.5831 7308853.6014, -13268992.7457 7308926.7081, -13268959.0402 7309099.35059999, -13268958.8216 7309275.271, -13268979.7496 7309401.5785, -13269030.6651 7309554.3797, -13269069.5517 7309738.437, -13269039.9342 7309894.3259, -13268980.3914 7309980.5329, -13268755.3703 7310097.2362, -13268937.7313 7310291.639, -13268881.4106 7310626.5812, -13268443.4164 7311175.742, -13268531.3286 7311795.4125, -13268899.5313 7312206.9748, -13269027.341 7312428.895, -13269051.4237 7312618.7839, -13268823.3862 7312849.3318, -13268406.8052 7312762.89019999, -13268286.8369 7312720.1664, -13268161.631 7312694.4623, -13267986.141 7312688.0833, -13267822.6064 7312712.907, -13267676.8869 7312692.3291, -13267617.5262 7312657.2552, -13267213.1109 7312524.9049, -13267196.533 7312540.7567, -13267195.0274 7312754.57989999, -13267139.6376 7313184.6525, -13267146.0338 7313463.9457, -13267167.5372 7313565.9905, -13267225.1665 7313706.1701, -13267332.0616 7313869.7183, -13267425.7259 7313977.3055, -13267529.5935 7314068.6927, -13267675.39 7313986.9169, -13267834.8679 7313942.2852, -13267991.8593 7313944.9468, -13268194.3376 7313983.0884, -13268382.8386 7314047.3425, -13268516.0849 7314111.226, -13268837.3353 7314327.2608, -13268967.6229 7314397.4409, -13269114.598 7314438.8444, -13269220.7847 7314447.8012, -13269440.1785 7314434.6984, -13269990.1864 7314350.7736, -13270149.0951 7314307.8653, -13270336.6953 7314281.8289, -13270956.8677 7314146.2856, -13271096.9356 7314136.4982, -13271220.7248 7314168.1753, -13271282.4082 7314223.3657, -13271322.3744 7314345.5394, -13271311.835 7314435.3788, -13271205.1762 7314740.6616, -13271182.7581 7314882.833, -13271196.9698 7315119.7565, -13271232.6312 7315246.6682, -13271269.3712 7315322.1466, -13271341.5771 7315418.8546, -13271450.1001 7315482.5061, -13271544.3896 7315498.3118, -13271911.1717 7315496.5007, -13272009.9728 7315516.5098, -13272092.1525 7315563.5596, -13272123.5697 7315598.0045, -13272157.3576 7315679.732, -13272151.4896 7315763.5111, -13272132.6348 7315801.4549, -13272068.499 7315860.393, -13272026.8083 7315877.8086, -13271886.2921 7315890.9133, -13271671.6849 7315867.4871, -13271575.6073 7315905.6809, -13271539.6706 7315967.7945, -13271534.3606 7316007.0932, -13271572.1658 7316137.4988, -13271635.7271 7316220.3524, -13271757.0895 7316329.5357, -13271894.4994 7316420.289, -13272043.6822 7316490.1912, -13272250.263 7316550.2504, -13272749.8818 7316615.8187, -13272832.0963 7316648.1637, -13272865.7161 7316676.3188, -13272909.1689 7316751.1219, -13272939.4045 7316981.0366, -13272979.2889 7317033.6786, -13273039.9867 7317061.9773, -13273125.3941 7317056.6809, -13273189.2818 7316988.0122, -13273204.8692 7316866.4342, -13273156.5798 7316657.9321, -13273154.9581 7316582.9009, -13273181.8957 7316515.0258, -13273239.6602 7316461.248, -13273369.4627 7316423.4793, -13273754.515 7316437.9011, -13274046.7518 7316420.9774, -13274541.931 7316325.4766, -13274673.2308 7316286.5273, -13274889.4374 7316191.9725, -13275279.1781 7315931.3404, -13275410.5064 7315802.366, -13275580.0914 7315555.568, -13275672.544 7315513.2877, -13275742.1673 7315525.3749, -13275775.0034 7315545.1055, -13275844.2571 7315648.2601, -13275860.31 7315735.4177, -13275855.7926 7315822.9182, -13275794.4202 7316038.4518, -13275805.3441 7316090.5456, -13275850.4839 7316132.4544, -13275926.2586 7316156.1425, -13276258.9451 7316187.8668, -13276349.0142 7316222.2861, -13276437.4242 7316278.9971, -13276492.0962 7316185.8083, -13276600.198 7316102.8931, -13276741.9614 7316065.0152, -13276887.265 7316085.3598, -13277004.6123 7316154.5046, -13277204.8341 7316415.7036, -13277341.4724 7316550.3196, -13277460.6909 7316630.9372, -13277618.273 7316701.5135, -13277601.1449 7316632.2243, -13277623.0375 7316490.8478, -13277733.3188 7316302.37259999, -13277869.3188 7316204.4068, -13278008.4202 7316172.298, -13278246.7414 7316211.8966, -13278406.436 7316216.09049999, -13278735.3033 7316153.0051, -13278991.3312 7316195.6333, -13279135.0524 7316200.6524, -13279262.0865 7316186.134, -13279501.1456 7316131.7834, -13279772.4407 7316177.8001, -13279932.0378 7316184.7553, -13280074.77 7316167.162, -13280264.2403 7316113.96149999, -13280406.2094 7316128.816, -13280531.4184 7316197.5076, -13280620.4108 7316309.364, -13280659.3535 7316447.0011, -13280641.8737 7316591.66749999, -13280564.9623 7316761.9136, -13280378.7721 7316945.4678, -13280265.7949 7317119.9202, -13280202.8683 7317284.3314, -13280161.281 7317487.6891, -13280114.2904 7317564.4226, -13279988.753 7317661.3766, -13279850.7714 7317698.1199, -13279709.3434 7317678.5561, -13279586.4521 7317605.7263, -13279314.4791 7317253.9552, -13279192.9787 7317149.9735, -13279055.3113 7317068.7161, -13278984.7772 7317045.7526, -13279072.7653 7317281.0497, -13279132.6861 7317498.2037, -13279098.8917 7317709.4674, -13278865.0628 7318095.1464, -13278751.954 7318182.4732, -13278613.9568 7318219.1975, -13278472.5217 7318199.61, -13278336.1034 7318118.7346, -13278280.1134 7318048.3188, -13278217.6414 7317852.2401, -13278275.9534 7317581.2146, -13278284.0887 7317477.6391, -13278017.7564 7317335.811, -13277909.6534 7317418.759, -13277734.4055 7317462.031, -13277559.66 7317480.4211, -13277406.4577 7317525.8833, -13277291.0272 7317581.045, -13277143.4866 7317683.1383, -13277000.9472 7317742.7391, -13276891.8953 7317809.6878, -13276727.1376 7317960.9367, -13276626.317 7318105.1781, -13276527.9738 7318346.0888, -13276513.826 7318447.5667, -13276444.8089 7318565.2098, -13276336.6721 7318648.1499, -13276194.8599 7318686.0344, -13276049.5092 7318665.6715, -13275932.1315 7318596.4911, -13275816.6839 7318448.9987, -13274561.3039 7318156.9982, -13274560.6679 7318134.8236, -13274431.6855 7318245.9805, -13274104.3377 7318577.9041, -13273807.2405 7318826.4287, -13273709.044 7318951.3086, -13273673.0146 7319048.5677, -13273671.5458 7319150.4308, -13273686.1813 7319199.0184, -13273711.4452 7319243.4309, -13273787.377 7319314.6912, -13273938.06 7319364.3336, -13274201.4727 7319382.1409, -13274348.9236 7319411.8264, -13274477.5225 7319476.3237, -13274571.7774 7319574.3091, -13274594.282 7319660.7011, -13274591.4969 7319707.1411, -13274578.5837 7319753.4956, -13274522.4178 7319837.6668, -13274377.6644 7319923.5095, -13274199.3674 7319955.4311, -13274075.1813 7319953.1954, -13273889.2844 7319924.2375, -13273066.6308 7319717.4312, -13272610.6898 7319557.3452, -13272225.7982 7319381.2302, -13271853.635 7319182.6318, -13271323.5889 7318839.6425, -13271082.2466 7318701.0496, -13270312.4446 7318311.8923, -13270100.8098 7318224.2301, -13270036.2222 7318149.1805, -13269520.7596 7317687.9804, -13269214.362 7317384.5259, -13269105.8199 7317303.9085, -13268602.5364 7317067.4625, -13267986.6498 7316945.2892, -13267870.6312 7316879.3005, -13267703.9072 7316748.8223, -13267588.1824 7316729.8446, -13267491.7596 7316780.463, -13267438.1268 7316876.8082, -13267442.294 7316994.1861, -13267487.1468 7317209.7883, -13267553.2695 7317314.1078, -13267755.8079 7317403.7399, -13267859.0948 7317483.9313, -13267916.7375 7317602.7509, -13267924.1014 7317706.6541, -13268042.0692 7317719.9167, -13268178.8316 7317678.8268, -13268312.3298 7317693.0038, -13268451.5519 7317649.881, -13268593.5328 7317664.9537, -13268725.0951 7317729.0999, -13268847.0164 7317767.7937, -13269112.2602 7317803.8958, -13269237.4025 7317872.786, -13269326.2568 7317984.7996, -13269365.0114 7318122.5283, -13269347.6412 7318264.5699, -13269198.6236 7318549.7669, -13269155.7358 7318704.0539, -13269128.3676 7318913.0768, -13269057.5602 7319037.362, -13268944.3244 7319124.5603, -13268806.2594 7319161.1167, -13268487.7065 7319131.7381, -13268418.6193 7319137.3323, -13268254.0398 7319114.32, -13268117.7056 7319033.2532, -13268061.799 7318962.7533, -13267990.804 7318738.9135, -13267889.523 7318281.732, -13267898.3955 7318224.90119999, -13267852.3963 7318079.85980001, -13267865.0548 7317937.8148, -13267828.746 7317885.9229, -13267745.1676 7317955.2023, -13267461.5681 7318263.873, -13267420.6177 7318383.7985, -13267416.64 7318351.2484, -13267003.7287 7318888.4886, -13266718.354 7319180.2802, -13266670.9828 7319334.7485, -13266637.2922 7319519.8174, -13266673.2014 7319618.2621, -13266858.8971 7319768.866, -13266933.9259 7319859.9972, -13266963.9419 7319935.2849, -13267019.1241 7320185.2056, -13267077.1457 7320301.9693, -13267264.454 7320487.5128, -13267380.1899 7320558.6712, -13267470.228 7320579.5046, -13267608.0314 7320579.2715, -13267983.1031 7320539.3397, -13268373.4197 7320474.2073, -13268540.4488 7320462.5889, -13268619.6652 7320474.0849, -13268723.1097 7320533.0919, -13268771.8715 7320600.1621, -13268808.1741 7320678.9134, -13268865.8849 7320881.0855, -13268914.9084 7320940.2075, -13268950.1997 7320957.2494, -13269032.9716 7320962.5554, -13269250.5694 7320914.0765, -13269372.7924 7320943.1698, -13269492.7381 7321107.6156, -13269508.0245 7321336.6296, -13269613.8342 7321292.1814, -13269926.0279 7321299.0344, -13270575.631 7321367.3871, -13270901.0225 7321415.3501, -13271087.432 7321422.7791, -13271151.3641 7321438.5964, -13271200.378 7321471.6901, -13271244.9985 7321547.0163, -13271308.4 7321739.5912, -13271317.1929 7321829.242, -13271294.2226 7321879.7965, -13271254.9762 7321922.1002, -13271176.8237 7321970.9655, -13271116.0896 7321986.8695, -13271055.9658 7321980.3526, -13270988.7258 7321930.3941, -13270969.6676 7321881.0484, -13270981.7055 7321740.6801, -13270972.678 7321686.654, -13270924.4699 7321626.9618, -13270835.9311 7321562.128, -13270634.36 7321487.9597, -13270182.4968 7321408.7367, -13270062.0342 7321408.2922, -13269954.3092 7321450.6384, -13269570.9551 7321673.9133, -13269487.8729 7321735.1119, -13269497.7126 7321880.1116, -13269550.0061 7322008.1322, -13269788.7805 7322300.8884, -13269933.0502 7322599.4861, -13270019.0559 7322715.3457, -13270092.7386 7322777.0376, -13270179.1495 7322821.3995, -13270530.2025 7322935.0739, -13270640.7337 7322988.5009, -13270728.9207 7323063.9135, -13270849.088 7323219.1681, -13270914.7369 7323264.0916, -13271068.6534 7323317.9335, -13271352.4892 7323352.5014, -13271533.8071 7323481.0568, -13271656.6627 7323536.8428, -13272013.5438 7323585.4149, -13272099.4667 7323587.5498, -13272181.1861 7323566.1599, -13272251.5053 7323518.0633, -13272379.5452 7323394.3997, -13272491.826 7323338.1665, -13272611.5043 7323322.1185, -13272849.7944 7323332.2736, -13273049.5868 7323288.1375, -13273127.5142 7323294.07, -13273196.3525 7323332.7854, -13273328.6513 7323562.4193, -13273395.509 7323623.0548, -13273436.9027 7323634.015, -13273524.5131 7323630.9153, -13273734.4721 7323523.967, -13273864.2436 7323487.0315, -13273997.7551 7323500.0095, -13274112.7566 7323555.1778, -13274195.195 7323654.5721, -13274225.1864 7323784.0317, -13274199.1297 7323914.7051, -13274110.0465 7324110.9587, -13274115.3879 7324182.9333, -13274132.1568 7324213.2768, -13274158.1134 7324235.5048, -13274230.1357 7324253.9964, -13274549.5224 7324234.8789, -13274690.0651 7324241.1299, -13274779.0001 7324272.3204, -13274813.0452 7324322.7118, -13274813.3921 7324386.853, -13274799.089 7324419.6995, -13274741.6692 7324476.4191, -13274619.7984 7324519.5342, -13274361.2276 7324558.0906, -13274294.4914 7324601.3117, -13274271.8282 7324634.1415, -13274258.4994 7324714.7527, -13274287.1869 7324802.4518, -13274474.4672 7325100.6836, -13274651.9559 7325293.507, -13274818.9251 7325419.2658, -13274918.967 7325456.3572, -13275027.9051 7325473.9309, -13275310.0572 7325478.4104, -13275755.6553 7325439.5738, -13275922.6404 7325405.5514, -13276084.4581 7325353.3956, -13276166.3214 7325316.2922, -13276197.8422 7325211.1594, -13276266.9189 7325093.4169, -13276375.1438 7325010.4067, -13276634.3011 7324994.5771, -13276751.0557 7324777.4801, -13276759.616 7324715.6753, -13276741.9973 7324565.8531, -13276785.0448 7324495.7129, -13276835.9644 7324475.5886, -13276890.4365 7324483.0413, -13277037.2624 7324609.7043, -13277077.3627 7324632.4769, -13277117.1553 7324636.488, -13277167.2647 7324594.0409, -13277237.2282 7324456.2859, -13277451.2431 7324305.1276, -13277494.7139 7324292.0356, -13277538.3817 7324297.0738, -13277576.8066 7324323.644, -13277638.587 7324399.5438, -13277661.507 7324406.7291, -13277683.5253 7324396.1553, -13277695.9483 7324353.3589, -13277681.4752 7324289.1326, -13277555.0261 7324049.6236, -13277563.086 7323978.9764, -13277618.482 7323927.2362, -13277809.7485 7323889.0529, -13277882.063 7323885.5702, -13277924.1534 7323897.3581, -13278164.9842 7324151.40999999, -13278249.4537 7324175.2353, -13278346.0355 7324146.6595, -13278430.3538 7324083.6049, -13278490.8246 7323996.7926, -13278574.2603 7323815.4598, -13278620.2938 7323770.5742, -13278719.217 7323737.7795, -13278811.4266 7323749.7074, -13278916.2445 7323999.7669, -13279077.7622 7324179.5516, -13279136.363 7324278.9309, -13279152.4141 7324382.661, -13279121.5706 7324482.794, -13279086.826 7324526.6059, -13279013.3546 7324577.3863, -13278819.1444 7324645.8437, -13278724.2081 7324702.6404, -13278544.8935 7324925.0906, -13278414.3457 7325031.9852, -13278261.7168 7325068.3549, -13278026.494 7325056.2651, -13277951.5424 7325063.91, -13277863.7523 7325112.3844, -13277828.3902 7325185.5112, -13277852.6236 7325249.8973, -13277978.4046 7325284.9832, -13278061.1354 7325327.0789, -13278164.4337 7325430.14769999, -13278223.5002 7325571.361, -13278237.2454 7325849.5872, -13278264.4538 7326016.1098, -13278332.8929 7326165.7056, -13278443.6261 7326284.6668, -13278582.4281 7326370.2121, -13278732.7664 7326438.0767, -13278994.3659 7326508.9572, -13279154.2198 7326507.5794, -13279709.3619 7326386.8106, -13279809.707 7326386.4265, -13279965.1722 7326410.3305, -13280376.9636 7326534.7138, -13281083.5019 7326787.4117, -13281327.4144 7326858.4198, -13281783.5653 7326948.8474, -13282291.6092 7327087.2767, -13282522.4483 7327081.5829, -13282700.8628 7327123.8237, -13282612.7923 7326924.7585, -13282321.8571 7326739.9779, -13282238.9335 7326631.5549, -13282200.9836 7326489.3152, -13282221.2025 7326343.4819, -13282398.3699 7326142.5667, -13282540.2826 7326104.5297, -13282786.9726 7326152.964, -13283013.5305 7326269.5698, -13283100.2779 7326402.1674, -13283160.2254 7326574.0023, -13283071.0388 7326837.6671, -13282914.8896 7326957.6502, -13282963.3773 7327201.3419, -13283275.9063 7327280.9049, -13283371.7457 7327362.2729, -13283416.4029 7327485.10189999, -13283418.7101 7327750.6462, -13283472.1221 7327862.0448, -13283573.452 7327933.3874, -13283815.773 7327992.684, -13283932.4948 7328040.2898, -13284136.1475 7328214.59790001, -13284248.9063 7328282.845, -13284336.5568 7328300.2419, -13284635.7105 7328296.0898, -13284832.2507 7328322.2931, -13284961.9049 7328378.7605, -13285091.561 7328501.60939999, -13285184.7681 7328645.2193, -13285225.7896 7328759.736, -13285220.7934 7328841.1145, -13285152.33 7328963.5847, -13285082.0908 7329032.8992, -13284951.6361 7329108.3068, -13284468.4703 7329250.3104, -13284367.509 7329246.0082, -13284219.2628 7329190.8501, -13283747.339 7328897.9905, -13283545.3503 7328793.835, -13283379.6916 7328772.7109, -13283222.9373 7328823.0914, -13283141.033 7328870.7021, -13283184.8288 7329020.3297, -13283164.6225 7329166.2152, -13283095.6178 7329284.0779, -13282987.4093 7329367.2264, -13282809.6527 7329412.1103, -13282764.9956 7329527.6503, -13282697.2677 7329643.3189, -13282499.1037 7329808.8513, -13282315.551 7329857.8018, -13282173.8968 7329838.2594, -13282006.047 7329738.8682, -13281971.9291 7329644.1083, -13281839.7422 7329572.8944, -13281736.0522 7329437.3049, -13281693.3055 7329241.4936, -13281534.018 7329284.1707, -13281474.8298 7329275.6083, -13281303.2654 7329174.6616, -13281187.4225 7329072.6381, -13281079.3851 7329003.7167, -13280947.7732 7328945.0479, -13280840.0255 7328914.125, -13280761.1571 7328900.2158, -13280553.6181 7328897.8913, -13280523.6955 7329042.3232, -13280439.1351 7329170.1527, -13280309.8875 7329258.6795, -13280121.0642 7329349.1537, -13280016.9042 7329378.9597, -13279906.1906 7329388.7151, -13279505.5892 7329345.0215, -13279321.7824 7330992.4748, -13279517.3964 7331065.7371, -13279728.2741 7331268.1392, -13279837.9174 7331329.7272, -13279922.2764 7331333.2522, -13280045.3235 7331316.996, -13280242.399 7331256.7268, -13280319.5262 7331266.2312, -13280355.1262 7331288.9647, -13280406.8533 7331365.9571, -13280479.9753 7331676.5264, -13280528.3221 7331745.5446, -13280603.1507 7331790.5135, -13280738.8492 7331825.7547, -13281073.7974 7331879.9352, -13281199.1602 7331947.7585, -13281332.7768 7332074.6037, -13281413.0399 7332111.7908, -13281693.0518 7332135.95750001, -13281913.5427 7332195.0512, -13282147.1205 7332185.8193, -13282240.904 7332201.3976, -13282375.9339 7332253.4735, -13282759.9767 7332445.2183, -13282829.8865 7332492.7286, -13282882.3881 7332550.0054, -13282989.9506 7332744.0875, -13283522.3562 7333194.8877, -13283758.1936 7333440.6853, -13284062.7747 7333727.2536, -13284235.4111 7333765.4666, -13284467.8848 7333762.1035, -13284509.7324 7333775.8027, -13284684.5025 7333676.3574, -13284840.2987 7333659.7745, -13284940.9493 7333693.2664, -13285027.9551 7333758.0942, -13285092.6897 7333848.6565, -13285131.0745 7333970.9516, -13285285.5611 7333978.3788, -13285500.1591 7333914.4455, -13285765.4766 7333744.6003, -13285907.5083 7333706.4611, -13286053.1606 7333726.669, -13286170.855 7333795.82, -13286253.9112 7333904.2963, -13286361.7604 7334265.0917, -13286381.2564 7334384.767, -13286283.9835 7334469.4162, -13286166.8152 7334525.0822, -13285861.4673 7334755.6886, -13285450.4172 7335101.6323, -13283995.8253 7337268.5596, -13283807.3373 7337356.8289, -13283728.1095 7337411.4915, -13283717.8081 7337539.2965, -13283762.8392 7337612.1887, -13283795.0828 7337713.72249999, -13283699.301 7338024.7447, -13283590.9809 7338107.998, -13283346.3891 7338156.2138, -13283156.9031 7338151.6237, -13282983.4313 7338182.4013, -13282804.7167 7338253.0914, -13282657.0271 7338349.3497, -13282450.0426 7338518.9655, -13282202.0388 7338852.9649, -13282093.691 7338936.2068, -13281951.544 7338974.3051, -13281917.888 7338969.6185, -13281914.9088 7338984.1237, -13281594.4016 7338987.574, -13281505.2478 7339002.1231, -13281312.6341 7338975.2883, -13281187.4879 7338896.5838, -13281130.0645 7338791.4531, -13281012.3356 7338722.1824, -13280929.2975 7338613.583, -13280885.5843 7338449.9866, -13280737.9916 7338393.0437, -13280601.3472 7338282.2997, -13280415.9164 7338187.6889, -13280214.0059 7338137.3042, -13279999.6957 7338118.8338, -13279758.2185 7337916.9604, -13279720.2523 7337774.504, -13279791.6057 7337384.8601, -13279772.0426 7337065.6104, -13279693.5555 7336855.3751, -13279533.8424 7336635.1639, -13279372.1432 7336503.9857, -13279221.5076 7336482.0635, -13279082.9878 7336532.7536, -13278777.8119 7336539.3369, -13278660.1376 7336470.049, -13278577.1562 7336361.4536, -13278527.0193 7336173.211, -13278531.4086 7336059.4946, -13278315.8225 7336055.7204, -13278026.864 7335845.25819999, -13277646.6912 7335701.126, -13277332.8336 7335657.2341, -13277132.2328 7335479.3318, -13277094.3274 7335336.905, -13277114.6602 7335190.9168, -13277184.0651 7335072.5731, -13277340.0228 7334913.3327, -13277447.1561 7334734.6607, -13277525.6543 7334441.1106, -13277529.0154 7334312.71239999, -13277504.5181 7334137.9516, -13277371.7256 7333841.3883, -13276837.4661 7333852.7523, -13276719.8491 7333783.4568, -13276591.0065 7333576.6877, -13276521.6653 7333265.0556, -13276365.5674 7333004.571, -13276326.7745 7332917.3119, -13276292.3884 7332778.14729999, -13276316.591 7332621.9639, -13276382.3047 7332429.2822, -13276403.2317 7332270.2203, -13276391.5501 7332078.162, -13276332.1363 7331860.5312, -13276344.6977 7331717.73619999, -13276411.3481 7331590.9062, -13276521.7274 7331499.7498, -13276658.6799 7331458.4323, -13276800.9244 7331473.3736, -13276901.4851 7331528.5953, -13276750.3696 7331370.3225, -13276576.0408 7331237.8244, -13276477.1339 7331187.2419, -13276318.2655 7331131.96, -13275821.0344 7331048.0909, -13275627.0933 7330958.8995, -13275436.8169 7330788.0141, -13275241.8005 7330519.3192, -13275104.9296 7330398.4425, -13275121.435 7330384.1494, -13274644.1581 7330073.1718, -13274543.1289 7330047.7405, -13274323.855 7330048.7549, -13274178.7042 7329994.7513, -13273730.8256 7329621.4006, -13273403.0001 7329271.9798, -13272936.9045 7328957.7616, -13272720.1496 7328877.4099, -13272179.5419 7328767.254, -13271632.9567 7328574.027, -13271324.2509 7328514.6714, -13271229.5391 7328471.2737, -13271058.6506 7328348.6035, -13270815.3551 7328118.7177, -13270737.3855 7328108.4834, -13270611.0676 7328144.5095, -13270243.9322 7328420.5925, -13270017.7381 7328529.721, -13269916.7667 7328563.7468, -13269963.1089 7328671.848, -13269986.8346 7328781.3004, -13269966.3812 7328927.1543, -13269897.1757 7329044.902, -13269788.8245 7329127.8683, -13269626.6178 7329171.0614, -13269391.5053 7329200.0737, -13268994.4264 7329341.5682, -13268848.8911 7329321.0482, -13268731.4112 7329251.6679, -13268648.6445 7329143.0602, -13268602.8026 7328970.0387, -13268577.9721 7328778.5069, -13268485.5529 7328541.8232, -13268441.7491 7328376.4786, -13268464.996 7328210.9421, -13268528.3675 7328108.1313, -13268431.2886 7328036.7512, -13268349.5359 7328010.12610001, -13268258.9124 7328005.5533, -13268018.4793 7328078.9932, -13267868.227 7328096.7686, -13267616.3885 7328073.0756, -13267257.5421 7328069.9698, -13267059.1283 7328029.4248, -13267047.0445 7328094.3488, -13266947.0929 7328264.2612, -13266838.7199 7328347.1787, -13266696.6817 7328384.9432, -13266551.1691 7328364.382, -13266433.7232 7328294.9744, -13266335.6618 7328166.21679999, -13266296.1439 7328043.6288, -13266282.4834 7327927.1608, -13266245.2747 7327786.4561, -13266169.8489 7327624.4434, -13266028.3215 7327672.3369, -13265793.6803 7327814.1317, -13265609.0376 7327863.1964, -13265463.5371 7327842.6158, -13265346.1082 7327773.1957, -13265263.4038 7327664.5707, -13265225.7552 7327522.2206, -13265246.2947 7327376.403, -13265315.5576 7327258.72, -13265441.5235 7327162.3815, -13265775.7726 7327064.0352, -13265877.4061 7327016.7324, -13266060.8367 7326901.5412, -13266201.9486 7326865.6957, -13265868.676 7326623.4809, -13265692.0731 7326453.9513, -13265500.1763 7326237.6645, -13265445.6149 7326161.5961, -13265411.7451 7326080.319, -13265404.5806 7325994.5235, -13265429.2908 7325917.0248, -13265480.1574 7325860.2725, -13265514.6977 7325844.647, -13265593.5016 7325839.4852, -13265968.8884 7325997.8727, -13266138.7911 7326020.5114, -13266256.8409 7325997.6552, -13266360.811 7325951.6287, -13266411.7792 7325904.2955, -13266441.3547 7325843.9855, -13266439.7971 7325775.2838, -13266402.446 7325708.8623, -13266176.3649 7325550.1609, -13266081.1514 7325446.2515, -13266012.4419 7325319.6895, -13265813.1944 7324842.9426, -13265656.5947 7324971.4878, -13265517.0921 7325146.6767, -13265404.2859 7325399.2105, -13265304.7691 7325568.2984, -13265150.4964 7325752.8864, -13265046.4869 7325967.2373, -13265001.3874 7326154.1219, -13264994.9512 7326330.3098, -13265014.7521 7326473.2655, -13265102.0643 7326806.6878, -13265081.5232 7326952.4946, -13265012.2595 7327070.1708, -13264903.8812 7327153.0488, -13264761.854 7327190.772, -13264534.3066 7327201.2664, -13264191.8367 7327287.9192, -13264014.3632 7327282.6422, -13263762.5085 7327251.3162, -13263645.103 7327181.8749, -13263562.4283 7327073.2391, -13263524.8136 7326930.8905, -13263542.2791 7326765.6285, -13263535.0117 7326621.4798, -13263505.3353 7326480.2475, -13263446.9877 7326330.9678, -13263313.4017 7326131.6608, -13263210.0087 7326031.2082, -13263087.4097 7325945.3606, -13263004.7559 7325836.7353, -13262928.9007 7325649.736, -13262735.3757 7325376.9579, -13262693.7312 7325219.2868, -13262722.7288 7324922.60010001, -13262712.16 7324755.3927, -13262878.4847 7324820.044, -13263244.2625 7324879.9767, -13263458.9496 7324884.9704, -13263616.2618 7324856.0558, -13263794.8596 7324785.9312, -13263967.2891 7324669.8273, -13264118.6699 7324504.8575, -13264225.7276 7324308.0867, -13264274.5061 7324138.741, -13264289.3662 7323931.098, -13264265.2032 7323756.5172, -13264214.7352 7323604.4391, -13264146.2312 7323470.6538, -13264055.7369 7323350.8856, -13264008.0625 7323220.3602, -13263911.0338 7323054.5745, -13263805.3042 7322934.3545, -13263653.3835 7322817.0688, -13263510.4246 7322745.2952, -13263388.4489 7322706.4946, -13263198.3755 7322681.0425, -13263086.4402 7322684.7422, -13262868.0695 7322732.8119, -13262764.8888 7322776.4658, -13262615.5849 7322869.5551, -13262486.7426 7322989.4857, -13262383.0965 7323131.8532, -13262289.0767 7323352.5919, -13262209.8009 7323876.4771, -13262218.8948 7324075.7281, -13262098.4945 7324025.238, -13261927.2207 7323985.2313, -13261735.5023 7323979.7951, -13261414.3669 7324049.19470001, -13261291.2106 7324056.4678, -13261125.2801 7324032.9008, -13260986.5884 7323935.6208, -13260827.447 7323778.1843, -13260748.4309 7323723.495, -13260575.512 7323640.3519, -13260303.7126 7323582.8856, -13260186.3924 7323513.4221, -13260103.805 7323404.7978, -13260068.3834 7323247.5843, -13259860.7934 7323459.3591, -13259827.0388 7323469.6539, -13259846.5771 7323522.5528, -13259823.2602 7323711.342, -13259752.261 7323835.624, -13259638.8493 7323922.7451, -13259500.6519 7323959.1623, -13259224.4355 7323921.0138, -13259096.4943 7323917.3419, -13258969.288 7323931.5496, -13258802.6465 7323972.6848, -13258515.2919 7323932.93949999, -13258371.3583 7323930.055, -13258094.6219 7323984.276, -13257953.1225 7323964.3022, -13257816.8039 7323883.004, -13257760.9522 7323812.3847, -13257713.0955 7323660.8146, -13257726.1112 7323516.8414, -13257803.4876 7323283.1032, -13257818.519 7323075.4903, -13257790.671 7322885.3247, -13257686.4298 7322550.3889, -13257699.3228 7322407.7838, -13257766.2053 7322281.2578, -13257912.9545 7322160.6628, -13258012.3171 7322135.7367, -13258114.5455 7322142.1129, -13258318.4965 7322253.1094, -13258437.4391 7322300.4191, -13258593.4473 7322335.499, -13258737.1636 7322343.4112, -13258917.3963 7322319.1859, -13258871.9692 7322261.7636, -13258843.7299 7322195.894, -13258865.955 7322004.2682, -13258924.8522 7321892.8089, -13258801.5267 7321709.4969, -13258754.9236 7321532.6808, -13258760.714 7321468.5395, -13258771.7337 7321390.7852, -13258842.7121 7321256.467, -13258930.6673 7321147.6931, -13259002.9312 7321022.9639, -13259059.2851 7320873.033, -13259087.1863 7320730.6485, -13259154.3815 7320603.4776, -13259264.8175 7320512.6924, -13259446.6171 7320458.2922, -13259502.6212 7320464.303, -13259645.771 7320535.152, -13259756.488 7320505.8261, -13259912.5531 7320528.0223, -13260117.347 7320596.3093, -13260260.1332 7320614.2187, -13260292.7975 7320615.1342, -13260453.3155 7320563.7451, -13260558.915 7320578.7545, -13260739.3932 7320530.9272, -13261066.6777 7320571.57, -13261194.5057 7320566.2597, -13261320.3515 7320543.1689, -13261514.3423 7320469.0197, -13261686.7137 7320353.032, -13261828.6286 7320201.155, -13261967.4276 7319975.6703, -13262075.7409 7319892.9109, -13262217.6505 7319855.2755, -13262361.7227 7319875.72, -13262343.2378 7319794.4567, -13262291.8654 7319714.5826, -13262254.4856 7319683.2636, -13262162.8921 7319646.3654, -13262110.6256 7319642.2014, -13262057.6416 7319648.0136, -13261955.0214 7319686.7362, -13261730.8899 7319844.5775, -13261633.7885 7319879.1849, -13261476.8218 7319872.1164, -13261373.6898 7319835.1836, -13261276.4245 7319780.9441, -13261190.5378 7319713.126, -13261119.337 7319631.7255, -13261044.5244 7319493.8166, -13260960.3254 7319251.9111, -13260903.5426 7319163.1413, -13260822.6413 7319091.27049999, -13260675.5983 7319014.9751, -13260516.4764 7318966.9296, -13260302.0947 7318943.3922, -13259994.9009 7318954.17099999, -13259946.4008 7318943.2836, -13259859.1126 7318895.2849, -13259768.5751 7318768.9, -13259566.4978 7318330.9126, -13259470.6461 7318193.1911, -13259389.6691 7318109.335, -13259245.6536 7318004.4263, -13259134.9324 7317954.23, -13258956.0999 7317914.0569, -13258661.8125 7317888.0969, -13258553.3713 7317854.8073, -13258453.3133 7317799.4967, -13258123.0571 7317451.2492, -13257806.0637 7317198.5865, -13257472.7709 7316815.9779, -13257345.0856 7316728.0624, -13257242.2917 7316712.4768, -13257139.4503 7316738.7464, -13257049.2359 7316799.4168, -13256743.874 7317085.4535, -13256655.1767 7317123.4559, -13256547.1536 7317123.6279, -13256025.2017 7316947.3794, -13255902.9907 7316934.8563, -13255664.4086 7316947.0344, -13255548.1009 7316933.905, -13255433.2358 7316897.8549, -13255097.6986 7316746.3295, -13254506.266 7316599.5058, -13254403.6918 7316556.6258, -13254310.1482 7316496.2155, -13254120.9443 7316302.6302, -13254035.9027 7316237.2487, -13253934.5651 7316197.7355, -13253571.8123 7316145.6674, -13253389.7948 7316064.1086, -13253279.2859 7315968.1531, -13253202.5251 7315850.1451, -13253181.2433 7315757.7374, -13253200.5047 7315609.7941, -13253243.9626 7315513.8094, -13253304.7782 7315423.6746, -13253562.7455 7315131.617, -13253690.7818 7314956.6903, -13253750.5546 7314812.12, -13253745.5383 7314709.5023, -13253697.7987 7314616.758, -13253659.9948 7314577.9007, -13253435.4134 7314433.9172, -13253324.0269 7314344.1781, -13253166.4551 7314121.4669, -13253056.6269 7314028.3692, -13252679.1112 7313879.5265, -13252174.2928 7313705.7029, -13252039.6643 7313687.8371, -13251864.8846 7313722.4966, -13251677.8176 7313817.1326, -13251608.0733 7313833.7675, -13251591.0564 7313953.0272, -13251521.6958 7314070.391, -13251386.2514 7314173.5856, -13251036.8599 7314261.5673, -13251068.0419 7314280.081, -13251206.849 7314451.5967, -13251316.0401 7314547.2579, -13251406.4467 7314666.4536, -13251450.8362 7314835.535, -13251475.33 7315036.4668, -13251544.1217 7315259.5105, -13251111.0132 7315233.7791, -13250817.9397 7315242.9651, -13250533.992 7315285.9899, -13249819.6645 7315438.4432, -13249481.6444 7315480.608, -13249157.2429 7315467.2615, -13248613.9693 7315375.1781, -13248458.206 7315373.5571, -13248306.049 7315395.0226, -13248162.4884 7315442.2165, -13247377.4386 7315769.4018, -13246668.5569 7316094.0432, -13246478.2314 7316211.0507, -13246097.6886 7316528.8431, -13245927.0013 7316637.095, -13245742.2629 7316701.59, -13245331.404 7316797.1391, -13244921.2114 7316922.8714, -13244833.6608 7316961.7513, -13244736.6151 7317047.065, -13244524.4752 7317308.2894, -13244467.5822 7317420.8746, -13244465.665 7317535.1962, -13244482.2075 7317565.7565, -13244535.7164 7317606.4839, -13244646.2703 7317619.2228, -13244816.1943 7317581.6732, -13245088.7025 7317488.5151, -13245132.8377 7317481.2981, -13245205.5354 7317498.7705, -13245243.3732 7317548.2111, -13245282.1309 7317640.2357, -13245426.5842 7317803.9264, -13245576.2956 7318142.7367, -13245582.8643 7318215.2725, -13245560.5634 7318282.5239, -13245508.6386 7318333.6177, -13245438.8076 7318363.4933, -13245309.6757 7318379.9388, -13245150.7584 7318376.4713, -13244362.293 7318266.5682, -13243860.9718 7318171.8036, -13243224.7369 7317998.6061, -13242649.3814 7317893.1978, -13242436.7557 7317830.7714, -13242110.3243 7317673.5844, -13241994.0636 7317591.0543, -13241891.9509 7317496.2828, -13241729.9358 7317284.3339, -13241500.3038 7316903.3801, -13241444.3616 7316742.4303, -13241443.9532 7316692.2033, -13241468.7654 7316601.6921, -13241554.0134 7316494.6723, -13241827.7985 7316249.9346, -13241890.4613 7316159.7468, -13241932.3167 7316057.3348, -13241947.0545 7315884.0361, -13241865.3399 7315582.1307, -13241858.887 7315460.5397, -13241878.4002 7315346.3786, -13241899.9651 7315295.6917, -13241963.019 7315218.8347, -13242002.45 7315195.9051, -13242083.057 7315184.1718, -13242157.6933 7315210.6569, -13242349.26 7315388.7455, -13242463.5605 7315470.1461, -13242598.2454 7315511.6049, -13242689.5603 7315511.5849, -13242814.5833 7315464.1495, -13242880.6691 7315404.5857, -13242926.175 7315325.1251, -13242993.4395 7315145.8041, -13243047.9089 7315072.4164, -13243119.9493 7315027.3467, -13243197.313 7315025.5703, -13243262.4993 7315067.2652, -13243319.9489 7315179.9296, -13243360.584 7315547.38799999, -13243383.6919 7315652.8483, -13243432.0606 7315734.08, -13243465.9542 7315761.3325, -13243546.3204 7315787.3339, -13243675.2484 7315759.6983, -13244149.2256 7315487.5406, -13244258.6772 7315449.1916, -13244520.7065 7315391.8805, -13244650.0572 7315303.3444, -13244715.7708 7315217.6477, -13244779.6009 7315059.508, -13244856.3756 7314766.6431, -13244883.3555 7314516.6971, -13244865.9454 7314073.8703, -13244820.0372 7313696.4231, -13244749.3027 7313273.3324, -13244751.2581 7313112.5998, -13244789.8418 7313028.6309, -13244852.6879 7312974.2168, -13245136.0887 7312881.7631, -13245314.0465 7312775.4692, -13245420.0761 7312651.922, -13245473.4477 7312496.9015, -13245474.8576 7312440.612, -13245450.6773 7312328.45, -13245367.4175 7312162.848, -13245212.9065 7311950.8921, -13244841.3324 7311528.9277, -13244773.9357 7311410.499, -13244729.382 7311286.9989, -13244690.0827 7311033.5492, -13244664.5017 7310507.4867, -13244703.5219 7310328.4217, -13244801.0445 7310126.5743, -13244830.8429 7310025.8685, -13244824.5694 7309926.3751, -13244784.8925 7309834.3536, -13244754.8176 7309795.0778, -13244673.6736 7309738.4641, -13244573.7515 7309709.0477, -13244462.0086 7309695.5749, -13244211.9566 7309689.1544, -13244009.2979 7309703.5609, -13243431.3123 7309828.3361, -13243271.4437 7309805.8779, -13243144.0641 7309741.7906, -13243037.9909 7309641.5243, -13242922.8247 7309464.8946, -13242831.9595 7309262.2181, -13242752.3135 7309003.5857, -13242618.6389 7308710.046, -13242594.4789 7308612.4031, -13242591.2608 7308514.9917, -13242615.6277 7308426.5802, -13242639.7762 7308390.3112, -13242702.7483 7308344.2604, -13242779.606 7308332.8242, -13243062.536 7308413.42, -13243186.4979 7308401.5703, -13243287.7093 7308319.757, -13243428.2882 7308112.8363, -13243495.814 7308039.2125, -13243573.0113 7307992.4098, -13243651.1648 7307988.2074, -13243715.7207 7308021.2723, -13243757.5428 7308084.1742, -13243770.5086 7308166.961, -13243749.4821 7308391.4227, -13243791.0824 7308514.1979, -13243889.6143 7308583.9929, -13243972.6902 7308589.6591, -13244014.2767 7308578.5089, -13244089.5004 7308527.8291, -13244142.4716 7308444.8399, -13244166.9358 7308342.1334, -13244186.4778 7308107.8612, -13244251.0641 7307950.2368, -13244363.9198 7307853.0215, -13244464.8281 7307815.6332, -13244572.336 7307797.1794, -13244681.6809 7307803.7387, -13244786.1232 7307838.1672, -13245103.5551 7308044.7321, -13245442.3104 7308106.1897, -13245766.0416 7308249.5596, -13245922.1609 7308263.7724, -13245974.5106 7308251.3508, -13246072.0706 7308200.9323, -13246300.8602 7307990.6036, -13246535.6239 7307853.5497, -13247069.2298 7307682.6155, -13248124.1942 7307378.2675, -13248238.2929 7307309.4581, -13248458.631 7307088.9013, -13248551.0151 7307039.532, -13248644.109 7307026.6983, -13249044.4741 7307052.0992, -13249145.0468 7307087.763, -13249230.4832 7307155.9774, -13249294.4847 7307248.4584, -13249341.0878 7307357.0167, -13249700.5392 7308379.1115, -13249829.6147 7308602.6148, -13250012.4767 7308712.633, -13250060.9083 7308715.3645, -13250146.6062 7308684.4342, -13250205.8244 7308609.5267, -13250223.2158 7308560.4859, -13250233.4982 7308381.6652, -13250198.2376 7307886.5177, -13250118.8984 7307317.2803, -13250122.4388 7307189.31360001, -13250156.9215 7307081.9857, -13250266.5732 7306910.6782, -13250311.2118 7306814.7402, -13250373.6136 7306539.4437, -13250434.7664 7306374.6476, -13250522.2493 7306215.6307, -13250698.7104 7305969.6394, -13250743.3426 7305855.8738, -13250747.4966 7305794.157, -13250717.7434 7305669.2382, -13250479.9649 7305211.9348, -13250320.7068 7304839.5629, -13250235.3819 7304605.335, -13250176.859 7304363.9724, -13250163.4265 7304201.7863, -13250171.5693 7303958.868, -13250286.0146 7302915.3672, -13250285.1268 7302761.6624, -13250246.6009 7302620.2024, -13250159.5746 7302512.0561, -13250038.9622 7302451.1588, -13249970.5005 7302443.3797, -13249614.5507 7302458.1145, -13249411.7227 7302397.7844, -13249241.4468 7302279.0411, -13249046.371 7302073.8908, -13248863.668 7301836.9342, -13248832.8081 7301772.7291, -13248802.0415 7301644.5828, -13248809.2548 7301346.7857, -13248785.2243 7301173.3443, -13248784.7711 7301064.4249, -13248891.2791 7300787.8827, -13248917.3313 7300622.9178, -13248901.8253 7300445.182, -13248861.2778 7300327.551, -13248751.7889 7300175.0302, -13248602.3782 7300066.8158, -13248545.22 7300047.8896, -13248427.6206 7300038.997, -13248091.7656 7300093.5755, -13247968.4443 7300056.9342, -13247884.2523 7299972.1599, -13247866.055 7299896.3617, -13247886.4985 7299825.7623, -13248059.7348 7299653.5088, -13248076.8456 7299618.6984, -13248083.8668 7299545.21149999, -13248074.4152 7299511.2989, -13248027.0081 7299458.4711, -13247903.3941 7299403.4436, -13247817.408 7299348.4628, -13247751.6561 7299271.734, -13247731.0525 7299227.8764, -13247720.5103 7299137.4689, -13247744.8894 7299052.0488, -13247797.3821 7298984.2017, -13247832.4915 7298960.28279999, -13247912.2831 7298947.4808, -13247990.1514 7298981.5661, -13248458.403 7299394.5658, -13248602.7835 7299493.5595, -13248700.4699 7299513.1655, -13248744.5363 7299503.9864, -13248811.0415 7299452.1749, -13248827.7951 7299413.1111, -13248818.4915 7299325.4476, -13248657.0352 7299086.4845, -13248598.0158 7298967.5908, -13248420.0831 7298433.8259, -13248322.4237 7298250.4861, -13248228.3912 7298156.4673, -13248049.4411 7298067.2087, -13247844.4264 7298035.6355, -13247569.6182 7298043.1547, -13247452.0762 7298085.4376, -13247359.3188 7298157.9026, -13247154.3338 7298441.0516, -13247072.5944 7298504.7423, -13246944.8762 7298525.9947, -13246776.9737 7298488.0256, -13246700.4099 7298433.1937, -13246648.4845 7298351.1757, -13246634.2575 7298303.202, -13246586.0174 7297764.3639, -13246550.5847 7297637.0006, -13246495.666 7297517.5621, -13246416.0784 7297426.3714, -13246315.3123 7297380.2183, -13246036.3887 7297368.5649, -13245889.2333 7297317.3811, -13245827.7675 7297256.335, -13245805.7502 7297182.2399, -13245823.5838 7297108.7784, -13245881.1177 7297050.7253, -13246023.481 7297007.9292, -13246258.659 7296994.2332, -13247045.6522 7297063.8245, -13247174.2982 7296992.7591, -13247287.5856 7296957.8745, -13247434.9882 7296944.2864, -13247552.7235 7296957.8744, -13247719.7895 7297017.8488, -13247842.2806 7297101.1497, -13247959.6169 7297234.5867, -13248034.2187 7297388.7274, -13248128.008 7297447.6032, -13248243.8786 7297501.0827, -13248381.6456 7297541.2647, -13248539.9358 7297559.9699, -13248730.5605 7297545.682, -13248899.2338 7297497.9142, -13249055.7112 7297418.7643, -13249328.5765 7297225.5209, -13249467.4738 7297194.0053, -13249616.1613 7297220.2276, -13249749.9381 7297277.9433, -13249904.7747 7297315.8149, -13250047.8644 7297326.3801, -13250200.5974 7297312.6909, -13250011.0099 7297464.6635, -13249869.987 7297657.6855, -13249796.1729 7297834.4176, -13249742.7613 7298079.3976, -13249769.9964 7298243.9363, -13249758.1388 7298391.8439, -13249700.2161 7298559.9978, -13249608.0839 7298695.5857, -13249554.7799 7299040.0778, -13249566.3761 7299279.082, -13249592.6665 7299366.4429, -13249781.6535 7299459.2141, -13249928.775 7299604.9692, -13250012.8053 7299761.6942, -13250052.5773 7299959.6545, -13250104.4196 7300025.3503, -13250174.1879 7300252.5576, -13250273.9215 7300434.4629, -13250365.7804 7300545.0035, -13250486.6462 7300649.2329, -13250609.4133 7300723.7755, -13250757.5563 7300782.8838, -13250929.5628 7300817.0382, -13251129.6565 7300814.9926, -13251305.0619 7300834.0198, -13251475.7252 7300917.7572, -13251660.7025 7300966.3973, -13251803.8606 7300976.9332, -13251937.0531 7300966.4195, -13252083.4268 7300992.1836, -13252203.3298 7301069.3234, -13252317.3487 7301235.177, -13252320.8952 7301287.6102, -13252493.6314 7301283.0892, -13252421.4307 7301471.4076, -13252382.9616 7301715.6013, -13252309.763 7301834.166, -13252184.1156 7301930.4803, -13252134.1361 7301943.5957, -13252211.4888 7302082.983, -13252250.1036 7302221.4096, -13252224.7397 7302425.0157, -13252188.5741 7302519.3268, -13252078.0267 7302712.3637, -13251964.8258 7302799.1326, -13251787.6633 7302858.9786, -13251622.509 7302955.7063, -13251481.0247 7303084.7343, -13251369.3939 7303240.42629999, -13251302.7378 7303385.6592, -13251275.7122 7303488.8893, -13251367.4459 7303831.8239, -13251467.081 7303911.8303, -13251626.5389 7304009.1746, -13251708.7988 7304117.6299, -13251746.0786 7304259.6316, -13251722.5267 7304424.6699, -13251664.1719 7304615.6265, -13251821.8422 7304784.8379, -13252024.0206 7304912.4301, -13252097.9471 7304942.6616, -13252684.9276 7305056.7605, -13252649.5297 7305056.5184, -13252704.534 7305059.1103, -13252847.4144 7305044.5421, -13253031.0506 7304990.6871, -13253186.2267 7304908.649, -13253345.3942 7304775.6786, -13253462.3614 7304623.927, -13253555.5224 7304420.7926, -13253588.2791 7304280.6593, -13253598.5324 7304121.1118, -13253583.9845 7303977.93, -13253547.2683 7303838.7945, -13253489.2894 7303707.1302, -13253421.046 7303598.9934, -13253309.5877 7303461.1322, -13253261.0934 7303276.5618, -13253281.8059 7303131.2208, -13253351.0475 7303014.0082, -13253459.2254 7302931.5514, -13253782.7891 7302908.2855, -13254125.5166 7302978.6408, -13254411.4766 7302992.0595, -13254660.5884 7302936.54249999, -13254935.1813 7302973.0154, -13255126.3087 7302965.238, -13255359.6425 7302909.5784, -13255504.6564 7302930.2965, -13255703.9261 7303108.0565, -13255741.2726 7303250.0189, -13255668.2462 7303639.0175, -13255671.7059 7303878.4136, -13255748.6738 7304358.8038, -13255798.2913 7304486.1502, -13255998.0054 7304316.103, -13256079.5033 7304217.6033, -13256157.4112 7304079.779, -13256364.3119 7304040.7869, -13256522.1183 7303955.3901, -13256772.091 7303746.3942, -13257016.8367 7303448.5112, -13257125.4491 7303338.5672, -13257565.3837 7303089.7541, -13257647.3217 7303088.9896, -13257698.2134 7303123.3455, -13257736.8154 7303178.0494, -13257820.5752 7303367.1106, -13257873.1425 7303415.5078, -13257944.9636 7303444.8245, -13258341.44 7303477.4904, -13258966.3741 7303462.9718, -13259361.0619 7303498.6896, -13259449.2847 7303478.3166, -13259477.6293 7303435.8214, -13259462.4915 7303384.2986, -13259372.8317 7303329.1541, -13258975.6351 7303290.6052, -13258723.8574 7303209.1934, -13258588.401 7303115.1663, -13258395.5943 7302930.2733, -13258253.9614 7302766.1744, -13258192.2862 7302723.516, -13257645.2796 7302565.1359, -13257339.2769 7302426.6758, -13257274.7801 7302421.6524, -13257233.5627 7302437.1542, -13257195.5528 7302470.7346, -13257101.1549 7302630.8109, -13257052.0159 7302663.9818, -13256993.9008 7302673.101, -13256856.7188 7302644.8726, -13256742.1169 7302562.32109999, -13256667.7648 7302471.439, -13256627.6912 7302317.4551, -13256582.9284 7302266.734, -13256494.6517 7302268.263, -13256117.3758 7302397.1959, -13255942.2992 7302425.5962, -13255802.1121 7302413.2513, -13255658.1675 7302342.2164, -13255608.0276 7302294.7486, -13255530.91 7302154.9673, -13255445.707 7302070.7591, -13255419.7655 7301976.3156, -13255421.4339 7301900.2346, -13255498.5895 7301640.5692, -13255526.6071 7301478.2042, -13255537.875 7301230.9506, -13255517.753 7301128.7811, -13255472.1721 7301068.5819, -13255385.7776 7301005.8783, -13255173.5388 7300891.7412, -13255065.5354 7300857.9186, -13255020.1222 7300860.5311, -13254950.0645 7300887.7187, -13254747.5188 7301046.1041, -13254709.63 7301054.9243, -13254682.2743 7301041.6824, -13254671.741 7300989.2861, -13254683.2312 7300945.4887, -13254792.4899 7300776.2086, -13254830.4877 7300538.96, -13254816.5065 7300468.613, -13254747.5862 7300355.751, -13254709.2523 7300222.9796, -13254673.1347 7300159.057, -13254634.0218 7300133.7993, -13254584.2594 7300127.5457, -13254478.9741 7300165.0208, -13254385.3864 7300249.4909, -13254018.0922 7300651.3878, -13253980.5746 7300675.3305, -13253937.5147 7300680.2851, -13253875.2774 7300642.079, -13253704.7 7300449.6905, -13253523.7867 7300200.771, -13253393.6799 7300096.2627, -13253371.1875 7300035.5452, -13253379.1843 7299985.4252, -13253540.7277 7299765.9698, -13253649.5594 7299721.813, -13253814.2434 7299729.4909, -13253938.5588 7299674.6784, -13254151.9014 7299520.8518, -13254170.8376 7299484.9152, -13254160.5158 7299421.5436, -13254049.4949 7299249.5347, -13253981.5155 7299209.2422, -13253927.9592 7299199.1404, -13253873.1925 7299202.8662, -13253797.3645 7299232.3324, -13253614.2215 7299383.1556, -13253541.6227 7299427.2355, -13253469.8658 7299440.946, -13253408.498 7299406.9776, -13253294.7683 7299172.5213, -13253200.06 7298849.4693, -13253116.6332 7298634.6948, -13253063.1488 7298555.9507, -13252894.9928 7298382.52929999, -13252824.2371 7298256.6525, -13252668.9232 7297916.042, -13252598.5079 7297808.5811, -13252430.7982 7297618.3784, -13252369.6768 7297474.2061, -13252331.0296 7297427.38799999, -13252276.3655 7297397.3802, -13252212.6911 7297385.4353, -13251894.3398 7297426.0376, -13251787.2822 7297410.702, -13251536.4032 7297261.21809999, -13251352.34 7297109.55919999, -13250978.0992 7296873.708, -13250901.921 7296834.3757, -13250705.8666 7296769.4765, -13250656.9753 7296690.6801, -13250614.4134 7296531.7342, -13250616.9468 7296463.9752, -13250654.2072 7296329.34139999, -13250650.8269 7296239.5455, -13250577.5625 7296086.78, -13250436.6405 7295953.3604, -13250423.5631 7295915.204, -13250426.0224 7295833.8258, -13250403.1558 7295794.7471, -13250317.0992 7295740.8665, -13249856.5127 7295563.8363, -13249618.6095 7295415.6457, -13249504.3719 7295380.6539, -13249225.8367 7295327.4424, -13249135.7902 7295263.7535, -13249107.0839 7295153.736, -13249082.8834 7295130.142, -13248966.9111 7295132.0171, -13248878.433 7295093.3157, -13248838.8048 7295041.4535, -13248833.8757 7294996.8515, -13248863.5921 7294952.0413, -13248984.3115 7294878.4545, -13249033.7191 7294826.9143, -13249047.9846 7294764.8748, -13249019.8113 7294713.8889, -13248959.917 7294708.2726, -13248888.626 7294754.4159, -13248745.7647 7294943.6676, -13248635.7697 7295044.6215, -13248500.9053 7295201.0972, -13248466.0671 7295204.2052, -13248434.2122 7295190.165, -13248383.7565 7295110.2878, -13248334.8929 7295080.7144, -13248154.6257 7295086.2266, -13248127.489 7295066.1744, -13248116.5403 7295033.8429, -13248136.2402 7294975.6148, -13248225.9914 7294886.7337, -13248468.4856 7294709.1472, -13248491.2702 7294668.5263, -13248476.4593 7294616.5011, -13248431.1105 7294566.0872, -13248349.8707 7294508.8076, -13248189.0662 7294448.8428, -13248063.4128 7294441.0858, -13247887.4395 7294468.8921, -13247774.1349 7294434.1718, -13247670.7279 7294472.8446, -13247594.3059 7294445.749, -13247547.1172 7294396.652, -13247530.6666 7294352.7743, -13247554.2012 7294148.4424, -13247520.9454 7293997.893, -13247446.3996 7293884.402, -13247297.9598 7293767.6756, -13247060.1822 7293667.6513, -13246824.6666 7293541.1407, -13246721.1087 7293512.1153, -13246525.1464 7293502.3409, -13246402.7314 7293422.7144, -13246335.2043 7293423.7689, -13246165.3475 7293469.3134, -13246094.1284 7293470.3542, -13246023.1069 7293454.8889, -13245805.3652 7293370.1049, -13245761.3475 7293344.7284, -13245621.7086 7293187.2335, -13245397.5301 7292993.2237, -13245312.3438 7292854.9829, -13245245.888 7292804.1432, -13245141.2138 7292803.9109, -13245026.3287 7292845.1774, -13244910.305 7292903.3489, -13244745.903 7293024.8543, -13244700.837 7293028.2786, -13244661.7236 7293013.3169, -13244635.2598 7292984.0974, -13244627.728 7292940.8685, -13244655.1409 7292864.4069, -13244737.5644 7292763.9102, -13244925.3804 7292590.5118, -13245063.0217 7292509.0035, -13245402.6808 7292421.2345, -13245457.3651 7292421.6963, -13245524.5801 7292466.18, -13245650.3336 7292631.0586, -13245794.5963 7292722.0593, -13245858.9425 7292782.3202, -13245891.2378 7292864.957, -13245881.6259 7293020.8905, -13245898.2908 7293088.0241, -13245961.6554 7293164.6196, -13246120.4971 7293260.415, -13246194.4054 7293277.41219999, -13246274.2661 7293269.5582, -13246709.6188 7293154.0207, -13246892.339 7293165.4321, -13247091.8681 7293228.2706, -13247858.4105 7293566.6492, -13248214.6274 7293679.4985, -13248471.1389 7293738.1231, -13248969.092 7293807.7693, -13249428.2721 7293905.2792, -13249536.995 7293977.5736, -13249736.5252 7294320.37300001, -13249791.2808 7294387.5089, -13249892.2205 7294471.4637, -13250133.0746 7294604.6743, -13250686.7762 7294810.7266, -13250767.2138 7294811.7967, -13250813.2116 7294770.14050001, -13250866.5928 7294580.4627, -13250921.4471 7294522.57500001, -13251007.3743 7294503.6003, -13251108.7928 7294535.1599, -13251166.0881 7294575.3831, -13251233.5186 7294878.20489999, -13251277.6283 7294900.5136, -13251305.7758 7294890.2044, -13251321.8599 7294975.8978, -13251355.417 7295007.6672, -13251376.3831 7295086.6541, -13251345.8945 7295138.0832, -13251363.7811 7295169.9988, -13251347.1302 7295209.1946, -13251360.9069 7295222.1615, -13251435.4575 7295212.4849, -13251486.4899 7295155.7736, -13251502.0122 7295157.6379, -13251525.2416 7295134.7482, -13251555.6574 7295147.8646, -13251596.613 7295205.4566, -13251633.4368 7295335.1597, -13251581.295 7295388.9687, -13251504.1232 7295411.6047, -13251503.9494 7295455.7297, -13251527.8156 7295489.7067, -13251551.149 7295495.2099, -13251583.3865 7295478.4627, -13251606.6179 7295504.7292, -13251711.8377 7295550.735, -13251748.1238 7295519.4781, -13251785.5702 7295522.6927, -13251851.4302 7295493.0577, -13251823.8878 7295448.2523, -13251842.4226 7295405.7694, -13251886.6016 7295430.4992, -13251935.7173 7295416.7073, -13251945.2563 7295432.6943, -13251991.7793 7295450.3378, -13252047.6843 7295422.4124, -13252080.0288 7295474.0273, -13252062.0513 7295525.5577, -13252084.9266 7295565.5883, -13252099.5376 7295578.9235, -13252162.4444 7295588.297, -13252183.0909 7295634.4485, -13252230.5396 7295666.5566, -13252260.8627 7295674.1894, -13252303.6035 7295648.1533, -13252363.2897 7295645.0903, -13252787.4812 7295834.7926, -13252789.1261 7295859.027, -13252830.6554 7295896.1912, -13252858.2718 7295948.9345, -13252907.6871 7295958.4966, -13252928.2439 7295947.016, -13252938.2392 7295962.5493, -13252929.2439 7296003.5593, -13252972.2123 7296007.2785, -13253003.036 7296049.8414, -13253000.6302 7296110.0675, -13252984.2742 7296126.9188, -13252983.3983 7296143.927, -13253005.3861 7296152.5057, -13252997.1474 7296155.4133, -13253024.0608 7296152.3794, -13253041.9248 7296134.7399, -13253109.5799 7296163.9662, -13253130.1059 7296187.9061, -13253180.9846 7296200.9096, -13253218.1155 7296185.9405, -13253260.6685 7296199.3948, -13253341.4725 7296246.7824, -13253359.4333 7296274.5278, -13253382.4303 7296269.6485, -13253365.85 7296285.6929, -13254217.7607 7296716.745, -13254201.6809 7296821.3288, -13254237.5914 7296857.633, -13254239.8254 7296906.7123, -13254250.0624 7296900.6696, -13254331.096 7296943.1914, -13254339.7604 7296981.6937, -13254409.0443 7297042.4076, -13254411.6835 7297059.872, -13254486.99 7297051.8847, -13254523.2291 7297031.673, -13254530.1648 7296993.5611, -13254555.1693 7296999.4166, -13254575.49 7296975.3412, -13254611.0924 7296972.3398, -13254623.0795 7296984.5559, -13254607.129 7297005.8314, -13254627.3145 7297015.96589999, -13254627.613 7297043.1949, -13254649.6434 7297053.4093, -13254700.0247 7297026.7034, -13254706.2623 7297042.9407, -13254735.1186 7297040.0165, -13254746.267 7297061.5329, -13254760.0558 7297059.6519, -13254747.1529 7297014.0684, -13254812.9676 7296974.8589, -13254816.3191 7296931.1814, -13254844.4273 7296894.5628, -13254883.3033 7296906.1088, -13254905.8539 7296896.0577, -13254972.1477 7296826.6241, -13255005.9515 7296813.8781, -13255007.7892 7296855.7548, -13254980.8682 7296871.0166, -13255007.9447 7296909.8767, -13254982.3915 7296910.4814, -13254961.3351 7296884.078, -13254925.8811 7296901.6451, -13254916.5254 7296921.8306, -13254979.4599 7296951.0329, -13254981.3924 7296962.4013, -13254961.359 7296973.153, -13254992.2759 7297008.3869, -13255010.2421 7297056.6222, -13254980.2483 7297083.9724, -13254957.1684 7297073.688, -13254927.6996 7297110.258, -13254951.3822 7297124.3382, -13255001.3644 7297117.8308, -13254994.8706 7297135.737, -13254969.0852 7297141.6252, -13254973.9142 7297157.2978, -13255021.1044 7297184.3238, -13255050.9663 7297174.7281, -13255087.3283 7297225.3907, -13255062.6035 7297247.7873, -13255044.0624 7297237.8062, -13255012.7975 7297249.7154, -13254982.6882 7297239.074, -13254929.3407 7297180.0427, -13254891.1952 7297186.6538, -13254864.7664 7297228.8735, -13254777.9385 7297300.7467, -13254792.2939 7297338.4646, -13254848.8883 7297351.5086, -13254880.3419 7297314.9187, -13254877.4505 7297346.5707, -13254889.6778 7297362.1752, -13255012.6715 7297419.0126, -13255034.5302 7297415.8228, -13255058.2004 7297461.4281, -13255100.8173 7297492.0277, -13255097.5568 7297512.9886, -13255108.6772 7297507.9592, -13255114.5625 7297536.2938, -13255143.8473 7297547.4887, -13255140.2761 7297573.9312, -13255192.7749 7297611.445, -13255206.3591 7297581.214, -13255229.1651 7297601.0269, -13255248.7995 7297595.8437, -13255349.305 7297695.6291, -13255358.3094 7297667.1713, -13255397.2544 7297648.1994, -13255409.8778 7297644.4141, -13255415.1631 7297665.118, -13255462.4074 7297649.9176, -13255470.2471 7297666.6702, -13255441.7684 7297719.259, -13255455.8097 7297757.4784, -13255430.2374 7297827.056, -13255471.3494 7297878.6085, -13255434.5772 7297895.8001, -13255403.6543 7297943.7311, -13255439.4262 7297960.3846, -13255449.1206 7297986.1794, -13255462.1448 7297977.2994, -13255484.203 7298012.5378, -13255476.9702 7298029.1979, -13255496.1476 7298041.0177, -13255517.5782 7298024.5265, -13255507.4011 7297941.17979999, -13255533.3322 7297928.5548, -13255519.7676 7297883.6148, -13255543.7561 7297892.489, -13255567.1775 7297882.0709, -13255585.3808 7297894.2001, -13255613.8746 7297876.7162, -13255617.4966 7297858.0633, -13255663.9748 7297846.8588, -13255693.4883 7297850.5932, -13255694.0983 7297864.1061, -13255737.7353 7297863.1557, -13255753.6412 7297835.9369, -13255764.1704 7297843.9009, -13255806.7337 7297816.01619999, -13255849.2307 7297822.517, -13255874.4922 7297811.7402, -13255890.8677 7297785.0639, -13255971.7515 7297782.5995, -13255985.8157 7297794.49669999, -13255963.1508 7297820.7971, -13255970.8036 7297849.3483, -13256009.6006 7297865.0801, -13256005.2861 7297854.6306, -13256020.1847 7297848.8577, -13256022.8901 7297866.8304, -13256075.9628 7297901.2913, -13256038.4233 7297920.5196, -13256093.0775 7297963.2736, -13256120.1532 7297967.8022, -13256121.8814 7297990.9517, -13256137.8545 7297996.7132, -13256089.0522 7298020.2398, -13256112.6661 7298049.6092, -13256103.842 7298067.7621, -13256128.8664 7298039.3834, -13256137.974 7298058.2626, -13256183.5152 7298031.6014, -13256184.2748 7298048.8412, -13256202.0452 7298046.9004, -13256213.4729 7298065.211, -13256230.3969 7298119.6178, -13256288.0187 7298108.7833, -13256315.8648 7298117.7567, -13256341.8429 7298096.2805, -13256408.3774 7298218.3799, -13256434.9771 7298235.7668, -13256454.3165 7298271.70090001, -13256493.0542 7298293.4072, -13256521.9758 7298345.6397, -13256518.6086 7298413.0786, -13256537.5447 7298405.9155, -13256546.1173 7298380.2337, -13256601.7417 7298383.4901, -13256637.034 7298410.3832, -13256630.5303 7298464.7836, -13256661.4236 7298515.7156, -13256694.0764 7298517.6661, -13256695.8327 7298502.4929, -13256741.608 7298486.2779, -13256751.4895 7298500.6271, -13256731.5461 7298537.4998, -13256838.0691 7298605.3508, -13256824.9531 7298639.1255, -13256878.752 7298727.0493, -13256893.763 7298733.6415, -13256907.4478 7298703.1944, -13256924.3424 7298722.7507, -13256973.5105 7298717.0402, -13256983.8969 7298737.9698, -13257023.2349 7298737.7799, -13257034.4302 7298700.397, -13257026.0696 7298684.9809, -13257042.9787 7298682.4917, -13257037.491 7298653.0897, -13257051.2344 7298636.1348, -13257089.1216 7298648.845, -13257095.303 7298692.6834, -13257074.522 7298686.8779, -13257061.2756 7298712.3437, -13257096.555 7298741.5753, -13257134.3642 7298749.0105, -13257137.2075 7298717.2681, -13257158.8389 7298697.1902, -13257196.0422 7298699.5103, -13257202.7163 7298678.7847, -13257232.0169 7298683.1289, -13257260.5389 7298715.2277, -13257225.0018 7298756.619, -13257222.7005 7298786.9507, -13257250.1463 7298788.6409, -13257255.2245 7298803.6881, -13257223.9319 7298792.895, -13257210.345 7298802.1223, -13257221.7047 7298832.8627, -13257215.1689 7298864.727, -13257238.5008 7298860.2602, -13257257.4494 7298875.056, -13257271.3767 7298850.0063, -13257314.2643 7298872.2344, -13257346.5569 7298850.0656, -13257432.5713 7298855.7806, -13257439.7332 7298894.4202, -13257488.1575 7298927.8255, -13257490.3371 7298961.2082, -13257509.3302 7298970.9679, -13257524.6676 7298948.6636, -13257540.1663 7298949.3262, -13257552.9386 7298976.3192, -13257516.0293 7298985.8236, -13257538.4714 7299005.3162, -13257550.8125 7299048.9113, -13257582.9957 7299029.8129, -13257589.4633 7299070.5579, -13257551.7484 7299100.3356, -13257589.5009 7299093.4189, -13257602.1042 7299109.3189, -13257647.5155 7299084.7641, -13257677.7218 7299098.4965, -13257678.7012 7299122.3852, -13257650.5038 7299142.4345, -13257647.4403 7299173.6913, -13257624.7904 7299185.7067, -13257670.8949 7299219.3002, -13257703.8182 7299184.0932, -13257730.6863 7299184.4156, -13257726.3685 7299166.4242, -13257756.9539 7299175.7934, -13257745.4447 7299237.0208, -13257767.8237 7299261.3153, -13257795.9965 7299233.1385, -13257797.7141 7299270.1852, -13257846.1837 7299271.5172, -13257885.9409 7299306.9924, -13257886.5508 7299288.65869999, -13257920.1078 7299283.4674, -13257923.1727 7299351.8339, -13258009.9224 7299385.4636, -13258031.6829 7299433.3667, -13258048.4292 7299430.312, -13258051.9588 7299461.0084, -13258035.0665 7299463.1859, -13258061.8023 7299476.6559, -13258072.6063 7299522.8153, -13258066.3028 7299587.9173, -13258110.3401 7299600.2813, -13258153.1996 7299646.3244, -13258170.5295 7299635.5047, -13258190.0588 7299649.76829999, -13258185.2552 7299674.1219, -13258163.0238 7299681.7792, -13258147.7988 7299716.0489, -13258147.3838 7299753.2913, -13258131.719 7299760.3197, -13258140.4857 7299788.5955, -13258184.0935 7299797.46410001, -13258202.8345 7299740.9086, -13258247.6297 7299707.4418, -13258263.5832 7299710.1443, -13258288.274 7299759.7424, -13258292.268 7299810.1322, -13258314.7227 7299811.2556, -13258320.1241 7299786.8546, -13258336.3751 7299786.5355, -13258324.9648 7299811.0775, -13258341.7679 7299836.8197, -13258305.0281 7299841.1999, -13258297.1189 7299863.896, -13258271.6136 7299865.6355, -13258283.7017 7299904.6465, -13258259.8947 7299904.6139, -13258314.1933 7299977.383, -13258395.4704 7300039.913, -13258453.4835 7300106.6185, -13258506.3067 7300136.1618, -13258535.4463 7300137.8982, -13258546.3645 7300122.45489999, -13258587.6691 7300131.7001, -13258620.3135 7300188.1833, -13258568.9573 7300259.4191, -13258572.1809 7300278.8908, -13258562.7688 7300274.4579, -13258639.9191 7300330.1709, -13258704.6461 7300339.2551, -13258753.5016 7300379.8554, -13258760.4986 7300414.4308, -13258746.5286 7300453.9117, -13258778.6255 7300532.1915, -13258808.9073 7300561.0469, -13258792.6764 7300654.6315, -13258803.168 7300686.3752, -13258843.3349 7300690.5676, -13258869.4175 7300638.523, -13258904.8367 7300643.3871, -13258955.0015 7300711.4575, -13258980.081 7300784.9756, -13259033.1733 7300812.6515, -13259077.4252 7300770.3296, -13259121.2768 7300754.1055, -13259181.7067 7300767.9498, -13259225.1172 7300800.3052, -13259269.7957 7300805.1523, -13259297.2683 7300788.3168, -13259370.5346 7300785.3953, -13259456.322 7300839.288, -13259474.8117 7300805.712, -13259497.9686 7300805.9186, -13259503.2958 7300822.6585, -13259529.6898 7300818.7129, -13259601.4123 7300777.7873, -13259611.3891 7300729.0073, -13259602.0959 7300709.1827, -13259631.846 7300701.2975, -13259637.3054 7300711.2716, -13259633.8778 7300691.2917, -13259654.7557 7300682.1075, -13259692.9537 7300610.6708, -13259741.4676 7300604.9782, -13259777.8627 7300654.2649, -13259818.5546 7300651.8011, -13259844.5663 7300664.6191, -13259849.8223 7300644.3718, -13259843.153 7300701.2937, -13259873.4301 7300742.3786, -13259887.5453 7300725.436, -13259896.0032 7300730.9796, -13259896.6655 7300755.76389999, -13259873.9038 7300749.7038, -13259877.967 7300769.7469, -13259844.7077 7300758.788, -13259844.3703 7300789.7028, -13259825.1256 7300797.1204, -13259753.068 7300780.725, -13259696.6237 7300849.1795, -13259698.0346 7300862.9794, -13259708.4053 7300885.7845, -13259721.0563 7300864.7079, -13259722.1817 7300875.5957, -13259765.5596 7300881.981, -13259766.9087 7300926.9382, -13259794.9621 7300928.3849, -13259815.3826 7300953.8663, -13259839.1485 7301058.3013, -13259865.8528 7301072.6974, -13259894.6826 7301136.1841, -13259918.7993 7301103.2145, -13259947.6877 7301112.6034, -13259949.9699 7301083.5818, -13259982.7051 7301075.7751, -13259997.0444 7301108.46369999, -13259974.5599 7301129.8265, -13259982.5725 7301162.39769999, -13260009.2783 7301129.2833, -13260031.5341 7301151.8161, -13260002.5352 7301176.7038, -13260033.1012 7301207.6897, -13260015.2172 7301269.1515, -13260075.6676 7301276.8043, -13260119.4486 7301334.3403, -13260197.7241 7301329.1583, -13260224.8752 7301351.2919, -13260314.9688 7301364.0001, -13260338.5857 7301341.6566, -13260372.4776 7301360.4789, -13260407.7914 7301357.2695, -13260460.0928 7301397.1995, -13260482.6803 7301390.8432, -13260491.5662 7301412.3564, -13260549.0292 7301400.5502, -13260538.9231 7301432.2763, -13260547.7296 7301467.9381, -13260571.1149 7301436.2813, -13260594.2528 7301430.9874, -13260604.6724 7301472.4992, -13260673.8616 7301493.0741, -13260662.2874 7301539.4053, -13260686.485 7301538.1532, -13260694.8486 7301567.4255, -13260736.1987 7301576.4811, -13260743.4068 7301596.3701, -13260807.9896 7301565.0941, -13260820.1747 7301603.9911, -13260849.4488 7301613.794, -13260868.2917 7301545.0761, -13260891.6717 7301539.5627, -13260901.4398 7301516.6148, -13260973.9128 7301512.0579, -13260984.3049 7301501.9322, -13260976.14 7301486.093, -13261003.2039 7301465.8542, -13261020.7973 7301491.1196, -13261017.5312 7301547.2061, -13260951.9446 7301582.2983, -13260931.1744 7301617.582, -13260946.2997 7301647.7836, -13260980.8666 7301633.4929, -13261030.1684 7301646.034, -13261055.4359 7301703.778, -13261072.5614 7301695.2477, -13261102.5818 7301716.7183, -13261076.5776 7301739.1812, -13261059.0193 7301736.0083, -13261082.1892 7301770.1943, -13261130.5165 7301745.779, -13261160.8287 7301753.1715, -13261194.8165 7301787.7205, -13261223.1716 7301786.7051, -13261197.6501 7301806.5477, -13261279.1312 7301869.6496, -13261277.5068 7301898.2639, -13261336.173 7301890.4363, -13261386.116 7301860.8177, -13261373.3923 7301796.2015, -13261392.0769 7301778.6715, -13261421.5784 7301791.7034, -13261430.5516 7301770.9402, -13261422.1521 7301745.3884, -13261425.1287 7301740.565, -13261420.6698 7301743.6326, -13261422.1521 7301745.3884, -13261382.6059 7301748.0979, -13261470.3774 7301653.796, -13261475.6305 7301656.76829999, -13261471.46 7301653.3122, -13261470.3774 7301653.796, -13261422.2901 7301593.5963, -13261438.7082 7301580.3072, -13261414.3017 7301463.5271, -13261417.1238 7301447.4401, -13261447.5943 7301452.2027, -13261461.6062 7301421.0846, -13261427.243 7301383.1653, -13261425.3649 7301361.3671, -13261373.8417 7301317.5549, -13261391.3715 7301313.0039, -13261420.3783 7301331.7199, -13261415.348 7301308.9914, -13261437.0345 7301279.172, -13261430.8962 7301255.3794, -13261441.3427 7301232.5978, -13261462.8827 7301225.1319, -13261507.509 7301236.4203, -13261495.7966 7301296.0635, -13261531.1523 7301327.0515, -13261538.4303 7301375.4432, -13261549.846 7301381.1712, -13261531.2697 7301405.3943, -13261577.2525 7301393.9294, -13261567.7611 7301403.2453, -13261580.9006 7301423.3036, -13261612.4235 7301412.1711, -13261610.3246 7301427.5886, -13261624.9093 7301437.186, -13261661.9431 7301397.9649, -13261682.1145 7301400.8458, -13261690.2304 7301382.363, -13261699.8091 7301397.6828, -13261717.8765 7301383.6516, -13261694.8181 7301363.5595, -13261722.7962 7301365.6444, -13261739.0075 7301375.2604, -13261734.8273 7301398.2937, -13261757.1007 7301431.59089999, -13261810.7783 7301421.8085, -13261809.0538 7301475.6712, -13261840.9823 7301485.9863, -13261838.3832 7301523.7267, -13261859.0908 7301576.6533, -13261917.5539 7301497.0011, -13261948.8175 7301553.9197, -13261950.6489 7301617.7227, -13261927.0412 7301655.1018, -13261937.9857 7301687.5292, -13261892.5679 7301703.9837, -13261872.4698 7301729.0993, -13261839.2822 7301728.1636, -13261828.3005 7301756.3735, -13261795.559 7301778.6037, -13261783.8514 7301776.9584, -13261773.6465 7301745.5423, -13261723.5316 7301785.936, -13261736.5147 7301868.3013, -13261712.6781 7301915.7595, -13261708.4555 7301995.9997, -13261842.3157 7302089.1558, -13261857.7469 7302127.9938, -13261891.1302 7302153.8768, -13261952.027 7302180.3257, -13262072.6147 7302202.9362, -13262073.4426 7301959.3898, -13262108.9052 7301954.7134, -13262161.5904 7301893.4816, -13262186.2825 7301885.3655, -13262208.7725 7301807.473, -13262239.6181 7301837.6982, -13262282.2463 7301826.8441, -13262287.4883 7301843.8428, -13262267.5611 7301852.0998, -13262300.2858 7301894.9625, -13262308.6192 7301992.8344, -13262373.3678 7302037.3295, -13262339.7092 7302082.9444, -13262339.932 7302128.6984, -13262352.7055 7302132.3522, -13262354.0932 7302154.1206, -13262366.0021 7302165.406, -13262391.6763 7302133.9412, -13262429.9116 7302156.0902, -13262450.4129 7302132.5024, -13262451.113 7302134.199, -13262449.6102 7302127.8176, -13262450.4129 7302132.5024, -13262448.6275 7302128.1766, -13262449.6813 7302120.5461, -13262454.3541 7302109.8457, -13262495.7736 7302099.4131, -13262488.7344 7302145.3429, -13262456.6696 7302195.7849, -13262505.1309 7302244.2867, -13262535.9401 7302315.2664, -13262526.6703 7302368.1572, -13262481.3965 7302395.3316, -13262475.477 7302423.4093, -13262384.1098 7302487.0406, -13262397.3545 7302553.4264, -13262386.9381 7302660.3951, -13262360.6375 7302730.6379, -13262377.0053 7302761.9876, -13262361.1275 7302804.7156, -13262369.8264 7302881.7173, -13262410.3258 7302973.2862, -13262425.9068 7302987.5202, -13262454.0468 7302982.1807, -13262561.4639 7302918.1686, -13262604.5376 7302936.9806, -13262650.891 7302932.702, -13262733.4896 7302836.6106, -13262684.4009 7302785.5827, -13262710.6991 7302709.4214, -13262645.8865 7302542.6837, -13262652.3013 7302480.2873, -13262680.4047 7302500.1681, -13262677.1815 7302526.6817, -13262746.1834 7302647.3888, -13262736.7287 7302671.6262, -13262763.0269 7302717.0493, -13262798.6888 7302715.4239, -13262792.4085 7302693.2084, -13262822.8002 7302661.86819999, -13262815.5958 7302631.3868, -13262843.641 7302587.8632, -13262843.3914 7302563.8678, -13262929.8154 7302533.5636, -13262964.0664 7302552.8026, -13262954.5796 7302638.2326, -13262912.4776 7302718.9267, -13262885.7972 7302709.0004, -13262839.6536 7302792.4878, -13262814.5236 7302772.8925, -13262763.6387 7302805.0481, -13262809.5781 7302895.9309, -13262820.6257 7302956.9748, -13262814.9529 7302991.3806, -13262789.6785 7303039.2156, -13262771.1941 7303037.9213, -13262769.6675 7303063.1752, -13262808.5278 7303097.1373, -13262837.1622 7303090.0015, -13262883.6789 7303121.3824, -13263041.2796 7303069.0346, -13263088.7856 7303132.287, -13263077.8812 7303151.5104, -13263135.1631 7303176.4996, -13263149.0753 7303228.7317, -13263207.8873 7303263.2417, -13263205.7435 7303314.345, -13263223.8222 7303358.787, -13263257.1195 7303328.7719, -13263268.4682 7303293.2331, -13263319.8942 7303291.8994, -13263335.8769 7303316.2597, -13263373.7016 7303326.7608, -13263386.5801 7303312.3873, -13263368.0113 7303261.5259, -13263399.6116 7303271.6171, -13263402.4417 7303294.2807, -13263419.9905 7303297.5867, -13263502.3655 7303269.7687, -13263521.2266 7303301.8196, -13263555.0127 7303317.7198, -13263560.7639 7303339.0396, -13263600.9365 7303358.2874, -13263638.5111 7303363.5997, -13263674.023 7303347.9772, -13263678.7105 7303365.8883, -13263650.3568 7303390.4231, -13263668.65 7303420.37169999, -13263648.6659 7303473.244, -13263669.9819 7303499.6599, -13263691.205 7303494.1382, -13263720.7505 7303508.9435, -13263756.5774 7303488.3489, -13263776.7673 7303508.0376, -13263806.1055 7303512.0253, -13263829.8924 7303507.8131, -13263831.2769 7303496.6698, -13263857.2922 7303504.6662, -13263851.4707 7303531.8483, -13263913.9919 7303560.5201, -13263933.5764 7303557.1238, -13263907.8647 7303601.8275, -13263846.7383 7303587.0847, -13263855.8446 7303652.8579, -13263904.7284 7303702.5241, -13263891.7142 7303743.4538, -13263863.2017 7303748.9543, -13263868.9478 7303805.4875, -13263851.9935 7303818.5337, -13263852.4359 7303815.9317, -13263848.7115 7303820.5908, -13263851.9935 7303818.5337, -13263864.197 7303902.3037, -13263860.5995 7303898.36, -13263864.2987 7303902.5404, -13263864.197 7303902.3037, -13263864.7185 7303902.8757, -13263866.1603 7303908.0049, -13263865.8884 7303920.3638, -13263932.9297 7303903.2294, -13263930.4056 7303953.5911, -13263907.9587 7303970.6796, -13263863.4443 7303972.9983, -13263879.9895 7304008.3742, -13263864.8501 7304038.3268, -13263835.5801 7304008.1104, -13263801.7951 7303996.3156, -13263774.3534 7304040.3828, -13263714.2008 7303973.979, -13263719.7725 7303936.118, -13263705.0162 7303925.3245, -13263669.5979 7303932.5955, -13263657.9981 7303873.7511, -13263619.4755 7303856.9682, -13263625.9857 7303870.6964, -13263608.7841 7303882.049, -13263607.8892 7303905.61370001, -13263556.3738 7303953.4005, -13263586.7573 7303970.5028, -13263568.3 7304021.4226, -13263669.2111 7304063.6891, -13263692.9281 7304104.1361, -13263685.9916 7304125.7318, -13263728.7766 7304165.8433, -13263737.9525 7304193.5167, -13263823.7071 7304196.4157, -13263844.9746 7304215.1404, -13263889.5506 7304224.0511, -13263876.2811 7304244.8807, -13263882.8781 7304277.5309, -13263964.0458 7304246.8884, -13263982.2418 7304277.0272, -13263953.9041 7304277.7241, -13263936.0197 7304307.3015, -13263918.0458 7304306.5638, -13263907.7686 7304347.8831, -13264035.4252 7304415.128, -13264082.887 7304404.3262, -13264091.7549 7304376.5607, -13264113.4514 7304402.522, -13264153.3416 7304397.80479999, -13264185.8654 7304418.7337, -13264202.6378 7304395.3498, -13264279.4424 7304407.0486, -13264296.5033 7304393.4933, -13264310.988 7304408.8605, -13264426.398 7304410.0461, -13264444.2418 7304423.8567, -13264487.0016 7304360.4731, -13264505.0557 7304381.75, -13264536.6478 7304364.8485, -13264615.0457 7304377.1023, -13264643.3797 7304360.19, -13264662.0196 7304377.2398, -13264717.9615 7304382.5708, -13264775.9939 7304386.9776, -13264800.9894 7304368.6732, -13264809.7806 7304382.7442, -13264903.3444 7304372.2832, -13264952.2029 7304385.6092, -13265029.8482 7304352.6671, -13265023.0437 7304404.7878, -13265058.2399 7304432.438, -13265090.8258 7304403.8277, -13265101.3705 7304419.7588, -13265133.334 7304413.1473, -13265144.0252 7304423.3403, -13265148.4069 7304411.4547, -13265159.974 7304422.9239, -13265157.4474 7304406.8606, -13265204.3529 7304427.5296, -13265223.8806 7304417.9733, -13265256.6409 7304429.2395, -13265274.1717 7304402.6109, -13265297.5917 7304413.7442, -13265343.8139 7304408.0574, -13265434.7315 7304299.108, -13265528.5539 7304358.8892, -13265554.0558 7304391.2163, -13265560.8012 7304368.5555, -13265582.5246 7304366.4394, -13265661.2721 7304268.4478, -13265652.5982 7304246.0221, -13265662.8567 7304239.0936, -13265675.6492 7304276.8439, -13265735.5802 7304284.0991, -13265760.9639 7304261.6691, -13265819.7745 7304244.608, -13265857.9282 7304208.7787, -13265852.88 7304263.1018, -13265875.0306 7304288.1855, -13265883.1088 7304280.8593, -13265947.7055 7304312.4917, -13265966.5182 7304285.0017, -13265962.7417 7304265.3338, -13265977.9849 7304257.6142, -13266030.3646 7304290.9524, -13266042.3376 7304310.8497, -13266025.9884 7304334.3009, -13266020.2278 7304332.2279, -13266024.6951 7304335.0399, -13266025.9884 7304334.3009, -13266053.0068 7304361.6841, -13266070.0016 7304357.2794, -13266071.1398 7304343.9852, -13266094.6213 7304360.5587, -13266119.9647 7304350.3062, -13266135.5429 7304395.80919999, -13266164.751 7304409.5801, -13266168.9019 7304377.315, -13266188.9325 7304384.4535, -13266185.8112 7304355.2975, -13266200.5064 7304357.13359999, -13266212.813 7304317.4347, -13266239.6695 7304317.1716, -13266257.7958 7304352.5417, -13266298.0511 7304362.776, -13266285.6461 7304370.22559999, -13266302.0642 7304377.4925, -13266338.3662 7304370.8398, -13266341.7009 7304339.9596, -13266365.3649 7304351.3989, -13266368.8902 7304386.0849, -13266422.7741 7304369.4634, -13266426.125 7304340.4337, -13266457.2098 7304322.9556, -13266495.2156 7304268.3005, -13266575.5746 7304281.5574, -13266611.4548 7304263.77, -13266681.3241 7304277.2806, -13266698.9503 7304266.6958, -13266712.4596 7304235.8104, -13266699.6815 7304202.1924, -13266718.5753 7304192.4627, -13266718.8556 7304174.8009, -13266696.7688 7304165.7608, -13266697.9499 7304135.1305, -13266683.0205 7304127.6866, -13266654.6824 7304139.5674, -13266623.6396 7304105.0951, -13266616.4166 7304070.5122, -13266573.657 7304018.7539, -13266582.2796 7303990.8111, -13266518.6408 7303970.9102, -13266526.2476 7304023.663, -13266505.9574 7304010.3064, -13266477.2854 7304027.2983, -13266467.7387 7304008.5807, -13266470.785 7304012.1582, -13266469.8644 7304006.8203, -13266467.7387 7304008.5807, -13266461.369 7304001.9883, -13266468.0952 7304006.2009, -13266457.7893 7303993.745, -13266461.369 7304001.9883, -13266424.8086 7303998.5521, -13266418.5505 7304029.8635, -13266508.8391 7304133.8067, -13266509.3333 7304141.531, -13266509.8717 7304134.65380001, -13266508.8391 7304133.8067, -13266517.1244 7304110.4653, -13266560.5981 7304123.4944, -13266581.6787 7304112.1455, -13266564.8041 7304144.8616, -13266527.8438 7304157.5897, -13266531.5169 7304195.2661, -13266527.2083 7304184.1905, -13266510.0412 7304200.8236, -13266453.7361 7304199.0294, -13266369.6816 7304129.0932, -13266345.5095 7304143.1386, -13266335.4662 7304105.2579, -13266305.1428 7304105.5437, -13266270.9752 7304065.8412, -13266243.2479 7304094.6776, -13266211.8563 7304059.6972, -13266184.8319 7304074.0704, -13266170.7119 7304037.6244, -13266065.1443 7304037.0008, -13266055.2661 7304052.4719, -13266030.8897 7304028.3396, -13265986.3186 7304021.2607, -13265997.9705 7304010.7834, -13265987.89 7303955.6802, -13266040.2889 7303937.1135, -13266030.2983 7303897.1087, -13266052.3986 7303897.549, -13266070.5544 7303870.8453, -13266044.3921 7303842.8058, -13266074.7734 7303841.5831, -13266077.3414 7303814.3306, -13266107.7782 7303818.0778, -13266095.0787 7303833.92890001, -13266130.3159 7303858.0805, -13266138.7615 7303822.7173, -13266199.1572 7303837.8289, -13266222.8271 7303825.4847, -13266224.1406 7303790.5751, -13266203.3144 7303776.1532, -13266244.3979 7303779.0321, -13266262.2169 7303800.4672, -13266259.3232 7303781.54, -13266275.2212 7303776.486, -13266272.4874 7303778.3221, -13266269.7859 7303785.214, -13266275.2212 7303776.486, -13266300.2584 7303760.5742, -13266312.7268 7303701.7351, -13266365.3099 7303701.5964, -13266359.269 7303670.3983, -13266335.4936 7303671.1842, -13266344.0648 7303644.0164, -13266332.8776 7303615.6258, -13266368.9893 7303626.5836, -13266396.5313 7303598.3681, -13266382.3066 7303630.698, -13266416.5628 7303664.5654, -13266394.064 7303663.085, -13266402.2691 7303699.9877, -13266468.3391 7303696.9916, -13266430.5528 7303627.9718, -13266433.4386 7303627.033, -13266436.4639 7303627.2513, -13266437.1439 7303620.3305, -13266433.4386 7303627.033, -13266431.2542 7303626.8753, -13266430.5528 7303627.9718, -13266448.7949 7303583.668, -13266484.0472 7303573.3846, -13266497.0597 7303584.8531, -13266528.6477 7303543.7205, -13266541.6034 7303621.598, -13266561.2615 7303625.0688, -13266577.283 7303608.2983, -13266595.8432 7303634.8112, -13266617.1625 7303626.0745, -13266633.0127 7303636.6009, -13266682.0746 7303611.6999, -13266708.4925 7303622.4626, -13266709.2181 7303607.5612, -13266753.0733 7303647.5478, -13266782.6673 7303648.0121, -13266801.1003 7303613.8026, -13266812.8046 7303615.5604, -13266807.2215 7303654.6303, -13266861.9852 7303675.5499, -13266881.0348 7303663.062, -13266892.8755 7303687.1274, -13266944.2661 7303719.9523, -13266974.6661 7303687.5601, -13266955.8683 7303644.5581, -13266978.3673 7303652.1254, -13266996.0759 7303638.0746, -13267031.0388 7303650.7599, -13267080.9152 7303499.2211, -13267054.2001 7303484.9897, -13267086.932 7303453.0635, -13267050.5312 7303372.0677, -13267044.4594 7303320.2508, -13267067.0293 7303325.3417, -13267074.5627 7303302.7989, -13267183.7593 7303317.1157, -13267184.6645 7303290.6726, -13267193.6853 7303299.6369, -13267215.2719 7303277.3342, -13267194.9278 7303198.5496, -13267228.223 7303180.4532, -13267260.8229 7303181.2663, -13267333.9591 7303113.9725, -13267348.235 7303076.1175, -13267331.714 7303052.8792, -13267362.417 7303016.9298, -13267352.1074 7302994.3217, -13267370.0707 7303001.5853, -13267378.8805 7302979.3796, -13267421.32 7302991.7231, -13267452.1397 7302980.0684, -13267442.1455 7302996.6936, -13267467.381 7303030.2857, -13267462.0582 7303061.2095, -13267486.2278 7303079.8012, -13267501.6028 7303075.545, -13267512.9948 7303098.4613, -13267528.4847 7303100.7578, -13267521.8032 7303131.4377, -13267542.8624 7303153.9916, -13267567.5374 7303143.5932, -13267560.6889 7303156.809, -13267577.594 7303186.4938, -13267637.8534 7303224.9891, -13267608.7551 7303257.0311, -13267606.2697 7303256.014, -13267608.3634 7303261.1664, -13267608.7551 7303257.0311, -13267635.4264 7303344.4012, -13267631.2986 7303341.2779, -13267628.3319 7303343.3624, -13267621.4668 7303340.8195, -13267623.2274 7303348.408, -13267628.3319 7303343.3624, -13267635.1259 7303351.4875, -13267635.4264 7303344.4012), (-13264516.6453 7310501.3551, -13264513.4322 7310503.7893, -13264363.3028 7310425.2341, -13263958.853 7310417.3067, -13263660.4164 7310584.2009, -13263224.8028 7310588.7403, -13262908.7433 7310277.1774, -13262808.9064 7309846.2632, -13262615.0487 7309623.3608, -13262361.4002 7309467.9211, -13262331.4562 7309320.5448, -13262189.2968 7308892.1817, -13261960.5806 7308618.0916, -13261823.5138 7308636.8493, -13261715.7229 7308611.2643, -13261640.6266 7308538.2904, -13261448.8318 7308540.5745, -13261287.778 7308496.2821, -13261209.8005 7308502.6732, -13261079.0782 7308485.6263, -13260976.7515 7308454.4213, -13260851.0071 7308504.9314, -13260700.8482 7308528.7683, -13260642.7732 7308619.8412, -13260562.2861 7308707.2686, -13260388.2923 7308819.8644, -13260217.2519 7308868.2684, -13260010.1929 7308863.5084, -13259868.483 7308819.8644, -13259740.3834 7308745.0769, -13259632.6014 7308643.0631, -13259542.1076 7308501.0366, -13259387.918 7308542.5021, -13259210.1968 7308542.5019, -13259039.1635 7308494.1001, -13258889.4459 7308402.3196, -13258634.1673 7308441.2808, -13258394.3255 7308338.1871, -13258353.9599 7308205.6758, -13258206.1555 7308168.1014, -13258074.7801 7308099.2847, -13257962.454 7308002.33910001, -13257852.8382 7307839.0514, -13257820.3296 7307825.2624, -13257697.3509 7307861.1942, -13257549.4704 7307871.4074, -13257403.1453 7307847.6604, -13257292.3674 7307804.9886, -13257127.5239 7307688.123, -13257070.6682 7307691.4497, -13256870.7605 7307543.3806, -13256784.8855 7307346.0407, -13256840.3958 7307204.3398, -13257033.6577 7306873.534, -13257127.8095 7306665.6813, -13256973.3751 7306568.2209, -13256367.9206 7306571.6631, -13256289.4742 7306501.6995, -13256090.8451 7306374.8575, -13255809.3585 7306284.7942, -13255673.0445 7306133.0122, -13255588.9483 7306148.5652, -13255412.0131 7306212.1247, -13255251.205 7306370.5822, -13255393.6738 7306628.5112, -13255339.3724 7306791.4195, -13255230.2707 7306925.5745, -13255147.3961 7306962.3525, -13254999.1329 7306970.9886, -13254976.5924 7307132.0513, -13254881.8935 7307148.2158, -13254730.4161 7307284.8367, -13254877.3238 7307436.0407, -13255057.7299 7307798.3115, -13255317.9603 7308070.7316, -13255492.9727 7308156.39239999, -13255975.7694 7308234.743, -13256268.0194 7308143.118, -13256545.7807 7308350.5753, -13256538.8945 7308414.889, -13256908.912 7308563.6878, -13256891.2688 7308990.8169, -13256853.8428 7309078.228, -13256773.426 7309157.501, -13257019.4572 7309366.8251, -13257660.0023 7309414.5478, -13258064.347 7309603.9155, -13258307.325 7309760.1218, -13258421.9461 7309902.5504, -13258588.877 7310212.3781, -13258925.9559 7310522.8741, -13259509.8986 7310509.8505, -13259883.8301 7310359.98439999, -13260208.5136 7310276.9321, -13260348.1058 7310300.6697, -13260458.4091 7310368.7503, -13260774.3703 7310499.2838, -13261290.3877 7310596.6835, -13261880.6111 7310870.8031, -13262303.2322 7311186.7795, -13262328.803 7311259.8576, -13262479.0607 7311464.0841, -13262649.2651 7311645.8186, -13262721.5554 7311609.5659, -13262874.2231 7311493.9543, -13263076.7283 7311322.1054, -13263034.9142 7311154.0882, -13263089.0811 7310991.0396, -13263280.3471 7310809.2068, -13263726.4915 7310622.8986, -13264106.6229 7310579.0077, -13264333.4965 7310640.1086, -13264513.4322 7310503.7893, -13264527.8679 7310511.3427, -13264516.6453 7310501.3551)), ((-13256943.5655 7322589.3137, -13256806.5076 7322652.5333, -13256618.5232 7322681.9325, -13256453.9124 7322587.3015, -13256354.6087 7322458.1859, -13256334.2296 7322318.3245, -13256357.2496 7322188.1933, -13256435.5068 7322060.9665, -13256693.0927 7321966.177, -13256811.0898 7321996.0663, -13256944.1333 7322074.1331, -13257025.1472 7322204.306, -13257076.0292 7322342.3776, -13256956.831 7322606.9359, -13256943.5655 7322589.3137)), ((-13241420.6525 7307638.5742, -13241290.6426 7307576.185, -13241297.835 7307516.6125, -13241366.9533 7307508.48260001, -13241421.2716 7307537.1105, -13241921.1108 7307502.5191, -13241930.0991 7308036.6383, -13241413.736 7308040.4668, -13241420.6525 7307638.5742)))"
3,20822,810,2023-10-15 06:33:14,EWF031, ,201981.5,2023-06-29,2000,1 - non-corrected ground GPS,Wildfire,Under Control,2023/07/21 15:00:00,E,201913.0,1683206460000,Lightning,5,f69fda5b-f29a-4526-ba83-2df9ca0d218e,5642772514.33594,1180320.89223007,"POLYGON ((-12959587.2141 7081924.2443, -12959543.279 7081910.4302, -12959524.5838 7081961.8277, -12959501.8177 7081972.8339, -12959509.206 7082009.2221, -12959531.7192 7082022.6448, -12959547.5558 7082016.2466, -12959551.9583 7082028.493, -12959514.938 7082024.7997, -12959480.561 7082005.7139, -12959465.8002 7082032.4223, -12959434.1517 7082008.4902, -12959430.9727 7081964.8571, -12959408.3061 7081932.8309, -12959326.4361 7081900.279, -12959329.4816 7081855.941, -12959306.305 7081849.3965, -12959302.5717 7081892.8435, -12959285.9744 7081877.1427, -12959292.0374 7081862.0329, -12959246.0457 7081867.5648, -12959220.6416 7081836.732, -12959242.7987 7081788.7158, -12959195.5468 7081704.2216, -12959206.5724 7081690.9953, -12959191.5399 7081691.2637, -12959205.2705 7081680.9181, -12959199.8349 7081612.2624, -12959278.7666 7081544.5762, -12959266.8405 7081507.5574, -12959248.3909 7081515.8889, -12959232.91 7081498.318, -12959210.0498 7081518.0913, -12959222.0654 7081493.9099, -12959214.1504 7081470.569, -12959190.8434 7081464.3135, -12959195.3635 7081448.6738, -12959175.5064 7081416.6856, -12959148.6007 7081407.0264, -12959146.0012 7081374.6769, -12959156.3014 7081366.9601, -12959144.4219 7081313.9324, -12959110.9205 7081305.2194, -12959085.9523 7081361.2282, -12959075.122 7081324.824, -12959052.6182 7081320.6681, -12959060.7283 7081293.8435, -12959025.2113 7081273.9796, -12959025.2854 7081258.3095, -12958990.2835 7081265.5818, -12958982.1151 7081255.7103, -12958969.3914 7081272.1325, -12958940.4704 7081258.816, -12958934.8687 7081269.6916, -12958939.2941 7081246.8282, -12958898.1317 7081242.5987, -12958905.5202 7081223.8878, -12958930.8687 7081214.2826, -12958928.2656 7081186.6343, -12959012.8423 7081199.2393, -12959021.0535 7081183.7713, -12959046.0651 7081182.428, -12959067.2836 7081163.4933, -12959058.5196 7081149.6048, -12959072.4633 7081128.3925, -12959050.8047 7081089.44, -12959018.9036 7081099.418, -12959009.0056 7081124.6944, -12958957.0281 7081111.7847, -12958960.1983 7081087.8305, -12958939.6483 7081088.3287, -12958944.7449 7081056.7108, -12958858.3219 7081045.5336, -12958876.0805 7081015.963, -12958855.0388 7080984.9742, -12958830.7402 7081006.6871, -12958842.3309 7081040.6929, -12958821.9668 7081036.6773, -12958820.0829 7081016.0756, -12958788.0548 7080978.62520001, -12958825.371 7080964.5874, -12958813.6042 7080920.0039, -12958861.7788 7080921.3566, -12958884.7615 7080902.4638, -12958945.2861 7080913.32, -12958940.5457 7080880.1918, -12958965.3628 7080864.6818, -12958971.3423 7080843.8605, -12958965.66 7080827.5788, -12958939.7402 7080834.346, -12958933.5359 7080812.0547, -12958890.8279 7080791.7781, -12958854.7808 7080815.4957, -12958835.5004 7080784.7673, -12958857.21 7080764.6183, -12958903.5654 7080783.2415, -12958926.3875 7080763.0655, -12959054.689 7080785.6257, -12959084.3807 7080767.4144, -12959074.7739 7080711.3783, -12959020.0712 7080713.4664, -12958989.7439 7080681.6682, -12958961.205 7080686.2511, -12958945.0652 7080672.1275, -12958900.9951 7080705.6745, -12958872.5493 7080749.7081, -12958837.8444 7080761.4554, -12958829.5873 7080781.19300001, -12958802.7527 7080788.3673, -12958778.4385 7080821.6282, -12958698.3602 7080864.7979, -12958693.5064 7080879.5277, -12958666.4102 7080876.6461, -12958648.65 7080853.6298, -12958611.8995 7080848.9656, -12958600.7993 7080874.6574, -12958639.1158 7080888.5332, -12958641.0242 7080935.4745, -12958623.8267 7080946.097, -12958569.0762 7080920.6893, -12958551.2705 7080923.6138, -12958545.6872 7080946.0494, -12958511.7766 7080910.502, -12958477.2946 7080897.3248, -12958501.6576 7080833.2365, -12958483.1991 7080821.2695, -12958491.0902 7080811.846, -12958465.4079 7080784.5898, -12958472.0422 7080771.597, -12958456.0424 7080748.0499, -12958440.7656 7080754.917, -12958420.2938 7080739.2579, -12958437.1348 7080719.1867, -12958425.3394 7080698.5142, -12958441.4428 7080673.9383, -12958489.0423 7080656.9091, -12958493.7306 7080632.4339, -12958528.3857 7080639.5358, -12958515.4894 7080611.9815, -12958546.6635 7080617.5152, -12958560.5506 7080660.2202, -12958585.4316 7080655.6235, -12958599.28 7080570.9162, -12958656.602 7080545.8408, -12958654.2554 7080488.0021, -12958607.5848 7080463.5623, -12958609.4902 7080413.0758, -12958585.1744 7080383.9428, -12958595.5469 7080368.7551, -12958580.7952 7080332.7568, -12958555.8463 7080318.7763, -12958594.229 7080272.4034, -12958579.6953 7080248.2334, -12958545.1723 7080232.1009, -12958553.4578 7080213.271, -12958482.4316 7080200.5589, -12958470.0699 7080232.2545, -12958475.8235 7080295.1189, -12958435.2772 7080288.0375, -12958425.097 7080327.3733, -12958376.0108 7080349.5355, -12958367.4326 7080367.4178, -12958339.5608 7080360.1727, -12958293.6924 7080322.0175, -12958243.1738 7080316.9628, -12958257.9447 7080257.3061, -12958249.4734 7080220.1738, -12958211.3583 7080158.9861, -12958211.8811 7080127.5541, -12958190.8123 7080111.1085, -12958165.912 7080127.7746, -12958130.5608 7080126.3783, -12958117.7203 7080107.4457, -12958072.3624 7080114.5467, -12958061.1247 7080137.8568, -12958015.1503 7080144.5547, -12958014.3123 7080201.4986, -12957979.6482 7080208.68509999, -12957975.946 7080257.0724, -12957952.9657 7080246.5361, -12957951.6818 7080259.1132, -12957920.3919 7080252.6714, -12957948.5303 7080203.5884, -12957941.5787 7080184.0194, -12957924.9584 7080179.2381, -12957944.6191 7080171.6294, -12957964.1949 7080139.7403, -12957936.5636 7080098.7485, -12957938.6525 7080068.1135, -12957988.0543 7080076.3347, -12958030.8613 7080034.2003, -12957988.8252 7079970.1187, -12958017.1958 7079926.7399, -12958001.6185 7079916.4117, -12957969.8511 7079922.3687, -12957935.162 7079890.9006, -12957970.7792 7079864.7585, -12957979.1514 7079839.3707, -12957989.7285 7079778.961, -12957973.1197 7079715.7629, -12957984.0002 7079692.3073, -12958074.2176 7079682.8599, -12958139.6349 7079706.732, -12958160.9864 7079692.5248, -12958210.8797 7079696.7545, -12958214.9803 7079682.8181, -12958290.1198 7079691.0255, -12958301.9198 7079667.1075, -12958239.4788 7079619.6815, -12958223.1406 7079548.0385, -12958173.7073 7079555.1771, -12958149.9533 7079545.8253, -12958146.6625 7079524.3599, -12958123.0268 7079527.2431, -12958128.1582 7079513.0017, -12958170.9826 7079519.1962, -12958176.7931 7079495.6972, -12958203.6629 7079508.4041, -12958217.3775 7079499.5649, -12958212.5436 7079467.8655, -12958197.8214 7079468.0849, -12958197.1333 7079439.0032, -12958160.6247 7079429.1039, -12958146.7803 7079406.2706, -12958162.017 7079396.2766, -12958152.5815 7079358.3692, -12958162.6348 7079289.2422, -12958204.2106 7079252.9525, -12958189.5671 7079232.6077, -12958196.1206 7079210.6464, -12958153.8552 7079224.3679, -12958166.89 7079198.1712, -12958174.4503 7079195.9419, -12958167.7967 7079197.6611, -12958166.89 7079198.1712, -12957112.2468 7079509.0819, -12956831.4791 7079434.8542, -12956536.4334 7079328.6115, -12956314.3239 7079229.8217, -12956028.0664 7078994.1216, -12955597.189 7078536.2923, -12955024.6375 7077792.5368, -12954781.8845 7077536.6108, -12954886.2238 7077347.6604, -12954860.2462 7077324.348, -12954827.0812 7077316.7247, -12954799.8552 7077327.3392, -12954788.9136 7077314.45579999, -12954723.7867 7077379.1165, -12954694.6929 7077367.1824, -12954688.2674 7077347.4861, -12954803.6312 7077072.8411, -12954758.6328 7077053.6191, -12954725.306 7077071.917, -12954714.6074 7077110.462, -12954684.6729 7077107.8909, -12954670.5746 7077132.3708, -12954625.4121 7077144.9936, -12954613.8366 7077114.6825, -12954584.3289 7077098.7355, -12954548.8671 7077112.0144, -12954514.1104 7077092.5471, -12954515.4379 7076906.9029, -12954544.503 7076862.2666, -12954621.2275 7076797.9777, -12954613.1749 7076757.071, -12954568.2657 7076796.18860001, -12954481.65 7076820.7663, -12954407.529 7076893.7607, -12954367.3382 7076909.1416, -12954346.5844 7076897.3327, -12954323.5918 7076846.1116, -12954349.1524 7076800.392, -12954366.3919 7076802.3381, -12954380.0369 7076787.2811, -12954364.4887 7076791.7232, -12954304.2155 7076731.3609, -12954174.2941 7076722.8611, -12954082.0402 7076634.5063, -12954037.1332 7076646.5355, -12954010.3937 7076673.8699, -12953952.2696 7076684.2714, -12953839.5345 7076626.1587, -12953844.0953 7076582.8571, -12953882.6221 7076523.3045, -12953885.3129 7076489.0336, -12953973.3989 7076357.6203, -12954021.2934 7076352.3489, -12954078.2256 7076311.1264, -12954160.7899 7076286.1298, -12954207.5761 7076227.7158, -12954190.6329 7076214.2949, -12954183.0055 7076169.471, -12954124.3169 7076150.6975, -12954104.7543 7076107.5463, -12954010.0527 7076108.3324, -12953953.5631 7076091.0151, -12953911.8676 7076099.7678, -12953886.5064 7076073.5266, -12953846.1377 7075967.2523, -12953901.9879 7075938.9189, -12953921.4084 7075906.1641, -12953896.2068 7075864.241, -12953911.0067 7075816.1423, -12953883.2773 7075782.9978, -12953876.3915 7075729.4624, -12953940.0048 7075713.1718, -12953951.4541 7075670.7803, -12953923.835 7075619.2014, -12953886.9798 7075639.4738, -12953870.4445 7075625.87039999, -12953872.451 7075607.7462, -12953820.5113 7075621.1072, -12953770.4555 7075560.7476, -12953727.6818 7075455.9731, -12953675.94 7075403.3311, -12953648.8651 7075321.9111, -12953582.7806 7075232.9724, -12953567.0516 7075238.9142, -12953517.2851 7075210.6056, -12953480.2552 7075207.4064, -12953475.8928 7075124.4919, -12953463.9829 7075113.3237, -12953427.4951 7075128.762, -12953422.618 7075090.2656, -12953400.9566 7075062.5474, -12953344.3119 7075048.4363, -12953355.08 7075001.6131, -12953314.0421 7074984.7504, -12953294.9135 7074994.6773, -12953263.5813 7074960.8778, -12953231.1062 7074982.8414, -12953221.9781 7075011.9204, -12953201.7018 7074992.6259, -12953187.1282 7075029.1333, -12953116.0845 7074988.8313, -12953067.3723 7075004.4441, -12953062.083 7075046.7589, -12953025.6842 7075036.0007, -12953008.9362 7075072.7118, -12952983.566 7075086.2422, -12952981.5526 7075123.6467, -12952964.7748 7075120.6242, -12952957.3393 7075134.2242, -12952929.5681 7075101.2446, -12952971.0085 7075057.2023, -12952944.6657 7075020.2863, -12952949.2409 7074996.2817, -12952898.3488 7074990.368, -12952875.4787 7074945.7367, -12952853.3758 7074959.2705, -12952834.5836 7074948.7063, -12952827.6178 7074899.7588, -12952780.8462 7074883.4651, -12952770.7528 7074894.439, -12952763.9556 7074879.5501, -12952732.9768 7074904.0345, -12952688.5355 7074901.4438, -12952641.4144 7074888.0956, -12952603.446 7074849.3784, -12952584.2739 7074868.6552, -12952588.8985 7074973.8373, -12952539.9444 7074982.5018, -12952556.3082 7074906.9479, -12952521.7904 7074895.9128, -12952511.6033 7074859.9329, -12952480.7995 7074847.81930001, -12952510.5669 7074812.4643, -12952479.5768 7074757.4436, -12952460.886 7074747.4256, -12952505.6003 7074701.1652, -12952483.257 7074648.5182, -12952386.0891 7074756.5357, -12952313.5184 7074790.523, -12952274.3621 7074770.8764, -12952227.6281 7074768.3992, -12952233.542 7074742.2219, -12952183.5035 7074724.5893, -12952165.415 7074686.1629, -12952101.782 7074730.7748, -12952037.9662 7074735.9675, -12952003.4358 7074640.2936, -12952034.8012 7074587.6935, -12952006.1204 7074575.2145, -12951946.712 7074592.0568, -12951917.375 7074629.813, -12951875.5736 7074613.0127, -12951855.2485 7074520.244, -12951787.1682 7074472.8602, -12951749.6633 7074399.9765, -12951730.4796 7074255.55259999, -12951738.2179 7074229.884, -12951794.2647 7074165.8318, -12951802.8254 7074120.928, -12951670.5087 7073913.4983, -12951665.7201 7073865.3268, -12951645.7138 7073854.8044, -12951655.753 7073853.5043, -12951644.6129 7073830.4708, -12951561.6668 7073738.7112, -12951540.2748 7073655.1559, -12951485.9091 7073626.2553, -12951472.1529 7073584.9171, -12951439.7196 7073548.8758, -12951397.4563 7073531.9114, -12951359.9188 7073542.5345, -12951361.6284 7073530.6381, -12951307.5225 7073497.6032, -12951249.3375 7073488.8564, -12951249.0174 7073500.0649, -12951241.3146 7073485.9308, -12951226.776 7073489.5929, -12951223.2797 7073463.3279, -12951172.2218 7073429.61159999, -12951154.6951 7073332.8721, -12951126.8135 7073325.6083, -12951145.0171 7073235.0113, -12951134.332 7073186.0155, -12951116.1935 7073167.5526, -12951121.4927 7073145.6403, -12951083.6968 7073146.1699, -12951058.646 7073118.2493, -12951015.5251 7073146.7139, -12950967.3521 7073122.3906, -12950960.1529 7073141.6746, -12950913.1283 7073152.9148, -12950894.5964 7073200.9532, -12950847.9346 7073244.8193, -12950864.3083 7073308.7076, -12950905.127 7073347.4992, -12950897.1724 7073362.2913, -12950906.9909 7073386.4913, -12950898.5875 7073445.2881, -12950855.6669 7073455.8766, -12950858.0691 7073514.4163, -12950840.3085 7073542.6853, -12950849.0192 7073567.0909, -12950815.1243 7073607.402, -12950734.0817 7073626.6458, -12950710.788 7073650.6769, -12950614.6531 7073583.3481, -12950582.2064 7073589.1772, -12950463.3852 7073562.6924, -12950385.8819 7073422.77619999, -12950171.5415 7073121.385, -12950172.4986 7072922.6594, -12950001.5365 7072759.1187, -12949853.6879 7072572.3969, -12949853.3157 7072537.3633, -12949786.1427 7072451.8861, -12949796.8607 7072414.7255, -12949763.7977 7072415.5247, -12949742.5908 7072385.106, -12949715.2404 7072375.9761, -12949702.2629 7072340.0979, -12949658.5054 7072324.4856, -12949649.5577 7072331.6768, -12949608.8679 7072290.2231, -12949563.999 7072297.1801, -12949518.1535 7072275.4479, -12949520.4184 7072268.2742, -12949516.2057 7072271.5238, -12949518.1535 7072275.4479, -12949483.2039 7072285.6877, -12949469.8364 7072271.0933, -12949470.0791 7072229.2046, -12949420.2007 7072232.7603, -12949398.2573 7072202.9015, -12949383.3468 7072215.4747, -12949373.0905 7072197.8529, -12949358.6683 7072199.2596, -12949368.3148 7072142.0296, -12949358.2465 7072146.0589, -12949359.7261 7072130.9539, -12949330.3825 7072104.2475, -12949372.596 7072036.6791, -12949373.1298 7072015.3611, -12949401.6813 7072005.5687, -12949403.302 7071957.4256, -12949414.82 7071956.8596, -12949429.1491 7071856.6765, -12949398.4639 7071806.7401, -12949335.585 7071819.3343, -12949306.275 7071737.0859, -12949255.9808 7071724.0214, -12949209.1127 7071637.431, -12949158.1192 7071643.8538, -12949101.616 7071681.7609, -12949069.8021 7071657.6357, -12949049.2601 7071613.6186, -12949071.411 7071578.141, -12949109.3945 7071553.4971, -12949204.1512 7071360.3372, -12949222.4178 7071255.4614, -12949169.038 7071157.2371, -12949183.5566 7071133.4879, -12949173.7465 7071118.349, -12949199.9656 7071083.6872, -12949788.0407 7070920.8361, -12949778.1014 7070884.4411, -12949818.0159 7070871.7526, -12949853.0646 7070830.8561, -12949830.9049 7070733.3361, -12949860.0186 7070678.011, -12949838.976 7070653.2165, -12949852.955 7070584.0369, -12949845.4433 7070566.8273, -12949875.6309 7070554.8208, -12949922.3078 7070582.5227, -12949976.9254 7070562.0126, -12949990.2147 7070533.5732, -12949995.154 7070534.26739999, -12949991.1142 7070530.4942, -12949990.2147 7070533.5732, -12949962.3996 7070503.8886, -12949947.5765 7070504.2878, -12949935.1571 7070464.17, -12949908.4709 7070459.8496, -12949866.8519 7070477.8986, -12949829.4588 7070455.6198, -12949833.4605 7070407.3503, -12949790.5002 7070337.2213, -12949797.2275 7070323.1357, -12949713.4876 7070330.427, -12949691.5219 7070289.9876, -12949659.9195 7070305.5961, -12949639.7614 7070273.1403, -12949606.3479 7070293.9256, -12949649.965 7070312.7279, -12949646.5831 7070361.9212, -12949624.6005 7070364.5327, -12949642.6848 7070382.1492, -12949640.5913 7070424.5934, -12949635.0008 7070411.3738, -12949602.9061 7070422.6033, -12949588.042 7070400.6892, -12949546.7287 7070414.6976, -12949507.0471 7070500.3651, -12949541.1682 7070521.5153, -12949520.6418 7070532.6488, -12949501.9679 7070523.9161, -12949513.3716 7070536.3528, -12949479.3459 7070568.3036, -12949426.8667 7070547.5785, -12949417.1971 7070567.7423, -12949406.5457 7070565.2732, -12949392.6762 7070546.5062, -12949402.9841 7070535.8009, -12949372.594 7070493.9333, -12949389.3727 7070495.6748, -12949369.8591 7070468.5799, -12949385.909 7070473.1111, -12949379.1106 7070458.678, -12949304.835 7070469.1039, -12949294.1681 7070407.0227, -12949316.8729 7070359.7813, -12949345.9038 7070350.6435, -12949343.9763 7070302.4942, -12949364.1645 7070296.4037, -12949356.6892 7070258.472, -12949369.0523 7070252.5939, -12949370.439 7070220.1155, -12949394.5809 7070235.012, -12949394.9433 7070196.5027, -12949449.3177 7070164.2444, -12949449.0024 7070147.2354, -12949431.9144 7070143.9323, -12949445.3711 7070113.7696, -12949453.5931 7070116.9236, -12949446.2404 7070111.8212, -12949445.3711 7070113.7696, -12949381.9169 7070105.1261, -12949344.3429 7070115.1112, -12949333.0376 7070134.2928, -12949327.8239 7070106.6229, -12949293.8026 7070100.89549999, -12949295.9926 7070087.1585, -12949256.6518 7070058.6407, -12949239.9335 7070028.4843, -12949208.5145 7070045.1523, -12949205.7114 7070068.0614, -12949176.3383 7070079.501, -12949152.4052 7070118.4075, -12949182.311 7070146.9562, -12949203.7061 7070139.0676, -12949240.8407 7070182.4642, -12949199.9152 7070190.0052, -12949208.7517 7070201.8072, -12949195.7348 7070212.2255, -12949181.8813 7070202.0468, -12949170.489 7070211.3695, -12949167.5255 7070199.999, -12949142.2319 7070244.2272, -12949118.8842 7070193.3783, -12949047.2188 7070191.8978, -12949025.1181 7070141.0989, -12949006.1888 7070151.5174, -12949006.7076 7070184.9662, -12948988.3412 7070202.1965, -12948959.7098 7070189.2871, -12948961.1518 7070178.0615, -12948946.169 7070184.1141, -12948928.4454 7070063.7652, -12948938.5432 7070033.812, -12948916.0839 7070033.8119, -12948917.6587 7070023.3135, -12948863.4399 7069986.0132, -12948851.18 7070003.0754, -12948845.886 7069992.4106, -12948832.1682 7069998.152, -12948824.4976 7069975.6748, -12948816.5827 7069992.9334, -12948798.759 7069992.3289, -12948773.9986 7069946.7565, -12948767.7809 7069965.1962, -12948743.3242 7069976.9108, -12948725.2658 7069951.0063, -12948734.2216 7069901.1077, -12948714.072 7069856.7861, -12948729.6086 7069836.5616, -12948743.1955 7069743.9278, -12948747.6113 7069756.2977, -12948772.3938 7069745.8594, -12948785.9936 7069659.379, -12948798.5786 7069644.637, -12948806.4823 7069651.22, -12948803.2573 7069580.3778, -12948795.3795 7069571.2177, -12948793.2045 7069584.2867, -12948769.318 7069550.1781, -12948735.0718 7069579.0582, -12948701.495 7069575.2669, -12948688.4044 7069605.0215, -12948614.1829 7069642.4602, -12948604.6579 7069636.904, -12948614.7486 7069622.7739, -12948597.2901 7069622.278, -12948570.457 7069570.0796, -12948563.4827 7069575.4005, -12948573.5226 7069557.1296, -12948585.4538 7069562.1046, -12948584.3553 7069538.5338, -12948623.3069 7069497.8403, -12948637.4796 7069504.8255, -12948630.4886 7069512.5399, -12948676.0458 7069515.6083, -12948717.2101 7069491.6183, -12948725.0595 7069465.1768, -12948708.64 7069446.0875, -12948713.9355 7069423.9571, -12948664.3506 7069386.6289, -12948666.7726 7069346.1317, -12948650.2237 7069330.6209, -12948649.6306 7069251.3726, -12948672.2707 7069225.7942, -12948659.3623 7069212.2312, -12948636.8419 7069218.6723, -12948637.237 7069194.9881, -12948656.3465 7069194.4413, -12948656.5533 7069165.451, -12948633.0055 7069170.6078, -12948635.4617 7069125.9753, -12948644.9312 7069123.5272, -12948632.1874 7069106.6395, -12948644.6326 7069098.8415, -12948629.698 7069069.1634, -12948638.1386 7069022.7758, -12948616.4851 7069021.1134, -12948613.6307 7069009.5683, -12948595.131 7069020.5522, -12948568.2259 7069011.4501, -12948566.8011 7068995.5388, -12948541.8923 7069010.3039, -12948535.4396 7068951.293, -12948520.1406 7068961.5721, -12948475.5741 7068934.1972, -12948482.4886 7068910.042, -12948466.9597 7068874.1075, -12948483.9251 7068854.803, -12948460.4627 7068867.8462, -12948461.9557 7068839.4673, -12948431.0199 7068833.4051, -12948429.4458 7068815.3739, -12948405.5855 7068815.5872, -12948414.5399 7068773.5873, -12948403.6313 7068781.5046, -12948397.4004 7068771.343, -12948376.3148 7068788.9766, -12948375.7411 7068771.3044, -12948351.8303 7068778.5375, -12948303.4372 7068730.7032, -12948316.9954 7068719.1848, -12948285.3506 7068717.0067, -12948278.863 7068689.848, -12948241.1399 7068707.5647, -12948234.5888 7068685.1986, -12948212.5591 7068701.1185, -12947901.017 7068766.6837, -12947045.6945 7067945.0679, -12946543.9739 7067539.3364, -12946320.2054 7067293.8971, -12946226.5811 7067158.3982, -12946120.566 7066968.0614, -12946010.0906 7066722.0132, -12945933.0564 7066521.6828, -12945898.9435 7066371.9947, -12945889.6781 7066175.6762, -12945903.8142 7065977.8038, -12945972.5907 7065624.7635, -12945993.0343 7065349.0551, -12945981.4084 7065176.4866, -12945924.2766 7064891.8887, -12945866.333 7064729.7076, -12945727.8751 7064486.8848, -12945533.61 7064231.59390001, -12945387.0342 7064087.2741, -12945308.6378 7064027.55170001, -12945179.9769 7063985.3169, -12945095.5809 7063995.6073, -12945020.7952 7064035.0541, -12944936.4265 7064145.4972, -12944945.0947 7064362.067, -12944920.0035 7064370.0863, -12944864.8887 7064432.9704, -12944801.4958 7064456.3169, -12944581.4502 7064477.4081, -12944029.3625 7064478.9587, -12943980.8343 7064552.8995, -12942780.3155 7064577.7586, -12942609.7578 7064598.8722, -12942453.3143 7064647.1084, -12942361.259 7064696.8934, -12942239.3689 7064791.9349, -12942011.1816 7065047.824, -12941921.573 7065206.8348, -12941866.6296 7065463.9736, -12941677.0318 7065627.385, -12941565.1031 7065634.6619, -12941299.8795 7065707.5902, -12941154.0905 7065718.1916, -12941058.9052 7065698.3822, -12940702.1114 7065568.9581, -12940530.378 7065545.7058, -12940455.288 7065568.9059, -12940332.8753 7065659.1858, -12940243.6559 7065674.9678, -12940122.4538 7065625.9391, -12939881.8552 7065401.3682, -12939831.9534 7065330.748, -12939762.6491 7065179.7747, -12939731.0861 7065142.3042, -12939683.2959 7065126.2033, -12939567.2412 7065129.9515, -12939517.7499 7065093.1572, -12939474.2855 7065004.1964, -12939415.1926 7064701.6374, -12939383.8497 7064636.70799999, -12939312.2279 7064552.3837, -12939057.3098 7064322.3439, -12938877.1489 7064179.4654, -12938756.6399 7064094.6535, -12938524.3257 7063969.3343, -12938469.8618 7063918.0592, -12938415.3947 7063821.7444, -12938419.8377 7063799.1753, -12938401.2683 7063773.2518, -12938391.3267 7063704.8271, -12938408.4463 7063610.57, -12938456.1919 7063552.8086, -12938422.2165 7063474.794, -12938344.2169 7063457.0013, -12938325.0825 7063435.7214, -12938266.3863 7063469.36590001, -12938220.088 7063474.5708, -12938153.5828 7063511.1838, -12938102.1721 7063520.2283, -12937948.8274 7063670.3111, -12937955.703 7063680.094, -12937912.3904 7063675.3591, -12937816.9756 7063722.4758, -12937796.426 7063762.61, -12937805.9188 7063806.21809999, -12937781.9597 7063826.019, -12937791.8712 7063886.3802, -12937731.2033 7063864.3154, -12937665.2882 7063916.0121, -12937603.3948 7063915.4734, -12937578.6239 7063900.1184, -12937493.1132 7063942.2188, -12937413.2216 7063906.7022, -12937326.1849 7063933.6959, -12937274.4709 7063898.5135, -12937281.9588 7063810.7873, -12937246.5917 7063761.2278, -12937212.2088 7063741.7152, -12937185.846 7063647.0649, -12937157.9921 7063626.3399, -12937115.945 7063623.6278, -12937094.817 7063597.8391, -12937055.3329 7063583.0195, -12937098.6066 7063577.9384, -12937121.7366 7063557.3016, -12937114.7171 7063525.269, -12937097.0262 7063512.6161, -12937100.7015 7063472.6005, -12937076.3072 7063454.2146, -12937055.4919 7063445.0682, -12936975.3536 7063460.9983, -12936904.2567 7063434.1932, -12936865.8246 7063447.845, -12936844.0585 7063515.2979, -12936860.3849 7063556.4318, -12936906.6101 7063600.2635, -12936889.1706 7063645.0353, -12936871.0488 7063644.7078, -12936829.7277 7063683.6431, -12936818.8981 7063685.8643, -12936807.729 7063662.3439, -12936772.8967 7063653.8975, -12936739.563 7063670.2146, -12936684.7918 7063664.8236, -12936658.3508 7063698.4219, -12936559.7058 7063691.5269, -12936036.9106 7063123.7192, -12935998.8254 7063126.3447, -12935483.2623 7063321.1599, -12934553.82 7063195.9547, -12934062.6571 7062387.333, -12933266.1552 7061588.6652, -12933245.534 7061550.3794, -12933200.2943 7061376.5072, -12933193.0871 7061071.4173, -12933172.5644 7060925.3379, -12933411.4217 7060843.3046, -12933425.6256 7060822.8019, -12933405.2969 7060826.6245, -12933368.9133 7060788.3792, -12933342.6996 7060797.9393, -12933299.8405 7060777.9406, -12933267.4464 7060779.7221, -12933266.8947 7060770.1859, -12933229.3215 7060799.726, -12933217.6554 7060780.7278, -12933175.8999 7060780.4967, -12933158.8497 7060719.7963, -12933136.5549 7060718.1106, -12933111.164 7060671.0057, -12933092.6146 7060672.4444, -12933098.1684 7060647.1962, -12933013.6908 7060595.1812, -12932958.5562 7060527.1525, -12932915.0503 7060536.728, -12932895.5623 7060564.5906, -12932863.0443 7060571.6005, -12932823.1292 7060511.1181, -12932788.5935 7060551.7014, -12932702.7913 7060568.3582, -12932655.6049 7060492.4963, -12932671.0404 7060475.2904, -12932653.6578 7060480.0529, -12932639.0662 7060436.1791, -12932604.5758 7060408.0928, -12932565.9173 7060419.8137, -12932542.0359 7060442.8373, -12932538.0297 7060463.9693, -12932561.3798 7060481.7474, -12932565.7171 7060530.66219999, -12932507.9048 7060535.163, -12932499.8859 7060545.90910001, -12932482.4068 7060532.048, -12932457.8006 7060553.5803, -12932451.8417 7060538.5014, -12932432.2052 7060547.2708, -12932433.4961 7060536.6209, -12932409.8804 7060551.0351, -12932371.4912 7060511.5127, -12932319.0391 7060534.7172, -12932310.3673 7060522.8828, -12932318.7368 7060544.903, -12932285.3145 7060552.8998, -12932269.8341 7060531.6844, -12932259.7372 7060538.0934, -12932264.1915 7060479.6232, -12932234.5247 7060475.2303, -12932243.286 7060445.2228, -12932200.0405 7060401.8899, -12932154.8064 7060443.0935, -12932071.0006 7060443.4296, -12932043.6165 7060473.9955, -12932007.0924 7060473.4698, -12932015.9148 7060567.4479, -12932026.5021 7060558.5909, -12932040.307 7060569.9225, -12932044.2598 7060595.8653, -12932037.6369 7060633.9644, -12932015.4119 7060630.1176, -12932018.9957 7060658.5008, -12932058.0005 7060684.95, -12932037.967 7060772.5475, -12932020.536 7060792.8795, -12932000.292 7060775.714, -12932025.0187 7060764.2455, -12932002.4697 7060737.6514, -12932006.3604 7060685.538, -12931992.4321 7060675.5854, -12931960.6635 7060686.2644, -12931922.2454 7060679.017, -12931905.8759 7060716.5504, -12931882.5289 7060705.0321, -12931879.7797 7060653.2791, -12931832.3617 7060662.3719, -12931827.8293 7060689.752, -12931775.6045 7060657.5843, -12931749.4394 7060662.8068, -12931743.5333 7060689.6578, -12931722.0683 7060669.1665, -12931669.7711 7060679.6484, -12931643.7019 7060665.2151, -12931634.1035 7060685.3323, -12931611.0245 7060654.327, -12931576.5632 7060647.5324, -12931590.1467 7060639.448, -12931584.062 7060625.5453, -12931544.3326 7060617.4677, -12931511.2327 7060581.9686, -12931466.2253 7060580.8538, -12931459.2076 7060594.7406, -12931420.3871 7060606.5111, -12931346.4268 7060589.9077, -12931327.8659 7060560.7789, -12931348.4214 7060484.2724, -12931251.0781 7060437.2303, -12931211.5071 7060435.4041, -12931196.2656 7060366.0372, -12931008.2882 7060356.9337, -12930956.7473 7060310.6779, -12930914.0964 7060318.0171, -12930900.1806 7060300.7096, -12930872.6672 7060310.6787, -12930874.9845 7060301.2157, -12930861.8503 7060327.4862, -12930818.0232 7060352.4099, -12930745.6937 7060364.308, -12930719.1808 7060352.5203, -12930659.4575 7060359.6791, -12930647.5881 7060342.101, -12930635.1506 7060363.3165, -12930582.302 7060362.3566, -12930576.5272 7060316.3741, -12930538.8181 7060329.8199, -12930457.871 7060305.8829, -12930403.2613 7060361.117, -12930381.0571 7060355.6288, -12930285.9956 7060227.8499, -12930292.2794 7060198.9097, -12930376.1664 7060128.2896, -12930381.5109 7060101.0845, -12930237.5202 7059988.1762, -12930128.984 7060044.6727, -12930068.0091 7060041.9323, -12930059.4864 7059926.2113, -12930068.8358 7059686.9367, -12930122.4597 7059685.6838, -12930114.621 7059703.183, -12930133.643 7059736.4059, -12930185.4637 7059694.1917, -12930227.915 7059718.6026, -12930252.8951 7059693.9184, -12930360.2457 7059747.1003, -12930390.3705 7059730.0353, -12930399.7963 7059686.0937, -12930362.3449 7059672.4299, -12930297.6909 7059673.05, -12930282.3478 7059637.08560001, -12930244.5994 7059646.5346, -12930218.6053 7059671.18110001, -12930157.4243 7059670.3935, -12930133.2596 7059624.674, -12930098.0117 7059603.8665, -12930068.2904 7059610.32549999, -12930018.2519 7059433.6014, -12930129.5416 7059373.038, -12930119.4261 7059341.2639, -12930025.1128 7059351.88, -12929917.0739 7059176.4784, -12929875.728 7059184.3724, -12929875.6063 7059158.218, -12929854.59 7059137.3334, -12929817.7705 7059131.5113, -12929801.0594 7059194.3109, -12929760.4408 7059203.2823, -12929733.1114 7059185.4979, -12929728.536 7059144.0305, -12929706.7427 7059114.5742, -12929605.0234 7059131.8261, -12929454.4279 7059076.9713, -12929403.5674 7059074.2788, -12929378.7135 7058961.0868, -12929340.9374 7058892.5595, -12929356.0274 7058820.5957, -12929322.5013 7058731.179, -12929312.9187 7058620.6326, -12929280.9183 7058568.1616, -12929294.3885 7058506.5847, -12929373.9191 7058347.1801, -12929614.9059 7058012.6706, -12929658.458 7057883.2126, -12929663.9581 7057793.3417, -12929650.9473 7057703.5528, -12929616.9701 7057620.8806, -12929562.5375 7057548.5753, -12929450.6551 7057459.0288, -12929282.8448 7057359.931, -12929112.7026 7057272.7592, -12928815.0806 7057148.9491, -12928742.7029 7057099.9765, -12928668.0312 7056995.6477, -12928572.7331 7056663.207, -12928502.529 7056553.3685, -12928397.5431 7056469.2034, -12928204.0135 7056355.7569, -12927981.576 7056203.4111, -12927911.5415 7056148.22909999, -12927858.3612 7056082.2324, -12927819.7231 7055963.42629999, -12927812.6419 7055731.184, -12927782.5366 7055667.7627, -12927695.2878 7055598.8126, -12927481.6172 7055525.9785, -12927190.5066 7055390.316, -12927014.258 7055344.7717, -12926881.0383 7055346.0523, -12926761.1585 7055384.4544, -12926696.2674 7055435.918, -12926641.8053 7055551.6356, -12926642.2988 7055789.7972, -12926610.7363 7055926.0225, -12926533.7992 7056041.9106, -12926416.7767 7056125.2234, -12926282.631 7056163.6648, -12926108.9092 7056169.8917, -12925912.8383 7056115.6298, -12925775.7018 7056038.5693, -12925702.3735 7055951.6434, -12925603.6241 7055745.0934, -12925513.3202 7055612.201, -12925356.149 7055467.1335, -12925128.4582 7055303.9999, -12925003.6264 7055163.1495, -12924733.5495 7054675.2395, -12924548.6801 7054416.3791, -12924510.0288 7054341.8425, -12924486.3641 7054222.5306, -12924515.1857 7053935.3896, -12924478.4413 7053812.2159, -12924398.1516 7053696.1832, -12924091.883 7053355.0028, -12923983.4313 7053254.5881, -12923902.6958 7053203.6259, -12923763.9826 7053168.4661, -12923667.8476 7053178.2373, -12923573.9058 7053213.2116, -12923298.2992 7053352.3534, -12923150.1044 7053402.3755, -12922999.4781 7053425.3573, -12922758.5313 7053412.1623, -12922625.192 7053379.6451, -12922508.7102 7053316.8474, -12922446.5731 7053254.9714, -12922290.417 7053041.5198, -12922155.5044 7052926.6797, -12921821.2227 7052784.1093, -12921154.9794 7052704.9938, -12920633.3237 7052613.9573, -12920483.9442 7052612.2498, -12920388.7085 7052626.3014, -12920300.3455 7052654.4242, -12920140.2188 7052733.345, -12920017.1986 7052762.6082, -12919889.6489 7052743.8987, -12919657.2815 7052626.2447, -12919579.2402 7052607.2475, -12919464.3856 7052610.8889, -12919429.3321 7052622.1361, -12919371.9312 7052667.8263, -12919339.409 7052734.6822, -12919330.4552 7052812.896, -12919338.073 7052891.9798, -12919368.9745 7052963.9073, -12919462.178 7053040.8606, -12919613.214 7053093.5761, -12919676.5984 7053129.3452, -12919702.578 7053155.1353, -12919733.9384 7053226.8895, -12919729.3776 7053366.6001, -12919672.107 7053710.027, -12919678.3317 7053910.9886, -12919749.4536 7054102.9203, -12919938.0173 7054374.7354, -12920327.1315 7056080.7721, -12920348.2076 7056313.8281, -12920471.1368 7056424.712, -12920665.7782 7056430.377, -12921264.3763 7056409.7471, -12921424.4944 7056434.24, -12921500.3146 7056495.8505, -12921542.0594 7056555.0133, -12921560.4532 7056625.3966, -12921559.486 7056699.5789, -12921506.1958 7056838.9632, -12921456.8461 7056896.4687, -12921394.6495 7056942.45, -12921200.0329 7057012.2643, -12920599.0574 7057130.8555, -12920495.1494 7057192.6869, -12920356.552 7057356.3387, -12920338.6699 7057396.0564, -12920323.269 7057771.8628, -12920334.0417 7057819.3556, -12920397.4374 7058000.5725, -12920646.9388 7058528.3353, -12920675.9408 7058644.5427, -12920664.9502 7058724.3872, -12920631.3982 7058801.613, -12920438.1256 7059186.6325, -12920403.9456 7059240.2918, -12920362.8552 7059273.5149, -12920313.33 7059286.2801, -12920252.1772 7059267.347, -12920090.2269 7059148.8753, -12919974.2894 7059088.8001, -12919833.688 7059054.645, -12919685.627 7059040.2301, -12919584.7149 7059052.3634, -12919486.8291 7059081.512, -12919174.5092 7059225.8383, -12919036.0244 7059265.4336, -12918889.8843 7059275.1287, -12918457.2221 7059252.9409, -12918228.7225 7059265.6879, -12918103.3211 7059250.8748, -12917997.9187 7059188.6832, -12917755.0938 7058926.2008, -12917518.7354 7058766.6937, -12917445.9034 7058701.4622, -12917198.105 7058326.5138, -12917060.1034 7058194.2266, -12916938.1638 7058124.7076, -12916556.1521 7057946.0002, -12915734.0937 7057505.6448, -12915642.0516 7057406.4849, -12915474.0057 7057140.2926, -12915378.2549 7057045.663, -12915303.2309 7056994.3011, -12914965.3826 7056839.5302, -12914550.4301 7056769.3415, -12914112.4991 7056598.6504, -12914032.7925 7056554.2204, -12913928.3845 7056466.9109, -12913824.5325 7056320.3882, -12913778.4836 7056157.43, -12913779.322 7056034.5831, -12913820.0912 7055920.8115, -12913970.9554 7055677.09, -12914001.4852 7055561.7861, -12913999.9089 7055445.8341, -12913962.317 7055339.5801, -12913916.3997 7055279.7795, -12913754.5713 7055175.0075, -12913698.0829 7055122.8084, -12913660.4823 7055054.26519999, -12913645.2184 7054935.9462, -12913675.9168 7054774.8426, -12913807.8835 7054492.5063, -12913836.1333 7054392.7106, -12913834.2466 7054261.3175, -12913783.0738 7054111.2058, -12913775.4802 7054049.8341, -12913922.4625 7053178.3941, -12913903.7155 7052611.4901, -12913936.0045 7052500.4631, -12914005.1001 7052406.1739, -12914104.011 7052337.2441, -12914344.5133 7052214.6939, -12914401.4722 7052169.5712, -12914446.5377 7052109.9885, -12914486.8109 7051993.6116, -12914575.1614 7051514.57, -12914584.2978 7051347.6711, -12914543.5288 7051186.6112, -12914454.6749 7051042.044, -12914334.2596 7050922.9015, -12914123.7252 7050798.2304, -12914031.1964 7050723.2293, -12913679.5758 7050200.8975, -12913595.4233 7049975.3327, -12913460.1022 7049345.1984, -12913224.7176 7048517.0368, -12913174.5764 7048390.9732, -12913019.412 7048085.5441, -12912904.224 7047976.4367, -12912831.1475 7047947.0698, -12912753.5107 7047936.3524, -12912598.9527 7047958.7801, -12912180.6302 7048115.9411, -12912077.7633 7048174.3944, -12911991.773 7048250.1049, -12911830.7592 7048459.1537, -12911769.5138 7048578.1672, -12911774.4141 7048684.0375, -12911858.9657 7048917.2699, -12911855.0284 7049045.4006, -12911822.9999 7049169.2631, -12911765.4629 7049282.5596, -12911598.1768 7049493.5546, -12911502.7162 7049664.1553, -12911459.1412 7049702.6582, -12911370.9892 7049718.6691, -12911277.3198 7049688.4701, -12911061.2267 7049552.9278, -12910953.6169 7049502.9609, -12910550.7427 7049392.4946, -12910245.7529 7049266.7512, -12910003.068 7049195.6189, -12909891.2536 7049135.59179999, -12909773.2751 7049000.53809999, -12909464.4542 7048500.358, -12909230.8556 7048206.0247, -12909172.9451 7048098.9113, -12909077.3441 7047840.2792, -12908961.9842 7047679.0845, -12908813.2836 7047550.0489, -12908554.2979 7047399.6736, -12908216.0339 7047152.3066, -12908085.6843 7047078.1633, -12907831.8259 7046851.8799, -12907575.0171 7046712.3305, -12907487.8144 7046612.1708, -12907340.3041 7046337.3695, -12907265.0876 7046229.3519, -12907168.774 7046148.3346, -12907094.2336 7046116.7686, -12907013.2804 7046105.7931, -12906940.4985 7046123.7247, -12906878.0953 7046159.5248, -12906854.0647 7046187.9848, -12906826.5575 7046260.8002, -12906834.7217 7046347.6234, -12906862.4059 7046435.5091, -12907055.9198 7046833.3907, -12907073.5514 7046906.3874, -12907066.0005 7046974.8207, -12907048.2722 7047000.6803, -12906993.9717 7047034.9347, -12906923.7922 7047039.9538, -12906809.0053 7046992.8938, -12906305.2276 7046652.4399, -12906127.7723 7046575.7188, -12905803.6214 7046471.0058, -12905376.7612 7046201.5449, -12905154.7171 7046079.6106, -12904917.3738 7046004.7393, -12904821.7701 7045999.6738, -12904688.1863 7046029.4878, -12904610.2553 7046072.3054, -12904546.8487 7046132.8184, -12904502.1694 7046208.3316, -12904466.9514 7046334.1776, -12904472.3096 7046463.0321, -12904572.1989 7046723.3519, -12904577.8938 7046865.3803, -12904553.2575 7046957.8436, -12904479.0059 7047079.3847, -12904374.4811 7047170.0077, -12904258.3587 7047229.2349, -12904176.0754 7047240.1371, -12904090.2808 7047223.0626, -12904006.3215 7047182.3455, -12903436.5454 7046799.734, -12903333.9174 7046697.2813, -12903196.8596 7046502.2544, -12903042.0024 7046318.8498, -12902894.7559 7046191.6631, -12902703.042 7046051.8826, -12902576.4619 7045989.3537, -12902232.8062 7045908.9488, -12901754.227 7045771.4416, -12901563.2609 7045748.4414, -12901419.131 7045754.5589, -12901324.8698 7045770.4615, -12901193.791 7045828.5176, -12901076.479 7045912.718, -12901008.3497 7045979.0842, -12900873.2801 7046175.2967, -12900776.7071 7046276.0192, -12900659.9974 7046348.12, -12900536.8404 7046394.963, -12900367.0814 7046421.1165, -12900280.2183 7046415.3498, -12899794.7727 7046251.5209, -12899665.4926 7046229.5296, -12899536.2864 7046238.5359, -12899412.3873 7046290.8385, -12899310.0504 7046373.1964, -12899262.6125 7046446.45799999, -12899231.925 7046573.7871, -12899243.8682 7046711.7438, -12899289.7374 7046902.3136, -12899359.9846 7047079.5397, -12899452.8997 7047254.5731, -12899851.4106 7047281.6927, -12900287.7847 7047568.5378, -12900669.9135 7047634.3734, -12900855.0198 7047569.9442, -12901066.8979 7047522.9238, -12901243.2581 7047467.4699, -12901384.8769 7047465.6918, -12901509.2377 7047499.6236, -12901706.3017 7047683.4953, -12901814.19 7047815.2468, -12901948.4139 7047928.9176, -12902171.0476 7048032.594, -12902321.864 7048057.3059, -12902446.6865 7048126.718, -12902703.0524 7048422.2731, -12902914.551 7048628.9559, -12903220.2655 7048777.3281, -12903339.0169 7048808.1647, -12903681.2062 7048640.9319, -12903925.81 7048457.7522, -12904262.5006 7048453.4065, -12904422.5222 7048676.3757, -12904534.9368 7048786.1845, -12904757.9063 7048738.4664, -12904985.7401 7048735.5033, -12905331.2018 7049016.5269, -12905562.2672 7049260.9716, -12905754.3769 7049429.7814, -12905982.9769 7049483.8895, -12906018.2381 7049518.32, -12906163.0949 7049525.6789, -12906430.9077 7049460.309, -12906764.6724 7049230.8333, -12907076.8626 7049069.1528, -12907300.444 7048998.6635, -12907503.9639 7049108.4787, -12907663.1915 7049263.8936, -12907777.2289 7049397.4065, -12907981.3655 7049552.2202, -12908319.3027 7049637.7128, -12908611.443 7049656.2878, -12908705.1672 7049947.6218, -12908844.4048 7050283.3684, -12909141.424 7050662.0106, -12909281.6043 7051065.2999, -12909467.0116 7051490.5048, -12909672.1495 7051712.8408, -12909766.2424 7052026.7463, -12909994.7766 7052316.3137, -12910087.6647 7052540.194, -12910135.0296 7052719.6705, -12910253.7414 7053304.9352, -12910540.8774 7053779.2742, -12910713.8682 7054114.5209, -12911111.3888 7054446.6831, -12911487.4676 7055257.4999, -12911658.9774 7055480.2455, -12912055.8262 7055756.1434, -12912996.2504 7056756.1608, -12913311.3546 7057202.0666, -12913657.7342 7057872.7331, -12913887.1009 7058207.287, -12914313.435 7058567.2042, -12914455.0237 7058649.6467, -12914631.878 7059238.3403, -12914945.5716 7059571.7194, -12915228.8008 7059736.6004, -12915763.9846 7059841.5406, -12916381.811 7059832.6257, -12916692.3494 7059940.7518, -12916724.905 7060250.0065, -12916896.9258 7060402.2597, -12917332.0889 7060606.2079, -12917418.0711 7060676.0891, -12917750.449 7061015.1941, -12917893.8057 7061116.393, -12918175.4339 7061278.1402, -12918272.6785 7061389.1205, -12918386.9699 7061608.6904, -12918460.9811 7061675.1904, -12918556.77 7061713.6862, -12918714.5519 7061727.9197, -12918920.8069 7061683.4345, -12919120.5209 7061599.3897, -12919224.8662 7061572.3169, -12919384.2436 7061567.5962, -12919541.3631 7061607.5867, -12919745.9199 7061700.33, -12919976.8265 7061849.3428, -12920143.2674 7061979.4115, -12920411.6396 7062223.6638, -12920569.092 7062341.067, -12920739.7131 7062411.5977, -12921018.197 7062477.2981, -12921659.6073 7062832.5556, -12921834.2684 7062964.6135, -12922283.9704 7063380.542, -12922452.7346 7063553.2828, -12922537.5599 7063665.7908, -12922577.8125 7063752.3164, -12922592.4522 7063889.9028, -12922535.3858 7064116.4884, -12922528.1451 7064268.6087, -12922563.7603 7064376.9525, -12922628.9912 7064477.1996, -12922674.4037 7064519.9538, -12922870.8146 7064666.3255, -12923090.8416 7064765.6597, -12923271.2227 7064788.2243, -12923631.0235 7064754.1153, -12923753.2928 7064762.6054, -12923873.3509 7064793.7304, -12924217.1122 7064930.3794, -12924600.9301 7065056.3395, -12924681.8738 7065123.37749999, -12924730.692 7065214.5012, -12924765.5889 7065585.5783, -12924797.2758 7065690.67360001, -12924848.0721 7065789.7074, -12924963.3061 7065909.156, -12925210.1215 7066042.9729, -12925337.5601 7066140.1859, -12925508.1811 7066320.4367, -12925559.3505 7066392.5381, -12925591.019 7066470.4215, -12925597.7556 7066548.0158, -12925588.1076 7066584.4671, -12925571.555 7066618.7248, -12925518.7247 7066669.074, -12925451.1424 7066693.0617, -12925377.9338 7066694.7538, -12925308.9333 7066678.4434, -12925233.4225 7066624.2247, -12925204.9281 7066641.246, -12925215.813 7066703.9118, -12925198.1313 7066833.0806, -12925146.514 7066962.0557, -12925091.0241 7067039.7324, -12924980.5116 7066947.1392, -12924916.6285 7066852.2308, -12924902.4608 7066745.9084, -12924934.374 7066550.1497, -12924848.8369 7066625.1172, -12924704.3791 7066793.2203, -12924632.626 7066943.1985, -12924634.6228 7067067.2709, -12924716.4437 7067224.4542, -12924740.8899 7067306.4824, -12924727.1738 7067381.8286, -12924709.5669 7067412.1333, -12924657.2405 7067451.0095, -12924560.5931 7067445.9168, -12924393.8815 7067310.1254, -12924246.1208 7067277.7293, -12924187.8692 7067236.7231, -12924143.0446 7067138.0863, -12924156.9381 7066929.8879, -12924119.2609 7066881.527, -12924088.8054 7066869.2116, -12924018.2374 7066873.0505, -12923924.9118 7066935.6303, -12923882.4665 7067002.5589, -12923821.7049 7067205.9174, -12923775.4807 7067275.2142, -12923677.499 7067331.7646, -12923604.2345 7067333.5354, -12923536.8015 7067302.6981, -12923317.3718 7067090.3273, -12923282.3256 7067026.0226, -12923269.4773 7066922.5391, -12923307.6678 7066821.0861, -12923420.4014 7066700.0962, -12923602.5738 7066571.6189, -12923938.6559 7066366.9605, -12924022.9308 7066287.4175, -12924044.3821 7066221.3333, -12924033.092 7066151.2934, -12923852.0299 7065858.0518, -12923763.771 7065823.19389999, -12923664.7163 7065839.393, -12923605.4478 7065873.9688, -12923498.1541 7065969.4016, -12923432.7366 7065991.5542, -12922705.9131 7066010.2757, -12922643.3415 7066040.818, -12922562.463 7066107.8408, -12922496.439 7066123.1788, -12922424.7793 7066103.8223, -12922257.004 7066021.5714, -12922216.369 7065972.3231, -12922210.2667 7065944.4366, -12922231.2981 7065879.9609, -12922258.1799 7065850.2024, -12922492.6041 7065747.2436, -12922546.8808 7065704.1772, -12922567.0537 7065646.4243, -12922561.3621 7065615.5545, -12922517.0413 7065561.2251, -12922478.291 7065542.56710001, -12922100.5099 7065503.1677, -12921922.3403 7065452.0975, -12921665.5318 7065356.201, -12921577.2728 7065340.606, -12921319.6523 7065327.8934, -12920832.6368 7065344.0758, -12920723.7944 7065375.9706, -12920660.3922 7065411.9933, -12920587.6969 7065486.9377, -12920559.7046 7065553.0002, -12920559.2848 7065635.7084, -12920626.8111 7065866.08, -12920629.153 7065962.813, -12920600.909 7066105.5765, -12920514.4508 7066371.6679, -12920499.2602 7066461.9599, -12920487.5315 7066910.6382, -12920456.9547 7067247.6748, -12920436.4367 7067312.9998, -12920405.9717 7067358.8955, -12920354.1397 7067357.1013, -12920302.6158 7067276.4827, -12920156.4598 7066925.6879, -12920111.1874 7066662.7193, -12920078.5954 7066632.1982, -12920055.1846 7066628.7589, -12920009.399 7066642.8679, -12919974.2035 7066683.6204, -12919960.4874 7066673.8122, -12919930.368 7066583.1967, -12919914.8232 7066379.1881, -12919862.002 7066260.5864, -12919757.3957 7066171.5891, -12919595.5362 7066088.8049, -12919526.6477 7066026.7878, -12919440.3203 7065909.946, -12919316.2406 7065643.0319, -12919180.4885 7065207.7248, -12919037.9157 7065004.6992, -12918916.402 7064720.0917, -12918856.5643 7064637.3461, -12918803.6406 7064590.4637, -12918673.3282 7064537.645, -12918494.0577 7064529.9698, -12918404.0166 7064505.6361, -12918350.1876 7064505.6831, -12918325.3962 7064520.1407, -12918294.3622 7064573.5465, -12918284.9381 7064710.7008, -12918271.726 7064742.70269999, -12918253.9976 7064769.3399, -12918174.3042 7064790.3925, -12918120.2142 7064737.8389, -12918081.557 7064597.3321, -12918039.7744 7064552.2123, -12917971.3991 7064527.8473, -12917590.2401 7064533.90119999, -12917109.131 7064565.542, -12917053.7721 7064583.767, -12916958.9348 7064670.1226, -12916903.352 7064678.9493, -12916850.1856 7064656.5966, -12916725.7889 7064553.8958, -12916653.6254 7064538.4514, -12916570.7314 7064541.11429999, -12916450.0109 7064573.9144, -12916179.6822 7064689.2327, -12916131.032 7064766.5824, -12916145.8023 7064874.6979, -12916207.245 7064984.53809999, -12916290.3254 7065079.0126, -12916356.2747 7065120.6577, -12916426.6094 7065135.5864, -12916492.2509 7065117.376, -12916541.4797 7065071.2193, -12916568.3053 7065004.4245, -12916583.813 7064897.3647, -12916614.539 7064839.9935, -12916671.6895 7064799.9553, -12916707.6501 7064793.3841, -12916772.3397 7064805.2734, -12916871.8819 7064875.1887, -12916809.0311 7065036.1029, -12916811.5784 7065213.1277, -12916875.7057 7065325.4481, -12917070.5858 7065433.8303, -12917517.5912 7065620.1983, -12917580.3308 7065661.02399999, -12917622.1696 7065731.21589999, -12917630.987 7065774.7994, -12917637.8264 7066021.0534, -12917685.3195 7066643.1025, -12917678.9092 7066792.3022, -12917652.1302 7066929.8237, -12917589.8011 7067039.6531, -12917525.8205 7067093.6478, -12917407.7779 7067140.8347, -12917323.7644 7067152.9156, -12916762.5885 7067158.75199999, -12916425.3588 7067122.1179, -12916265.8132 7067085.8288, -12916128.3113 7067087.5626, -12916092.5864 7067076.1964, -12915986.044 7067126.6081, -12915933.4819 7067125.6042, -12915884.8598 7067085.4135, -12915866.5623 7067009.6862, -12915889.8424 7066872.4609, -12915980.7793 7066550.9749, -12915987.5815 7066468.0378, -12915953.6084 7066359.6108, -12915882.098 7066294.2858, -12915788.1286 7066271.4429, -12915383.5312 7066292.3899, -12914994.0588 7066457.3367, -12914932.3548 7066531.3899, -12914915.8488 7066596.4662, -12914921.9511 7066669.0637, -12914986.2769 7066855.2569, -12914992.4817 7066934.2103, -12914902.9163 7067192.2912, -12914889.8346 7067338.1244, -12914896.8141 7067488.5516, -12914928.6595 7067685.52929999, -12914982.1897 7067828.5354, -12915078.5766 7067882.805, -12915095.2863 7067904.5838, -12915206.5541 7068075.6769, -12915266.3399 7068227.8816, -12915255.4591 7068357.7624, -12915139.8868 7068448.0339, -12914950.3189 7068457.8447, -12914680.743 7068389.9912, -12914579.5236 7068329.7504, -12914479.4239 7068204.93729999, -12914313.5244 7067852.7773, -12914294.0885 7067781.7438, -12914293.0062 7067665.5656, -12914353.1332 7067474.8405, -12914343.1308 7067363.3441, -12914204.7473 7067182.6624, -12914117.1602 7066961.45, -12914003.2979 7066763.9262, -12913977.4237 7066690.9047, -12913948.3839 7066528.9178, -12913792.7308 7066347.0293, -12913630.8728 7066235.0395, -12913468.0522 7066093.8247, -12913374.7545 7066001.7901, -12913295.6116 7065896.769, -12913221.0035 7065737.0898, -12913083.4038 7065310.37, -12913005.1195 7064961.7924, -12912975.0186 7064911.7517, -12912928.869 7064890.5575, -12912900.821 7064896.5179, -12912853.365 7064937.559, -12912764.2102 7065152.2297, -12912718.6484 7065209.141, -12912688.4636 7065226.6703, -12912615.0499 7065229.5136, -12912420.7569 7065136.3296, -12912341.5673 7065117.8371, -12912301.7438 7065121.5655, -12912264.2624 7065134.6221, -12912201.0657 7065184.1864, -12912149.6908 7065303.3987, -12912149.9334 7065397.3364, -12912199.1622 7065541.0766, -12912514.3715 7066056.4199, -12912585.4246 7066202.2168, -12912636.93 7066356.1946, -12912674.1127 7066708.9933, -12912728.4546 7066949.7766, -12912737.3002 7067088.2488, -12912709.7092 7067173.3154, -12912618.4923 7067276.9119, -12912499.1435 7067338.3824, -12912313.6773 7067403.7473, -12912232.2297 7067397.1818, -12912062.7284 7067330.2186, -12911968.8615 7067316.7587, -12911593.2172 7067373.85, -12911301.8944 7067367.9895, -12911017.6815 7067327.1159, -12910916.9566 7067341.7981, -12910775.7086 7067427.5882, -12910661.6317 7067552.0366, -12910574.4828 7067692.9951, -12910500.908 7067931.7978, -12910389.7042 7068024.3799, -12910195.5577 7068056.0349, -12909778.8624 7068020.0582, -12909585.6551 7067975.8859, -12909421.7238 7067895.7892, -12909188.8761 7067726.7667, -12909093.6134 7067726.7903, -12909051.864 7067809.6178, -12909099.4507 7067924.6019, -12909206.4103 7068025.5019, -12909331.0401 7068115.8796, -12909541.6123 7068338.765, -12909678.7417 7068423.6426, -12909789.5538 7068534.5871, -12909864.2155 7068668.1974, -12909988.2477 7068759.6754, -12910153.2317 7068749.25, -12910467.4525 7068545.887, -12910643.772 7068478.9588, -12910835.8504 7068446.9993, -12911026.3854 7068511.6106, -12911206.2504 7068618.1972, -12911306.3408 7068638.6714, -12911593.842 7068779.6857, -12911807.2909 7068867.6699, -12911967.9375 7068916.0585, -12912191.874 7068935.0771, -12912566.5573 7068905.1663, -12912716.1003 7068938.1098, -12912805.2738 7068987.4862, -12912879.2008 7069051.4699, -12912935.8008 7069124.9755, -12913018.4333 7069281.0082, -12913109.7062 7069368.3084, -12913241.0636 7069407.8053, -12913480.853 7069420.2814, -12913676.8348 7069479.3627, -12913907.359 7069593.9297, -12914075.6193 7069721.6017, -12914205.913 7069894.41790001, -12914294.6105 7070091.0712, -12914335.283 7070246.6058, -12914370.9356 7070503.9557, -12914421.2 7070647.02049999, -12914484.8725 7070735.5817, -12914738.1449 7070998.5208, -12914797.6374 7071152.8424, -12914783.1747 7071369.2882, -12914676.6368 7071761.4107, -12914677.0845 7071904.0669, -12914708.6877 7071999.0391, -12914762.1804 7072089.748, -12915016.8896 7072372.3623, -12915059.2602 7072509.5805, -12914995.1676 7072635.4022, -12914806.0439 7072836.8903, -12914760.0062 7072909.5214, -12914727.6099 7073029.8767, -12914743.127 7073150.9554, -12914810.2705 7073252.2149, -12914876.9663 7073300.4264, -12914957.0891 7073328.6367, -12915166.6843 7073362.6495, -12915265.9161 7073415.1896, -12915336.9787 7073507.5298, -12915420.7589 7073733.6293, -12915470.5474 7073828.3569, -12915473.7294 7073859.9564, -12915418.9021 7073948.8673, -12915265.011 7074028.9813, -12915182.5184 7074105.5752, -12915021.3585 7074462.663, -12914984.269 7074638.8918, -12914997.8357 7074943.5234, -12915031.0716 7075149.2971, -12915069.4862 7075249.39019999, -12915124.5464 7075336.7166, -12915307.8199 7075547.2533, -12915327.8435 7075623.4542, -12915315.2378 7075659.5943, -12915272.3445 7075726.4159, -12915239.342 7075752.8545, -12915035.7368 7075848.6022, -12914926.7916 7075930.6569, -12914843.1233 7076037.3011, -12914746.3267 7076227.7534, -12914691.7888 7076284.7128, -12914594.423 7076346.12, -12914521.1678 7076363.7836, -12914368.974 7076349.8234, -12914253.1029 7076356.1493, -12914233.1516 7076336.3137, -12914247.3809 7076302.4766, -12914189.7639 7076311.2692, -12914186.0223 7076233.2186, -12914202.6869 7076130.1796, -12914194.5506 7076041.566, -12914186.9554 7076021.0088, -12914174.107 7076029.04029999, -12914187.8045 7075888.5531, -12914178.7911 7075676.4152, -12914144.4542 7075660.2745, -12914086.2773 7075596.9748, -12914031.0862 7075581.2656, -12913653.8276 7075588.6929, -12913655.9456 7075562.5293, -12913593.122 7075536.7892, -12913541.0569 7075449.4054, -12913488.3477 7075452.5269, -12913493.4459 7075469.1626, -12913472.1658 7075473.0553, -12913442.915 7075460.1863, -12913409.6449 7075477.2755, -12913420.5366 7075508.8614, -12913412.1204 7075522.2475, -12913388.5634 7075520.3021, -12913360.9433 7075491.9102, -12913291.5023 7075496.1495, -12913295.6841 7075513.4364, -12913279.6741 7075518.9693, -12913286.8789 7075539.4737, -12913272.1061 7075545.4999, -12913250.004 7075531.1833, -12913183.0363 7075535.7974, -12913165.9264 7075523.2936, -12913159.4063 7075498.6897, -12913136.3291 7075480.9127, -12913127.6224 7075429.8325, -12913093.4598 7075406.01, -12912967.791 7075406.5551, -12912913.3689 7075428.4393, -12912917.1469 7075409.3666, -12912938.9315 7075402.0962, -12912936.6768 7075370.6277, -12912960.6932 7075386.1303, -12912979.597 7075364.6768, -12912992.1739 7075319.7534, -12912972.3986 7075293.8947, -12912900.5322 7075276.2884, -12912896.4043 7075211.4947, -12912874.4528 7075173.2813, -12912898.5937 7075159.7766, -12912898.5291 7075137.6119, -12912914.7435 7075138.5618, -12912934.9188 7075090.6512, -12912959.3151 7075071.9905, -12912915.8068 7075069.581, -12912880.4674 7075032.9085, -12912846.3488 7075171.2568, -12912653.4636 7074580.9934, -12912610.5003 7074410.223, -12912454.7817 7074068.0091, -12912348.0664 7074058.8168, -12912301.2226 7074091.0826, -12912328.8414 7074124.1417, -12912316.842 7074136.7898, -12912320.7609 7074174.7109, -12912262.1083 7074273.6625, -12912250.6315 7074315.6539, -12912258.2454 7074347.0986, -12912228.4431 7074365.1971, -12912224.8507 7074394.3208, -12912239.5839 7074428.9417, -12912219.747 7074433.584, -12912216.8917 7074453.3139, -12912164.901 7074411.3922, -12912133.1209 7074446.1074, -12912137.5528 7074475.96060001, -12912122.2226 7074488.7269, -12912134.9963 7074505.5945, -12912141.5744 7074568.4464, -12912119.0314 7074596.0182, -12912130.732 7074619.7713, -12912099.5302 7074666.5403, -12912119.3674 7074704.0875, -12912107.2001 7074749.6492, -12912119.8619 7074760.0399, -12912108.6184 7074773.0577, -12912111.203 7074803.0535, -12912124.2565 7074813.0442, -12912088.8001 7074830.2027, -12912098.0001 7074857.3834, -12912035.6058 7074941.4668, -12912033.4037 7074978.9761, -12911979.379 7074988.0808, -12911965.4762 7075007.4276, -12911932.3615 7075002.3929, -12911929.0119 7075031.9504, -12911858.1267 7075050.968, -12911893.1447 7075133.24979999, -12911886.6505 7075175.1044, -12912188.0831 7075272.9901, -12912193.3283 7075315.3955, -12912285.9715 7075500.943, -12912411.1861 7075666.07329999, -12912541.287 7075818.8462, -12912799.671 7076076.8073, -12912865.722 7076228.5967, -12912859.9635 7076379.2384, -12912809.3753 7076417.4533, -12912793.3457 7076416.4658, -12912790.8577 7076398.5872, -12912796.2928 7076300.9862, -12912724.9611 7076248.5298, -12912673.6194 7076266.5373, -12912584.7119 7076246.6117, -12912553.5755 7076272.6247, -12912561.4679 7076286.6904, -12912539.988 7076327.5009, -12912478.347 7076322.9417, -12912419.4001 7076347.9868, -12912402.4813 7076297.0908, -12912443.9977 7076289.4195, -12912434.7798 7076245.8269, -12912417.4244 7076228.2397, -12912410.4536 7076162.1005, -12912378.2479 7076148.3519, -12912312.7886 7076081.05, -12912278.8086 7076081.9669, -12912270.3291 7076066.5977, -12912245.8802 7076083.8133, -12912248.4126 7076094.5075, -12912220.129 7076101.0812, -12912209.9759 7076137.7168, -12912162.8811 7076143.9608, -12912173.5246 7076113.2244, -12912081.9673 7076160.497, -12912031.1849 7076123.2079, -12911993.9998 7076137.3715, -12911938.3979 7076086.7676, -12911859.8997 7076071.7188, -12911847.8378 7076094.1203, -12911831.0927 7076081.2604, -12911756.4134 7076089.403, -12911730.7331 7076146.0157, -12911731.8039 7076173.5196, -12911695.7037 7076181.7002, -12911657.6331 7076211.2539, -12911575.813 7076213.4897, -12911548.5618 7076190.2497, -12911518.555 7076219.0264, -12911470.5911 7076187.3816, -12911663.6235 7075980.8118, -12911666.0183 7076000.863, -12911720.4711 7075914.7088, -12911877.6692 7075774.1028, -12911902.6322 7075734.8455, -12911854.0915 7075689.8593, -12911794.1119 7075706.0095, -12911766.4368 7075688.4045, -12911728.6905 7075693.2399, -12911741.5507 7075666.4319, -12911714.1153 7075637.1382, -12911711.478 7075603.3987, -12911795.4731 7075601.6384, -12911834.7045 7075562.8603, -12911846.7898 7075470.7327, -12911880.4716 7075448.9564, -12911913.06 7075397.6671, -12911861.1524 7075325.1477, -12911786.075 7075346.2592, -12911796.684 7075329.4604, -12911788.5663 7075282.3346, -12911748.1458 7075265.9359, -12911774.6198 7075227.2475, -12911772.5671 7075200.7486, -12911759.8333 7075183.0934, -12911695.6234 7075205.0703, -12911678.2289 7075149.7555, -12911634.8831 7075150.1062, -12911613.163 7075171.0774, -12911571.6157 7075152.7984, -12911555.342 7075163.1984, -12911539.2405 7075217.1068, -12911559.3513 7075245.3783, -12911528.8748 7075274.3129, -12911476.1336 7075254.3037, -12911424.1517 7075256.5278, -12911440.804 7075379.2593, -12911430.123 7075799.6906, -12911380.4322 7075803.0864, -12911355.0907 7075829.4875, -12911286.1241 7075824.1088, -12911249.6519 7075877.8926, -12911166.6619 7075880.5295, -12911156.8972 7075890.8362, -12911175.2014 7075964.2407, -12911156.3737 7075968.2899, -12911181.4853 7075970.3822, -12911180.4593 7075988.6438, -12911205.2818 7076013.4825, -12911234.2878 7075991.59570001, -12911259.4052 7076013.7257, -12911278.0645 7076003.8336, -12911293.1267 7076017.8428, -12911311.1921 7076013.7057, -12911297.9851 7076034.8922, -12911309.8087 7076049.8619, -12911297.7808 7076117.0945, -12911238.26 7076119.9734, -12911191.831 7076057.2822, -12911200.723 7076043.3833, -12911177.4997 7076036.2632, -12911138.4131 7076048.2916, -12911065.4445 7075958.7832, -12911008.3932 7075953.5166, -12910960.5602 7075972.6311, -12910919.2226 7076064.1014, -12910959.7314 7076093.555, -12911000.633 7076148.457, -12910994.2162 7076188.5502, -12910976.0614 7076201.1022, -12910961.0672 7076183.6198, -12910955.6146 7076193.4508, -12910911.4067 7076191.8785, -12910837.2998 7076111.7344, -12910850.2093 7076006.10409999, -12910824.6166 7075961.6008, -12910749.4971 7075927.95579999, -12910737.7203 7075908.9481, -12910720.1457 7075912.6975, -12910691.6752 7075893.2823, -12910667.7446 7075901.501, -12910656.3926 7075859.7833, -12910628.699 7075860.7564, -12910621.9749 7075817.2107, -12910564.4419 7075771.4296, -12910528.7589 7075786.423, -12910455.9119 7075852.4113, -12910426.0426 7075837.3762, -12910368.9798 7075846.2026, -12910350.2071 7075835.1064, -12910306.2789 7075853.727, -12910290.4159 7075885.1807, -12910257.9458 7075899.3204, -12910241.3831 7075886.128, -12910224.3115 7075910.0917, -12910202.0876 7075903.1825, -12910202.7856 7075925.6445, -12910168.448 7075941.0333, -12910055.6676 7075894.8543, -12910004.159 7075914.2489, -12909986.8652 7075890.1557, -12909922.8389 7075873.2909, -12909864.2609 7075877.8093, -12909818.0817 7075906.8529, -12909820.265 7075944.2659, -12909771.141 7075981.218, -12909790.0077 7076005.717, -12909777.5542 7076055.3208, -12909739.4429 7076102.722, -12909762.3317 7076117.5964, -12909717.428 7076215.461, -12909742.0678 7076238.0468, -12909747.9264 7076264.1656, -12909789.8369 7076276.8095, -12909840.4655 7076266.3278, -12909868.5117 7076282.9034, -12909868.9573 7076310.877, -12909897.3882 7076345.2911, -12909883.6386 7076389.5029, -12909935.4173 7076453.7393, -12909991.2999 7076454.1033, -12910043.1947 7076425.7074, -12910082.9695 7076435.0748, -12910137.9538 7076422.435, -12910132.5377 7076476.5866, -12910146.1744 7076529.306, -12910159.9093 7076547.8796, -12910202.851 7076537.6028, -12910201.7256 7076610.7291, -12910276.6146 7076653.968, -12910281.6144 7076673.6065, -12910267.4017 7076702.1087, -12910283.144 7076753.4781, -12910261.0289 7076761.4092, -12910281.4711 7076790.3536, -12910286.1188 7076855.6446, -12910309.3443 7076900.7122, -12910646.3093 7076850.0535, -12910682.9444 7076911.0081, -12910680.7555 7076924.381, -12910624.3851 7076922.9788, -12910602.0102 7076942.44, -12910578.3664 7076932.1172, -12910557.4654 7076942.6206, -12910542.583 7076921.0413, -12910521.4172 7076925.513, -12910509.1978 7076937.2002, -12910529.8686 7076969.2525, -12910515.328 7076991.3643, -12910527.9618 7077005.837, -12910511.176 7077023.157, -12910518.0432 7077030.7816, -12910478.444 7077001.8991, -12910483.809 7077032.374, -12910473.4333 7077037.6766, -12910490.3124 7077072.1601, -12910511.428 7077052.2122, -12910512.6408 7077111.0757, -12910538.5802 7077116.2765, -12910523.9684 7077143.7239, -12910490.4413 7077126.3786, -12910538.5988 7077178.2783, -12910503.7887 7077206.3324, -12910500.399 7077271.7997, -12910528.8297 7077321.3143, -12910502.5899 7077320.2722, -12910503.8133 7077361.0055, -12910487.4853 7077378.0462, -12910500.7629 7077423.5528, -12910544.7572 7077431.6015, -12910530.4811 7077465.1215, -12910668.2861 7077435.8219, -12910693.5723 7077412.1782, -12910752.3882 7077545.8743, -12910705.8515 7077553.0609, -12910700.9156 7077531.2054, -12910716.2178 7077526.5221, -12910689.7001 7077458.7438, -12910670.0776 7077448.3184, -12910639.2957 7077452.7507, -12910624.4319 7077477.1318, -12910624.1799 7077465.5374, -12910608.2525 7077468.9812, -12910561.5523 7077536.40649999, -12910535.6691 7077515.6729, -12910499.7924 7077537.3164, -12910449.9574 7077525.071, -12910433.078 7077542.3136, -12910410.6472 7077541.4507, -12910403.929 7077574.5164, -12910364.1429 7077580.0862, -12910325.8683 7077545.7417, -12910316.7804 7077559.6427, -12910285.7652 7077549.5621, -12910260.4881 7077557.4618, -12910260.6283 7077580.76079999, -12910211.8099 7077607.8333, -12910200.3053 7077642.8605, -12910168.357 7077656.032, -12910147.9414 7077699.9869, -12910122.8699 7077718.242, -12910120.0332 7077757.7335, -12910104.0125 7077773.745, -12910106.6159 7077801.4536, -12910085.0712 7077851.701, -12910081.3111 7077905.4948, -12910103.8259 7077963.7214, -12910090.9682 7078013.9542, -12910094.6539 7078082.812, -12910081.0778 7078100.5815, -12910086.3495 7078147.6221, -12910108.7709 7078158.8107, -12910087.1147 7078191.1719, -12910067.8095 7078191.0542, -12910065.626 7078173.457, -12910026.8292 7078155.4754, -12909985.7554 7078110.5608, -12909930.3777 7078110.5688, -12909915.01 7078099.7187, -12909911.3805 7078071.9776, -12909884.6386 7078071.3893, -12909876.95 7078040.0945, -12909917.4174 7077988.0886, -12909919.209 7077944.4695, -12909851.1397 7077952.3915, -12909831.3655 7078066.682, -12909966.2587 7078314.2634, -12910085.4384 7078451.6015, -12910071.5153 7078473.3504, -12910080.3299 7078488.02530001, -12910145.3288 7078498.8427, -12910170.1578 7078521.054, -12910194.7256 7078514.7069, -12910203.6457 7078468.8175, -12910188.7445 7078451.4314, -12910192.3835 7078419.8527, -12910213.9 7078382.3506, -12910220.6275 7078396.3315, -12910240.026 7078393.0835, -12910319.1503 7078439.0118, -12910316.5657 7078465.8988, -12910293.3042 7078477.1024, -12910317.5173 7078499.2351, -12910341.0681 7078446.9044, -12910359.5802 7078439.1531, -12910369.4147 7078460.5793, -12910391.221 7078463.4548, -12910476.7827 7078393.5001, -12910481.4219 7078299.9696, -12910514.0125 7078271.4346, -12910578.6918 7078248.4992, -12910570.1011 7078185.8975, -12910681.2815 7078226.2969, -12910646.8536 7078199.7783, -12910653.0025 7078074.7626, -12910662.1559 7078053.2667, -12910706.2807 7078043.8838, -12910730.5498 7078074.5744, -12910707.8016 7078108.0268, -12910722.2643 7078148.8148, -12910751.4599 7078140.326, -12910791.0967 7078164.9054, -12910808.0227 7078160.7788, -12910809.3475 7078145.1901, -12910778.4257 7078106.1987, -12910819.2193 7078100.2128, -12910848.0791 7078172.4763, -12910967.1855 7078185.0211, -12910981.2562 7078161.4771, -12911014.0537 7078167.3062, -12911021.8074 7078138.6472, -12911061.8174 7078189.1634, -12911152.8103 7078187.0922, -12911143.0413 7078212.9906, -12911116.8531 7078211.9438, -12911157.5074 7078251.7738, -12911181.7574 7078244.4915, -12911194.6031 7078256.4874, -12911229.7744 7078237.4928, -12911242.1955 7078251.2602, -12911214.36 7078264.2639, -12911202.8542 7078299.3678, -12911187.2051 7078278.6205, -12911172.3665 7078300.0488, -12911178.4768 7078314.0436, -12911130.7892 7078281.3686, -12911126.3576 7078251.2409, -12911130.5245 7078309.4039, -12911106.5819 7078487.1302, -12911128.2198 7078550.2255, -12911187.5535 7078601.14459999, -12911227.6755 7078617.0559, -12911413.6643 7078660.0826, -12911546.4587 7078714.635, -12911654.7599 7078800.917, -12911773.3437 7078929.8043, -12911830.1955 7079048.3602, -12911854.3247 7079319.7349, -12911949.9082 7079684.7002, -12911943.4793 7079761.8904, -12911906.8657 7079797.1311, -12911874.936 7079808.2189, -12911448.0656 7079777.6615, -12911462.7661 7079812.7322, -12911442.5058 7079802.325, -12911425.6661 7079825.9067, -12911409.5207 7079813.607, -12911394.1635 7079753.2139, -12911369.1149 7079767.0295, -12911381.978 7079775.5542, -12911366.4681 7079801.4172, -12911358.7406 7079760.4778, -12911348.8564 7079770.403, -12911325.644 7079713.0709, -12911305.5248 7079702.4216, -12911313.4089 7079740.327, -12911277.238 7079770.8588, -12911291.8031 7079779.8406, -12911274.9561 7079813.4758, -12911235.8668 7079781.369, -12911240.9001 7079761.819, -12911222.9242 7079745.5164, -12911230.5079 7079738.1211, -12911197.53 7079741.8751, -12911183.3452 7079731.2577, -12911192.2054 7079752.4652, -12911151.741 7079798.1691, -12911107.1744 7079751.034, -12911079.8001 7079777.771, -12911076.7216 7079743.119, -12911056.791 7079751.764, -12911071.0549 7079766.7925, -12911043.1214 7079820.8607, -12911011.0504 7079805.88, -12911009.3396 7079779.8949, -12910884.9189 7079864.4706, -12910880.1441 7079843.9195, -12910849.665 7079836.359, -12910830.6659 7079893.2548, -12910804.9467 7079844.4071, -12910788.3339 7079838.7377, -12910781.6518 7079786.7575, -12910729.6156 7079791.5992, -12910722.5203 7079813.2962, -12910762.9864 7079823.8143, -12910773.9588 7079841.8404, -12910733.5995 7079897.9459, -12910700.1223 7079905.6319, -12910693.3155 7079940.2342, -12910638.7739 7080021.922, -12910681.1682 7080066.0793, -12910713.0905 7080063.5698, -12910708.5429 7080094.6338, -12910727.0797 7080142.999, -12910743.4761 7080151.1774, -12910741.0434 7080168.2414, -12910780.8352 7080183.8929, -12910809.4453 7080165.1962, -12910844.8282 7080203.5102, -12910811.6425 7080242.4348, -12910831.9663 7080312.7494, -12910810.5947 7080323.339, -12910844.7398 7080378.1341, -12910876.7515 7080376.6735, -12910897.4023 7080396.7834, -12910886.224 7080434.8736, -12910922.3952 7080441.9948, -12910913.9031 7080471.3874, -12910895.8612 7080479.087, -12910876.5468 7080461.03, -12910856.5106 7080475.9855, -12910880.8289 7080527.6932, -12910866.4753 7080556.2518, -12910917.3696 7080567.7191, -12910922.8738 7080588.0997, -12910944.7634 7080598.1025, -12911001.3776 7080577.5142, -12911031.2436 7080583.9246, -12911057.7672 7080563.9379, -12911077.8492 7080572.9277, -12911103.5237 7080558.4799, -12911107.845 7080532.632, -12911124.9869 7080550.0762, -12911127.8599 7080583.4526, -12911115.3362 7080595.6666, -12911101.9318 7080577.3438, -12911059.31 7080606.7436, -12911038.9063 7080584.8751, -12911010.8186 7080600.3745, -12910991.8668 7080587.4526, -12910968.4878 7080628.6695, -12910977.6002 7080667.0898, -12910919.6942 7080717.8887, -12910935.316 7080728.3207, -12910917.7145 7080746.6507, -12910924.5231 7080767.3627, -12910883.7415 7080781.5673, -12910853.5133 7080848.4334, -12910842.9896 7080837.8471, -12910802.7418 7080861.019, -12910808.9684 7080841.4846, -12910791.9708 7080800.9804, -12910745.3832 7080800.4044, -12910729.8237 7080819.4914, -12910682.3551 7080773.3941, -12910642.042 7080795.82549999, -12910661.6454 7080765.0865, -12910650.7501 7080737.5282, -12910622.0388 7080727.3084, -12910633.13 7080693.2027, -12910620.5946 7080675.964, -12910603.0936 7080695.4471, -12910579.3127 7080671.3611, -12910559.1097 7080684.9835, -12910522.6964 7080652.3472, -12910490.5189 7080676.70620001, -12910438.0569 7080673.9208, -12910423.1143 7080690.0569, -12910415.2665 7080649.3681, -12910394.9797 7080648.292, -12910410.1574 7080611.2613, -12910364.6719 7080583.4868, -12910364.4442 7080583.1474, -12910360.5537 7080583.07769999, -12910364.6719 7080583.4868, -12910348.6295 7080602.9334, -12910364.4058 7080535.2538, -12910338.0198 7080521.08649999, -12910308.0022 7080474.1325, -12910279.2451 7080482.2879, -12910217.3667 7080465.6042, -12910192.9023 7080484.7117, -12910166.241 7080456.8519, -12910133.1025 7080476.0367, -12910122.3045 7080461.0401, -12910092.677 7080463.6386, -12910069.6785 7080448.2743, -12909968.369 7080454.0533, -12909923.1321 7080357.6982, -12909895.7225 7080349.193, -12909894.2169 7080310.309, -12909858.1126 7080328.7455, -12909816.0642 7080311.2758, -12909775.8435 7080343.6755, -12909681.5859 7080316.8846, -12909684.2219 7080365.7782, -12909629.5511 7080368.5728, -12909562.248 7080435.1767, -12909567.8211 7080481.2307, -12909586.0046 7080481.6078, -12909594.2282 7080539.8777, -12909563.4775 7080500.7732, -12909543.087 7080543.1308, -12909505.34 7080566.9777, -12909559.5538 7080573.1275, -12909557.4025 7080655.7197, -12909538.4203 7080695.1023, -12909495.9041 7080715.0392, -12909482.5706 7080704.5017, -12909451.5186 7080717.437, -12909471.5962 7080761.4485, -12909517.6171 7080725.3794, -12909552.4582 7080745.9567, -12909522.7272 7080785.5732, -12909523.4752 7080828.208, -12909469.701 7080899.5671, -12909597.7558 7080994.1793, -12909618.9364 7081030.7796, -12909634.3209 7081112.6601, -12909615.5879 7081118.22, -12909607.7339 7081145.9367, -12909632.1364 7081168.8628, -12909661.1796 7081237.7387, -12909625.2683 7081282.4012, -12909582.689 7081288.2516, -12909544.5966 7081328.4797, -12909544.4963 7081328.119, -12909542.9833 7081328.302, -12909544.5966 7081328.4797, -12909562.8391 7081359.2224, -12909608.3912 7081370.2201, -12909643.348 7081362.3707, -12909616.3902 7081430.3124, -12909606.4802 7081428.2319, -12909598.0223 7081478.5071, -12909672.8608 7081553.8864, -12909760.2051 7081542.9191, -12909803.3952 7081482.4319, -12909781.1879 7081416.908, -12909845.2185 7081344.2969, -12909864.3047 7081366.4083, -12909818.6378 7081419.3649, -12909836.2614 7081443.6662, -12909864.9792 7081440.494, -12909894.1036 7081402.8548, -12909936.5933 7081413.118, -12909972.3351 7081399.7652, -12909967.8076 7081469.455, -12909926.8356 7081518.7104, -12909911.5642 7081612.7814, -12909955.1697 7081627.3341, -12909993.7521 7081577.4952, -12910095.2116 7081608.0469, -12910149.5143 7081578.1329, -12910210.9375 7081572.04159999, -12910235.7618 7081593.7954, -12910301.2801 7081575.2137, -12910319.2989 7081585.5813, -12910337.9049 7081533.57989999, -12910292.338 7081468.0907, -12910315.7312 7081453.5664, -12910340.0478 7081510.8156, -12910442.8787 7081630.4997, -12910514.3776 7081663.57460001, -12910572.3962 7081749.5095, -12910637.9607 7081897.4207, -12910619.0956 7082069.5494, -12910596.9347 7082093.262, -12910679.0735 7082124.0591, -12910652.3083 7082303.4368, -12910655.4665 7082355.6256, -12910705.8487 7082379.4934, -12910750.6788 7082379.245, -12910759.6718 7082407.7487, -12910946.5944 7082083.7271, -12911150.2953 7082347.1747, -12911195.2871 7082430.5236, -12911155.4319 7082458.8848, -12911165.9973 7082505.0197, -12911088.2329 7082554.6139, -12911037.7544 7082560.7065, -12911032.7688 7082574.7865, -12911062.4627 7082655.2739, -12911111.2086 7082686.8092, -12911132.5802 7082720.2868, -12911125.269 7082741.4436, -12911180.0134 7082784.4815, -12911182.6144 7082828.0763, -12911215.7821 7082836.4158, -12911189.8975 7082892.3729, -12911207.5466 7082959.4139, -12911187.7745 7083001.96850001, -12911220.5673 7083022.3251, -12911222.7776 7083102.3827, -12911242.0701 7083110.3155, -12911244.0164 7083156.2894, -12911259.5172 7083174.9492, -12911250.5845 7083198.4003, -12911266.1787 7083222.2438, -12911247.5006 7083231.4225, -12911259.7373 7083252.9993, -12911267.7553 7083242.107, -12911297.9296 7083261.5712, -12911296.2102 7083283.7917, -12911274.6978 7083286.935, -12911277.9283 7083313.8373, -12911262.6075 7083330.5379, -12911285.447 7083357.5726, -12911290.5102 7083388.4438, -12911308.5816 7083393.7082, -12911305.2401 7083409.9492, -12911253.8615 7083405.9639, -12911243.2726 7083426.224, -12911216.8463 7083432.2438, -12911216.565 7083465.9608, -12911206.3352 7083450.441, -12911196.1424 7083472.6883, -12911169.4329 7083474.4048, -12911155.2383 7083496.4823, -12911132.0682 7083499.3842, -12911125.6061 7083576.8832, -12911140.4883 7083606.9529, -12911123.5533 7083638.8604, -12911142.178 7083658.5254, -12911111.6696 7083672.8608, -12911135.2696 7083704.4775, -12911113.6503 7083692.0974, -12911120.1903 7083736.1025, -12911059.2347 7083740.3988, -12911055.5792 7083755.1825, -12911077.1803 7083771.2136, -12911065.5096 7083783.4423, -12911089.9751 7083810.32, -12911087.3519 7083838.6363, -12911103.5918 7083849.1482, -12911187.1372 7083844.8549, -12911238.3887 7083765.8116, -12911296.3576 7083784.8952, -12911464.142 7083754.8027, -12911541.4656 7083766.9963, -12911502.3874 7083900.8688, -12911468.5181 7083942.2058, -12911456.3696 7084009.9767, -12911480.5826 7084138.611, -12911594.7903 7084430.3935, -12911600.8086 7084498.1295, -12911578.3123 7084550.5549, -12911554.1645 7084564.9942, -12911489.0549 7084559.3568, -12911310.9812 7084465.5359, -12911093.6441 7084183.2667, -12910896.8357 7083862.3768, -12910914.8234 7083810.3656, -12910901.0409 7083732.6679, -12910894.866 7083719.0232, -12910854.1629 7083708.9288, -12910842.1309 7083676.4468, -12910863.7061 7083684.6012, -12910872.5865 7083674.816, -12910847.6084 7083655.0029, -12910871.1528 7083644.5823, -12910857.3888 7083622.9605, -12910879.6336 7083616.4934, -12910871.6356 7083596.1444, -12910891.4157 7083568.6041, -12910859.5487 7083546.711, -12910841.5497 7083560.3805, -12910823.6017 7083525.37919999, -12910787.1778 7083525.4621, -12910767.3725 7083509.9135, -12910756.6898 7083495.7262, -12910764.9853 7083476.1196, -12910743.6177 7083473.1446, -12910739.3337 7083460.0701, -12910765.8485 7083434.177, -12910736.3288 7083410.4475, -12910715.7504 7083365.1554, -12910688.0736 7083375.8109, -12910664.9165 7083405.1327, -12910683.6477 7083410.8883, -12910690.713 7083430.6942, -12910666.9138 7083429.8899, -12910634.3094 7083407.927, -12910588.6318 7083409.9466, -12910616.8105 7083371.5893, -12910562.711 7083352.2714, -12910555.8967 7083330.0354, -12910566.3293 7083310.0818, -12910549.1013 7083279.7356, -12910529.008 7083278.3903, -12910508.6476 7083313.1617, -12910474.2932 7083295.0932, -12910445.4976 7083315.688, -12910413.0339 7083306.3402, -12910418.6738 7083318.4003, -12910407.4003 7083323.1985, -12910384.9433 7083312.3423, -12910384.4089 7083292.6563, -12910407.4163 7083281.1474, -12910414.0146 7083255.3994, -12910434.8458 7083253.0669, -12910443.6499 7083222.7465, -12910468.5405 7083220.7229, -12910487.4019 7083184.5165, -12910481.5244 7083167.7854, -12910452.2727 7083178.261, -12910457.3458 7083114.7063, -12910420.6529 7083123.8833, -12910424.6071 7083081.9592, -12910411.9484 7083064.1568, -12910430.3948 7083014.7192, -12910412.2991 7082999.6108, -12910373.7203 7082997.0746, -12910375.7007 7082974.1427, -12910358.7836 7082971.1296, -12910366.3712 7082957.1513, -12910343.8525 7082945.0482, -12910357.9568 7082931.8029, -12910355.8118 7082904.0005, -12910320.3644 7082890.4171, -12910309.9512 7082864.6915, -12910260.6593 7082859.6247, -12910251.9497 7082878.3969, -12910209.8974 7082874.3296, -12910199 7082944.3134, -12910145.9287 7082938.1949, -12910147.792 7082955.8777, -12910132.737 7082950.3333, -12910128.6039 7082973.0008, -12910098.6141 7082997.408, -12910061.0229 7082963.9486, -12910039.6211 7082982.266, -12910025.6728 7082978.7244, -12910048.0514 7082939.5399, -12910037.5474 7082890.8008, -12910049.2225 7082880.0367, -12910072.4221 7082885.3489, -12910046.3901 7082848.573, -12910028.3563 7082851.6361, -12910022.2875 7082837.4438, -12910042.0226 7082793.6838, -12910012.4911 7082779.6563, -12910003.1203 7082788.2074, -12909989.7363 7082770.2657, -12910011.0636 7082751.6643, -12910070.2135 7082738.2925, -12910079.289 7082720.5021, -12910201.8779 7082713.4448, -12910236.4019 7082739.8415, -12910267.664 7082734.3482, -12910288.9321 7082693.7527, -12910325.1064 7082683.8104, -12910330.9637 7082651.8732, -12910386.2291 7082622.2289, -12910402.7149 7082583.952, -12910394.8582 7082537.8182, -12910354.4154 7082512.723, -12910336.3357 7082429.5873, -12910233.9421 7082532.2918, -12910218.0004 7082455.8518, -12910129.051 7082379.4283, -12910046.3531 7082353.5877, -12909643.3884 7082292.9188, -12909435.3701 7082218.836, -12909318.298 7082161.7398, -12909137.1613 7082053.8986, -12909077.9486 7082002.7847, -12909037.0335 7081940.8157, -12908989.3538 7081773.7023, -12908948.4201 7081719.9058, -12908879.2609 7081687.8117, -12908671.7557 7081644.4783, -12908597.8006 7081605.2893, -12908484.0596 7081489.12039999, -12908424.1845 7081389.8277, -12908405.3926 7081316.3419, -12908404.0863 7081239.1681, -12908445.9345 7081076.8882, -12908511.5013 7080966.5349, -12908824.1447 7080583.7196, -12908877.1245 7080477.2969, -12908888.7413 7080367.7756, -12908850.9146 7080272.3893, -12908774.3469 7080218.7835, -12908710.693 7080221.0043, -12908641.2726 7080244.7585, -12908557.1751 7080307.1065, -12908543.0204 7080290.1088, -12908491.1045 7080166.5435, -12908468.9442 7079852.9775, -12908418.6798 7079754.4663, -12908319.3266 7079646.7521, -12908296.9236 7079578.5084, -12908314.6613 7079499.3978, -12908366.6985 7079427.8206, -12908472.9565 7079338.3462, -12908657.3684 7079219.8801, -12908708.7711 7079167.278, -12908730.3997 7079103.0323, -12908715.7972 7079037.4373, -12908667.0909 7078979.4383, -12908556.3544 7078922.538, -12908194.79 7078814.482, -12908186.1219 7078688.3348, -12908242.7313 7078596.1069, -12908392.6008 7078423.7524, -12908444.8154 7078335.6858, -12908469.5697 7078238.0252, -12908455.7883 7077902.8749, -12908473.554 7077766.1515, -12908521.915 7077648.0228, -12908655.9565 7077455.5555, -12908680.9022 7077368.9861, -12908679.8091 7077297.1221, -12908618.3013 7077023.032, -12908397.2293 7076596.097, -12908366.214 7076512.2864, -12908321.8373 7076310.8383, -12908284.5238 7076244.7253, -12908215.7941 7076199.5627, -12908172.0797 7076188.7231, -12907853.53 7076141.9529, -12907641.9378 7076092.7436, -12907493.6546 7076019.8481, -12907420.7445 7075927.4944, -12907411.0405 7075888.4592, -12907418.1973 7075801.1109, -12907480.1251 7075685.7172, -12907541.1945 7075622.2838, -12907749.325 7075478.4551, -12907817.7468 7075398.6089, -12907847.1572 7075283.5191, -12907839.506 7075183.6453, -12907776.1974 7075149.5072, -12907662.4003 7075171.8894, -12907608.0023 7075167.2545, -12907557.7006 7075143.8764, -12907476.7847 7075076.5183, -12907426.987 7075062.912, -12907229.932 7075129.4855, -12907158.5801 7075105.7936, -12907150.6025 7075061.0297, -12907197.0601 7074966.5933, -12907202.4718 7074917.5874, -12907168.6761 7074870.1661, -12907076.4422 7074839.676, -12906930.0716 7074870.6523, -12906775.4807 7074954.0378, -12906474.5659 7075203.7372, -12906412.5633 7075246.4159, -12906347.7337 7075268.7591, -12906251.3943 7075246.1491, -12906040.6513 7075107.699, -12905704.4853 7074966.8909, -12905574.6486 7074955.9746, -12905490.971 7074984.0811, -12905453.4709 7075010.0624, -12905394.2303 7075086.4541, -12905357.1502 7075184.9229, -12905337.9383 7075291.7609, -12905281.2076 7075834.8825, -12905297.0976 7076148.7682, -12905323.7087 7076241.3834, -12905366.2287 7076326.7208, -12905461.2712 7076428.4286, -12905598.4696 7076499.3436, -12905804.9763 7076556.4303, -12905894.2897 7076608.8662, -12905959.8192 7076687.5167, -12905987.3914 7076796.4772, -12905974.0298 7077137.4796, -12905981.8022 7077399.8149, -12905967.834 7077494.0292, -12905930.3527 7077576.7284, -12905867.156 7077634.9135, -12905788.3582 7077663.3667, -12905663.327 7077663.3431, -12905582.0286 7077641.2442, -12905324.5856 7077533.0095, -12905292.6838 7077532.7428, -12905243.6138 7077562.9921, -12905218.3182 7077623.044, -12905218.0291 7077710.9774, -12905308.5459 7078015.1621, -12905333.3748 7078297.7442, -12905352.2509 7078380.7342, -12905394.8267 7078465.3807, -12905460.011 7078537.012, -12905713.5631 7078721.5851, -12905847.7945 7078794.4349, -12905946.5878 7078827.1999, -12906169.1155 7078863.7547, -12906399.425 7078880.7413, -12906754.2338 7078885.1746, -12906915.3283 7078906.5003, -12907041.3672 7078970.4698, -12907092.0888 7079039.0534, -12907100.6545 7079114.9504, -12907088.0672 7079151.7496, -12907037.9802 7079209.2792, -12906966.3297 7079241.9911, -12906883.837 7079253.9489, -12906381.3047 7079220.319, -12906105.8252 7079184.7041, -12905990.1995 7079186.5481, -12905913.9956 7079209.3575, -12905771.3759 7079291.6902, -12905679.0488 7079366.1851, -12905629.4561 7079430.7467, -12905584.51 7079557.612, -12905532.7435 7079836.7884, -12905504.1074 7080133.9685, -12905445.0907 7080520.215, -12905437.9341 7080661.5769, -12905449.6068 7080752.5339, -12905495.4484 7080847.0469, -12905619.8358 7080964.6506, -12905977.6586 7081159.4909, -12906054.8887 7081181.1524, -12906123.973 7081259.4322, -12906162.5553 7081351.1652, -12906162.2102 7081387.1821, -12906090.3545 7081463.9964, -12906018.2003 7081490.6975, -12905842.8112 7081482.935, -12905276.8354 7081396.7504, -12905092.661 7081405.4769, -12905026.1239 7081432.9862, -12904972.8548 7081477.1427, -12904940.7199 7081541.4546, -12904930.9787 7081616.4885, -12904961.882 7081730.603, -12905013.49 7081801.5415, -12905187.8898 7081973.1454, -12905247.7182 7082049.612, -12905319.8632 7082170.1534, -12905352.222 7082294.2288, -12905341.8275 7082373.6578, -12905282.0552 7082468.5121, -12905260.9118 7082462.9607, -12905249.3479 7082409.64, -12905212.7797 7082458.9213, -12905220.5977 7082499.5021, -12905193.235 7082496.3505, -12905168.0404 7082511.9957, -12905152.5188 7082542.6074, -12905143.6121 7082532.0013, -12905139.8332 7082544.4981, -12905113.2347 7082544.3227, -12905095.9233 7082568.9335, -12905102.4263 7082577.6299, -12905070.0075 7082606.7051, -12905050.4849 7082616.3919, -12905027.8088 7082608.5029, -12904933.2595 7082749.5125, -12904937.0049 7082819.3006, -12904916.2288 7082926.151, -12904971.0933 7082989.5734, -12904983.2862 7083119.2885, -12904980.5522 7083513.3112, -12904951.5151 7083659.6331, -12904885.5191 7083791.0409, -12904810.5748 7083873.07949999, -12904610.3805 7084263.1081, -12904493.5112 7084414.6007, -12904358.7839 7084529.37039999, -12904213.5179 7084614.3196, -12904069.7255 7084634.5329, -12903959.0867 7084561.4228, -12903930.5531 7084407.7895, -12903947.4528 7084377.7061, -12903929.5336 7084323.1637, -12903941.4862 7084244.3747, -12904015.5812 7084141.1611, -12904172.9221 7084023.798, -12904210.3388 7083924.3305, -12904202.9036 7083729.8961, -12904114.3067 7083552.9722, -12903842.6064 7083265.8524, -12903770.928 7083088.7558, -12903785.7194 7082892.5902, -12903850.8749 7082678.5204, -12903772.8344 7082326.945, -12903695.3616 7082176.4247, -12903530.1246 7081965.39, -12903421.0581 7081867.0097, -12903226.8491 7081744.6285, -12903183.956 7081684.8279, -12903163.2418 7081611.6378, -12903163.3257 7081495.3589, -12903227.0358 7081154.3024, -12903215.4097 7081077.8446, -12903179.0295 7081004.4245, -12902927.6514 7080740.4083, -12902678.13 7080354.9827, -12902143.7242 7079674.0892, -12902077.0844 7079535.1382, -12902082.3189 7079425.9752, -12902120.6308 7079362.3081, -12902180.8044 7079308.167, -12902323.8719 7079219.2432, -12902394.1134 7079119.971, -12902413.0266 7079008.7738, -12902402.8004 7078934.4235, -12902365.6081 7078866.6253, -12902246.6979 7078717.1201, -12902227.4207 7078644.4279, -12902232.8886 7078571.4934, -12902255.8139 7078497.9082, -12902340.9286 7078363.0418, -12902603.569 7078057.0708, -12902640.1734 7077934.9524, -12902625.0483 7077844.522, -12902597.4855 7077788.8693, -12902532.9824 7077715.4875, -12902254.9744 7077523.3284, -12902215.4404 7077461.0336, -12902149.4257 7077231.0781, -12902101.858 7077165.6479, -12902012.0687 7077082.6469, -12901900.3243 7077027.0938, -12901775.4983 7076996.3522, -12901569.206 7076970.4349, -12901327.0745 7076980.9852, -12901271.4356 7076952.0246, -12901271.8556 7076909.6818, -12901360.0493 7076859.4325, -12901797.5375 7076820.3142, -12901904.0193 7076796.0057, -12901958.6505 7076764.5042, -12901976.2762 7076742.2665, -12901988.7793 7076678.5032, -12901966.2738 7076414.54469999, -12901943.171 7076357.68639999, -12901903.1237 7076310.319, -12901831.9679 7076263.8855, -12901747.4505 7076238.3549, -12901696.8687 7076179.6783, -12901691.5503 7076123.0255, -12901718.2361 7075927.0617, -12901635.9675 7075622.8863, -12901601.9011 7075430.4486, -12901548.7255 7075387.4002, -12901511.1135 7075378.1853, -12901286.6171 7075346.2893, -12901123.358 7075342.7053, -12901064.304 7075326.5496, -12901018.4717 7075286.333, -12900943.1264 7075141.2084, -12900802.8582 7075048.661, -12900699.4834 7074876.6422, -12900696.0403 7074779.769, -12900732.3087 7074720.8366, -12900795.2163 7074679.6193, -12901016.1672 7074578.4279, -12901076.1354 7074520.4222, -12901121.9025 7074450.6934, -12901219.9309 7074175.588, -12901248.1843 7073967.7458, -12901237.2394 7073843.6673, -12901203.7143 7073767.6483, -12901154.2429 7073705.8848, -12900974.5526 7073600.45579999, -12900889.5779 7073514.8734, -12900854.2239 7073444.2518, -12900804.0155 7073253.7877, -12900740.0908 7073157.8517, -12900472.2349 7073002.1032, -12900255.287 7072781.6067, -12900187.3409 7072669.1968, -12900154.3196 7072546.7301, -12900150.7366 7072424.3672, -12900173.9606 7072350.3295, -12900228.3773 7072280.4552, -12900404.4475 7072128.0244, -12900479.5596 7072024.11379999, -12900494.6567 7071986.0855, -12900485.3727 7071740.1796, -12900519.0193 7071660.9118, -12900544.2308 7071624.9076, -12900622.9444 7071572.9123, -12900804.9863 7071509.5276, -12900881.498 7071468.4134, -12900937.9673 7071414.232, -12900967.4711 7071339.2475, -12900964.905 7071252.1922, -12900922.3852 7071059.1078, -12900924.6898 7070904.0904, -12900975.5981 7070641.78939999, -12901079.0849 7070346.5244, -12901094.6113 7070198.7156, -12901084.954 7070100.6534, -12901028.8393 7069866.9926, -12900834.4065 7069251.4694, -12900687.896 7068900.2425, -12900635.0004 7068838.9008, -12900564.1244 7068801.2717, -12900483.6472 7068785.6699, -12900399.8668 7068790.8575, -12900080.9345 7068913.70489999, -12899956.5003 7068926.9011, -12899794.1556 7068899.7252, -12899686.8341 7068844.9892, -12899592.5381 7068770.1542, -12899379.9571 7068517.8363, -12899209.9519 7068402.0625, -12899130.3424 7068301.1782, -12899090.7617 7068224.0682, -12899002.372 7067975.881, -12898914.1691 7067552.5354, -12898886.8769 7067491.5095, -12898839.0756 7067456.6291, -12898780.5629 7067460.2878, -12898751.8338 7067477.2815, -12898700.7948 7067540.7123, -12898667.792 7067634.2378, -12898612.1904 7067883.989, -12898572.7496 7067960.516, -12898547.9301 7067986.7641, -12898486.954 7068012.6992, -12898430.7924 7067977.2913, -12898409.4159 7067946.3576, -12898387.3582 7067865.3805, -12898368.5196 7067418.6303, -12898316.8463 7067109.75110001, -12898243.3578 7066966.3897, -12898172.8644 7066884.2946, -12898097.2389 7066823.4947, -12898158.3129 7066649.8555, -12898105.3402 7066612.4058, -12898096.8066 7066649.772, -12898111.2607 7066660.4437, -12898089.2277 7066664.9627, -12898082.8158 7066641.7981, -12898067.8912 7066664.8772, -12898062.8173 7066648.01560001, -12898042.598 7066666.2902, -12898018.6731 7066639.236, -12898008.5683 7066675.3126, -12898049.4538 7066699.7319, -12898028.2556 7066698.7566, -12897970.9021 7066642.5779, -12897972.8115 7066624.9537, -12897943.5471 7066623.6575, -12897946.8821 7066610.1233, -12897965.7887 7066622.7279, -12897985.2328 7066587.4604, -12897946.1711 7066537.1614, -12897920.4345 7066542.1912, -12897926.9545 7066497.3166, -12897904.903 7066504.77, -12897873.1983 7066492.3164, -12897870.9407 7066528.2205, -12897862.0107 7066416.3312, -12897849.3403 7066404.3569, -12897830.8681 7066429.4915, -12897812.7843 7066417.8869, -12897790.2444 7066430.9827, -12897779.7716 7066462.1487, -12897794.0616 7066511.9832, -12897785.1658 7066547.6202, -12897762.7952 7066543.687, -12897759.3835 7066505.9785, -12897749.6262 7066520.4983, -12897747.8151 7066507.4539, -12897721.8259 7066501.1475, -12897718.4505 7066529.6639, -12897708.256 7066530.733, -12897720.0678 7066560.3941, -12897735.3942 7066561.9875, -12897717.3996 7066569.0991, -12897715.0655 7066548.7409, -12897692.0249 7066547.4055, -12897678.8384 7066573.8762, -12897670.6502 7066554.3324, -12897689.9859 7066546.7468, -12897664.3832 7066525.3555, -12897678.6443 7066504.1139, -12897709.3006 7066492.5384, -12897710.9574 7066468.1775, -12897699.3575 7066465.0104, -12897493.2822 7066580.2148, -12896971.8776 7066401.4952, -12897036.9598 7066350.4335, -12897081.7123 7065919.6221, -12897028.2822 7065878.7915, -12897010.4608 7065892.7086, -12897017.3295 7065916.0169, -12896981.3791 7065898.1273, -12896975.2145 7065921.8273, -12896987.7999 7065924.6913, -12896973.4572 7065928.1456, -12896975.2445 7065954.032, -12896959.4299 7065941.4071, -12896945.8466 7065953.6512, -12896936.9826 7065947.0852, -12896919.9018 7065947.504, -12896945.8466 7065953.6512, -12896947.9803 7065982.2684, -12896928.5469 7065969.5746, -12896941.9577 7065996.5454, -12896930.2166 7065995.5136, -12896919.8191 7066016.9899, -12896916.191 7066077.282, -12896939.5617 7066075.4788, -12896951.1291 7066090.837, -12896964.6309 7066071.0989, -12896961.5077 7066046.3539, -12896986.9703 7066023.8117, -12897016.1083 7066030.3543, -12896993.3886 7066027.9619, -12896967.4556 7066050.2476, -12896973.9009 7066092.4168, -12896960.0126 7066141.2673, -12896935.7727 7066131.0859, -12896932.8244 7066157.338, -12896951.5304 7066176.556, -12896981.1178 7066168.9798, -12896971.2143 7066178.3764, -12896985.6268 7066221.1821, -12896967.9825 7066220.8438, -12896942.2779 7066194.9636, -12896943.7324 7066173.984, -12896894.8586 7066140.9579, -12896918.5982 7066118.698, -12896910.0906 7066109.8066, -12896880.6027 7066116.5259, -12896883.8017 7066136.11, -12896873.8226 7066139.6571, -12896828.854 7066104.4192, -12896831.7048 7066043.5833, -12896824.8109 7066020.2109, -12896804.7708 7066008.9992, -12896760.701 7066068.2665, -12896758.7929 7066079.2112, -12896782.5422 7066078.9588, -12896779.6923 7066098.4572, -12896772.2921 7066081.67, -12896756.97 7066083.2429, -12896739.3957 7066074.0331, -12896726.0209 7066153.8914, -12896719.7181 7066133.9352, -12896713.5153 7066166.5219, -12896679.7475 7066157.0996, -12896668.0179 7066166.4694, -12896666.1617 7066140.9906, -12896695.8091 7066122.4445, -12896683.1745 7066103.7752, -12896718.4159 7066119.9883, -12896716.0226 7066076.8568, -12896725.9061 7066080.5691, -12896712.1143 7066061.7148, -12896693.9297 7066074.3996, -12896695.3472 7066049.4885, -12896707.3156 7066061.0401, -12896709.556 7066048.0275, -12896676.4016 7066008.9491, -12896682.6536 7065989.1454, -12896649.0141 7065978.189, -12896670.1352 7065976.6027, -12896657.9378 7065971.3477, -12896673.5193 7065947.1907, -12896655.4009 7065895.4063, -12896624.9907 7065895.6132, -12896625.381 7065928.3958, -12896606.8477 7065915.5017, -12896580.4728 7065944.2397, -12896566.2959 7065931.9233, -12896556.2166 7065956.3662, -12896550.4098 7065934.4824, -12896545.9254 7065949.5007, -12896524.3978 7065955.9589, -12896557.5141 7065878.4219, -12896549.8254 7065861.4663, -12896583.7075 7065844.1847, -12896595.0928 7065827.5566, -12896583.2847 7065819.8373, -12896600.9873 7065823.635, -12896655.5837 7065776.6969, -12896663.3728 7065783.1313, -12896659.9443 7065772.8936, -12896686.0835 7065770.2987, -12896674.5366 7065717.409, -12896692.9915 7065712.0259, -12896676.7017 7065696.7048, -12896638.9473 7065700.4241, -12896613.997 7065721.2318, -12896625.1698 7065732.02970001, -12896606.8236 7065725.6862, -12896597.0768 7065736.5664, -12896606.0798 7065753.034, -12896595.1992 7065759.5235, -12896591.7012 7065733.633, -12896572.0956 7065743.6601, -12896589.5512 7065760.1761, -12896565.8657 7065763.6889, -12896570.1659 7065786.2022, -12896557.4967 7065765.5812, -12896546.4078 7065786.3935, -12896545.1155 7065769.637, -12896532.1817 7065766.3993, -12896516.9043 7065780.5435, -12896515.5696 7065869.9022, -12896484.1978 7065840.0114, -12896505.3737 7065761.5228, -12896493.7088 7065747.9517, -12896452.9397 7065762.0254, -12896466.2086 7065789.3839, -12896431.0466 7065786.2704, -12896414.2814 7065757.4218, -12896382.6183 7065773.7395, -12896393.4799 7065723.5082, -12896371.9144 7065698.7373, -12896356.2991 7065710.8333, -12896361.8397 7065694.7272, -12896431.0852 7065648.3487, -12896426.7594 7065632.171, -12896449.0534 7065622.065, -12896446.6594 7065608.147, -12896480.5065 7065601.5453, -12896466.4788 7065565.7601, -12896440.2031 7065564.3854, -12896413.6228 7065544.2836, -12896404.0559 7065501.3869, -12896451.6744 7065448.5409, -12896463.6306 7065456.1347, -12896450.8066 7065440.1771, -12896463.2482 7065424.0106, -12896452.0385 7065395.3221, -12896473.6354 7065363.2988, -12896446.5463 7065323.8636, -12896427.776 7065317.2777, -12896451.9762 7065292.6178, -12896424.3967 7065284.0645, -12896430.54 7065269.7524, -12896409.923 7065250.3789, -12896414.7317 7065237.0518, -12896377.2214 7065261.1779, -12896406.5142 7065331.9729, -12896400.0203 7065342.8834, -12896377.4782 7065295.3621, -12896342.3165 7065278.5191, -12896355.9235 7065264.8197, -12896336.7057 7065260.03, -12896388.2855 7065227.1159, -12896399.1876 7065178.7893, -12896387.1032 7065150.5765, -12896422.1065 7065185.737, -12896437.8616 7065167.6729, -12896430.2116 7065156.1155, -12896442.4075 7065147.0747, -12896423.148 7065114.2274, -12896436.4437 7065105.5192, -12896453.5859 7065121.2294, -12896474.6844 7065080.4366, -12896444.6164 7065069.7968, -12896473.5063 7065035.6921, -12896446.2314 7065018.1362, -12896457.5457 7064983.3152, -12896467.4054 7064986.8761, -12896469.9688 7064993.9677, -12896469.6192 7064987.3718, -12896467.4054 7064986.8761, -12896451.1429 7064897.7211, -12896438.2147 7064897.2643, -12896455.7357 7064889.1491, -12896442.9573 7064865.0439, -12896451.8214 7064858.5569, -12896444.342 7064804.274, -12896423.2985 7064794.5243, -12896401.5726 7064825.3425, -12896383.6685 7064794.4167, -12896392.1417 7064751.7921, -12896424.3283 7064737.7524, -12896420.7294 7064715.3998, -12896392.2941 7064696.0896, -12896348.5254 7064701.2604, -12896355.9617 7064717.1059, -12896334.7657 7064706.4457, -12896340.8118 7064723.7565, -12896331.235 7064716.6102, -12896322.7243 7064741.6619, -12896338.088 7064755.3319, -12896322.3191 7064746.8711, -12896328.4673 7064776.9849, -12896317.093 7064778.2098, -12896339.487 7064799.9706, -12896345.0079 7064790.2242, -12896359.9182 7064797.9924, -12896340.0568 7064816.3238, -12896302.7374 7064791.799, -12896309.46 7064817.3607, -12896300.3851 7064812.2811, -12896296.1519 7064835.5999, -12896315.0779 7064834.2629, -12896316.9386 7064859.3859, -12896304.2454 7064844.1601, -12896288.2251 7064851.2608, -12896278.1876 7064885.5796, -12896288.5987 7064896.9916, -12896269.9389 7064883.2061, -12896264.1364 7064896.4594, -12896270.2129 7064923.5794, -12896280.1365 7064911.8797, -12896325.6579 7064913.3252, -12896351.9594 7064891.2466, -12896344.9938 7064860.105, -12896371.8789 7064884.2012, -12896363.0176 7064881.6827, -12896373.8356 7064944.5906, -12896355.7136 7064924.2066, -12896331.0177 7064947.7873, -12896275.8123 7064945.1431, -12896258.4539 7064937.1101, -12896254.0557 7064912.8541, -12896248.7717 7064961.2204, -12896237.4653 7064934.8883, -12896200.1552 7064942.7495, -12896164.4416 7064932.9628, -12896167.1273 7064945.3901, -12896146.2105 7064951.6329, -12896126.0373 7064942.9426, -12896117.2477 7064918.1933, -12896123.4026 7064926.0245, -12896132.023 7064916.3693, -12896118.1217 7064871.603, -12896130.4049 7064831.4184, -12896152.0273 7064857.9655, -12896155.9619 7064844.0646, -12896173.1152 7064849.6283, -12896175.0368 7064869.4698, -12896191.2517 7064871.0042, -12896194.9883 7064886.5686, -12896206.0391 7064891.6963, -12896223.7137 7064876.0634, -12896183.5532 7064858.3269, -12896176.6416 7064843.4708, -12896189.4294 7064835.5499, -12896170.824 7064839.4086, -12896150.754 7064818.6065, -12896102.711 7064837.18, -12896110.1515 7064818.6279, -12896067.6141 7064807.729, -12896062.8864 7064791.234, -12896043.1566 7064784.5554, -12896046.8583 7064742.6303, -12896016.3862 7064713.8052, -12896086.2787 7064693.8931, -12896087.9789 7064683.0459, -12896071.7352 7064682.1351, -12896070.735 7064655.4643, -12896053.2273 7064649.0953, -12896080.7532 7064634.2003, -12896067.8628 7064608.0751, -12896102.5158 7064594.3314, -12896051.0802 7064600.425, -12896047.7762 7064619.6781, -12896032.0508 7064617.5829, -12896019.1439 7064634.9101, -12896035.8853 7064647.0888, -12896004.8469 7064671.1531, -12896010.1329 7064693.6342, -12895983.1652 7064727.1072, -12896023.8773 7064766.4509, -12896041.7512 7064833.3973, -12896059.3323 7064838.6058, -12896056.489 7064801.2664, -12896065.5613 7064822.8117, -12896102.9368 7064820.5126, -12896091.1851 7064828.6227, -12896110.7859 7064868.1993, -12896101.2518 7064897.4511, -12896111.9524 7064925.3383, -12896096.653 7064952.3838, -12896136.3744 7064981.2389, -12896145.1825 7065034.3953, -12896159.0789 7065034.38359999, -12896156.4047 7065054.7477, -12896140.1922 7065062.4686, -12896146.1611 7065098.1932, -12896184.8836 7065106.3541, -12896185.2283 7065121.9061, -12896196.3291 7065112.0977, -12896206.383 7065129.0111, -12896173.4514 7065128.1468, -12896169.1559 7065110.5827, -12896147.2322 7065127.079, -12896162.3181 7065165.4555, -12896154.637 7065175.4817, -12896133.4086 7065072.1327, -12896111.8081 7065073.8217, -12896108.9971 7065086.6402, -12896079.3009 7065067.6213, -12896059.2879 7065086.138, -12896068.4901 7065102.918, -12896104.6366 7065112.91749999, -12896089.3382 7065122.501, -12896066.9885 7065108.1151, -12896051.5979 7065149.7769, -12896093.6623 7065173.1559, -12896110.7561 7065158.4429, -12896112.8086 7065171.5927, -12896086.1574 7065188.8592, -12896079.0444 7065224.9744, -12896061.2328 7065204.0451, -12896087.209 7065175.9031, -12896042.6397 7065157.5375, -12896041.2702 7065181.4121, -12896025.2404 7065174.6982, -12896006.2621 7065191.5165, -12896006.1863 7065220.9892, -12896004.6238 7065192.5235, -12895960.9111 7065177.2801, -12895926.0697 7065074.015, -12895977.9392 7065055.156, -12896002.1172 7065014.9528, -12895984.3252 7064995.2488, -12895988.6207 7064931.2687, -12896006.6495 7064905.1158, -12896009.4341 7064799.8562, -12895957.1269 7064798.1027, -12895925.642 7064864.665, -12895895.7236 7064891.9452, -12895863.0228 7064879.3643, -12895847.7822 7064857.0986, -12895777.7344 7064872.3632, -12895759.9824 7064899.1646, -12895694.211 7064805.8544, -12895703.9522 7064795.6682, -12895678.7787 7064780.5464, -12895676.6942 7064757.7275, -12895617.9078 7064760.3208, -12895602.7887 7064785.7383, -12895576.7224 7064785.2464, -12895560.4766 7064826.1903, -12895566.4793 7064848.5479, -12895600.5389 7064866.3548, -12895581.3433 7064876.1114, -12895569.608 7064861.5937, -12895536.9155 7064882.2744, -12895567.3205 7064937.4148, -12895569.5961 7064966.7258, -12895520.3944 7065011.6012, -12895513.8098 7065075.96280001, -12895603.589 7065105.6132, -12895625.7317 7065099.0697, -12895634.6404 7065072.8621, -12895642.4533 7065081.8763, -12895632.958 7065093.0943, -12895647.5124 7065102.1015, -12895677.6925 7065097.056, -12895683.6707 7065066.33209999, -12895745.7473 7065111.5324, -12895772.9893 7065099.3099, -12895773.8407 7065072.4076, -12895816.933 7065078.8629, -12895859.0457 7065061.2288, -12895872.0252 7065143.1897, -12895936.765 7065209.111, -12895925.3827 7065209.9883, -12895916.1656 7065241.21589999, -12895896.9129 7065238.4906, -12895885.7609 7065211.88139999, -12895843.3481 7065245.2045, -12895816.514 7065235.4174, -12895808.2111 7065247.6213, -12895762.512 7065250.2557, -12895748.8399 7065262.8068, -12895749.5227 7065287.2972, -12895807.7203 7065281.0676, -12895791.0237 7065286.0245, -12895802.2401 7065309.1634, -12895791.7539 7065321.131, -12895816.8637 7065366.8544, -12895868.3024 7065331.7553, -12895879.3217 7065344.5688, -12895943.0648 7065336.1299, -12895945.5253 7065348.9172, -12895928.5935 7065349.1299, -12895939.357 7065370.0714, -12895920.0752 7065388.635, -12895926.4871 7065405.6347, -12895935.275 7065394.09440001, -12895961.9994 7065399.1942, -12895959.8825 7065423.5585, -12895969.8911 7065393.2998, -12895985.0559 7065421.4803, -12895997.4789 7065396.0596, -12896015.7576 7065391.9582, -12896028.687 7065407.8252, -12896049.6601 7065407.5486, -12896035.4453 7065424.628, -12896065.1533 7065435.0236, -12896017.888 7065446.5023, -12896000.8877 7065497.5543, -12896002.6951 7065476.3798, -12895986.0314 7065458.1269, -12895937.0049 7065462.2191, -12895933.2687 7065476.1174, -12895949.517 7065467.1316, -12895936.3941 7065485.0195, -12895962.6454 7065501.8948, -12895963.8495 7065529.4164, -12895976.0954 7065516.2335, -12895990.9387 7065541.6911, -12895969.3545 7065552.2931, -12895983.8141 7065566.5692, -12895948.3659 7065596.5927, -12895953.3748 7065581.1237, -12895915.8626 7065574.4371, -12895909.6406 7065598.1056, -12895885.5887 7065594.9949, -12895879.5189 7065609.1403, -12895896.8987 7065620.5412, -12895894.7136 7065635.0589, -12895912.8562 7065637.0238, -12895915.7978 7065666.1635, -12895904.3229 7065674.0337, -12895887.2926 7065659.0217, -12895855.8183 7065676.9882, -12895861.7953 7065690.5182, -12895911.1238 7065695.6656, -12895963.8618 7065748.7479, -12895957.3251 7065758.6982, -12895923.2589 7065736.6902, -12895884.419 7065761.166, -12895902.8012 7065724.1432, -12895858.707 7065712.9232, -12895839.9412 7065727.3746, -12895801.4451 7065722.2577, -12895788.7697 7065751.308, -12895796.3809 7065766.7038, -12895779.7548 7065779.2193, -12895786.5216 7065804.9027, -12895767.1997 7065761.7782, -12895719.589 7065751.1311, -12895713.3309 7065772.9127, -12895713.4443 7065785.7206, -12895736.157 7065796.8012, -12895747.7495 7065861.6565, -12895759.0635 7065868.5681, -12895773.6405 7065856.5392, -12895814.5802 7065895.453, -12895794.4864 7065933.8208, -12895817.5714 7065939.6352, -12895813.3645 7065959.2221, -12895835.3731 7065981.7879, -12895851.1683 7065965.6835, -12895859.7979 7066003.2875, -12895873.5622 7066012.3599, -12895863.5765 7066024.5057, -12895905.2105 7066027.3762, -12895895.4996 7066060.9385, -12895906.189 7066065.4731, -12895908.753 7066036.6269, -12895923.4419 7066037.902, -12895912.1522 7066051.4061, -12895929.813 7066063.6603, -12895929.2756 7066090.73260001, -12895883.4129 7066086.0444, -12895874.153 7066046.4888, -12895873.0694 7066057.8704, -12895860.4185 7066045.4301, -12895847.1446 7066062.6691, -12895851.9709 7066041.1975, -12895828.3633 7066045.5634, -12895834.8192 7066054.486, -12895823.8954 7066061.0124, -12895831.1073 7066031.773, -12895836.2456 7066040.1264, -12895843.902 7066027.6594, -12895766.6887 7065982.1976, -12895777.5363 7065949.4013, -12895725.332 7065895.5954, -12895687.0765 7065914.9882, -12895656.2375 7065913.8397, -12895648.9388 7065901.4671, -12895694.429 7065874.959, -12895696.8218 7065821.1261, -12895665.3405 7065799.4034, -12895673.0932 7065783.866, -12895655.854 7065741.5635, -12895612.3869 7065752.7069, -12895642.0837 7065729.4924, -12895670.032 7065664.7602, -12895696.5113 7065648.5538, -12895639.658 7065630.5801, -12895623.5208 7065687.9118, -12895563.3164 7065679.4418, -12895538.203 7065662.8936, -12895516.0285 7065671.6187, -12895503.5062 7065685.9046, -12895523.812 7065703.921, -12895518.3907 7065720.5889, -12895540.1696 7065721.8084, -12895534.9313 7065730.5835, -12895559.5701 7065733.2418, -12895562.5323 7065744.2722, -12895544.0392 7065778.2156, -12895519.8828 7065779.9043, -12895515.4001 7065835.5706, -12895503.9205 7065795.6756, -12895423.9435 7065782.1246, -12895396.7262 7065756.05, -12895453.5828 7065729.3493, -12895434.97 7065711.5611, -12895437.969 7065693.7857, -12895421.0555 7065691.5495, -12895428.1643 7065682.37, -12895537.3141 7065618.3547, -12895520.9101 7065612.2092, -12895530.5314 7065586.2183, -12895515.0321 7065576.4545, -12895525.3066 7065562.7435, -12895516.0336 7065546.3699, -12895494.6599 7065550.5675, -12895505.9991 7065578.4958, -12895480.82 7065584.1983, -12895476.5383 7065600.1519, -12895473.5383 7065587.4824, -12895467.3717 7065609.9596, -12895445.8314 7065608.0354, -12895424.9691 7065640.6923, -12895402.9619 7065645.4517, -12895406.0983 7065669.2499, -12895399.3665 7065663.5346, -12895400.3814 7065655.024, -12895396.4153 7065662.5778, -12895399.3665 7065663.5346, -12895398.0379 7065683.2855, -12895357.2407 7065706.4011, -12895335.6151 7065727.7948, -12895342.1298 7065736.3211, -12895306.6903 7065739.417, -12895321.4452 7065760.5093, -12895296.0204 7065769.812, -12895307.0012 7065796.0908, -12895321.9564 7065795.7031, -12895324.6716 7065837.9111, -12895351.1325 7065851.3105, -12895356.1426 7065879.5061, -12895372.1927 7065880.2642, -12895366.0164 7065904.2361, -12895380.6286 7065935.2328, -12895418.8821 7065927.7498, -12895359.1536 7065940.9296, -12895334.5714 7065987.7511, -12895344.6522 7066006.9892, -12895329.1888 7066027.1677, -12895359.9875 7066036.6076, -12895370.1195 7066057.0241, -12895347.421 7066079.2924, -12895351.2456 7066094.956, -12895388.8614 7066103.7786, -12895346.9376 7066126.3264, -12895388.7563 7066164.6064, -12895385.7055 7066179.9097, -12895375.0086 7066177.8776, -12895390.0498 7066205.6706, -12895361.5962 7066193.4242, -12895372.8335 7066207.8317, -12895360.1805 7066212.3168, -12895358.4056 7066187.7003, -12895300.095 7066141.8274, -12895292.0325 7066162.7375, -12895260.2687 7066153.3513, -12895212.9511 7066162.9005, -12895206.1899 7066153.9931, -12895224.6673 7066156.1418, -12895241.0825 7066136.0081, -12895236.5411 7066104.3666, -12895152.3923 7066059.7649, -12895153.3363 7066042.657, -12895132.8863 7066023.5116, -12895146.5313 7065993.2285, -12895129.9564 7065980.529, -12895114.3817 7065989.6928, -12895126.7891 7065941.9058, -12895110.9597 7065940.2291, -12895106.1953 7065960.888, -12895080.1873 7065970.704, -12895075.2047 7065954.4404, -12895059.4697 7065963.112, -12895034.4669 7065942.0339, -12895005.006 7065944.1516, -12895051.0663 7065923.7757, -12895030.0273 7065924.8348, -12895031.8273 7065909.9079, -12895058.8751 7065905.2444, -12895018.3299 7065885.2405, -12895016.7734 7065872.5116, -12894998.3302 7065874.6859, -12895008.3813 7065856.8549, -12894983.1111 7065843.941, -12894968.647 7065880.3951, -12894950.3266 7065857.6346, -12894925.6585 7065853.0125, -12894958.3594 7065856.4001, -12894968.2084 7065823.8428, -12894948.9899 7065810.4456, -12894962.2574 7065803.6204, -12894909.9861 7065763.3057, -12894850.3866 7065730.3498, -12894840.9312 7065736.413, -12894840.7741 7065678.7154, -12894821.1987 7065670.0553, -12894826.0275 7065684.2727, -12894802.1028 7065680.1963, -12894794.963 7065693.3304, -12894787.9463 7065658.5609, -12894767.3631 7065669.0193, -12894750.3751 7065637.6487, -12894760.1324 7065631.671, -12894742.5434 7065634.6949, -12894737.6805 7065616.9994, -12894727.3172 7065628.3305, -12894666.533 7065625.1171, -12894644.5254 7065590.95, -12894642.706 7065609.0207, -12894624.0048 7065613.328, -12894622.2786 7065602.4228, -12894594.9385 7065596.9447, -12894612.2655 7065521.7417, -12894583.4199 7065515.6499, -12894600.4596 7065514.3983, -12894598.6789 7065485.1911, -12894579.4312 7065481.5122, -12894573.2491 7065507.42, -12894553.6451 7065510.9696, -12894550.8013 7065465.1257, -12894512.8197 7065465.7572, -12894491.3567 7065484.7718, -12894492.7355 7065460.1734, -12894482.8353 7065478.6118, -12894464.193 7065473.7982, -12894445.5005 7065509.6769, -12894426.432 7065495.2974, -12894394.2114 7065499.8049, -12894420.472 7065520.0742, -12894412.3061 7065534.1794, -12894384.4802 7065520.4255, -12894369.4612 7065543.5404, -12894350.3831 7065519.0436, -12894329.6133 7065520.1145, -12894324.1331 7065457.8738, -12894332.7581 7065469.444, -12894340.0006 7065447.7683, -12894318.8765 7065441.5309, -12894341.9628 7065440.9069, -12894353.7349 7065399.1324, -12894338.2716 7065400.4524, -12894343.707 7065383.8212, -12894302.4298 7065365.4445, -12894235.567 7065285.5035, -12894250.2612 7065272.26829999, -12894231.1554 7065219.52179999, -12894247.6825 7065188.3676, -12894228.5591 7065173.5882, -12894230.122 7065151.6762, -12894215.6457 7065145.798, -12894206.795 7065227.2179, -12894164.7822 7065172.9478, -12894134.5084 7065166.9877, -12894095.0881 7065191.9899, -12894116.7425 7065145.124, -12894098.1527 7065134.8524, -12894072.5354 7065148.4158, -12894076.0136 7065106.8699, -12894064.1375 7065092.8932, -12894037.0463 7065098.7555, -12893999.3367 7065080.0873, -12893998.271 7065097.3624, -12893959.7785 7065093.0778, -12893988.4557 7065012.7843, -12893988.5672 7064974.7096, -12893998.9515 7064975.0999, -12893980.1626 7064953.0413, -12894057.1023 7064897.6278, -12894021.2716 7064892.4703, -12894027.2025 7064866.9135, -12894010.259 7064825.5691, -12893992.1313 7064821.2301, -12893982.8269 7064790.8104, -12893953.3802 7064780.3783, -12893945.6554 7064749.1935, -12893926.3224 7064748.3798, -12893939.8725 7064730.6028, -12893922.4823 7064729.1927, -12893923.2973 7064680.2229, -12893661.1581 7064870.3069, -12893347.1897 7064739.58, -12892676.6002 7064681.6827, -12891695.0411 7064258.0395, -12891633.7977 7063783.8941, -12891738.0003 7063585.3135, -12891851.4272 7063494.0222, -12891902.8414 7063519.3621, -12891949.9046 7063601.2953, -12892013.3509 7063610.5985, -12892026.9364 7063678.9337, -12892020.1705 7063733.6997, -12892083.7357 7063752.6939, -12892072.7422 7063709.113, -12892164.5601 7063761.6016, -12892262.4941 7063871.3263, -12892260.0496 7063921.736, -12892301.617 7063974.9186, -12892355.4331 7063980.3126, -12892440.9523 7064020.7666, -12892522.0505 7064011.175, -12892539.7922 7064027.4149, -12892526.834 7064067.0495, -12892499.7765 7064087.644, -12892561.8772 7064096.7249, -12892638.7886 7064022.7596, -12892713.8555 7063994.9246, -12892744.7593 7064018.6674, -12892715.0727 7064041.1219, -12892720.4781 7064247.8468, -12892735.0913 7064306.3274, -12892766.7109 7064307.5876, -12892782.1519 7064370.3293, -12892830.2338 7064374.3507, -12892889.7267 7064345.1124, -12892892.9695 7064366.2635, -12892964.9695 7064400.0497, -12893038.0528 7064388.2915, -12893068.7656 7064464.9082, -12893138.2146 7064548.4111, -12893155.3396 7064606.7588, -12893213.383 7064628.577, -12893232.5386 7064602.9705, -12893263.3651 7064616.2979, -12893273.9109 7064608.1146, -12893263.3568 7064572.4588, -12893358.8546 7064623.6007, -12893372.9663 7064645.0618, -12893353.0213 7064668.4654, -12893448.8434 7064671.76160001, -12893449.4157 7064578.2393, -12893334.1832 7064570.3183, -12893315.3766 7064537.7126, -12893274.002 7064527.8729, -12893265.5811 7064503.6734, -12893235.519 7064526.9339, -12893189.3597 7064490.2491, -12893199.4026 7064454.209, -12893172.231 7064403.0208, -12893272.083 7064398.6279, -12893273.6806 7064358.8086, -12893294.1801 7064346.0165, -12893375.8773 7064351.5747, -12893375.7531 7064314.6478, -12893358.1008 7064306.9791, -12893410.5632 7064288.0672, -12893423.0127 7064265.3307, -12893333.825 7064274.9574, -12893343.1772 7064233.8919, -12893299.1731 7064254.7631, -12893293.3105 7064284.0406, -12893269.4722 7064283.6629, -12893176.1122 7064154.2455, -12893229.8931 7064131.8811, -12893323.6614 7064162.482, -12893342.2788 7064126.8995, -12893346.6285 7064059.3468, -12893299.9902 7064041.0297, -12893272.2817 7064043.866, -12893229.6481 7064006.2846, -12893200.0168 7064005.943, -12893155.3101 7064098.4377, -12893105.1361 7064086.6488, -12893122.144 7064052.8821, -12893095.532 7064013.6547, -12893326.8171 7063684.4882, -12893374.2096 7063639.4159, -12893414.0122 7063647.4043, -12893435.4813 7063636.8752, -12893454.589 7063668.4482, -12893421.53 7063706.8634, -12893482.9087 7063711.8595, -12893549.7145 7063285.5986, -12893669.5094 7063248.6744, -12893753.8495 7063203.3978, -12893792.9358 7063174.3072, -12893881.1948 7063061.7592, -12893920.7663 7062978.843, -12893939.7169 7062895.3246, -12893932.8682 7062792.0091, -12893914.1789 7062733.2627, -12893866.0138 7062664.0133, -12893802.3787 7062609.5084, -12893555.8617 7062508.3375, -12892911.3442 7062361.0582, -12892749.3634 7062312.7015, -12892378.627 7062170.5855, -12892220.4158 7062151.5989, -12891782.1252 7062136.3937, -12891717.8554 7062113.9543, -12891686.4298 7062076.8424, -12891672.0137 7062022.2086, -12891661.2183 7061694.5614, -12891667.0407 7061357.6977, -12891679.4319 7061226.8408, -12891726.9158 7061027.4947, -12891679.4225 7060873.8628, -12891674.4867 7060819.198, -12891693.6706 7060687.7237, -12891768.7081 7060522.0826, -12891766.8233 7060480.4692, -12891643.8635 7060339.0124, -12891558.0305 7060171.9381, -12891386.2338 7059935.0548, -12891232.9187 7059815.3797, -12891202.8985 7059805.3498, -12891005.8187 7059609.8435, -12890941.8131 7059516.2151, -12890721.1796 7059109.4583, -12890672.7907 7058862.6204, -12890392.9913 7058402.235, -12890350.0048 7058310.1093, -12890426.8716 7058175.664, -12890680.2481 7057998.1112, -12890805.655 7057715.9455, -12890669.7975 7057436.766, -12890699.6564 7057129.2205, -12890565.2919 7056915.7302, -12890598.1364 7056723.1409, -12890532.447 7056521.5941, -12890335.379 7056448.44, -12890162.1981 7056555.9316, -12890184.5922 7056820.1818, -12890065.1571 7056894.8288, -12889972.595 7056856.0125, -12889823.3009 7056941.1102, -12889624.7315 7056484.7359, -12889930.7842 7056080.1495, -12890121.8804 7056072.6847, -12890269.6814 7056233.922, -12890350.3001 7055996.5448, -12889853.9234 7055587.2199, -12889586.687 7055308.04, -12889376.1826 7055322.9696, -12889580.7154 7055236.379, -12889331.3944 7055158.7462, -12889483.6743 7055103.5073, -12889480.6885 7054858.6653, -12889343.3778 7054840.26, -12889208.8036 7054990.855, -12888790.1338 7054615.2488, -12888738.8674 7054708.169, -12888806.1546 7054812.3038, -12888806.1547 7054899.617, -12888773.3122 7054889.2035, -12888685.9992 7054791.4769, -12888603.4922 7054853.9577, -12888613.9057 7054770.6499, -12888407.2383 7054773.854, -12888447.2901 7054668.9183, -12888595.4818 7054661.7089, -12888596.283 7054630.46850001, -12888573.8539 7054600.0291, -12888595.4817 7054539.9513, -12888781.3224 7054571.9928, -12888799.7463 7054538.3491, -12888761.2965 7054497.4963, -12888783.7255 7054439.8216, -12888738.8674 7054383.7491, -12888542.6134 7054398.9687, -12888525.7916 7054475.8683, -12888499.3575 7054470.2612, -12888503.3625 7054418.9947, -12888446.489 7054374.1367, -12888255.8422 7054407.7802, -12888172.5344 7054394.9636, -12888029.9498 7054310.0538, -12887945.8409 7054303.6454, -12887915.4014 7054334.0848, -12887868.9415 7054260.3894, -12887752.1951 7054205.1178, -12887524.2094 7054004.7726, -12887450.5141 7054071.2587, -12887512.1938 7054136.1425, -12887468.9378 7054169.7861, -12887373.6144 7054140.1477, -12887322.3624 7054186.205, -12887141.6193 7054196.7113, -12887053.9669 7054068.9993, -12886899.3294 7053723.2843, -12886816.6222 7053401.86860001, -12886797.7463 7053286.18199999, -12886788.7734 7053042.7438, -12886840.1926 7052933.4781, -12886986.9511 7052955.974, -12886910.8937 7053035.2451, -12886954.8142 7053097.3764, -12887148.707 7053027.7465, -12887211.9096 7053017.034, -12887289.0384 7053078.0943, -12887326.1875 7053052.7277, -12887315.4752 7052948.8184, -12887192.2838 7052909.1828, -12887197.6399 7052879.1883, -12887252.2727 7052832.0541, -12887158.0043 7052734.5722, -12887210.4947 7052643.5176, -12887302.2882 7052647.5526, -12887417.836 7052768.9999, -12887524.0009 7052839.6725, -12887606.1854 7052862.2186, -12887729.4718 7052843.1527, -12887801.0662 7052803.3313, -12887862.2664 7052747.7289, -12888131.6342 7052445.9338, -12888276.6518 7052243.4845, -12888340.7351 7052210.8604, -12888423.9554 7052208.0452, -12888613.4059 7052273.4577, -12888667.0386 7052278.2515, -12888703.7922 7052248.8098, -12888711.1261 7052224.3652, -12888686.4652 7052138.004, -12888435.9548 7051882.5229, -12888349.4873 7051691.9809, -12888277.5011 7051614.1875, -12888165.906 7051565.4351, -12887935.7085 7051520.4438, -12887843.232 7051463.2631, -12887737.9166 7051314.1398, -12887584.2495 7050954.6277, -12887549.1755 7050899.7419, -12887476.5174 7050836.6783, -12887360.3129 7050792.5435, -12887321.0773 7050762.2629, -12887306.6987 7050718.9884, -12887328.8685 7050645.6376, -12887328.9431 7050589.4247, -12887295.1286 7050530.515, -12887118.9466 7050375.8819, -12886949.7999 7050291.7846, -12886839.5671 7050280.1436, -12886729.6982 7050318.5998, -12886668.9459 7050371.5742, -12886598.4152 7050476.2807, -12886547.8523 7050593.8339, -12886524.3481 7050715.9236, -12886532.0553 7050845.9977, -12886602.8378 7051111.8911, -12886608.3429 7051198.6633, -12886590.1013 7051282.5669, -12886513.4218 7051424.1834, -12886393.625 7051555.4339, -12886313.6983 7051586.2805, -12886231.9521 7051559.2497, -12886170.6587 7051479.7842, -12886129.697 7051378.8801, -12886038.9656 7050983.3293, -12886020.7791 7050623.2079, -12886033.3112 7050516.7626, -12886081.5884 7050385.8183, -12886076.0832 7050289.65, -12885872.1143 7049954.1529, -12885652.9644 7049769.5124, -12885590.6261 7049691.1045, -12885557.894 7049596.0858, -12885531.5349 7049388.7218, -12885492.486 7049296.9118, -12885446.1777 7049250.675, -12885384.026 7049223.0112, -12885051.3215 7049224.4807, -12884854.5747 7049136.1197, -12884748.9231 7049120.533, -12884464.6169 7049180.85499999, -12884406.4868 7049215.3739, -12884317.0146 7049305.7915, -12884269.167 7049326.8347, -12884242.8637 7049323.6924, -12884192.0207 7049284.467, -12884153.2984 7049224.9417, -12883953.6683 7048825.8087, -12883830.0179 7048661.2666, -12883748.4586 7048526.3744, -12883735.7501 7048466.417, -12883742.8602 7048408.9532, -12883795.9798 7048339.7348, -12884137.7818 7048244.7169, -12884524.2869 7048082.0862, -12884564.7169 7048022.7182, -12884535.5025 7047945.4219, -12884437.8568 7047861.1313, -12884320.2621 7047814.4025, -12884231.5739 7047809.2833, -12884084.9606 7047833.1751, -12884010.0633 7047816.9738, -12883874.6656 7047692.0683, -12883732.7832 7047641.8471, -12883680.0367 7047610.3047, -12883556.825 7047454.908, -12883385.1031 7047334.9471, -12883292.6731 7047220.5603, -12883162.7339 7046955.5001, -12883139.9298 7046856.1695, -12883135.1432 7046690.9569, -12883088.5271 7046609.7352, -12882834.8536 7046399.0343, -12882701.8447 7046325.2152, -12882409.4021 7046214.4683, -12882078.8343 7046147.2692, -12881979.873 7046106.9735, -12881926.604 7046057.3796, -12881799.3895 7045865.6412, -12881719.7521 7045781.0054, -12881749.492 7045665.0793, -12881744.2756 7045602.6578, -12881702.2829 7045595.6236, -12881698.4856 7045619.5863, -12881658.7586 7045642.8841, -12881665.267 7045617.6147, -12881629.8961 7045613.7468, -12881620.8689 7045580.1796, -12881608.5286 7045580.2499, -12881570.986 7045534.2021, -12881540.8806 7045526.6213, -12881543.1824 7045510.514, -12881526.0991 7045497.8212, -12881551.3628 7045390.9304, -12881524.4574 7045373.0505, -12881539.0506 7045352.0761, -12881525.2248 7045330.238, -12881489.624 7045303.6772, -12881440.855 7045326.9704, -12881428.5138 7045268.6775, -12881346.6568 7045257.5441, -12881295.1088 7045200.1649, -12881319.4216 7045189.6337, -12881331.4174 7045201.6496, -12881349.062 7045187.5502, -12881331.6545 7045170.2371, -12881337.226 7045139.3926, -12881359.9932 7045140.1111, -12881407.8067 7045101.2825, -12881428.118 7045117.4818, -12881465.0737 7045078.712, -12881511.7952 7045072.5726, -12881518.9949 7045057.925, -12881569.4935 7045073.15779999, -12881567.6456 7045088.7968, -12881596.97 7045103.067, -12881602.1493 7045124.0348, -12881703.3211 7045136.2288, -12881721.5332 7045163.1224, -12881765.1619 7045159.7572, -12881797.405 7045191.8371, -12881833.5206 7045202.8614, -12881907.4021 7045284.0419, -12882016.4184 7045318.02049999, -12882095.7521 7045442.9025, -12882121.0889 7045499.3466, -12882116.0331 7045550.9438, -12882137.6464 7045592.5959, -12882122.1554 7045726.602, -12882087.3465 7045783.9661, -12882139.2057 7045859.2505, -12882172.2304 7045837.9926, -12882180.2575 7045765.659, -12882235.622 7045771.251, -12882241.1426 7045749.6446, -12882267.7695 7045756.0172, -12882280.8989 7045737.2615, -12882279.0611 7045699.1694, -12882324.3266 7045749.1609, -12882355.5336 7045749.1761, -12882372.9588 7045773.1809, -12882372.9244 7045802.7442, -12882407.9092 7045834.5708, -12882433.514 7045822.5245, -12882493.7983 7045836.0729, -12882511.6629 7045919.2258, -12882504.4825 7045948.0423, -12882551.7359 7046019.529, -12882550.3323 7046034.941, -12882606.4065 7046048.3883, -12882628.6026 7046091.4792, -12882650.4642 7046075.7544, -12882662.1206 7046086.8494, -12882694.7787 7046078.3523, -12882712.4309 7046060.1469, -12882719.1527 7046078.6561, -12882764.9835 7046106.8456, -12882820.7893 7046069.714, -12882870.2205 7046107.9193, -12882891.2021 7046099.6181, -12882913.9884 7046113.0263, -12882921.4154 7046087.449, -12882952.1259 7046088.0545, -12882953.0818 7046052.2394, -12883008.3267 7046036.5511, -12883009.5821 7046048.2374, -12883045.8558 7046058.1968, -12883040.1033 7046083.2144, -12883066.961 7046092.5135, -12883112.3338 7046149.8427, -12883159.7632 7046170.2128, -12883241.249 7046144.8563, -12883262.127 7046149.9391, -12883267.0094 7046104.2544, -12883298.0483 7046103.2538, -12883299.5866 7046054.8393, -12883314.8687 7046035.8148, -12883291.3304 7045986.5777, -12883314.5431 7045968.2839, -12883298.1785 7045938.2566, -12883329.9468 7045905.2197, -12883344.4614 7045899.5704, -12883350.7042 7045910.2774, -12883367.5753 7045888.1414, -12883383.9959 7045902.8371, -12883413.3745 7045875.5967, -12883396.5088 7045860.6341, -12883412.6436 7045847.7172, -12883409.9081 7045829.3545, -12883338.7167 7045741.1757, -12883299.1406 7045714.2807, -12883309.4256 7045699.7343, -12883268.672 7045683.0027, -12883231.2342 7045647.418, -12883173.7007 7045552.7974, -12883100.1893 7045527.422, -12883105.3588 7045511.8388, -12883086.7377 7045467.2134, -12883031.3686 7045487.4862, -12882961.7909 7045430.4103, -12882945.2358 7045432.8143, -12882907.5111 7045405.4456, -12882878.4437 7045354.6551, -12882834.1416 7045325.2252, -12882807.1756 7045341.1234, -12882799.4547 7045297.4397, -12882758.1901 7045295.0647, -12882752.996 7045248.2315, -12882686.3366 7045220.9564, -12882670.2327 7045240.8787, -12882680.2208 7045244.3247, -12882665.9358 7045277.5584, -12882672.7721 7045310.3671, -12882648.337 7045338.5338, -12882655.4589 7045370.5966, -12882638.152 7045400.5125, -12882703.8646 7045467.8229, -12882724.672 7045522.2626, -12882741.9666 7045685.71720001, -12882708.3453 7045733.5019, -12882683.4894 7045719.9655, -12882648.2417 7045729.4948, -12882603.9053 7045718.4542, -12882582.4385 7045680.3804, -12882489.4421 7045630.6755, -12882461.6841 7045581.5306, -12882328.86 7045458.4831, -12882281.215 7045396.8198, -12882265.3899 7045352.5017, -12882250.8419 7045346.8868, -12882233.4323 7045217.7388, -12882164.4884 7045126.2588, -12882153.0332 7045081.81, -12882165.9188 7045032.9907, -12882194.8111 7045035.8628, -12882251.0461 7045014.7584, -12882255.4796 7044964.9594, -12882233.9909 7044949.5465, -12882174.6624 7044953.0724, -12882119.6692 7044866.6238, -12882026.9536 7044816.14, -12882033.8046 7044751.3218, -12881986.4627 7044738.4912, -12881970.7031 7044711.5932, -12881977.4672 7044677.3866, -12882011.8764 7044701.8582, -12882051.7512 7044687.7681, -12882048.9897 7044660.0951, -12882000.0183 7044601.4618, -12882010.9793 7044545.0613, -12882047.1738 7044536.579, -12882073.4521 7044554.2383, -12882121.2426 7044552.905, -12882155.7786 7044590.3489, -12882161.5609 7044636.3919, -12882176.7982 7044650.4768, -12882180.9585 7044640.965, -12882196.9348 7044652.5686, -12882211.0222 7044644.0163, -12882205.0077 7044663.0508, -12882245.5095 7044661.9127, -12882252.0694 7044705.5752, -12882233.8812 7044723.0743, -12882278.3417 7044782.7542, -12882284.6914 7044841.8161, -12882318.9202 7044859.0505, -12882322.6906 7044881.2298, -12882356.2351 7044913.2789, -12882391.5586 7045022.3523, -12882499.2098 7045006.2606, -12882522.2256 7044984.4202, -12882628.7774 7045017.0851, -12882703.8599 7044971.5747, -12882751.508 7044961.1623, -12882782.3916 7044987.5268, -12882847.3273 7045004.7765, -12882856.6635 7044974.5011, -12882885.8932 7044964.069, -12882923.7575 7044912.3199, -12882922.5462 7044870.9679, -12882903.3215 7044826.4759, -12882921.9312 7044805.2263, -12882924.5959 7044765.8302, -12882846.9961 7044636.4938, -12882789.8638 7044580.0632, -12882753.3635 7044507.7584, -12882774.244 7044439.7651, -12882761.1024 7044361.0853, -12882806.6961 7044337.9489, -12882818.0913 7044294.3632, -12882798.1846 7044191.6915, -12882763.9328 7044166.0755, -12882680.2986 7044141.8252, -12882610.552 7044066.9932, -12882495.6604 7044059.5923, -12882376.8665 7043992.9448, -12882346.7385 7043923.1266, -12882272.3358 7043854.8239, -12882267.0898 7043807.8277, -12882222.3735 7043789.3549, -12882196.986 7043703.2142, -12882151.0546 7043666.4326, -12882063.2825 7043650.7016, -12882045.5699 7043619.695, -12882046.3144 7043572.3894, -12882027.8522 7043559.9129, -12882011.3583 7043503.101, -12881790.5522 7043515.2328, -12881639.9672 7043507.9312, -12881575.4397 7043417.0322, -12881487.1427 7043372.1661, -12881471.4629 7043336.9816, -12881441.8181 7043324.336, -12881411.761 7043349.4402, -12881384.5443 7043350.3579, -12881347.5884 7043333.0894, -12881228.1907 7043191.0743, -12881126.0705 7043142.1039, -12881067.9991 7043091.49539999, -12881032.8516 7043030.5043, -12880907.0396 7042987.2589, -12880831.8462 7042998.9105, -12880729.451 7042981.6799, -12880725.1711 7043000.2384, -12880569.0177 7042985.9243, -12880574.6955 7042921.2218, -12880560.6186 7042864.4584, -12880524.3396 7042829.7097, -12880498.0538 7042824.5894, -12880455.3986 7042775.0183, -12880407.7053 7042760.3437, -12880395.281 7042774.4911, -12880391.6592 7042831.8092, -12880321.9677 7042920.0722, -12880321.5897 7042938.9011, -12880354.6793 7042985.5428, -12880344.3189 7043029.9821, -12880395.4502 7043047.2633, -12880388.4579 7043078.60939999, -12880399.1586 7043121.8213, -12880431.085 7043143.0693, -12880468.0556 7043203.43289999, -12880514.6977 7043225.3281, -12880557.9154 7043272.8651, -12880520.141 7043362.4188, -12880470.3806 7043437.6582, -12880463.8203 7043505.2283, -12880366.1402 7043514.7768, -12880341.6574 7043538.8323, -12880323.5527 7043586.5468, -12880273.0108 7043584.6436, -12880240.2158 7043544.4839, -12880220.5558 7043540.9783, -12880237.219 7043547.1199, -12880273.9967 7043620.789, -12880357.9343 7043577.0904, -12880398.9828 7043574.3464, -12880430.6144 7043682.3489, -12880467.1967 7043725.8568, -12880626.0756 7043793.4045, -12880607.6482 7043810.9979, -12880620.1388 7043900.09179999, -12880617.3997 7044148.8442, -12880590.6287 7044229.9152, -12880600.6644 7044293.3398, -12880653.4241 7044332.1911, -12880640.8972 7044407.0855, -12880608.9009 7044419.621, -12880625.0937 7044485.5034, -12880620.2133 7044498.8996, -12880569.1405 7044510.9071, -12880539.1411 7044493.5049, -12880499.3895 7044492.7655, -12880473.806 7044532.6058, -12880499.8975 7044583.2552, -12880493.3661 7044601.0333, -12880448.7277 7044599.1875, -12880425.7444 7044631.9757, -12880418.323 7044617.8392, -12880385.9101 7044613.4806, -12880380.862 7044575.0636, -12880351.4972 7044552.7087, -12880337.6213 7044503.3624, -12880309.518 7044479.5951, -12880280.8815 7044474.5905, -12880263.3988 7044435.2317, -12880170.7108 7044421.5845, -12880175.7935 7044407.1595, -12880122.8016 7044384.0575, -12880088.2816 7044401.2578, -12880077.5804 7044394.8042, -12880069.9823 7044404.9368, -12880083.6235 7044417.4724, -12880062.2321 7044434.8569, -12880055.1226 7044500.2015, -12880037.1419 7044515.9111, -12880036.3857 7044553.0368, -12879998.4378 7044631.9695, -12880015.4284 7044644.5088, -12879973.8819 7044678.1616, -12879951.6887 7044738.6241, -12880014.7172 7044893.9703, -12880011.2476 7044918.8071, -12880042.5216 7044968.9874, -12880047.5257 7045091.7859, -12879955.5407 7045149.7065, -12879923.1108 7045139.3906, -12879898.9603 7045153.1481, -12879724.8186 7045081.4919, -12879695.1524 7045079.1239, -12879654.1994 7045111.6135, -12879668.2762 7045112.6235, -12879891.4591 7045437.0412, -12879919.6097 7045544.3082, -12879969.6689 7045608.8768, -12880035.0116 7045665.1326, -12880150.5723 7045728.1318, -12880460.6405 7045826.4249, -12880528.736 7045887.4876, -12880534.5209 7045936.6505, -12880524.8263 7045958.599, -12880486.3652 7045990.1348, -12880427.8058 7046001.4645, -12880166.8636 7045995.7216, -12880007.7753 7045971.3584, -12879887.0362 7045929.7119, -12879786.9179 7045840.4968, -12879670.2283 7045618.6041, -12879600.9912 7045537.7531, -12879504.1446 7045478.877, -12879050.4372 7045296.586, -12878939.4393 7045268.2719, -12878871.6174 7045284.5281, -12878731.4344 7045271.4966, -12878495.9886 7045290.0386, -12878413.804 7045281.2803, -12878336.5459 7045256.2945, -12878051.07 7045067.9133, -12877885.0107 7044874.3136, -12877884.5053 7044832.877, -12877650.2549 7044458.2984, -12877549.2969 7044322.0245, -12877457.0257 7044232.5851, -12877315.1992 7044166.5279, -12877257.3769 7044114.1494, -12877242.2426 7044062.6933, -12877253.2061 7044000.5666, -12877353.4831 7043860.5901, -12877384.8063 7043772.0699, -12877378.0788 7043713.0702, -12877348.7806 7043662.6008, -12877278.5486 7043608.6948, -12877219.9144 7043587.4793, -12876926.5482 7043541.2833, -12876818.8438 7043504.016, -12876750.8046 7043459.5703, -12876686.6933 7043375.1164, -12876660.6048 7043295.8499, -12876643.4643 7043103.8421, -12876538.2795 7042955.4693, -12876518.7877 7042903.6222, -12876515.3819 7042846.1676, -12876543.5887 7042734.7038, -12876540.3883 7042682.2958, -12876463.634 7042582.5421, -12876435.1382 7042521.1143, -12876434.0651 7042448.5417, -12876450.9723 7042375.3686, -12876550.2043 7042146.1298, -12876543.0663 7042044.7351, -12876515.8394 7041983.7487, -12876444.7209 7041908.6196, -12876169.4283 7041763.705, -12876059.186 7041640.9953, -12875967.7631 7041470.2859, -12875802.2753 7041290.5663, -12875637.2656 7041142.4137, -12875287.9738 7040923.2909, -12875136.1611 7040786.7271, -12875126.0331 7040655.0598, -12875228.0593 7040538.5831, -12875383.4056 7040569.4319, -12875549.5463 7040678.4263, -12876069.7405 7041139.0129, -12876268.2684 7041269.8087, -12876443.0415 7041334.8893, -12876923.5907 7041397.7841, -12877011.1313 7041417.7363, -12877136.881 7041468.7774, -12877250.1463 7041548.4239, -12877314.2854 7041615.1544, -12877368.4034 7041690.7885, -12877501.8043 7041937.4999, -12877611.3186 7042077.1927, -12877694.2684 7042154.0025, -12877755.8323 7042170.6376, -12877787.0248 7042165.1707, -12877842.0013 7042128.5424, -12877882.2353 7042026.9367, -12877884.456 7041778.6216, -12877945.787 7041465.9676, -12877843.2239 7040783.3771, -12877864.5725 7040681.0313, -12877937.2679 7040612.3799, -12878056.9155 7040608.788, -12878613.9203 7040819.7416, -12878771.525 7040862.5796, -12878884.7903 7040870.8724, -12878985.8137 7040850.1874, -12879066.7948 7040792.0604, -12879118.6922 7040704.8863, -12879166.5493 7040552.0606, -12879209.4798 7040506.2495, -12879266.7796 7040481.099, -12879361.7102 7040479.639, -12879460.7834 7040517.6026, -12879581.2017 7040592.8019, -12879600.1331 7040680.74099999, -12879625.4348 7040701.293, -12879755.0755 7040728.7054, -12879805.9051 7040723.9002, -12879806.9705 7040750.9935, -12879890.6663 7040831.9267, -12879970.3467 7040833.2502, -12880052.7727 7040894.1749, -12880064.6232 7040926.1838, -12880110.3269 7040942.3165, -12880218.2373 7040852.4863, -12880271.0038 7040841.6749, -12880403.9169 7040733.1518, -12880439.9226 7040737.3312, -12880506.5943 7040669.7199, -12880580.5007 7040629.9131, -12880607.9637 7040558.10279999, -12880594.2525 7040520.8034, -12880521.7731 7040494.0004, -12880522.8916 7040474.2094, -12880545.511 7040455.9177, -12880560.6656 7040468.2008, -12880587.4164 7040458.9231, -12880626.849 7040472.0008, -12880645.1928 7040427.5147, -12880660.5133 7040424.2292, -12880700.9237 7040453.439, -12880735.9227 7040439.3801, -12880789.6016 7040462.0567, -12880835.2768 7040458.0243, -12880850.2872 7040472.6238, -12880867.0876 7040442.86159999, -12880922.7122 7040488.2224, -12880915.1232 7040437.9584, -12880892.0038 7040407.5492, -12880923.9384 7040354.963, -12880887.8868 7040327.3697, -12880878.3641 7040300.9019, -12880851.8012 7040314.0534, -12880845.6256 7040382.3281, -12880808.4401 7040391.1579, -12880798.2069 7040370.8398, -12880822.8997 7040343.9607, -12880795.7366 7040330.4844, -12880805.1673 7040321.3614, -12880770.5332 7040338.9006, -12880753.4014 7040314.98879999, -12880751.5715 7040279.9628, -12880730.7815 7040266.9066, -12880680.8326 7040276.7436, -12880631.4332 7040216.4856, -12880624.4401 7040176.3429, -12880583.9556 7040186.3688, -12880572.2331 7040170.2488, -12880578.9353 7040114.0154, -12880594.4982 7040091.1055, -12880631.4961 7040121.661, -12880640.7751 7040107.4994, -12880700.9926 7040153.0336, -12880716.2059 7040196.6208, -12880738.6238 7040187.284, -12880751.5044 7040195.286, -12880759.3471 7040232.7571, -12880774.6463 7040233.5989, -12880792.2612 7040282.873, -12880803.0768 7040284.813, -12880808.2008 7040323.4274, -12880856.734 7040294.4824, -12880853.0034 7040258.3912, -12880864.7806 7040271.6274, -12880912.8441 7040249.0782, -12880907.2669 7040222.8418, -12880865.8671 7040208.2445, -12880839.9846 7040214.1458, -12880829.0227 7040193.6794, -12880844.919 7040168.5932, -12880816.5909 7040171.2005, -12880801.9641 7040145.9241, -12880773.0204 7040131.5077, -12880767.0339 7040112.8699, -12880792.1287 7040096.0371, -12880773.7213 7040043.9396, -12880750.7028 7040026.3294, -12880728.5623 7040028.6799, -12880688.9697 7039991.1061, -12880662.5052 7040030.9233, -12880657.3758 7040019.8898, -12880637.5125 7040021.9404, -12880638.987 7039979.9179, -12880623.5895 7039963.5803, -12880616.1615 7039920.7898, -12880590.4104 7039909.7092, -12880592.935 7039887.5178, -12880603.8037 7039889.54, -12880574.4533 7039838.9502, -12880584.1703 7039820.0738, -12880564.4504 7039763.4825, -12880578.6863 7039767.1794, -12880583.6953 7039747.2347, -12880623.3027 7039733.5298, -12880618.8494 7039693.612, -12880637.8589 7039695.7247, -12880677.8784 7039668.3864, -12880709.0078 7039675.98129999, -12880734.6433 7039624.4154, -12880720.0487 7039590.1712, -12880657.4816 7039568.8636, -12880660.9829 7039510.1344, -12880631.9059 7039469.8144, -12880660.7053 7039461.4299, -12880697.67 7039483.8327, -12880720.7383 7039482.7856, -12880732.3295 7039430.9926, -12880697.301 7039346.4114, -12880655.3109 7039327.708, -12880601.0258 7039329.5059, -12880588.8205 7039316.4906, -12880553.5219 7039201.7017, -12880524.2975 7039191.5344, -12880516.6264 7039175.9063, -12880529.14 7039135.3629, -12880521.0355 7039118.201, -12880449.1695 7039093.0615, -12880457.9879 7039067.268, -12880448.2289 7038994.6241, -12880411.1085 7038975.7297, -12880400.6347 7038954.7794, -12880410.344 7038856.8254, -12880395.5101 7038783.7008, -12880372.4293 7038766.6812, -12880192.9412 7038763.7135, -12880140.0367 7038768.1038, -12880101.1771 7038794.7217, -12879823.6172 7038680.7777, -12879426.2135 7038626.7101, -12879276.3441 7038591.183, -12879179.5941 7038540.4183, -12878974.2723 7038341.0626, -12878755.5141 7038250.2855, -12878753.128 7038191.7161, -12878731.3151 7038135.29070001, -12878809.5453 7037943.8366, -12878817.6067 7037874.2958, -12878805.4603 7037801.7201, -12878752.6809 7037728.5347, -12878606.595 7037665.4774, -12878554.4238 7037613.6872, -12878544.3097 7037563.1293, -12878574.4781 7037447.0701, -12878557.365 7037358.5343, -12878529.9184 7037325.0942, -12878424.1455 7037269.0242, -12878396.4782 7037234.4672, -12878393.0415 7037186.3056, -12878427.9437 7037033.4371, -12878425.7439 7036936.6282, -12878383.0843 7036859.5061, -12878273.9346 7036790.7989, -12878237.6753 7036743.5784, -12878229.5278 7036701.4151, -12878249.3576 7036534.7763, -12878167.7226 7036321.5437, -12878132.7742 7036092.0788, -12878285.7144 7035681.7493, -12878692.6148 7035672.0336, -12878713.6941 7035373.478, -12878805.246 7035143.7633, -12878824.6601 7035062.03, -12878820.0291 7034979.3838, -12878773.0156 7034813.1844, -12878791.4738 7034703.9477, -12879250.1657 7033983.5816, -12879314.5171 7033908.8638, -12879387.3328 7033864.3771, -12879467.7307 7033852.5639, -12879631.8086 7033875.9524, -12879735.2046 7033805.1245, -12879790.5101 7033792.6281, -12879888.8019 7033811.3901, -12879966.5973 7033853.2067, -12880054.4151 7033945.0819, -12880141.2245 7034086.9321, -12880187.1841 7034325.1071, -12880218.166 7034398.9609, -12880347.9386 7034545.372, -12880434.6467 7034605.8741, -12880503.4674 7034616.2801, -12880639.4857 7034605.2107, -12880785.7614 7034665.4698, -12880825.6633 7034669.2482, -12880876.8018 7034645.1204, -12880995.4723 7034532.2681, -12881073.22 7034501.2577, -12881130.7689 7034498.1255, -12881208.9857 7034526.3115, -12881274.8621 7034606.6219, -12881285.914 7034673.5664, -12881261.9827 7034803.2366, -12881292.5333 7034840.9653, -12881413.8815 7034863.0353, -12881569.057 7034864.2676, -12881969.1657 7034799.3132, -12882028.9448 7034815.3941, -12882095.8348 7034885.3721, -12882148.1594 7034919.6688, -12882214.8022 7034929.3232, -12882258.424 7034911.1311, -12882289.5486 7034870.2932, -12882298.4658 7034810.9595, -12882234.2415 7034467.4563, -12882194.823 7034354.5824, -12882066.2326 7034102.9469, -12882056.7019 7033953.462, -12882158.9577 7033619.8262, -12882376.8768 7033142.6327, -12882525.5865 7032894.948, -12882541.5157 7032795.5795, -12882518.835 7032738.5444, -12882472.4208 7032700.1793, -12882297.984 7032649.9994, -12882198.8739 7032595.7648, -12882036.1425 7032425.4957, -12881972.7944 7032376.7706, -12881859.4397 7032337.0222, -12881563.3733 7032291.4631, -12881466.637 7032261.7517, -12881207.3261 7032085.3932, -12880959.4315 7031952.595, -12880907.3772 7031909.2208, -12880872.9055 7031856.7601, -12880859.6255 7031799.6374, -12880860.7655 7031709.9054, -12880893.2075 7031560.4713, -12880944.6972 7031490.1768, -12881072.6251 7031385.1628, -12881167.424 7031278.3661, -12881212.1109 7031246.2763, -12881259.7608 7031232.6689, -12881308.7461 7031239.7367, -12881457.0809 7031307.0405, -12881504.5179 7031302.3899, -12881545.9493 7031265.013, -12881652.4382 7030952.9949, -12881741.8587 7030770.5732, -12881765.1077 7030666.7406, -12881743.5825 7030566.3712, -12881550.4401 7030342.1763, -12881497.6971 7030314.8011, -12881361.3527 7030301.163, -12881293.4137 7030279.4299, -12881187.1524 7030219.7763, -12881139.1164 7030173.7359, -12880846.5574 7029976.2781, -12880753.0721 7029925.3002, -12880609.1928 7029874.9729, -12880416.3254 7029832.9848, -12880351.8314 7029801.0438, -12880286.6105 7029728.2142, -12880262.085 7029583.2154, -12880224.4901 7029543.399, -12880166.3506 7029527.1858, -12880096.5147 7029541.8318, -12879998.4152 7029588.1563, -12879909.1992 7029681.2546, -12879785.4285 7029869.6297, -12879590.5701 7030279.1161, -12879481.0839 7030460.1331, -12879337.2881 7030595.3141, -12879167.0346 7030664.0353, -12878982.3948 7030617.8125, -12878941.093 7030661.0863, -12878890.4112 7030669.4066, -12878861.8404 7030635.7233, -12878851.4624 7030574.0468, -12878873.0156 7030215.9616, -12878849.1554 7030126.7543, -12878862.1738 7030079.7808, -12878771.4011 7029649.2616, -12878699.989 7029461.2483, -12878579.9343 7029376.357, -12878221.2556 7029361.1748, -12878069.8619 7029212.7966, -12877605.7828 7027526.0854, -12877483.2368 7027036.7719, -12877212.9932 7026107.6331, -12876977.9156 7025209.5132, -12877012.4563 7025179.8901, -12876967.339 7025056.203, -12877006.5541 7024176.3533, -12877027.1427 7024078.7922, -12877067.8022 7024018.7138, -12877159.2663 7023956.3216, -12877362.6207 7023892.7388, -12877510.7671 7023778.1043, -12877676.4331 7023708.4598, -12877724.7014 7023663.9692, -12877739.1888 7023621.6069, -12877731.8501 7023576.5667, -12877706.6356 7023533.6674, -12877544.9979 7023364.0829, -12877464.3668 7023302.0518, -12877354.3452 7023175.4094, -12877292.9333 7023152.6686, -12877048.2387 7023120.9673, -12876966.9955 7023076.9291, -12876900.8613 7022965.4931, -12876838.2261 7022736.6217, -12876834.514 7022668.6037, -12876871.9909 7022429.2166, -12876869.0677 7022216.3804, -12876951.6948 7022051.6883, -12876987.4024 7021840.2862, -12876983.1529 7021696.3362, -12876923.8059 7021507.9058, -12876993.2158 7021094.9116, -12876981.7031 7021014.9673, -12876912.794 7020834.9393, -12876901.372 7020766.5552, -12876940.6923 7020424.7063, -12876976.8916 7020228.1394, -12876980.9573 7020078.5055, -12876949.3302 7019968.7524, -12876979.4292 7019817.0957, -12876872.5919 7019776.5636, -12876827.5275 7019707.596, -12876783.356 7019688.7516, -12876743.1909 7019691.8808, -12876720.4991 7019675.7699, -12876661.2741 7019668.9624, -12876602.683 7019610.3207, -12876549.6071 7019588.6802, -12876516.3083 7019622.3427, -12876437.9096 7019566.8858, -12876431.6212 7019511.7613, -12876208.7459 7019578.3758, -12876118.1714 7019708.0971, -12876111.4567 7019793.2438, -12875974.7317 7019828.1233, -12875899.4898 7019734.0695, -12875838.6001 7019704.0263, -12875775.6919 7019749.565, -12875725.6927 7019695.169, -12875698.2749 7019608.8362, -12875598.8098 7019522.0163, -12875479.3199 7019509.4334, -12875394.5564 7019417.263, -12875247.9198 7019363.7104, -12875205.9079 7019301.9754, -12875168.3862 7019293.5029, -12875157.4928 7019277.8546, -12875149.9311 7019220.265, -12875166.44 7019228.2861, -12875185.4178 7019216.256, -12875207.1876 7019228.3453, -12875231.0755 7019196.136, -12875249.0262 7019228.6131, -12875290.24 7019159.6478, -12875272.1944 7019111.3898, -12875277.5501 7019009.844, -12875216.8343 7018889.6201, -12875209.3494 7018836.7036, -12875195.944 7018834.7143, -12875191.7356 7018852.4212, -12875144.9112 7018884.6552, -12875109.4403 7018883.8942, -12875104.7317 7018868.1364, -12875073.0696 7018887.8904, -12875076.2737 7018910.3573, -12875061.7668 7018922.1812, -12875070.6706 7018944.1262, -12875093.7627 7018938.2861, -12875142.9268 7018967.6289, -12875124.7167 7018999.845, -12875081.3858 7019019.3314, -12875022.7284 7019015.3306, -12875019.9592 7019032.9925, -12875063.4879 7019071.3272, -12875006.3172 7019144.0098, -12874938.6443 7019081.5689, -12874957.5528 7019013.9744, -12875001.7261 7019004.3179, -12875028.3665 7018887.1267, -12875024.8576 7018679.1526, -12873058.2755 7018668.2516, -12872999.7382 7018653.9522, -12872952.8317 7018618.4392, -12872916.9639 7018534.8707, -12872904.6758 7018402.5066, -12872907.6595 7017906.3305, -12872953.9519 7017830.6262, -12873035.2821 7017797.5963, -12873155.2549 7017817.5805, -12873204.2015 7017847.135, -12873234.1038 7017892.0201, -12873239.1565 7017973.559, -12873210.029 7018134.2187, -12873226.6109 7018330.2449, -12873277.6468 7018424.4344, -12873363.5669 7018480.1998, -12873520.631 7018506.8921, -12873803.0985 7018526.1482, -12874194.4956 7018516.1265, -12874722.3314 7018553.3186, -12874720.9861 7018494.1077, -12874735.7834 7018447.0952, -12874735.6577 7018414.8444, -12874714.5556 7018380.9037, -12874724.5119 7018330.3825, -12874655.3977 7018268.7215, -12874640.2425 7018232.1334, -12874618.4993 7018212.7493, -12874556.8216 7018244.5179, -12874499.4634 7018231.7307, -12874524.3843 7018184.8111, -12874523.2299 7018148.32, -12874457.8259 7018099.3396, -12874416.7975 7018100.8142, -12874408.5659 7018084.8216, -12874416.6553 7018045.7233, -12874402.3884 7018017.3057, -12874416.367 7017952.994, -12874390.9081 7017896.2403, -12874391.77 7017806.6191, -12874360.2901 7017760.9899, -12874365.2225 7017725.5597, -12874390.6015 7017709.3069, -12874369.5138 7017666.3812, -12874308.0372 7017620.6678, -12874147.2523 7017540.2752, -12874092.1042 7017489.3695, -12874087.8356 7017436.4294, -12874122.0312 7017338.506, -12874233.95 7017220.282, -12874247.2881 7017158.9265, -12874219.7631 7017057.9207, -12874159.8628 7016988.5627, -12874131.3399 7016929.4731, -12874196.1181 7016887.6778, -12874167.7813 7016780.0448, -12874221.7139 7016687.9655, -12874310.3753 7016659.2736, -12874341.5157 7016633.5682, -12874367.3886 7016606.1252, -12874394.9002 7016541.84350001, -12874392.5893 7016475.9013, -12874287.3544 7016365.0285, -12874238.8804 7016236.3408, -12874183.1835 7016253.5908, -12874164.1726 7016279.2548, -12874147.6169 7016272.5163, -12874139.7764 7016241.5855, -12874162.7545 7016198.6621, -12874125.9543 7016138.078, -12874092.135 7016187.3617, -12874066.8256 7016188.3817, -12874056.4771 7016208.2077, -12874023.1669 7016219.0004, -12874006.2512 7016214.9796, -12873972.1219 7016171.2651, -12873956.8173 7016177.2745, -12873948.6601 7016162.6258, -12873926.3998 7016161.06189999, -12873911.0246 7016124.8794, -12873915.0413 7016068.9147, -12873952.0704 7016027.0123, -12873960.4522 7016045.4823, -12873993.2219 7016025.8814, -12873999.5744 7015970.9169, -12873985.1754 7015962.7829, -12873966.7188 7015904.2199, -12873875.5139 7015817.7975, -12873891.3613 7015749.1161, -12873862.0544 7015689.6684, -12873878.9998 7015690.4754, -12873836.5867 7015663.8974, -12873827.5293 7015642.5559, -12873840.6962 7015633.344, -12873842.275 7015594.2719, -12873891.6678 7015632.0387, -12873934.4672 7015611.8916, -12873957.5174 7015616.0618, -12873957.601 7015546.161, -12873968.9372 7015533.2606, -12874046.2524 7015539.3452, -12874070.8213 7015475.8859, -12874048.7078 7015385.0142, -12874001.8817 7015347.5339, -12873923.3702 7015347.9799, -12873883.1094 7015297.7316, -12873841.2425 7015271.6957, -12873653.4763 7015227.0505, -12873534.6889 7015157.1367, -12873430.8748 7015023.9506, -12873404.8273 7015026.0587, -12873278.9139 7014968.3935, -12873217.9183 7014893.33, -12873101.9994 7014861.5375, -12873040.0839 7014795.1618, -12872925.7691 7014724.2957, -12872889.6518 7014685.2231, -12872845.7122 7014526.7383, -12872855.1851 7014487.8139, -12872882.0995 7014470.7565, -12872973.5066 7014469.1003, -12873012.5243 7014481.3221, -12873075.3882 7014469.8311, -12873146.8044 7014507.9277, -12873200.4219 7014501.6036, -12873365.0692 7014531.2134, -12873481.0098 7014585.3204, -12873498.2786 7014576.8266, -12873503.8915 7014556.1679, -12873610.2536 7014529.0375, -12874339.8308 7014423.7631, -12874578.3103 7014226.4038, -12874610.2798 7014123.9196, -12874412.4077 7014023.2467, -12874182.6515 7013966.3689, -12873941.5142 7013722.0158, -12873982.3476 7013588.7654, -12873971.3838 7013415.1226, -12873946.0083 7013236.7683, -12873888.4453 7013047.3417, -12873613.6033 7012685.6608, -12873528.6855 7012466.06449999, -12873513.0287 7012227.4419, -12873507.3686 7011508.022, -12873523.0826 7010805.2582, -12873611.4823 7010168.3606, -12873642.351 7010077.1534, -12873655.6882 7009554.6914, -12873680.2491 7009375.8697, -12873756.7248 7009048.5756, -12873756.8594 7008893.9521, -12873723.1314 7008796.5606, -12873688.7135 7008615.0264, -12873725.1424 7008514.8765, -12873838.554 7008464.9185, -12874131.616 7008517.7673, -12874263.6451 7008524.3367, -12874355.9916 7008457.7523, -12874364.3557 7008324.2867, -12874282.8999 7008161.0766, -12873959.9755 7007855.6303, -12873817.3739 7007678.6127, -12873717.7762 7007479.3959, -12873673.9083 7007267.5713, -12873684.9409 7007056.4865, -12873773.3803 7006869.5243, -12873921.6213 7006731.8401, -12874119.0307 7006679.3804, -12874326.9765 7006711.2447, -12874513.8501 7006808.0069, -12874687.6843 7006922.8733, -12874881.2678 7007005.0154, -12875307.4167 7007080.6754, -12875511.8251 7007151.8615, -12876068.8858 7007438.1005, -12876248.7063 7007513.6582, -12876429.7332 7007557.6255, -12876602.5056 7007575.5577, -12876767.0818 7007561.1528, -12876919.3735 7007514.0456, -12877028.8512 7007386.2292, -12877067.7764 7007200.7147, -12877037.3231 7006993.7539, -12876937.5812 7006793.2463, -12876580.9839 7006286.1957, -12876367.6082 7006067.2121, -12876352.8243 7005981.8026, -12875799.3532 7005522.3344, -12875562.4104 7005260.91219999, -12875444.4621 7005043.2562, -12875388.3892 7004803.0924, -12875412.2716 7004562.9163, -12875544.568 7004094.7484, -12875560.0044 7003842.1817, -12875542.7347 7003084.3983, -12875516.1888 7002841.0857, -12875454.8254 7002605.2052, -12875183.5521 7001915.1899, -12875046.6965 7001446.1583, -12874994.6966 7001211.1287, -12874988.2328 7000974.14689999, -12874999.632 7000736.5555, -12874978.9862 7000495.7673, -12874879.1712 7000269.1757, -12874611.7612 6999832.9161, -12874507.9631 6999596.6261, -12874443.8435 6999346.0202, -12874426.288 6999088.9844, -12874462.757 6998835.5128, -12874542.3169 6998598.7145, -12874850.2921 6997971.7536, -12874907.3131 6997745, -12874894.2774 6997505.3619, -12874783.8901 6997112.0568, -12874751.7139 6996873.4729, -12874746.4563 6996414.1507, -12874688.3714 6996201.2335, -12874620.695 6995997.8826, -12874516.0115 6995768.7361, -12874449.3947 6995689.96809999, -12874371.946 6995660.7682, -12874240.2207 6995657.0867, -12874159.0871 6995637.4885, -12873749.5945 6995594.4362, -12873560.1071 6995582.3376, -12873383.7501 6995589.8957, -12873233.512 6995655.4831, -12873148.6369 6995787.9971, -12873138.1329 6995937.1549, -12873148.6733 6996074.2605, -12873109.0905 6996196.9973, -12872978.9989 6996249.9163, -12872812.3921 6996198.1632, -12872665.986 6996070.0897, -12872558.6627 6995896.0058, -12872491.7025 6995698.9574, -12872431.0834 6995295.638, -12872441.5509 6995107.638, -12872507.3677 6994945.4717, -12872633.3581 6994818.7577, -12872815.9649 6994766.9982, -12873413.9412 6994752.0211, -12873760.2461 6994721.6116, -12873903.0415 6994666.2828, -12873983.3478 6994526.6876, -12873988.6906 6994379.9035, -12873767.4548 6994003.1702, -12873698.9495 6993838.8253, -12873598.0191 6993697.4416, -12873439.3626 6993616.47600001, -12873258.6953 6993619.3552, -12873099.5084 6993646.9609, -12872938.2739 6993641.1221, -12872834.3812 6993581.297, -12872777.5366 6993434.9169, -12872774.9476 6993263.2091, -12872719.6863 6993092.3949, -12872587.1315 6992966.0032, -12872420.655 6992911.2659, -12872255.2668 6992898.8147, -12872104.4319 6992918.8289, -12871881.8656 6993027.5795, -12871756.9621 6993014.0827, -12871630.6125 6992906.3249, -12871516.643 6992753.27130001, -12871060.0556 6992236.4559, -12870973.6809 6992117.9993, -12870939.0307 6991972.7853, -12870985.4523 6991819.522, -12871110.6085 6991530.9236, -12871194.7399 6991414.7921, -12871321.7595 6991346.7457, -12871468.4394 6991295.3075, -12871598.1353 6991192.0402, -12871663.0299 6991016.6251, -12871648.8681 6990800.4471, -12871393.2058 6990125.2938, -12871323.0656 6989901.0191, -12871278.385 6989684.5771, -12871301.6171 6989483.4333, -12871398.6513 6989318.095, -12871511.3984 6989229.8651, -12871535.8185 6989179.8033, -12871981.8054 6989164.9, -12872201.0739 6989122.5866, -12872397.3057 6989011.6258, -12872552.0469 6988841.1663, -12872787.2791 6988434.3071, -12872950.6418 6988266.6522, -12873144.0704 6988134.3865, -12873354.9906 6988029.3867, -12873583.6157 6987964.9406, -12874055.9592 6987870.7657, -12874299.3667 6987855.4052, -12874540.1848 6987879.1554, -12874765.0496 6987958.1426, -12874960.2524 6988088.0547, -12875681.8877 6988707.7171, -12876426.8124 6989260.9684, -12876618.3807 6989375.4568, -12877008.1695 6989574.4466, -12877364.9773 6989791.4527, -12877867.7517 6990010.8002, -12877969.596 6990102.743, -12877985.994 6990223.8883, -12877887.1765 6990343.4355, -12877567.9295 6990459.2038, -12877432.2521 6990535.7402, -12877305.6481 6990587.7409, -12877167.3469 6990582.1686, -12876882.5809 6990453.9448, -12876739.7374 6990332.7105, -12876468.9872 6989993.1442, -12876290.5564 6989841.5618, -12876064.0585 6989745.8808, -12875813.3549 6989711.2092, -12875557.1516 6989720.7692, -12875306.6327 6989712.6382, -12875066.1263 6989674.6062, -12874833.5754 6989670.2647, -12874416.6357 6989743.0973, -12874238.2401 6989800.6255, -12874100.9022 6989910.1415, -12873930.2827 6990165.268, -12873736.6621 6990278.0566, -12873698.5815 6990360.705, -12873747.9615 6990506.0261, -12873886.8488 6990600.8974, -12874138.071 6990710.5059, -12874241.7635 6990835.3774, -12874266.5163 6991012.782, -12874224.2797 6991204.8031, -12874127.8824 6991376.4956, -12873968.5054 6991505.6271, -12873624.3403 6991730.1364, -12873461.7626 6991863.9338, -12873356.443 6992044.6334, -12873377.5501 6992294.3077, -12873476.0746 6992463.5664, -12873532.7708 6992641.3124, -12873449.0903 6992996.351, -12873520.9254 6993151.7488, -12873672.2989 6993227.3908, -12873844.663 6993202.5364, -12873926.8539 6993138.0412, -12874042.2838 6993071.786, -12874057.3762 6993022.3649, -12874111.9713 6992969.4194, -12874283.8907 6992933.5744, -12874447.1377 6993037.8748, -12874529.1526 6993236.627, -12874574.9938 6993699.8515, -12874689.8772 6993911.7442, -12874763.2024 6993981.538, -12874811.6458 6994070.3723, -12874872.8457 6994133.2286, -12874941.6037 6994166.7647, -12874987.4814 6994161.6536, -12875285.9384 6994381.7737, -12875461.4853 6994559.1001, -12875604.7691 6994760.1436, -12875709.9311 6994977.8382, -12875783.5266 6995202.9309, -12875934.854 6995867.0067, -12875964.402 6996296.7033, -12875954.7655 6996683.7744, -12875994.0867 6996855.7267, -12876106.0196 6996988.1764, -12876286.6914 6997032.3472, -12876641.9087 6997028.0327, -12876790.2245 6997071.8727, -12876899.8036 6997195.1861, -12877064.9646 6997493.7002, -12877338.1133 6997715.4138, -12877427.581 6997870.4541, -12877536.479 6998191.4842, -12877638.9025 6998310.9459, -12877790.8718 6998343.4472, -12877932.2252 6998277.4146, -12878024.4092 6998128.1478, -12878075.7168 6997953.4555, -12878101.5937 6997779.4291, -12878071.7446 6997447.2247, -12878107.6774 6997301.6284, -12878208.3009 6997194.5073, -12878371.0464 6997118.4378, -12878509.5741 6997203.7683, -12878809.4287 6997324.8804, -12879065.0155 6997469.3661, -12879297.085 6997696.5532, -12879479.7554 6997733.83869999, -12879677.1474 6997725.8985, -12879858.6207 6997750.8272, -12880021.5481 6997798.1857, -12880181.657 6997813.3907, -12880329.2805 6997750.0151, -12880462.5284 6997660.4411, -12880629.4872 6997647.2729, -12880800.3133 6997739.7234, -12880966.8675 6997887.4454, -12881165.2766 6998033.4087, -12881407.7541 6998131.2322, -12882188.5544 6998291.6997, -12882430.6956 6998369.5305, -12882647.2378 6998503.1188, -12882852.451 6998650.4647, -12883084.5985 6998744.8113, -12883563.8685 6998883.0183, -12883778.3966 6998995.3027, -12884288.9768 6999486.4791, -12884943.9014 6999970.8478, -12885096.9035 7000007.5538, -12885233.9808 6999928.3577, -12885293.7281 6999741.6506, -12885328.6244 6999530.3417, -12885430.9833 6999341.67409999, -12885606.3867 6999209.123, -12885818.1186 6999157.8184, -12886041.5738 6999173.3721, -12886252.8682 6999267.7101, -12886445.7329 6999404.2109, -12886658.3785 6999522.2057, -12887120.1021 6999705.3793, -12887337.0979 6999820.5783, -12887707.3001 7000106.8861, -12888008.9017 7000423.9488, -12888119.9578 7000569.9665, -12888203.1911 7000718.8032, -12888223.1819 7000878.1433, -12888225.7013 7001035.4007, -12888343.812 7001159.0246, -12888482.7532 7001275.6538, -12888707.3171 7001552.528, -12888825.7317 7001673.2383, -12888992.7435 7001695.0816, -12889154.5518 7001606.38, -12889295.9537 7001442.2675, -12889468.6289 7001359.4677, -12889673.787 7001384.8595, -12890214.0444 7001702.7751, -12890402.2813 7001771.8694, -12890722.3268 7001843.5625, -12890832.9585 7001906.3402, -12890895.5595 7002052.1289, -12890881.1879 7002165.1511, -12890770.7416 7002302.7101, -12890675.9202 7002368.2568, -12890528.6047 7002435.989, -12890420.8826 7002529.8517, -12890404.4832 7002681.5926, -12890489.8243 7002821.8402, -12890637.2527 7002916.7969, -12890812.337 7002936.9149, -12890969.2424 7002864.9474, -12891100.5309 7002741.0197, -12891244.4165 7002654.524, -12891407.6811 7002659.3373, -12891668.0596 7002757.5692, -12891796.0574 7002742.7954, -12891886.9138 7002619.7384, -12891903.9838 7002453.567, -12891869.0467 7002280.9429, -12891799.1799 7002123.0179, -12891682.6195 7002000.6318, -12891534.3931 7001911.739, -12891227.773 7001757.571, -12891104.2768 7001640.4731, -12891038.908 7001479.0074, -12891025.0008 7001306.7308, -12891080.3783 7001136.3034, -12891168.1768 7000979.2857, -12891204.392 7000845.1246, -12891167.064 7000608.7083, -12891049.7444 7000434.6838, -12890886.598 7000285.4827, -12890741.8031 7000196.8049, -12890480.1861 7000064.787, -12890259.3928 6999973.8196, -12890032.62 6999900.8575, -12889799.9384 6999850.0051, -12889102.8268 6999786.4911, -12888896.1832 6999716.0632, -12888727.6565 6999584.3069, -12888600.1976 6999413.9569, -12888529.5732 6999211.7481, -12888426.227 6998782.3518, -12888333.0594 6998579.5126, -12888193.8064 6998396.4831, -12888005.5881 6998257.3055, -12887593.1034 6998036.721, -12887382.7333 6997949.0384, -12886963.0493 6997802.0485, -12886399.0303 6997511.2319, -12886198.4146 6997445.2145, -12885797.9611 6997363.8943, -12885628.5681 6997262.1131, -12885479.8448 6997084.664, -12885144.9569 6996538.7657, -12885050.4303 6996338.1959, -12884912.7914 6995697.4892, -12884773.6036 6995520.5703, -12884172.5027 6995108.1183, -12883759.6056 6994741.2261, -12883705.565 6994761.4134, -12883693.0385 6994689.2512, -12883267.9615 6994380.02, -12883127.6475 6994228.7287, -12883041.5117 6994050.5636, -12883014.9478 6993863.4227, -12883033.6367 6993678.2003, -12883019.6409 6993492.3175, -12882923.2149 6993330.9904, -12882641.4811 6993067.6856, -12882537.1273 6992923.9942, -12882497.6235 6992764.1758, -12882567.7645 6992620.9277, -12882687.1778 6992510.1289, -12882788.3082 6992389.5638, -12882814.6298 6992229.1471, -12882727.5868 6992079.2883, -12882585.621 6991978.5284, -12882439.2269 6991898.67, -12882281.9977 6991873.4556, -12882138.8299 6991969.2789, -12882048.6171 6992139.273, -12881984.1272 6992330.3693, -12881903.5536 6992511.2999, -12881733.8568 6992621.0269, -12881509.1249 6992614.80039999, -12881292.2604 6992538.7549, -12881083.2196 6992442.6478, -12880931.8194 6992283.3763, -12880812.5245 6992102.2626, -12880773.7092 6991891.7414, -12880842.5711 6991683.0216, -12880981.8304 6991515.6709, -12881165.6112 6991417.528, -12881541.2093 6991306.1127, -12881679.2944 6991159.5032, -12881737.2455 6990931.0745, -12881673.163 6990818.9316, -12881737.2005 6990697.941, -12881756.6243 6990631.0044, -12881784.0802 6990344.2591, -12881824.2805 6990262.7289, -12881852.873 6990090.97119999, -12881914.6242 6989512.1559, -12881970.3018 6989355.3389, -12882052.0455 6989228.3498, -12882186.4208 6989157.9183, -12882347.6555 6989193.4499, -12882481.4262 6989287.5127, -12882573.2123 6989403.9668, -12882679.408 6989612.634, -12882762.2771 6989630.6294, -12882819.8322 6989566.1267, -12882800.0018 6989325.6618, -12882813.4055 6989242.6515, -12882844.607 6989194.7532, -12882931.6173 6989147.8858, -12882970.6646 6989148.2177, -12883012.2603 6989168.14459999, -12883033.4602 6989161.89239999, -12883227.6938 6989227.3579, -12883425.9145 6989334.247, -12883686.638 6989441.5188, -12883845.1345 6989484.0964, -12884060.4788 6989497.6941, -12884267.5156 6989449.4071, -12884451.3671 6989348.32109999, -12884599.5124 6989203.1383, -12884713.5308 6989034.9391, -12884875.041 6988695.898, -12885002.5688 6988553.9033, -12885068.4212 6988525.7255, -12885120.4897 6988532.1921, -12885226.3506 6988626.8904, -12885267.2944 6988795.8451, -12885191.8036 6988957.956, -12885073.3881 6989088.9627, -12884696.0337 6989314.6486, -12884678.765 6989419.1242, -12884768.3723 6989505.5567, -12885033.2274 6989581.3502, -12885139.3621 6989658.023, -12885170.0864 6989799.758, -12885148.6926 6989961.0447, -12885212.6745 6990266.9402, -12885165.4074 6990403.7778, -12885021.9378 6990468.7722, -12884672.0018 6990439.2764, -12884502.6222 6990484.1406, -12884382.6262 6990636.3024, -12884352.4413 6990790.0362, -12884362.731 6990972.8843, -12884598.1663 6991297.6055, -12884636.3593 6991327.2617, -12884687.5139 6991341.0345, -12884683.5161 6991371.447, -12884738.7985 6991340.8517, -12884786.6477 6991337.3562, -12884860.0983 6991364.4972, -12884945.3627 6991363.4453, -12885003.0563 6991410.9854, -12885004.1024 6991474.0904, -12884946.7846 6991575.0261, -12884941.2125 6991639.1572, -12884991.5199 6991699.1905, -12885046.4871 6991866.1756, -12885123.189 6991959.7976, -12885181.461 6991995.6611, -12885229.8288 6992004.2412, -12885326.5071 6991976.5776, -12885367.1052 6991917.576, -12885410.229 6991772.3722, -12885443.0248 6991727.4206, -12885620.6225 6991631.2246, -12885761.5406 6991482.2157, -12886070.3741 6991319.0808, -12886181.5226 6991287.7552, -12886439.8156 6991430.0133, -12886550.8811 6991441.8515, -12886625.6979 6991414.794, -12886684.2727 6991344.5218, -12886595.4043 6991109.8986, -12886604.6417 6991062.6432, -12886639.02 6991034.9254, -12886705.2761 6991047.7688, -12887196.2882 6991438.4713, -12887365.1663 6991616.8822, -12887409.9298 6991640.3002, -12887438.4578 6991640.3484, -12887489.3359 6991613.1409, -12887549.7575 6991534.503, -12887643.8069 6991316.8854, -12887742.2529 6991166.7942, -12887850.374 6991058.3773, -12887974.8795 6990892.1707, -12888225.608 6990628.644, -12888306.5517 6990607.3349, -12888370.6255 6990613.2556, -12888597.5717 6990715.8963, -12888782.3217 6990782.1801, -12888845.9274 6990826.1844, -12888901.5411 6990902.3183, -12888979.9391 6991195.127, -12889011.2703 6991257.71, -12889054.2869 6991307.2747, -12889182.7406 6991384.4004, -12889239.0646 6991437.763, -12889318.8865 6991476.7141, -12889400.9747 6991511.1632, -12889602.1103 6991553.0361, -12889688.3657 6991606.524, -12889708.4659 6991643.3629, -12889716.689 6991702.7243, -12889684.9693 6991826.7025, -12889683.4586 6991913.2339, -12889702.842 6992044.4542, -12889744.6883 6992133.7491, -12889837.0146 6992226.4082, -12890020.7582 6992302.9241, -12890109.5347 6992367.6146, -12890525.7226 6992834.1684, -12890630.3992 6992911.9525, -12890716.2052 6992936.7541, -12890830.5728 6992922.1441, -12891076.1053 6992839.9312, -12891154.6261 6992846.9763, -12891233.7117 6992903.4366, -12891257.0108 6993009.5523, -12891194.1179 6993168.2134, -12891087.4576 6993351.70090001, -12891075.8439 6993458.7217, -12891091.9589 6993530.6758, -12891204.1161 6993806.7624, -12891422.2772 6994278.5022, -12891548.1053 6994511.8707, -12891698.4385 6994734.3456, -12891884.15 6994924.6411, -12892087.2923 6995093.4355, -12892302.8607 6995244.1015, -12892739.6113 6995515.8334, -12892961.3074 6995630.807, -12893190.4424 6995722.0547, -12893886.6858 6995904.896, -12894493.6234 6996209.2343, -12894699.2011 6996251.9853, -12894899.0203 6996218.9942, -12895071.6325 6996125.1759, -12895191.096 6995976.2383, -12895230.1348 6995782.9116, -12895175.8528 6995705.1689, -12895174.7494 6995678.7761, -12895196.7343 6995651.6747, -12895177.3349 6995575.4498, -12895062.2941 6995389.8919, -12894920.1181 6995229.5729, -12894472.9414 6994874.5276, -12894412.897 6994737.6386, -12894465.0125 6994586.1177, -12894617.027 6994479.0176, -12895024.578 6994428.2672, -12895414.8477 6994333.3059, -12895798.2189 6994295.5142, -12895968.8652 6994261.3479, -12896064.9475 6994163.4807, -12896041.1808 6994035.8564, -12895901.223 6993950.2601, -12895090.9907 6993851.0335, -12894926.1856 6993817.5588, -12894782.4916 6993770.7118, -12894700.604 6993676.9421, -12894694.4204 6993562.074, -12894733.496 6993428.646, -12894751.6223 6993278.2211, -12894692.3222 6993127.6466, -12894612.0588 6992991.18, -12894626.6777 6992850.231, -12894765.7954 6992744.5555, -12894978.709 6992712.421, -12895709.1238 6992717.0281, -12895964.9089 6992705.6289, -12896217.4472 6992672.0763, -12896459.2946 6992600.2118, -12896687.1787 6992499.0139, -12896902.8893 6992379.5814, -12897105.5828 6992247.4499, -12897290.5353 6992101.0407, -12897420.3729 6991911.2579, -12897527.1483 6991713.1619, -12897593.9797 6991509.3164, -12897583.4065 6991299.8717, -12897521.4403 6990929.9915, -12897530.619 6990767.5006, -12897579.294 6990712.8834, -12897567.7946 6990662.5691, -12897574.612 6990632.2075, -12897600.1438 6990604.7556, -12897619.4339 6990603.107, -12897649.136 6990651.0581, -12897800.7869 6990658.4204, -12897946.1135 6990783.4881, -12898050.925 6990963.0158, -12898188.9388 6991364.9152, -12898341.2721 6991972.0374, -12898415.0476 6992164.4431, -12898522.812 6992344.7734, -12898670.6175 6992499.8954, -12898847.7623 6992628.3859, -12899059.3674 6992704.8456, -12899284.6103 6992750.4938, -12899496.2624 6992824.6813, -12899686.8453 6992928.9766, -12899837.5229 6993080.4432, -12899936.6822 6993269.5143, -12900001.3383 6993467.77269999, -12900104.8221 6994040.28, -12900188.2717 6994206.4887, -12900558.4905 6994422.7143, -12900731.5493 6994559.2154, -12901014.3083 6994894.5367, -12901309.5023 6995218.0031, -12901540.6263 6995560.5034, -12901706.2135 6995671.6326, -12902085.8468 6995740.2086, -12902220.8876 6995854.2033, -12902251.8982 6996035.1193, -12902158.7013 6996229.3139, -12901984.3121 6996392.7906, -12901440.9505 6996787.3665, -12901308.6063 6996901.641, -12901293.0918 6996956.3071, -12901246.9297 6997037.8752, -12901321.7702 6997189.3344, -12901498.9022 6997289.5965, -12902260.4999 6997554.4904, -12902488.2111 6997621.8571, -12902727.6104 6997648.6037, -12902970.9178 6997629.608, -12903210.863 6997563.2414, -12903431.4719 6997448.3291, -12903836.3858 6997181.415, -12904055.4365 6997115.8474, -12904276.6458 6997149.6897, -12904453.6993 6997298.8479, -12904540.7864 6997535.5304, -12904515.52 6998080.4693, -12904545.2087 6998357.859, -12904650.5008 6998616.61729999, -12904779.8165 6998858.6698, -12904943.5493 6999074.8777, -12905176.7212 6999216.2164, -12905439.1167 6999282.2367, -12905708.4664 6999302.2543, -12905969.9986 6999242.897, -12906460.1357 6999006.4051, -12906719.603 6998919.0549, -12906985.7993 6998878.2969, -12907248.321 6998867.2979, -12907514.9996 6998888.7502, -12907659.015 6998883.1995, -12907952.4697 6999125.8221, -12908114.3501 6999337.2927, -12908408.2359 6999778.9493, -12908568.0409 6999982.1124, -12908775.1885 7000134.8182, -12909020.835 7000189.5669, -12909264.1581 7000161.0023, -12909485.825 7000070.5244, -12909803.3855 6999811.3772, -12909898.3139 6999686.4798, -12909930.1977 6999665.8903, -12909990.6856 6999654.4706, -12910297.9119 6999342.4942, -12910451.7083 6999231.6276, -12910637.9607 6999214.2293, -12910969.4838 6999305.222, -12911119.8776 6999269.391, -12911218.7182 6999159.4029, -12911229.8141 6999021.0232, -12911183.1844 6998896.8263, -12911028.0085 6998705.7654, -12911031.3459 6998614.3307, -12911104.4 6998583.1749, -12911199.6262 6998626.8388, -12911430.1105 6998819.881, -12911586.1855 6998914.0888, -12911769.46 6998993.5014, -12911975.7944 6999034.7043, -12912183.379 6998998.897, -12912367.0284 6998900.2834, -12912525.4398 6998773.0325, -12912806.1939 6998495.5381, -12912969.0472 6998392.1298, -12913163.2245 6998363.8683, -12913574.3702 6998432.8656, -12913737.4525 6998418.8798, -12913769.4839 6998397.2006, -12913799.5667 6998410.5245, -12913992.4095 6998350.9418, -12914189.9509 6998260.509, -12914364.3524 6998131.1558, -12914517.3352 6997972.646, -12914693.3375 6997832.3894, -12914916.0974 6997757.1244, -12915913.0243 6997778.4454, -12917023.7596 6997773.4759, -12918688.9334 6997818.7239, -12919037.4475 6997800.1944, -12919235.5345 6997822.1173, -12919405.0275 6997741.0661, -12919636.4503 6997684.2411, -12919866.4354 6997633.4869, -12920099.9907 6997625.0789, -12920328.6665 6997676.0994, -12920550.5029 6997768.6204, -12920774.5462 6997842.1256, -12921238.8035 6997931.6419, -12921468.0757 6997908.2565, -12921674.3627 6997813.0679, -12921874.4667 6997690.8875, -12921864.4916 6997737.1895, -12921870.4783 6997713.0414, -12921874.4667 6997690.8875, -12921895.1989 6997652.2256, -12921984.0433 6997638.1683, -12922067.9679 6997608.7328, -12922091.4765 6997579.8842, -12922137.3765 6997573.0513, -12922212.3211 6997579.2505, -12922534.4935 6997657.5818, -12922710.2705 6997737.9447, -12922905.1168 6997869.5364, -12923141.8849 6998006.6527, -12923426.405 6998201.3427, -12923610.311 6998274.4475, -12923703.5453 6998291.2141, -12924069.2755 6998303.397, -12924246.8472 6998275.9368, -12924551.2769 6998182.8175, -12924798.2244 6998077.3281, -12924935.0605 6997985.7048, -12924992.9048 6997983.4456, -12925105.8335 6998076.2653, -12925330.6961 6998187.442, -12925431.3376 6998279.4521, -12925424.5583 6998950.3303, -12925441.2396 6999007.452, -12925488.2658 6999064.7192, -12925643.2581 6999184.5487, -12925901.6468 6999309.1754, -12926057.5466 6999344.65, -12926296.6432 6999370.9468, -12926777.3103 6999503.8914, -12927109.4254 6999816.5866, -12927281.3673 6999919.2679, -12927408.3707 6999967.3973, -12927538.7014 6999990.1122, -12927699.1565 6999986.0948, -12927754.094 6999967.4964, -12927849.4645 6999907.8639, -12927883.6038 6999859.1597, -12927930.0575 6999734.1461, -12927921.5867 6999559.271, -12927936.4472 6999475.7483, -12927988.2619 6999428.1792, -12928021.5241 6999418.0105, -12928080.3896 6999437.9134, -12928188.335 6999449.6967, -12928502.9211 6999412.8825, -12928584.5759 6999426.067, -12928701.4131 6999478.4713, -12928797.1189 6999544.4611, -12928822.2465 7000107.1314, -12928864.1386 7000201.2042, -12928911.1506 7000237.5726, -12928967.9134 7000255.0626, -12929027.1872 7000251.44349999, -12929084.8494 7000224.5887, -12929226.5542 7000541.3126, -12929282.836 7000612.939, -12929356.4458 7000670.749, -12929808.1375 7000752.2263, -12929962.2186 7000834.2282, -12930093.4531 7000936.3598, -12930221.1602 7001009.8048, -12930310.293 7001038.4945, -12930576.3247 7001062.9014, -12930620.5267 7001109.132, -12930975.855 7001355.4591, -12931071.2375 7001712.0378, -12931147.586 7001927.9067, -12931242.205 7002072.1858, -12931367.8254 7002188.6559, -12931782.674 7002393.3037, -12932071.7481 7002563.5915, -12932219.9155 7002618.7956, -12932320.8474 7002634.8042, -12932471.8906 7002623.3843, -12932709.5183 7002542.9128, -12932803.7481 7002747.585, -12933338.8849 7002520.8591, -12933348.7596 7002642.9055, -12933665.2677 7002653.0718, -12933968.5813 7002895.1284, -12934205.0117 7003350.1011, -12934054.3898 7004024.5192, -12934555.9239 7004243.64899999, -12935216.2845 7005328.8637, -12935383.9973 7005273.2185, -12935543.9404 7005358.8046, -12935759.9657 7005637.6552, -12935783.3026 7005875.4449, -12935850.8159 7005962.5887, -12935902.7484 7006105.1734, -12936011.0098 7006324.0596, -12936386.1231 7006698.4622, -12936531.0683 7006806.371, -12937045.7344 7006815.5423, -12937227.228 7007130.3099, -12937761.8763 7007492.0325, -12938275.6416 7007659.8287, -12938648.2237 7007812.3668, -12938880.8249 7008020.2889, -12939096.4318 7008263.8266, -12939466.927 7008292.7413, -12939692.8566 7008112.2098, -12940272.8701 7008031.4812, -12940415.6134 7008134.9606, -12940525.2789 7008389.2743, -12941046.6376 7008506.5017, -12941052.6999 7008578.3984, -12941090.0429 7008653.1292, -12941309.6007 7008887.3726, -12941591.4776 7009229.21239999, -12941608.1769 7009286.9117, -12941588.0002 7009405.1257, -12941590.8984 7009489.9705, -12941691.3044 7009831.749, -12941672.9573 7009870.9788, -12941624.3204 7009882.0676, -12941559.7784 7009863.1347, -12941476.0904 7009811.3556, -12941239.817 7009775.9699, -12941059.7604 7009842.157, -12940909.2339 7009971.5706, -12940799.432 7010141.879, -12940631.0753 7010512.9043, -12940567.8555 7010702.0637, -12940580.3877 7011091.0716, -12940561.216 7011267.6429, -12940503.7821 7011423.4809, -12940429.4437 7011561.3856, -12940428.4972 7011715.4467, -12940508.2225 7011860.4784, -12940779.47 7012082.3434, -12940865.9905 7012236.9516, -12940891.0631 7012427.334, -12940909.0958 7012822.312, -12940974.3055 7013005.5569, -12941081.3749 7013165.5558, -12941249.0125 7013268.7375, -12941456.2458 7013293.6404, -12941676.1952 7013245.217, -12942108.5693 7013122.7443, -12942327.6861 7013103.3998, -12942549.1221 7013116.1196, -12943409.372 7013329.1159, -12943603.0621 7013400.5548, -12943771.2695 7013481.5895, -12943901.8739 7013569.5286, -12943963.0948 7013691.6154, -12943890.4384 7013815.475, -12943719.7488 7013866.4617, -12943524.6804 7013846.2372, -12943144.9868 7013743.4426, -12942958.6906 7013718.6941, -12942778.9167 7013719.1438, -12942609.7033 7013763.6524, -12942473.9541 7013881.3768, -12942429.8475 7014068.1365, -12942469.3966 7014271.6112, -12942570.8911 7014466.4103, -12942696.1848 7014648.2742, -12942843.1516 7014812.2911, -12943335.0606 7015232.6488, -12943448.5474 7015398.3827, -12943468.466 7015599.9492, -12943416.4174 7016182.5597, -12943426.0114 7016373.5032, -12943514.345 7016558.2733, -12943676.8865 7016709.811, -12944031.4866 7016996.4847, -12944370.9404 7017306.9883, -12944562.9756 7017433.8242, -12944969.3312 7017609.5797, -12945154.1381 7017706.7019, -12945289.3801 7017797.4768, -12945403.3732 7017921.5091, -12945428.9255 7017993.9279, -12945613.2852 7018336.5815, -12945729.1914 7018483.1129, -12945885.8093 7018580.8355, -12946395.9553 7018694.095, -12946529.8616 7018781.048, -12946607.4206 7018916.1114, -12946607.7319 7019088.8129, -12946532.5479 7019250.4308, -12946316.9316 7019542.1552, -12946242.8135 7019699.1975, -12946249.1338 7019876.4117, -12946349.5259 7020040.4792, -12946511.2373 7020165.7448, -12947047.8652 7020454.3001, -12947412.7818 7020580.6352, -12947571.5677 7020677.556, -12947865.1729 7020912.2999, -12948008.6855 7020969.4485, -12948185.9801 7020979.4406, -12948698.3393 7020807.8281, -12949055.5896 7020723.3562, -12949204.6429 7020607.247, -12949303.6294 7020425.6153, -12949458.5042 7020026.0926, -12949508.2632 7019822.2146, -12949545.4319 7019226.1984, -12949536.1557 7019050.7689, -12949508.2216 7018888.9591, -12949504.9985 7018742.3931, -12949531.436 7018615.5662, -12949612.4401 7018522.6066, -12949742.3672 7018510.2116, -12950009.0682 7018604.0095, -12950150.5971 7018554.2611, -12950248.9832 7018424.5761, -12950315.9885 7018268.8674, -12950366.3431 7017949.0289, -12950400.6485 7017810.9899, -12950467.235 7017698.7095, -12950572.4528 7017656.5503, -12950673.4556 7017690.4493, -12950715.5305 7017758.0307, -12950719.3153 7017849.2453, -12950663.1219 7017982.3823, -12950557.5539 7018140.8356, -12950505.4141 7018265.8362, -12950529.9193 7018400.9707, -12950645.0059 7018506.3059, -12950825.9124 7018536.3428, -12951028.9539 7018541.8984, -12951231.665 7018579.394, -12951426.1355 7018640.6027, -12951613.4603 7018719.8369, -12951784.7322 7018824.5137, -12951933.7997 7018954.3606, -12952058.2981 7019107.3299, -12952153.3919 7019276.5202, -12952250.7361 7019546.8768, -12952268.6671 7019799.0932, -12952246.1289 7019956.2011, -12952184.9256 7020096.9029, -12952065.1955 7020201.4185, -12951925.2181 7020279.3013, -12951774.3773 7020313.3347, -12951625.2263 7020287.5196, -12951491.0535 7020207.1401, -12951154.9958 7019946.6492, -12951043.6663 7019950.878, -12950956.5474 7020025.575, -12950938.4692 7020165.3995, -12950984.4978 7020334.1791, -12951077.0768 7020506.8155, -12951190.3837 7020680.0018, -12951332.3101 7020846.3987, -12951499.7147 7021001.9169, -12952041.4347 7021428.8957, -12952204.6023 7021585.1506, -12952569.2529 7022293.0746, -12952749.7796 7022575.0104, -12952940.3194 7022790.2404, -12953049.9484 7022872.4376, -12953175.4918 7022932.7441, -12953354.5792 7022967.5157, -12953464.2189 7022894.7319, -12954360.2507 7022923.4215, -12956062.5286 7022949.5634, -12957328.6031 7022956.367, -12958096.9997 7022945.1872, -12958211.3164 7022924.3434, -12958352.0958 7022950.13099999, -12958853.811 7022960.53809999, -12960114.9688 7022956.6434, -12961875.284 7022975.6333, -12962116.4147 7022952.5683, -12962348.83 7022896.9527, -12962569.0623 7022810.1944, -12962972.2164 7022569.5722, -12963187.7791 7022501.1032, -12963416.5791 7022501.9786, -12963633.0543 7022577.1008, -12964014.9332 7022849.2652, -12964232.5716 7022950.9788, -12964474.9718 7022993.7294, -12965217.8034 7023037.0742, -12965945.2822 7022992.006, -12966184.2049 7022993.5249, -12966417.3762 7023015.4606, -12966640.7092 7023070.7057, -12966843.2702 7023184.389, -12967007.3607 7023351.6031, -12967121.5448 7023561.7865, -12967329.4052 7024000.2894, -12967467.2532 7024201.9188, -12967628.2133 7024385.6014, -12967810.1817 7024548.9977, -12968002.981 7024677.7968, -12968136.8183 7024729.8463, -12968218.4721 7024778.9015, -12968301.0011 7024848.6674, -12968653.4958 7025078.5879, -12968841.0418 7025236.1308, -12969003.6848 7025419.5609, -12969148.1323 7025615.8307, -12969415.9009 7026025.5761, -12969570.2178 7026221.1606, -12969915.8748 7026584.3171, -12970073.2253 7026779.1938, -12970365.7089 7027184.2742, -12970523.5903 7027376.2501, -12970711.8842 7027538.2655, -12970912.4038 7027658.5881, -12971007.1206 7027686.8196, -12971156.8208 7027760.0303, -12971847.4568 7028010.0541, -12972360.5245 7028234.6898, -12972506.8657 7028282.4293, -12973011.2591 7028384.6718, -12973140.7646 7028447.2245, -12973289.7072 7028603.1842, -12973385.7971 7028802.5274, -12973635.1547 7029412.3422, -12973923.7749 7030000.6534, -12974124.186 7030323.2975, -12974397.9847 7030674.6805, -12974529.8697 7030817.9983, -12974684.7828 7030931.6262, -12974863.0791 7031000.1079, -12975047.6836 7031037.4995, -12975396.6797 7031066.1641, -12975535.7154 7031117.4987, -12975645.9722 7031193.8768, -12975689.1926 7031305.3525, -12975644.837 7031433.5861, -12975518.3919 7031522.6413, -12974926.7579 7031678.2034, -12974797.6763 7031728.2974, -12974679.4299 7031794.1618, -12974613.1071 7031914.2817, -12974627.2524 7032063.2684, -12974712.2906 7032201.5794, -12974841.2277 7032316.5051, -12975294.748 7032603.9673, -12975454.8096 7032684.6998, -12975774.9414 7032813.8342, -12975911.8093 7032907.0126, -12976018.7986 7033034.8158, -12976234.8268 7033470.0917, -12976327.3281 7033595.6443, -12976448.752 7033698.6023, -12976584.6566 7033786.1169, -12977013.5504 7034000.6101, -12977148.8118 7034077.9138, -12977270.9937 7034167.8894, -12977365.1499 7034282.0131, -12977471.4116 7034544.3194, -12977546.072 7034660.3354, -12977675.8181 7034732.3475, -12977982.4629 7034800.348, -12978126.8995 7034869.1163, -12978242.1679 7034968.29510001, -12978335.0035 7035088.356, -12978439.7447 7035194.838, -12978584.2219 7035249.1745, -12978738.9917 7035220.728, -12978877.9688 7035144.7535, -12979350.6275 7034774.4214, -12979482.3485 7034724.9252, -12979763.8468 7034706.267, -12979893.841 7034671.8452, -12980010.2604 7034621.1172, -12980135.0113 7034591.4752, -12980382.5706 7034633.03100001, -12980495.6087 7034629.7467, -12980564.1469 7034525.8292, -12980602.2043 7034373.1735, -12980661.1186 7034216.2175, -12980795.1972 7034112.1815, -12981161.4377 7034051.2393, -12981336.1155 7033984.1651, -12981646.9854 7033784.4749, -12981823.3599 7033738.8243, -12982000.6769 7033747.8936, -12982165.4938 7033775.7296, -12982310.8782 7033838.9505, -12982420.2605 7033948.3976, -12982487.7344 7034086.2611, -12982478.0293 7034237.1329, -12982331.2189 7034496.7374, -12982277.56 7034624.4905, -12982293.7192 7034756.469, -12982402.8448 7034862.9814, -12982578.504 7034898.9822, -12982766.307 7034892.4237, -12982954.3215 7034860.2952, -12983140.77 7034853.4434, -12983315.3692 7034922.0632, -12983421.4401 7035082.1643, -12983484.83 7035494.7256, -12983546.5984 7035695.1145, -12983797.283 7036244.2244, -12983865.5008 7036423.0859, -12983876.6254 7036612.7387, -12983845.3738 7036803.0967, -12983833.5638 7036991.1311, -12983876.6365 7037173.5141, -12983993.5907 7037328.6431, -12984174.3506 7037424.8024, -12984370.3566 7037503.5784, -12984534.1655 7037644.1807, -12984884.2862 7038210.7306, -12984983.2659 7038398.7374, -12985055.7371 7038594.3662, -12985102.0461 7038795.5895, -12985123.8 7038997.4754, -12985120.9367 7039195.5571, -12985096.0888 7039387.1002, -12985054.1402 7039573.0809, -12984845.3798 7040069.9456, -12984792.1226 7040236.0908, -12984772.3915 7040409.7329, -12984778.048 7040587.155, -12984798.9527 7040704.424, -12984833.2565 7040820.0841, -12984905.2808 7040987.7975, -12985007.8465 7041140.5734, -12985313.0979 7041464.1428, -12985463.4446 7041585.9209, -12985634.9684 7041678.2357, -12985818.8073 7041745.2448, -12986008.2606 7041783.6863, -12986198.061 7041799.5435, -12986559.2506 7041798.995, -12986739.7833 7041873.1709, -12986852.0706 7041993.0863, -12986988.7876 7042363.1429, -12987087.8089 7042533.5273, -12987221.8005 7042682.244, -12987520.5222 7042921.3709, -12987635.3641 7043067.6109, -12987687.5107 7043238.003, -12987662.468 7043413.62, -12987587.2906 7043578.4349, -12987473.4373 7043721.2778, -12987216.526 7043978.4781, -12987098.8403 7044120.4104, -12987014.0362 7044288.2176, -12986975.4532 7044475.5711, -12986983.3298 7044672.3909, -12987046.6637 7044865.1329, -12987368.3374 7045389.888, -12987451.6654 7045568.9904, -12987622.4015 7046114.0437, -12987824.1944 7046587.7515, -12987902.1507 7046890.9587, -12987957.3396 7047029.1195, -12988037.7085 7047150.8764, -12988149.4109 7047245.8157, -12988298.1712 7047287.1971, -12988461.0342 7047265.6159, -12988773.9133 7047178.8615, -12988925.0224 7047158.0179, -12989068.9649 7047119.8698, -12989190.6043 7047032.3391, -12989282.1578 7046916.1518, -12989355.31 7046791.996, -12989405.4475 7046661.4196, -12989378.76 7046520.746, -12989304.7874 7046386.8147, -12989262.071 7046247.6329, -12989318.3906 7046109.0596, -12989453.5601 7046035.6773, -12989616.2656 7046051.0927, -12989765.6235 7046116.1927, -12989929.9865 7046144.2924, -12990105.9277 7046109.0731, -12990453.0784 7045924.9149, -12990634.5728 7045859.1266, -12990815.9716 7045817.3673, -12990999.1908 7045829.3666, -12991144.3484 7045929.4671, -12991229.8214 7046086.4178, -12991221.4362 7046263.4858, -12991195.3273 7046442.1502, -12991199.901 7046620.3839, -12991225.6042 7046790.62, -12991275.8743 7046947.3484, -12991352.4286 7047090.1711, -12991383.4149 7047240.3842, -12991328.4917 7047376.7724, -12991210.8455 7047475.1486, -12991049.2587 7047514.9254, -12990883.7013 7047503.3481, -12990733.7936 7047442.2656, -12990374.7512 7047183.9724, -12990260.3759 7047148.063, -12990151.8514 7047152.8293, -12990067.6269 7047213.7042, -12990067.9576 7047324.0935, -12990181.3763 7047556.3609, -12990189.0649 7047674.5636, -12990108.1489 7047769.7117, -12989992.1194 7047812.7905, -12989679.2548 7047829.197, -12989553.5223 7047856.9237, -12989457.0634 7047935.3706, -12989417.6817 7048058.1046, -12989435.1939 7048188.7743, -12989499.3431 7048436.283, -12989542.879 7048553.5103, -12989650.0588 7048648.2269, -12989780.8258 7048731.4172, -12989889.918 7048832.2674, -12990122.1834 7049292.1729, -12990297.7629 7049496.64, -12990358.0477 7049641.1142, -12990369.2925 7049796.1928, -12990327.0745 7049935.8822, -12990206.0075 7050188.9881, -12990200.2997 7050316.2279, -12990276.89 7050418.0985, -12990409.4881 7050459.1775, -12990554.7631 7050432.3217, -12990678.6121 7050354.3282, -12990752.2853 7050221.0119, -12990804.2524 7050069.712, -12990882.319 7049921.0566, -12991106.921 7049669.2101, -12991181.8568 7049526.69, -12991281.399 7049241.78630001, -12991364.9404 7049121.2301, -12991497.7468 7049038.6044, -12991663.0622 7049010.7576, -12991834.6975 7049047.6925, -12991984.8231 7049139.8763, -12992100.4302 7049276.303, -12992175.779 7049439.1448, -12992209.7894 7049616.3707, -12992176.2743 7049780.2116, -12992148.8662 7049846.7115, -12991734.392 7050743.6174, -12991553.6626 7051080.3305, -12991432.5666 7051223.6341, -12990894.3241 7051720.5215, -12990758.2332 7051829.5241, -12990609.3482 7051911.5131, -12990443.0458 7051943.8003, -12990264.4086 7051907.2492, -12989895.3661 7051772.6451, -12989708.8085 7051690.0417, -12989535.592 7051584.872, -12989386.7032 7051453.224, -12989267.7685 7051299.7348, -12989099.463 7050988.0203, -12989020.7283 7050867.5863, -12988921.3595 7050813.4783, -12988811.0424 7050849.2265, -12988784.3244 7050984.85100001, -12988848.6181 7051151.9394, -12989183.1988 7051656.5188, -12989311.0001 7051805.8236, -12989587.3839 7052077.3042, -12989897.3833 7052494.0543, -12990000.1293 7052604.6294, -12990110.4353 7052687.2119, -12990314.1296 7052767.5247, -12990379.7055 7052808.2153, -12990403.1794 7052895.5529, -12990406.9368 7053158.6691, -12990474.826 7053314.2284, -12990605.6823 7053424.0474, -12990946.5666 7053608.7647, -12991134.3982 7053680.2016, -12991335.2628 7053715.9973, -12991531.7997 7053743.9685, -12991720.1673 7053748.8263, -12991897.351 7053724.5411, -12992189.252 7053650.3475, -12992307.7125 7053674.9119, -12992377.2898 7053791.2827, -12992369.9228 7053958.398, -12992311.6667 7054297.5568, -12992322.0757 7054461.9126, -12992360.2433 7054599.3548, -12992457.3343 7054727.7985, -12992598.9763 7054818.9489, -12992769.4853 7054857.9303, -12992937.3964 7054845.3576, -12993091.7631 7054802.4216, -12993380.0574 7054673.591, -12993634.8843 7054445.9151, -12993778.1319 7054364.0636, -12994027.8063 7054265.4531, -12994134.7167 7054275.4149, -12994226.6576 7054362.0863, -12994266.9028 7054497.5362, -12994301.2792 7055001.728, -12994360.7376 7055106.3577, -12994481.5126 7055167.5203, -12994622.6239 7055184.5643, -12994922.2634 7055166.3383, -12995063.6825 7055208.8082, -12995182.7279 7055302.3293, -12995262.593 7055439.3429, -12995353.5317 7055870.788, -12995435.2402 7056055.4095, -12995520.8449 7056164.4298, -12995672.6846 7056310.9748, -12995808.7995 7056417.6746, -12995890.029 7056432.7491, -12995868.0475 7056463.7294, -12995980.7056 7056577.0028, -12996012.6543 7056633.3832, -12996045.271 7056756.6001, -12996031.9126 7056884.8597, -12995978.3679 7057002.4796, -12995854.6578 7057134.2795, -12995894.4458 7057118.7777, -12995975.7109 7057117.0094, -12996054.6229 7057146.8063, -12996122.3235 7057201.1873, -12996221.1935 7057348.514, -12996356.2969 7057671.1562, -12996466.7111 7057846.8879, -12996488.1989 7057919.8265, -12996487.848 7057993.0175, -12996410.1147 7058223.9164, -12996428.8735 7058304.1231, -12996514.7991 7058460.1887, -12996542.8296 7058543.9494, -12996554.2743 7058804.6205, -12996572.7826 7058894.7096, -12996718.7281 7059239.4488, -12996806.3408 7059497.4449, -12996856.0807 7059571.1353, -12997003.7191 7059724.4561, -12997038.9379 7059793.2444, -12997053.4799 7059866.4559, -12997039.9492 7060049.9979, -12997099.8418 7060266.6862, -12997089.4214 7060333.7557, -12997045.9314 7060389.6881, -12996978.7817 7060419.8566, -12996899.2263 7060420.2457, -12996776.8895 7060374.3917, -12996619.8726 7060265.7639, -12996400.7499 7060061.2085, -12996103.9429 7059665.49, -12995983.3368 7059532.0771, -12995866.4066 7059471.8352, -12995614.2432 7059448.9165, -12995515.9651 7059409.7548, -12995475.8316 7059352.3105, -12995466.1135 7059275.5979, -12995487.2967 7059193.5017, -12995591.4625 7059002.0456, -12995604.6029 7058916.2142, -12995582.4933 7058829.5604, -12995527.3091 7058754.2182, -12995448.7963 7058695.7337, -12994958.588 7058440.7735, -12994883.5018 7058425.0277, -12994812.6581 7058436.9711, -12994760.4885 7058480.0232, -12994746.5818 7058511.4549, -12994745.3561 7058583.6128, -12994850.3633 7058810.5464, -12994865.3241 7058892.8764, -12994837.5773 7059009.6893, -12994788.059 7059070.9124, -12994721.502 7059111.2149, -12994603.0155 7059119.6372, -12994237.5787 7058941.7882, -12994100.7693 7058903.2099, -12993958.6548 7058891.2857, -12993769.6151 7058907.0105, -12993588.3419 7058951.3778, -12993259.0277 7059116.1951, -12993227.7304 7059118.6156, -12993170.9559 7059098.4265, -12993134.5077 7059046.6781, -12993127.4694 7059010.4898, -12993156.8509 7058887.7967, -12993270.9452 7058735.2502, -12993484.3811 7058511.3423, -12993514.7514 7058428.6058, -12993517.1543 7058337.0098, -12993478.5442 7058199.792, -12993258.7392 7057735.8357, -12992995.2233 7057022.0012, -12992956.6176 7056943.383, -12992868.9921 7056842.5915, -12992205.6811 7056781.202, -12991947.7594 7056787.7304, -12991250.2165 7056733.8604, -12990970.3536 7056743.7063, -12990747.4205 7056786.4262, -12990279.188 7057009.68419999, -12990093.0654 7057149.2167, -12989436.9712 7057691.5364, -12989360.5355 7057815.5711, -12989350.0581 7057908.95929999, -12989667.4348 7058250.9782, -12990012.7714 7058340.3568, -12990090.9126 7058391.3535, -12990137.7385 7058465.5069, -12990147.3311 7058507.825, -12990140.6342 7058594.6879, -12990107.7042 7058675.6123, -12990019.7547 7058825.3525, -12989999.0035 7058949.5871, -12990047.5266 7059072.7811, -12990171.4239 7059216.4048, -12990205.3182 7059303.3357, -12990207.5359 7059350.8561, -12990163.2707 7059489.918, -12990047.8068 7059658.0936, -12990008.481 7059751.4167, -12989997.2439 7059853.24, -12990021.4539 7060008.442, -12990127.9934 7060358.9934, -12990201.2482 7060470.91219999, -12990321.9471 7060558.5462, -12990510.1222 7060623.8424, -12990595.6567 7060667.769, -12990658.7007 7060735.3173, -12990677.732 7060777.168, -12990687.4972 7060822.2344, -12990677.9313 7060920.4998, -12990640.301 7061016.261, -12990510.8326 7061246.1368, -12990445.298 7061446.9664, -12990443.3542 7061815.7097, -12990369.3762 7062152.6148, -12990360.4977 7062244.4935, -12990367.7818 7062332.1586, -12990396.1012 7062416.2674, -12990556.9477 7062635.7999, -12990696.0927 7062877.1675, -12990763.092 7062951.9843, -12991304.4517 7063380.3222, -12991807.4497 7063699.798, -12991925.3087 7063799.9804, -12992011.8256 7063922.3349, -12992123.2176 7064206.4738, -12992226.1041 7064327.1694, -12992361.4469 7064411.8187, -12992695.1082 7064552.1296, -12992774.8957 7064610.0495, -12992836.1497 7064681.5334, -12992872.8289 7064808.6057, -12992851.9913 7064895.8646, -12992768.3947 7065008.6622, -12992520.2503 7065231.8443, -12992478.3783 7065313.5799, -12992471.5828 7065360.4649, -12992474.8219 7065409.9428, -12992511.6399 7065507.054, -12992755.7537 7065825.2448, -12992821.6853 7065981.742, -12992835.2145 7066089.5849, -12992829.8351 7066195.08959999, -12992765.0273 7066531.2207, -12992769.2164 7066624.4645, -12992834.5234 7066751.3427, -12992980.0643 7066878.2696, -12993180.4468 7066995.1498, -12993395.4917 7067080.84969999, -12993459.3368 7067137.4391, -12993480.5977 7067174.5863, -12993499.5463 7067260.6899, -12993479.2809 7067539.3937, -12993508.2422 7067681.4775, -12993577.0073 7067811.1126, -12993749.9374 7068022.8207, -12993782.6759 7068128.4227, -12993771.173 7068191.483, -12993733.5918 7068238.7724, -12993674.6966 7068258.8816, -12993639.3899 7068255.4374, -12993534.0007 7068196.3817, -12993385.443 7068039.5001, -12993317.061 7068007.8075, -12993248.2041 7068011.3917, -12993190.6045 7068052.0669, -12993169.9617 7068083.2634, -12993120.4319 7068236.2962, -12993082.4937 7068304.5135, -12993023.7467 7068348.0997, -12992986.1752 7068356.7815, -12992861.6757 7068327.1367, -12992557.4834 7068157.8828, -12991962.081 7067985.7275, -12991856.6122 7067985.2039, -12991807.6184 7068015.00909999, -12991787.5052 7068070.77709999, -12991811.1762 7068139.3454, -12991914.2115 7068231.50419999, -12992751.1606 7068739.7283, -12992889.5708 7068780.8037, -12993165.8935 7068781.5353, -12993243.9639 7068814.0872, -12993302.4284 7068871.0409, -12993505.8919 7069200.4903, -12993605.0254 7069290.7414, -12993762.9653 7069379.1437, -12994223.7995 7069529.7918, -12994323.26 7069535.8104, -12994374.337 7069510.3719, -12994392.673 7069485.1127, -12994405.6836 7069413.2501, -12994390.3732 7069293.3192, -12994395.2358 7069216.1321, -12994409.0173 7069180.71679999, -12994458.0913 7069123.7542, -12994568.2164 7069085.0525, -12994732.3684 7069092.2229, -12994852.3656 7069069.03809999, -12994921.832 7069024.8547, -12995004.8537 7068941.0734, -12995068.0894 7068909.0453, -12995103.4781 7068906.1162, -12995173.1931 7068926.589, -12995295.7711 7069019.1127, -12995387.6663 7069059.7621, -12995537.4479 7069060.1972, -12995774.4964 7068998.3098, -12995838.1316 7069016.3456, -12995875.2353 7069066.9812, -12995872.0506 7069134.946, -12995830.5654 7069199.9873, -12995766.7464 7069249.5967, -12995589.8227 7069344.0842, -12995543.6136 7069398.8331, -12995533.2374 7069431.3513, -12995533.1079 7069466.2615, -12995564.6148 7069531.9505, -12995769.9596 7069660.4562, -12995842.8063 7069750.9129, -12995854.4702 7069829.4753, -12995829.168 7069912.6894, -12995803.4731 7069951.5482, -12995732.0565 7070018.4661, -12995644.4921 7070072.3297, -12995310.4546 7070225.5486, -12995113.3195 7070290.7958, -12994788.256 7070361.366, -12994712.5771 7070395.1634, -12994636.6543 7070481.3651, -12994626.7859 7070557.9344, -12994648.6374 7070636.28, -12994801.3577 7070876.064, -12994854.5415 7071064.1122, -12994937.527 7071244.8286, -12994996.3846 7071482.9375, -12995102.2042 7071742.3452, -12995167.1768 7071832.7705, -12995231.7947 7071871.3742, -12995342.093 7071909.555, -12995454.6075 7071934.1223, -12995530.6423 7071936.3707, -12995642.046 7071909.3477, -12995945.1601 7071786.0655, -12996024.6661 7071773.4342, -12996143.5989 7071780.2149, -12996249.8354 7071818.4048, -12996302.3497 7071868.1802, -12996328.9371 7071936.0984, -12996322.5072 7072014.1926, -12996219.3498 7072203.2569, -12996078.5918 7072355.6388, -12995936.9198 7072433.4331, -12995696.9454 7072510.9887, -12995519.4815 7072620.8917, -12995448.8278 7072646.3934, -12995377.6317 7072639.3061, -12995318.5504 7072593.8411, -12995237.3619 7072420.227, -12995159.8029 7072338.5654, -12994930.4238 7072273.0825, -12994788.6568 7072181.5151, -12994747.8418 7072170.1708, -12994732.956 7072178.988, -12994721.6519 7072219.2831, -12994747.0833 7072281.5006, -12994894.5084 7072438.8652, -12995069.8251 7072586.3169, -12995183.2865 7072663.5724, -12995300.5429 7072724.9206, -12995448.0509 7072779.2195, -12995497.9968 7072827.0752, -12995517.3551 7072890.7296, -12995502.644 7072954.94, -12995459.0973 7073006.2073, -12995393.1562 7073034.2434, -12995314.8293 7073038.0664, -12995195.886 7073017.0835, -12995120.2279 7072989.4438, -12995050.859 7072951.1705, -12994910.387 7072841.9701, -12994823.6329 7072825.0124, -12994745.1694 7072866.7769, -12994694.014 7072931.2101, -12994640.4946 7073057.1574, -12994639.4758 7073151.4122, -12994700.4921 7073284.5276, -12994888.4388 7073575.9909, -12994969.8373 7073665.7583, -12995035.0393 7073706.2654, -12995592.1937 7073848.34309999, -12995852.5672 7073854.1657, -12996038.6916 7073881.9961, -12996266.2345 7073894.7649, -12996360.9366 7073948.8676, -12996497.4543 7074138.5036, -12996533.4864 7074205.0799, -12996551.3925 7074276.6994, -12996541.1443 7074381.9786, -12996495.5217 7074469.2864, -12996356.6619 7074586.6123, -12996357.1365 7074663.7958, -12996386.9935 7074707.1788, -12996431.3045 7074740.4501, -12996631.1413 7074774.0865, -12996689.3466 7074807.3198, -12996735.2652 7074855.56, -12996778.5302 7074943.7213, -12996804.0345 7075186.2466, -12996848.2092 7075292.7123, -12996974.2698 7075507.9538, -12997031.7439 7075714.5787, -12997067.1927 7075794.8698, -12997196.6297 7075971.489, -12997255.3986 7076130.8102, -12997296.0031 7076203.5914, -12997361.8528 7076258.9805, -12997538.8106 7076358.8388, -12997572.6051 7076411.1283, -12997567.708 7076465.0714, -12997551.5792 7076486.7873, -12997497.65 7076507.7434, -12997428.4706 7076493.3184, -12997291.0446 7076437.7722, -12997222.4161 7076440.5292, -12997191.3718 7076454.255, -12997166.0584 7076476.4089, -12997137.3232 7076540.5823, -12997142.932 7076616.4043, -12997175.0053 7076692.0196, -12997334.6555 7076916.6443, -12997425.2635 7076969.8476, -12997459.6322 7076973.4836, -12997530.9044 7076954.4722, -12997680.4498 7076829.647, -12997746.461 7076804.20579999, -12997847.875 7076821.9531, -12997898.9095 7076871.2341, -12997927.7134 7076938.7863, -12997937.6373 7077014.3379, -12997926.7951 7077089.2653, -12997864.7166 7077183.0107, -12997660.5015 7077291.1662, -12997495.0038 7077398.6754, -12997422.0886 7077423.3965, -12997088.2506 7077427.2331, -12996965.0982 7077413.2686, -12996850.6181 7077364.8319, -12996550.8278 7077182.8953, -12996500.4757 7077137.3337, -12996467.0298 7077049.6972, -12996503.4371 7076965.1641, -12996561.9788 7076927.7979, -12996786.0141 7076878.2166, -12996837.9673 7076827.9382, -12996852.4894 7076793.1806, -12996854.5097 7076714.882, -12996829.7919 7076638.9087, -12996758.2211 7076544.934, -12996663.679 7076479.5242, -12996526.6337 7076423.5902, -12996472.2412 7076377.3288, -12996393.0619 7076215.87610001, -12996362.9185 7076180.6822, -12996317.6807 7076169.7525, -12996268.1783 7076182.592, -12996122.8443 7076316.682, -12996055.2315 7076335.3201, -12995902.0388 7076295.3905, -12995829.2622 7076257.5259, -12995768.9447 7076204.4798, -12995723.0031 7076096.265, -12995723.5244 7076057.1017, -12995749.3492 7075983.8803, -12995801.6221 7075924.0046, -12995866.3485 7075882.6372, -12995937.9824 7075860.7051, -12996089.369 7075845.9093, -12996186.081 7075809.2442, -12996221.0741 7075761.0895, -12996224.726 7075731.9234, -12996219.5164 7075701.7654, -12996179.4137 7075645.549, -12995967.9309 7075524.6263, -12995815.4715 7075406.5975, -12995752.231 7075372.4471, -12995639.2935 7075362.1887, -12995434.7977 7075407.201, -12995348.5598 7075400.2258, -12995264.2801 7075370.905, -12995109.4811 7075269.9733, -12994888.0722 7075029.47909999, -12994812.2362 7074971.8463, -12994676.941 7074916.7615, -12994426.2929 7074874.0164, -12994331.0612 7074834.1075, -12994215.6196 7074731.21589999, -12993984.8756 7074337.3184, -12993898.4104 7074221.33389999, -12993831.8662 7074156.7473, -12993758.2227 7074105.6391, -12993679.308 7074072.9974, -12993424.5794 7074044.9141, -12993339.3435 7074016.8047, -12993259.6913 7073968.7638, -12993189.3036 7073905.6331, -12993104.1909 7073790.0627, -12993029.8777 7073609.8036, -12993001.4753 7073467.7674, -12992983.3158 7073227.6106, -12992904.7671 7072836.6481, -12992836.5264 7072594.7524, -12992728.295 7072322.1232, -12992685.0742 7072246.3895, -12992629.1421 7072189.199, -12992558.2496 7072160.7557, -12992479.1211 7072167.5493, -12992403.4509 7072206.7921, -12992336.03 7072265.9046, -12992131.4157 7072502.4416, -12992082.9296 7072619.2206, -12992071.9923 7072736.2884, -12992122.654 7072843.5248, -12992187.6053 7072901.1408, -12992460.9551 7073077.45180001, -12992556.025 7073182.5639, -12992596.0178 7073264.93, -12992609.343 7073400.3525, -12992575.1818 7073634.1125, -12992646.9546 7073904.7644, -12992650.5049 7074284.2233, -12992754.3067 7074675.0562, -12992788.6472 7074767.29469999, -12992843.738 7074848.4039, -12993094.4353 7075063.7736, -12993134.259 7075139.6021, -12993136.2805 7075225.7934, -12993081.0461 7075342.0753, -12993013.7344 7075396.0337, -12992930.6492 7075419.3536, -12992841.2075 7075410.1294, -12992754.5566 7075379.189, -12992290.6076 7075167.8099, -12992170.8843 7075089.954, -12992115.7562 7075011.5991, -12992099.9193 7074964.609, -12992091.1856 7074863.1785, -12992106.5313 7074656.6784, -12992081.9884 7074554.0411, -12992056.3268 7074505.9902, -12991938.7915 7074382.5414, -12991648.5229 7074177.5576, -12991541.0973 7074056.0091, -12991511.8635 7073959.1995, -12991515.1729 7073908.4382, -12991554.8153 7073814.2001, -12991590.4045 7073774.9629, -12991680.6017 7073717.919, -12991929.7129 7073646.4143, -12992007.0988 7073594.34089999, -12992035.0168 7073559.7537, -12992063.6241 7073479.4197, -12992060.1863 7073436.8023, -12992043.0385 7073395.3992, -12991980.3342 7073321.7505, -12991855.5392 7073238.0235, -12991763.5318 7073199.7188, -12991621.3618 7073168.8972, -12991530.4094 7073165.8836, -12991402.2891 7073203.1985, -12991272.1372 7073332.5551, -12991200.3528 7073377.0612, -12991118.117 7073377.5992, -12991079.3146 7073357.6735, -12991018.2441 7073287.7383, -12990943.2386 7073096.5805, -12990834.988 7072877.2133, -12990782.4712 7072796.3939, -12990716.4505 7072728.0845, -12990633.6215 7072677.1983, -12990538.2383 7072647.3788, -12990236.8619 7072619.0645, -12990090.4483 7072577.1552, -12989858.8762 7072447.8179, -12989646.8331 7072269.792, -12989504.0741 7072093.0965, -12989326.8716 7071799.4241, -12989252.1281 7071642.0962, -12989109.4246 7071267.7603, -12989036.4742 7071123.6788, -12988974.3187 7071039.425, -12988895.4862 7070968.3908, -12988754.5635 7070886.9086, -12988276.7663 7070679.5513, -12988145.8064 7070639.6087, -12988060.2315 7070629.4569, -12987978.6344 7070641.0526, -12987907.5829 7070680.3057, -12987855.5031 7070744.10629999, -12987799.8699 7070851.9651, -12987750.1442 7070908.8546, -12987683.3124 7070938.0629, -12987610.8343 7070926.1003, -12987545.1389 7070872.8421, -12987518.4799 7070834.3635, -12987416.4507 7070605.7678, -12987357.3395 7070517.8444, -12987091.4252 7070252.11509999, -12986997.322 7070130.4606, -12986952.4615 7070040.6838, -12986874.7803 7069806.3518, -12986795.6891 7069695.2829, -12986714.2756 7069651.7674, -12986667.1349 7069642.4224, -12986375.9363 7069651.0162, -12986234.1335 7069629.4691, -12985861.1147 7069496.236, -12985544.8269 7069362.3843, -12985362.2646 7069305.8745, -12985242.0765 7069237.7834, -12985211.319 7069205.0622, -12985171.1116 7069124.7946, -12985160.8163 7069031.4194, -12985183.3796 7068941.604, -12985221.2315 7068873.10939999, -12985312.1795 7068040.5368, -12985313.6268 7067176.6456, -12985302.0496 7067078.3165, -12985242.8275 7066837.3589, -12985238.7087 7066743.5203, -12985258.8576 7066653.9819, -12985409.0276 7066413.5981, -12985425.0576 7066367.055, -12985431.2914 7066269.2966, -12985404.5748 7066170.2311, -12985345.4642 7066076.5871, -12985047.6844 7065734.3569, -12984953.2856 7065595.4878, -12984903.7483 7065443.7253, -12984905.7521 7065339.9975, -12984942.265 7065239.8222, -12985004.8264 7065150.8616, -12985172.6963 7065009.1993, -12985317.4116 7064941.5462, -12985651.9266 7064854.2709, -12985725.8428 7064808.4843, -12985788.0705 7064705.8863, -12985790.6308 7064617.1185, -12985760.5745 7064525.1748, -12985701.0186 7064434.914, -12985621.759 7064354.1848, -12985430.5123 7064206.9307, -12985158.8926 7064046.4119, -12984692.3527 7063844.6001, -12984587.4897 7063781.8154, -12984498.9907 7063697.3556, -12984368.9695 7063491.0682, -12984271.1197 7063275.4439, -12984130.7458 7062756.4, -12984090.7822 7062655.323, -12984006.0681 7062511.2765, -12983863.6904 7062339.9562, -12983673.668 7062159.1118, -12982939.0707 7061554.3961, -12982475.3137 7061115.0395, -12981933.8557 7060722.7773, -12981599.6746 7060438.3058, -12981430.6416 7060253.5342, -12981353.7698 7060139.8367, -12981152.3929 7059702.6126, -12981074.5805 7059579.1633, -12980929.6426 7059409.5869, -12980320.6137 7058824.3151, -12979799.0818 7058276.4322, -12979621.3046 7058031.8203, -12979311.2798 7057517.7867, -12979133.0572 7057292.8025, -12979024.6322 7057208.4117, -12978906.1883 7057141.3851, -12978716.7225 7057073.9857, -12978587.9258 7057056.8092, -12978341.1115 7057066.0015, -12978088.1021 7057021.0338, -12977854.2782 7056924.149, -12977338.3645 7056421.3054, -12976965.1102 7056012.28719999, -12976720.5004 7055682.6233, -12976366.1001 7055148.2101, -12976278.4916 7055042.5635, -12976179.5285 7054951.8505, -12976067.5412 7054882.7898, -12975881.1923 7054814.2897, -12975104.5162 7054667.5856, -12974803.1745 7054584.156, -12974422.5731 7054448.6545, -12974317.1534 7054424.0182, -12974160.1931 7054438.9493, -12974069.4676 7054488.0356, -12973996.2194 7054565.4918, -12973850.1682 7054789.2789, -12973811.0952 7054823.0622, -12973718.366 7054867.4846, -12973616.62 7054880.1768, -12973511.3118 7054864.6848, -12973407.5619 7054826.98170001, -12973313.6083 7054775.2803, -12973106.554 7054602.6337, -12972666.842 7054054.2952, -12972522.3494 7053895.2878, -12972367.3927 7053754.9459, -12971762.4824 7053263.3957, -12971584.2601 7053076.9728, -12971366.1851 7052806.7702, -12971097.3486 7052415.6642, -12970991.0385 7052205.5648, -12970919.6826 7051941.7355, -12970930.258 7051658.6977, -12970901.7601 7051523.6193, -12970818.7158 7051412.2373, -12970296.2934 7050926.6153, -12970012.9854 7050717.3013, -12969563.4773 7050480.1975, -12969345.2911 7050391.7749, -12969000.8686 7050291.7878, -12968844.7987 7050217.358, -12968708.0984 7050117.5596, -12968187.4571 7049666.5241, -12968059.1057 7049584.8256, -12967914.0563 7049545.2824, -12967812.0877 7049546.4015, -12967717.9114 7049565.8001, -12967502.1743 7049648.0579, -12967389.519 7049676.037, -12967267.1788 7049625.3017, -12967242.9112 7049560.3909, -12967248.5885 7049482.0509, -12967300.0181 7049361.3715, -12967446.9599 7049110.6925, -12967468.2218 7049016.3168, -12967461.2087 7048916.3471, -12967275.7504 7048503.7985, -12967036.8588 7047798.3007, -12966992.7763 7047713.4513, -12966932.4412 7047637.7401, -12966855.8533 7047577.321, -12966488.0538 7047371.2653, -12966288.3465 7047204.5598, -12965949.824 7046816.5264, -12965727.2963 7046443.6145, -12965664.2895 7046381.1534, -12965585.4752 7046343.1178, -12965494.416 7046346.6602, -12965402.2433 7046391.2218, -12965224.1322 7046514.6529, -12965073.183 7046556.97779999, -12964974.4426 7046552.8758, -12964880.2662 7046527.7046, -12964765.4959 7046445.8518, -12964694.1401 7046323.9134, -12964611.9863 7046089.9236, -12964531.2797 7045953.4484, -12964383.4473 7045797.0267, -12964095.464 7045562.4931, -12964029.8968 7045488.4802, -12963984.5897 7045401.9776, -12963970.3407 7045259.3622, -12963999.0612 7045164.1002, -12964110.4016 7044955.4189, -12964190.8292 7044918.9003, -12964149.3296 7044898.2662, -12964189.3063 7044757.8979, -12964190.6421 7044707.7531, -12964172.3856 7044608.2104, -12964125.2976 7044515.1931, -12964056.3907 7044432.429, -12963971.6766 7044360.6636, -12963872.0457 7044302.8789, -12963761.6168 7044260.7524, -12963236.3 7044140.7114, -12963077.8924 7044076.7773, -12962930.1715 7043997.0002, -12962659.7765 7043908.0906, -12962302.6635 7043912.9369, -12962132.1221 7043883.3006, -12961984.0672 7043810.049, -12961905.0303 7043735.8662, -12961829.8897 7043600.5495, -12961804.7314 7043446.5971, -12961865.9571 7042850.5718, -12961863.1741 7042740.4296, -12961837.348 7042629.5432, -12961751.6321 7042477.1005, -12961598.2338 7042298.5709, -12961426.1338 7042060.9726, -12961316.8182 7041855.2461, -12961159.7464 7041473.0637, -12961071.2473 7041319.8976, -12960958.2581 7041180.1503, -12960822.6708 7041054.9387, -12960335.7594 7040781.2315, -12960133.4918 7040643.5431, -12959862.5402 7040393.6977, -12959517.8952 7040129.3285, -12959223.1211 7039816.5309, -12959077.8492 7039699.5376, -12958899.0492 7039611.5472, -12958510.3803 7039595.5449, -12958086.4085 7039407.3105, -12957885.9591 7039186.5776, -12957509.8075 7038576.1323, -12957222.0998 7038188.6299, -12956847.1388 7037634.365, -12956436.6077 7036687.7431, -12956110.7018 7035767.6396, -12955735.2794 7035774.9334, -12955637.4643 7035723.2458, -12955516.8611 7035470.3755, -12955152.4035 7035449.3574, -12955093.5484 7035464.4449, -12954845.4822 7035342.5799, -12954536.1252 7035117.6637, -12954445.2886 7035083.7777, -12954288.7734 7035080.2402, -12953768.6887 7035204.6131, -12953623.8621 7035198.6551, -12953538.8139 7035161.6038, -12953405.2306 7034963.5029, -12953357.5858 7034821.2605, -12953291.462 7034529.3368, -12953279.9962 7034202.2383, -12953229.2344 7034086.4445, -12953164.3351 7034025.9422, -12953080.289 7033990.1993, -12952987.4485 7033974.7481, -12952741.4325 7033971.7695, -12952601.0585 7033929.5115, -12952483.9504 7033831.5928, -12952165.0201 7033479.5791, -12952106.4661 7033392.27619999, -12952043.5705 7033248.7591, -12951980.5637 7033049.2167, -12951845.6445 7032539.9598, -12951779.9659 7032394.0382, -12951677.4408 7032267.1036, -12951363.8537 7032028.688, -12951292.0527 7031943.2621, -12951215.6874 7031802.0044, -12951157.356 7031650.5133, -12951107.4849 7031447.1029, -12951100.9172 7031346.051, -12951116.6132 7031052.2076, -12951090.6757 7030963.0704, -12951036.3518 7030892.1708, -12950954.198 7030849.3709, -12950854.1217 7030838.95, -12950493.1126 7030898.3116, -12950300.9752 7030865.0022, -12950216.1499 7030823.5049, -12950142.679 7030767.8653, -12949952.7678 7030576.9449, -12949873.2857 7030542.5202, -12949737.3646 7030548.4748, -12949475.5413 7030651.1912, -12949389.046 7030649.7025, -12949308.3394 7030615.8357, -12949204.7008 7030512.9336, -12949106.4058 7030332.2534, -12949035.6066 7030132.412, -12948951.783 7029828.0079, -12948878.8688 7029685.2991, -12948731.2591 7029525.1037, -12948458.749 7029338.8643, -12948378.265 7029270.0257, -12948279.0794 7029153.1875, -12947991.875 7028741.6625, -12947894.9158 7028635.25, -12947819.8865 7028584.2767, -12947730.0516 7028553.9533, -12947307.3715 7028533.3036, -12947042.7651 7028449.9616, -12946908.4024 7028425.4056, -12946764.4663 7028429.1263, -12946255.3011 7028519.9053, -12946109.8162 7028041.4258, -12945846.4389 7027858.7353, -12945723.5258 7027806.7605, -12945640.7532 7027798.8086, -12945565.2305 7027814.61860001, -12945537.6396 7027833.469, -12945507.2122 7027889.8486, -12945515.4419 7027951.1558, -12945625.5533 7028106.1643, -12945678.5424 7028216.1837, -12945686.5668 7028270.1572, -12945652.967 7028300.33649999, -12945579.6182 7028256.5525, -12945361.3549 7028041.2073, -12945229.7175 7027942.8375, -12945095.0196 7027907.5842, -12944880.5443 7027892.3121, -12944713.8048 7027864.7457, -12944592.0207 7027825.0959, -12944443.5693 7027734.0257, -12944364.9023 7027718.7615, -12944286.3379 7027734.5479, -12944126.2138 7027801.05349999, -12943917.7569 7027844.2502, -12943630.9033 7027972.2591, -12943552.9547 7027982.4327, -12943370.0919 7027972.46940001, -12943161.6815 7028068.8361, -12943044.8798 7028054.34309999, -12942808.8694 7027927.0501, -12942733.1975 7027903.3272, -12942671.7922 7027922.3179, -12942605.7682 7027986.9933, -12942549.7001 7028015.2381, -12942484.8611 7028017.9901, -12942399.8945 7027990.5986, -12942318.7468 7027983.3447, -12942121.7105 7028063.9322, -12942013.885 7028067.9315, -12941909.456 7028035.9287, -12941805.2321 7027970.7072, -12941204.0805 7027435.6692, -12940996.733 7027453.1191, -12940836.5863 7027528.3018, -12940723.6308 7027655.4397, -12940662.661 7027674.1147, -12940604.9133 7027713.2958, -12940545.2995 7027807.7883, -12940474.6568 7028026.386, -12940463.1895 7028138.2753, -12940507.0343 7028237.4819, -12940645.2287 7028349.5516, -12940656.9481 7028599.4765, -12940566.0745 7028774.7986, -12940436.5978 7028902.5877, -12940285.3008 7028946.3584, -12940141.5433 7028893.7237, -12940064.6111 7028742.4877, -12940024.1372 7028375.7901, -12939964.5922 7028295.155, -12939905.6525 7028179.6573, -12939850.6294 7028121.6227, -12939779.7815 7028084.6457, -12939615.2254 7028058.4743, -12939451.4718 7028089.869, -12939016.5681 7028342.0998, -12938982.9496 7028394.7253, -12938988.8934 7028448.084, -12939126.6235 7028563.8153, -12939138.3458 7028685.3398, -12939105.7535 7028757.2313, -12939023.3297 7028858.3805, -12938925.6835 7028897.9903, -12938853.2436 7029041.6804, -12938848.5222 7029111.6511, -12938863.1994 7029175.4705, -12938919.8927 7029251.7115, -12938975.8394 7029284.1715, -12939106.5344 7029328.9123, -12939178.8847 7029395.1272, -12939192.5261 7029424.2505, -12939196.0998 7029493.7022, -12939156.6309 7029666.8468, -12939176.4493 7029728.0194, -12939250.563 7029791.7736, -12939338.4207 7029838.7709, -12939405.9842 7029850.9902, -12939634.6608 7029848.3935, -12939714.8301 7029861.7355, -12939827.9461 7029903.3606, -12939935.1278 7029961.4159, -12940062.9023 7030065.6435, -12940147.0278 7030158.9396, -12940274.2798 7030338.9224, -12940325.4026 7030451.6163, -12940335.7595 7030643.9975, -12940315.1947 7030748.4446, -12940286.6426 7030809.2045, -12940265.826 7030831.0021, -12940211.2507 7030852.6669, -12940087.0873 7030842.396, -12940031.0003 7030857.0422, -12939925.6008 7030940.825, -12939835.3077 7031063.5257, -12939798.7782 7031173.3833, -12939796.0797 7031252.6477, -12939815.4334 7031331.3947, -12939855.7606 7031407.2042, -12939975.0441 7031539.2871, -12940414.8649 7031868.3302, -12940905.6685 7032318.0634, -12941011.7958 7032397.3686, -12941130.137 7032440.3642, -12941209.4385 7032438.2114, -12941550.5779 7032297.6892, -12941628.1252 7032290.2635, -12941699.869 7032306.7297, -12941764.3628 7032342.2911, -12941913.1965 7032464.9823, -12942088.5389 7032555.5843, -12942147.0237 7032604.8834, -12942206.3761 7032704.5697, -12942226.2599 7032828.7691, -12942214.2793 7032937.5354, -12942172.4311 7033028.0413, -12942095.6208 7033064.9631, -12941928.956 7033076.8829, -12941849.3092 7033133.2061, -12941797.813 7033242.1249, -12941810.3068 7033390.1996, -12941792.8678 7033436.3288, -12941774.561 7033450.6521, -12941724.0632 7033459.2414, -12941625.018 7033435.7749, -12941508.9442 7033374.8311, -12941283.2161 7033212.9564, -12941170.1748 7033189.9275, -12941108.051 7033215.1563, -12941086.8517 7033239.5349, -12941028.8334 7033439.34, -12940979.9499 7033480.8743, -12940914.3738 7033489.7132, -12940841.1186 7033471.8091, -12940766.5569 7033431.3358, -12940443.4165 7033169.9955, -12939908.1055 7032851.3516, -12939789.6337 7032794.2893, -12939687.0521 7032788.9614, -12939644.8587 7032825.8978, -12939597.608 7032966.827, -12939445.4058 7033056.3581, -12939335.9473 7033193.4455, -12939246.1021 7033258.5381, -12939200.8202 7033309.8698, -12939173.3041 7033372.3498, -12939165.7276 7033437.9899, -12939177.3722 7033502.0703, -12939209.2646 7033551.9916, -12939257.4296 7033579.289, -12939286.14 7033579.79599999, -12939508.3132 7033538.1285, -12939627.0089 7033458.43729999, -12939812.979 7033233.7538, -12939903.0294 7033193.43, -12939995.17 7033199.8815, -12940049.8573 7033231.6943, -12940112.6062 7033316.2435, -12940202.0408 7033537.8712, -12940268.6246 7033851.9629, -12940321.9028 7033958.9411, -12940418.7088 7034079.3477, -12940517.2688 7034148.8558, -12940631.7097 7034173.8613, -12940739.1433 7034147.0067, -12940827.2063 7034089.6776, -12940889.0782 7034069.6267, -12940951.3699 7034069.1976, -12941016.1341 7034087.0329, -12941161.9729 7034218.6687, -12941286.267 7034401.0059, -12941338.1347 7034456.5326, -12941879.1509 7033713.0917, -12942594.835 7033385.9956, -12942873.1524 7033160.9597, -12943468.9124 7033150.3447, -12943476.1736 7033558.9622, -12943018.6193 7034290.3391, -12942954.0791 7034438.7739, -12943260.2793 7034407.192, -12943485.2056 7034459.3135, -12943729.7628 7034735.207, -12944073.4373 7034784.2536, -12944308.6248 7034697.4907, -12944753.8497 7034844.2471, -12944952.5035 7035016.0706, -12945650.7008 7035554.7903, -12945947.2771 7035528.1375, -12946286.6592 7035521.9635, -12946626.8133 7035558.3, -12946985.4709 7035445.3969, -12947176.3708 7035441.9009, -12947475.6571 7035564.0275, -12947519.2457 7035627.036, -12947566.3347 7035881.4124, -12947548.6217 7036073.1743, -12947551.8818 7036251.4649, -12947897.9575 7036357.3958, -12948181.5405 7036548.6913, -12948515.9686 7036458.2881, -12948910.5278 7036591.356, -12948948.533 7036765.064, -12949187.6062 7036966.1268, -12949186.9628 7036979.5407, -12949443.4675 7037007.8797, -12949567.2033 7037005.5757, -12950047.1059 7037138.4242, -12950153.4965 7037154.1607, -12950148.79 7037288.9619, -12950404.1414 7037617.2955, -12950890.1462 7038141.6927, -12951373.5806 7038525.7312, -12951742.396 7038771.5106, -12951944.2532 7039076.611, -12952249.0523 7039707.0006, -12952354.3746 7039881.7348, -12952431.4076 7040090.0185, -12952563.9891 7040574.7929, -12952613.1924 7040703.3507, -12952686.9972 7040813.8374, -12952786.6282 7040898.427, -12952903.9589 7040954.3236, -12953028.4141 7040981.15420001, -12953089.3059 7040983.7627, -12953210.5328 7040961.9629, -12953315.9523 7040901.0355, -12953359.5895 7040860.0448, -12953394.8779 7040811.7879, -12953443.1905 7040701.6737, -12953449.4243 7040523.5567, -12953290.2376 7039840.7494, -12953256.3965 7039519.0213, -12953270.9793 7039194.3257, -12953306.2676 7038874.1138, -12953330.7578 7038743.3503, -12953398.1061 7038552.611, -12953503.7483 7038377.7086, -12953684.0858 7038171.3322, -12954159.1975 7037786.9055, -12954342.318 7037610.7161, -12954497.72 7037416.2791, -12954779.3584 7037019.7838, -12954936.2075 7036853.854, -12955074.355 7036749.1952, -12955224.4138 7036675.8229, -12955492.6936 7036607.107, -12955870.512 7036559.2485, -12956011.3311 7036501.148, -12956080.9059 7036434.482, -12956548.3364 7037440.4904, -12956442.8055 7037515.9182, -12956346.9594 7037605.6876, -12956302.6542 7037653.5526, -12956234.3042 7037765.487, -12956183.8764 7037888.9705, -12956093.9302 7038276.1961, -12956004.4293 7038443.832, -12955868.1744 7038566.2085, -12955555.9232 7038746.8896, -12955465.643 7038828.2905, -12955389.6118 7038927.9473, -12955310.575 7039105.4698, -12955278.4036 7039304.0464, -12955302.2261 7039585.3405, -12955430.6887 7040221.3631, -12955543.7892 7041002.5815, -12955597.6679 7041216.1118, -12955725.3514 7041564.7411, -12955848.5821 7041835.1209, -12955998.1955 7042093.9564, -12956218.3453 7042420.0713, -12956139.9472 7043051.3043, -12955928.8673 7042984.3009, -12955556.1226 7042836.7678, -12955193.0609 7042769.628, -12954977.3861 7042839.7503, -12954745.8928 7043010.8943, -12954666.5833 7043124.1314, -12954620.1217 7043325.924, -12954668.5606 7043529.7797, -12954799.404 7043708.1224, -12954956.258 7043863.7819, -12955095.7417 7044032.6936, -12955193.6504 7044228.8923, -12955315.9335 7044640.4823, -12955424.6181 7044823.608, -12955578.3869 7044975.7541, -12955767.7196 7045084.8256, -12955985.8831 7045139.8715, -12956216.6833 7045137.0757, -12956654.5506 7045096.3507, -12956831.6907 7045175.1812, -12956932.9574 7045346.0177, -12957045.1682 7045745.1593, -12957113.3789 7045932.6326, -12957241.9768 7046073.067, -12957431.2911 7046149.259, -12957523.7745 7046155.8047, -12957609.734 7046257.07, -12957648.8863 7046501.3617, -12957734.4461 7046632.7783, -12957793.0075 7046798.0032, -12957747.9 7047037.3706, -12957774.4741 7047264.24229999, -12957776.1091 7047630.2733, -12957630.6741 7047832.8116, -12957476.6658 7047880.2115, -12957270.8195 7047832.7859, -12956778.7591 7047802.2356, -12956690.6804 7047867.8762, -12956519.7484 7047898.9481, -12956371.3708 7047951.7637, -12956227.1252 7047932.3883, -12956078.6376 7047979.6539, -12955989.8133 7047964.742, -12955913.7062 7047999.2043, -12955924.1903 7048078.2478, -12956035.4985 7048245.1301, -12956230.0188 7048346.6179, -12956456.2498 7048400.1797, -12956525.3926 7048449.6285, -12956990.7328 7048668.8176, -12957030.127 7048713.0971, -12957050.8972 7048791.1903, -12957022.8304 7049046.3844, -12957038.0673 7049168.0672, -12957065.2943 7049225.0674, -12957126.886 7049303.0015, -12957268.2554 7049404.2782, -12957444.9881 7049443.3085, -12957692.4287 7049432.0833, -12957759.7217 7049414.3465, -12957816.3123 7049382.6565, -12957953.3896 7049269.9754, -12958061.4856 7049260.8688, -12958178.0539 7049303.0565, -12958680.7262 7049563.8485, -12958931.7124 7049636.7752, -12959261.6272 7049694.4512, -12959385.8092 7049744.2631, -12959461.3038 7049806.6302, -12959523.7728 7049883.4833, -12959581.1007 7049990.1927, -12959604.2687 7050184.9076, -12959655.3075 7050326.09790001, -12959646.5087 7050398.3357, -12959613.6086 7050474.4442, -12959556.0663 7050530.7892, -12959398.2095 7050630.2439, -12959233.504 7050818.1256, -12959132.3501 7050898.1237, -12959048.9617 7050944.8862, -12958957.2316 7050967.6538, -12958815.5918 7050966.9188, -12958713.7472 7051013.4862, -12958656.3355 7051024.6355, -12958408.6802 7050942.8612, -12958329.8079 7050949.1705, -12958273.3853 7050990.7026, -12958221.5159 7051097.9351, -12958166.9781 7051142.1107, -12958100.4782 7051164.2924, -12957874.2835 7051188.679, -12957801.5134 7051176.0908, -12957659.5377 7051085.8708, -12957547.532 7051046.973, -12957125.3182 7051007.4343, -12956873.2683 7050968.7636, -12956821.4363 7050941.0546, -12956785.4291 7050897.8965, -12956746.4268 7050760.4177, -12956717.9869 7050710.8729, -12956678.8913 7050672.1491, -12956607.5115 7050642.2365, -12956118.2848 7050676.7772, -12955876.5451 7050681.1947, -12955745.2995 7050704.2507, -12955487.6699 7050781.60499999, -12955394.7549 7050785.6707, -12955029.3183 7050609.2823, -12954896.0854 7050575.8049, -12954558.361 7050524.8462, -12954376.1046 7050414.7679, -12954294.8249 7050384.872, -12954184.0324 7050376.3113, -12953950.0092 7050398.8426, -12953633.3722 7050486.6703, -12953559.3144 7050533.0941, -12953500.5404 7050600.2833, -12953408.0826 7050781.7454, -12953375.9103 7050897.6378, -12953369.7428 7051022.0463, -12953397.7344 7051193.1418, -12953292.4897 7051343.6511, -12953114.5109 7051426.8073, -12952900.9179 7051455.958, -12952492.7305 7051454.2651, -12952290.3229 7051470.8336, -12952094.9327 7051506.7725, -12951912.9516 7051572.1613, -12951761.3216 7051670.2155, -12951649.9119 7051806.6131, -12951593.5025 7051967.2994, -12951606.3707 7052142.3442, -12951657.1891 7052312.2619, -12951669.721 7052423.3425, -12951597.0256 7052575.3613, -12951456.8471 7052640.8565, -12951342.0155 7052642.6102, -12951171.3558 7052552.6123, -12951075.7377 7052454.2346, -12950832.145 7052100.6883, -12950684.8317 7051943.4613, -12950505.6493 7051816.2178, -12950284.9606 7051761.3577, -12950048.7267 7051732.542, -12949799.5388 7051733.7764, -12949295.9645 7051794.4344, -12948809.6756 7051891.4629, -12948666.5486 7051936.1126, -12948397.9368 7052083.2296, -12948285.5623 7052120.1238, -12948150.707 7052132.2122, -12947960.5726 7052212.0172, -12947818.8827 7052337.3534, -12947771.9613 7052510.4825, -12947797.2347 7052701.5836, -12947888.7195 7052874.4321, -12948038.4662 7053017.6706, -12948260.4568 7053154.8666, -12948408.5966 7053223.4312, -12948622.5949 7053290.9871, -12948931.4733 7053314.2088, -12949308.457 7053308.8596, -12949533.6245 7053268.1557, -12949971.3474 7053127.766, -12950195.5665 7053097.5899, -12950390.4627 7053163.9973, -12950529.8931 7053313.4917, -12950821.2604 7053894.5595, -12950929.9181 7054071.4404, -12951062.9162 7054221.076, -12951233.4738 7054335.5234, -12951435.4173 7054409.4559, -12951840.808 7054517.3602, -12951994.8009 7054637.0738, -12952127.3317 7054787.9239, -12952291.082 7054916.1992, -12952588.6967 7055103.3161, -12952701.9742 7055108.8295, -12952859.5451 7055210.9388, -12952912.9163 7055335.9847, -12952941.9687 7055660.1196, -12952988.7218 7055785.9423, -12953043.9773 7055854.0948, -12953113.525 7055908.3332, -12953279.0032 7055986.8191, -12953370.43 7055995.8498, -12953616.8408 7055927.3744, -12953771.9788 7055817.3248, -12953853.6653 7055630.8988, -12953837.9984 7055424.4744, -12953733.218 7055232.974, -12953446.4446 7054914.7607, -12953364.2337 7054747.7599, -12953383.2468 7054576.8317, -12953496.2032 7054424.4069, -12953673.7327 7054350.1164, -12954056.4214 7054358.7817, -12954237.1835 7054396.4699, -12954385.2932 7054492.9608, -12954471.1381 7054654.9767, -12954539.0296 7054743.6464, -12954528.0977 7054866.6794, -12954504.0873 7054921.1295, -12954573.3235 7054935.2714, -12954664.9665 7055039.2032, -12954724.0289 7055084.2244, -12955060.1248 7055249.0954, -12955119.8667 7055294.0189, -12955218.8219 7055409.8322, -12955290.2953 7055547.9637, -12955396.4739 7055843.1934, -12955527.1216 7056125.5019, -12955729.2053 7056460.4723, -12955824.9158 7056585.9451, -12955935.7478 7056701.2789, -12956121.2865 7056849.4362, -12956260.7306 7056924.4923, -12956841.3983 7057150.1981, -12957142.6365 7057230.6253, -12957371.8321 7057257.9578, -12957521.8484 7057253.2059, -12957938.3568 7057164.177, -12958077.4971 7057152.1513, -12958636.9522 7057183.4497, -12958772.2853 7057178.61949999, -12958968.6693 7057135.6711, -12959242.9211 7056968.9677, -12959359.7621 7056923.6639, -12959492.0162 7056916.9698, -12959971.935 7056975.23219999, -12960109.6785 7056969.2924, -12960306.6883 7056920.7711, -12960901.7568 7056641.8427, -12961063.0876 7056543.0661, -12961153.3821 7056461.6486, -12961222.3937 7056365.7475, -12961271.9434 7056260.2811, -12961372.6351 7055815.2862, -12961465.9172 7055532.2246, -12961517.6116 7055467.3922, -12961557.7631 7055448.9672, -12961656.6253 7055453.30619999, -12961756.573 7055512.9428, -12962100.467 7055861.9146, -12962235.6588 7056069.1146, -12962271.1249 7056184.8509, -12962268.1386 7056301.773, -12962228.1136 7056532.2496, -12962240.6999 7056716.5103, -12962227.1416 7056838.1036, -12962004.6515 7057267.3042, -12961839.6739 7057522.1106, -12961784.9792 7057628.8938, -12961755.5347 7057743.7185, -12961754.1474 7057802.7514, -12961793.4002 7057915.7223, -12961832.7667 7057964.2202, -12961933.1966 7058041.41749999, -12962281.3982 7058180.1327, -12962489.4063 7058305.9131, -12962608.1838 7058439.3393, -12962757.0695 7058693.0219, -12962846.3963 7058768.2307, -12962955.9376 7058815.5818, -12963072.8923 7058843.781, -12963192.1941 7058853.6528, -12963358.0079 7058816.3458, -12963488.0626 7058716.6586, -12963658.1164 7058453.7833, -12963746.1103 7058397.7008, -12963799.5922 7058383.243, -12963916.0561 7058395.28149999, -12964022.568 7058454.1812, -12964165.8189 7058575.1766, -12964228.1514 7058680.9454, -12964248.3614 7058800.8329, -12964226.9565 7058918.3937, -12964174.2416 7059017.9955, -12964006.6353 7059237.1646, -12963962.7361 7059340.294, -12963950.5772 7059452.7202, -12963989.2468 7059621.3454, -12964140.079 7059998.8245, -12964166.9516 7060109.4453, -12964168.3087 7060163.5299, -12964141.0795 7060266.4696, -12964032.7495 7060449.7681, -12963988.3698 7060552.761, -12963985.3835 7060671.793, -12964048.7447 7060789.9613, -12964159.8343 7060887.3738, -12964346.8596 7061009.1141, -12964480.7851 7061069.6761, -12964623.773 7061094.2376, -12964767.033 7061069.6419, -12964898.4206 7061005.3341, -12965188.5995 7060792.6044, -12965317.5167 7060727.4266, -12965461.1584 7060692.2146, -12965912.9281 7060665.9246, -12966114.3592 7060594.7888, -12966266.8582 7060465.6676, -12966447.3631 7060193.9805, -12966535.1709 7060094.0832, -12966651.2663 7060099.3563, -12966710.0813 7060049.2458, -12966725.2 7059981.2245, -12966857.2513 7059983.96190001, -12966908.6294 7060002.8895, -12966949.3761 7059977.7056, -12966864.3636 7059899.3755, -12966840.9621 7059839.8683, -12966870.831 7059783.6953, -12966936.7503 7059755.657, -12966977.0945 7059777.0358, -12967004.8363 7059832.0076, -12967003.9577 7059896.4648, -12967020.252 7059933.8998, -12967085.8952 7059892.5332, -12967169.4945 7059861.9016, -12967236.3369 7059878.2818, -12967226.5965 7059836.2666, -12967275.5099 7059800.4382, -12967340.1555 7059800.1931, -12967441.8485 7059847.3218, -12967539.0226 7059936.3926, -12967554.9543 7060062.7173, -12967422.1933 7060181.0444, -12967301.2917 7060230.2366, -12967274.1019 7060308.57989999, -12967121.021 7060302.8883, -12967072.8251 7060330.5602, -12966966.0931 7060315.0096, -12967090.0338 7060538.5721, -12966908.3796 7060725.5635, -12966828.9597 7060830.7224, -12966766.0894 7060946.8517, -12966726.1513 7061143.3592, -12966762.9128 7061405.4159, -12966750.1445 7061527.3767, -12966725.2347 7061580.6044, -12966651.3115 7061668.5776, -12966558.6321 7061737.7992, -12966450.8623 7061786.2466, -12966270.3188 7061830.4179, -12965792.9666 7061897.5145, -12965650.9773 7061935.2048, -12965375.8385 7062035.5425, -12965170.828 7062062.1284, -12964626.9236 7061991.6712, -12964157.8243 7061987.8921, -12963903.2099 7061964.4335, -12963721.9828 7061921.6384, -12963394.2822 7061763.787, -12963227.3594 7061723.6373, -12962826.6444 7061742.7443, -12962313.8089 7061722.6313, -12962213.9635 7061739.8297, -12962127.5239 7061793.3462, -12962068.2902 7061880.7197, -12962049.9029 7061991.7598, -12962076.0488 7062111.6549, -12962219.1462 7062403.6032, -12962345.3446 7062710.4713, -12962410.0187 7062831.5583, -12962539.2679 7062996.2678, -12962749.1617 7063186.8022, -12963195.8002 7063544.0956, -12963380.7899 7063638.5036, -12963857.9851 7063811.5925, -12963946.345 7063886.4443, -12963990.9302 7063991.9415, -12963974.1564 7064102.3195, -12963912.0007 7064189.2042, -12963823.0221 7064242.4967, -12963721.8373 7064251.8205, -12963576.4918 7064196.6405, -12963307.9798 7064007.4981, -12963154.9154 7063934.8382, -12962935.821 7063898.5186, -12962683.0657 7063925.7997, -12962597.4663 7063969.3296, -12962562.609 7064003.9333, -12962514.8403 7064094.8002, -12962504.5012 7064149.282, -12962517.4951 7064267.5616, -12962541.2157 7064327.6653, -12962575.2334 7064384.8084, -12962668.9787 7064486.0027, -12962788.666 7064565.1014, -12963107.8593 7064727.5704, -12963308.7986 7064797.1652, -12963444.1352 7064819.2596, -12963638.2598 7064804.7478, -12963818.0857 7064743.6181, -12963945.7891 7064717.2168, -12964352.0907 7064730.0349, -12964480.6961 7064720.7059, -12964596.9058 7064686.6667, -12964742.2397 7064614.7527, -12964839.6791 7064605.8085, -12964888.273 7064627.4996, -12964929.8346 7064665.5192, -12965046.0919 7064884.8995, -12965083.7354 7064937.6144, -12965180.8726 7065024.9221, -12965296.5465 7065088.0329, -12965543.3957 7065182.5506, -12965908.7084 7065283.4597, -12965964.4588 7065309.223, -12966014.6192 7065346.1531, -12966137.4184 7065487.9501, -12966236.9171 7065558.5459, -12966362.7188 7065583.1572, -12966641.4216 7065561.5712, -12966786.9186 7065596.124, -12966998.8272 7065678.0031, -12967143.7638 7065703.4291, -12967356.419 7065694.2516, -12967612.6372 7065664.4205, -12967674.9177 7065674.1781, -12967791.8347 7065722.6163, -12968000.2686 7065850.1583, -12968082.3889 7065933.2406, -12968105.4549 7065990.229, -12968112.4146 7066054.8019, -12968096.3051 7066258.9374, -12968131.1071 7066394.9722, -12968247.5331 7066573.5365, -12968547.1259 7066857.6489, -12968618.7724 7066970.4413, -12968665.4204 7067158.392, -12968681.0397 7067393.4707, -12968644.6349 7067492.4192, -12968563.2279 7067556.9027, -12968512.4391 7067571.3205, -12968405.3506 7067567.7957, -12968298.293 7067535.0333, -12968070.8729 7067445.2101, -12967940.9998 7067367.7658, -12967808.6 7067268.6907, -12967447.0533 7066946.5183, -12967077.5855 7066643.9322, -12966864.7866 7066503.1664, -12966692.4534 7066426.8935, -12966558.1301 7066428.6023, -12966480.3979 7066477.772, -12966439.1477 7066569.8663, -12966432.7088 7066787.1241, -12966418.2471 7066837.5245, -12966391.1078 7066881.0743, -12966351.0201 7066909.3918, -12966307.5782 7066918.3726, -12966196.9394 7066845.457, -12965587.1503 7066284.2617, -12965401.4887 7066131.8954, -12964973.6117 7065928.7059, -12964777.3122 7065809.6058, -12964428.8379 7065532.5708, -12964253.8233 7065419.2467, -12964077.0902 7065332.2075, -12963902.9507 7065292.5729, -12963748.6517 7065341.0821, -12963666.796 7065465.7755, -12963672.8141 7065608.0218, -12963772.486 7065794.4269, -12963849.4673 7065904.1565, -12963822.7368 7065990.1853, -12963771.1974 7066017.2133, -12963663.4415 7066043.2586, -12963444.0347 7065967.6107, -12963380.0447 7065889.0547, -12963274.3803 7065667.461, -12963209.0136 7065565.0054, -12963114.5436 7065473.5158, -12963007.1639 7065405.3198, -12962890.7636 7065356.279, -12962425.9493 7065213.3406, -12962305.1994 7065201.7506, -12962004.2877 7065218.8817, -12961891.0321 7065186.2033, -12961839.5092 7065154.3887, -12961749.1952 7065068.4167, -12961454.6825 7064727.9226, -12961354.7031 7064645.1738, -12961145.8037 7064510.0338, -12960997.6291 7064379.6424, -12960616.3071 7063924.8153, -12960466.4265 7063783.5538, -12960290.837 7063672.0227, -12959813.3395 7063414.7998, -12958989.0175 7062908.7698, -12958313.002 7062444.4544, -12958336.8905 7062453.2875, -12958025.2843 7062217.3868, -12957831.7826 7062003.7747, -12957535.9415 7061721.7127, -12957423.0578 7061593.1483, -12957364.2607 7061496.3776, -12957287.4729 7061280.9351, -12957132.4931 7060969.4834, -12956965.8097 7060480.9991, -12956761.3053 7060030.6237, -12956552.8662 7059684.698, -12956484.7961 7059623.9404, -12956442.168 7059607.3008, -12956347.5498 7059611.1528, -12956123.3113 7059741.0567, -12956022.3812 7059768.0746, -12955759.4506 7059724.27, -12955402.8049 7059688.5303, -12955303.2153 7059718.907, -12955162.5037 7059801.1373, -12955059.1186 7059814.956, -12954804.0655 7059704.7172, -12954439.2504 7059569.4748, -12954348.9567 7059509.626, -12954181.9124 7059349.9405, -12953716.4372 7059102.2109, -12953508.9577 7059030.823, -12953298.3901 7059050.5849, -12953096.2211 7059118.4113, -12952887.8202 7059152.5091, -12952679.1963 7059125.1424, -12952617.6176 7059134.9677, -12952397.0831 7059076.4987, -12952231.4944 7059058.2028, -12951870.733 7059077.2352, -12951753.0267 7059054.6214, -12951195.8546 7058890.2932, -12950676.5626 7058802.13, -12950347.7422 7058722.249, -12950166.1121 7058734.7376, -12950051.1798 7058781.3124, -12949900.9392 7058895.4651, -12949688.6259 7059112.9422, -12949591.7491 7059167.5357, -12949537.0923 7059176.8436, -12949426.4297 7059159.544, -12949174.1792 7059022.8691, -12948952.5019 7058943.8472, -12948541.0259 7058898.2709, -12948302.7089 7058890.8252, -12948182.8766 7058912.7813, -12947947.6494 7059035.2689, -12947820.0474 7059075.1156, -12947618.524 7059075.2037, -12947221.66 7059011.5673, -12947090.6099 7059011.3721, -12946963.1155 7059030.391, -12946839.5733 7059068.8754, -12946542.8037 7059206.3625, -12946012.3345 7059484.3994, -12945820.4594 7059537.294, -12945620.426 7059545.0265, -12944944.844 7059515.9916, -12944289.3444 7059508.254, -12944161.9694 7059513.2213, -12944037.1008 7059541.0345, -12943922.6323 7059604.6122, -12943872.6986 7059648.6441, -12943793.2634 7059756.4872, -12943738.498 7059878.5074, -12943644.4455 7060180.6728, -12943567.249 7060274.0334, -12943430.1863 7060389.8949, -12943389.7863 7060449.5238, -12943309.7763 7060684.0544, -12943251.1162 7060800.6159, -12943575.4836 7061038.8644, -12943619.7337 7061229.2004, -12943989.0781 7061159.0662, -12944410.8602 7061179.6432, -12944616.0469 7061654.706, -12945012.3035 7061816.5306, -12945294.193 7061867.7552, -12945639.2011 7061774.616, -12946418.3756 7061313.0606, -12946576.012 7061203.5063, -12946893.5403 7061108.8013, -12947030.8409 7060857.3873, -12947349 7060798.2121, -12947544.3504 7060812.3973, -12947672.367 7061023.379, -12947676.2768 7061236.6515, -12947608.2858 7061397.9158, -12947578.6855 7061718.4945, -12947583.2447 7061967.3345, -12947692.397 7062145.7542, -12948355.9081 7061850.4374, -12949177.5883 7062024.5158, -12949557.5579 7062143.6561, -12949598.403 7062647.799, -12949895.738 7063399.6607, -12950219.3093 7063867.0241, -12950601.1528 7064080.7968, -12951082.1866 7064545.2043, -12951338.1677 7064761.3323, -12951437.9484 7065043.5456, -12951338.8697 7065580.4376, -12951465.7464 7065768.6892, -12951606.3226 7066112.1088, -12951667.3606 7066375.8935, -12951827.7055 7066918.3501, -12952005.9931 7067335.9077, -12952247.6393 7067569.3453, -12952853.4998 7067660.27, -12953391.9461 7067841.0175, -12953774.3642 7068075.4102, -12954014.2564 7068267.0195, -12954208.3255 7068503.3052, -12954306.0364 7068792.0293, -12954499.4988 7069601.8071, -12954787.5558 7070306.9329, -12955788.6827 7071048.7578, -12956372.2241 7071546.359, -12956753.2147 7072260.7827, -12957048.7084 7072570.5837, -12957213.4231 7072823.7989, -12957149.2933 7072833.113, -12957073.2295 7072767.0213, -12956828.1402 7072699.1582, -12956720.3519 7072767.3583, -12956681.2191 7072932.6123, -12956767.4906 7073202.1079, -12956984.8303 7073478.1207, -12957268.8006 7073690.81139999, -12957675.3667 7073851.1448, -12958090.5079 7074042.5799, -12958707.3319 7074252.5806, -12959392.908 7074558.7113, -12959903.3824 7074730.902, -12959630.0625 7074923.3947, -12959776.8342 7075189.6328, -12960015.7279 7075516.8179, -12960313.8342 7075824.8244, -12960565.0255 7076196.2645, -12960760.8114 7076392.3761, -12960882.8755 7076593.0577, -12960926.8042 7076997.3695, -12961071.8405 7077140.9749, -12961236.5925 7077192.387, -12961452.6354 7077288.0424, -12961518.4074 7077403.3495, -12961381.778 7077795.6919, -12961435.588 7078054.8402, -12961696.9314 7078168.1502, -12961849.0215 7078340.1148, -12961920.2615 7078546.2512, -12962600.5236 7079642.735, -12963038.7124 7080213.687, -12963251.7012 7080320.8586, -12963746.8281 7080058.14549999, -12964051.6336 7080211.0663, -12964278.4628 7080535.9392, -12964244.2302 7080643.7683, -12964062.7174 7080856.7534, -12963845.0941 7081084.0058, -12963885.1842 7081305.9807, -12964004.8991 7081508.5044, -12963990.7614 7081687.0405, -12963777.0975 7081673.5951, -12963639.8979 7081471.5989, -12963521.0958 7081356.206, -12963261.697 7081158.7034, -12963116.9133 7081125.6284, -12962934.4418 7081178.6222, -12962941.8969 7081312.9244, -12963602.2578 7082074.1933, -12963522.2004 7082266.0937, -12963256.8169 7082306.11, -12963209.3422 7082603.8852, -12963017.3819 7082712.3303, -12962711.2513 7082575.8143, -12962719.0122 7082765.0859, -12962873.9224 7082911.853, -12962993.6911 7083129.0594, -12962935.5796 7083235.9103, -12962810.8376 7083300.574, -12962734.3725 7083440.3841, -12963098.1482 7083667.7875, -12963296.1169 7084466.7808, -12963375.9205 7084649.4446, -12963610.9056 7085065.3873, -12963710.603 7085268.0398, -12963784.4362 7085470.1412, -12963855.2551 7085829.6817, -12963902.3672 7085975.7336, -12963924.4096 7086102.3338, -12963856.5881 7086208.1735, -12963798.1454 7086224.464, -12963706.7513 7086207.383, -12963454.3768 7085914.71029999, -12963006.2499 7085150.3324, -12962331.4542 7084612.1473, -12962049.4528 7084070.717, -12961768.045 7083747.6941, -12961280.9682 7082812.5578, -12961122.2653 7082619.2022, -12961250.4219 7082454.0328, -12961443.0921 7082351.2091, -12961540.7655 7082002.0258, -12961460.5697 7082018.6247, -12961457.452 7081980.2019, -12961415.6216 7082005.4724, -12961394.8253 7081995.5713, -12961399.678 7081951.1198, -12961407.9592 7081959.9672, -12961413.1505 7081942.1269, -12961450.268 7081946.4463, -12961439.0991 7081904.5067, -12961451.8259 7081884.6417, -12961415.1818 7081888.6482, -12961413.1462 7081904.2974, -12961377.6925 7081906.2236, -12961368.2515 7081892.542, -12961342.9133 7081911.892, -12961304.0126 7081889.4525, -12961290.5907 7081908.0758, -12961308.6698 7081926.157, -12961296.6007 7081941.8323, -12961315.6621 7081979.1606, -12961292.256 7081967.4277, -12961258.72 7081996.1123, -12961234.3992 7081985.2399, -12961215.772 7082019.4959, -12961184.6926 7082020.327, -12961195.1901 7082030.2518, -12961188.0532 7082045.6426, -12961234.9398 7082072.4551, -12961247.0772 7082067.9262, -12961234.5101 7082045.0492, -12961287.9531 7082038.8563, -12961299.1025 7082051.9723, -12961280.5721 7082059.8898, -12961274.8194 7082084.8044, -12961239.5202 7082080.337, -12961215.4917 7082100.1107, -12961163.6706 7082055.0935, -12961123.2725 7082096.8054, -12961129.1757 7082112.9418, -12961097.1289 7082124.8564, -12961073.8515 7082097.4165, -12961077.4696 7082110.3273, -12961051.5132 7082109.7716, -12961044.162 7082089.257, -12961040.4816 7082048.6031, -12961073.2771 7081990.8505, -12961003.8005 7082015.654, -12960970.5894 7081995.0604, -12960964.8681 7082010.7312, -12960976.8259 7082020.9248, -12960946.7549 7082046.8134, -12960974.3636 7082065.7797, -12960931.0321 7082106.4288, -12960916.8241 7082088.0422, -12960870.2314 7082072.6787, -12960857.9055 7082052.4554, -12960838.5832 7082077.9948, -12960838.7375 7082057.4795, -12960800.975 7082030.9672, -12960832.8946 7082012.651, -12960825.3277 7081988.6235, -12960835.7166 7081989.86729999, -12960827.5602 7081983.1931, -12960841.7917 7081963.0808, -12960829.9664 7081925.20049999, -12960840.6354 7081926.6111, -12960807.6055 7081917.7551, -12960817.2314 7081911.0815, -12960806.7098 7081898.2065, -12960822.7076 7081900.92, -12960818.5854 7081893.4526, -12960774.6047 7081881.0608, -12960786.1056 7081894.3464, -12960768.4571 7081906.9362, -12960770.4527 7081937.4689, -12960746.3305 7081913.5731, -12960725.4402 7081940.0654, -12960717.0777 7081925.7114, -12960723.1151 7081934.8922, -12960720.0011 7081923.7449, -12960738.5342 7081914.5175, -12960740.3424 7081898.6862, -12960749.0682 7081906.5137, -12960754.4473 7081886.3511, -12960726.2399 7081888.3345, -12960729.7266 7081904.6627, -12960716.6207 7081906.9344, -12960691.2944 7081889.7921, -12960672.8074 7081898.606, -12960677.8829 7081920.2608, -12960654.1864 7081926.512, -12960622.5972 7081924.2334, -12960622.9065 7081895.0714, -12960602.0614 7081912.4475, -12960569.5475 7081889.1059, -12960388.1543 7082051.6048, -12960369.5386 7082055.87479999, -12960369.9924 7082044.4409, -12960334.5719 7082031.9962, -12960305.9582 7082035.9037, -12960316.287 7082063.2885, -12960278.5701 7082088.5971, -12960291.1127 7082109.0855, -12960319.0374 7082106.0317, -12960326.97 7082124.8124, -12960299.2105 7082123.7351, -12960284.3655 7082164.2161, -12960252.7718 7082160.2896, -12960233.6148 7082186.429, -12960214.5454 7082185.4193, -12960209.0073 7082219.8618, -12960176.3249 7082223.6451, -12960162.9904 7082237.9397, -12960152.3269 7082230.5843, -12960143.1645 7082255.0853, -12960113.2906 7082278.1622, -12960106.6745 7082258.5083, -12960087.4575 7082256.061, -12960088.781 7082237.22070001, -12960056.1989 7082220.3938, -12960078.0779 7082223.1849, -12960131.6051 7082193.1262, -12960110.6423 7082167.4832, -12960110.3062 7082117.6659, -12960098.632 7082104.4031, -12960059.7976 7082096.5031, -12960035.6836 7082120.6195, -12960007.7215 7082122.9616, -12960045.0853 7082095.4275, -12960021.4831 7082069.9552, -12959997.509 7082065.8179, -12959963.2388 7082083.1202, -12959981.627 7082120.6415, -12959956.323 7082137.6363, -12959959.0181 7082155.853, -12959932.9275 7082165.265, -12959886.5842 7082106.2227, -12959853.3235 7082088.9946, -12959890.8296 7082038.5406, -12959867.6321 7082016.0113, -12959834.4907 7082024.1013, -12959846.9749 7082036.8315, -12959843.3049 7082057.5228, -12959793.0619 7082042.0203, -12959784.3682 7082065.6737, -12959734.8042 7082052.6295, -12959723.0099 7082069.1037, -12959732.8618 7082090.233, -12959713.2163 7082089.1404, -12959696.0384 7082076.1643, -12959721.5767 7082050.5787, -12959707.7968 7082022.8663, -12959697.4955 7082016.3559, -12959693.0864 7082027.03809999, -12959691.1892 7082013.3995, -12959635.6843 7081998.0708, -12959627.9449 7081955.7343, -12959587.2141 7081924.2443, -12959589.3814 7081922.2494, -12959587.1856 7081924.2121, -12959587.2141 7081924.2443))"
4,20825,684,2023-10-15 06:33:14,MNZ001, ,18206.5,2023-06-13,1230,0 - hand sketch of any type,Mutual Aid,Being Held,2023/06/03 15:25:00,E,2595.0,,,5,fc6b206e-45dd-4394-b6bd-f8aee9a5f56a,650358352.84375,178785.957139494,"POLYGON ((-12550590.37 7992215.9284, -12550580.1712 7992219.8373, -12550772.2259 7992293.1634, -12550901.3743 7992380.8491, -12551014.668 7992554.7069, -12551069.724 7992767.131, -12551149.6214 7992942.0682, -12551249.9969 7993085.2176, -12551373.6627 7993208.7299, -12551501.7822 7993299.9834, -12551642.5754 7993370.0318, -12552091.7358 7993499.2189, -12552214.8547 7993595.2593, -12552301.8274 7993750.1555, -12552374.296 7993949.292, -12552454.3181 7994084.8688, -12552592.003 7994243.0048, -12552744.576 7994359.8765, -12552966.0855 7994462.8862, -12553188.4572 7994507.7976, -12553445.7182 7994496.5721, -12553625.2511 7994530.8529, -12553764.7129 7994540.3601, -12553921.4281 7994527.7039, -12554183.5512 7994475.6774, -12554336.55 7994506.4794, -12554465.7784 7994594.1304, -12554551.1547 7994725.0126, -12554579.4069 7994878.7849, -12554485.2773 7995284.3422, -12554470.5851 7995476.2255, -12554489.1873 7995650.233, -12554546.3429 7995840.0253, -12554582.8074 7996038.4979, -12554549.5363 7996191.2882, -12554459.9054 7996319.3233, -12554320.0438 7996407.6251, -12554174.1526 7996457.0875, -12554029.4959 7996533.4545, -12553875.5271 7996559.2064, -12553285.3572 7996427.4194, -12552964.9348 7996240.1143, -12552832.6567 7996194.7433, -12552677.9825 7996166.3023, -12552485.8816 7996164.9543, -12552313.899 7996195.6386, -12552149.8451 7996255.7737, -12551984.48 7996353.7338, -12551852.8246 7996468.7742, -12551752.9888 7996590.5134, -12551673.3875 7996726.4023, -12551615.9816 7996873.0961, -12551473.2847 7997507.3922, -12551452.9999 7997663.658, -12551461.6828 7997855.968, -12551537.2181 7998255.26389999, -12551503.8749 7998408.0846, -12551414.1658 7998536.1198, -12551282.0324 7998619.4667, -12551128.0122 7998645.1686, -12550976.047 7998609.2297, -12550835.8541 7998507.1092, -12550754.2772 7998381.9148, -12550690.0874 7998149.1899, -12550597.9469 7997960.6195, -12550468.6926 7997795.3648, -12550307.9748 7997660.6449, -12550170.9701 7997583.2409, -12550023.5687 7997528.2603, -12549617.554 7997431.3769, -12549461.5902 7997411.0145, -12549321.7779 7997413.6411, -12549128.6115 7997442.8662, -12548976.6806 7997406.893, -12548836.5376 7997304.752, -12548755.007 7997179.5564, -12548693.0944 7996980.0039, -12548627.7033 7996836.7026, -12548551.4097 7996719.3064, -12548447.063 7996601.4227, -12548325.5978 7996501.3443, -12548174.2087 7996414.0072, -12548009.9851 7996354.3322, -12547837.915 7996324.1304, -12547645.8162 7996326.0177, -12547457.6047 7996364.5886, -12547280.194 7996438.4267, -12546987.0777 7996620.0463, -12546702.0504 7996669.4843, -12546519.9176 7996730.72779999, -12546381.7758 7996806.0359, -12546257.0903 7996902.0665, -12546038.3693 7997162.47, -12545891.6505 7997254.8704, -12545737.6417 7997280.4569, -12545432.4857 7997219.0424, -12545275.2134 7997217.787, -12545074.1427 7997246.7099, -12544922.2361 7997210.6558, -12544605.8866 7996959.00419999, -12544456.0785 7996868.954, -12544242.1342 7996793.201, -12544016.6668 7996767.6006, -12543825.4433 7996786.1579, -12543625.1083 7996847.6406, -12543500.5561 7996911.3041, -12543174.205 7997122.04909999, -12543000.6473 7997150.8185, -12542855.7409 7997145.4037, -12542699.484 7997163.3063, -12542531.5622 7997211.6192, -12542387.2438 7997280.9194, -12542254.0305 7997140.1507, -12542034.7006 7996975.4618, -12541953.2876 7996850.1988, -12541895.7342 7996638.393, -12541824.6329 7996478.5234, -12541726.9062 7996333.4544, -12541618.627 7996219.1996, -12541479.091 7996113.9098, -12541323.4292 7996034.4932, -12541190.4538 7995991.2376, -12540854.4931 7995917.6166, -12540679.9202 7995911.5352, -12540489.9382 7995940.0061, -12540308.8664 7996004.26789999, -12540157.5947 7996091.7848, -12540023.7858 7996204.2883, -12539921.6617 7996324.0956, -12539839.4986 7996458.4347, -12539776.1326 7996614.1295, -12539680.5729 7996750.0633, -12539548.3441 7996833.1822, -12539394.3238 7996858.63669999, -12539242.4539 7996822.4697, -12538818.0634 7996522.0739, -12538691.821 7996457.1171, -12538557.6842 7996410.6858, -12538418.3454 7996383.7117, -12538265.6786 7996377.0345, -12538124.5237 7996391.7404, -12537947.0666 7996432.2104, -12537839.1298 7996432.2106, -12537698.1036 7996387.0616, -12537424.8658 7996213.7166, -12537239.6395 7996148.4657, -12536979.7316 7996119.9516, -12536731.8174 7996156.7902, -12536598.1988 7996204.6827, -12536463.4284 7996276.8433, -12536349.4348 7996361.5318, -12536241.3695 7996469.77929999, -12536073.4645 7996731.1334, -12535926.1569 7996927.3117, -12535787.293 7997248.9339, -12535694.7165 7997364.6959, -12535616.8243 7997418.3499, -12535528.8448 7997452.9854, -12535178.4733 7997494.5737, -12535083.9592 7997493.0318, -12534992.2394 7997470.1365, -12534769.2338 7997346.0762, -12534616.3176 7997287.4669, -12534302.653 7997239.7946, -12534055.3891 7997252.348, -12533907.3426 7997290.3571, -12533697.8694 7997371.8977, -12533523.2719 7997374.7446, -12533397.0949 7997327.431, -12533205.1606 7997185.3025, -12533050.2763 7997104.5356, -12532873.0684 7997049.6275, -12532688.7952 7997028.3916, -12532439.4836 7997054.3658, -12532136.5955 7997168.7725, -12532016.5413 7997186.5213, -12531909.5071 7997172.4771, -12531730.032 7997105.1895, -12531579.7449 7997070.203, -12531314.3699 7997038.1865, -12531118.1915 7997046.7666, -12530954.4771 7997083.9091, -12530813.5456 7997137.2203, -12530477.9724 7997343.5907, -12530386.2533 7997366.4849, -12530291.7411 7997368.0261, -12530173.9848 7997338.6312, -12529909.5684 7997211.6347, -12529696.6313 7997164.3456, -12529469.2248 7997160.3301, -12529196.2901 7997133.9347, -12529044.1983 7997148.9404, -12528839.9384 7997195.0819, -12528705.5028 7997186.2995, -12528592.5524 7997141.8341, -12528397.9784 7996994.9819, -12528233.9143 7996908.2857, -12528046.0065 7996851.18509999, -12527861.5179 7996831.9645, -12527633.7918 7996855.6897, -12527417.3885 7996930.5973, -12527240.8025 7997039.2615, -12527043.3666 7997219.0276, -12526922.3919 7997278.4438, -12526802.3365 7997296.1927, -12526601.3478 7997271.7561, -12526459.4173 7997270.9807, -12526113.2683 7997329.93819999, -12526006.2345 7997315.8944, -12525894.7828 7997267.7667, -12525631.4181 7997023.2361, -12525404.9524 7996892.2605, -12525152.3733 7996824.4643, -12524880.0627 7996825.9522, -12524658.588 7996884.1045, -12524456.0739 7996991.1188, -12524298.0386 7997125.4302, -12524135.0796 7997327.2616, -12524025.3157 7997405.5341, -12523936.2641 7997437.28, -12523842.3514 7997448.04829999, -12523671.6302 7997411.3021, -12523569.4409 7997345.7147, -12523483.5013 7997241.7654, -12523438.2077 7997128.963, -12523427.3651 7997007.8691, -12523473.7074 7996839.2126, -12523659.0366 7996583.6303, -12523758.6991 7996353.2284, -12523798.1439 7996105.2578, -12523772.4823 7995844.5755, -12523709.3503 7995658.3217, -12523604.7548 7995479.1288, -12523449.171 7995310.9045, -12523171.5673 7995105.9838, -12523099.8507 7994991.7694, -12523069.5701 7994874.0642, -12523074.5126 7994752.6209, -12523156.2065 7994492.5317, -12523179.9135 7994275.3928, -12523156.1501 7994058.2663, -12523074.4734 7993794.077, -12523071.5183 7993672.5835, -12523103.7123 7993555.4173, -12523249.8667 7993268.4411, -12523304.3873 7993001.2751, -12523291.2898 7992761.5044, -12523217.234 7992521.7413, -12523125.405 7992360.4067, -12523005.4636 7992218.8024, -12522861.5232 7992101.782, -12522698.5188 7992013.35540001, -12522479.2038 7991948.0175, -12522250.8106 7991934.2743, -12522025.2675 7991972.8437, -12521724.4153 7992089.0778, -12521630.2686 7992096.7719, -12521536.8244 7992082.9566, -12521448.9167 7992048.3495, -12521371.0757 7991994.7319, -12521200.4928 7991786.1685, -12521080.4669 7991674.7857, -12520962.9681 7991595.2086, -12520808.7588 7991516.4087, -12520734.5792 7991457.84, -12520655.6311 7991348.5888, -12520615.7093 7991219.7829, -12520613.4087 7991125.1901, -12520647.5333 7990940.4984, -12520656.0174 7990798.6743, -12520642.689 7990646.2736, -12520606.3765 7990497.681, -12520505.0913 7990280.134, -12520300.589 7990008.3945, -12520213.7182 7989713.9464, -12520106.6337 7989498.9415, -12520077.1674 7989409.0651, -12520069.2809 7989301.3077, -12520089.3557 7989195.1548, -12520136.0356 7989097.7637, -12520216.3696 7989006.8073, -12520319.4961 7988942.9743, -12520529.041 7988873.564, -12520733.5309 7988765.2508, -12520917.3278 7988701.7187, -12521044.8147 7988639.5854, -12521220.4933 7988510.5088, -12521364.1169 7988346.3965, -12521477.0064 7988134.7379, -12521537.8068 7987891.4205, -12521536.4082 7987640.6058, -12521472.9046 7987397.9994, -12521405.3824 7987260.8612, -12521324.7038 7987144.1, -12521205.5877 7987006.9228, -12521079.7601 7986902.3265, -12520717.9357 7986710.6677, -12520584.4854 7986662.8352, -12520370.6313 7986613.8433, -12520233.5615 7986528.9886, -12520139.071 7986398.2296, -12520067.8305 7986173.4461, -12519990.698 7986016.7893, -12519887.5891 7985875.93289999, -12519761.637 7985755.1554, -12519607.0749 7985652.91929999, -12519446.7385 7985584.3284, -12519279.9732 7985545.1073, -12519063.0039 7985526.703, -12518948.8464 7985486.0075, -12518871.081 7985432.4415, -12518807.4015 7985362.6532, -12518737.1074 7985202.8196, -12518728.6751 7985108.6523, -12518741.6961 7985015.0064, -12518775.4948 7984926.7337, -12518828.3255 7984848.3923, -12518966.9855 7984742.5482, -12519196.322 7984672.5229, -12519335.2927 7984609.4284, -12519537.89 7984462.2694, -12519640.9533 7984349.56149999, -12519725.995 7984221.9345, -12519809.8821 7984043.6837, -12519856.3593 7983886.9651, -12519876.7744 7983637.1153, -12519831.4148 7983379.5788, -12519732.5976 7983161.1436, -12519556.6915 7982937.2391, -12519505.3733 7982842.3196, -12519480.1827 7982737.3613, -12519471.6059 7982479.85849999, -12519440.1996 7982330.31669999, -12519367.1587 7982148.1143, -12519214.3509 7981901.3501, -12519181.9317 7981729.8197, -12519202.5376 7981610.2484, -12519264.65 7981490.7887, -12519329.4234 7981422.0919, -12519539.9812 7981255.0627, -12519681.9981 7981075.7471, -12519760.7414 7980920.0289, -12519842.2172 7980672.6268, -12519876.6838 7980512.6422, -12519884.6778 7980349.1731, -12519868.4221 7980199.26789999, -12519821.5005 7980006.3643, -12519819.2034 7979911.911, -12519838.2644 7979819.3787, -12519919.6978 7979632.1163, -12519969.7824 7979458.27769999, -12519991.1035 7979300.0772, -12519990.9933 7979079.9687, -12520023.1262 7978963.0257, -12520105.8134 7978840.4095, -12520238.4599 7978749.0519, -12520395.8301 7978715.1834, -12520541.575 7978739.1628, -12520626.2431 7978780.7426, -12520699.3449 7978840.4098, -12520860.0524 7979074.6679, -12520995.5056 7979216.4581, -12521137.0906 7979318.1247, -12521357.6116 7979433.5697, -12521607.1672 7979702.6776, -12521824.0819 7979847.9117, -12522017.9853 7979919.83259999, -12522312.6912 7979972.1388, -12522597.853 7980139.0566, -12522824.4262 7980216.1236, -12522986.4951 7980236.6031, -12523241.0869 7980236.2078, -12523488.0605 7980196.7353, -12523640.6233 7980138.24449999, -12523772.6714 7980061.851, -12523899.496 7979958.7094, -12524007.8532 7979836.24759999, -12524083.5289 7979718.908, -12524187.1593 7979508.9035, -12524389.6817 7979300.2569, -12524510.5457 7979118.9867, -12524583.5109 7978936.8436, -12524666.2555 7978588.5306, -12524712.8697 7978491.276, -12524825.2892 7978375.8688, -12525007.2459 7978281.27179999, -12525124.5241 7978201.8181, -12525286.8803 7978040.8902, -12525413.1731 7977837.3606, -12525509.3464 7977536.5288, -12525579.0488 7977421.4283, -12525670.3484 7977341.8169, -12525831.1199 7977263.1003, -12525920.4375 7977232.8939, -12526014.2608 7977223.6838, -12526120.7747 7977239.4288, -12526420.7901 7977342.1472, -12526561.2351 7977359.8942, -12526755.9682 7977360.9447, -12526885.2227 7977397.7215, -12527005.5397 7977483.5092, -12527123.1644 7977634.4115, -12527222.7083 7977735.2562, -12527472.4242 7977915.7437, -12527546.57 7978011.6012, -12527586.7672 7978111.6832, -12527609.5989 7978481.4509, -12527642.4823 7978619.419, -12527694.5 7978751.3485, -12527764.6085 7978874.5891, -12527851.4011 7978986.6665, -12527961.5234 7979092.3039, -12528077.0572 7979174.3119, -12528203.002 7979239.1357, -12528347.3737 7979288.2426, -12528486.68 7979313.6416, -12528628.1714 7979319.0571, -12528779.7311 7979302.42499999, -12528916.6971 7979266.452, -12529056.9079 7979206.4531, -12529177.5489 7979132.1916, -12529236.1806 7979086.6864, -12529153.715 7978951.4485, -12528802.4581 7978686.9215, -12528749.133 7978604.5637, -12528712.8118 7978435.2412, -12528741.4766 7978281.8976, -12528778.1011 7978226.131, -12528722.9133 7978088.7179, -12528606.2927 7977914.9597, -12528445.9357 7977761.4013, -12528365.204 7977627.18119999, -12528323.0344 7977455.9859, -12528181.3831 7977091.3492, -12528075.8666 7976931.1092, -12527948.7272 7976799.9519, -12527864.3172 7976659.5958, -12527827.4246 7976503.3557, -12527759.5978 7976342.5754, -12527664.9383 7976196.0399, -12527543.9518 7976066.0912, -12527437.8819 7975889.6975, -12527378.8632 7975746.6231, -12527339.2802 7975561.9344, -12527367.9611 7975408.6545, -12527460.0599 7975263.4338, -12527525.3142 7975120.5741, -12527677.4702 7974432.9652, -12527763.0336 7974302.7182, -12527892.1903 7974215.7246, -12528079.707 7974178.6051, -12528338.8185 7974153.9272, -12528583.2714 7974062.7615, -12528715.6251 7973978.5487, -12528820.9571 7973887.0722, -12528912.5544 7973781.7993, -12528996.9759 7973649.4376, -12529065.2443 7973488.9161, -12529102.0508 7973336.2342, -12529112.7659 7973118.9074, -12529188.7135 7972707.1848, -12529192.6287 7972457.3804, -12529223.7699 7972290.7193, -12529309.282 7972160.4909, -12529438.3841 7972073.49449999, -12529591.0124 7972043.2483, -12529743.449 7972074.4517, -12530129.525 7972331.0265, -12530256.7743 7972387.9744, -12530407.7781 7972430.1255, -12530580.9341 7972448.5654, -12530737.4086 7972439.1583, -12530907.1208 7972400.1056, -12531064.5195 7972333.6588, -12531221.1236 7972313.2495, -12531546.2901 7972396.324, -12531812.1589 7972402.8426, -12531974.1921 7972435.9604, -12532102.78 7972523.7311, -12532187.5199 7972654.4761, -12532270.4558 7973089.5145, -12532296.2739 7973317.5145, -12532247.893 7973483.6604, -12532089.5695 7973714.0083, -12532002.0746 7973941.7098, -12531972.2929 7974201.3334, -12532005.9522 7974443, -12532051.2104 7974575.1056, -12532114.3808 7974699.6165, -12532276.5787 7974904.3123, -12532383.2934 7974994.19609999, -12532579.2805 7975125.2769, -12532820.2119 7975225.5132, -12533061.3909 7975259.6834, -12533286.6249 7975238.1422, -12533453.2502 7975187.2491, -12533687.8291 7975073.3575, -12533960.8395 7975018.3204, -12534169.9283 7974931.7222, -12534314.4037 7974834.2315, -12534451.1183 7974699.8065, -12534551.1177 7974556.9191, -12534646.8231 7974331.0137, -12534760.3199 7974157.8956, -12534889.3946 7974070.7822, -12535042.0431 7974040.4173, -12535282.576 7974084.8124, -12535456.7187 7974087.9502, -12535645.6444 7974056.3734, -12535857.7293 7973972.557, -12536023.8293 7973939.4938, -12536176.333 7973970.5752, -12536304.9969 7974058.2927, -12536389.8273 7974189.018, -12536417.637 7974342.4347, -12536384.1009 7974494.7023, -12536246.0557 7974695.4751, -12536176.0304 7974836.0419, -12536128.8133 7974985.8556, -12536106.9439 7975123.8083, -12536106.8685 7975298.3346, -12536162.7895 7975542.1862, -12536299.0399 7975548.2032, -12536454.8612 7975530.479, -12536656.0993 7975481.1236, -12536877.2891 7975524.3065, -12537051.2522 7975533.4965, -12537435.2874 7975470.2968, -12537587.8285 7975501.3564, -12537756.5744 7975616.3536, -12537929.2772 7975758.6852, -12538148.2038 7975865.71239999, -12538282.8815 7975901.8895, -12538421.2749 7975918.9333, -12538698.795 7975899.2722, -12538934.1005 7975836.1219, -12539147.1617 7975717.8093, -12539325.3178 7975551.368, -12539475.0711 7975368.1374, -12539614.7445 7975156.8755, -12539743.7813 7975069.6667, -12539896.4319 7975039.199, -12540048.9749 7975070.2066, -12540209.968 7975179.8431, -12540353.252 7975306.7829, -12540511.4317 7975400.8779, -12540634.0897 7975496.8578, -12540695.3149 7975355.7166, -12540732.7109 7975213.7421, -12540818.0658 7975083.32, -12540947.0879 7974996.0909, -12541099.7324 7974965.5989, -12541252.2792 7974996.5818, -12541381.0207 7975084.22519999, -12541465.9514 7975214.9121, -12541505.1131 7975430.1289, -12541491.4876 7975595.9369, -12541506.8798 7975911.9122, -12541537.2561 7976088.5093, -12541619.6392 7976106.953, -12541748.4044 7976194.6034, -12541926.3954 7976450.8302, -12542136.7585 7976638.7163, -12542212.9112 7976774.7615, -12542230.6652 7976929.7265, -12542113.6139 7977398.15299999, -12541927.5886 7977667.5484, -12541866.9634 7977797.9181, -12542055.7439 7977877.2714, -12542312.8836 7977931.1982, -12542421.575 7977984.5756, -12542609.7541 7978172.7464, -12542720.6398 7978260.9323, -12542862.5091 7978341.9773, -12543047.6021 7978415.5302, -12543126.156 7978467.7667, -12543190.9053 7978536.4375, -12543362.3037 7978775.6486, -12543573.2265 7978947.1839, -12543729.4462 7979024.3798, -12543949.4283 7979095.4433, -12544222.7859 7979254.2026, -12544431.0018 7979317.4921, -12544658.8493 7979333.7073, -12544967.1361 7979282.4672, -12545197.1448 7979293.3176, -12545370.5003 7979276.209, -12545517.7686 7979236.6687, -12545647.6762 7979180.2373, -12545768.3168 7979105.9762, -12545885.1001 7979007.7815, -12545979.0242 7978901.6314, -12546057.0286 7978783.2485, -12546197.5333 7978457.6143, -12546321.1991 7978334.7291, -12546444.6129 7978281.4407, -12546565.0819 7978269.615, -12546696.4787 7978297.8931, -12546801.479 7978358.2461, -12546906.1645 7978480.735, -12546956.4092 7978633.9381, -12546948.0077 7978781.6739, -12546857.4046 7979075.408, -12546842.4349 7979271.1034, -12546876.2178 7979508.4029, -12546982.6589 7979787.2772, -12547102.2083 7979982.3034, -12547352.8791 7980261.5088, -12547491.0872 7980367.7772, -12547743.3663 7980492.7097, -12547837.2464 7980569.33649999, -12547915.9232 7980694.6132, -12547945.2339 7980826.0582, -12547918.4074 7980998.5368, -12547795.6121 7981213.2209, -12547737.2333 7981354.3765, -12547681.7558 7981637.2005, -12547643.1805 7981737.9783, -12547550.79 7981853.50859999, -12547270.313 7982057.3702, -12547112.6496 7982251.9601, -12547046.5436 7982377.4756, -12546998.8053 7982511.0942, -12546971.2035 7982644.12039999, -12546955.9079 7982831.5202, -12546918.1098 7982946.8129, -12546829.5092 7983065.3129, -12546558.3681 7983273.5507, -12546422.0837 7983443.6417, -12546323.0314 7983646.8869, -12546203.4487 7984062.7494, -12546193.2703 7984269.7704, -12546225.8308 7984474.4647, -12546285.4301 7984638.5847, -12546398.1235 7984849.9097, -12546457.4041 7985124.6408, -12546542.9021 7985325.2907, -12546576.848 7985381.3515, -12547187.3232 7985809.6804, -12547425.3538 7985835.8016, -12547723.3775 7985795.16929999, -12547844.2909 7985803.068, -12547957.7734 7985845.6154, -12548111.9606 7985949.9612, -12548243.0284 7986016.0331, -12548377.4729 7986060.9453, -12548527.7568 7986087.498, -12548669.4263 7986091.3701, -12548810.2192 7986075.1405, -12549068.182 7985988.9662, -12549225.9913 7985891.826, -12549363.2132 7985767.1986, -12549467.0723 7985632.1494, -12549586.2039 7985422.4955, -12549663.6785 7985161.3784, -12549675.1091 7984989.6085, -12549657.0149 7984734.2026, -12549676.0876 7984641.6131, -12549715.5447 7984555.7342, -12549782.9403 7984471.4736, -12549869.7164 7984407.4437, -12549983.1789 7984364.9032, -12550090.5937 7984356.1254, -12550209.4361 7984379.6821, -12550316.4296 7984436.6253, -12550537.6684 7984663.5367, -12550809.2037 7984842.7753, -12550899.964 7984942.2279, -12550942.1934 7985026.7793, -12550964.2655 7985118.7033, -12550950.9182 7985434.1581, -12550986.8977 7985660.3448, -12551073.2063 7985872.4427, -12551205.3386 7986059.3675, -12551324.0356 7986171.9931, -12551459.4623 7986263.7418, -12551765.3418 7986385.0665, -12552031.8438 7986530.8028, -12552228.1663 7986596.38579999, -12552433.7594 7986620.0852, -12552586.0465 7986610.0836, -12552952.94 7986545.6194, -12553210.9187 7986459.4399, -12553535.7285 7986257.9882, -12553834.4554 7986213.2928, -12554021.4599 7986154.2112, -12554184.3244 7986065.8336, -12554328.1275 7985948.8843, -12554435.2303 7985825.1475, -12554557.3945 7985638.033, -12554730.101 7985483.2467, -12554835.8435 7985358.3543, -12554914.9869 7985227.65129999, -12554976.6969 7985076.0024, -12555019.0935 7984890.4993, -12555032.3714 7984738.2146, -12555019.0507 7984564.0783, -12554975.7526 7984394.9086, -12554903.7941 7984235.8448, -12554798.3964 7984083.3091, -12554683.4515 7983966.9063, -12554551.1192 7983870.81669999, -12554178.9903 7983707.1267, -12554106.8229 7983646.229, -12554050.2569 7983570.574, -12554005.0475 7983457.9805, -12553994.2237 7983337.1051, -12554014.2836 7983231.0324, -12554068.4879 7983122.5059, -12554173.4148 7983018.2413, -12554308.161 7982957.4354, -12554428.7104 7982945.6032, -12554711.8046 7982982.8626, -12554896.4814 7982969.7198, -12555044.6483 7982933.3901, -12555231.3054 7982859.87849999, -12555466.9083 7982809.0583, -12555627.9142 7982742.2324, -12555913.119 7982554.5991, -12556075.5688 7982393.5788, -12556206.4885 7982180.0042, -12556309.2364 7981880.5273, -12556420.4016 7981746.0874, -12556572.0892 7981643.5242, -12556726.0144 7981511.1574, -12556834.7628 7981457.7517, -12557008.1771 7981440.73089999, -12557173.2647 7981496.56009999, -12557353.9287 7981630.6731, -12557542.2216 7981734.2542, -12557639.2072 7981827.5405, -12557692.0625 7981921.5926, -12557717.1001 7982012.7148, -12557719.736 7982120.6198, -12557699.178 7982212.8583, -12557626.6932 7982341.8696, -12557459.4676 7982502.2362, -12557353.364 7982640.7436, -12557277.1047 7982785.5369, -12557202.9199 7982991.019, -12557142.6061 7983080.4761, -12557049.9581 7983158.6554, -12556835.6375 7983260.3107, -12556683.3864 7983365.867, -12556546.2928 7983506.2219, -12556439.2298 7983670.5415, -12556301.8467 7983965.5332, -12556215.5766 7984247.8545, -12555991.5379 7984532.4278, -12555878.6054 7984768.2437, -12555844.158 7984905.9501, -12555811.1164 7985153.6886, -12555664.5097 7985439.1172, -12555603.5452 7985648.5719, -12555590.46 7985888.117, -12555637.9174 7986134.32819999, -12555744.906 7986361.0326, -12555904.7305 7986554.0303, -12556069.5893 7986679.3647, -12556393.1021 7986849.5867, -12556572.2851 7986896.6476, -12556879.1904 7986929.7119, -12557212.9629 7987112.5097, -12557358.0124 7987160.08529999, -12557497.733 7987183.9847, -12557758.7439 7987175.4229, -12557906.9938 7987139.0732, -12558142.8691 7987047.7342, -12558317.2424 7987047.7345, -12558656.5587 7987196.6078, -12559005.5077 7987274.6204, -12559108.6123 7987338.4398, -12559188.9282 7987429.3756, -12559235.5981 7987526.7457, -12559254.6789 7987619.3747, -12559239.6747 7987873.1032, -12559253.0162 7988036.3851, -12559345.6875 7988368.4492, -12559344.8163 7988476.4781, -12559316.2076 7988580.6389, -12559261.7904 7988673.9068, -12559185.2355 7988749.9893, -12559104.1161 7988798.396, -12558911.8346 7988876.1227, -12558781.3177 7988955.4591, -12558534.0314 7989186.08560001, -12558262.9184 7989363.6141, -12558107.4576 7989531.7061, -12557994.1496 7989730.7777, -12557927.0785 7989961.2128, -12557916.596 7990201.0233, -12557959.9704 7990426.0514, -12558053.2188 7990635.3383, -12558183.967 7990810.0032, -12558305.1648 7990920.0767, -12558486.4679 7991042.2114, -12558684.1481 7991263.5809, -12558858.4748 7991394.6179, -12559056.9827 7991484.7429, -12559259.3981 7991528.5486, -12559455.6081 7991530.6932, -12559691.4424 7991492.7954, -12559798.9573 7991501.5811, -12559924.258 7991550.904, -12560027.2326 7991637.7847, -12560080.1097 7991716.1949, -12560113.9402 7991804.5503, -12560121.0485 7991979.218, -12560089.056 7992082.4391, -12559984.3224 7992256.4205, -12559926.4741 7992386.1709, -12559887.5084 7992522.8121, -12559860.4472 7992695.9549, -12560010.5085 7992675.7473, -12560177.3475 7992624.1442, -12560332.0455 7992545.251, -12560486.6813 7992524.4898, -12560637.3099 7992565.2178, -12560760.5245 7992661.1071, -12560871.0919 7992857.5004, -12560945.4104 7993048.5695, -12561138.8765 7993393.78, -12561185.2363 7993672.2191, -12561290.2148 7993912.2135, -12561370.7176 7994026.6933, -12561466.3422 7994128.8345, -12561798.0567 7994391.7555, -12561874.7437 7994527.9269, -12561892.9413 7994683.2151, -12561880.0613 7994729.4716, -12561899.9594 7994820.2904, -12561861.1024 7994999.5729, -12561793.2887 7995096.6444, -12561779.9846 7995239.4902, -12561802.293 7995430.6361, -12561865.0546 7995624.197, -12561899.8366 7995812.4803, -12561866.7148 7995965.3003, -12561777.2102 7996093.4206, -12561645.2328 7996176.9252, -12561491.2955 7996202.8328, -12561339.3275 7996167.1157, -12561199.0366 7996065.221, -12561145.2327 7995982.8988, -12561043.6689 7995562.3312, -12560941.8595 7995359.19879999, -12560797.0565 7995184.2198, -12560464.3496 7994930.7758, -12560410.5616 7994848.4607, -12560315.0365 7994440.357, -12560274.757 7994172.46, -12560219.2943 7994025.07549999, -12560141.5043 7993888.2002, -12560018.9431 7993740.067, -12559870.4265 7993618.0847, -12559685.2396 7993520.0725, -12559479.1509 7993459.9058, -12559338.936 7993358.0141, -12559285.1715 7993275.7084, -12559248.0936 7993106.1962, -12559261.5243 7993032.7096, -12559111.7573 7993074.4379, -12558963.0772 7993142.9024, -12558637.7855 7993384.53059999, -12558535.5557 7993419.1057, -12558427.886 7993426.1387, -12558284.2921 7993390.2951, -12558095.7036 7993273.613, -12557946.2844 7993206.7761, -12557549.7592 7993121.6227, -12557329.6423 7992989.37479999, -12557157.9786 7992919.2422, -12556642.3696 7992812.5057, -12556381.039 7992809.6501, -12556179.0742 7992855.6619, -12555990.8782 7992942.3224, -12555832.5965 7993058.5785, -12555649.3704 7993251.2621, -12555519.8318 7993322.9452, -12555427.467 7993342.8258, -12555199.3514 7993350.3425, -12555005.415 7993387.1891, -12554634.9713 7993516.3794, -12554388.8286 7993517.8794, -12554237.3809 7993537.8525, -12554082.7315 7993583.7263, -12553868.3332 7993681.2165, -12553707.8182 7993696.974, -12553602.7054 7993672.5492, -12553507.4187 7993621.8302, -12553282.5478 7993386.3267, -12553095.7961 7993253.8109, -12552904.8631 7993173.36159999, -12552637.5808 7993113.9341, -12552520.7841 7993046.7936, -12552424.546 7992934.1702, -12552309.6386 7992644.9141, -12552146.5907 7992391.0101, -12551982.2609 7992223.675, -12551788.6068 7992101.5735, -12551529.5072 7992018.1784, -12551257.5648 7992007.7726, -12551054.668 7992049.3553, -12550821.5085 7992150.6805, -12550590.37 7992215.9284))"
5,20839,1235,2023-10-15 06:33:14,EWF076, ,76.0,2023-07-25,0854,2 - non-corrected airborne GPS,Wildfire,Under Control,2023/07/27 13:32:00,D,71.6,1690219140000,Lightning,3,e3a34334-b708-4e08-b282-f7a375c7c7ba,2090366.0625,6488.73014388973,"POLYGON ((-12961605.0297 6981777.0689, -12961626.9695 6981839.8216, -12961593.4112 6981919.8943, -12961506.6392 6982006.5856, -12961431.4597 6982117.84969999, -12961294.9646 6982202.4567, -12961254.306 6982248.4207, -12961216.6983 6982429.9246, -12961170.4341 6982533.6789, -12961118.308 6982587.8571, -12960962.4014 6982694.206, -12960923.9151 6982750.2476, -12960912.6808 6982817.906, -12960920.318 6983045.457, -12960874.9195 6983359.2174, -12960834.3964 6983456.3401, -12960745.3624 6983527.4753, -12960609.9772 6983571.6598, -12960475.8273 6983570.4372, -12960308.4489 6983543.876, -12960232.1137 6983517.0311, -12960174.492 6983446.8428, -12960101.6886 6983221.5851, -12959979.181 6982974.0672, -12959935.2043 6982915.9168, -12959801.6499 6982827.3067, -12959765.8677 6982768.4111, -12959726.4344 6982653.9859, -12959684.2269 6982590.5675, -12959631.5745 6982552.1611, -12959521.3398 6982505.8445, -12959507.7056 6982450.6949, -12959531.8441 6982388.2741, -12959556.4705 6982361.7939, -12959624.4971 6982327.3917, -12959892.5151 6982292.7276, -12960010.7484 6982238.9587, -12960075.4173 6982191.48879999, -12960126.698 6982132.9786, -12960247.9749 6981929.1542, -12960327.6455 6981840.9123, -12960514.8196 6981700.4132, -12960676.9595 6981620.5365, -12960743.6765 6981606.7378, -12960832.2546 6981623.3187, -12961026.7462 6981773.321, -12961139.2794 6981817.2591, -12961228.7371 6981818.3711, -12961489.2283 6981735.92849999, -12961534.6144 6981737.9705, -12961605.0297 6981777.0689))"
6,20841,1208,2023-10-15 06:33:14,HWF064,Beach Road,5894.1,2023-07-24,0700,1 - non-corrected ground GPS,Wildfire,Under Control,2023/07/26 09:05:00,E,6175.0,1686325620000,Lightning,3,6dd8657d-1c36-4462-a426-bf6044b8f51f,225105709.085938,155045.971332892,"POLYGON ((-13255207.3335 8244842.5147, -13255141.7928 8244853.8824, -13255111.8578 8244899.6173, -13255122.9276 8245043.8085, -13255095.9604 8245198.8937, -13255141.2688 8245339.12, -13255132.9975 8245476.0557, -13255115.37 8245502.3243, -13255040.9146 8245538.5585, -13254937.8912 8245637.2836, -13254835.5088 8245687.8039, -13254779.1207 8245684.9915, -13254483.0152 8245514.54779999, -13254291.2038 8245525.01479999, -13254179.6684 8245390.439, -13254016.3081 8245304.7671, -13253936.1591 8245289.3008, -13253712.7092 8245303.17189999, -13253607.9653 8245280.3241, -13253587.9867 8245163.6154, -13253456.3306 8244975.78059999, -13253378.4691 8244935.817, -13253181.6796 8244953.7563, -13253118.4329 8244917.3082, -13253081.6932 8244857.0024, -13253050.9829 8244673.2152, -13253006.1328 8244574.1531, -13252916.7915 8244503.6297, -13252702.1988 8244387.8436, -13252651.9226 8244330.9904, -13252559.6414 8244164.3503, -13252511.9388 8244106.3014, -13252446.7861 8244065.5493, -13252303.1683 8244012.4688, -13252242.8414 8243969.4556, -13252194.2947 8243911.8954, -13252101.5887 8243741.1303, -13252020.5297 8243639.018, -13251818.2592 8243481.3358, -13251635.3323 8243291.531, -13251557.9096 8243248.4409, -13251462.8626 8243225.6296, -13251209.6549 8243195.1971, -13251082.6078 8243132.1279, -13250888.3162 8242971.8958, -13250519.9178 8242876.9224, -13250302.7337 8242699.786, -13250043.9435 8242429.2927, -13249849.4732 8242289.0665, -13249805.205 8242227.4199, -13249733.9743 8242055.7177, -13249655.5143 8241975.6393, -13249546.101 8241940.9477, -13249173.4601 8241936.3634, -13248949.7158 8241857.3131, -13248764.1174 8241813.1801, -13248562.6684 8241673.9089, -13248299.1019 8241608.3744, -13248125.4166 8241513.2678, -13248014.0928 8241494.5432, -13247866.1571 8241519.2859, -13247808.7599 8241490.2915, -13247780.8313 8241432.349, -13247794.4035 8241363.7156, -13247899.0975 8241267.4047, -13247961.4553 8241162.7784, -13247961.9716 8241068.64, -13247900.4502 8240934.2718, -13247694.879 8240748.1272, -13247599.2176 8240685.1417, -13247480.752 8240657.9853, -13247348.2599 8240652.5576, -13247220.5693 8240600.9078, -13247158.8116 8240536.8054, -13247048.8886 8240304.2534, -13246987.6769 8240239.8448, -13246872.898 8240162.4754, -13246623.4314 8240036.0945, -13246356.6698 8240114.52709999, -13246307.2501 8240179.7831, -13246270.4295 8240202.4474, -13246132.3488 8240230.9157, -13245886.4448 8240172.0914, -13245566.0782 8240023.9306, -13245424.0173 8239982.985, -13245277.2471 8239971.47519999, -13243874.6856 8239971.9547, -13243755.3874 8239960.508, -13243692.543 8239926.0323, -13243647.0583 8239866.4285, -13243633.4015 8239733.0337, -13243580.643 8239621.1134, -13243488.6961 8239566.6215, -13243301.0641 8239503.2771, -13243212.7482 8239504.2658, -13243165.9285 8239545.1794, -13243133.9777 8239608.9051, -13243032.4853 8239938.8217, -13243054.1003 8240003.1521, -13243202.4861 8240191.075, -13243413.9946 8240553.4943, -13243446.6293 8240619.2868, -13243452.5548 8240684.1008, -13243423.6982 8240740.03459999, -13243366.9568 8240775.6139, -13243168.4284 8240803.1059, -13243102.5224 8240831.8712, -13243064.3076 8240878.3265, -13243076.3188 8240976.4244, -13243163.3295 8241047.2144, -13243300.0751 8241070.4625, -13243442.3967 8241067.8906, -13243579.6527 8241035.7431, -13243817.6872 8240893.7828, -13243949.248 8240879.7352, -13244125.9247 8240953.1944, -13244321.6531 8241073.6492, -13244376.4042 8241139.4291, -13244415.0036 8241258.6227, -13244398.3441 8241376.1866, -13244230.9776 8241627.5946, -13244220.7853 8241703.5919, -13244247.5575 8241826.6663, -13244332.2411 8242029.1753, -13244500.3753 8242348.5565, -13244472.1219 8242447.1887, -13244337.4451 8242585.6976, -13244297.199 8242706.5223, -13244273.9995 8243518.7883, -13244297.133 8243902.5268, -13244293.9153 8244096.208, -13244221.1684 8244591.662, -13244139.7355 8244837.4484, -13244169.9541 8244915.8554, -13244256.8437 8245021.7461, -13244270.3107 8245072.6916, -13244261.1701 8245133.8454, -13244195.0442 8245300.5816, -13244201.5798 8245407.9874, -13244261.7348 8245511.17409999, -13244423.3015 8245647.4476, -13244547.7101 8245818.4557, -13244633.2164 8245900.3366, -13244705.4468 8245931.6201, -13244785.9971 8245941.662, -13245078.962 8245902.1478, -13245164.0595 8245926.5524, -13245278.6056 8246004.36599999, -13245442.3927 8246171.8879, -13245524.6264 8246285.0804, -13245562.4506 8246366.0979, -13245651.1377 8246705.5485, -13245639.2545 8246805.8058, -13245594.4093 8246853.1042, -13245490.655 8246920.4014, -13245441.225 8247006.2111, -13245430.2603 8247074.6887, -13245438.3569 8247254.6944, -13245417.3152 8247346.1509, -13245358.5727 8247406.461, -13245232.1682 8247458.3368, -13245187.9456 8247532.2963, -13245173.4464 8247854.2066, -13245181.0972 8248111.8288, -13245212.8885 8248145.8968, -13245264.3129 8248157.5499, -13245427.888 8248092.0482, -13245479.803 8248094.7759, -13245516.376 8248131.3226, -13245535.1906 8248204.4184, -13245504.4038 8248253.5048, -13245356.0123 8248267.7156, -13245265.348 8248305.0417, -13245207.8226 8248345.2088, -13245163.1558 8248402.0266, -13245135.9215 8248470.7675, -13245122.2824 8248589.5374, -13245392.6648 8248669.1069, -13245391.5371 8248753.2977, -13245118.9692 8248877.4354, -13245136.0028 8248989.7365, -13245212.8057 8249113.9134, -13245518.6631 8249436.7886, -13245740.3516 8249619.2712, -13245900.034 8249724.0845, -13246044.0151 8249855.1647, -13246108.0232 8249891.4587, -13246094.8655 8249965.273, -13246112.4859 8250041.5079, -13246203.8268 8250224.0965, -13246383.9126 8250465.1608, -13246409.8044 8250542.2163, -13246408.5317 8250614.3199, -13246356.9122 8250707.428, -13246296.5279 8250735.4556, -13246230.1835 8250732.4163, -13246134.357 8250672.8266, -13245877.696 8250378.0037, -13245750.9198 8250293.8832, -13245660.8698 8250268.8619, -13245509.7888 8250288.1234, -13245447.5755 8250280.9834, -13245142.4548 8250122.4171, -13245006.5854 8250116.6054, -13244914.5945 8250164.5207, -13244817.3666 8250259.0427, -13244776.0654 8250358.6409, -13244755.6271 8250506.9494, -13244712.0917 8250586.8052, -13244473.3895 8250801.477, -13244367.5918 8250849.9233, -13244197.3416 8250893.1098, -13244170.8454 8250913.6667, -13244128.2523 8251014.1606, -13244119.4998 8251171.30699999, -13244072.4325 8251253.5605, -13243990.6854 8251261.6476, -13243868.9766 8251134.9438, -13243822.3354 8251113.2464, -13243771.4587 8251124.4107, -13243728.0243 8251158.9614, -13243698.3089 8251206.3067, -13243696.9246 8251282.32699999, -13243739.042 8251361.6747, -13243841.198 8251475.61330001, -13243857.203 8251520.4759, -13243842.6992 8251553.8102, -13243779.7075 8251561.9352, -13243584.9583 8251488.4285, -13243449.3929 8251502.6483, -13243334.3903 8251477.084, -13243160.5749 8251516.551, -13243020.1833 8251442.4516, -13242969.4966 8251439.2758, -13242919.6449 8251461.3184, -13242848.2174 8251528.7651, -13242835.5655 8251574.2851, -13242845.6587 8251662.7785, -13242802.4287 8251682.5941, -13242482.489 8251590.0922, -13242161.031 8251569.2369, -13242091.8535 8251530.9444, -13242059.6765 8251420.0595, -13242101.5383 8251074.3754, -13242081.6818 8250940.0148, -13242030.9249 8250807.7282, -13241976.2035 8250714.9288, -13241928.6359 8250659.3074, -13241838.5875 8250597.493, -13241735.4774 8250565.5793, -13241662.6757 8250564.74970001, -13241526.4802 8250605.3726, -13241397.464 8250720.6254, -13241310.2739 8250911.0276, -13241230.6267 8250957.8943, -13241176.1604 8250947.3295, -13241144.5367 8250906.3137, -13241103.1572 8250709.4925, -13241054.8136 8250620.7867, -13240954.9206 8250547.7983, -13240801.7283 8250510.1657, -13240739.3086 8250436.8163, -13240687.6826 8250270.3354, -13240657.0287 8249945.6995, -13240617.3461 8249845.2536, -13240352.4174 8249534.9076, -13240288.8106 8249493.8595, -13240069.9325 8249413.1655, -13240009.8689 8249353.3717, -13239970.5718 8249279.2605, -13239917.3677 8249115.2396, -13239875.0282 8248904.053, -13239876.8188 8248825.4723, -13239928.5064 8248644.8634, -13239931.0471 8248579.1619, -13239876.7396 8248506.9366, -13239726.1403 8248426.9665, -13239683.5038 8248322.4136, -13239679.3196 8248151.7425, -13239702.5903 8247944.0001, -13239821.1149 8247516.12650001, -13239792.298 8247411.0586, -13239659.0338 8247237.4733, -13239635.9459 8247141.7591, -13239709.2562 8246898.0995, -13239770.914 8246578.2432, -13239761.6425 8246518.5901, -13239666.2414 8246390.9668, -13239663.5354 8246331.8463, -13239706.3018 8246270.501, -13239849.0038 8246248.2827, -13239882.5744 8246212.6236, -13239886.0871 8246159.4682, -13239854.6341 8246017.1944, -13239858.308 8245920.5041, -13239935.3228 8245586.0594, -13239964.0386 8245563.7733, -13240033.1526 8245577.515, -13240225.7527 8245733.975, -13240320.3694 8245787.3875, -13240506.2941 8245841.6645, -13240626.9596 8245828.156, -13240866.4518 8245679.703, -13241057.4876 8245505.9294, -13241142.3396 8245330.0732, -13241137.121 8245171.7452, -13241101.6365 8245088.0844, -13241036.2249 8245026.3545, -13240909.0435 8244990.6952, -13240701.0055 8244895.8173, -13240490.9769 8244899.836, -13240415.5273 8244882.3532, -13240354.2603 8244838.41529999, -13240297.3653 8244735.0544, -13240266.4496 8244575.5118, -13240268.8387 8244277.9717, -13240303.3942 8243905.9627, -13240271.1723 8243745.7324, -13240206.9953 8243654.8747, -13240145.8267 8243618.3526, -13240068.9955 8243605.4565, -13239910.3223 8243610.0264, -13239845.3352 8243582.8761, -13239796.1434 8243529.13449999, -13239764.4106 8243458.9128, -13239725.6347 8243304.516, -13239626.389 8243074.14060001, -13239606.7453 8242948.8648, -13239632.6509 8242825.4794, -13239778.3656 8242570.7376, -13239803.0003 8242455.4948, -13239799.0016 8242390.42, -13239747.7539 8242314.5653, -13239590.2132 8242214.4831, -13239532.5414 8242158.54950001, -13239468.6629 8242050.6068, -13239423.0266 8241924.5279, -13239394.1817 8241797.8629, -13239367.873 8241410.456, -13239328.8706 8241229.2076, -13239168.2912 8240866.2761, -13239137.3417 8240757.6967, -13239135.8242 8240689.0873, -13239174.3654 8240477.6493, -13239163.5812 8240341.6141, -13239130.6048 8240195.6391, -13239061.1191 8240084.0425, -13238872.74 8239965.6283, -13238795.2555 8239797.8794, -13238689.1704 8239647.0277, -13238627.39 8239508.8403, -13238506.7672 8239414.1899, -13238326.5989 8239328.0389, -13238289.2885 8239270.1348, -13238255.5848 8239020.0542, -13238455.6817 8238781.6542, -13238477.2926 8238577.8823, -13238456.6127 8238477.8136, -13238356.5522 8238361.1723, -13238269.6553 8238314.6361, -13238142.608 8238309.1801, -13238125.6537 8238274.5762, -13238125.9615 8238226.5117, -13238154.159 8238175.4896, -13238219.1659 8238081.1697, -13238253.7266 8238062.6654, -13238308.6191 8237867.1011, -13238334.0733 8237635.5121, -13238312.0248 8237501.9205, -13238278.1171 8237421.1826, -13238217.9901 8237354.84, -13238099.8262 8237291.2276, -13237815.0164 8237212.7555, -13237365.3982 8237230.7007, -13237294.5596 8237250.636, -13237166.3372 8237189.0324, -13237066.7229 8237100.384, -13237008.9379 8236979.0604, -13237004.2071 8236882.5925, -13237035.297 8236736.4645, -13237103.7655 8236604.2214, -13237257.0595 8236404.7069, -13237294.6156 8236252.6287, -13237268.9747 8236158.8442, -13237222.3232 8236177.4963, -13237209.8978 8236146.6339, -13237154.0093 8236114.9638, -13237126.7023 8236154.9129, -13237127.7135 8236205.9873, -13237080.1791 8236215.0897, -13237085.236 8236173.6233, -13237060.9631 8236156.9357, -13237040.23 8236180.7028, -13237004.3262 8236135.1912, -13237040.2285 8236116.3728, -13237015.4927 8236051.2464, -13237044.6976 8236043.8716, -13237029.0032 8236013.3764, -13237087.4858 8235931.6796, -13237055.2521 8235891.7544, -13237078.2185 8235882.2961, -13237118.077 8235826.7535, -13237148.996 8235839.2753, -13237174.035 8235760.5472, -13237319.1926 8235681.5804, -13237508.4657 8235664.5971, -13237819.8961 8235689.6295, -13237997.2821 8235672.7831, -13238108.4944 8235625.6752, -13238211.748 8235490.8331, -13238267.3121 8235331.4275, -13238340.8661 8234902.3144, -13238434.2102 8234539.9075, -13238532.6959 8233821.6338, -13238517.8413 8233655.613, -13238491.902 8233550.7585, -13238438.9409 8233453.7055, -13238257.627 8233326.3015, -13237921.4047 8233245.4082, -13237621.7496 8233236.0936, -13237507.1221 8233212.23749999, -13237117.3697 8233076.5906, -13236834.3324 8232908.2421, -13236758.6606 8232769.3351, -13236709.4225 8232553.276, -13236621.2571 8232502.7637, -13236588.1716 8232453.5102, -13236606.4267 8232408.2206, -13236682.1677 8232342.924, -13236660.4791 8232161.3926, -13236538.896 8231935.2547, -13236308.5523 8231819.6433, -13236202.5124 8231633.0571, -13236244.2547 8231512.5675, -13236128.7799 8231491.1042, -13236141.2888 8231441.5088, -13236236.9526 8231376.7035, -13236185.4004 8231293.2454, -13236178.7322 8231204.3043, -13236128.0892 8231127.707, -13236015.7163 8231076.7283, -13235975.9291 8230959.132, -13235852.6289 8230885.6487, -13235618.9242 8230972.9379, -13235554.7984 8231045.039, -13235525.8129 8231110.7807, -13235448.8295 8231109.3482, -13235363.9598 8231130.6324, -13235310.5619 8231106.9922, -13235261.8478 8231058.9952, -13235248.7876 8230995.56800001, -13235280.398 8230614.2108, -13235369.5316 8230517.692, -13235413.475 8230522.21, -13235377.5449 8230345.9257, -13235394.4898 8230277.1257, -13235363.3548 8230284.51, -13235323.5129 8230236.7332, -13235336.7104 8230164.2411, -13235202.7826 8230097.6641, -13235201.4865 8229884.2106, -13235124.4268 8229723.2902, -13234965.5008 8229707.5858, -13234911.2212 8229680.8045, -13234855.0174 8229627.6754, -13234840.6967 8229579.9068, -13234629.3081 8229802.4568, -13234321.3148 8229543.3518, -13234285.2201 8229420.3623, -13233922.9358 8229404.3201, -13233856.0937 8229440.4149, -13233782.5672 8229435.0675, -13233670.2725 8229380.2569, -13233559.3145 8229227.8569, -13233578.0303 8229195.77269999, -13233707.7042 8229217.16219999, -13233815.9884 8229167.6989, -13233868.1253 8229084.8146, -13233832.0304 8229028.6672, -13233761.1779 8228980.541, -13233697.0093 8228907.0146, -13233520.5461 8228671.7303, -13233422.9565 8228761.2988, -13233337.3985 8228769.3198, -13233229.1143 8228610.2355, -13233059.3354 8228595.5303, -13232995.1669 8228644.9934, -13232973.7775 8228302.7616, -13232898.9141 8228226.5618, -13232778.5984 8228050.0985, -13232837.4194 8227861.6036, -13232517.9141 8227794.7615, -13232420.3244 8227731.9297, -13232254.2483 8227768.4064, -13232201.9607 8227725.5151, -13232155.1258 8227318.20489999, -13232097.6416 8227228.6365, -13232074.9153 8227124.3628, -13232133.7364 8227037.4679, -13232189.8838 8226913.1416, -13232270.0942 8226869.02579999, -13232445.0294 8226642.7177, -13232427.6503 8226444.8648, -13232616.1452 8226180.1699, -13233249.4401 8226122.3149, -13233242.756 8226350.915, -13233461.9983 8226427.115, -13233555.5773 8226538.073, -13233542.2461 8226615.6724, -13233872.6517 8226523.1717, -13234045.1043 8226524.5085, -13233986.2831 8226262.4872, -13234126.8556 8225953.0731, -13234447.6979 8225930.3467, -13234519.8876 8225784.6311, -13234624.1612 8225646.9362, -13234590.1948 8225594.4623, -13234510.1243 8225531.1635, -13234494.4977 8225505.0016, -13234498.1731 8225451.3856, -13234460.1551 8225416.9855, -13234398.5753 8225313.1551, -13234485.6008 8225199.7808, -13234536.6808 8225148.4753, -13234561.0387 8225146.0887, -13234628.0982 8225183.0633, -13234889.8806 8225190.3797, -13234937.597 8225225.9286, -13234985.5548 8225406.4368, -13234932.912 8225658.2627, -13235023.893 8225812.7817, -13235057.2712 8225984.0026, -13235121.311 8226071.0513, -13235647.8691 8226094.0082, -13235731.9977 8226012.7947, -13235869.7376 8226102.153, -13235898.7218 8226230.7612, -13235947.081 8226290.7761, -13235957.0216 8226239.3972, -13236083.8709 8226174.1549, -13236188.7383 8226228.0384, -13236294.9699 8226345.0187, -13236467.9979 8226411.3023, -13236813.2729 8226294.0687, -13236854.2191 8226235.6757, -13236957.2927 8226247.8916, -13236985.1282 8226287.3488, -13237010.8059 8226282.935, -13237092.0551 8226404.1127, -13237133.9526 8226570.1989, -13237138.5279 8227029.4429, -13237102.1171 8227176.3855, -13237110.4825 8227237.3827, -13237076.5944 8227302.9649, -13237070.2939 8227359.6366, -13237089.8962 8227618.7443, -13237115.2374 8227710.7553, -13237109.2957 8227963.0787, -13237016.1471 8228159.9507, -13237024.8408 8228215.69219999, -13237013.3845 8228231.4549, -13236965.6326 8228231.7999, -13236864.9179 8228401.6553, -13236871.475 8228496.795, -13236844.1978 8228548.6097, -13236840.9546 8228601.8197, -13236905.0779 8228707.131, -13237032.4639 8228760.3298, -13237045.2404 8228797.494, -13237039.9011 8228890.754, -13237022.1754 8228984.7825, -13236949.6862 8228997.7874, -13236790.3617 8228985.1261, -13236879.0692 8229147.9887, -13236846.9399 8229307.5762, -13236866.0905 8229381.0254, -13236914.5585 8229477.3869, -13236995.4308 8229554.8318, -13237202.9681 8229873.8054, -13237220.3851 8230034.49, -13237251.9786 8230138.4802, -13237220.0327 8230296.8838, -13237233.9042 8230308.1463, -13237254.3386 8230417.4072, -13237229.7217 8230416.9753, -13237226.8225 8230465.3361, -13237282.1863 8230642.468, -13237431.6481 8230776.9303, -13237447.0519 8230761.36599999, -13237471.862 8230780.8461, -13237564.842 8230801.1019, -13237693.1492 8230787.2814, -13237756.2523 8230643.994, -13237854.3659 8230588.2599, -13237896.4888 8230354.3804, -13238070.8977 8230312.0499, -13238197.674 8230260.8874, -13238162.0396 8230165.0013, -13238184.8346 8230003.8961, -13238149.1469 8229992.3481, -13238091.3172 8230024.1945, -13238050.3195 8230021.3633, -13238029.1611 8230000.2193, -13238021.8252 8229939.204, -13238092.7935 8229858.0933, -13238120.5294 8229778.2488, -13238158.5803 8229723.7028, -13238270.4988 8229635.7516, -13238324.7781 8229521.9984, -13238390.1876 8229505.5104, -13238435.0785 8229449.2711, -13238469.2118 8229443.1009, -13238497.5849 8229500.5136, -13238517.7561 8229663.84089999, -13238545.0818 8229693.2707, -13238534.9759 8229854.4083, -13238508.8327 8229923.1952, -13238413.5076 8230007.6002, -13238394.0151 8230078.3442, -13238392.8104 8230167.3179, -13238426.4256 8230284.5871, -13238510.9872 8230373.814, -13238517.2187 8230466.9863, -13238674.9365 8230456.7475, -13238703.545 8230433.2286, -13238857.7968 8230387.05170001, -13239017.8786 8230404.1832, -13239167.4366 8230486.662, -13239302.9168 8230607.4003, -13239472.5442 8230709.9896, -13239658.5994 8230778.267, -13239977.2854 8230837.4616, -13240112.8986 8230924.3944, -13240204.4363 8231057.0787, -13240237.6706 8231214.8972, -13240209.8029 8231360.9031, -13240282.4489 8231501.6066, -13240252.5589 8231699.8346, -13240188.5012 8231822.69829999, -13240094.0954 8231879.4085, -13240743.7244 8232645.1539, -13240856.2528 8232805.487, -13240967.1107 8233035.6205, -13241130.9482 8233215.8499, -13241274.221 8233320.55399999, -13241659.6066 8233510.0504, -13241756.8697 8233587.489, -13241848.4038 8233673.1941, -13242044.6003 8233971.9743, -13242151.5953 8234107.5737, -13242648.3706 8234536.5589, -13242740.959 8234565.7754, -13242838.101 8234584.5537, -13242938.3125 8234581.2326, -13243416.0067 8234487.0038, -13243600.1665 8234539.2048, -13243731.8693 8234622.3752, -13243827.2635 8234514.63019999, -13243871.938 8234535.4702, -13243864.1038 8234687.1328, -13243958.0358 8234729.0061, -13244094.0494 8234719.7445, -13244232.5262 8234672.1045, -13244263.0656 8234584.2528, -13244231.0145 8234473.2805, -13243987.5863 8234138.0204, -13243962.44 8234067.0998, -13243970.1379 8233958.4348, -13243894.6392 8233814.5415, -13243936.1516 8233751.5712, -13243993.4977 8233705.3977, -13244063.0294 8233677.6358, -13244138.5325 8233669.6446, -13244245.6175 8233718.8696, -13244303.0288 8233788.1957, -13244444.4356 8233861.2669, -13244649.7201 8234001.7909, -13244864.0275 8234103.9788, -13245039.5378 8234147.3999, -13245276.9759 8234169.6807, -13245341.6286 8234110.0361, -13245398.3773 8234110.6656, -13245447.3729 8234170.8852, -13245617.2288 8234187.4728, -13245820.4887 8234263.4583, -13245955.5504 8234358.3137, -13246156.7669 8234533.8304, -13246474.225 8234864.7195, -13246632.0629 8234979.165, -13246864.5651 8235105.4751, -13247112.2482 8235156.6583, -13247254.4201 8235207.2946, -13247511.2194 8235097.2713, -13247587.7869 8235004.5782, -13247596.9499 8234943.2124, -13247584.5305 8234869.69259999, -13247548.3089 8234792.1313, -13247338.4802 8234525.1624, -13247190.2063 8234397.71239999, -13247019.7437 8234312.6378, -13246875.4167 8234283.39459999, -13246726.5454 8234352.4833, -13246676.0291 8234336.7988, -13246633.1825 8234202.208, -13246585.2601 8234135.7395, -13246668.6391 8234022.0915, -13246787.4937 8233941.5375, -13246931.373 8233886.91359999, -13247223.8062 8233812.2183, -13247341.3914 8233748.9098, -13247401.5092 8233674.4986, -13247454.442 8233545.1203, -13247471.1253 8233366.3699, -13247439.8396 8233192.76, -13247383.1556 8233077.7584, -13247273.344 8232938.5788, -13247172.8865 8233015.926, -13246966.066 8233070.6961, -13246534.5054 8232996.0661, -13246365.4898 8232895.6515, -13246316.8549 8232834.3712, -13246264.627 8232848.1962, -13246105.128 8232825.9223, -13245888.3149 8232655.1007, -13245834.1419 8232484.4415, -13245888.6164 8232204.27660001, -13245825.3966 8232080.841, -13245763.7954 8231859.8765, -13245758.8687 8231625.5744, -13245806.5858 8231457.1494, -13245872.8899 8231367.4295, -13246047.6724 8231222.404, -13246190.2027 8231154.0706, -13246066.6214 8231139.1478, -13245932.7967 8230967.1818, -13245872.6124 8230712.0487, -13245973.777 8230525.9826, -13246081.6453 8230452.0086, -13246223.7497 8230387.2258, -13246611.5669 8230487.6569, -13246768.3134 8230511.5695, -13246809.4861 8230447.7554, -13246934.7973 8230328.1818, -13247089.0056 8230244.102, -13247255.0359 8230197.1929, -13247425.4492 8230197.6168, -13247506.2752 8230131.0094, -13247952.8287 8229980.7634, -13248196.792 8229997.1448, -13248384.2458 8230100.2195, -13248433.4703 8230184.4221, -13248912.5429 8230284.3528, -13248961.9347 8230323.5136, -13249035.08 8230232.3838, -13249234.9154 8230166.4066, -13249380.7727 8230260.0606, -13249467.9495 8230342.5721, -13249567.1346 8230498.0039, -13249610.6717 8230615.9205, -13249632.0298 8230743.0133, -13249622.8204 8231242.6059, -13249591.7581 8231678.5156, -13249555.2394 8231721.1703, -13249551.1254 8231753.9357, -13249478.0599 8231813.0535, -13249445.746 8232148.5654, -13249453.5921 8232210.4487, -13249439.731 8232262.328, -13249423.4003 8232268.5694, -13249460.7729 8232296.709, -13249501.9072 8232366.2497, -13249522.2068 8232514.0418, -13249535.7062 8232527.5986, -13249699.4493 8232469.5937, -13249790.8068 8232571.1634, -13249775.2719 8232754.6941, -13249717.4723 8232862.4618, -13249677.2848 8233030.4597, -13249708.9669 8233072.0037, -13249700.3021 8233133.1266, -13249730.3091 8233188.1868, -13249708.5819 8233240.1611, -13249717.3594 8233283.8044, -13249771.8794 8233341.5747, -13249899.3001 8233401.3549, -13249928.3219 8233460.9679, -13250053.5543 8233515.1453, -13250111.0482 8233525.197, -13250136.5275 8233505.8934, -13250184.9594 8233448.7038, -13250192.0943 8233411.8723, -13250221.5447 8233387.7236, -13250268.0661 8233402.8009, -13250296.4987 8233477.1959, -13250372.356 8233522.2364, -13250399.8573 8233614.8717, -13250406.012 8233711.5058, -13250557.944 8233869.72779999, -13250549.9631 8233923.9348, -13250445.4936 8234124.4552, -13250436.7339 8234177.7124, -13250473.9472 8234218.0576, -13250475.9891 8234268.0183, -13250593.8549 8234256.6244, -13250611.0876 8234285.3906, -13250597.2158 8234407.9788, -13250627.6153 8234462.4904, -13250699.1403 8234498.3729, -13250744.5793 8234471.441, -13250821.9756 8234500.9206, -13251040.0408 8234265.9803, -13251063.1548 8234217.6348, -13251120.9712 8234286.2068, -13251114.2548 8234437.6666, -13251034.5872 8234466.4505, -13251064.179 8234542.6239, -13251120.1911 8234541.1806, -13251153.381 8234824.9115, -13251273.6321 8234835.933, -13251294.1977 8234989.8624, -13251382.5093 8235041.37269999, -13251408.3483 8235115.5112, -13251597.7655 8235242.7228, -13251794.0717 8235628.1212, -13251802.5464 8235742.0653, -13251726.3822 8235810.4495, -13251838.8051 8235969.1134, -13251796.6782 8236011.3953, -13251785.1571 8236110.3816, -13251835.2228 8236129.3072, -13251867.813 8236191.201, -13251929.6329 8236237.7536, -13252038.0053 8236222.4865, -13252145.3876 8236265.2984, -13252058.9203 8236339.4067, -13252136.8485 8236554.0897, -13252183.8634 8236624.1493, -13252162.495 8236658.4935, -13252199.8166 8236707.8709, -13252307.8862 8236766.4805, -13252362.6069 8236771.1342, -13252451.7459 8236718.0136, -13252504.3308 8236754.4163, -13252501.2046 8236844.2438, -13252454.8822 8236951.7787, -13252474.574 8237000.1643, -13252824.4535 8236713.911, -13253191.4648 8236835.9385, -13253299.3752 8236988.7973, -13253316.2906 8237277.737, -13253236.5275 8237417.9936, -13253149.9741 8237484.7481, -13253247.7473 8237647.0778, -13253293.8969 8237756.3537, -13253446.1458 8238239.84, -13253535.4688 8238380.2737, -13253607.6789 8238457.8086, -13253641.0359 8238485.67239999, -13253911.0486 8238403.2937, -13254083.9559 8238323.3102, -13254253.7693 8238284.1346, -13254412.5895 8238311.5213, -13254548.5044 8238398.2699, -13254614.671 8238493.7758, -13254811.2169 8238350.9689, -13255004.1382 8238176.704, -13255364.0884 8237940.258, -13255412.5053 8237818.45489999, -13255451.6569 8237657.9769, -13255564.8756 8237473.532, -13255751.0507 8237428.16539999, -13256077.9422 8237419.722, -13256177.0341 8237438.7448, -13256226.0202 8237452.3823, -13256315.1658 8237518.1047, -13256340.8064 8237619.1451, -13256336.9902 8237784.2229, -13256302.6066 8237895.23539999, -13256227.5413 8238044.9739, -13255944.1401 8238433.5429, -13255905.1846 8238530.661, -13255890.8525 8238632.8929, -13255905.3523 8238734.058, -13255946.7062 8238829.1167, -13256045.117 8238951.8676, -13256160.0056 8239053.9684, -13256284.0387 8239119.3764, -13256367.1189 8239137.6184, -13256505.6797 8239110.5748, -13256543.2451 8239080.966, -13256601.7113 8239014.4352, -13256640.3403 8238936.0547, -13256791.5536 8238434.9124, -13256820.796 8238383.8068, -13256871.3216 8238347.9017, -13256940.9286 8238346.9703, -13257023.9905 8238369.3187, -13257298.7139 8238516.73879999, -13257485.0106 8238566.7222, -13257936.9334 8238566.1288, -13258112.6582 8238543.4056, -13258165.4792 8238522.1523, -13258158.7986 8238434.8119, -13258094.9394 8238377.179, -13258096.8706 8238263.0462, -13258105.4549 8238217.4282, -13258178.9156 8238197.7552, -13258222.0886 8238206.218, -13258351.9719 8238261.4578, -13258970.6713 8238885.0277, -13259572.8547 8239407.9129, -13259707.9566 8239795.2078, -13259797.414 8239924.7903, -13259801.17 8239962.3522, -13259756.5292 8240104.6452, -13259761.4101 8240290.47429999, -13259746.9158 8240343.4762, -13259716.6139 8240381.1005, -13259675.6974 8240399.3503, -13259611.6292 8240385.8329, -13259509.2527 8240271.5174, -13259465.44 8240252.1788, -13259417.0241 8240274.754, -13259323.0821 8240377.4226, -13259260.9142 8240421.9098, -13259141.9926 8240451.93550001, -13259064.9389 8240445.1621, -13259003.5712 8240412.2518, -13258965.1392 8240359.6299, -13258904.2384 8240192.0629, -13258877.306 8240159.9677, -13258803.1033 8240119.8531, -13258680.3287 8240101.7983, -13258405.7431 8240139.4798, -13258357.0497 8240125.0138, -13258324.3142 8240094.0729, -13258279.0028 8239961.2115, -13258155.7234 8239946.5289, -13258024.0976 8239986.7876, -13257858.4485 8240057.581, -13257807.8275 8240127.57810001, -13257809.0031 8240188.3781, -13257851.622 8240323.2455, -13257865.2736 8240433.1978, -13257854.3234 8240504.7917, -13257799.0469 8240593.3257, -13257668.5959 8240653.35320001, -13257480.9372 8240669.0299, -13257043.332 8240758.9927, -13256970.9959 8240804.9016, -13256840.3523 8240929.8731, -13256737.8069 8240989.9885, -13256691.9067 8241055.1413, -13256666.6241 8241124.8284, -13256660.0401 8241177.9067, -13256677.2443 8241238.6506, -13256721.8093 8241292.5927, -13256919.4216 8241377.87919999, -13257026.428 8241563.024, -13257083.1396 8241578.6039, -13257263.573 8241526.5822, -13257342.923 8241519.8504, -13257418.2127 8241538.7589, -13257567.5744 8241612.0107, -13257672.6718 8241636.5462, -13257777.5633 8241773.2244, -13257963.9933 8242071.7555, -13258017.3084 8242112.3495, -13258134.9239 8242145.2849, -13258082.0052 8242298.5979, -13258118.8773 8242476.8867, -13258111.2885 8242552.0691, -13258049.5027 8242636.4895, -13257951.385 8242659.7366, -13257850.5737 8242615.7215, -13257729.5613 8242498.1471, -13257654.4508 8242446.5108, -13257520.6768 8242405.017, -13257326.4893 8242388.5397, -13257091.1439 8242443.4047, -13256816.7008 8242597.8097, -13256768.534 8242651.289, -13256760.1293 8242700.0824, -13256785.0249 8242730.709, -13256921.7807 8242768.4522, -13256973.1537 8242827.0504, -13257022.298 8242982.9326, -13257013.1237 8243012.0467, -13256959.1997 8243052.2798, -13256960.0596 8243109.5175, -13257020.1631 8243203.7789, -13257143.7415 8243298.052, -13257193.4481 8243356.5007, -13257212.5659 8243421.9504, -13257195.7581 8243508.9433, -13257133.0054 8243548.2622, -13257001.5079 8243544.0491, -13256827.2262 8243578.9076, -13256759.2947 8243572.6607, -13256633.2128 8243509.2768, -13256513.2707 8243355.9028, -13256382.7486 8243232.9663, -13256304.4287 8243213.9474, -13256237.7592 8243235.0222, -13256213.3304 8243269.7426, -13256208.5486 8243318.2916, -13256253.9929 8243562.3896, -13256177.1275 8243690.4221, -13256193.9426 8243846.7739, -13256164.1056 8243862.1612, -13256058.3124 8243870.2394, -13256020.3148 8243896.0475, -13255866.1371 8244243.8851, -13255829.5861 8244285.0901, -13255719.2125 8244342.663, -13255639.3569 8244548.0199, -13255485.5258 8244577.7151, -13255410.8841 8244619.39599999, -13255379.4424 8244697.017, -13255381.6063 8244859.569, -13255367.833 8244884.755, -13255207.3335 8244842.5147))"
7,20842,244,2023-10-15 06:33:14,EWF039, ,165.3,2023-05-16,0200,6 - processed IR scan image,Wildfire,Under Control,2023/07/04 09:30:00,D,165.0,1683323460000,Human,3,a5968319-efe7-4c2b-b913-5a12db3cbb06,4659300.6953125,19079.6612480257,"POLYGON ((-12892081.8893 7066996.3765, -12891984.5063 7066927.5132, -12891845.7576 7066765.0081, -12891797.9305 7066746.6578, -12891634.4879 7066781.3503, -12891633.047 7066653.7953, -12891653.4703 7066497.9011, -12891773.4557 7066318.6421, -12891861.6471 7066244.14109999, -12891940.8656 7066243.2393, -12892012.1039 7066286.749, -12892082.9406 7066294.8056, -12892145.2374 7066329.552, -12892224.9166 7066337.5065, -12892251.7451 7066363.793, -12892320.4396 7066318.6187, -12892358.662 7066329.3208, -12892422.735 7066379.5098, -12892412.2154 7066477.1951, -12892501.7492 7066573.6796, -12892670.1582 7066607.2065, -12892679.2031 7066624.8319, -12892693.794 7066621.4704, -12892722.4079 7066485.8757, -12892753.809 7066455.2792, -12892812.6137 7066460.9687, -12892851.4385 7066524.1764, -12892915.9309 7066542.379, -12892941.9543 7066526.3173, -12893004.2325 7066538.848, -12893087.845 7066511.9052, -12893210.1443 7066516.859, -12893236.4202 7066592.9412, -12893306.9418 7066651.0074, -12893421.7647 7066695.8293, -12893504.4558 7066707.6029, -12893653.6038 7066562.6489, -12893736.1099 7066558.5083, -12893787.7751 7066495.8448, -12893881.0785 7066464.5242, -12894025.4527 7066456.478, -12894169.7177 7066575.7391, -12894246.4659 7066622.5843, -12894373.9927 7066667.244, -12894547.4439 7066701.8154, -12894647.8579 7066735.6491, -12894767.7122 7066802.6729, -12894780.9509 7066848.6686, -12894752.8609 7066890.3758, -12894939.987 7067007.5344, -12895089.9535 7067069.4269, -12895105.2961 7067099.8664, -12895149.4927 7067137.1584, -12895264.445 7067191.504, -12895358.1812 7067196.7626, -12895419.8495 7067175.3439, -12895597.8159 7067187.5603, -12895631.3782 7067206.2605, -12895742.69 7067220.85499999, -12895844.2702 7067218.0572, -12895912.3436 7067201.3331, -12895957.5704 7067132.3611, -12895936.6374 7066973.4631, -12895952.7742 7066962.6739, -12895945.7165 7066899.3656, -12895997.0872 7066893.7647, -12895998.9532 7066914.0175, -12896061.4818 7066966.4633, -12896061.8192 7066994.9235, -12896089.4272 7067005.06499999, -12896074.7223 7067103.9113, -12896087.3061 7067227.8977, -12896144.4161 7067357.7216, -12896217.0442 7067457.1225, -12896274.5168 7067483.4932, -12896333.3502 7067490.7483, -12896396.7381 7067480.4416, -12896511.7228 7067536.3628, -12896557.8564 7067543.7683, -12896617.9177 7067520.7671, -12896781.9094 7067558.59, -12896826.8742 7067601.0228, -12896876.2514 7067746.8564, -12896908.3646 7067776.7112, -12897199.0275 7067784.3543, -12897247.9804 7067821.0662, -12897292.1984 7067820.5328, -12897407.9112 7067881.1982, -12897452.1296 7067880.6639, -12897745.2538 7067983.5095, -12897790.0076 7068027.298, -12897870.0304 7068061.7921, -12897939.4197 7068069.8158, -12897965.9874 7068050.4266, -12898073.6581 7068025.2426, -12898280.5143 7068060.9237, -12898315.8867 7068097.101, -12898368.5884 7068121.925, -12898417.0087 7068211.4808, -12898438.0833 7068223.3375, -12898438.6219 7068267.6634, -12898465.5852 7068302.8003, -12898466.9862 7068418.0493, -12898458.2043 7068423.288, -12898467.9683 7068459.7478, -12898454.2398 7068506.0764, -12898415.1072 7068552.7154, -12898308.0333 7068496.7183, -12898209.9606 7068528.1571, -12898178.688 7068568.3321, -12898152.7956 7068659.379, -12898127.4491 7068664.463, -12898095.5396 7068652.117, -12898056.5087 7068576.1863, -12898008.5875 7068552.89239999, -12897934.2714 7068579.2638, -12897894.5199 7068574.9711, -12897879.3072 7068498.7512, -12897948.3306 7068297.3538, -12897925.9298 7068283.3004, -12897870.1569 7068315.9658, -12897766.911 7068264.5379, -12897646.2852 7068269.1832, -12897614.3589 7068255.2442, -12897601.274 7068223.5686, -12897512.5172 7068237.3761, -12897481.0508 7068261.63220001, -12897457.044 7068246.0052, -12897381.1223 7068138.6872, -12897313.9409 7068086.8014, -12897024.1708 7068033.1643, -12896956.8994 7067984.6319, -12896830.0978 7068003.6637, -12896782.7729 7068029.6984, -12896717.6225 7068025.7051, -12896692.2474 7067987.3387, -12896630.7248 7067979.2099, -12896621.6948 7067963.6965, -12896509.338 7068002.7337, -12896412.5138 7068139.1839, -12896350.9733 7068171.7532, -12896264.8798 7068142.5391, -12896223.5815 7068141.4403, -12896176.3104 7068172.2461, -12896164.1755 7068220.1418, -12896113.5961 7068239.845, -12896018.3986 7068232.4359, -12895964.8058 7068279.8179, -12895889.9899 7068398.4953, -12895817.6133 7068455.0664, -12895607.5259 7068414.5824, -12895440.6085 7068399.05, -12895385.2443 7068417.214, -12895340.4323 7068387.5008, -12895295.3212 7068332.3233, -12895272.4572 7068278.475, -12895180.8371 7068184.0543, -12895107.4678 7068156.2693, -12895062.0797 7068077.2203, -12895014.6965 7067827.8899, -12894950.6041 7067733.1814, -12894893.9119 7067707.2508, -12894823.1637 7067708.0826, -12894814.1128 7067690.4573, -12894728.4062 7067676.6413, -12894590.8509 7067700.7669, -12894519.4095 7067701.6041, -12894466.8338 7067686.304, -12894418.3537 7067613.6584, -12894150.4391 7067376.4644, -12894116.51 7067325.9313, -12894097.2745 7067239.3701, -12894011.9378 7067207.787, -12893954.7329 7067203.67890001, -12893831.093 7067221.0324, -12893699.9379 7067275.0761, -12893617.2774 7067266.4864, -12893542.2977 7067235.5257, -12893434.8169 7067139.6899, -12893361.6098 7067124.6222, -12893137.9036 7067138.3473, -12893058.1645 7067107.4375, -12893034.0056 7067077.4782, -12892987.8231 7067065.2786, -12892941.8779 7067073.7651, -12892869.0751 7066955.2438, -12892850.0493 7066871.0828, -12892752.6789 7066863.3374, -12892744.1404 7066890.0304, -12892708.9724 7066908.1643, -12892674.2094 7066961.7536, -12892676.1339 7067130.1689, -12892703.7772 7067227.3694, -12892712.1403 7067393.1162, -12892646.5911 7067492.5446, -12892525.9553 7067495.5199, -12892490.757 7067472.0501, -12892449.8891 7067369.0681, -12892412.9002 7067335.0835, -12892261.8187 7067305.9675, -12892194.5824 7067257.399, -12892170.1731 7067205.1582, -12892177.4776 7067149.3726, -12892106.526 7067053.1027, -12892081.8893 7066996.3765))"
8,20848,732,2023-10-15 06:33:14,EWF040, ,13340.0,2023-06-16,1952,2 - non-corrected airborne GPS,Wildfire,Under Control,2023/07/12 17:30:00,E,12073.4,1683371220000,Lightning,5,dac5dd28-60ff-4794-842b-0c5281918a1b,385366918.914063,127776.239948257,"POLYGON ((-13111088.7265 7165175.9791, -13111113.589 7165108.2738, -13110952.2447 7165037.1676, -13110804.2031 7164944.4768, -13110614.2764 7164766.6139, -13110517.3037 7164620.6324, -13110417.1214 7164371.3272, -13110325.9018 7163920.5279, -13110290.0524 7163552.5174, -13110293.6918 7163272.6617, -13110370.849 7162428.2738, -13110371.6185 7162148.7311, -13110341.992 7161870.80039999, -13110254.8027 7161504.1575, -13110011.6585 7160788.4129, -13109722.2236 7159811.1998, -13109600.7349 7159456.3056, -13109460.6459 7159106.5466, -13109375.8639 7158937.3932, -13109274.6403 7158777.446, -13109085.311 7158563.7638, -13108934.4177 7158446.6955, -13108769.0182 7158352.2345, -13108242.9538 7158156.1574, -13108080.5959 7158068.3391, -13107935.6309 7157954.658, -13107810.8109 7157818.318, -13107711.8319 7157659.77610001, -13107676.4677 7157572.8255, -13107634.1234 7157389.609, -13107629.5829 7157295.1095, -13107655.7828 7157106.3263, -13107685.9133 7157014.9023, -13107774.6025 7156844.9309, -13107895.6456 7156696.9005, -13107967.2496 7156634.0579, -13108044.8505 7156579.4463, -13108214.2091 7156495.2875, -13108398.6036 7156444.7897, -13108493.9624 7156432.3145, -13108782.0747 7156436.3012, -13109251.2122 7156521.9107, -13109532.4183 7156546.3046, -13109812.0361 7156529.099, -13109994.7854 7156489.5081, -13110169.9214 7156426.8665, -13110414.4077 7156291.106, -13110988.3473 7155814.407, -13111296.1331 7155613.8326, -13111462.5991 7155542.4122, -13111636.9388 7155496.8532, -13111818.1849 7155476.819, -13112095.2011 7155477.159, -13112466.9024 7155508.3213, -13113027.3206 7155603.6462, -13113486.2221 7155706.1557, -13113934.9336 7155836.9102, -13114463.1319 7156031.4721, -13115949.3204 7156633.2317, -13116790.242 7157035.8015, -13117278.7477 7157305.5531, -13117508.3691 7157448.1856, -13117647.1548 7157557.2597, -13117767.2857 7157683.38229999, -13117859.8036 7157826.7054, -13117893.8021 7157904.5751, -13117934.4859 7158068.3944, -13117937.6651 7158236.8879, -13117903.8897 7158400.8925, -13117834.4989 7158552.83519999, -13117735.8229 7158688.8115, -13117615.1312 7158808.3043, -13117404.1592 7158957.8823, -13116936.4062 7159187.6349, -13116049.6413 7159524.3187, -13115822.5429 7159624.031, -13115613.4599 7159738.901, -13115433.847 7159880.761, -13115339.0405 7159992.8091, -13115273.2312 7160116.4551, -13115241.0023 7160250.3314, -13115250.2109 7160387.151, -13115305.6643 7160513.7099, -13115398.867 7160618.6988, -13115522.1285 7160690.9952, -13115667.2652 7160721.8844, -13115821.6972 7160712.0477, -13115977.5479 7160668.4372, -13116281.3077 7160517.4408, -13116573.3451 7160314.9748, -13117154.8244 7159858.2573, -13117396.1454 7159704.5332, -13117825.1238 7159467.6035, -13117993.7371 7159355.6079, -13118321.8691 7159107.7045, -13118556.6582 7158905.323, -13119272.8175 7158173.3138, -13119576.7673 7157894.2386, -13119983.0114 7157573.7598, -13120333.8147 7157355.9994, -13120613.9601 7157227.4997, -13120807.2542 7157160.4911, -13121004.6347 7157108.2338, -13121304.3389 7157054.2647, -13121603.1463 7157032.0085, -13121801.3853 7157040.3136, -13121994.762 7157071.35989999, -13122182.0255 7157128.4158, -13122357.401 7157216.3079, -13122591.3616 7157399.0272, -13122721.669 7157547.7645, -13122874.6911 7157804.8824, -13122950.5298 7157990.8516, -13123009.1409 7158185.2863, -13123214.7965 7159102.7861, -13123332.5169 7159514.7008, -13123593.1546 7160208.9343, -13123822.1958 7160687.5528, -13124054.9883 7161054.8668, -13124263.2307 7161306.4193, -13124501.6134 7161525.0655, -13124765.3573 7161706.6971, -13124952.0364 7161805.8644, -13125146.0953 7161888.6187, -13125347.6447 7161950.8078, -13125659.197 7162009.1171, -13126186.7467 7162038.8762, -13127229.8585 7162026.4121, -13127738.9128 7162035.23129999, -13128136.7232 7162070.7883, -13128524.3983 7162144.5089, -13128990.2559 7162297.4651, -13130157.1555 7162808.6366, -13130704.705 7163024.9356, -13131164.3458 7163168.3044, -13132187.7998 7163438.9816, -13132651.2774 7163603.0821, -13132918.5295 7163732.3709, -13133174.694 7163888.6804, -13134236.3573 7164685.2427, -13134407.959 7164798.3487, -13134587.7765 7164895.2448, -13134872.3458 7165003.9811, -13135167.9679 7165076.0622, -13136053.7912 7165167.8071, -13136433.4428 7165248.2221, -13136710.0583 7165341.2023, -13136888.744 7165420.5218, -13137060.3098 7165515.3088, -13137223.4264 7165625.1006, -13137451.9524 7165812.8156, -13137666.8444 7166017.3331, -13138135.5242 7166521.6764, -13138825.4766 7167353.9696, -13139424.6739 7168171.3607, -13139808.1513 7168637.0116, -13140100.8992 7168907.0686, -13140264.1587 7169021.8498, -13140437.2228 7169120.3836, -13140619.4166 7169201.12259999, -13140905.3303 7169291.8108, -13141782.6282 7169469.605, -13142775.8236 7169610.8419, -13143763.5459 7169676.3303, -13144144.8875 7169724.9431, -13144326.9283 7169769.5767, -13144500.4739 7169831.5684, -13144743.9839 7169955.5076, -13144893.3784 7170059.7787, -13145094.4358 7170244.2309, -13145212.228 7170384.742, -13145365.645 7170615.7369, -13145492.8555 7170863.2852, -13145750.3769 7171572.1507, -13146092.4102 7172692.7982, -13146217.5823 7172958.3583, -13146323.659 7173121.4412, -13146451.2539 7173267.1093, -13146679.3866 7173446.5031, -13146846.1175 7173543.4905, -13147361.947 7173782.9994, -13147514.6587 7173887.2794, -13147710.1289 7174080.55259999, -13147864.2726 7174305.40820001, -13147937.4525 7174470.9221, -13147984.1828 7174646.2408, -13148005.4142 7174827.5461, -13148016.4083 7175197.7301, -13148035.7001 7175383.2101, -13148072.2562 7175567.5823, -13148128.2988 7175750.0634, -13148203.1993 7175927.3835, -13148342.204 7176183.2391, -13148699.0057 7176765.114, -13148968.5348 7177173.5169, -13149318.3201 7177643.73879999, -13149759.8006 7178156.9837, -13150349.0523 7178809.0719, -13150724.3607 7179270.5951, -13151014.53 7179664.1887, -13151332.3235 7180164.1278, -13151575.719 7180467.3925, -13151859.3335 7180717.9921, -13152466.6364 7181163.183, -13153135.7861 7181683.0044, -13153412.8685 7181931.3489, -13153597.1822 7182137.1012, -13153748.3741 7182364.3947, -13153842.5627 7182619.8415, -13153866.4653 7182797.3148, -13153864.8608 7182885.91700001, -13153835.2436 7183059.2718, -13153807.4848 7183142.7291, -13153729.1015 7183299.7642, -13153620.9234 7183440.1625, -13153485.321 7183558.6828, -13153242.7493 7183690.0335, -13152969.9301 7183758.4123, -13152780.568 7183765.3878, -13152591.2968 7183742.144, -13152314.9581 7183653.466, -13152059.7507 7183509.4371, -13151674.3246 7183192.1397, -13151023.8474 7182563.84, -13149927.1106 7181385.836, -13149503.9667 7180956.5585, -13148833.9603 7180361.4711, -13148597.721 7180180.1085, -13148351.2164 7180018.5001, -13148092.8024 7179878.8019, -13147912.1134 7179805.1064, -13147631.6358 7179723.5209, -13147441.8409 7179688.5779, -13147251.1919 7179665.1524, -13146962.8969 7179654.4216, -13146198.9298 7179721.3821, -13146010.1336 7179721.4305, -13145824.1191 7179699.1997, -13145643.3347 7179651.8833, -13145389.2408 7179533.3763, -13145161.674 7179368.2788, -13144961.0966 7179164.1755, -13144151.6342 7178052.7109, -13143967.3079 7177822.1159, -13143767.9866 7177605.9414, -13143473.6045 7177350.8921, -13142912.3735 7176961.7507, -13142682.4323 7176780.80569999, -13142474.8009 7176572.8625, -13142176.7729 7176183.1354, -13141979.8674 7175970.0153, -13141828.7241 7175852.3213, -13141574.0058 7175721.3128, -13141390.0029 7175665.4266, -13141104.8547 7175619.5856, -13139848.912 7175535.629, -13139262.965 7175531.4756, -13138086.6221 7175570.1809, -13137596.0228 7175604.0245, -13137113.7752 7175675.5578, -13136737.621 7175760.0423, -13135914.9611 7175986.9591, -13135641.2901 7176041.1625, -13135364.6565 7176054.8696, -13135090.0693 7176025.9057, -13134823.7854 7175948.3654, -13134654.6198 7175868.701, -13134492.6298 7175769.7346, -13133515.9101 7175005.2109, -13133122.301 7174736.372, -13132784.7786 7174560.7333, -13132429.2779 7174427.89, -13132154.6131 7174352.0398, -13131412.6262 7174185.824, -13129679.2058 7173741.9057, -13128652.6282 7173521.7844, -13127798.4931 7173376.0139, -13126844.1135 7173276.6438, -13125894.5754 7173149.552, -13125425.8817 7173055.4993, -13124964.082 7172926.2772, -13124696.2687 7172824.3208, -13124436.757 7172700.4911, -13124191.9369 7172550.0313, -13123962.751 7172375.673, -13123675.3217 7172114.951, -13122862.6489 7171282.3752, -13122238.057 7170698.285, -13121815.2642 7170334.7884, -13121155.5321 7169835.7723, -13120941.6089 7169655.4008, -13120740.7309 7169455.0429, -13120491.101 7169165.3829, -13120040.7973 7168544.6718, -13119805.436 7168242.9093, -13119548.5624 7167960.9576, -13119340.9181 7167765.6721, -13119044.0795 7167531.0788, -13117722.4869 7166609.7412, -13117270.2153 7166248.3208, -13116457.0433 7165555.5892, -13116224.2966 7165381.7354, -13115978.8397 7165230.0622, -13115719.1532 7165108.1313, -13115358.4554 7164995.4359, -13115080.0762 7164951.9514, -13114799.8034 7164948.6104, -13114521.1666 7164983.0031, -13114248.1201 7165047.6813, -13113460.4224 7165314.5487, -13113101.6015 7165416.8273, -13112733.9414 7165473.2505, -13112454.7797 7165482.8247, -13112174.1692 7165463.7461, -13111805.1742 7165396.63050001, -13111443.2819 7165298.6485, -13111088.7265 7165175.9791))"
9,20854,57,2023-10-15 06:33:14,LWF091, ,188.4,2023-05-05,1740,2 - non-corrected airborne GPS,Wildfire,Under Control,2023/05/12 18:55:00,D,200.0,1683219000000,Under Investigation,5,435729fb-f331-40f1-9644-b45594d89c32,5575866.328125,11616.5095997387,"POLYGON ((-12655135.5869 7266828.5297, -12655174.4959 7267019.7103, -12655139.2073 7267157.7311, -12654866.9843 7267403.1142, -12654690.0464 7267630.1826, -12654529.8851 7267879.8559, -12654506.6516 7268022.8101, -12654566.3308 7268310.6071, -12654566.2095 7268415.7306, -12654495.6975 7268650.8496, -12654421.4344 7268770.236, -12654347.4234 7268839.8241, -12654242.1546 7268911.6634, -12654068.7437 7269076.1775, -12653974.3729 7269101.6571, -12653972.4696 7269057.6746, -12654004.4085 7268929.8443, -12654090.8293 7268819.5377, -12654106.8876 7268771.1845, -12654102.3249 7268685.3778, -12654044.2506 7268514.6511, -12653998.5955 7268468.1966, -12653906.9214 7268331.4066, -12653824.2889 7268243.4669, -12653746.8721 7268116.55, -12653492.2654 7267887.5067, -12653371.0132 7267836.1215, -12653321.8964 7267782.4705, -12653273.778 7267580.6152, -12653210.9638 7267487.0104, -12653194.971 7267440.6264, -12653171.0098 7267248.214, -12653087.836 7267122.0202, -12653006.4537 7266953.4651, -12652972.3593 7266823.2264, -12652885.8731 7266680.9048, -12652858.2263 7266600.1027, -12652815.2678 7266568.9423, -12652727.2513 7266574.5991, -12652603.004 7266504.34, -12652552.898 7266377.7888, -12652576.8779 7266288.7621, -12652616.496 7266212.9295, -12652610.3659 7266147.334, -12652477.2074 7266120.5142, -12652380.2989 7266033.6599, -12652356.5149 7265955.0337, -12652254.4653 7265900.2387, -12652157.7432 7265775.7699, -12652108.4306 7265535.6116, -12652116.4736 7265486.6682, -12652187.0977 7265414.8443, -12652318.7444 7265395.4825, -12652620.2376 7265416.4351, -12652873.5287 7265391.49759999, -12653341.3695 7265381.8569, -12653463.0418 7265438.7052, -12653623.5576 7265571.6847, -12653827.4706 7265635.5241, -12653953.3603 7265659.7711, -12654007.5156 7265686.7661, -12654229.4927 7265849.0754, -12654490.2483 7265889.5849, -12654653.8153 7266085.6277, -12654791.9936 7266183.1206, -12654843.8256 7266198.2099, -12654973.5034 7266129.1273, -12655150.4694 7266146.4984, -12655294.19 7266258.3261, -12655324.5054 7266420.0366, -12655266.5153 7266568.5726, -12655149.4617 7266597.0815, -12655074.2189 7266653.4724, -12655074.1724 7266750.9241, -12655090.2771 7266824.946, -12655135.5869 7266828.5297))"
10,20856,415,2023-10-15 06:33:14,GWF017, ,5440.3,2023-05-25,1205,1 - non-corrected ground GPS,Wildfire,Under Control,2023/06/01 18:58:00,E,5478.53,1683288240000,Under Investigation,3,c4ba2839-58bf-46ea-a8e5-fde71ff74d76,165949259.960938,98954.5871426995,"POLYGON ((-13077295.1565 7372899.8132, -13077474.8122 7373087.9345, -13077741.6902 7373335.6041, -13077876.9643 7373310.6382, -13078303.0285 7373282.7658, -13078769.4463 7373270.8615, -13078836.3844 7373276.0852, -13078894.5185 7373298.2638, -13079053.3422 7373482.04959999, -13079218.3368 7373557.3692, -13079542.7558 7373756.2693, -13080436.1395 7374382.5139, -13080574.1246 7374415.6148, -13080721.7616 7374523.7535, -13081022.7869 7374656.36, -13081109.6802 7374762.0042, -13081134.9705 7374852.3896, -13081143.5716 7374950.0724, -13081130.9403 7375047.92, -13081090.5667 7375138.4713, -13080838.0606 7375406.9477, -13080419.4006 7375988.391, -13080001.8772 7376785.9582, -13079908.5502 7376924.1924, -13079791.7087 7377047.7716, -13079650.785 7377147.5403, -13079486.7427 7377212.3881, -13078990.0727 7377322.6682, -13078556.7123 7377456.9455, -13077980.0432 7377557.9091, -13077748.9868 7377636.1012, -13077600.6685 7377739.94, -13077481.9896 7377888.0258, -13077223.5651 7378415.3423, -13077060.1565 7378838.9841, -13076954.238 7379290.168, -13076654.4582 7381726.5651, -13076590.7608 7382495.1699, -13076585.1782 7382768.0095, -13076606.0557 7383404.4281, -13076600.6151 7383519.0968, -13076576.9101 7383625.0415, -13076620.5384 7384072.3661, -13076672.3981 7384285.5502, -13076845.7828 7384766.721, -13076954.5226 7384984.7227, -13077048.5953 7385097.0799, -13077393.0165 7385432.7796, -13077503.2596 7385593.9274, -13077549.9773 7385740.1906, -13077566.7778 7385956.0649, -13077589.0276 7386064.2947, -13077635.3757 7386166.3541, -13077704.8982 7386258.777, -13077827.5309 7386380.9424, -13078008.6948 7386518.2442, -13078548.5398 7386867.1879, -13078934.7412 7387089.2938, -13079075.6409 7387206.683, -13079161.7122 7387312.3854, -13079230.6501 7387429.2257, -13079397.0187 7387803.7142, -13079582.8178 7388158.3688, -13079628.0909 7388165.3024, -13079778.6974 7388248.581, -13079930.3469 7388303.7472, -13080331.7865 7388364.2109, -13080582.2624 7388476.9056, -13080964.2305 7388557.4818, -13081083.8284 7388638.1499, -13081163.0253 7388758.8758, -13081207.5298 7388965.3223, -13081283.3277 7389143.7585, -13081373.6963 7389277.7208, -13081529.9113 7389429.82, -13081647.7059 7389585.8252, -13081747.8535 7389863.4488, -13081870.9577 7390052.9592, -13081997.6722 7390177.4684, -13082160.1083 7390282.9173, -13082340.8742 7390352.2121, -13082550.1288 7390387.5246, -13082674.8282 7390460.085, -13082761.8578 7390575.31, -13082819.9804 7390749.1674, -13082916.9689 7390917.0325, -13083034.7393 7391050.0955, -13083176.1988 7391158.507, -13083263.9274 7391274.6417, -13083339.4614 7391626.7967, -13083392.2124 7391779.6688, -13083489.2263 7391947.5484, -13083638.1028 7392108.2635, -13083725.7036 7392241.702, -13083752.2493 7392383.77960001, -13083708.7048 7392586.8062, -13083612.4063 7392828.726, -13083575.2212 7393088.2721, -13083508.0669 7393304.691, -13083429.2144 7393674.7601, -13083379.8108 7393751.0741, -13083250.5551 7393845.8199, -13083110.25 7393879.4329, -13082967.8858 7393856.0842, -13082818.0566 7393762.1387, -13082655.3422 7393611.0696, -13082516.8585 7393527.9117, -13082319.1154 7393458.0052, -13082094.5879 7393434.6258, -13081918.2195 7393454.9737, -13081565.0621 7393544.2505, -13081137.5814 7393484.0593, -13080984.5876 7393496.288, -13080849.5026 7393706.3179, -13080803.3191 7393827.2623, -13080774.3791 7393953.4729, -13080763.2467 7394082.494, -13080770.1399 7394211.8143, -13080855.8221 7394624.9265, -13080822.1077 7394781.8397, -13080772.6711 7394858.1486, -13080643.3646 7394952.8654, -13080503.0279 7394986.4365, -13080360.4504 7394963.0039, -13080222.7017 7394893.4683, -13080068.2461 7394846.3002, -13079940.2553 7394828.392, -13079801.7232 7394829.2498, -13079628.3393 7394800.7378, -13079478.2708 7394733.6275, -13079321.5704 7394694.6109, -13079192.8231 7394683.4281, -13079063.7756 7394690.3098, -13078905.8661 7394724.0775, -13078741.8697 7394792.3029, -13078593.8721 7394890.63359999, -13078448.9421 7395038.1816, -13078317.8055 7395134.1787, -13078177.4545 7395167.7086, -13078035.0799 7395144.2656, -13077899.351 7395059.0417, -13077844.602 7394986.463, -13077801.0341 7394836.6283, -13077934.0269 7394693.9622, -13078033.5382 7394614.2673, -13078108.1031 7394490.4855, -13078115.1644 7394442.4617, -13078237.7556 7394403.4507, -13078410.2293 7394315.2266, -13078583.0682 7394169.6668, -13078715.6299 7393986.5267, -13078770.152 7393869.1174, -13078807.8378 7393745.2478, -13078854.4568 7393386.157, -13078854.3093 7393192.1179, -13078813.9124 7393002.354, -13078758.2 7392867.8427, -13078682.1799 7392743.7233, -13078587.7246 7392633.0509, -13078477.1597 7392538.5493, -13078367.5489 7392470.0136, -13078234.2504 7392412.0356, -13077918.2641 7392345.8632, -13077752.7027 7392234.0963, -13077706.567 7392163.7024, -13077672.1697 7392072.7475, -13077564.8111 7392045.9895, -13077373.9705 7392039.4216, -13077377.0826 7391953.3153, -13077332.0782 7391673.6446, -13077528.1692 7390869.9929, -13077669.612 7390648.1848, -13078373.6109 7390455.3085, -13078605.0624 7390294.5783, -13078781.8659 7390008.4783, -13078682.213 7389699.8759, -13078707.9299 7389503.7849, -13078659.7109 7389262.6894, -13078757.5064 7388855.5698, -13077458.7871 7388774.7493, -13077434.7337 7388631.1984, -13077432.4379 7388501.7982, -13077394.0524 7388351.2719, -13077307.1266 7388236.0177, -13077182.5117 7388163.3903, -13076928.5006 7388128.3573, -13076758.3685 7388077.9419, -13076628.3674 7388013.0596, -13076444.6716 7387891.0826, -13076291.4187 7387871.0009, -13076304.2089 7387702.5228, -13076255.3558 7387507.8092, -13076174.6288 7387396.3063, -13076042.639 7387318.2953, -13075646.9839 7387263.5047, -13075419.2335 7387182.7585, -13075256.9516 7387077.2075, -13075111.6614 7386933.8849, -13074946.1843 7386837.3785, -13074756.3502 7386812.465, -13074499.4642 7386852.7184, -13074463.8874 7387215.1858, -13074576.4675 7387637.0324, -13074585.4996 7387766.1151, -13074577.0922 7387907.9816, -13074662.8085 7388333.7247, -13074654.9826 7388559.6805, -13074586.4044 7388791.8814, -13074442.4577 7388787.0806, -13074282.76 7388686.6998, -13074199.7273 7388568.5893, -13074137.2855 7388313.0389, -13074055.4891 7388137.3028, -13073949.9418 7387994.3867, -13073796.4126 7387857.6983, -13073739.3314 7387781.9419, -13073692.5491 7387620.724, -13073688.0273 7387491.59660001, -13073665.5971 7387364.1687, -13073629.7372 7387270.5663, -13073360.6762 7387126.332, -13073224.6579 7387075.3696, -13073084.6113 7387045.9264, -13072958.3841 7386966.5528, -13072794.0793 7386806.9268, -13072642.8382 7386714.033, -13072572.5012 7386687.6725, -13072277.2237 7386752.0714, -13072135.0188 7386728.5423, -13072012.9411 7386651.7572, -13071929.9647 7386533.6522, -13071888.2709 7386372.2089, -13071822.6904 7386224.526, -13071732.5206 7386090.5014, -13071620.502 7385974.2056, -13071517.4237 7385896.328, -13071389.8425 7385826.8701, -13071237.3591 7385774.2114, -13071039.6014 7385737.467, -13070877.4752 7385635.4589, -13070794.5268 7385517.3566, -13070753.4086 7385329.991, -13070763.6014 7385273.9632, -13070879.1771 7385046.8498, -13070648.6896 7385037.1863, -13070563.0843 7385018.6617, -13070156.5447 7385002.5218, -13070075.2989 7384906.0229, -13070017.656 7384866.3743, -13070041.1075 7384817.4609, -13070047.6831 7384725.035, -13070066.8128 7384699.4243, -13070111.6521 7384689.9032, -13070125.4181 7384656.8549, -13070155.2234 7384456.6931, -13070148.3402 7384396.5107, -13070175.6387 7384412.1118, -13070193.7588 7384316.5469, -13070153.293 7384280.877, -13070129.854 7384301.0054, -13070113.1943 7384269.3729, -13070096.2275 7384270.2157, -13070080.5281 7384250.9273, -13070073.2288 7384189.7765, -13069986.4979 7384107.9097, -13069936.3995 7384089.9327, -13069892.4116 7384032.5993, -13069885.6556 7383973.1009, -13069942.8997 7383884.41, -13069939.8464 7383846.7987, -13069895.6608 7383831.4125, -13069743.2786 7383724.9153, -13069576.4402 7383587.6352, -13069444.0258 7383517.2631, -13068852.8735 7383074.6827, -13068745.9806 7383021.7239, -13068746.5176 7383003.3267, -13068724.4204 7382982.0863, -13068635.8627 7382934.4446, -13068578.9801 7382872.3706, -13068545.5583 7382860.6032, -13068403.7511 7382742.4895, -13068347.5449 7382717.5709, -13068228.5335 7382617.6169, -13068180.1188 7382623.3716, -13068162.4825 7382574.2359, -13068086.9382 7382503.0757, -13068005.2424 7382453.9187, -13067991.8365 7382287.7752, -13068025.253 7382022.1599, -13068012.4236 7381803.3326, -13068026.0752 7381623.684, -13068014.8683 7381570.1427, -13068021.3696 7381209.4702, -13068013.4758 7381199.1609, -13067954.9625 7381206.8294, -13067914.9596 7381187.0594, -13067828.164 7381208.7207, -13067771.1506 7381285.2058, -13067679.477 7381316.01299999, -13067639.4784 7381243.3532, -13067677.1741 7381200.0239, -13067684.7106 7381097.0459, -13067725.0071 7381053.056, -13067787.9076 7381028.6728, -13067809.1134 7381039.1876, -13067842.2666 7381092.9289, -13067922.1456 7381098.329, -13067985.2932 7381040.621, -13068072.6202 7380993.5927, -13068094.9567 7380952.3072, -13068091.0242 7380888.1649, -13068103.4224 7380872.38, -13068287.3259 7380874.6044, -13068328.6799 7380845.3306, -13068341.037 7380813.4287, -13068324.4604 7380034.564, -13068345.2784 7379903.3317, -13068624.5946 7379893.9689, -13068631.8269 7379923.8797, -13068598.0944 7379997.549, -13068591.9043 7380048.40959999, -13068622.1502 7380145.3653, -13068599.4694 7380216.5571, -13068631.0524 7380256.7328, -13068723.0919 7380191.7737, -13068809.1482 7380261.6755, -13068846.2307 7380259.1781, -13068880.5379 7380220.34, -13068874.9003 7380164.0878, -13068915.9535 7380160.843, -13068951.9282 7380175.0958, -13069033.4852 7380119.4257, -13069113.4037 7380097.1677, -13069091.9616 7380004.8744, -13069107.0578 7379972.4268, -13069192.4884 7380085.1785, -13069266.4994 7380095.0914, -13069304.1529 7380083.7824, -13069354.614 7380025.8481, -13069415.7373 7379848.8527, -13069412.1466 7379809.9887, -13069306.8476 7379737.37789999, -13069406.3105 7379584.5317, -13069506.215 7379505.7901, -13069517.6388 7379424.8732, -13069564.6989 7379374.9922, -13069570.1189 7379304.7576, -13069552.9177 7379247.9448, -13069493.4565 7379151.9429, -13069419.2466 7379081.9655, -13069065.5521 7379048.5017, -13069021.2592 7379029.7813, -13069007.4497 7378994.0099, -13069041.9409 7378870.7533, -13069050.2977 7378781.3238, -13069041.5141 7378728.0709, -13068996.9156 7378676.5257, -13068764.411 7378550.9386, -13068561.6907 7378558.0029, -13068517.4946 7378548.5774, -13068435.3692 7378506.5028, -13068364.0269 7378440.97029999, -13068280.4489 7378316.0505, -13068182.4868 7377965.4399, -13068063.0203 7377765.0069, -13068045.3113 7377634.5129, -13068017.4957 7377627.351, -13067841.6344 7377703.162, -13067777.3974 7377697.9416, -13067706.4442 7377647.1967, -13067689.6557 7377599.4797, -13067703.8439 7377557.2672, -13067843.8358 7377481.1452, -13067941.903 7377346.9091, -13067922.2392 7377335.1673, -13067956.2001 7377290.8347, -13067995.7705 7377270.168, -13068100.3946 7377257.6122, -13068138.7493 7377234.7853, -13068258.077 7377044.3021, -13068276.4156 7376985.2157, -13068251.0132 7376930.8653, -13068104.729 7376813.1347, -13067906.6984 7376757.2026, -13067678.0917 7376623.6706, -13067660.0414 7376574.1889, -13067683.5532 7376401.2656, -13067664.3758 7376280.6804, -13067549.7754 7376548.8188, -13067455.4619 7376682.5016, -13067252.0773 7376913.4498, -13067160.4983 7376969.5413, -13067097.3707 7376980.68289999, -13067017.8596 7376948.8557, -13066990.78 7376894.8728, -13066984.4029 7376532.6181, -13067013.7858 7376393.3895, -13067134.0849 7376171.0136, -13067286.3623 7375822.1175, -13067531.9178 7375482.5025, -13067668.5042 7375246.3562, -13067576.8683 7375062.9018, -13067613.6487 7375043.9599, -13067503.9974 7374791.7616, -13067468.9918 7374508.95709999, -13067676.3066 7373986.6067, -13067809.4548 7373875.3889, -13067865.847 7373660.7854, -13067948.8688 7373565.2318, -13067970.1007 7373561.4163, -13067967.525 7373540.0957, -13068005.027 7373496.4149, -13068060.491 7373490.7137, -13068080.4498 7373502.3799, -13068110.1877 7373480.033, -13068192.6773 7373519.6198, -13068228.0054 7373520.7441, -13068259.5277 7373514.9227, -13068294.998 7373473.5374, -13068340.6357 7373471.3641, -13068337.1192 7373449.5007, -13068355.8937 7373430.6615, -13068439.1138 7373438.637, -13068459.8466 7373428.0312, -13068506.6553 7373441.3073, -13068535.25 7373432.642, -13068541.7603 7373405.8917, -13068578.4775 7373398.9899, -13068620.1626 7373438.3316, -13068648.5561 7373430.4962, -13068660.5944 7373402.8313, -13068736.6234 7373402.9933, -13068807.389 7373433.3105, -13068843.5693 7373432.036, -13068864.7106 7373450.9058, -13068871.7949 7373505.4684, -13068890.9435 7373536.808, -13068966.5322 7373555.5436, -13068962.7228 7373538.7828, -13069006.6035 7373498.8001, -13068984.5525 7373468.4189, -13068997.2537 7373430.0885, -13068965.6664 7373456.2831, -13068961.8289 7373444.8879, -13068910.4964 7373430.9165, -13068824.0406 7373308.8194, -13068849.2614 7373257.7387, -13068838.6534 7373196.4485, -13068891.0574 7373156.5804, -13068881.7611 7373111.3775, -13068914.7211 7373082.5434, -13068945.3689 7373095.2109, -13068945.7861 7373051.5761, -13068976.6655 7373020.0529, -13068920.161 7372936.2936, -13068922.0456 7372907.728, -13068963.7636 7372847.7841, -13068989.5691 7372845.1533, -13068991.3703 7372829.005, -13069060.1636 7372843.7092, -13069070.5769 7372835.6745, -13069052.9519 7372766.1161, -13069061.8257 7372759.2717, -13069039.3843 7372737.8417, -13069071.9472 7372700.7309, -13069070.6526 7372645.8965, -13069109.0088 7372633.6037, -13069119.6091 7372609.9199, -13069146.8742 7372625.9278, -13069159.6443 7372613.7716, -13069149.2341 7372569.903, -13069172.1505 7372553.2205, -13069215.9085 7372546.7537, -13069238.8919 7372557.1903, -13069253.3358 7372575.5935, -13069248.8423 7372604.0976, -13069306.0569 7372617.1736, -13069341.5098 7372660.131, -13069378.29 7372643.3706, -13069387.2663 7372650.7045, -13069497.6417 7372479.4687, -13069425.5633 7372391.1185, -13069416.0753 7372335.3243, -13069379.3708 7372300.7001, -13069364.3379 7372249.0189, -13069372.8798 7372222.3132, -13069439.4444 7372163.8875, -13069481.4387 7372166.3503, -13069532.1567 7372128.4865, -13069586.9906 7372109.6103, -13069638.5248 7371982.4798, -13069772.5218 7371854.55610001, -13069788.9353 7371819.803, -13069830.4225 7371793.2121, -13069858.3272 7371792.0389, -13069899.4869 7371815.7567, -13069970.7659 7371777.2112, -13070061.4591 7371763.3906, -13070141.7334 7371767.7109, -13070171.855 7371799.5061, -13070171.9781 7371894.3234, -13070210.1376 7371900.63, -13070290.4034 7371873.5014, -13070365.7951 7371900.8287, -13070469.567 7372017.0938, -13070531.6204 7371974.3663, -13070607.3211 7371959.9273, -13070641.2013 7371984.2674, -13070686.517 7372077.5977, -13070791.2789 7372150.5433, -13070851.208 7372175.9033, -13070896.9828 7372139.1273, -13070914.5679 7372082.1678, -13070942.2984 7372067.5332, -13070982.2806 7372077.2448, -13070994.9867 7372098.147, -13071048.8892 7372123.6637, -13071136.8446 7372098.6401, -13071193.1778 7372065.6995, -13071257.3968 7372063.8622, -13071296.5279 7372093.3125, -13071319.0805 7372151.5234, -13071368.8813 7372198.8891, -13071436.5767 7372190.3543, -13071553.5864 7372261.0873, -13071805.2127 7372366.5084, -13071999.8258 7372484.6132, -13072140.7499 7372496.7118, -13072237.7406 7372465.898, -13072372.3457 7372381.2504, -13072525.5196 7372229.593, -13072604.5713 7372084.9656, -13072895.2406 7371911.9225, -13072876.9895 7371905.6176, -13072855.7706 7371927.1237, -13072852.248 7371910.9149, -13072811.0696 7371914.6104, -13072807.6704 7371942.309, -13072776.3059 7371957.4425, -13072771.4515 7371919.4165, -13072794.3417 7371905.5351, -13072798.2555 7371875.9793, -13072739.8298 7371873.6204, -13072710.1689 7371891.2372, -13072727.0435 7371834.00429999, -13072711.6442 7371821.8525, -13072740.7721 7371809.162, -13072718.7077 7371786.2546, -13072760.0325 7371773.1803, -13072773.5043 7371719.52880001, -13072749.7883 7371704.6758, -13072771.6652 7371680.6518, -13072769.4012 7371661.4316, -13072796.4589 7371650.4985, -13072819.3227 7371657.4793, -13072819.1838 7371628.4695, -13072726.6197 7371550.7036, -13072671.4423 7371558.7, -13072661.3117 7371524.3178, -13072617.6047 7371507.37699999, -13072601.7097 7371468.1516, -13072667.8111 7371449.1208, -13072641.3375 7371470.3315, -13072642.7206 7371495.7067, -13072774.3309 7371541.0747, -13072816.5393 7371583.0064, -13072888.9468 7371622.9369, -13072933.7209 7371565.9146, -13072832.0321 7371499.8401, -13072796.985 7371451.4087, -13072812.1539 7371455.1104, -13072827.2176 7371439.3445, -13072898.1064 7371488.6933, -13072976.0792 7371510.4425, -13073044.8001 7371469.286, -13073056.8179 7371428.0234, -13073113.5303 7371456.3993, -13073127.4597 7371486.8388, -13073117.6894 7371535.874, -13073136.0984 7371552.6133, -13073178.389 7371520.4536, -13073171.3832 7371443.3447, -13073180.7459 7371431.088, -13073161.6335 7371417.6101, -13073153.4222 7371377.4317, -13073124.4595 7371357.8343, -13073148.3967 7371325.1655, -13073190.6338 7371324.2004, -13073184.7993 7371215.6666, -13073374.6403 7371221.7698, -13073475.0863 7371246.2019, -13073563.3216 7371290.7143, -13073659.4 7371394.4652, -13073707.6067 7371527.5409, -13073749.3728 7371823.4987, -13073790.4247 7371971.182, -13073859.0659 7372099.5145, -13073921.7853 7372168.1665, -13073996.3476 7372221.7108, -13074027.393 7372236.9028, -13074560.7008 7372232.7587, -13074632.2945 7372198.1512, -13074736.7402 7372067.0302, -13074828.6625 7371984.6691, -13074926.8247 7372133.9313, -13074977.5924 7372171.0233, -13075048.2646 7372192.539, -13075157.9267 7372352.5586, -13075174.9653 7372348.1932, -13075186.7095 7372360.634, -13075195.0536 7372336.886, -13075189.93 7372431.7623, -13075227.3686 7372445.0545, -13075287.8674 7372442.29689999, -13075395.193 7372408.0188, -13075414.391 7372420.9236, -13075407.3555 7372437.2306, -13075419.5226 7372446.3087, -13075478.9908 7372458.8712, -13075513.7319 7372430.8379, -13075579.4547 7372450.374, -13075592.1829 7372411.7646, -13075625.8194 7372414.2262, -13075653.1661 7372397.2473, -13075688.584 7372429.2388, -13075651.4069 7372446.3301, -13075662.9273 7372476.2165, -13075686.6895 7372479.8907, -13075690.6015 7372495.3207, -13075708.8099 7372457.714, -13075747.1404 7372471.3433, -13075747.1754 7372493.0503, -13075786.7332 7372519.6539, -13075763.828 7372554.8159, -13075771.0863 7372583.9647, -13075810.9805 7372573.7534, -13075816.5236 7372586.5727, -13075775.8287 7372633.6421, -13075679.217 7372672.3822, -13075690.1898 7372716.9599, -13075664.7595 7372750.8394, -13075686.4244 7372765.4874, -13075748.3455 7372759.9959, -13075769.5573 7372692.1223, -13075797.3859 7372664.1589, -13075842.6547 7372697.8908, -13075870.9403 7372661.3279, -13075910.2548 7372649.3615, -13075887.3254 7372563.8463, -13075962.1601 7372496.22029999, -13076068.7293 7372603.5049, -13076071.6127 7372693.593, -13076038.0646 7372756.6374, -13076056.4285 7372780.9646, -13076074.95 7372760.2257, -13076091.8444 7372760.59309999, -13076107.2664 7372770.4962, -13076108.2659 7372792.373, -13076139.6333 7372806.7796, -13076130.1016 7372833.1636, -13076114.8471 7372808.6413, -13076055.5513 7372829.7633, -13076021.5951 7372801.717, -13076009.1075 7372810.4072, -13075985.7492 7372740.271, -13075973.6427 7372759.5041, -13075901.7713 7372761.384, -13075898.6567 7372796.24, -13075947.6731 7372797.796, -13075960.5813 7372831.2927, -13075985.3003 7372842.7236, -13075949.1214 7372886.496, -13075874.5532 7372849.5651, -13075857.0721 7372865.9512, -13075867.0816 7372886.1413, -13075858.6314 7372908.9708, -13075892.3654 7372945.613, -13075937.3949 7372937.669, -13076002.051 7372948.8016, -13076027.0209 7372976.635, -13076092.2278 7372981.3133, -13076122.1179 7373010.8477, -13076153.2088 7373019.7941, -13076129.285 7373086.4405, -13076128.1366 7373131.8435, -13076147.4558 7373151.2533, -13076112.8984 7373169.5567, -13076066.6865 7373253.6547, -13076051.1211 7373259.7369, -13076055.8811 7373306.1305, -13076024.111 7373371.7508, -13076046.8658 7373377.4763, -13076083.3238 7373416.5093, -13076108.9267 7373391.7511, -13076112.4083 7373365.7344, -13076194.5304 7373303.0424, -13076199.7637 7373260.0385, -13076248.2856 7373169.0489, -13076363.4342 7373110.4719, -13076393.4752 7373104.8796, -13076438.7425 7373121.8197, -13076499.0775 7373164.253, -13076551.4467 7373273.673, -13076579.6816 7373296.8835, -13076606.2173 7373305.7075, -13076687.7358 7373276.8939, -13076671.2538 7373223.3473, -13076682.7125 7373209.8192, -13076663.2527 7373180.8312, -13076608.7704 7373172.5233, -13076590.6437 7373151.5312, -13076608.2715 7373153.46, -13076614.4308 7373137.8107, -13076648.0004 7373131.3079, -13076683.1967 7373102.5378, -13076718.9227 7373100.8975, -13076735.7744 7373085.4964, -13076746.9349 7373093.2856, -13076754.4467 7373074.8324, -13076767.8356 7373089.5936, -13076791.1039 7373055.6041, -13076802.304 7373058.8586, -13076836.2032 7373018.865, -13076848.2396 7373022.0259, -13076856.7248 7372994.2561, -13076842.4083 7372923.9909, -13076794.5703 7372857.7136, -13076806.3138 7372827.8124, -13076791.4328 7372803.6445, -13076819.8642 7372771.0979, -13076824.5885 7372736.1971, -13076847.4364 7372756.342, -13076870.2652 7372753.21459999, -13076877.7647 7372710.3948, -13076899.9871 7372731.6447, -13076865.4036 7372804.2013, -13076884.2963 7372808.4874, -13076877.3166 7372854.5615, -13076887.1765 7372875.561, -13076883.8199 7372847.6491, -13076935.8926 7372841.1031, -13076950.2458 7372818.9907, -13077054.0858 7372805.8052, -13077178.1466 7372826.0776, -13077205.0831 7372870.9002, -13077239.7617 7372872.9905, -13077284.0098 7372913.6199, -13077295.1565 7372899.8132))"
11,20859,1255,2023-10-15 06:33:14,HWF133, ,54.8,2023-07-29,1100,0 - hand sketch of any type,Wildfire,Under Control,2023/08/12 13:48:00,D,54.8,1689445500000,Lightning,5,4bc1dfe4-0ab7-4ff8-8afb-e6f61a48a2c9,2155976.453125,7522.78029189488,"POLYGON ((-13347982.7665 8347015.8623, -13347943.3603 8346960.4995, -13347879.0935 8346932.5148, -13347805.6009 8346939.8123, -13347701.2337 8346984.0386, -13347630.9971 8346996.3127, -13347470.0097 8346966.2333, -13347414.264 8346910.6142, -13347347.4338 8346793.2534, -13347339.4249 8346665.6054, -13347391.2678 8346507.9125, -13347468.2842 8346416.262, -13347675.3153 8346291.0143, -13347846.6515 8346131.7716, -13347937.5458 8346071.1421, -13348273.5331 8345913.4101, -13348504.2725 8345903.944, -13348556.6186 8345860.6328, -13348634.0501 8345738.6464, -13348698.6139 8345705.111, -13349021.9617 8345724.539, -13349360.4428 8345637.5677, -13349429.3752 8345647.4181, -13349487.6889 8345684.8338, -13349524.6597 8345745.3894, -13349529.5993 8345819.5089, -13349431.0139 8346260.7332, -13349377.6016 8346324.3404, -13349218.6483 8346420.809, -13349151.2204 8346488.1759, -13348998.8241 8346764.8521, -13348967.8489 8346784.908, -13348891.6209 8346788.0604, -13348607.4459 8346674.0058, -13348520.3212 8346690.4894, -13348445.0276 8346771.8982, -13348502.532 8347014.9799, -13348495.7063 8347142.3902, -13348426.3131 8347297.1026, -13348424.0382 8347419.9626, -13348479.7802 8347508.6946, -13348501.3943 8347620.1786, -13348459.3035 8347687.2964, -13348393.3231 8347703.2227, -13348335.3059 8347689.5717, -13348267.0503 8347745.3135, -13348199.9326 8347729.3873, -13348160.1168 8347650.8936, -13347983.7901 8347517.7953, -13347915.5347 8347408.5866, -13347965.5887 8347286.8642, -13347993.8071 8347096.9325, -13347994.2317 8347125.6521, -13347995.8027 8347058.4815, -13347982.7665 8347015.8623))"
12,20862,1094,2023-10-15 06:33:14,PWF067,Basset Complex Fire,5248.1,2023-07-14,1226,2 - non-corrected airborne GPS,Wildfire,Under Control,2023/08/14 18:00:00,E,5248.0,1687625700000,Lightning,2,04783dca-191a-4664-ab39-65cf14d8c4ce,182976255.757813,105196.076661973,"POLYGON ((-13110481.7737 7898170.7675, -13110486.0139 7898101.2255, -13110355.665 7898042.4653, -13110216.1523 7898014.282, -13109926.7036 7897999.0975, -13109834.4777 7897975.3485, -13109721.1391 7897902.375, -13109675.8228 7897827.6346, -13109667.4886 7897691.0569, -13109740.2315 7897512.111, -13109904.2186 7897266.7227, -13110167.078 7896990.9661, -13110242.31 7896874.99629999, -13110288.7089 7896744.3548, -13110302.5002 7896557.6419, -13110257.4113 7896329.1328, -13110120.5415 7896013.1997, -13110062.4978 7895963.9064, -13109990.7842 7895937.6797, -13109710.6109 7895907.322, -13109630.9761 7895856.8556, -13109595.3245 7895801.5096, -13109580.4662 7895696.5905, -13109612.5364 7895463.2563, -13109563.0157 7895209.885, -13109561.1982 7895039.992, -13109621.3149 7894880.5927, -13109797.8145 7894663.8502, -13109990.9502 7894517.32, -13110292.6281 7894358.0966, -13110468.8509 7894313.6905, -13110641.8597 7894316.7326, -13110805.6208 7894345.4992, -13111068.7971 7894418.1465, -13111144.0983 7894423.4566, -13111251.1071 7894388.7971, -13111331.126 7894298.939, -13111369.8879 7894172.4096, -13111392.1222 7893768.3221, -13111386.8699 7893015.1203, -13111356.2886 7892951.2936, -13111301.9525 7892908.9446, -13111228.8957 7892893.9346, -13111109.6209 7892895.1736, -13111000.1514 7892853.1734, -13110900.1335 7892733.5381, -13110864.361 7892590.66539999, -13110883.7843 7892485.7038, -13110964.2032 7892363.901, -13111114.9327 7892246.2805, -13111272.1965 7892148.2334, -13111321.4598 7892099.7075, -13111382.1409 7891928.8191, -13111412.1559 7891694.6732, -13111393.6799 7891615.9852, -13111330.303 7891510.3805, -13111080.1646 7891273.0293, -13110993.057 7891012.9107, -13110833.7427 7890828.6092, -13110719.3792 7890558.4291, -13110546.2464 7890374.0639, -13110462.4758 7890190.0796, -13110370.4032 7890138.76299999, -13110136.4134 7890146.1768, -13110065.6764 7890132.8449, -13110010.3508 7890093.6552, -13109976.0658 7890034.1041, -13109961.2087 7889962.0661, -13109963.0418 7889716.0512, -13109917.9866 7889569.4315, -13109916.0656 7889508.7597, -13110092.3931 7889239.44659999, -13110183.3835 7888915.4463, -13110230.306 7888834.4357, -13110296.4653 7888782.3923, -13110559.8738 7888694.1341, -13110791.6475 7888521.1428, -13111050.0178 7888417.1251, -13111241.5976 7888257.4536, -13111428.6058 7888175.3293, -13111492.0254 7888125.1088, -13111529.3869 7888054.1079, -13111537.375 7887930.7187, -13111446.008 7887679.4181, -13111432.7956 7887597.4253, -13111447.3456 7887518.6197, -13111524.8842 7887421.8368, -13111643.5793 7887356.0465, -13112090.6256 7887175.0534, -13112569.8047 7886920.274, -13112728.7936 7886851.0164, -13112835.7145 7886820.7851, -13112942.8091 7886811.3217, -13113046.027 7886829.9201, -13113141.7855 7886868.192, -13113503.5405 7887066.6218, -13113575.5366 7887130.8723, -13113709.9373 7887315.1008, -13113782.5956 7887372.8289, -13114030.0184 7887491.1058, -13114153.5719 7887526.2528, -13114276.2134 7887513.3236, -13114491.5625 7887391.2643, -13114601.9468 7887364.8424, -13114700.7499 7887389.626, -13114834.6926 7887498.40600001, -13114903.3298 7887516.8893, -13114939.7002 7887510.8715, -13115076.7973 7887426.6221, -13115445.118 7887086.8207, -13115537.1252 7887043.5944, -13115632.1891 7887038.3634, -13115714.3142 7887068.3201, -13115786.6159 7887165.2963, -13115794.2797 7887289.8301, -13115760.6282 7887377.4432, -13115605.5622 7887598.3596, -13115244.3953 7887994.6107, -13115017.4059 7888300.3647, -13114896.6697 7888396.6592, -13114613.5411 7888543.7293, -13114503.3434 7888661.3485, -13114427.1017 7888810.222, -13114313.2076 7889200.897, -13114136.3308 7889500.901, -13114108.8897 7889661.6846, -13114136.8935 7889765.0181, -13114165.281 7889810.85, -13114238.448 7889887.9123, -13114325.0776 7889948.03549999, -13114706.2422 7890130.7722, -13115019.0016 7890343.5613, -13115163.3573 7890425.0805, -13115842.6554 7890756.5012, -13116016.5191 7890793.27830001, -13116255.0355 7890794.2527, -13116547.6107 7890749.5099, -13117083.6373 7890636.6178, -13117221.7726 7890641.9938, -13117304.3514 7890678.9433, -13117375.4248 7890739.6086, -13117602.4922 7891065.3009, -13117718.5537 7891161.1672, -13117816.0073 7891194.6224, -13117971.8846 7891206.86959999, -13118125.6657 7891185.6802, -13118368.0062 7891127.6629, -13118458.5852 7891127.4482, -13118573.0521 7891177.298, -13118743.3833 7891382.8857, -13118805.9037 7891411.364, -13118876.2338 7891405.8945, -13118972.2171 7891340.2096, -13119042.3648 7891232.8276, -13119279.523 7890606.8905, -13119348.0941 7890491.9529, -13119409.0571 7890438.3734, -13119482.0077 7890410.3701, -13119560.4547 7890410.8822, -13119898.1077 7890548.7372, -13119978.4619 7890552.6087, -13120086.928 7890518.1359, -13120174.8039 7890443.2098, -13120241.7893 7890348.4117, -13120329.9853 7890048.5672, -13120385.8905 7889946.59319999, -13120441.7124 7889893.4205, -13120600.5022 7889806.2456, -13120707.6824 7889689.5508, -13120754.0937 7889660.0959, -13121033.4381 7889664.6108, -13121229.4528 7889619.6397, -13121309.0913 7889615.2545, -13121417.352 7889656.9804, -13121561.1485 7889788.957, -13121671.7495 7889847.0226, -13121758.2869 7889858.4358, -13121890.4081 7889822.8107, -13122007.8453 7889748.1575, -13122097.4032 7889642.1647, -13122163.9131 7889465.28719999, -13122205.2532 7889168.4048, -13122231.185 7889077.67459999, -13122315.0274 7888983.8006, -13122394.9553 7888962.548, -13122480.0978 7888974.7252, -13122562.0177 7889011.1788, -13122756.3591 7889133.1123, -13122845.8052 7889221.6272, -13122867.0347 7889338.2528, -13122808.916 7889573.504, -13122830.6293 7889651.0188, -13122884.4825 7889712.8513, -13122983.8191 7889773.9473, -13123291.8835 7889869.774, -13123489.8964 7890041.5582, -13123566.3597 7890085.14679999, -13123697.8804 7890091.0726, -13123779.7422 7890053.2784, -13123848.6543 7889990.0455, -13123997.712 7889786.7366, -13124121.3907 7889698.98619999, -13124266.2366 7889653.4399, -13124458.86 7889618.5981, -13124547.2655 7889613.87309999, -13124624.899 7889639.98219999, -13124683.0134 7889699.8262, -13124719.4361 7889780.5052, -13124769.4522 7890094.1944, -13124777.6257 7890298.0149, -13124811.0528 7890418.0256, -13124909.7325 7890551.7692, -13125043.6571 7890637.8828, -13125169.6076 7890654.669, -13125573.697 7890631.753, -13125700.2849 7890660.246, -13125905.5215 7890753.0833, -13126009.6192 7890765.3539, -13126124.3985 7890749.91089999, -13126308.1881 7890699.2677, -13126902.4985 7890486.8195, -13127039.289 7890461.9886, -13127174.9079 7890460.7899, -13127299.8689 7890485.74, -13127407.5134 7890538.7972, -13127710.4522 7890817.5017, -13127972.5188 7891001.9319, -13128055.4954 7891103.8986, -13128075.9353 7891218.2767, -13128025.7117 7891323.16179999, -13127959.905 7891375.272, -13127789.9022 7891436.978, -13127262.8394 7891562.2894, -13126655.7379 7891736.3314, -13126569.5929 7891775.7968, -13126493.6063 7891831.39459999, -13126404.9272 7891944.464, -13126365.6512 7892033.696, -13126339.4065 7892179.1624, -13126344.7083 7892280.2564, -13126371.2744 7892380.1218, -13126500.9042 7892613.2309, -13126739.652 7892887.0192, -13126785.0739 7892970.3278, -13126806.0421 7893061.2289, -13126802.1658 7893201.319, -13126775.1604 7893287.49229999, -13126718.275 7893355.5937, -13126641.0273 7893396.4062, -13126551.279 7893398.01, -13126464.9061 7893360.8289, -13126390.6362 7893294.4963, -13126299.5957 7893170.9972, -13126122.0818 7892857.436, -13126056.1572 7892656.3997, -13125977.6962 7892341.2802, -13125918.4617 7892193.5335, -13125818.8804 7892075.2165, -13125725.3927 7892025.6366, -13125564.7163 7892008.8389, -13125347.8654 7892051.14, -13124589.268 7892275.9483, -13124222.0857 7892356.4692, -13124127.2205 7892399.2902, -13124045.9376 7892465.9952, -13123986.7571 7892554.9999, -13123951.9668 7892657.9358, -13123867.2306 7893114.736, -13123832.9125 7893468.9842, -13123772.0391 7893626.42670001, -13123662.5797 7893757.4504, -13123483.7071 7893902.8887, -13122862.4071 7894316.4178, -13122791.8349 7894389.51179999, -13122742.3907 7894480.6568, -13122721.8584 7894584.2386, -13122733.6816 7894691.3575, -13122774.1547 7894793.7001, -13122912.9313 7895043.6866, -13122967.3148 7895211.1277, -13122968.7644 7895395.31, -13122894.7619 7896011.7159, -13122899.5712 7896124.17939999, -13122923.8467 7896219.2679, -13122968.2831 7896295.3005, -13123033.4782 7896343.8877, -13123111.6068 7896352.0076, -13123182.9824 7896317.0074, -13123271.2641 7896175.759, -13123431.1108 7895767.76780001, -13123537.7928 7895594.1633, -13123609.059 7895523.426, -13123696.0104 7895471.6798, -13123795.7951 7895443.5279, -13123901.5759 7895433.9391, -13124218.6081 7895452.87699999, -13124361.3854 7895509.2992, -13124441.8706 7895573.4894, -13124698.3367 7895834.0143, -13124897.8423 7895996.34179999, -13125203.6109 7896168.6931, -13125661.031 7896356.6269, -13125785.5716 7896445.5909, -13126073.37 7896745.2514, -13126164.7395 7896799.2448, -13126323.5727 7896837.2546, -13126485.4451 7896837.38409999, -13126640.9509 7896818.0066, -13126736.8844 7896789.0854, -13126817.6728 7896740.3472, -13126894.9802 7896620.1888, -13126963.2899 7896326.9691, -13127002.3602 7896233.7245, -13127060.7883 7896152.5831, -13127182.3093 7896068.5635, -13127366.2656 7895987.55569999, -13127624.5256 7895837.6489, -13127719.1131 7895804.6981, -13127924.9547 7895793.9945, -13128161.0138 7895845.2192, -13128267.5816 7895927.3599, -13128420.8007 7896155.5917, -13128536.0106 7896225.0583, -13128678.4253 7896220.8511, -13128957.2092 7896091.3158, -13129114.7839 7896058.3112, -13129453.0012 7896071.964, -13129614.3182 7896123.7413, -13129994.2036 7896358.7658, -13130081.9764 7896469.4195, -13130097.9207 7896554.8103, -13130068.9422 7896639.3763, -13130002.5691 7896713.4699, -13129644.5934 7896943.1968, -13129534.7459 7897069.8276, -13129498.6146 7897178.0134, -13129496.5478 7897236.6787, -13129519.9208 7897352.8236, -13129600.8143 7897561.6732, -13129759.1018 7897834.9728, -13129826.8667 7897914.6275, -13129909.1773 7897981.4326, -13130063.5384 7898041.5831, -13130457.0319 7898102.2458, -13130592.1214 7898169.1257, -13130660.2168 7898271.772, -13130673.4425 7898457.20979999, -13130696.1869 7898532.823, -13130825.941 7898701.9911, -13130864.8779 7898818.0552, -13130829.6551 7898929.4313, -13130725.4284 7898997.0217, -13130588.9268 7899012.8579, -13130305.9374 7899003.2097, -13130215.3749 7899018.1687, -13130133.4227 7899052.2546, -13130039.1691 7899137.9099, -13129914.3032 7899362.0334, -13129841.9052 7899410.0324, -13129752.3559 7899427.558, -13129520.434 7899433.8792, -13129395.3776 7899488.173, -13129336.8315 7899558.6913, -13129305.7538 7899648.28459999, -13129297.2808 7899792.2438, -13129324.4548 7899933.765, -13129370.3563 7900016.9684, -13129442.5441 7900079.876, -13129487.1643 7900100.15119999, -13129588.3989 7900111.5109, -13129744.2246 7900073.8284, -13130056.1318 7899916.6538, -13130230.0405 7899853.7942, -13130521.5889 7899790.9293, -13130733.8227 7899770.9428, -13130829.5007 7899788.8101, -13130911.9088 7899836.2382, -13130965.9434 7899914.555, -13130983.8026 7900013.7415, -13130963.1774 7900118.9949, -13130857.0562 7900390.2343, -13130714.7027 7900728.819, -13130656.0431 7900835.4081, -13130547.5363 7900980.2297, -13130024.9629 7901572.4429, -13129906.8413 7901752.1522, -13129847.15 7901896.1051, -13129811.3472 7902043.4669, -13129795.1619 7902192.5268, -13129805.1477 7902287.3115, -13129839.0949 7902374.8567, -13129896.5179 7902447.1998, -13129969.1304 7902503.5939, -13130214.7957 7902621.3258, -13130325.24 7902698.4825, -13130396.1868 7902805.1178, -13130404.884 7902885.566, -13130349.7862 7903000.3322, -13130164.1298 7903174.3428, -13130056.9636 7903297.722, -13129894.0938 7903559.4301, -13129829.3246 7903619.615, -13129750.3811 7903644.9569, -13129709.4183 7903641.2346, -13129636.1845 7903605.9795, -13129579.5247 7903549.1868, -13129538.7263 7903482.09, -13129514.1274 7903373.9515, -13129547.3255 7903200.8525, -13129544.5468 7903126.0047, -13129511.6726 7903053.275, -13129458.9882 7902989.8496, -13129386.7754 7902941.0195, -13129102.6767 7902860.3212, -13128860.3621 7902745.6758, -13128696.3054 7902729.56589999, -13128531.8564 7902785.5578, -13128385.8244 7902900.5255, -13128042.1131 7903254.3088, -13127946.7857 7903312.16, -13127792.1126 7903336.9896, -13127741.8391 7903325.9717, -13127650.2968 7903274.5518, -13127355.9321 7902969.4438, -13126930.6736 7902664.9478, -13126852.9774 7902570.7986, -13126704.2922 7902323.0526, -13126618.4065 7902249.6524, -13126509.802 7902208.6716, -13126387.7004 7902198.18829999, -13126065.4892 7902237.46369999, -13125871.8254 7902230.7803, -13125750.4401 7902199.7961, -13125585.2213 7902117.5213, -13125440.0536 7902012.1009, -13125313.3407 7901897.211, -13125212.5766 7901773.4573, -13125167.957 7901684.3047, -13125146.35 7901591.2575, -13125151.8074 7901498.2402, -13125183.0741 7901410.3263, -13125311.8355 7901173.2193, -13125338.4981 7901054.9715, -13125296.16 7900953.0917, -13125199.7634 7900908.2675, -13125079.7791 7900937.5992, -13124909.8785 7901051.91619999, -13124807.7256 7901101.6712, -13124218.8174 7901234.9118, -13124069.1433 7901290.8702, -13123995.7711 7901344.8173, -13123951.9325 7901412.2922, -13123944.9929 7901450.5989, -13123965.9712 7901524.352, -13124202.6605 7901716.058, -13124261.899 7901851.142, -13124265.1285 7901943.9078, -13124197.2044 7902078.0064, -13124046.5595 7902239.2258, -13123843.7795 7902491.6601, -13123757.8801 7902551.5753, -13123655.9236 7902581.4332, -13123492.3024 7902582.6655, -13123334.4497 7902543.6667, -13123247.1425 7902487.4371, -13123215.0103 7902449.9986, -13123180.9621 7902364.3722, -13123179.3095 7902320.7087, -13123205.9655 7902240.5724, -13123262.5104 7902175.4743, -13123433.5484 7902044.3231, -13123475.4702 7901967.8139, -13123482.3723 7901922.4842, -13123472.7722 7901829.0827, -13123371.9296 7901427.9781, -13123313.4976 7901311.33079999, -13123278.3461 7901276.6833, -13123178.1145 7901223.4163, -13122866.2793 7901140.1856, -13122695.555 7901052.4031, -13122546.4938 7900937.5566, -13122264.1605 7900637.0076, -13122176.1549 7900574.0185, -13122073.3671 7900541.3601, -13121961.3956 7900550.9974, -13121805.8408 7900641.4974, -13121443.3527 7900971.7994, -13121222.6911 7901245.6849, -13121112.441 7901310.101, -13121030.4766 7901315.9993, -13120989.3949 7901304.5931, -13120695.4912 7901125.2253, -13120544.9594 7901067.4763, -13120436.9673 7901048.0895, -13120059.3844 7901023.9221, -13119763.9376 7900974.5343, -13119672.4811 7900975.261, -13119547.3922 7901027.5788, -13119481.7086 7901092.1775, -13119385.9671 7901231.0672, -13119301.2854 7901294.07949999, -13119198.4814 7901292.3452, -13119022.8875 7901217.5262, -13118893.3095 7901215.2054, -13118804.4526 7901246.8628, -13118724.8521 7901301.295, -13118526.356 7901513.1368, -13118448.2088 7901565.6516, -13118360.1312 7901587.0956, -13118275.6543 7901570.1478, -13118213.148 7901519.1613, -13118193.7156 7901485.1752, -13118179.1382 7901362.8877, -13118212.1462 7901227.338, -13118343.5838 7900898.4923, -13118350.8964 7900800.823, -13118325.8049 7900710.1327, -13118270.5063 7900638.7207, -13118190.8814 7900595.9988, -13118100.7824 7900580.6886, -13117840.0956 7900600.5943, -13117760.9724 7900580.1211, -13117692.606 7900531.7772, -13117631.9183 7900411.9692, -13117577.5718 7900062.8016, -13117523.2519 7899862.761, -13117421.1379 7899688.9869, -13117317.0652 7899593.234, -13117237.7462 7899556.1889, -13117121.5548 7899550.7707, -13117025.843 7899594.9078, -13116877.3061 7899730.3388, -13116786.9763 7899751.4792, -13116725.2503 7899730.7389, -13116672.222 7899685.0659, -13116545.3021 7899458.6703, -13116444.5803 7899412.4484, -13116319.6035 7899436.8165, -13116019.7152 7899632.2151, -13115867.4456 7899674.9199, -13115495.2388 7899705.139, -13115358.1289 7899698.6174, -13115181.7308 7899636.5602, -13115070.6175 7899547.4941, -13115014.1332 7899469.2096, -13114976.994 7899379.112, -13114961.1736 7899280.9238, -13114968.4028 7899180.7373, -13115049.9732 7898947.07100001, -13115290.5855 7898490.42, -13115303.8584 7898416.58959999, -13115287.1757 7898309.0061, -13115240.4812 7898216.5005, -13115153.248 7898116.4799, -13115090.7375 7897992.782, -13115045.7617 7897936.7709, -13114946.1886 7897882.8048, -13114639.633 7897811.7437, -13114591.2847 7897767.8648, -13114478.8326 7897615.0746, -13114341.4113 7897547.7256, -13114242.6812 7897533.8598, -13114002.5065 7897540.7974, -13113688.9285 7897527.6257, -13113366.2217 7897556.6667, -13113093.7807 7897560.8648, -13112881.4067 7897586.8281, -13112772.6148 7897573.22029999, -13112573.9512 7897514.6815, -13112469.3285 7897524.2274, -13112405.6302 7897563.0911, -13112354.1812 7897622.5569, -13112298.1957 7897730.3297, -13112275.0162 7897811.4772, -13112265.4931 7897988.921, -13112334.6849 7898293.60679999, -13112315.6505 7898406.9327, -13112229.5032 7898505.6378, -13112110.3466 7898585.6036, -13111907.0319 7898686.4171, -13111766.6771 7898726.7449, -13111687.5192 7898723.7011, -13111633.0529 7898683.0479, -13111558.5979 7898363.8984, -13111490.8629 7898274.0162, -13111425.9599 7898232.4028, -13111312.1186 7898200.5431, -13111194.9188 7898199.3441, -13111079.5438 7898221.4531, -13110883.9112 7898285.7847, -13110759.5873 7898295.8171, -13110638.7822 7898257.3166, -13110481.7737 7898170.7675))"
13,20864,901,2023-10-15 06:33:14,MWF038,Mikkwa River Complex,569.2,2023-07-01,1715,0 - hand sketch of any type,Wildfire,Under Control,2023/08/09 15:00:00,E,569.0,1688047260000,Lightning,5,e235e078-b9ab-4bef-ae9b-9dca83800bcc,19620653.875,18865.3125386767,"POLYGON ((-12622581.7831 7854513.408, -12622620.0459 7854544.7326, -12622732.9538 7854714.3838, -12622762.0832 7854865.093, -12622737.3816 7855035.8699, -12622743.2648 7855215.303, -12622710.791 7855371.3636, -12622433.3371 7855799.2012, -12622290.2685 7855891.3934, -12622004.4164 7855943.9472, -12621826.2488 7856005.8962, -12621677.1904 7856090.8648, -12621526.6868 7856219.2571, -12621364.0538 7856324.0285, -12621213.1406 7856350.6949, -12620866.3546 7856273.018, -12620557.6866 7856224.6548, -12620404.1743 7856319.3804, -12620291.4942 7856425.1265, -12620194.928 7856549.4701, -12620066.0115 7856632.4889, -12619915.0878 7856659.1304, -12619705.035 7856611.5214, -12619533.2841 7856549.8719, -12619164.4663 7856465.845, -12619025.9533 7856366.8935, -12618972.4973 7856286.48780001, -12618895.5606 7856041.573, -12618769.86 7855836.9682, -12618638.589 7855701.3078, -12618434.8594 7855551.329, -12618381.4152 7855470.9275, -12618343.6691 7855304.7541, -12618381.2494 7855089.3464, -12618431.0735 7854920.9212, -12618450.1516 7854750.1885, -12618439.3502 7854578.734, -12618398.9996 7854411.7671, -12618338.416 7854269.53149999, -12618257.8777 7854138.4549, -12618194.7194 7853967.2498, -12618117.2952 7853833.4777, -12617970.8866 7853665.3714, -12617757.3541 7853504.0224, -12617676.7146 7853373.5288, -12617652.6805 7853221.9506, -12617688.9838 7853072.8478, -12617788.5308 7852937.7896, -12617979.4238 7852748.20799999, -12618100.6826 7852541.0504, -12618157.4612 7852370.3901, -12618221.036 7852016.5349, -12618303.6687 7851887.3348, -12618429.7156 7851800.174, -12618579.5869 7851768.5962, -12618723.761 7851789.9132, -12618878.0549 7851789.6036, -12619101.6253 7851748.4069, -12619158.44 7851525.3782, -12619249.3935 7851401.9282, -12619380.8953 7851323.2934, -12619532.511 7851301.6911, -12619680.6777 7851340.478, -12619802.3712 7851433.6277, -12619940.1992 7851632.5837, -12620105.9587 7851781.476, -12620316.8297 7851895.5951, -12620546.3542 7851956.2087, -12620785.8176 7851966.1438, -12621020.5647 7851917.7321, -12621236.6445 7851813.8517, -12621421.2168 7851660.6781, -12621573.0202 7851455.0899, -12621724.219 7851335.6984, -12621857.336 7851178.7738, -12621954.9762 7850997.5502, -12622054.9243 7851133.1551, -12622096.3944 7851334.86770001, -12622211.8127 7851577.4645, -12622240.9468 7851728.2499, -12622194.0253 7851962.2713, -12622183.6391 7852116.5215, -12622194.7376 7852253.52619999, -12622253.885 7852563.8846, -12622241.5539 7852623.1282, -12622045.8866 7852889.6945, -12622132.3551 7852975.9108, -12622391.8764 7853156.7678, -12622476.8555 7853284.4626, -12622550.068 7853652.5946, -12622636.182 7853871.5397, -12622667.4189 7854033.1625, -12622595.3158 7854381.1375, -12622581.7831 7854513.408))"
14,20867,655,2023-10-15 06:33:14,LWF138, ,4700.2,2023-06-11,1643,0 - hand sketch of any type,Wildfire,Under Control,2023/08/01 13:56:16,E,4800.0,1685375580000,Lightning,5,974c1f52-838d-41a6-923b-6672e0d4f017,147321576.507813,112847.125466926,"POLYGON ((-12268591.8996 7492633.743, -12268727.445 7492564.5862, -12269051.4639 7492489.6587, -12269131.7347 7492455.8709, -12269225.9926 7492373.4048, -12269278.342 7492264.5203, -12269274.8424 7492145.1058, -12269238.7915 7492069.7092, -12269179.7401 7492005.4583, -12269012.9288 7491919.1633, -12268773.6426 7491864.1904, -12268688.4081 7491830.9049, -12268628.1775 7491764.0071, -12268616.3949 7491718.4377, -12268618.3107 7491668.6704, -12268654.7354 7491570.0526, -12268816.814 7491303.7188, -12269063.4892 7490839.7208, -12269120.4383 7490673.8762, -12269128.2625 7490554.7457, -12269090.7748 7490490.7547, -12269016.9281 7490455.4865, -12268771.8309 7490478.838, -12268674.2849 7490474.7115, -12268367.5301 7490371.3974, -12268074.3495 7490339.4681, -12267996.3009 7490357.7129, -12267924.8549 7490406.8786, -12267788.4442 7490618.047, -12267716.2122 7490692.795, -12267624.9365 7490740.5289, -12267436.8743 7490801.1907, -12267359.3748 7490855.6351, -12267283.1097 7490975.7319, -12267177.8904 7491249.0245, -12267063.5981 7491406.3126, -12266991.8712 7491467.6121, -12266911.3728 7491510.7831, -12266826.7302 7491525.1082, -12266746.2358 7491508.9576, -12266591.5116 7491710.7884, -12266604.328 7491798.3673, -12266568.0414 7491940.0621, -12266474.8317 7492069.7332, -12266413.4983 7492185.4594, -12266364.4674 7492324.4139, -12266339.5742 7492453.058, -12266339.6753 7492682.0002, -12266411.8053 7493069.4737, -12266375.5085 7493211.19039999, -12266266.087 7493356.00900001, -12266179.9161 7493408.1832, -12265858.9426 7493493.3948, -12265603.8035 7493651.4677, -12265467.3423 7493798.216, -12265343.1517 7494021.7876, -12265245.4097 7494151.0625, -12265070.4577 7494268.9402, -12264924.3912 7494423.2725, -12264823.4879 7494591.6566, -12264737.2191 7494833.5503, -12264679.344 7494905.0712, -12264539.1207 7494986.5861, -12264394.2989 7495005.382, -12264253.4835 7494966.6214, -12264132.7359 7494871.7524, -12263979.2589 7494693.5919, -12263820.6811 7494578.1601, -12263641.6245 7494498.2886, -12263288.3159 7494399.9682, -12263173.4147 7494309.6699, -12263102.2704 7494181.8848, -12263067.8607 7493884.021, -12263028.3284 7493725.1322, -12262961.867 7493575.5391, -12262763.8976 7493248.1317, -12262747.574 7493102.7403, -12262850.6105 7492735.6343, -12262866.5478 7492605.5677, -12262864.2668 7492474.5464, -12262821.9633 7492266.1615, -12262727.1813 7492061.3551, -12262697.0022 7491893.4193, -12262705.6007 7491749.237, -12262691.5096 7491602.54200001, -12262649.235 7491444.4138, -12262584.7607 7491304.0226, -12262568.4432 7491158.6671, -12262609.452 7491018.2908, -12262740.7522 7490847.8058, -12262823.6958 7490688.1358, -12262942.3223 7490227.01739999, -12263034.2672 7490113.4409, -12263162.8669 7490044.30259999, -12263582.3902 7489993.5613, -12263721.8135 7489946.7947, -12263866.0083 7489869.9375, -12263970.3914 7489791.0876, -12264073.4241 7489685.9836, -12264319.4564 7489324.7224, -12264443.1904 7489247.204, -12264587.2045 7489223.633, -12264862.0904 7489281.3617, -12265090.4083 7489277.30399999, -12265310.9622 7489218.0069, -12265587.3053 7489075.5821, -12265732.5548 7489061.5795, -12265917.6777 7489119.1524, -12266080.2339 7489237.5894, -12266210.6662 7489305.5622, -12266615.5095 7489436.358, -12266730.6701 7489536.7651, -12266923.6783 7489461.6113, -12267187.0897 7489387.0541, -12267248.0844 7489337.6336, -12267294.4559 7489270.5705, -12267376.0065 7489071.0849, -12267414.6253 7488850.1971, -12267406.2443 7488623.1848, -12267381.6854 7488543.4893, -12267327.9235 7488484.0269, -12267114.5324 7488408.8812, -12267045.4877 7488352.4823, -12267021.1674 7488314.9447, -12266998.4768 7488228.364, -12267007.641 7488139.8167, -12267038.9401 7488056.8116, -12267119.6471 7487957.3002, -12267199.3972 7487925.0873, -12267293.304 7487928.8789, -12267481.2095 7487990.9658, -12267571.025 7488004.5877, -12267612.3611 7487998.0743, -12267677.5113 7487956.8334, -12267709.9188 7487887.1434, -12267731.9688 7487670.2284, -12267847.012 7487419.3258, -12267879.2441 7487243.3723, -12267932.2879 7487119.4585, -12267992.3457 7487052.3128, -12268103.6134 7486976.2921, -12268363.7338 7486893.5791, -12268483.0512 7486837.89679999, -12268577.9288 7486754.7343, -12268612.2918 7486682.4408, -12268613.9944 7486598.3851, -12268561.2068 7486377.6599, -12268552.1328 7486113.9884, -12268537.3004 7486077.7436, -12268482.4774 7486024.8882, -12268405.5758 7486006.0707, -12268318.9514 7486020.2149, -12268056.0631 7486140.8528, -12267917.158 7486164.4954, -12267827.9346 7486142.7191, -12267633.2921 7486032.0763, -12267393.8927 7485985.2069, -12267318.4417 7485928.2792, -12267290.6286 7485837.425, -12267313.5587 7485734.8649, -12267373.5095 7485640.865, -12267652.6327 7485326.2889, -12267701.3053 7485195.8492, -12267702.6287 7485107.6547, -12267677.4987 7485025.2855, -12267626.2425 7484954.8384, -12267428.3184 7484821.0965, -12267255.8135 7484658.73879999, -12267179.135 7484607.1449, -12267041.0813 7484565.9691, -12266615.9696 7484560.0002, -12266459.0245 7484525.5579, -12266332.1488 7484444.4458, -12266208.91 7484248.0314, -12266152.2018 7484186.8777, -12266038.2211 7484144.557, -12265910.6392 7484174.0978, -12265653.3228 7484332.7662, -12265508.4333 7484402.0604, -12265157.5469 7484501.9463, -12264961.812 7484577.5549, -12264812.8824 7484592.7412, -12264729.822 7484545.69, -12264683.095 7484457.311, -12264677.18 7484353.4047, -12264700.1177 7484249.4258, -12264746.452 7484148.8156, -12264920.0876 7483917.7719, -12265144.8367 7483573.3351, -12265237.0282 7483493.8992, -12265347.0012 7483435.1285, -12265588.5993 7483363.1349, -12266069.0199 7483330.0585, -12266399.0292 7483255.6823, -12266758.7574 7483144.4334, -12267288.174 7482898.2552, -12267489.9414 7482841.8442, -12267592.7926 7482842.8996, -12267692.5152 7482866.1425, -12267787.7086 7482906.8523, -12268007.0399 7483037.5155, -12268097.0475 7483057.4209, -12268141.8558 7483050.7304, -12268183.701 7483032.5594, -12268253.1386 7482967.0749, -12268444.5553 7482523.5639, -12268531.3633 7482389.4252, -12268662.3442 7482227.4035, -12268805.1091 7482080.9099, -12268959.5216 7481956.9473, -12269085.4447 7481888.40119999, -12269217.8576 7481853.6603, -12269307.5293 7481854.8632, -12269564.4014 7481897.5985, -12269871.8792 7481844.8073, -12270055.8672 7481848.9292, -12270144.7077 7481874.4256, -12270226.6193 7481918.6481, -12270327.2881 7482025.0257, -12270373.2922 7482118.1228, -12270399.7653 7482224.8763, -12270392.3963 7482450.6453, -12270321.3323 7482725.3578, -12270148.4654 7483198.0859, -12270136.8026 7483297.8549, -12270151.7651 7483393.3265, -12270173.5842 7483435.8768, -12270238.472 7483502.0026, -12270318.1706 7483529.8493, -12270397.6954 7483518.5406, -12270491.3501 7483437.2036, -12270686.094 7483087.5549, -12270766.2301 7482837.2101, -12270806.125 7482756.4317, -12271054.4189 7482542.4996, -12271086.3188 7482458.8144, -12271126.767 7482170.3711, -12271153.2161 7482078.3393, -12271203.7266 7481997.0988, -12271290.8055 7481950.9529, -12271398.5573 7481953.7306, -12271505.8266 7482001.9243, -12271598.4226 7482088.6307, -12271670.4633 7482197.9225, -12271768.6757 7482437.0119, -12271977.9487 7483139.4685, -12272048.8834 7483268.2649, -12272122.6319 7483332.0259, -12272212.4569 7483372.6379, -12272358.0641 7483404.3991, -12272555.6404 7483422.0093, -12272754.3092 7483404.8806, -12273198.8429 7483322.7043, -12273292.4734 7483294.7751, -12273420.8883 7483229.3969, -12273531.8502 7483140.6974, -12273656.4866 7483001.2439, -12274074.7803 7482497.5162, -12274289.4903 7482192.2552, -12274397.2754 7482068.303, -12274588.7444 7481954.6105, -12274857.2265 7481882.1754, -12275177.7497 7481848.7876, -12275721.3224 7481859.0898, -12275852.6372 7481840.0617, -12276149.4868 7481766.168, -12276323.2308 7481757.4271, -12276496.5018 7481781.5157, -12276624.6622 7481818.3644, -12276934.5933 7481998.9304, -12277058.0346 7482024.4336, -12277317.1302 7481980.358, -12277641.34 7481951.1649, -12277767.3532 7481895.3459, -12277910.0097 7481785.742, -12277986.8671 7481782.1636, -12278047.6417 7481832.7172, -12278067.8388 7481922.805, -12278038.2062 7482020.0538, -12277960.0992 7482139.8581, -12277933.6436 7482220.0831, -12277947.6408 7482298.3704, -12277999.4799 7482357.29, -12278120.5917 7482386.6545, -12278471.5476 7482305.487, -12278656.6124 7482298.6251, -12278841.1208 7482314.0938, -12279015.7493 7482363.2173, -12279272.7463 7482509.6237, -12279376.6869 7482539.7065, -12279440.0736 7482526.4546, -12279554.6246 7482400.7154, -12279640.4008 7482349.0687, -12280075.7985 7482340.511, -12280139.2546 7482321.383, -12280439.8102 7482087.3878, -12280584.4906 7481941.4299, -12280657.5634 7481912.8467, -12280695.7132 7481913.6014, -12280760.272 7481945.4279, -12280782.2297 7481974.0828, -12280801.4428 7482048.9291, -12280794.8755 7482091.4202, -12280733.0808 7482215.6442, -12280566.2668 7482431.1327, -12280512.2479 7482548.4655, -12280491.1452 7482680.3335, -12280485.2222 7482861.8747, -12280528.5771 7483133.3966, -12280527.9053 7483270.832, -12280486.3471 7483398.0073, -12280376.896 7483571.361, -12280369.8865 7483644.3322, -12280396.7134 7483710.3067, -12280449.68 7483763.5924, -12280811.5139 7483958.6666, -12280868.1735 7484014.8801, -12280886.7774 7484052.9041, -12280897.9782 7484143.2017, -12280807.0397 7484525.7011, -12280809.1413 7484668.7881, -12280871.1274 7484793.9052, -12281011.0346 7484925.3374, -12281152.9548 7485118.4635, -12281186.6027 7485145.69, -12281225.3533 7485160.6621, -12281302.8267 7485149.1532, -12281355.8973 7485093.4103, -12281367.4329 7485017.8606, -12281357.8346 7484979.5516, -12281312.8646 7484912.7221, -12281113.7285 7484751.0835, -12281061.3614 7484633.9726, -12281020.4512 7484102.4548, -12281019.6985 7483771.146, -12281031.6499 7483661.9417, -12281069.1583 7483559.9457, -12281172.4374 7483438.1871, -12281441.0758 7483228.6164, -12281558.3531 7483193.1548, -12281597.2658 7483195.9588, -12281666.8079 7483228.8465, -12281714.8845 7483295.7826, -12281727.6169 7483340.9388, -12281719.4806 7483493.18069999, -12281649.535 7483800.3903, -12281657.298 7483900.556, -12281673.9449 7483946.676, -12281729.6488 7484023.7685, -12281850.4305 7484093.2919, -12281936.5232 7484118.6252, -12282023.6294 7484125.4025, -12282232.4565 7484093.3696, -12282355.2478 7484104.3028, -12282634.8905 7484261.4057, -12282967.926 7484327.5388, -12283187.6423 7484435.6426, -12283379.65 7484496.2284, -12283653.7534 7484557.42319999, -12283956.253 7484545.8234, -12284027.398 7484559.9498, -12284127.0916 7484615.1081, -12284283.7978 7484750.5403, -12284397.5795 7484799.5505, -12284479.5301 7484809.49, -12284648.7497 7484791.5194, -12284890.4646 7484720.101, -12284993.547 7484653.2276, -12285125.1295 7484500.9507, -12285214.2836 7484432.8239, -12285352.6617 7484380.5695, -12285497.4716 7484380.8885, -12285598.8327 7484421.9293, -12285655.8096 7484468.2132, -12285820.4832 7484677.209, -12285879.5684 7484782.9166, -12285849.8522 7485069.3178, -12285780.6761 7485273.0202, -12285704.498 7485372.451, -12285534.3791 7485482.7389, -12285476.8866 7485541.6655, -12285433.4914 7485615.2365, -12285394.18 7485739.05479999, -12285388.5384 7485827.6203, -12285403.2925 7485916.9235, -12285537.2652 7486214.2542, -12285577.3016 7486345.6579, -12285564.3449 7486475.317, -12285515.4307 7486543.673, -12285438.9576 7486585.7158, -12285350.3619 7486591.1936, -12285265.4382 7486563.2403, -12285192.3373 7486510.964, -12285091.5603 7486366.1826, -12284970.6454 7485993.6227, -12284899.0708 7485924.1377, -12284836.7895 7485906.7008, -12284772.511 7485915.653, -12284697.6202 7485981.7254, -12284673.7504 7486082.7653, -12284693.0235 7486341.3873, -12284824.6377 7486680.9785, -12284819.0921 7486786.9085, -12284773.7789 7486837.9291, -12284671.2852 7486859.5765, -12284412.8252 7486754.7573, -12284226.8877 7486747.858, -12283989.5264 7486702.7522, -12283890.8624 7486725.2607, -12283523.0261 7486877.5885, -12283394.937 7486958.8971, -12283155.2839 7487181.761, -12283051.7919 7487256.5187, -12282657.1923 7487451.9003, -12282415.5554 7487534.5977, -12282237.751 7487642.6916, -12281605.7032 7488205.2758, -12280882.0482 7488800.7516, -12280654.3134 7489030.0014, -12280579.8849 7489085.0306, -12280492.8099 7489118.5531, -12280172.0893 7489142.8882, -12279859.359 7489202.8947, -12279327.532 7489155.8556, -12278987.4683 7489195.1518, -12278931.1794 7489175.8838, -12278887.96 7489136.006, -12278818.5195 7488932.5609, -12278702.5197 7488763.4025, -12278623.1232 7488694.9092, -12278551.3665 7488679.7101, -12278429.7594 7488710.0377, -12278184.8191 7488823.7542, -12277816.9454 7489053.9897, -12277680.739 7489079.0706, -12277589.3528 7489063.1753, -12277505.9353 7489023.2691, -12277398.1832 7488936.9431, -12277263.3714 7488756.8256, -12277196.8049 7488694.6402, -12277071.1525 7488629.4107, -12276979.2288 7488606.6373, -12276838.5252 7488605.0469, -12276746.5055 7488627.4091, -12276619.1363 7488687.9583, -12276387.129 7488830.9293, -12276259.6636 7488853.8, -12275973.1294 7488736.0438, -12275687.4588 7488717.7714, -12275424.375 7488641.074, -12275095.4793 7488649.8325, -12274667.8605 7488506.852, -12274453.462 7488456.1886, -12274033.6322 7488435.1876, -12273966.1647 7488458.903, -12273809.7802 7488584.0238, -12273696.0204 7488614.5878, -12273599.1864 7488576.8585, -12273558.9496 7488524.5361, -12273512.8473 7488408.1476, -12273439.8418 7488355.9974, -12273369.1627 7488351.4677, -12273124.5936 7488385.1889, -12272932.2304 7488362.0465, -12272721.3423 7488308.3709, -12272635.4804 7488327.0571, -12272593.7878 7488375.4965, -12272533.2233 7488560.3494, -12272487.968 7488627.2964, -12272389.263 7488699.2721, -12272183.8588 7488796.8411, -12272132.4905 7488849.1085, -12272101.841 7488960.5862, -12272137.2978 7489130.5557, -12272234.0708 7489342.6516, -12272357.8848 7489488.2194, -12272556.6973 7489620.7534, -12273157.3336 7489930.4753, -12273252.2234 7490018.61599999, -12273271.6799 7490055.1051, -12273276.8473 7490135.3139, -12273238.8123 7490208.1719, -12273166.629 7490252.5212, -12273121.8227 7490261.8995, -12273030.6124 7490256.5078, -12272757.0777 7490166.5184, -12272619.5424 7490138.2961, -12272523.7249 7490156.0858, -12272449.1668 7490221.0867, -12272422.231 7490322.9795, -12272469.2121 7490527.3102, -12272475.4413 7490616.2436, -12272389.6044 7490953.5498, -12272408.1609 7491217.7768, -12272385.3573 7491304.7174, -12272286.2424 7491495.0817, -12272272.3784 7491576.6291, -12272284.2953 7491661.3101, -12272315.095 7491745.6892, -12272446.9539 7491994.2807, -12272573.3869 7492138.3886, -12272652.6446 7492183.674, -12272780.3751 7492203.46720001, -12272863.6119 7492184.5677, -12273025.6018 7492113.1422, -12273110.6918 7492106.7365, -12273152.5179 7492118.5161, -12273224.9834 7492172.316, -12273355.9324 7492359.234, -12273550.1636 7492579.0512, -12273585.8515 7492672.0266, -12273578.2801 7492779.4136, -12273490.4358 7492925.536, -12273314.887 7493117.7401, -12273293.9892 7493214.213, -12273333.4514 7493308.1474, -12273415.8013 7493358.861, -12273517.8612 7493357.64, -12273708.2357 7493257.478, -12273806.9122 7493232.5486, -12273898.4695 7493260.5163, -12273956.411 7493337.2294, -12273967.399 7493436.8692, -12273953.6876 7493487.9578, -12273888.929 7493575.5041, -12273797.4133 7493639.699, -12273476.7662 7493784.6246, -12273359.3952 7493859.9823, -12273269.1768 7493952.592, -12273243.2952 7494030.2603, -12273244.5728 7494072.219, -12273275.8645 7494153.54510001, -12273331.9388 7494224.1896, -12273519.9383 7494377.0717, -12273657.9484 7494455.2211, -12273998.5336 7494570.1977, -12274180.7588 7494649.9275, -12274349.2201 7494761.5966, -12274435.831 7494855.4729, -12274495.1651 7494965.0197, -12274520.8071 7495086.5528, -12274509.7485 7495208.5767, -12274489.0692 7495265.4931, -12274459.8892 7495318.6627, -12274379.0344 7495409.6769, -12274176.9201 7495539.2107, -12273898.1293 7495623.0301, -12273623.0838 7495648.1697, -12273364.8449 7495620.573, -12272838.4823 7495507.0565, -12272459.1365 7495465.6765, -12272312.1534 7495478.1732, -12272076.2461 7495554.94, -12271980.9479 7495563.1869, -12271890.7774 7495539.5478, -12271774.1694 7495471.492, -12271490.718 7495254.4623, -12271345.9211 7495113.0751, -12271280.9048 7495078.0604, -12271175.8116 7495077.2576, -12271041.7006 7495130.6878, -12270981.4676 7495128.8884, -12270955.1835 7495114.7891, -12270935.8173 7495095.01829999, -12270919.5947 7495040.1765, -12270951.5401 7494955.511, -12271215.6433 7494754.8064, -12271278.4589 7494675.5106, -12271340.0474 7494517.6865, -12271325.0221 7494425.4128, -12271188.1277 7494304.414, -12271145.3109 7494243.6931, -12271114.455 7494000.3273, -12271080.6211 7493908.2973, -12271035.1831 7493871.0213, -12271003.6718 7493863.6653, -12270930.5192 7493874.7024, -12270594.9732 7494056.209, -12270490.4713 7494071.0768, -12270439.3976 7494044.9213, -12270421.4543 7493995.1317, -12270438.6867 7493936.2542, -12270517.6984 7493835.1953, -12270523.1851 7493808.8351, -12270504.8653 7493763.6023, -12270431.5743 7493743.5092, -12270246.7934 7493847.516, -12270169.5233 7493862.9484, -12270133.5681 7493858.671, -12270072.2005 7493824.1746, -12270024.0215 7493731.0915, -12270018.7034 7493660.5096, -12270032.5846 7493590.3014, -12270106.7638 7493400.3209, -12270111.0204 7493239.9036, -12270172.4363 7493156.7665, -12270363.1143 7493071.6786, -12270411.7944 7493035.2107, -12270452.0635 7492947.804, -12270478.1732 7492743.2953, -12270463.836 7492663.2263, -12270416.3897 7492594.4687, -12270153.4234 7492456.39729999, -12270081.1721 7492390.7353, -12270057.7472 7492346.8862, -12270046.9313 7492243.5215, -12270070.9148 7492034.2274, -12270059.9055 7491731.1171, -12270080.9245 7491551.7921, -12270062.7605 7491473.8432, -12270006.3045 7491425.5712, -12269968.8105 7491416.5897, -12269894.0784 7491438.1513, -12269863.6296 7491464.6607, -12269828.6366 7491540.5807, -12269833.3746 7491633.9084, -12269914.2235 7491842.8908, -12269938.6043 7491964.8008, -12269911.8454 7492351.0543, -12269872.0303 7492539.2634, -12269700.6779 7493068.2759, -12269618.4509 7493220.3208, -12269542.551 7493298.401, -12269395.637 7493364.7231, -12269291.1699 7493368.74759999, -12269191.696 7493344.6174, -12269102.5656 7493301.4396, -12269028.0957 7493245.9306, -12268970.0354 7493179.0407, -12268889.413 7493036.5533, -12268837.99 7492984.9295, -12268764.9794 7492960.4375, -12268590.9958 7492975.0468, -12268549.7769 7492965.7533, -12268503.5231 7492931.1414, -12268465.0073 7493033.0438, -12268437.4093 7493249.8338, -12268393.7846 7493420.3459, -12268305.677 7493537.0194, -12268179.4162 7493610.4985, -12268034.6274 7493629.3607, -12267847.5817 7493577.9706, -12267655.7962 7493468.061, -12267445.829 7493402.8336, -12267224.7582 7493260.3698, -12267504.2165 7492472.0881, -12267579.1326 7492473.3536, -12267756.3182 7492443.527, -12267924.5671 7492380.364, -12268087.5781 7492284.2051, -12268231.6398 7492260.558, -12268373.6285 7492294.5455, -12268491.4764 7492380.8857, -12268566.8705 7492506.1643, -12268591.8996 7492633.743))"
15,20868,441,2023-10-15 06:33:14,RWF040,Blackstone Fire,5096.2,2023-05-28,0925,1 - non-corrected ground GPS,Wildfire,Under Control,2023/07/04 12:04:09,E,5089.0,1683297900000,Human,1,febcabe5-8a1a-47ed-b4dd-03761ee2ec38,139362345.304688,90829.2907443968,"POLYGON ((-12949549.5676 6954395.9125, -12949607.454 6954531.1579, -12949629.8962 6954550.1812, -12949684.9341 6954549.2979, -12949752.8728 6954516.1936, -12949789.4719 6954351.0558, -12949871.9046 6954339.4722, -12949975.2543 6954356.4705, -12950026.7363 6954379.4941, -12950120.3494 6954452.565, -12950377.4554 6954731.1844, -12950539.6386 6954831.8412, -12950659.5729 6954873.5986, -12950783.4108 6954898.8732, -12951202.4531 6954937.89329999, -12951307.3479 6954976.83739999, -12951392.3725 6955043.8557, -12951468.471 6955181.2932, -12951484.0466 6955285.0824, -12951469.7541 6955388.3058, -12951417.8516 6955487.3835, -12951329.2674 6955572.1094, -12951174.3641 6955655.2882, -12951061.5009 6955680.0692, -12950948.5689 6955682.5682, -12950839.7962 6955659.7367, -12950741.603 6955611.3512, -12950656.3083 6955542.6288, -12950582.2027 6955457.7223, -12950435.5881 6955216.894, -12950360.1375 6955132.2679, -12950312.7675 6955099.5345, -12950201.2878 6955057.1867, -12950063.0178 6955051.062, -12949912.053 6954914.3797, -12949883.1965 6954905.2796, -12949817.6842 6954926.911, -12949741.4336 6955000.4507, -12949725.2532 6955046.2453, -12949723.8036 6955143.4837, -12949692.7828 6955196.6713, -12949629.3276 6955206.6108, -12949561.1916 6955180.1188, -12949528.1392 6955145.0809, -12949522.3501 6955103.5891, -12949557.0563 6955001.6223, -12949549.7288 6954980.7949, -12949517.1744 6954971.2122, -12949467.8812 6954988.8107, -12949398.1285 6954950.4079, -12949272.7267 6954780.1703, -12949220.8836 6954664.3317, -12949071.0843 6954573.2088, -12949011.7294 6954500.7312, -12948998.5608 6954469.0942, -12949004.5498 6954425.257, -12949055.2802 6954382.627, -12949057.0374 6954360.2652, -12949029.9585 6954314.6865, -12948977.2404 6954264.3149, -12948932.1721 6954181.1867, -12948868.909 6954148.4557, -12948814.7395 6954085.9689, -12948782.3301 6954079.3767, -12948729.484 6954042.7044, -12948691.8778 6954033.3772, -12948649.883 6954115.2371, -12948615.7886 6954152.5596, -12948490.9039 6954166.5072, -12948400.8994 6954212.7461, -12948321.1745 6954215.4546, -12948204.327 6954155.194, -12948189.7584 6954255.3341, -12948093.7224 6954268.1074, -12948005.8694 6954299.5465, -12947938.862 6954360.3078, -12947893.8143 6954438.6813, -12947874.355 6954529.1551, -12947896.756 6954630.1028, -12947923.1011 6954680.1277, -12947991.2831 6954779.3292, -12948328.3444 6955160.0281, -12948611.4961 6955616.8777, -12948694.7032 6955720.2985, -12948842.5267 6955848.6789, -12949062.744 6955973.9774, -12949207.7365 6956041.024, -12949386.7931 6956058.9222, -12949719.0869 6956346.9391, -12949819.6429 6956449.8724, -12950003.5998 6956543.4348, -12950063.1307 6956600.58250001, -12950085.9485 6956668.121, -12950080.6209 6956702.5437, -12950020.7368 6956786.1587, -12950123.8614 6957029.0326, -12950216.5897 6957384.0645, -12950274.3466 6957734.6146, -12950247.4089 6957887.1601, -12950201.3526 6957933.9753, -12950034.9304 6958000.9605, -12949954.0081 6957994.2584, -12949922.5708 6957921.866, -12949887.8873 6957904.896, -12949728.6717 6957876.3555, -12949536.5113 6957815.2504, -12949412.181 6957790.3802, -12949225.2338 6957721.6213, -12949181.2707 6957688.1283, -12949001.8546 6957668.2811, -12948798.1764 6957585.18729999, -12948703.6043 6957443.2255, -12948640.1398 6957415.9192, -12948412.8118 6957125.8436, -12948364.4528 6957015.2329, -12948294.8945 6956962.5735, -12948212.9284 6956849.0789, -12947873.752 6956617.9336, -12947768.9561 6956632.9285, -12947700.748 6956602.1821, -12947346.0302 6956811.5572, -12947041.7806 6956916.8045, -12946763.0878 6956835.0321, -12946668.4134 6956709.3858, -12946391.3294 6956396.006, -12946139.0411 6956151.032, -12945939.1729 6956118.7711, -12945849.3613 6956065.3916, -12945621.8134 6956048.9322, -12945546.8537 6956032.249, -12945550.3436 6956059.03939999, -12945316.4606 6956037.5077, -12945226.7456 6956072.9759, -12945148.0282 6956140.8241, -12944995.7255 6956387.848, -12944806.394 6956563.8941, -12944717.6274 6956584.6407, -12944623.5468 6956575.6509, -12944527.4696 6956547.2558, -12944431.4966 6956496.1561, -12944343.4133 6956422.0156, -12944264.7603 6956328.6321, -12944128.7296 6956101.3169, -12944004.4056 6956117.0953, -12943942.5889 6955993.1519, -12943890.829 6955792.48569999, -12943891.0813 6955584.3911, -12943939.7751 6955381.9811, -12944197.6762 6954818.5697, -12944284.7528 6954572.5941, -12944263.9835 6954382.6616, -12944143.9967 6954221.8271, -12943951.4604 6954124.1203, -12943517.7265 6953994.9727, -12943339.7673 6953887.239, -12943280.3477 6953829.344, -12942790.6735 6953307.5261, -12942729.4058 6953183.4848, -12942635.8996 6952853.9739, -12942585.3888 6952728.5715, -12942401.7653 6952436.5208, -12942307.4281 6952341.3271, -12942190.1876 6952266.9456, -12942123.8444 6952240.4473, -12941704.9224 6952153.3608, -12941511.0875 6952095.667, -12941456.6465 6952060.799, -12941363.144 6951967.8323, -12941015.3107 6951519.8541, -12940884.3469 6951396.0092, -12940785.196 6951332.6945, -12940497.0207 6951189.5442, -12940352.9406 6951150.8676, -12940259.733 6951153.0322, -12940173.6417 6951188.4907, -12940139.6708 6951222.6999, -12940047.3884 6951407.8758, -12939885.5635 6951587.441, -12939786.9269 6951603.2505, -12939736.6984 6951596.7171, -12939640.6075 6951564.0806, -12939552.947 6951515.854, -12939437.2758 6951394.5774, -12939295.2482 6951297.8344, -12939199.4663 6951178.4664, -12938991.9474 6951109.028, -12938757.2705 6950925.3973, -12938632.7608 6950772.6054, -12937932.0866 6950492.4605, -12937427.6595 6950522.1395, -12937015.21 6950392.0508, -12936482.2818 6950290.3395, -12936003.005 6950250.9612, -12935664.1152 6950114.2977, -12935592.4206 6949915.1526, -12935982.802 6949560.2817, -12935996.9516 6949515.223, -12936331.3376 6949444.0603, -12936641.441 6949433.5552, -12936723.4329 6949305.6444, -12936440.8092 6949073.1879, -12936035.3516 6949050.4464, -12936047.7146 6948837.3154, -12936073.9805 6948681.2728, -12935991.4131 6948600.7651, -12935939.975 6948506.8269, -12935926.4561 6948413.7384, -12935936.5984 6948313.4448, -12936038.4329 6948258.6885, -12936106.1688 6948122.2549, -12936234.0405 6948032.9616, -12936330.0318 6947913.6395, -12936429.12 6947683.7263, -12936461.7113 6947541.6188, -12936464.2265 6947447.139, -12936452.7229 6947402.0434, -12936397.4573 6947319.603, -12936226.099 6947205.9148, -12935746.6788 6946776.67759999, -12935793.9798 6946755.312, -12935900.1818 6946735.2075, -12936065.0617 6946744.8154, -12936323.3563 6946795.056, -12936470.0329 6946788.0352, -12936514.3587 6946772.4769, -12936584.5345 6946712.9403, -12936618.6104 6946624.7449, -12936613.4589 6946531.4729, -12936571.8583 6946448.4627, -12936492.8964 6946387.2982, -12936188.4343 6946279.6617, -12936056.544 6946201.6326, -12935973.3904 6946078.78589999, -12935912.857 6945945.6178, -12935902.5813 6945853.3121, -12935939.592 6945705.542, -12935989.3533 6945613.5777, -12936145.4922 6945396.9187, -12936185.1039 6945239.1667, -12936172.2226 6945081.2665, -12936136.986 6944933.5656, -12936103.2059 6944841.3324, -12936046.3809 6944764.7575, -12935925.3678 6944695.7791, -12935786.6715 6944679.4984, -12935615.6795 6944703.7, -12935544.7333 6944746.0456, -12935516.8829 6944777.6893, -12935495.8195 6944817.1004, -12935480.0243 6944910.0499, -12935548.6195 6945268.0837, -12935554.3547 6945372.1484, -12935541.3156 6945471.5218, -12935484.2031 6945595.6535, -12935424.6412 6945655.2556, -12935344.9242 6945682.7919, -12935256.5678 6945665.4193, -12935179.6174 6945614.0705, -12935116.8805 6945536.2627, -12935046.9303 6945398.7808, -12934983.7854 6945203.4861, -12934963.4186 6945102.5411, -12934965.2765 6945001.0835, -12935024.1457 6944757.6724, -12935032.8387 6944660.461, -12935009.1008 6944514.5998, -12934941.4664 6944385.0041, -12934823.9719 6944301.5265, -12934729.5484 6944283.0241, -12934584.3072 6944309.5593, -12934451.2786 6944358.7287, -12934056.1128 6944127.2261, -12934072.2278 6943997.945, -12934121.7836 6943914.1359, -12934201.4339 6943845.5687, -12934299.2413 6943799.0767, -12934510.7581 6943729.3749, -12934557.7763 6943701.3039, -12934922.7495 6942522.2366, -12935102.6186 6942449.0525, -12935347.3781 6942385.6184, -12935523.9866 6942307.179, -12936372.7417 6942196.2363, -12936429.8173 6942224.3549, -12936482.4624 6942259.1409, -12936567.2626 6942353.285, -12936597.9511 6942413.50330001, -12936632.5938 6942538.7205, -12936644.3764 6942734.1038, -12936582.1288 6943170.5946, -12936601.8327 6943284.0165, -12936626.7422 6943334.8994, -12936706.9585 6943414.66040001, -12936761.895 6943438.5696, -12936825.8902 6943447.7704, -12936949.371 6943432.6057, -12937066.0036 6943375.9751, -12937116.7846 6943334.3673, -12937249.7671 6943185.3607, -12937383.8652 6942963.9582, -12937454.1163 6942793.5401, -12937478.6277 6942615.8518, -12937460.0112 6942441.86729999, -12937395.9254 6942283.059, -12937299.9618 6942131.7082, -12937119.9907 6941906.3694, -12937050.9095 6941756.7578, -12937030.281 6941654.2574, -12937021.8375 6941472.0446, -12937045.1523 6941396.1761, -12937109.7265 6941348.7263, -12937201.7411 6941346.0019, -12937302.2391 6941390.4533, -12937484.0062 6941539.3163, -12937802.9469 6941750.406, -12937992.7175 6941954.4299, -12938063.2122 6941996.9051, -12938103.7473 6942004.6104, -12938185.7115 6941990.3823, -12938221.8812 6941963.8699, -12938417.5268 6941649.8404, -12938510.2914 6941563.9183, -12938585.3195 6941526.367, -12938667.5169 6941512.0713, -12938749.4498 6941517.4523, -12938832.9609 6941552.2681, -12938993.7409 6941652.8106, -12939086.1999 6941662.9503, -12939178.7637 6941629.7141, -12939453.9956 6941394.7198, -12939539.9464 6941342.5269, -12939635.3354 6941324.6018, -12939769.8851 6941346.041, -12939839.9189 6941386.0465, -12939863.0465 6941416.9016, -12939882.3438 6941449.6591, -12939889.9248 6941523.3996, -12939879.2935 6941561.0625, -12939829.6297 6941632.368, -12939582.9753 6941787.8014, -12939517.1587 6941866.3492, -12939488.3439 6941973.6586, -12939493.1927 6942033.6903, -12939510.7472 6942095.233, -12939544.516 6942151.7535, -12939635.1497 6942257.2668, -12939974.7826 6942521.4172, -12940223.879 6942622.3835, -12940352.5216 6942630.9447, -12940607.5132 6942618.4205, -12940677.1096 6942523.9556, -12940762.9074 6942331.3894, -12940661.8812 6941946.611, -12940455.8333 6941400.0668, -12940548.716 6941179.2077, -12940722.7565 6940992.3523, -12940830.2781 6940830.8901, -12940978.631 6940558.2021, -12941184.9268 6940439.1574, -12941369.0306 6940421.8061, -12943256.6214 6941195.8488, -12942921.6427 6942349.2357, -12942698.6024 6942762.6288, -12942418.5665 6943060.3994, -12942344.3994 6943165.1983, -12942319.3361 6943224.7617, -12942305.4314 6943287.173, -12942315.0721 6943415.1269, -12942337.6944 6943477.4718, -12942413.4745 6943588.5265, -12942520.273 6943679.0181, -12942770.121 6943824.612, -12942945.7601 6943946.2438, -12943337.4713 6944360.4073, -12943494.8508 6944581.5686, -12943585.2325 6944676.9549, -12943694.0872 6944741.8875, -12943820.0404 6944771.4648, -12943945.182 6944755.6606, -12944001.6 6944729.4332, -12944101.2576 6944650.3016, -12944276.7731 6944470.5004, -12944377.428 6944400.1904, -12944595.3108 6944293.447, -12944762.0529 6944244.7335, -12944877.0259 6944242.3457, -12944929.5518 6944261.454, -12945029.4597 6944324.9085, -12945155.3239 6944444.795, -12945247.0803 6944511.4822, -12945302.6244 6944522.1339, -12945418.2578 6944511.4287, -12945519.1104 6944453.3047, -12945589.5946 6944359.2498, -12945691.4312 6943974.2658, -12945948.1875 6943867.6875, -12946039.5605 6943924.7462, -12946075.5511 6943968.7538, -12946122.0753 6944083.0731, -12946127.4754 6944269.1205, -12946703.2654 6945494.413, -12946661.409 6945591.8177, -12946629.4077 6945632.3849, -12946473.8748 6945764.3507, -12947357.7603 6946406.436, -12947659.8135 6946434.6856, -12947930.7754 6947080.3728, -12948016.1515 6947079.8407, -12948226.1994 6947221.0648, -12948327.088 6947230.833, -12948373.0337 6947207.2348, -12948437.3885 6947256.5878, -12948480.5315 6947262.9568, -12948558.1794 6947246.6031, -12948655.6367 6947307.0686, -12948657.4112 6947358.2267, -12948684.3715 6947394.3052, -12948700.9336 6947397.5698, -12948727.0879 6947454.7651, -12948719.0146 6947626.7058, -12948778.4338 6947864.0686, -12948839.6743 6947932.5334, -12948885.7094 6948044.9998, -12948894.9847 6948171.139, -12948859.118 6948490.33, -12948872.79 6948687.7184, -12948913.3155 6948818.5511, -12949017.6966 6949009.5066, -12949051.8857 6949127.7552, -12949106.1226 6949224.06, -12949108.7577 6949269.6826, -12949105.7143 6949271.6515, -12949104.5623 6949281.9467, -12949108.7577 6949269.6826, -12949150.5518 6949295.8886, -12949253.273 6949311.3417, -12949307.1561 6949373.6072, -12949359.2739 6949385.9138, -12949373.6175 6949465.6731, -12949416.1015 6949487.5269, -12949464.8116 6949477.2827, -12949491.7623 6949520.196, -12949534.1566 6949547.6167, -12949543.7526 6949564.064, -12949526.7762 6949598.7334, -12949540.0226 6949651.6378, -12949593.2644 6949692.5549, -12949628.6459 6949675.9592, -12949655.6214 6949787.2373, -12949651.6604 6949857.0081, -12949500.6996 6949933.1156, -12949501.3018 6950036.3103, -12949486.0675 6950109.7829, -12949462.9343 6950181.7991, -12949393.1044 6950316.0029, -12949204.6592 6950548.5196, -12948989.3647 6950742.4482, -12948813.8286 6950856.1195, -12948690.4094 6950914.4673, -12948084.1475 6951101.3577, -12947941.3165 6951207.4748, -12947874.9557 6951306.1475, -12947839.0965 6951415.247, -12947845.2752 6951527.0339, -12947896.2807 6951630.9508, -12947985.2568 6951710.9865, -12948102.8483 6951755.124, -12948233.5806 6951772.4571, -12948560.781 6951783.7059, -12948816.9017 6951827.9885, -12949103.6236 6951958.3066, -12949147.3241 6952004.649, -12949247.8845 6952064.4021, -12949473.8024 6952246.6253, -12949688.7535 6952380.9494, -12949923.0004 6952465.5112, -12950298.0506 6952523.5969, -12950346.3031 6952506.3668, -12950358.7577 6952480.8771, -12950462.797 6952518.4945, -12950478.0074 6952494.3525, -12950522.8887 6952482.8425, -12950543.0402 6952488.7456, -12950601.9783 6952557.7299, -12950655.5073 6952554.4112, -12950726.9135 6952575.7275, -12950804.252 6952700.6561, -12950843.7945 6952708.8918, -12950956.7079 6952695.4847, -12951076.8222 6952631.9758, -12951128.2683 6952636.664, -12951156.8239 6952622.9443, -12951286.6388 6952631.8151, -12951350.7182 6952608.639, -12951398.8168 6952568.182, -12951450.48 6952618.0701, -12951425.197 6952706.4461, -12951447.3868 6952754.3763, -12951511.4215 6952795.871, -12951547.6544 6952790.79599999, -12951582.8908 6952732.3698, -12951645.5771 6952701.6828, -12951677.5324 6952702.3384, -12951749.8717 6952752.465, -12951806.7426 6952745.7452, -12951838.9799 6952761.4639, -12951853.6884 6952884.7291, -12951923.6856 6952970.2125, -12951915.6802 6953044.4551, -12952010.8004 6953106.7109, -12951990.8006 6953115.7763, -12951884.59 6953087.8919, -12951809.0935 6953108.3279, -12951827.1504 6953152.2507, -12951753.2864 6953236.5088, -12951663.4136 6953253.8951, -12951504.4418 6953327.8343, -12951487.9103 6953348.2378, -12951459.1576 6953525.1205, -12951422.8756 6953531.9314, -12951382.207 6953490.8764, -12951347.6035 6953482.7338, -12951243.4355 6953539.944, -12951191.0992 6953588.6476, -12951151.673 6953590.6416, -12951102.6019 6953612.9099, -12950987.0334 6953596.2333, -12950835.9634 6953725.2741, -12950799.3329 6953742.9129, -12950761.9163 6953785.6846, -12950700.0367 6953780.7242, -12950638.339 6953708.8686, -12950567.2502 6953658.7026, -12950426.276 6953656.9342, -12950405.7979 6953667.3628, -12950380.3121 6953711.7939, -12950386.7388 6953754.375, -12950427.43 6953752.9891, -12950462.1503 6953767.4133, -12950501.4898 6953807.6527, -12950551.0759 6953833.5753, -12950578.8995 6953881.4097, -12950558.2491 6953916.3327, -12950447.4098 6953918.3985, -12950408.8988 6953936.07109999, -12950369.0287 6953914.2068, -12950296.8602 6953839.5667, -12950215.2674 6953693.0679, -12950057.2426 6953620.7951, -12950007.7441 6953646.3575, -12949714.5624 6953710.0032, -12949654.9616 6953778.9107, -12949653.9738 6953831.0539, -12949667.9086 6953856.9725, -12949573.7957 6953867.211, -12949492.2842 6953857.8907, -12949463.738 6953862.3216, -12949444.0753 6953885.393, -12949438.3899 6954019.199, -12949509.3157 6954205.6657, -12949549.5676 6954395.9125))"
16,20871,806,2023-10-15 06:33:14,SWF064, ,42563.9,2023-06-28,2028,1 - non-corrected ground GPS,Wildfire,Under Control,2023/07/01 08:52:00,E,40060.0,1683219780000,Lightning,1,00086f62-a107-4f1c-9511-06f864bc6b15,1287471469.99219,377538.955700595,"POLYGON ((-12960982.3114 7358906.7352, -12960971.7018 7358865.9286, -12960930.109 7358870.8505, -12960884.6411 7358904.8404, -12960819.5149 7358875.5263, -12960867.2751 7358822.2509, -12960910.7128 7358830.5133, -12960929.3402 7358804.1542, -12960855.1416 7358779.1002, -12960819.8066 7358780.487, -12960733.4633 7358899.7827, -12960670.6266 7358893.8975, -12960584.0051 7358924.1197, -12960495.3038 7358921.2237, -12960459.106 7358899.6431, -12960431.8331 7358899.5987, -12960395.7889 7358902.9972, -12960383.506 7358937.1231, -12960362.0716 7358951.0841, -12960254.4012 7358936.5866, -12960149.6535 7358948.5019, -12960110.8093 7359010.3574, -12960065.502 7359023.2203, -12960016.1934 7359092.6472, -12959941.7818 7359140.4289, -12959901.8626 7359265.2568, -12959907.4059 7359294.4896, -12959931.6139 7359304.5313, -12960009.5505 7359261.6745, -12960051.3242 7359256.7286, -12960064.2372 7359243.2978, -12960060.2306 7359186.403, -12960100.1511 7359194.716, -12960110.3306 7359229.1546, -12960181.5323 7359229.9717, -12960282.7716 7359199.9581, -12960343.6685 7359133.7102, -12960509.9342 7359095.6247, -12960540.1261 7359114.1375, -12960568.4856 7359112.74, -12960590.3927 7359145.5332, -12960640.5926 7359178.5925, -12960767.11 7359165.5836, -12960794.3412 7359237.682, -12960825.6224 7359211.3904, -12960860.2772 7359209.0937, -12961029.1329 7359300.4032, -12961112.4146 7359319.8779, -12961118.8877 7359368.3228, -12961069.2553 7359435.5922, -12961012.9892 7359457.0222, -12960973.4443 7359427.3078, -12960946.0567 7359428.252, -12960913.8963 7359443.2525, -12960906.1224 7359470.4617, -12960884.5592 7359485.5876, -12960810.6181 7359510.6876, -12960772.8921 7359593.9679, -12960694.6803 7359599.8647, -12960678.7519 7359617.5353, -12960665.0755 7359681.648, -12960587.0293 7359699.1738, -12960507.0418 7359753.5766, -12960477.33 7359809.2757, -12960443.5407 7359821.1916, -12960428.7884 7359848.968, -12960395.5641 7359857.1404, -12960372.6042 7359890.6857, -12960285.2769 7359919.1042, -12960196.5656 7359925.6394, -12960131.3332 7359974.1012, -12960076.5571 7359981.1451, -12960041.3067 7360006.6615, -12960023.577 7359991.3637, -12960002.7645 7360003.0333, -12959904.7401 7359998.0913, -12959891.3415 7360011.1913, -12959788.4277 7360025.0544, -12959764.2459 7360042.8136, -12959706.4475 7360043.5402, -12959583.8982 7360102.1747, -12959551.6444 7360077.6943, -12959544.0862 7360090.8019, -12959521.5912 7360086.9953, -12959432.9608 7360146.4245, -12959411.3982 7360199.5612, -12959368.5432 7360204.4384, -12959364.1488 7360225.5495, -12959322.1677 7360268.0389, -12959328.8326 7360315.3788, -12959297.6622 7360344.5415, -12959260.6963 7360336.1177, -12959250.7655 7360303.78809999, -12959230.3342 7360289.7362, -12959243.6968 7360388.8614, -12958948.8687 7360437.7424, -12958189.5001 7360495.91, -12957985.1662 7360543.7461, -12957853.0479 7360597.1201, -12957678.3343 7360721.0156, -12957542.4164 7360888.4396, -12957477.1143 7361018.5217, -12957432.7692 7361158.3727, -12957415.3137 7361375.3027, -12957458.4643 7361583.1275, -12957552.3621 7361769.6198, -12957721.4109 7361987.9639, -12958093.4865 7362398.376, -12958329.6826 7362642.7308, -12958482.6611 7362773.1588, -12958596.0008 7362838.7676, -12958954.9099 7363003.0545, -12959125.8766 7363115.7195, -12959229.0851 7363208.413, -12959320.7142 7363314.3772, -12959416.5944 7363495.6243, -12959436.1546 7363624.0726, -12959432.045 7363688.4276, -12959397.9192 7363813.4645, -12959336.9916 7363927.6537, -12959109.6165 7364265.1596, -12959004.6855 7364520.6255, -12958954.0165 7364789.834, -12958951.2406 7364924.8383, -12958966.012 7365059.8826, -12958999.4963 7365190.8736, -12959049.4596 7365315.8958, -12959181.9043 7365557.7394, -12959343.3631 7365787.6777, -12959753.2707 7366288.2239, -12959872.5504 7366477.982, -12959966.732 7366685.2596, -12960067.1372 7367054.452, -12960106.7835 7367283.6368, -12960105.85 7367519.5328, -12960061.5222 7368081.1849, -12960071.8504 7368326.6976, -12960125.3273 7368564.9088, -12960228.2823 7368777.0989, -12960555.7864 7369173.8209, -12961137.0032 7369956.5316, -12961961.5291 7370806.8816, -12962138.6259 7370943.2239, -12962330.0505 7371057.6961, -12962922.5915 7371324.0176, -12963104.1344 7371440.2488, -12963327.0526 7371644.1797, -12963611.5383 7372014.5772, -12963768.0437 7372175.4352, -12964001.3192 7372352.7375, -12964247.5816 7372508.3018, -12964750.275 7372760.6826, -12964869.7796 7372833.7907, -12965024.6809 7372983.0892, -12965064.6745 7373044.2958, -12965119.6315 7373180.6068, -12965134.4384 7373253.2134, -12965137.406 7373401.5479, -12965080.2432 7373618.7019, -12964765.9031 7374151.0945, -12964393.8607 7374951.662, -12964190.4787 7375285.642, -12964039.6189 7375449.973, -12963867.9427 7375577.8766, -12963374.5174 7375825.4701, -12963145.3666 7375977.3426, -12962823.202 7376250.6673, -12962408.8823 7376677.649, -12962253.7546 7376799.0272, -12962141.3316 7376863.2019, -12962023.3252 7376912.3526, -12961839.3461 7376960.6845, -12961588.8181 7376977.561, -12961352.454 7376939.0431, -12961147.3038 7376848.86, -12960846.9082 7376608.884, -12960097.8678 7375921.6567, -12959611.7177 7375437.7204, -12959334.6251 7375243.405, -12959169.1123 7375102.8794, -12959035.6707 7374940.6825, -12958992.859 7374849.1893, -12958952.9123 7374708.3514, -12958936.5951 7374566.4474, -12958921.2252 7373661.5483, -12958901.6401 7373573.591, -12958841.8485 7373447.2571, -12958549.6396 7373037.1069, -12958264.6071 7372688.9709, -12958084.3764 7372505.513, -12957965.6794 7372403.6354, -12957632.3382 7372198.2372, -12957323.5279 7371940.0981, -12957130.2363 7371819.4887, -12956911.9449 7371735.3625, -12956791.2909 7371718.19, -12956667.5107 7371730.071, -12956547.1038 7371770.853, -12955905.5661 7372137.0029, -12955587.7599 7372277.6343, -12955472.338 7372350.382, -12955423.0617 7372396.0585, -12955348.59 7372504.8363, -12955223.3417 7372804.1279, -12955146.3877 7372900.2685, -12955099.5422 7372937.9828, -12955048.1162 7372967.435, -12954936.9545 7373000.38, -12954822.8864 7373003.6348, -12954655.2635 7372972.5932, -12954545.89 7372934.0958, -12954389.9447 7372852.9594, -12954293.9104 7372785.2516, -12954169.3736 7372666.7282, -12954071.3103 7372530.8539, -12953811.7486 7372107.4257, -12953535.2852 7371600.4233, -12953434.4011 7371479.0798, -12953260.7446 7371352.4961, -12953104.818 7371296.5514, -12952770.9895 7371245.3298, -12952550.2878 7371233.8307, -12952445.7384 7371260.7598, -12952353.1924 7371318.7627, -12952282.9566 7371402.8454, -12952237.7742 7371505.78, -12952153.681 7371786.2903, -12952054.6564 7371926.3742, -12951965.0502 7371987.3268, -12951813.2405 7372027.9208, -12951651.8011 7372023.6339, -12951546.041 7371998.4836, -12951405.1694 7371925.9108, -12951288.2467 7371821.4391, -12951114.5603 7371616.0513, -12951040.2995 7371471.5708, -12951005.8783 7371315.6869, -12951007.132 7371046.0066, -12951062.6104 7370550.6042, -12951015.2902 7370403.2865, -12950947.1324 7370332.0905, -12950903.2241 7370310.7512, -12950806.3658 7370299.4806, -12950708.9476 7370328.5858, -12950625.6258 7370394.5854, -12950548.6508 7370545.3178, -12950507.8231 7370848.4009, -12950472.2409 7370965.1459, -12950384.1988 7371121.8045, -12950304.3247 7371208.2401, -12950210.1826 7371273.2393, -12950108.1527 7371312.4735, -12950006.5806 7371322.7301, -12949910.3163 7371305.9296, -12949733.0801 7371213.5272, -12949472.5824 7371028.8628, -12948981.5747 7370711.9988, -12948764.2692 7370549.354, -12948484.7112 7370301.6942, -12948032.6058 7369810.7966, -12947807.0566 7369625.8108, -12946249.5008 7368770.973, -12946004.7312 7368665.6436, -12945809.2195 7368600.182, -12945602.9662 7368556.0713, -12945384.0679 7368548.404, -12945234.6902 7368568.5239, -12945014.8583 7368634.3084, -12944877.7521 7368704.3923, -12944754.0666 7368796.2968, -12944601.2579 7368968.3087, -12944525.6218 7369102.1474, -12944499.0332 7369173.9324, -12944473.6507 7369322.9251, -12944475.6174 7369397.3772, -12944507.3284 7369538.2272, -12944570.454 7369661.3912, -12944786.8314 7369919.9297, -12944897.8238 7370091.4037, -12944946.6528 7370220.2979, -12944977.5574 7370430.5774, -12944982.9245 7371095.3778, -12944948.5508 7371311.0022, -12944924.8334 7371377.1376, -12944855.492 7371494.7106, -12944760.6522 7371588.8278, -12944646.316 7371653.2188, -12944521.5013 7371683.9639, -12944335.6834 7371660.1989, -12944221.9988 7371606.6368, -12943762.0298 7371331.4081, -12943561.4135 7371261.1894, -12943347.2693 7371220.7238, -12942234.4542 7371099.038, -12942005.6893 7371085.0231, -12941769.9339 7371098.7766, -12941299.0905 7371177.6166, -12941143.4086 7371186.574, -12940924.6421 7371153.1388, -12940673.771 7371038.9419, -12940402.8306 7370841.7666, -12940313.942 7370751.8643, -12940245.464 7370652.685, -12940201.089 7370545.6409, -12940185.2485 7370433.3961, -12940196.9549 7370320.2577, -12940230.04 7370209.7546, -12940468.4159 7369718.5468, -12940766.1081 7368989.98219999, -12940854.7288 7368811.6986, -12940927.1046 7368699.9366, -12941015.9361 7368599.1769, -12941122.2151 7368514.2889, -12941565.0473 7368295.0051, -12941809.4915 7368150.2618, -12941973.428 7368014.3423, -12942101.3538 7367849.7847, -12942156.8955 7367724.7635, -12942190.312 7367523.3796, -12942183.949 7367385.8634, -12942142.8638 7367182.5274, -12942038.0756 7366924.0213, -12941830.3956 7366574.025, -12941673.5447 7366361.7977, -12941520.6232 7366230.0682, -12941330.3601 7366145.2996, -12940852.264 7366063.4087, -12940672.9137 7365990.233, -12940575.2548 7365914.7488, -12940327.4004 7365642.1674, -12940130.8556 7365462.6161, -12939744.5772 7365186.6363, -12939567.6419 7365082.6606, -12939436.4147 7365035.3114, -12939228.2466 7364998.0757, -12938726.4193 7364981.8489, -12938605.668 7364947.481, -12938511.1533 7364885.2335, -12938453.5397 7364800.5913, -12938438.5036 7364751.991, -12938433.2891 7364650.3349, -12938459.6389 7364550.7094, -12938514.1236 7364458.197, -12938751.0895 7364214.7843, -12938814.9434 7364122.575, -12938876.9064 7363962.5063, -12938892.6398 7363846.9039, -12938877.8696 7363670.0953, -12938812.3906 7363503.9618, -12938777.2159 7363455.5664, -12938685.7061 7363374.8892, -12938572.9965 7363320.2888, -12938381.3663 7363298.0007, -12938119.5119 7363309.64459999, -12937918.8621 7363345.2648, -12937719.4398 7363414.5527, -12937461.1739 7363547.7441, -12937147.2625 7363755.9446, -12936969.512 7363905.8676, -12936826.3332 7364089.2884, -12936741.7632 7364303.5975, -12936723.6684 7364455.1663, -12936735.6931 7364607.4114, -12936826.9923 7364979.6207, -12936967.4869 7365428.5767, -12937263.9996 7366152.3112, -12937337.6781 7366370.0594, -12937367.2602 7366519.4358, -12937375.942 7366673.0903, -12937358.8241 7366826.4013, -12937313.1299 7366972.1535, -12937241.8494 7367108.2802, -12937152.0894 7367236.0155, -12937050.8833 7367355.8859, -12936883.0989 7367519.4687, -12936568.2248 7367756.6281, -12935932.9303 7368084.5462, -12935736.4451 7368219.9645, -12935619.2416 7368326.9321, -12935515.2655 7368446.4012, -12935244.1407 7368828.9095, -12935143.0832 7368940.6553, -12934968.2926 7369070.5051, -12934841.4455 7369125.7093, -12934645.3596 7369166.2478, -12934380.0027 7369171.5057, -12934041.5653 7369141.0671, -12933777.9181 7369085.7828, -12933529.8505 7369006.0815, -12933291.9861 7368906.3531, -12932368.66 7368451.5307, -12932098.522 7368276.5099, -12931916.7577 7368093.4055, -12931817.0484 7367923.9808, -12931643.4039 7367500.7884, -12931528.1266 7367333.5441, -12931369.2088 7367201.8046, -12931247.0937 7367132.9043, -12931117.3724 7367081.3251, -12930848.3391 7367033.6396, -12930651.6545 7367038.0009, -12930272.4591 7367073.4157, -12930083.3959 7367059.2554, -12929962.4476 7367026.5719, -12929847.0477 7366976.5241, -12929407.2798 7366700.1998, -12929218.7967 7366637.1398, -12929084.1187 7366621.2838, -12928946.8719 7366622.3629, -12928674.2227 7366652.5234, -12927106.8538 7366919.902, -12926979.0017 7366923.0889, -12926861.4758 7366908.1592, -12926755.9031 7366872.6773, -12926665.5076 7366817.4475, -12926575.1057 7366697.5624, -12926547.0204 7366599.6411, -12926544.7991 7366494.4942, -12926566.9486 7366387.9129, -12926610.0837 7366284.10499999, -12926676.2247 7366189.3447, -12926763.8366 7366108.1217, -12926868.5108 7366042.9812, -12927051.0022 7365972.4179, -12927942.5446 7365775.8341, -12928277.7663 7365677.3797, -12928398.4784 7365618.2144, -12928502.9465 7365540.4001, -12928615.0402 7365394.8731, -12928650.4437 7365283.9292, -12928654.6783 7365227.1256, -12928635.8794 7365116.4445, -12928586.5357 7365014.4401, -12928401.8484 7364790.952, -12928341.3089 7364697.0772, -12928299.3567 7364594.7825, -12928285.2145 7364487.8975, -12928316.8072 7364330.7815, -12928670.332 7363453.3831, -12928757.3826 7363158.0453, -12928762.9992 7363035.6431, -12928730.2302 7362853.7347, -12928514.255 7362365.4827, -12928497.7013 7362255.5789, -12928515.3281 7362092.1061, -12928594.111 7361814.5225, -12928645.7975 7361707.5744, -12928715.0583 7361613.4105, -12929235.6588 7361137.3276, -12929517.6774 7360923.1443, -12929669.8734 7360832.8404, -12929833.5278 7360759.3178, -12930008.3222 7360727.0308, -12930124.0226 7360739.6061, -12930231.3386 7360780.1329, -12930370.894 7360879.7371, -12930497.2263 7361007.519, -12930697.4625 7361249.2847, -12930847.6978 7361366.6334, -12931030.1525 7361418.0135, -12931395.926 7361435.72119999, -12931569.5602 7361496.5815, -12931722.1416 7361609.3564, -12932035.8531 7361949.5299, -12932233.3781 7362139.1677, -12932396.5526 7362270.8837, -12932808.5537 7362555.8879, -12932978.3569 7362697.9177, -12933130.3415 7362860.8424, -12933361.9661 7363153.1227, -12933468.5772 7363253.4502, -12933589.0318 7363329.0787, -12933719.1651 7363376.77839999, -12933917.7568 7363389.1866, -12934046.2473 7363358.4934, -12934164.9548 7363302.5642, -12934393.7245 7363165.2174, -12934498.7166 7363084.9828, -12934586.9929 7362990.0016, -12934654.4886 7362882.4736, -12934697.6415 7362766.1591, -12934712.7306 7362644.5829, -12934679.996 7362464.7698, -12934622.5346 7362355.5795, -12934012.7242 7361662.211, -12933946.6919 7361561.3371, -12933880.4636 7361399.84969999, -12933859.3884 7361233.4526, -12933890.4925 7361008.5071, -12933990.6397 7360725.1025, -12934084.8728 7360575.9821, -12934217.2255 7360476.7464, -12934376.6543 7360443.0359, -12934487.35 7360457.1963, -12934767.6515 7360549.9023, -12934949.5197 7360594.9413, -12935348.7147 7360641.3849, -12935559.9874 7360626.9023, -12936121.3271 7360505.9008, -12936452.841 7360399.25020001, -12936575.4356 7360341.3992, -12936742.4449 7360235.6335, -12936839.7381 7360149.3676, -12936917.4763 7360045.8371, -12936985.9957 7359861.5025, -12936993.2799 7359728.583, -12936964.7476 7359597.3405, -12936908.2006 7359471.483, -12936783.7591 7359299.4286, -12936625.913 7359153.3566, -12936038.0855 7358669.1746, -12935584.5263 7358265.7913, -12935389.9898 7358080.7232, -12935257.2291 7357927.1954, -12935183.9167 7357814.4771, -12935129.5935 7357693.5788, -12935011.9407 7357228.9969, -12934936.3996 7357026.6349, -12934830.0204 7356836.975, -12934689.6578 7356674.3429, -12934577.0391 7356584.6272, -12934449.6967 7356517.9683, -12934239.6569 7356468.7104, -12934095.1986 7356469.1845, -12933951.3291 7356489.7006, -12933458.5396 7356626.1905, -12933245.1635 7356657.0683, -12933040.0094 7356642.0679, -12932917.7874 7356599.933, -12932808.2329 7356535.6914, -12932676.8476 7356401.4215, -12932591.2197 7356233.4836, -12932541.6863 7356047.4697, -12932467.8816 7355587.3045, -12932353.4827 7355208.3855, -12932233.1519 7354978.6206, -12932038.7853 7354723.1772, -12931584.2375 7354278.8528, -12930769.1194 7353581.3609, -12930098.6701 7352974.9574, -12929354.1564 7352408.1342, -12929169.1576 7352289.78809999, -12928974.5789 7352193.7556, -12928632.7347 7352083.5356, -12928420.7611 7352044.4753, -12928205.8355 7352024.8599, -12927636.6173 7352035.263, -12927354.4347 7352064.2376, -12927143.1999 7352102.3559, -12926792.2421 7352217.437, -12926526.7367 7352359.7401, -12926286.5877 7352548.4502, -12926027.5396 7352837.9795, -12925846.1328 7353103.5019, -12925690.195 7353394.7099, -12925076.1207 7354759.8151, -12924884.7381 7355218.2025, -12924786.7888 7355537.1154, -12924619.392 7356343.9929, -12924532.5792 7356661.0686, -12924175.4164 7357714.0648, -12923828.434 7358941.7319, -12923718.8456 7359249.0505, -12923623.483 7359468.0069, -12923458.4664 7359736.883, -12923081.7464 7360151.4158, -12922602.1605 7360604.9153, -12922412.9683 7360758.9214, -12922213.4986 7360895.3691, -12922000.0865 7361011.7956, -12921704.4518 7361134.2217, -12921478.7525 7361198.1143, -12921177.4271 7361245.2952, -12920733.5807 7361258.5823, -12920139.4385 7361217.308, -12919773.4176 7361139.5331, -12919567.0721 7361065.8688, -12919374.4444 7360975.3779, -12919347.2097 7361159.9455, -12919145.9962 7360761.7848, -12919050.1403 7360647.351, -12918868.7562 7360473.1918, -12918780.8974 7360355.2574, -12918712.0518 7360177.5237, -12918639.3013 7359794.1109, -12918577.1093 7359664.2911, -12918115.9684 7359186.7122, -12918029.8686 7359068.4459, -12917882.2122 7358810.8053, -12917803.0935 7358624.2553, -12917752.6948 7358375.4865, -12917739.5528 7358012.7953, -12917744.4204 7357508.8576, -12917712.4036 7357089.0696, -12917732.6779 7356696.3767, -12917713.6952 7356586.0424, -12917589.7444 7356272.9255, -12917546.2119 7356113.615, -12917542.9945 7356011.1875, -12917571.7231 7355920.3931, -12917630.1381 7355847.8396, -12917748.8647 7355765.9237, -12917838.258 7355724.5881, -12917984.4099 7355683.3075, -12918139.168 7355679.9998, -12918557.0526 7355752.0385, -12918652.7507 7355742.8292, -12918734.2243 7355708.0797, -12919196.265 7355315.8312, -12919441.9427 7355077.9778, -12919530.1811 7354956.1413, -12919745.4141 7354590.01519999, -12919785.8927 7354439.7543, -12919776.897 7354340.4465, -12919722.8784 7354104.5576, -12919712.1059 7353862.0764, -12919685.3792 7353715.3092, -12919625.487 7353577.7426, -12919528.1921 7353457.782, -12919403.5497 7353355.0583, -12919308.4615 7353298.373, -12919152.49 7353232.5413, -12919038.1065 7353213.3989, -12918920.0702 7353230.3922, -12918697.4594 7353330.831, -12918589.6964 7353364.8726, -12918538.9842 7353370.8716, -12918451.7992 7353357.2997, -12918381.5449 7353316.3364, -12918325.8975 7353256.3586, -12918263.494 7353139.9501, -12918221.5607 7353008.1614, -12918177.359 7352682.198, -12918116.6209 7352410.2605, -12918108.0707 7352272.0289, -12918134.3735 7352083.7288, -12918225.6931 7351771.9199, -12918235.514 7351592.6754, -12918272.2666 7351370.2176, -12918268.6864 7351232.9037, -12918218.4381 7351051.5675, -12918100.1423 7350799.0691, -12917887.2781 7350264.826, -12917864.7186 7350170.4624, -12917860.4229 7350076.1798, -12917899.4236 7349944.109, -12918072.8346 7349725.4318, -12918127.3352 7349601.5221, -12918129.1078 7349512.1667, -12918076.4745 7349247.903, -12918068.7661 7349116.4632, -12918107.3206 7348992.5854, -12918314.8642 7348746.2057, -12918372.7114 7348619.9758, -12918385.6567 7348480.648, -12918380.7557 7348048.8923, -12918339.9328 7347604.0201, -12918309.7964 7347453.1674, -12918001.5183 7346773.4697, -12917971.2043 7346622.8155, -12917983.5147 7346527.6446, -12918027.259 7346447.3662, -12918061.5465 7346417.4119, -12918149.7861 7346387.1889, -12918199.768 7346388.6573, -12918302.5526 7346423.6012, -12918658.5591 7346680.5645, -12918772.3065 7346733.8955, -12918886.9733 7346752.4445, -12918991.2496 7346733.447, -12919036.2888 7346710.6475, -12919105.5144 7346641.0806, -12919153.7808 7346499.3851, -12919164.7581 7346184.3942, -12919137.7122 7345745.3736, -12919152.6115 7345523.3732, -12919200.4533 7345367.3681, -12919290.1612 7345234.26, -12919411.2745 7345121.50419999, -12919686.8629 7344915.1091, -12919934.5876 7344678.2669, -12920069.1553 7344576.4921, -12920229.2118 7344524.2705, -12920347.5597 7344529.51780001, -12920659.2662 7344578.5183, -12920843.5734 7344566.0635, -12920952.2354 7344523.1248, -12921041.6791 7344455.3698, -12921110.0857 7344370.0069, -12921144.7851 7344271.4888, -12921130.4928 7344172.7856, -12921075.3074 7344085.3204, -12920783.9732 7343810.4544, -12920619.241 7343635.3337, -12920423.8046 7343398.7588, -12920281.9647 7343195.4335, -12920185.7304 7342970.0387, -12920116.0767 7342604.485, -12920045.3643 7342425.7972, -12919960.7458 7342321.1885, -12919655.6697 7342040.8678, -12919548.3974 7341871.8667, -12919500.4738 7341687.8468, -12919507.4846 7341566.1322, -12919541.9655 7341452.0398, -12919644.0602 7341308.6406, -12919796.1019 7341219.2008, -12919974.6603 7341179.6784, -12920290.7449 7341162.7974, -12920410.0142 7341128.7179, -12920463.8327 7341099.2286, -12920512.0484 7341061.6533, -12920589.7147 7340967.3137, -12920673.7059 7340803.5413, -12920740.4144 7340705.722, -12920827.008 7340627.2528, -12920932.7085 7340575.6941, -12921111.8823 7340536.59350001, -12921305.0526 7340522.5795, -12922309.5013 7340534.1008, -12922566.1671 7340489.8624, -12922742.726 7340416.4049, -12922944.4536 7340267.9436, -12923067.0768 7340129.0215, -12923132.1603 7340023.1885, -12923181.7653 7339909.0428, -12923320.1754 7339494.5872, -12923426.1679 7339345.8301, -12923523.5463 7339275.3753, -12923694.8706 7339209.8899, -12923879.4867 7339189.9558, -12924069.3511 7339220.1388, -12924504.9059 7339382.4936, -12924627.8435 7339385.30479999, -12924684.9905 7339371.227, -12924781.8933 7339312.757, -12924844.1287 7339222.0358, -12924865.9407 7339113.2531, -12924822.5283 7338701.7906, -12924836.4225 7338461.7813, -12924895.625 7338299.0871, -12925015.5936 7338182.2442, -12925120.2914 7338137.9634, -12925236.1368 7338118.9097, -12925355.8895 7338123.8652, -12925663.9449 7338183.5672, -12925787.2606 7338192.8706, -12925907.284 7338184.892, -12926079.6428 7338151.67, -12926237.8616 7338090.0474, -12926323.9389 7338021.9421, -12926382.2331 7337932.3109, -12926413.7152 7337830.1078, -12926415.1979 7337724.5259, -12926379.6978 7337568.9051, -12926304.9696 7337367.01039999, -12926212.6823 7337174.9152, -12925996.138 7336811.5654, -12925765.6895 7336503.4451, -12925653.0968 7336376.1084, -12925033.5716 7335775.1157, -12924563.5749 7335394.0097, -12923617.5858 7334708.5299, -12923495.7491 7334643.8478, -12923162.9049 7334529.5476, -12923050.6377 7334461.0906, -12922962.8377 7334372.9838, -12922875.3076 7334214.5904, -12922764.1006 7333724.3531, -12922716.2408 7333601.998, -12922649.7344 7333485.0098, -12922520.412 7333321.6849, -12922187.2969 7332958.782, -12921870.5582 7332585.7442, -12921544.7247 7332137.222, -12921436.8164 7331957.77, -12921350.3391 7331767.9048, -12921314.4035 7331638.0489, -12921308.0251 7331511.1127, -12921359.8579 7331345.9861, -12921426.6499 7331264.5176, -12921468.5701 7331237.7409, -12921560.9176 7331211.5134, -12922820.4513 7331276.0049, -12923019.8875 7331256.4838, -12923423.0529 7331187.652, -12923641.4316 7331182.0354, -12923865.3414 7331227.632, -12924305.2661 7331424.2842, -12924455.302 7331478.1376, -12924609.0055 7331504.7892, -12924762.5295 7331503.8968, -12924990.4146 7331471.6486, -12925681.4069 7331327.2572, -12925922.9435 7331316.2685, -12926334.2874 7331342.3747, -12926576.4621 7331317.1402, -12926727.3069 7331268.6151, -12926864.8014 7331195.6652, -12926987.0553 7331103.967, -12927145.0893 7330943.8694, -12927305.9553 7330699.2898, -12927363.6606 7330568.6666, -12927425.624 7330367.0187, -12927450.043 7330230.0212, -12927453.9954 7330093.2952, -12927434.8675 7329960.4098, -12927392.9001 7329834.6754, -12927286.6288 7329667.7803, -12927187.7761 7329577.6054, -12927071.0877 7329507.4365, -12926749.2491 7329374.9944, -12926567.2866 7329280.2903, -12926354.5439 7329116.3757, -12926226.2521 7328963.8498, -12926064.9987 7328668.9192, -12925657.7699 7327797.0167, -12925592.0754 7327532.4543, -12925583.9991 7327192.97, -12925661.092 7326492.2935, -12925743.3104 7326061.2404, -12925887.8086 7325658.3768, -12926113.7767 7325221.2021, -12926678.6929 7324363.9894, -12926740.7128 7324331.9859, -12926828.6521 7324326.8979, -12926984.1761 7324386.5241, -12926974.2896 7324338.4322, -12927020.0475 7324219.7007, -12927012.345 7324203.4222, -12927030.1106 7324181.20489999, -12927033.274 7324147.6347, -12927012.9228 7324112.2686, -12927063.5679 7324047.3903, -12927075.8781 7323943.0172, -12927163.7796 7323919.5911, -12927179.8197 7323962.6667, -12927223.2784 7323995.8053, -12927223.785 7324020.1825, -12927247.0215 7324028.4317, -12927236.5982 7324048.5243, -12927245.6652 7324096.4005, -12927289.0715 7324123.2997, -12927319.2623 7324109.107, -12927323.4912 7324090.5307, -12927374.4773 7324048.8758, -12927428.0007 7324065.7351, -12927465.3508 7324044.7034, -12927494.6363 7324066.9766, -12927556.2782 7324072.9225, -12927571.6765 7324050.8667, -12927610.1705 7324035.198, -12927610.5017 7324014.2496, -12927626.0991 7324004.9057, -12927637.5988 7323903.5222, -12927598.6667 7323806.4302, -12927583.5423 7323706.1478, -12927601.804 7323672.6581, -12927632.0511 7323658.6787, -12927689.2761 7323674.8761, -12927761.9398 7323646.1555, -12927803.7052 7323672.5757, -12927882.306 7323764.9224, -12927892.3157 7323801.5932, -12927909.632 7323805.4359, -12927897.4454 7323809.8375, -12927979.0634 7323849.5307, -12928010.2709 7323909.3513, -12928088.4724 7323943.3837, -12928142.2824 7324012.8085, -12928165.3234 7324019.623, -12928168.7087 7324088.1005, -12928200.6893 7324147.3415, -12928366.865 7324164.8301, -12928395.3727 7324139.7296, -12928398.8246 7324090.9719, -12928512.3251 7324070.9902, -12928548.3333 7324079.2158, -12928639.8934 7324036.29039999, -12928655.6467 7324040.7172, -12928688.8363 7324025.0526, -12928753.4912 7323928.9941, -12928806.798 7323934.0614, -12928864.0961 7324011.00639999, -12928949.9234 7324027.9854, -12928891.174 7324071.431, -12929003.6068 7324170.9176, -12929084.5918 7324168.338, -12929156.7002 7324140.4061, -12929219.563 7324082.2831, -12929250.7136 7324146.8171, -12929352.961 7324180.6872, -12929339.5501 7324238.71809999, -12929370.8352 7324300.0797, -12929440.9043 7324318.18289999, -12929546.9548 7324262.0867, -12929615.5385 7324075.7902, -12929654.9076 7324016.3336, -12929691.211 7323993.6836, -12929741.0358 7323999.0569, -12930635.295 7324335.8425, -12931075.9488 7324475.8639, -12931665.3366 7324623.0911, -12931887.0963 7324663.0421, -12932107.1306 7324682.9827, -12932317.9992 7324661.7924, -12932515.0502 7324603.5313, -12933051.1778 7324332.5682, -12933298.7952 7324336.0885, -12933333.6274 7324360.0849, -12933383.0282 7324306.9441, -12933447.683 7324309.1403, -12933500.3902 7324344.5189, -12933564.0044 7324321.111, -12933694.7021 7324325.0427, -12933749.2315 7324303.0539, -12933821.0154 7324309.2643, -12933848.5255 7324297.3409, -12933852.7779 7324275.7938, -12933947.0932 7324197.1427, -12933990.6465 7324216.967, -12933981.978 7324226.8144, -12934014.942 7324252.2626, -12934052.2261 7324255.5737, -12934039.4206 7324206.4927, -12933968.9893 7324141.2505, -12933945.8525 7324098.292, -12933958.0452 7323994.0784, -12933969.8796 7323987.0339, -12933961.7246 7323939.7874, -12933974.4216 7323944.3002, -12933977.1715 7323912.6129, -12933953.3708 7323870.1338, -12933966.2672 7323853.9392, -12933925.187 7323808.5434, -12933908.8124 7323766.8475, -12933937.4996 7323728.4625, -12933930.2593 7323689.7981, -12933967.8922 7323651.9632, -12934064.4667 7323682.5547, -12934139.2279 7323644.5095, -12934186.1392 7323665.1127, -12934200.4387 7323655.1659, -12934268.2903 7323658.9916, -12934276.9681 7323680.6714, -12934309.8859 7323699.4173, -12934293.0622 7323741.6915, -12934313.5737 7323795.4634, -12934284.473 7323849.3292, -12934308.2057 7323893.4986, -12934311.4512 7323981.414, -12934338.7599 7323999.7292, -12934337.6333 7324044.3794, -12934350.0449 7324063.029, -12934329.6598 7324135.3805, -12934314.4441 7324146.2616, -12934275.44 7324141.8829, -12934272.4187 7324204.9629, -12934289.2606 7324243.8238, -12934315.0632 7324241.1254, -12934343.5637 7324274.4614, -12934409.1042 7324312.1596, -12934455.801 7324301.6683, -12934472.4228 7324319.9512, -12934502.1679 7324316.7166, -12934535.1634 7324338.64769999, -12934540.2334 7324382.7322, -12934516.3188 7324403.4301, -12934522.8024 7324418.878, -12934508.0347 7324433.0103, -12934505.1591 7324489.2319, -12934493.3569 7324502.7407, -12934534.318 7324522.8748, -12934437.7017 7324597.9357, -12934421.6133 7324624.0761, -12934383.9256 7324588.0711, -12934297.7886 7324589.0085, -12934218.9366 7324572.3123, -12934200.171 7324607.8685, -12934210.3066 7324643.2335, -12934274.2391 7324686.6834, -12934368.47 7324699.0882, -12934371.5572 7324744.8737, -12934482.0054 7324754.1689, -12934550.4049 7324817.6481, -12934649.7062 7324789.9388, -12934688.3297 7324762.7112, -12934822.3087 7324729.8675, -12934889.6604 7324692.6693, -12934992.3193 7324709.7887, -12935034.6963 7324740.5918, -12935067.3092 7324720.059, -12935083.3185 7324728.3461, -12935238.7377 7324546.3509, -12935218.9454 7324531.935, -12935221.4546 7324515.6312, -12935279.6958 7324483.2428, -12935306.9045 7324497.2484, -12935313.8655 7324436.6786, -12935365.2683 7324434.6648, -12935395.4576 7324382.0327, -12935428.4707 7324369.8855, -12935437.6037 7324349.7123, -12935499.7158 7324335.9801, -12935508.0162 7324314.3579, -12935562.5704 7324297.7657, -12935588.3606 7324322.8869, -12935552.076 7324346.5193, -12935561.0911 7324389.4502, -12935552.458 7324450.6288, -12935529.6463 7324456.2093, -12935525.4227 7324438.6414, -12935493.6069 7324467.5316, -12935439.7677 7324471.8234, -12935416.5361 7324558.24099999, -12935426.3631 7324593.1461, -12935456.3938 7324610.3975, -12935459.4456 7324628.137, -12935496.0229 7324620.4848, -12935518.225 7324631.2708, -12935518.7531 7324618.1528, -12935549.6049 7324637.5114, -12935526.6667 7324697.521, -12935541.2891 7324705.7026, -12935569.3351 7324777.4669, -12935521.2353 7324844.1147, -12935539.9233 7324851.8281, -12935526.9493 7324868.9316, -12935542.4651 7324894.415, -12935577.2204 7324886.47469999, -12935603.2699 7324911.1722, -12935640.4318 7324903.1093, -12935659.5068 7324921.7404, -12935699.6122 7324906.52269999, -12935750.5815 7324925.7801, -12935745.7917 7324970.5737, -12935786.5203 7324966.2691, -12935798.0955 7324978.0958, -12935781.2238 7324987.1492, -12935775.6262 7325026.1024, -12935750.3105 7325048.9464, -12935762.3506 7325110.4669, -12935783.5047 7325130.3637, -12935859.7649 7325123.0333, -12935909.5937 7325153.13840001, -12935967.282 7325114.2353, -12936004.7819 7325116.3962, -12936069.0769 7325081.9836, -12936116.8728 7325101.233, -12936117.4825 7325134.8013, -12936133.1819 7325151.407, -12936124.948 7325174.81229999, -12936098.3207 7325180.2013, -12936095.8679 7325176.9998, -12936097.4914 7325182.2052, -12936098.3207 7325180.2013, -12936194.6567 7325305.9394, -12936193.1998 7325306.6928, -12936197.6615 7325309.8613, -12936194.6567 7325305.9394, -12936271.2693 7325279.0698, -12936283.1183 7325260.59, -12936312.2165 7325264.0019, -12936353.465 7325231.425, -12936398.0468 7325226.0252, -12936411.4891 7325194.3155, -12936437.1187 7325202.4369, -12936451.5329 7325187.0915, -12936475.5019 7325190.1039, -12936474.9729 7325160.749, -12936422.765 7325159.0388, -12936409.9074 7325137.599, -12936449.6033 7325131.3625, -12936448.7211 7325119.13, -12936500.0391 7325076.4276, -12936538.7116 7325068.9335, -12936538.2528 7324995.6208, -12936557.4163 7324970.1004, -12936593.6947 7324950.1551, -12936666.4849 7324946.2349, -12936702.4302 7324964.1332, -12936722.1971 7324997.4422, -12936745.9769 7325000.2752, -12936779.8311 7325054.9904, -12936732.6721 7325098.3535, -12936684.7058 7325085.0575, -12936663.0295 7325124.4258, -12936678.8024 7325164.6348, -12936745.184 7325179.941, -12936737.8334 7325298.1515, -12936774.6412 7325322.152, -12936869.7211 7325309.2201, -12936898.9838 7325317.6244, -12936917.024 7325346.3855, -12936903.818 7325368.5774, -12936926.0691 7325428.3305, -12936921.8021 7325433.9337, -12936926.1686 7325429.1688, -12936926.0691 7325428.3305, -12937065.9149 7325875.0136, -12938220.658 7324648.5985, -12938974.536 7324500.936, -12939043.1781 7324553.7005, -12939079.5248 7324602.9293, -12939093.1463 7324590.8762, -12939105.7116 7324599.9306, -12939123.0025 7324632.3382, -12939140.1566 7324633.532, -12939139.6161 7324648.7649, -12939095.1758 7324695.4028, -12939129.8152 7324698.8874, -12939129.0048 7324714.9092, -12939103.7421 7324731.7034, -12939070.5363 7324729.7783, -12939070.7456 7324756.5942, -12939032.1334 7324742.5858, -12939022.5077 7324757.0713, -12939032.8545 7324791.7087, -12939069.9596 7324799.469, -12939107.7744 7324830.6724, -12939123.4902 7324877.9098, -12939116.4964 7324898.2297, -12939098.7726 7324894.7717, -12939092.9042 7324924.7026, -12939070.3916 7324916.6933, -12939058.4229 7324930.6695, -12939021.4389 7324931.3891, -12939029.2988 7324953.7888, -12939009.0537 7324950.3081, -12939005.59 7324966.1015, -12938947.4452 7324965.7643, -12938903.4685 7324983.03369999, -12938894.7476 7324999.8232, -12938900.6054 7325015.7041, -12938967.526 7325044.6753, -12938955.9721 7325063.9795, -12938942.1042 7325057.7635, -12938931.2199 7325086.305, -12938948.8124 7325096.0451, -12938954.1458 7325129.6823, -12938990.9044 7325141.1404, -12938998.4589 7325195.0667, -12939034.5654 7325241.3594, -12939000.2009 7325247.45970001, -12939001.2602 7325268.6089, -12939024.3591 7325277.5216, -12939023.8506 7325293.7467, -12939058.7882 7325297.2031, -12939068.7808 7325312.3196, -12939053.3755 7325307.6405, -12939031.3451 7325351.3775, -12939008.1106 7325331.7076, -12938994.6014 7325362.7827, -12938973.7023 7325369.7341, -12938958.5438 7325411.0499, -12938980.8864 7325423.2096, -12938951.8793 7325473.948, -12938936.1263 7325464.0764, -12938886.1295 7325473.6005, -12938857.687 7325447.2887, -12938865.0173 7325532.9995, -12938846.0904 7325546.3122, -12938825.3723 7325528.6456, -12938803.3836 7325540.183, -12938786.2354 7325523.3297, -12938775.8591 7325557.9102, -12938781.8573 7325566.9372, -12938794.3695 7325558.0599, -12938826.3567 7325581.7573, -12938821.8879 7325594.1806, -12938842.9782 7325596.3567, -12938838.5393 7325626.8183, -12938868.8556 7325666.056, -12938850.1234 7325686.4957, -12938846.8368 7325734.7706, -12938874.6932 7325727.5075, -12938893.1827 7325769.7168, -12938861.5371 7325787.1726, -12938845.4499 7325772.07989999, -12938821.9022 7325783.6084, -12938779.4735 7325766.8846, -12938759.7685 7325804.5427, -12938732.2127 7325793.1463, -12938717.624 7325806.2842, -12938693.7719 7325803.5486, -12938681.0699 7325864.7072, -12938652.0244 7325866.8677, -12938618.8498 7325848.0401, -12938608.4876 7325854.262, -12938582.9777 7325827.1287, -12938590.416 7325796.064, -12938558.2593 7325793.1265, -12938542.8821 7325779.1005, -12938541.2176 7325748.776, -12938525.2774 7325754.8101, -12938534.9154 7325831.7815, -12938524.946 7325882.80219999, -12938547.3654 7325898.8214, -12938551.9979 7325937.9726, -12938541.5149 7325956.2297, -12938513.5947 7325944.7086, -12938497.092 7325986.4532, -12938506.5864 7325993.1695, -12938545.7284 7325972.2791, -12938562.1858 7325981.2822, -12938573.4011 7326024.4034, -12938536.1301 7326031.1001, -12938532.9918 7326046.9125, -12938551.8698 7326068.9012, -12938592.2127 7326080.9519, -12938601.8038 7326073.7092, -12938595.612 7326046.7576, -12938677.0088 7326026.7944, -12938659.234 7326069.7262, -12938703.9313 7326085.1493, -12938734.955 7326145.9738, -12938705.8678 7326176.1239, -12938743.9326 7326178.5158, -12938762.8138 7326240.5899, -12938794.8693 7326244.752, -12938777.7751 7326268.1477, -12938794.2467 7326294.7231, -12938785.5407 7326320.5999, -12938756.2221 7326298.4928, -12938747.0326 7326311.3622, -12938709.3809 7326303.4324, -12938729.702 7326333.9201, -12938708.6255 7326352.3959, -12938670.6436 7326337.3855, -12938665.0648 7326314.2266, -12938634.0415 7326306.5067, -12938624.6494 7326268.3168, -12938603.5381 7326265.7496, -12938584.0907 7326304.9641, -12938595.1763 7326329.71, -12938587.1391 7326353.5217, -12938557.0729 7326359.8106, -12938541.2792 7326382.559, -12938767.5035 7326508.8464, -12938787.6226 7326554.2068, -12938775.2768 7326571.2257, -12938782.5715 7326581.4007, -12938766.1272 7326592.9143, -12938773.101 7326614.7658, -12938785.0312 7326616.0427, -12938802.2316 7326655.647, -12938827.7631 7326650.1039, -12938838.0003 7326688.5747, -12938812.6519 7326711.6207, -12938826.0547 7326793.6567, -12938778.4541 7326791.7431, -12938768.7959 7326819.6364, -12938737.3191 7326833.2789, -12938730.9064 7326952.757, -12938702.301 7326982.8692, -12938726.5386 7327029.0723, -12938722.3471 7327071.8236, -12938735.6906 7327057.273, -12938766.8975 7327068.1963, -12938772.9022 7327047.1469, -12938792.2742 7327042.7033, -12938795.2287 7327020.6651, -12938828.1626 7327019.7851, -12938861.0496 7326994.0756, -12938881.7995 7326934.725, -12938904.8681 7326920.4072, -12938889.8573 7326904.3453, -12938942.0329 7326859.1796, -12938919.8948 7326826.609, -12938928.7526 7326811.0494, -12938959.9878 7326809.0866, -12938989.8447 7326825.2988, -12938986.7349 7326802.038, -12939014.0532 7326778.6289, -12939014.251 7326762.6583, -12939054.9585 7326753.6996, -12939060.0259 7326723.5608, -12939045.4468 7326677.3922, -12939066.147 7326658.899, -12939058.5484 7326573.8206, -12939111.3503 7326490.8275, -12939161.4759 7326484.2317, -12939174.6907 7326511.9437, -12939201.6002 7326497.3384, -12939198.712 7326517.655, -12939253.3489 7326590.8989, -12939276.5069 7326583.2666, -12939287.6308 7326553.3955, -12939312.9628 7326537.3364, -12939392.0727 7326553.0667, -12939420.7279 7326506.4078, -12939416.2297 7326466.198, -12939356.3891 7326444.2139, -12939411.2187 7326427.0237, -12939440.3758 7326344.4883, -12939383.1282 7326285.6756, -12939349.7559 7326281.8146, -12939361.0392 7326260.7279, -12939352.9239 7326253.4967, -12939341.0358 7326251.2611, -12939331.3343 7326270.6188, -12939324.7737 7326261.7085, -12939278.5354 7326277.163, -12939266.0601 7326258.83690001, -12939250.2318 7326263.4225, -12939257.7948 7326222.4031, -12939228.4071 7326159.3575, -12939195.5479 7326172.2405, -12939168.5506 7326158.8587, -12939148.701 7326183.1296, -12939130.1168 7326171.623, -12939120.8629 7325995.7859, -12939098.7372 7325948.4294, -12939121.4114 7325926.3923, -12939110.0843 7325893.6681, -12939139.7188 7325883.8691, -12939155.4634 7325861.2175, -12939167.3824 7325878.9007, -12939237.6172 7325866.7072, -12939312.6282 7325909.0432, -12939356.7998 7325893.5955, -12939362.8607 7325906.1856, -12939384.1238 7325873.8367, -12939337.1805 7325856.3011, -12939364.6936 7325821.5116, -12939357.9016 7325747.2148, -12939373.502 7325740.0185, -12939352.3537 7325696.7698, -12939382.6082 7325648.3492, -12939375.9033 7325641.029, -12939393.9299 7325624.069, -12939450.1927 7325633.7532, -12939446.5729 7325662.2329, -12939483.2778 7325693.3749, -12939461.463 7325723.2552, -12939467.5956 7325738.7181, -12939502.9428 7325725.1969, -12939576.1791 7325614.7066, -12939512.9754 7325589.2559, -12939476.8172 7325557.5412, -12939551.7328 7325527.996, -12939553.1579 7325502.2652, -12939573.4426 7325479.98, -12939634.2752 7325489.0811, -12939642.2797 7325475.50199999, -12939669.6577 7325474.5382, -12939685.5588 7325480.3672, -12939697.3208 7325511.0857, -12939684.7177 7325532.2292, -12939639.8797 7325534.7823, -12939617.3244 7325550.1647, -12939663.5657 7325647.2975, -12939626.9833 7325667.2334, -12939623.8543 7325696.4846, -12939567.3827 7325738.3928, -12939580.9189 7325746.6954, -12939644.1484 7325735.8634, -12939667.6405 7325746.5178, -12939816.8649 7325685.0834, -12939864.3207 7325684.8218, -12939876.7902 7325717.1567, -12939894.6089 7325709.0808, -12939912.7797 7325727.6856, -12939900.8752 7325853.6024, -12939919.6563 7325889.1881, -12939914.432 7325925.0093, -12939921.9894 7325915.634, -12939941.1121 7325927.2338, -12939954.9314 7325913.8743, -12939965.8593 7325850.9412, -12939958.7154 7325728.8889, -12939978.8156 7325701.5467, -12939976.5288 7325801.6365, -12940002.5385 7325829.6673, -12940002.7814 7325858.0717, -12940081.3272 7325900.6627, -12940080.6597 7325916.5964, -12940105.0182 7325907.7769, -12940117.185 7325880.7941, -12940164.7373 7325872.4935, -12940193.311 7325883.4353, -12940223.1998 7325917.7964, -12940220.7283 7325950.5255, -12940270.6618 7325972.0779, -12940298.4785 7325999.93330001, -12940291.2715 7326010.0253, -12940313.6444 7326017.7942, -12940321.2715 7326049.8218, -12940356.9729 7326063.7258, -12940350.2456 7326111.9417, -12940389.478 7326115.2769, -12940420.8008 7326158.8048, -12940484.3867 7326184.5898, -12940491.6184 7326223.7727, -12940543.4925 7326220.0838, -12940511.9354 7326176.4282, -12940552.3742 7326170.3343, -12940580.7875 7326213.0533, -12940632.3017 7326183.6434, -12940660.2754 7326231.0042, -12940636.2028 7326275.507, -12940657.1325 7326290.8837, -12940724.6371 7326279.5488, -12940749.571 7326294.366, -12940773.8589 7326322.965, -12940764.6762 7326391.008, -12940780.4484 7326395.7613, -12940809.1479 7326372.1258, -12940858.3163 7326399.9205, -12940882.5821 7326473.3378, -12940874.3936 7326522.5228, -12940892.5655 7326567.634, -12940939.932 7326558.1091, -12940970.1939 7326532.6416, -12941016.0964 7326582.4196, -12941040.3518 7326551.5658, -12941005.9373 7326463.3265, -12940979.8022 7326438.444, -12940962.3659 7326444.4867, -12940948.1689 7326420.39239999, -12940946.0151 7326394.4057, -12940971.8196 7326386.3094, -12941025.5585 7326422.5218, -12941077.5931 7326499.1563, -12941111.2391 7326627.6508, -12941147.0436 7326631.7508, -12941180.405 7326617.4209, -12941221.4194 7326512.5134, -12941253.6178 7326497.8418, -12941288.6461 7326512.83, -12941312.7822 7326630.4128, -12941347.9718 7326652.7825, -12941374.8255 7326638.8258, -12941387.4059 7326601.2649, -12941368.1028 7326516.3931, -12941426.3348 7326490.4149, -12941462.2718 7326498.9589, -12941483.8865 7326542.7091, -12941528.5046 7326517.7168, -12941554.5728 7326518.6786, -12941657.4102 7326454.1562, -12941624.7603 7326396.9984, -12941648.5905 7326371.4061, -12941738.0871 7326362.2526, -12941759.9069 7326396.5386, -12941791.994 7326414.1008, -12941840.0496 7326412.8432, -12941877.0806 7326395.7852, -12941893.9715 7326363.6289, -12941962.547 7326346.0756, -12941975.0688 7326360.9015, -12941965.8138 7326434.6693, -12942008.2894 7326477.2121, -12942056.0386 7326472.9493, -12942070.2409 7326498.7174, -12942141.795 7326477.7245, -12942144.3996 7326449.5563, -12942180.9324 7326400.4811, -12942176.5207 7326367.4622, -12942147.785 7326337.2225, -12942158.7124 7326293.4865, -12942138.2451 7326273.5328, -12942133.1797 7326244.463, -12942015.8172 7326188.1363, -12941981.2239 7326150.1112, -12941967.2755 7326104.0211, -12941966.3096 7326078.9212, -12941987.3354 7326045.9142, -12942003.1608 7326041.2271, -12942055.0887 7325968.9153, -12942090.3272 7325892.9149, -12942106.5274 7325893.0621, -12942068.7047 7325811.8278, -12942101.7131 7325795.5924, -12942169.5376 7325843.3419, -12942207.6867 7325849.7268, -12942340.5789 7325766.8249, -12942332.2229 7325718.4428, -12942300.0811 7325738.8664, -12942252.1418 7325685.4168, -12942315.2585 7325667.0068, -12942366.0364 7325609.6732, -12942397.847 7325625.8659, -12942446.2718 7325575.2872, -12942510.5706 7325561.6249, -12942546.3306 7325568.0805, -12942584.3624 7325544.1122, -12942592.8886 7325467.6724, -12942602.921 7325464.0035, -12942566.9024 7325458.0281, -12942551.9187 7325436.0974, -12942591.6706 7325413.6811, -12942593.5535 7325381.9037, -12942613.7038 7325369.2356, -12942603.6663 7325343.5797, -12942616.6348 7325341.1304, -12942612.4934 7325411.0897, -12942631.3977 7325437.8081, -12942710.9564 7325435.4702, -12942770.8488 7325405.1462, -12942769.3339 7325436.4275, -12942802.6681 7325507.1543, -12942778.6634 7325588.1719, -12942725.938 7325653.0648, -12942724.2165 7325675.0466, -12942749.9152 7325690.77619999, -12942768.2902 7325748.3021, -12942752.7648 7325796.9632, -12942657.1133 7325851.6652, -12942653.4373 7325930.216, -12942708.3884 7326046.4444, -12942702.4765 7326090.9062, -12942612.5658 7326153.5552, -12942582.3212 7326199.359, -12942562.1567 7326208.9702, -12942538.6512 7326197.6389, -12942506.9795 7326218.7375, -12942502.9241 7326241.8314, -12942469.5596 7326249.6797, -12942419.1958 7326354.7376, -12942372.4418 7326383.6638, -12942334.3223 7326452.8617, -12942293.4985 7326478.2341, -12942289.9794 7326523.8354, -12942212.0283 7326609.4225, -12942203.1119 7326656.6668, -12942171.0112 7326693.0384, -12942084.4459 7326700.2499, -12942060.1886 7326686.2809, -12942020.8586 7326727.0053, -12942040.0297 7326780.225, -12941977.3829 7326803.0572, -12941889.5155 7326798.6296, -12941834.8562 7326853.7502, -12941791.8628 7326866.8959, -12941843.7598 7326920.7993, -12941835.6368 7326936.39899999, -12941780.9531 7326893.8971, -12941723.2598 7326906.2266, -12941696.8704 7326893.4581, -12941650.9657 7326927.7812, -12941638.5072 7326970.1901, -12941653.1035 7326987.0781, -12941699.3246 7326955.9814, -12941740.2797 7326960.3903, -12941707.0431 7327067.0793, -12941728.5447 7327069.6016, -12941736.9631 7327103.2367, -12941757.9977 7327101.277, -12941782.4421 7327139.2549, -12941769.8843 7327201.3412, -12941817.652 7327197.4992, -12941861.829 7327244.4857, -12941910.3807 7327251.3585, -12941928.9314 7327292.0075, -12942028.4955 7327344.7726, -12942061.2779 7327406.4652, -12942108.4859 7327413.8546, -12942146.2246 7327398.2399, -12942191.632 7327427.4537, -12942273.1715 7327314.6918, -12942257.1926 7327296.2912, -12942222.9474 7327310.9852, -12942184.1553 7327291.5571, -12942124.3946 7327221.3513, -12942182.3675 7327172.5018, -12942247.5244 7327156.6606, -12942268.7678 7327133.85239999, -12942264.547 7327109.7671, -12942288.5396 7327066.9516, -12942289.1509 7327002.2589, -12942312.6003 7326967.3632, -12942336.9997 7326985.3079, -12942322.0161 7327055.1754, -12942372.7172 7327072.8167, -12942475.8637 7327044.3024, -12942509.1371 7326955.3496, -12942610.1855 7326916.8189, -12942620.7134 7326923.75029999, -12942619.3766 7326968.0849, -12942602.3767 7326994.8946, -12942556.348 7327019.646, -12942533.4879 7327088.6667, -12942498.0577 7327114.0336, -12942407.6442 7327118.0209, -12942356.7625 7327143.376, -12942394.78 7327186.9718, -12942385.0374 7327229.9274, -12942360.7131 7327249.963, -12942364.8852 7327286.8331, -12942389.3854 7327310.9749, -12942432.3493 7327303.1548, -12942457.0025 7327315.9344, -12942507.344 7327401.6608, -12942470.4892 7327436.6817, -12942448.6659 7327582.4367, -12942420.0378 7327609.1417, -12942450.9772 7327608.8369, -12942477.8324 7327648.5144, -12942519.2787 7327635.9968, -12942558.5085 7327643.4273, -12942582.0839 7327611.8284, -12942622.9553 7327658.8102, -12942669.9885 7327632.4224, -12942694.2917 7327669.5349, -12942702.1562 7327729.2881, -12942683.577 7327781.4853, -12942636.1762 7327807.16439999, -12942527.0728 7327756.3833, -12942452.8618 7327777.3913, -12942419.4012 7327773.9871, -12942420.2334 7327896.8193, -12942392.0674 7327966.2282, -12942431.7449 7328016.5071, -12942430.0126 7328046.714, -12942448.5308 7328052.5133, -12942459.9238 7328092.9279, -12942499.2148 7328090.6148, -12942538.4245 7328119.435, -12942576.3926 7328123.8061, -12942610.2145 7328147.0281, -12942626.9377 7328182.2794, -12942675.2601 7328147.8579, -12942670.9353 7328130.8451, -12942691.6134 7328113.8676, -12942676.5817 7328067.835, -12942697.827 7328040.6771, -12942694.8812 7328023.8003, -12942764.623 7327938.9613, -12942809.1406 7327917.2641, -12942865.1093 7327953.872, -12942898.8786 7327947.5814, -12942895.2487 7327902.4523, -12942860.5018 7327868.1546, -12942857.7728 7327819.67849999, -12942904.074 7327783.3768, -12942918.9343 7327748.0536, -12942901.6406 7327643.4952, -12942908.0563 7327601.5338, -12942935.0391 7327595.4531, -12942934.2532 7327577.3199, -12942952.5794 7327576.7578, -12942969.3043 7327601.33690001, -12942999.5805 7327594.6234, -12943005.9876 7327559.1587, -12943020.5949 7327552.0328, -12943099.7427 7327563.5738, -12943266.1218 7327537.0759, -12943404.991 7327618.8357, -12943536.152 7327668.7926, -12944219.0498 7327819.9436, -12944341.0631 7327880.3188, -12944393.4436 7327920.8799, -12944507.8681 7328075.5329, -12944573.2624 7328251.8508, -12944714.379 7328739.3549, -12944798.0016 7328910.3721, -12944876.83 7329005.3843, -12944971.7601 7329076.7381, -12945131.9225 7329129.8134, -12945240.8382 7329128.7336, -12945394.2756 7329085.86, -12946296.167 7328699.833, -12946536.91 7328613.1016, -12946926.3335 7328512.1501, -12947268.6895 7328446.9732, -12947691.6636 7328414.4707, -12948113.5201 7328435.543, -12948383.9171 7328503.935, -12948644.309 7328620.0836, -12948812.7633 7328750.2851, -12948856.8442 7328803.0691, -12948920.5257 7328919.1179, -12948947.8803 7329040.5958, -12948947.6112 7329099.8974, -12948925.4415 7329211.5084, -12948878.7014 7329313.084, -12948779.15 7329451.882, -12948575.8672 7329675.2328, -12948349.7553 7329891.89, -12948151.8198 7330057.1995, -12947869.2338 7330200.6605, -12947638.8593 7330232.896, -12947664.7676 7330268.4731, -12947697.9055 7330408.0159, -12947654.2924 7330690.3777, -12947656.0499 7330866.916, -12947701.3369 7331070.441, -12947791.1482 7331258.5434, -12947909.6252 7331410.1266, -12948070.3508 7331542.5647, -12948256.6872 7331635.3693, -12948476.9101 7331695.5745, -12949121.3626 7331706.5405, -12949977.5059 7331755.4526, -12950580.6577 7331822.3928, -12950963.8221 7331896.0129, -12951173.1438 7331987.8367, -12951288.7596 7332078.5126, -12951375.6262 7332189.9309, -12951423.2142 7332313.8069, -12951429.7866 7332437.1963, -12951399.6395 7332548.148, -12951340.4361 7332641.96949999, -12951261.7547 7332719.4693, -12951118.2321 7332816.9875, -12950430.0832 7333156.6587, -12950008.0593 7333405.9312, -12949827.803 7333528.1043, -12949657.1373 7333664.9727, -12949468.0588 7333874.8458, -12949553.927 7333945.5725, -12949725.3007 7334032.7605, -12949924.6916 7334084.3885, -12950047.2724 7334158.562, -12950131.7263 7334274.4556, -12950182.599 7334452.6849, -12950261.4855 7334610.633, -12950358.1375 7334738.7549, -12950475.523 7334848.1096, -12950610.0751 7334935.3722, -12950757.7049 7334997.8904, -12951075.6753 7335057.6674, -12951256.7666 7335131.0186, -12951462.1408 7335165.0969, -12951606.3634 7335161.0584, -12951978.4531 7335114.1111, -12951898.4557 7334993.403, -12951752.2862 7334844.8608, -12951445.6817 7334639.4617, -12951380.9769 7334432.6864, -12951399.4866 7334290.3756, -12951471.4359 7334166.2963, -12951585.6414 7334079.7296, -12951797.7419 7334022.0409, -12951944.0177 7333956.4535, -12952076.7047 7333866.404, -12952181.1613 7333766.6927, -12952305.4385 7333608.6642, -12952389.2333 7333453.3018, -12952441.9074 7333284.7726, -12952474.8715 7333052.7994, -12952546.7929 7332928.7294, -12952660.9684 7332842.1607, -12952716.9766 7332827.7773, -12952731.6031 7332753.7891, -12952811.5421 7332634.7558, -12952931.169 7332555.9381, -12953071.8943 7332529.58209999, -12953211.848 7332559.7835, -12953329.2811 7332641.8491, -12953477.4426 7332870.1662, -12953596.7427 7333000.1255, -12953752.4366 7333113.0143, -12953912.926 7333185.9198, -12953929.8998 7333190.282, -12953995.4529 7333092.6377, -12954042.6251 7333061.5477, -12954229.5633 7333026.5084, -12954430.6441 7333069.8684, -12954551.9684 7333127.9887, -12954674.0187 7333167.4438, -12954987.0797 7333207.1855, -12955149.9544 7333305.596, -12955234.4745 7333421.4213, -12955308.4168 7333782.0464, -12955374.5525 7333962.897, -12955486.7808 7334138.5793, -12955574.4655 7334232.3927, -12955682.1473 7334319.5473, -12955794.4446 7334473.4152, -12955827.7459 7334612.9965, -12955804.6308 7334754.6343, -12955695.4755 7334947.1126, -12955636.4956 7335130.4626, -12955641.2231 7335811.6734, -12955769.4527 7335908.0565, -12955912.4365 7335980.6571, -12956069.1661 7336027.9401, -12956195.2951 7336104.1242, -12956257.7975 7336189.7521, -12956431.961 7336240.0841, -12956571.0143 7336319.6194, -12956705.9185 7336372.4517, -12956850.9552 7336460.0397, -12956935.5348 7336575.8926, -12956968.8658 7336715.5061, -12956944.6557 7336863.9921, -12956894.1115 7336978.9688, -12956859.0468 7337102.6654, -12956840.054 7337326.5217, -12956929.4629 7337977.981, -12956991.2007 7338247.8122, -12956968.0969 7338389.5188, -12956897.2821 7338503.0218, -12956950.1559 7338621.9259, -12957058.428 7338799.8117, -12957098.2902 7339034.3282, -12957088.4485 7339093.21459999, -12957025.7567 7339211.2352, -12956977.9051 7339347.7312, -12956948.2858 7339538.1827, -12956952.3293 7339681.8978, -12956915.3007 7339841.7517, -12957166.3814 7340497.2811, -12957246.368 7340617.745, -12957344.1753 7340724.1855, -12957467.1637 7340820.9703, -12957543.9713 7340942.2326, -12957603.1655 7341160.7724, -12957721.9833 7341370.0051, -12957841.4847 7341500.038, -12958124.8888 7341741.3701, -12958112.1087 7341750.8342, -12958087.7122 7341869.9569, -12958105.6709 7341876.7951, -12958084.8793 7341893.0156, -12958087.4939 7341929.3015, -12958185.8039 7342108.1618, -12958259.5542 7342185.9024, -12958237.1737 7342214.3691, -12958195.0972 7342204.3593, -12958200.568 7342265.7116, -12958266.66 7342289.0705, -12958281.2618 7342327.6464, -12958270.6241 7342405.1174, -12958218.3513 7342377.0422, -12958122.6756 7342356.4841, -12958141.4577 7342548.0725, -12958117.3123 7342573.5213, -12958044.6766 7342554.0599, -12958012.3291 7342578.9066, -12958055.7865 7342605.2943, -12958015.357 7342682.4512, -12958031.1512 7342700.9939, -12958021.7514 7342716.7913, -12958051.0026 7342743.21410001, -12958001.4175 7342772.3293, -12957942.4706 7342878.8436, -12957875.715 7342889.4031, -12957855.4852 7342847.4348, -12957714.8733 7342884.3395, -12957700.1329 7342895.8283, -12957701.964 7342917.5023, -12957685.961 7342920.2531, -12957691.1101 7342977.157, -12957643.7804 7342970.4401, -12957622.6167 7342989.0613, -12957627.8984 7343018.1455, -12957561.8564 7343003.808, -12957637.8345 7343137.962, -12957602.0175 7343165.3869, -12957618.153 7343181.8449, -12957609.2885 7343211.1979, -12957534.028 7343255.0273, -12957554.5916 7343281.4567, -12957552.6868 7343310.836, -12957571.98 7343324.1306, -12957569.2579 7343347.5503, -12957607.5484 7343375.1361, -12957574.2468 7343427.2462, -12957490.8923 7343432.5903, -12957457.0882 7343490.0912, -12957404.3397 7343491.8624, -12957432.3409 7343565.6761, -12957473.6851 7343566.1948, -12957516.1931 7343546.3364, -12957551.117 7343560.6761, -12957520.6528 7343606.4001, -12957526.8156 7343671.6448, -12957512.2727 7343741.2411, -12957537.7721 7343766.10450001, -12957565.732 7343771.0149, -12957593.7522 7343942.5683, -12957641.6169 7343960.8848, -12957593.9293 7343984.0855, -12957583.0579 7344009.1572, -12957601.0685 7344031.8975, -12957576.7157 7344057.3605, -12957543.0114 7344047.4332, -12957505.5439 7344058.1408, -12957485.8264 7344023.4355, -12957399.8841 7344002.0184, -12957360.4009 7344086.0059, -12957396.512 7344138.9556, -12957437.0577 7344142.5921, -12957443.9609 7344331.7258, -12957437.1228 7344343.3235, -12957394.3088 7344339.0606, -12957359.4666 7344369.0764, -12957325.0726 7344345.3072, -12957255.4393 7344390.0549, -12957251.5853 7344426.5591, -12957204.4634 7344427.9431, -12957211.5712 7344463.1082, -12957239.9943 7344473.0468, -12957256.5298 7344496.3558, -12957257.1471 7344530.1847, -12957229.8511 7344549.52179999, -12957232.5564 7344587.4253, -12957250.2114 7344611.4665, -12957222.7483 7344613.7536, -12957208.795 7344634.1476, -12957215.2412 7344662.2599, -12957165.9539 7344685.4829, -12957161.4691 7344736.7468, -12957138.2356 7344742.1317, -12957118.9894 7344775.0541, -12957150.1174 7344823.5954, -12957176.0432 7344823.9852, -12957209.2395 7344888.484, -12957236.7034 7344887.42800001, -12957249.5523 7344913.22469999, -12957243.6594 7344935.6963, -12957295.5384 7344952.068, -12957343.6069 7344996.5738, -12957351.8406 7345248.7286, -12957162.5708 7345258.2676, -12957117.0024 7345230.592, -12957081.6294 7345248.8822, -12957068.9558 7345315.5653, -12957033.5797 7345306.9583, -12956876.7602 7345322.9064, -12956854.5422 7345308.6347, -12956842.9856 7345328.1619, -12956810.8251 7345316.7763, -12956794.2574 7345324.9924, -12956797.2383 7345335.7766, -12956764.4257 7345302.0491, -12956764.4781 7345254.5278, -12956698.2062 7345260.3028, -12956669.1533 7345239.5843, -12956644.8009 7345252.1937, -12956623.5611 7345245.3152, -12956630.517 7345232.2151, -12956495.5667 7345139.5609, -12956497.4002 7345102.2289, -12956428.579 7345077.4533, -12956440.9102 7345065.7983, -12956474.0223 7345077.1123, -12956497.9168 7345032.7565, -12956540.2659 7345059.251, -12956580.5267 7345056.9117, -12956596.6213 7345068.6867, -12956675.1676 7344968.2315, -12956616.0178 7344953.4406, -12956616.7447 7344916.792, -12956593.6028 7344913.2618, -12956583.0919 7344886.3724, -12956554.416 7344873.3197, -12956527.2643 7344878.4473, -12956456.8157 7344728.0746, -12956487.3277 7344714.0349, -12956499.1466 7344725.9766, -12956615.2556 7344726.7401, -12956661.9498 7344671.2033, -12956656.3721 7344653.877, -12956824.3522 7344477.9772, -12956848.319 7344474.8855, -12956872.4739 7344493.2976, -12956930.9024 7344450.2427, -12956951.7815 7344415.6077, -12956967.3875 7344417.0296, -12956979.9195 7344254.9089, -12957009.4208 7344244.3945, -12957020.2097 7344206.3506, -12956959.4466 7344171.2371, -12956937.3456 7344211.5783, -12956892.5776 7344237.1562, -12956884.5321 7344213.743, -12956850.566 7344214.5163, -12956776.205 7344160.49800001, -12956494.3181 7344064.838, -12956463.4741 7344036.9913, -12956467.0119 7344010.0756, -12956490.1005 7344003.216, -12956490.6643 7343979.9094, -12956489.6415 7343950.4282, -12956461.7695 7343923.4296, -12956461.6841 7343889.2388, -12956301.5704 7343839.0078, -12956264.0774 7343847.2184, -12956272.6962 7343887.2726, -12956220.4923 7344037.1906, -12956226.7594 7344054.7028, -12956209.7518 7344070.06669999, -12956213.2929 7344224.969, -12956183.8617 7344239.0588, -12956178.0208 7344261.7957, -12956191.5647 7344307.655, -12956173.8445 7344325.4962, -12955980.2265 7344328.3856, -12955946.5194 7344308.0121, -12955923.0975 7344256.4592, -12955875.611 7344242.8435, -12955856.0687 7344219.0675, -12955852.0826 7344168.5846, -12955882.5109 7344103.5169, -12955840.7693 7344046.33739999, -12955697.309 7344028.1583, -12955731.5402 7343995.843, -12955731.0523 7343971.0956, -12955599.9333 7343959.1112, -12955603.9213 7343891.7768, -12955556.3377 7343879.6521, -12955532.4371 7343847.653, -12955541.7479 7343820.756, -12955528.1073 7343788.7367, -12955556.149 7343755.9713, -12955562.5599 7343700.0147, -12955619.7616 7343672.5364, -12955598.3751 7343648.0197, -12955528.2744 7343670.5779, -12955520.188 7343633.1383, -12955478.6407 7343627.4363, -12955532.483 7345017.3874, -12955585.2956 7345041.1206, -12955596.1656 7345077.4849, -12955611.7445 7345083.4665, -12955602.1616 7345114.7377, -12955646.189 7345402.8429, -12955680.674 7345439.8769, -12955687.4971 7345468.3762, -12955690.2258 7345503.2163, -12955671.6006 7345542.6865, -12955683.5093 7345631.8283, -12955705.2954 7345653.2068, -12955903.2914 7345614.1674, -12955905.8388 7345636.4484, -12956051.191 7345087.0357, -12956114.144 7345076.36, -12956171.5108 7345159.7992, -12956153.5473 7345185.9245, -12956170.7788 7345200.1513, -12956174.1868 7345279.6091, -12956161.0845 7345331.3608, -12956225.3994 7345354.2033, -12956230.0832 7345366.7025, -12956228.7395 7345417.9399, -12956209.2568 7345442.6346, -12956223.2153 7345507.0508, -12956204.0002 7345533.7268, -12956272.1736 7345561.3524, -12956307.3315 7345615.0163, -12956292.0421 7345663.8492, -12956251.9027 7345674.078, -12956258.4458 7345704.5145, -12956243.2646 7345739.2646, -12956259.0143 7345764.4056, -12956226.9474 7345847.662, -12956193.5434 7345871.0787, -12956163.3255 7345868.8554, -12956107.7011 7345908.7686, -12956075.9573 7345905.6457, -12955972.3996 7345943.0139, -12956039.9566 7346079.9156, -12955981.2079 7346180.9696, -12956069.997 7346208.9691, -12956048.3017 7346294.0498, -12956032.9563 7346299.7741, -12956041.9944 7346352.1799, -12956021.5006 7346369.0966, -12955972.5271 7346353.099, -12955971.227 7346403.1328, -12955961.095 7346420.5281, -12955944.5188 7346416.2422, -12955935.3774 7346437.9032, -12955972.8575 7346597.9493, -12956145.1598 7346522.64679999, -12956295.1576 7346574.9608, -12956105.9719 7346692.6757, -12956066.4767 7346646.8524, -12956040.0154 7346645.8267, -12955818.1121 7346763.2636, -12955767.2657 7346712.5094, -12955761.4743 7346677.3737, -12955653.2639 7346510.564, -12955627.1235 7346512.5596, -12955659.9718 7346678.7978, -12955745.2595 7346807.0534, -12955785.3604 7347021.9166, -12955088.84 7347173.033, -12955042.0073 7347175.62, -12954854.3159 7347141.6315, -12954685.7484 7347032.0019, -12954614.055 7346891.1304, -12954543.7994 7346651.7549, -12954429.4746 7346460.8116, -12954344.9905 7346363.8262, -12954247.863 7346279.5684, -12954139.9823 7346209.6775, -12954023.4479 7346155.5132, -12953869.0777 7346111.4972, -12953709.4271 7346095.0125, -12953313.7304 7346138.1924, -12953241.2919 7346127.14720001, -12953138.5643 7346306.2164, -12953075.5445 7346344.8127, -12952904.7802 7346382.6931, -12952763.6111 7346357.0893, -12952637.8448 7346289.0905, -12952501.5568 7346241.0127, -12952263.1893 7346210.0169, -12952084.8812 7346227.8428, -12951943.2001 7346202.1307, -12951809.6862 7346115.2276, -12951756.448 7346042.2064, -12951701.9699 7345842.8054, -12951709.2767 7345786.6041, -12951742.209 7345729.8047, -12951598.3827 7345737.6169, -12951349.5732 7345790.0133, -12951208.4668 7345764.3918, -12951088.2085 7345686.1005, -12951007.4901 7345567.3103, -12950978.8561 7345426.4864, -12951006.7541 7345285.5173, -12951086.8456 7345166.3106, -12951301.2003 7345022.7292, -12951420.2674 7344914.9047, -12951509.996 7344801.4407, -12951587.5441 7344660.6424, -12951646.6893 7344477.0987, -12951694.0466 7344134.6138, -12951772.6845 7343763.4757, -12951883.0727 7343578.5657, -12951927.6341 7343448.0947, -12951859.7583 7343155.4488, -12951773.5011 7343198.6627, -12951675.3235 7343261.5051, -12951498.5496 7343410.0451, -12951313.2609 7343617.1763, -12951240.1759 7343769.9671, -12951221.8388 7343882.2867, -12951215.9833 7344172.7477, -12951190.0465 7344281.5602, -12951143.6601 7344382.534, -12950455.223 7345357.4426, -12950256.37 7345582.3098, -12950064.6558 7345733.7222, -12949958.0483 7345793.5029, -12949846.2288 7345835.9109, -12949617.6019 7345869.1504, -12949138.9293 7345890.0088, -12948886.9101 7345953.3437, -12948711.0873 7346042.6872, -12948568.8681 7346182.5281, -12948482.197 7346363.6565, -12948465.0264 7346499.2955, -12948470.0344 7346569.0018, -12948503.5834 7346707.5457, -12948694.2706 7347109.2847, -12948759.841 7347325.0434, -12948782.2023 7347548.4589, -12948744.7564 7347764.8474, -12948690.3218 7347898.14019999, -12948614.7637 7348019.6179, -12948185.2343 7348502.0745, -12948053.1309 7348678.521, -12947726.4921 7349228.8839, -12947679.8895 7349349.8127, -12947616.6796 7349590.6763, -12947521.917 7349732.8075, -12947386.8206 7349822.857, -12947230.5866 7349873.9982, -12947001.6867 7349909.4877, -12946823.6141 7349912.9932, -12946657.3882 7349867.4846, -12946557.6559 7349809.9451, -12946424.5832 7349697.4107, -12946224.1041 7349488.7144, -12946132.36 7349422.0172, -12946027.8417 7349378.9904, -12945916.1166 7349365.7932, -12945802.6452 7349384.6422, -12945696.6252 7349439.1651, -12945610.7813 7349528.5087, -12945548.8177 7349640.7679, -12945507.3442 7349769.5928, -12945482.1193 7349906.6831, -12945474.9642 7350047.7549, -12945488.3965 7350189.1088, -12945527.2357 7350325.199, -12945634.385 7350504.6547, -12945781.8651 7350646.6388, -12945956.7784 7350748.0473, -12946147.9819 7350805.6015, -12946604.6205 7350885.3417, -12946728.9392 7350927.1929, -12946838.7111 7350988.9766, -12946966.3837 7351118.0803, -12947301.087 7351565.2031, -12947385.9516 7351720.5136, -12947401.7495 7351822.5799, -12947380.7613 7351916.2595, -12947326.3806 7351988.4278, -12947247.2895 7352031.0813, -12947102.955 7352045.1154, -12946947.5569 7352007.3079, -12946790.9179 7351943.1878, -12946080.1846 7351604.6134, -12945964.4766 7351584.6153, -12945849.9895 7351595.44, -12945743.1489 7351637.4923, -12945696.0516 7351670.2953, -12945655.6611 7351711.8511, -12945594.1666 7351814.1727, -12945545.6336 7351998.4193, -12945542.5403 7352200.5586, -12945575.2888 7352333.8758, -12945604.0482 7352395.5556, -12945767.5918 7352613.3399, -12945836.4193 7352733.3652, -12946030.8161 7353274.3654, -12946097.1161 7353405.2506, -12946447.4751 7353874.0619, -12946593.9037 7354031.702, -12946759.3832 7354164.1654, -12947272.0019 7354524.1125, -12948444.3579 7355212.3699, -12949250.4986 7355830.1575, -12949756.3358 7356182.3659, -12950025.2158 7356322.2158, -12950166.0854 7356363.6318, -12950308.2068 7356379.8932, -12950511.1644 7356348.9184, -12950681.708 7356251.2565, -12951231.7601 7355705.6875, -12951431.0417 7355536.7153, -12951646.7512 7355385.292, -12951887.5385 7355269.7429, -12952267.564 7355155.335, -12952621.0511 7355021.86729999, -12952789.0587 7354940.8885, -12952941.5159 7354838.9783, -12953068.8442 7354712.064, -12953137.7971 7354616.7892, -12953565.6289 7353866.132, -12953638.788 7353778.6612, -12953726.3206 7353709.5161, -12953826.9858 7353662.7982, -12953937.3883 7353637.9355, -12954679.9569 7353589.9176, -12954961.0199 7353529.7548, -12955169.9983 7353438.808, -12955370.8206 7353320.7989, -12955876.2688 7352923.5626, -12956024.8982 7352827.142, -12956133.4549 7352783.3105, -12956247.8085 7352762.4457, -12956364.581 7352767.5092, -12956478.0443 7352798.6683, -12956630.8 7352890.981, -12956802.8231 7353070.2804, -12957038.7721 7353281.5015, -12957113.9026 7353378.396, -12957159.8146 7353488.3943, -12957171.5302 7353605.3907, -12957151.0119 7353722.3161, -12957080.6671 7353892.9504, -12956916.2108 7354177.1429, -12956746.7822 7354388.1615, -12956495.953 7354622.09089999, -12955501.0198 7355470.552, -12955061.3704 7355812.4617, -12954881.6463 7355922.6224, -12954382.7941 7356178.24, -12954220.9786 7356314.8559, -12954141.774 7356429.1148, -12954114.6097 7356491.6426, -12954082.1586 7356687.8517, -12954127.0413 7356876.8648, -12954193.0225 7356988.2548, -12954275.9517 7357087.2148, -12954420.7906 7357221.7068, -12954581.2221 7357344.0116, -12954994.7931 7357606.8489, -12955386.8549 7357797.0296, -12955798.4454 7357939.5559, -12956157.7292 7358026.6587, -12956611.452 7358114.9919, -12957783.065 7358296.2308, -12958264.6946 7358350.6542, -12958661.988 7358350.4168, -12958883.4447 7358817.8628, -12958908.8608 7358798.4018, -12958897.6211 7358764.5298, -12958962.5892 7358761.0872, -12958958.6659 7358706.9292, -12958978.7784 7358720.1766, -12958991.4064 7358701.8541, -12959020.0045 7358707.0222, -12959062.4933 7358633.8616, -12959156.6633 7358616.5514, -12959191.2519 7358635.3318, -12959229.0604 7358596.4286, -12959263.3633 7358591.7053, -12959366.7944 7358537.9427, -12959384.9006 7358479.1412, -12959493.5774 7358406.906, -12959509.8445 7358411.0241, -12959524.3091 7358450.03059999, -12959565.5382 7358476.0151, -12959587.5274 7358528.7547, -12959650.3758 7358488.8053, -12959676.3334 7358494.5101, -12959708.0441 7358472.9281, -12959718.4416 7358443.994, -12959736.9938 7358461.8323, -12959775.3378 7358446.8363, -12959805.6421 7358352.4848, -12959839.2905 7358316.1427, -12959830.7023 7358303.9557, -12959878.4224 7358288.0269, -12959914.435 7358315.9315, -12959926.2997 7358301.3654, -12959980.6659 7358300.6603, -12959979.4839 7358318.8387, -12959994.4213 7358324.7889, -12959985.2888 7358377.8845, -12960016.6307 7358407.1052, -12960050.7557 7358406.6485, -12960074.8365 7358381.5594, -12960099.6068 7358405.7398, -12960148.4943 7358371.3384, -12960191.7947 7358450.1869, -12960226.2207 7358422.0868, -12960282.0127 7358441.7974, -12960296.326 7358431.3612, -12960318.5955 7358441.1919, -12960327.777 7358427.9106, -12960343.2731 7358465.5487, -12960384.7161 7358475.0718, -12960371.2905 7358520.316, -12960384.9375 7358547.7169, -12960356.4102 7358574.8689, -12960361.4047 7358583.5744, -12960314.6055 7358573.1249, -12960305.4334 7358537.3376, -12960276.3001 7358517.2112, -12960201.0631 7358521.987, -12960181.2295 7358501.5337, -12960138.3559 7358520.8333, -12960142.4651 7358533.5175, -12960120.208 7358558.1597, -12960170.4018 7358626.2167, -12960192.7912 7358613.3208, -12960212.9297 7358652.5476, -12960246.2474 7358667.8066, -12960260.6557 7358671.1612, -12960269.0078 7358648.6445, -12960251.8537 7358632.7975, -12960257.8589 7358621.87479999, -12960289.4137 7358624.435, -12960313.3451 7358708.5547, -12960292.4867 7358705.4132, -12960281.4815 7358737.659, -12960326.6792 7358762.331, -12960371.8361 7358755.953, -12960386.6834 7358707.4602, -12960433.4769 7358709.5154, -12960563.2133 7358654.9628, -12960607.2971 7358682.4744, -12960653.43 7358655.3344, -12960704.6837 7358662.2467, -12960766.0809 7358638.5431, -12960781.658 7358643.9412, -12960788.6614 7358579.8945, -12960811.6056 7358544.8309, -12960803.7922 7358533.0932, -12960846.6002 7358490.9005, -12960841.9502 7358468.2735, -12960855.8621 7358447.6993, -12960889.0619 7358448.6156, -12960893.7241 7358491.3857, -12960921.0112 7358525.6783, -12960943.0315 7358527.5247, -12960948.1155 7358553.0017, -12960974.8861 7358525.8487, -12960973.4797 7358493.0564, -12961000.0947 7358508.631, -12961062.3227 7358475.1407, -12961080.6929 7358445.7852, -12961077.2184 7358421.8914, -12961147.7346 7358414.4564, -12961190.5057 7358473.5885, -12961205.339 7358470.0875, -12961217.7849 7358486.5625, -12961225.6364 7358451.9776, -12961243.2093 7358452.3082, -12961308.8068 7358390.4555, -12961372.6387 7358378.5537, -12961402.222 7358342.7875, -12961456.5531 7358320.2653, -12961533.0595 7358414.8293, -12961577.921 7358419.6381, -12961562.7894 7358463.3815, -12961596.273 7358508.8382, -12961634.4918 7358634.4211, -12961763.2497 7358823.4594, -12961757.1444 7358851.6291, -12961718.6907 7358891.5941, -12961642.7438 7358909.7831, -12961589.2434 7358895.694, -12961587.4298 7358927.8832, -12961569.9777 7358924.67679999, -12961566.3098 7358912.8238, -12961610.1465 7358857.3469, -12961573.6168 7358846.05789999, -12961563.8581 7358824.436, -12961520.6526 7358833.5779, -12961498.489 7358823.0885, -12961442.723 7358884.5779, -12961408.5714 7358873.536, -12961384.7077 7358888.9847, -12961313.1027 7358877.3543, -12961294.4711 7358899.9273, -12961248.956 7358912.42239999, -12961225.5113 7358877.94, -12961094.2208 7358854.2387, -12961031.4859 7358873.852, -12961024.2191 7358911.5295, -12960982.3114 7358906.7352), (-12949125.6725 7339514.1917, -12948957.277 7339308.526, -12948859.6368 7339365.3344, -12948673.0436 7339357.869, -12948451.7019 7339252.1249, -12948390.6959 7338923.5188, -12948635.6222 7338534.1989, -12948663.9655 7338291.8629, -12948617.8442 7338171.8363, -12948443.8918 7338252.0533, -12948370.6601 7338440.27839999, -12948164.2227 7338543.0862, -12947934.8262 7338591.3655, -12947735.8522 7338507.1732, -12947633.4949 7338311.2568, -12947778.3455 7337846.9395, -12947506.9636 7337994.9024, -12947128.4018 7338276.75, -12946781.8855 7338514.0273, -12946238.824 7338798.9152, -12946009.4075 7338847.1393, -12945391.0173 7338616.7736, -12945201.0151 7338422.441, -12944782.119 7337704.7878, -12944592.355 7337521.4485, -12944481.3352 7337446.5591, -12943963.9493 7337335.1509, -12943687.9221 7337230.29909999, -12943588.873 7337210.1271, -12943332.7867 7336995.0112, -12943055.1905 7336802.2609, -12942703.2637 7336742.7138, -12942330.4094 7336738.4719, -12941644.6172 7337014.5633, -12941354.7568 7337360.4337, -12941272.3619 7337658.6307, -12941287.2475 7337878.1626, -12941411.7583 7338095.7331, -12941569.3608 7338323.7038, -12941697.4292 7338739.0595, -12941740.3595 7339298.8638, -12941834.1799 7339637.9371, -12942078.9531 7339831.3935, -12942378.5639 7340023.8561, -12942491.9764 7340230.6766, -12942603.8097 7340349.5806, -12942688.8955 7340809.783, -12942780.5931 7341028.0084, -12942871.5017 7341202.2739, -12943103.394 7341286.0213, -12943988.1032 7341071.9859, -12944318.101 7341120.9168, -12944540.8471 7341303.7422, -12944622.6404 7341577.1185, -12944776.8861 7342212.0378, -12944945.6389 7342439.8563, -12945243.6024 7342533.3336, -12945515.3871 7342396.3551, -12945964.2845 7341750.2736, -12946606.2241 7340869.7408, -12946800.5532 7340701.2054, -12947516.9172 7340292.034, -12947852.1133 7340032.8968, -12948394.3752 7339703.8957, -12948742.755 7339565.4079, -12949125.6725 7339514.1917))"
17,20872,1517,2023-10-15 06:33:14,MWF023, ,59444.3,2023-09-04,1600,0 - hand sketch of any type,Wildfire,Under Control,2023/09/04 17:00:39,E,59444.0,1685272500000,Lightning,5,1cfbf10e-1bde-41a8-b877-3478252682bd,2109799649.20313,451666.266311274,"POLYGON ((-12592386.1522 7982236.9518, -12592366.7086 7982220.74239999, -12591781.2018 7985313.3224, -12589497.151 7985489.3664, -12588960.4451 7984672.9897, -12589074.2728 7983474.6341, -12589616.082 7982689.0311, -12590778.784 7982561.654, -12590759.0356 7981840.329, -12590212.3294 7981384.4904, -12590262.3772 7981025.5643, -12590856.9174 7980432.8336, -12590386.5479 7980311.8286, -12590260.0761 7980220.7206, -12590125.7637 7980024.2773, -12589970.098 7979876.5312, -12589888.0503 7979742.6152, -12589853.3729 7979531.1045, -12589781.9048 7979333.7941, -12589600.4006 7979200.8455, -12589230.303 7978825.3872, -12588998.8703 7978639.1056, -12588961.9008 7978552.5368, -12588963.0727 7978501.8547, -12589006.0056 7978397.3534, -12589064.6324 7978335.10939999, -12588937.7842 7978286.015, -12588567.5473 7978199.3473, -12588251.3268 7977980.9024, -12588091.6614 7977910.9215, -12587922.9845 7977866.95099999, -12587782.6678 7977765.8, -12587728.7 7977683.8658, -12587691.054 7977514.8381, -12587718.5157 7977361.2771, -12587803.0795 7977230.286, -12587973.8007 7977113.3025, -12588336.1612 7977044.1983, -12588501.5318 7976989.1668, -12588625.3797 7976924.9177, -12588823.2346 7976790.9714, -12588975.7305 7976759.4963, -12589128.5191 7976789.5148, -12589279.3487 7976887.54, -12589421.3783 7976954.2546, -12589555.0195 7976994.2158, -12589921.1603 7977066.4793, -12590073.7833 7977165.3616, -12590199.5486 7977225.7673, -12590332.4828 7977268.0469, -12590661.4074 7977333.5975, -12590843.0077 7977438.4192, -12591005.0275 7977502.7116, -12591304.605 7977572.1138, -12591461.3779 7977577.883, -12591628.3344 7977556.699, -12591781.1508 7977586.6671, -12591912.07 7977674.5102, -12592087.8471 7977863.4401, -12592268.9805 7977991.1133, -12592425.1587 7978214.5685, -12592576.5407 7978358.975, -12592802.3743 7978490.0996, -12593054.3918 7978558.189, -12593211.0635 7978566.66350001, -12593349.9384 7978553.4845, -12593485.6301 7978521.0673, -12593615.4967 7978470.0436, -12593821.2314 7978339.1624, -12593975.6991 7978204.7877, -12594100.5865 7978071.493, -12594278.5847 7977965.9075, -12594432.8339 7977944.4832, -12594632.2227 7978001.57, -12594473.816 7977897.8364, -12593710.5939 7977504.1111, -12593591.9032 7977407.5688, -12593543.1539 7977314.5661, -12593533.3719 7977260.5278, -12593546.5699 7977145.7177, -12593605.6399 7977030.5229, -12593772.0999 7976795.7472, -12593798.9557 7976729.84749999, -12593811.6673 7976662.44169999, -12593792.5534 7976536.8389, -12593729.8748 7976439.9126, -12593683.519 7976406.1807, -12593393.3054 7976327.7168, -12593239.1603 7976240.8108, -12593164.4731 7976143.8286, -12593031.8849 7975768.2813, -12592998.0351 7975715.1596, -12592907.5228 7975628.5955, -12592794.1026 7975570.5813, -12592428.6983 7975447.3252, -12592118.1078 7975383.8607, -12591679.9676 7975345.7325, -12591128.4683 7975342.4722, -12590531.6942 7975288.0323, -12590423.869 7975250.102, -12590377.228 7975218.7879, -12590311.8451 7975141.6822, -12589289.341 7976035.163, -12587020.8811 7976810.825, -12585537.9633 7977338.4522, -12584743.1848 7977379.9648, -12584791.3964 7977620.0489, -12584870.4545 7977862.9419, -12585235.2679 7978537.78360001, -12585291.7377 7978692.1897, -12585326.1799 7978849.3595, -12585331.3367 7979005.7925, -12585305.9318 7979156.1183, -12585255.8246 7979296.2395, -12585127.4876 7979566.1215, -12585091.0816 7979720.54599999, -12585105.9904 7980313.7196, -12585083.3692 7981297.8465, -12585108.2888 7981538.9682, -12585155.9814 7981692.666, -12585236.6081 7981836.2069, -12585342.5342 7981967.5795, -12585756.9477 7982405.5361, -12585888.392 7982619.921, -12585942.2985 7982778.4295, -12585973.3545 7982939.9732, -12586036.8516 7983509.1303, -12586048.7947 7983748.577, -12586035.5734 7983902.5887, -12585998.1497 7984048.0031, -12585896.787 7984241.7868, -12585745.949 7984389.322, -12585379.4128 7984587.8228, -12585265.4509 7984673.5254, -12585163.5705 7984775.2778, -12585043.5037 7984957.2528, -12584927.1664 7985314.4112, -12584857.3086 7985443.4952, -12584705.0569 7985600.4595, -12584350.1067 7985829.3595, -12584264.3245 7985936.38710001, -12584215.3791 7986071.2033, -12584204.6652 7986224.873, -12584232.0814 7986386.02619999, -12584480.9706 7987028.4115, -12584772.3506 7987839.434, -12584855.0284 7988171.8852, -12584893.7089 7988514.2871, -12584884.2866 7988862.1834, -12584824.5427 7989279.4105, -12584755.6228 7989500.2288, -12584602.2287 7989827.632, -12584532.3801 7990030.0702, -12584470.7335 7990553.3784, -12584396.3305 7990833.3536, -12584333.0132 7990954.2913, -12584257.6944 7991057.4842, -12584171.597 7991143.7426, -12584073.0455 7991198.1994, -12583966.5432 7991216.9931, -12583746.7739 7991185.7455, -12583630.3564 7991184.4432, -12583295.4445 7991291.7168, -12583124.5163 7991305.966, -12582962.969 7991269.17719999, -12582816.1239 7991187.2308, -12582727.943 7991107.2288, -12582414.3793 7990735.8646, -12582318.789 7990674.6458, -12582215.7029 7990638.5989, -12582059.3543 7990646.7234, -12581723.2294 7990844.2167, -12581567.8476 7990867.0506, -12581409.0187 7990824.3424, -12580665.0865 7990512.258, -12580322.1859 7990393.2532, -12579935.6707 7990198.7442, -12579821.7506 7990162.2345, -12579641.8551 7990149.31279999, -12579521.5031 7990167.6704, -12579404.1847 7990209.737, -12579185.943 7990326.661, -12579074.7245 7990362.2443, -12578962.3346 7990365.2791, -12578853.8148 7990332.7405, -12578531.8026 7990080.3537, -12578267.0742 7989944.1377, -12578216.9118 7989870.97469999, -12578207.2485 7989776.333, -12578246.3097 7989673.0258, -12578379.4677 7989529.9227, -12578929.2221 7989225.2121, -12579049.2177 7989130.3241, -12579191.1596 7988959.0436, -12579273.3278 7988762.0856, -12579327.0984 7988350.9049, -12579373.3 7988149.2889, -12579434.0154 7988016.8358, -12579610.2076 7987773.5616, -12579676.0435 7987645.09669999, -12579702.8221 7987440.1799, -12579660.7709 7986975.0376, -12579709.8578 7986627.6068, -12579681.5389 7986433.3692, -12579587.1021 7986268.2993, -12579464.1451 7986122.2565, -12579020.5613 7985688.7274, -12578993.0592 7985642.9333, -12578967.629 7985541.8981, -12578983.6045 7985434.1042, -12579053.3112 7985328.64069999, -12579170.0817 7985236.4361, -12579458.613 7985071.4126, -12579544.907 7985001.9037, -12578705.6015 7985336.321, -12577626.9578 7985304.1527, -12577409.9308 7984536.5518, -12577915.4643 7983670.4716, -12579689.4112 7983162.5155, -12580664.4954 7983303.454, -12580769.8583 7983014.5053, -12580785.7176 7982836.4421, -12580736.4964 7982689.0424, -12580556.9188 7982497.3621, -12580505.9414 7982397.6459, -12580493.9489 7982281.923, -12580525.2166 7982162.4697, -12580556.2433 7982103.96149999, -12580646.612 7981999.7248, -12581037.8231 7981726.1316, -12581198.3285 7981558.8565, -12581347.424 7981304.2441, -12581531.8164 7980772.1924, -12581612.7582 7980652.5594, -12581816.0678 7980426.4535, -12581894.1633 7980303.6291, -12581930.7921 7980167.7811, -12581933.956 7980031.2629, -12581907.204 7979900.5264, -12581805.731 7979586.8863, -12581764.4301 7979393.9256, -12581752.2718 7979190.6187, -12581785.7865 7978982.1843, -12581847.3238 7978846.0769, -12582042.0634 7978507.8029, -12582287.8878 7978011.1249, -12582831.4767 7977273.6835, -12582965.0153 7977063.604, -12583073.3067 7976844.213, -12583285.4201 7976325.5808, -12583324.136 7976105.5041, -12583310.7824 7975966.1017, -12583253.6388 7975706.8161, -12583245.4503 7975570.7545, -12583292.8215 7975355.859, -12583421.3966 7974998.4883, -12583433.4123 7974862.8558, -12583406.8886 7974740.2021, -12583305.2722 7974590.9326, -12583168.9805 7974477.6101, -12583020.2777 7974394.1517, -12582855.8015 7974354.2524, -12582686.1625 7974370.8786, -12582578.4585 7974415.5576, -12582479.0929 7974482.1987, -12581895.7996 7974973.3843, -12581805.3195 7975026.41219999, -12581708.7925 7975049.7073, -12581613.1338 7975022.6183, -12581401.3652 7974846.3032, -12581304.2856 7974802.8787, -12581198.0131 7974798.6216, -12580977.3462 7974829.9289, -12580751.0825 7974828.4243, -12580632.9414 7974854.46589999, -12580463.9525 7974954.7176, -12579972.4541 7975380.2939, -12579307.8595 7975894.2368, -12578981.9704 7976214.1158, -12578881.3615 7976278.1436, -12578772.3837 7976303.5679, -12578662.8018 7976287.3251, -12578282.0913 7976142.3024, -12577780.2063 7975994.103, -12577616.7232 7975986.5798, -12577369.1259 7976044.5255, -12577283.198 7976034.2243, -12577248.1771 7976012.2909, -12577206.0486 7975935.5977, -12577203.9836 7975885.7932, -12577239.0213 7975779.5146, -12577323.0384 7975675.7425, -12577559.1989 7975490.5995, -12577664.3253 7975385.4913, -12577736.2444 7975266.4252, -12577755.6957 7975202.7862, -12577763.1961 7975073.63889999, -12577729.2042 7974950.49229999, -12577659.4993 7974844.8012, -12577510.7764 7974730.6464, -12577392.228 7974686.1797, -12577204.09 7974655.1858, -12577012.2757 7974667.5579, -12576645.8752 7974728.009, -12576463.5033 7974721.0636, -12575847.7557 7974596.826, -12575420.1359 7974433.8759, -12575163.1388 7974386.4044, -12574904.3015 7974389.8187, -12574333.1121 7974466.8954, -12574150.8064 7974527.0939, -12574037.4575 7974596.4888, -12573837.5826 7974797.7488, -12573577.8638 7975129.1244, -12572948.1575 7976072.3235, -12572642.5539 7976481.4283, -12572523.0157 7976604.1404, -12572391.3434 7976674.0574, -12572298.5936 7976670.4598, -12572215.731 7976617.8083, -12572153.3251 7976526.6453, -12571977.7644 7976139.2583, -12571901.7997 7976045.6659, -12571752.3082 7975946.525, -12571636.8924 7975911.2128, -12571457.32 7975890.9885, -12571151.6001 7975911.4602, -12570846.8017 7975912.1556, -12570667.7178 7975877.9027, -12570497.1353 7975809.6863, -12570293.2359 7975676.9064, -12570103.3338 7975517.3522, -12569996.1236 7975366.6502, -12569952.2539 7975244.7136, -12569928.4969 7975110.791, -12569922.1786 7974897.6863, -12569978.4035 7973954.0191, -12569978.3235 7973741.3752, -12569912.8841 7973268.2558, -12569856.764 7973088.093, -12569786.8099 7972995.4107, -12569702.8769 7972936.2296, -12569611.3997 7972909.7826, -12569378.7202 7972905.2414, -12569291.2291 7972876.6339, -12569213.1747 7972823.5337, -12569126.6234 7972697.9874, -12569104.6315 7972583.6776, -12569103.6648 7972396.7456, -12569085.4156 7972277.225, -12569066.534 7972221.1475, -12569002.5836 7972122.3398, -12568777.4146 7971930.0003, -12568194.0177 7971544.7559, -12568130.2388 7971468.7213, -12568103.1213 7971368.0262, -12568120.751 7971254.6941, -12568146.6435 7971196.0644, -12568277.0356 7971038.0426, -12568530.9501 7970877.7648, -12568819.9066 7970753.7927, -12569056.0226 7970694.2739, -12569385.8954 7970659.2957, -12569639.2204 7970664.9354, -12570221.5446 7970722.08250001, -12570378.1272 7970693.6895, -12570513.3362 7970625.5908, -12570612.3688 7970526.8621, -12570675.3842 7970410.2365, -12570708.1777 7970283.5495, -12570739.0065 7969971.0622, -12570777.2626 7969847.2132, -12570843.6723 7969724.5573, -12571275.2954 7969196.965, -12571551.0443 7968924.0719, -12571643.7167 7968808.1951, -12571693.2934 7968676.7046, -12571696.5849 7968545.9684, -12571657.2783 7968433.2886, -12571583.4058 7968352.0679, -12571481.8186 7968313.2469, -12571368.6374 7968311.5168, -12571086.5834 7968399.8402, -12570920.9583 7968404.7076, -12570868.7543 7968387.4969, -12570774.983 7968324.30179999, -12570615.8868 7968138.9905, -12570471.1695 7968028.9652, -12570305.3333 7967963.4209, -12570126.8344 7967935.3745, -12569827.1818 7967932.2426, -12569335.6173 7968000.7926, -12569153.9729 7968056.58910001, -12568988.9246 7968153.8691, -12568858.9752 7968299.2502, -12568740.3157 7968544.0981, -12568575.0237 7968963.3899, -12568492.9457 7969392.1883, -12568426.1833 7969491.7084, -12568334.5539 7969566.0681, -12567699.9529 7969935.6656, -12567129.6125 7970202.0737, -12566990.1605 7970290.58079999, -12566913.4377 7970376.5474, -12566850.7098 7970484.6668, -12566734.0542 7970781.8452, -12566652.4314 7970948.3086, -12566552.0246 7971097.8321, -12566473.1825 7971182.6549, -12566332.9452 7971261.89949999, -12565962.8209 7971288.8237, -12565825.125 7971375.9025, -12565758.9707 7971467.0245, -12565712.7268 7971573.5122, -12565626.6186 7971906.2652, -12565558.6476 7971982.8716, -12565455.2258 7972008.6145, -12565399.3372 7972002.2297, -12565045.2511 7971873.2843, -12564912.4084 7971864.7956, -12564775.7516 7971883.6553, -12564644.6188 7971925.8894, -12564523.6377 7971994.0808, -12564417.5003 7972081.9086, -12564224.8318 7972279.9343, -12564057.6477 7972376.7312, -12563932.7475 7972399.6581, -12563534.9683 7972404.11469999, -12563127.9962 7972446.2172, -12562925.9301 7972448.0681, -12562665.0809 7972422.8865, -12562421.1047 7972378.5451, -12562256.7935 7972325.0679, -12562210.2723 7972296.192, -12562138.7731 7972211.6068, -12562070.6878 7972053.4634, -12562010.6247 7971962.2985, -12561971.1008 7971927.1608, -12561870.756 7971889.041, -12561756.7879 7971895.1794, -12561643.3572 7971943.9551, -12561331.3192 7972174.74669999, -12561226.0999 7972229.8438, -12561118.2366 7972251.6733, -12561014.3793 7972225.7771, -12560929.5958 7972152.7028, -12560900.347 7972100.3833, -12560866.5181 7971977.2906, -12560856.387 7971843.7292, -12560854.0069 7971507.6415, -12560932.7646 7970627.683, -12560914.3116 7970445.2873, -12560865.1432 7970343.9883, -12560789.4387 7970272.992, -12560690.6932 7970240.413, -12560534.1082 7970216.8899, -12560442.7543 7970172.5751, -12560376.2078 7970093.4726, -12560348.6557 7969988.9368, -12560351.0447 7969931.7273, -12560392.26 7969813.2569, -12560474.3258 7969702.3234, -12560619.3469 7969546.9578, -12560692.6759 7969431.8764, -12560729.1848 7969303.65129999, -12560727.1221 7969176.6017, -12560688.1649 7969063.9953, -12560616.5473 7968974.0916, -12560521.5289 7968907.2338, -12560170.9723 7968727.07379999, -12560093.875 7968654.4642, -12560033.3798 7968562.2869, -12559986.782 7968459.3904, -12559957.2495 7968344.0615, -12559935.6977 7967739.0342, -12559903.8334 7967637.508, -12559875.6371 7967598.9369, -12559802.7423 7967551.9325, -12559715.3769 7967552.7354, -12559587.8017 7967636.6557, -12559439.1796 7967820.0006, -12559353.0048 7967889.0914, -12559305.1298 7967911.1355, -12559206.4194 7967924.3691, -12559111.2205 7967892.7832, -12558862.5175 7967671.0156, -12558767.6469 7967607.9176, -12558611.9147 7967531.4644, -12558333.0189 7967436.6346, -12558234.6575 7967378.422, -12558113.9216 7967245.9251, -12557818.1345 7966746.3903, -12557704.101 7966595.3594, -12557509.3478 7966442.3449, -12557404.2701 7966389.7542, -12557295.7848 7966363.6155, -12557184.5317 7966369.4245, -12557021.0599 7966436.74889999, -12556869.4141 7966543.6293, -12556533.2076 7966829.0523, -12556431.269 7966887.1776, -12555992.1324 7966965.0157, -12555628.7434 7967113.2117, -12555526.7249 7967123.3071, -12555431.4418 7967095.3451, -12555360.6584 7967017.753, -12555300.1794 7966850.6835, -12555261.3446 7966598.5265, -12555234.7757 7966214.267, -12555207.2747 7966091.91439999, -12554971.5888 7965535.7619, -12554911.4254 7965441.3193, -12554794.7831 7965328.1083, -12554608.6119 7965225.1155, -12554453.8666 7965179.6238, -12554234.5169 7965158.0032, -12554133.6642 7965122.3905, -12554090.2503 7965090.8219, -12554022.5118 7965004.3327, -12553908.3802 7964732.9838, -12553822.9293 7964580.4942, -12553644.7904 7964342.2008, -12553407.3452 7964066.4934, -12553211.3817 7963780.0785, -12553128.8838 7963709.3074, -12552936.729 7963609.0773, -12552853.2995 7963538.5688, -12552630.3973 7963192.1546, -12552287.0574 7962807.419, -12552067.4951 7962535.9903, -12551804.0663 7962094.9228, -12551727.6427 7962021.523, -12551547.1753 7961920.4411, -12551476.6824 7961851.945, -12551445.6863 7961755.4064, -12551446.6389 7961701.1477, -12551566.5229 7961341.7204, -12551580.6867 7961219.4419, -12551560.9403 7961106.8498, -12551507.2161 7961014.3569, -12551374.9222 7960927.7475, -12551105.6758 7960861.914, -12550957.9291 7960790.4422, -12550836.1141 7960678.3728, -12550602.6375 7960384.696, -12550473.3007 7960288.4506, -12550230.5453 7960158.7244, -12550055.6908 7959971.9709, -12549980.1062 7959912.5251, -12549837.8008 7959877.91260001, -12549516.131 7959926.799, -12549416.0432 7959921.1433, -12549288.8972 7959858.5642, -12549191.1969 7959752.641, -12549120.3114 7959625.8705, -12549090.6966 7959534.6088, -12549086.8276 7959440.15739999, -12549114.4642 7959346.8222, -12549206.3992 7959224.6066, -12549460.6688 7959079.1703, -12549548.1598 7959005.7995, -12549606.9308 7958915.13449999, -12549640.3421 7958815.5289, -12549696.3342 7958317.4935, -12549692.3571 7958204.6934, -12549655.6524 7958000.3953, -12549676.1384 7957902.0262, -12549703.8007 7957857.4971, -12549795.1717 7957789.5223, -12549922.9734 7957756.5633, -12550371.0497 7957779.0158, -12550590.597 7957743.2901, -12550724.5789 7957694.6876, -12551027.6126 7957536.32590001, -12551222.9446 7957475.9408, -12551292.925 7957468.0457, -12551433.8896 7957482.03279999, -12551568.073 7957536.7363, -12551626.6465 7957580.4951, -12551712.8084 7957695.8286, -12551737.5837 7957760.2708, -12551753.0728 7957893.6366, -12551740.3842 7957957.2594, -12551685.7416 7958066.453, -12551601.9563 7958146.3532, -12551495.8899 7958198.1476, -12551215.431 7958287.0519, -12551056.6587 7958354.5631, -12550910.1011 7958448.69389999, -12550820.7346 7958527.2762, -12550706.9058 7958668.95099999, -12550648.4689 7958780.6219, -12550623.6992 7958907.1195, -12550645.8879 7959039.9468, -12550674.8643 7959104.9798, -12550761.8838 7959219.1896, -12550880.2714 7959303.5087, -12551024.5824 7959352.6786, -12551487.1965 7959416.5959, -12551696.0958 7959528.0736, -12551808.8622 7959645.1217, -12552063.6044 7960049.8224, -12552172.4564 7960158.82599999, -12552304.1572 7960225.442, -12552374.3883 7960235.6855, -12552443.1688 7960235.0682, -12552565.2354 7960190.3024, -12552655.2041 7960102.6063, -12552712.6527 7959995.2096, -12552746.8133 7959823.6492, -12552741.4057 7959606.5991, -12552778.6126 7959500.3429, -12552815.9601 7959450.9537, -12552867.7202 7959409.3469, -12553002.0515 7959351.7233, -12553242.973 7959332.9079, -12553658.5507 7959379.9252, -12554233.0518 7959408.8834, -12554850.1048 7959568.437, -12554986.2829 7959638.1036, -12555103.5917 7959740.2026, -12555421.5221 7960165.8405, -12555542.5263 7960250.03, -12555682.857 7960278.6384, -12555807.504 7960239.4521, -12555891.6632 7960151.5824, -12555924.9029 7960038.2989, -12555910.6589 7959924.7842, -12555729.2217 7959569.22169999, -12555597.6098 7959182.646, -12555547.2859 7959085.6416, -12555440.5163 7958973.3243, -12555124.4371 7958797.1964, -12555065.6719 7958707.3303, -12555051.6292 7958650.5356, -12555060.2222 7958521.9784, -12555104.3206 7958390.60189999, -12555211.2742 7958197.9581, -12555601.0615 7957652.8679, -12555848.8247 7957235.9801, -12555998.8017 7957085.895, -12556196.8205 7956976.5832, -12556340.5814 7956919.5302, -12556492.6892 7956879.9631, -12556737.7977 7956864.4093, -12556993.1996 7956901.1546, -12557498.8188 7957053.4072, -12557741.2038 7957153.2193, -12557966.761 7957277.9207, -12558104.229 7957379.2194, -12558290.9425 7957546.9404, -12558603.0778 7957894.5029, -12558722.7532 7957968.7849, -12558857.7538 7957996.5615, -12558984.2251 7957970.0441, -12559077.8605 7957897.1306, -12559127.7944 7957797.3322, -12559138.1701 7957745.25550001, -12559127.8754 7957647.2872, -12559090.0928 7957562.6161, -12558992.993 7957459.3019, -12558727.9319 7957318.884, -12558648.4392 7957252.6709, -12558429.9795 7956945.6531, -12558227.9878 7956784.3549, -12558162.0936 7956706.941, -12558130.8653 7956605.096, -12558143.5507 7956493.8261, -12558207.8967 7956392.2318, -12558320.8334 7956324.3605, -12558458.4745 7956304.0875, -12558531.6482 7956312.9634, -12558678.9803 7956363.9766, -12558887.2877 7956500.9477, -12559220.1576 7956766.76959999, -12559367.6572 7956852.3055, -12559525.8041 7956910.7363, -12559690.232 7956945.8817, -12559857.4026 7956958.7535, -12560501.3567 7956938.1291, -12560650.0803 7956960.5178, -12560791.2855 7957018.95449999, -12560909.4402 7957115.5639, -12560996.5937 7957241.6396, -12561133.785 7957605.0936, -12561212.3464 7957746.7904, -12561324.2691 7957866.1765, -12561392.1402 7957912.7591, -12561544.7894 7957969.8696, -12561706.4322 7957977.3406, -12561784.9709 7957960.014, -12562000.561 7957858.9693, -12562372.836 7957565.3355, -12562633.8995 7957291.8282, -12562708.1695 7957171.2038, -12562767.7412 7956977.3459, -12562812.7736 7956388.06009999, -12562901.7805 7955896.0528, -12562958.5023 7955784.6777, -12563048.7711 7955692.037, -12563167.9127 7955621.9685, -12563363.9112 7955537.919, -12563472.7952 7955457.8156, -12563513.0933 7955406.9863, -12563541.3435 7955350.4175, -12563560.4188 7955230.0627, -12563540.9135 7955115.3088, -12563489.2112 7955018.275, -12563363.6822 7954916.1646, -12563057.4994 7954763.9194, -12562746.701 7954483.1408, -12562366.6994 7954209.0361, -12562213.1081 7954129.2706, -12562048.0437 7954099.8875, -12561938.1222 7954119.1165, -12561888.0469 7954145.605, -12561804.343 7954229.7756, -12561750.0421 7954341.8518, -12561669.7484 7954585.6742, -12561602.2199 7954686.0844, -12561515.3698 7954758.6328, -12561362.2169 7954798.2388, -12561057.8806 7954740.0892, -12560901.4052 7954741.3099, -12560799.202 7954776.7211, -12560555.2915 7954923.8968, -12560451.9596 7954966.2584, -12560346.1704 7954974.756, -12560254.2008 7954937.563, -12560192.7182 7954860.8215, -12560174.1699 7954754.6192, -12560195.7637 7954636.69879999, -12560300.0777 7954394.5229, -12560407.9998 7954217.0109, -12560500.0488 7954104.5665, -12560828.6594 7953802.0048, -12560900.8275 7953688.4882, -12560919.4941 7953628.21809999, -12560925.3252 7953567.316, -12560908.9175 7953449.7323, -12560690.9281 7952857.9289, -12560598.0924 7952735.273, -12560510.7094 7952689.1717, -12560410.6283 7952679.1814, -12560149.2087 7952707.5068, -12559696.6876 7952685.5505, -12559397.1611 7952701.3515, -12559262.8549 7952659.7433, -12559178.1261 7952550.1406, -12559168.8065 7952454.2167, -12559180.73 7952403.4662, -12559240.3755 7952307.072, -12559332.2846 7952223.2861, -12559442.8277 7952155.8174, -12559630.5003 7952087.3479, -12559769.4381 7952076.6799, -12559913.6499 7952101.1227, -12560346.6316 7952288.1396, -12560499.8448 7952317.5868, -12560649.6275 7952310.2713, -12560720.65 7952292.3913, -12560852.7276 7952230.351, -12560965.3906 7952143.1694, -12561084.2782 7951982.7454, -12561127.3218 7951861.8519, -12561150.5905 7951737.7416, -12561217.4371 7951118.8994, -12561177.9527 7950765.9306, -12561179.2168 7950705.2891, -12561216.5968 7950585.1889, -12561251.8069 7950530.6568, -12561354.8537 7950437.4468, -12561703.0246 7950268.9149, -12561825.9575 7950179.7652, -12561906.6903 7950092.7889, -12561866.5686 7950031.4225, -12561825.2048 7949842.6859, -12561804.3039 7949578.1357, -12561765.5992 7949444.4284, -12561709.8955 7949319.7054, -12561624.3908 7948939.6918, -12561545.819 7948746.5211, -12561439.9785 7948587.3454, -12561305.7729 7948451.3285, -12561148.1337 7948343.4656, -12560989.3505 7948273.1949, -12560772.6445 7948217.3171, -12560647.0693 7948126.1092, -12560566.4402 7947993.3626, -12560502.7521 7947545.7713, -12560461.7579 7947412.7901, -12560395.9485 7947274.9581, -12560373.0186 7947123.5853, -12560208.5779 7947165.1591, -12560052.0035 7947235.3572, -12559895.005 7947261.75959999, -12559646.2539 7947207.7528, -12559404.0108 7947204.1319, -12559248.6321 7947167.5801, -12559109.2715 7947066.3167, -12559055.8328 7946984.5162, -12559014.0028 7946793.316, -12559009.3808 7946639.70059999, -12558958.1832 7946293.4893, -12559008.5823 7946093.3973, -12559178.8556 7945847.161, -12559262.9906 7945656.4508, -12559309.6571 7945400.3226, -12559292.2001 7945151.9133, -12559330.1289 7945001.3015, -12559423.209 7944877.0815, -12559556.9716 7944798.558, -12559741.8886 7944771.8297, -12559894.8139 7944728.2923, -12559795.6041 7944426.7264, -12559745.8301 7944199.3252, -12559765.3559 7944121.77, -12559868.6055 7943963.1092, -12559985.9557 7943871.5992, -12560082.1271 7943771.2598, -12560175.0553 7943635.9427, -12560139.7418 7943506.6657, -12560150.7394 7943355.9592, -12560193.7409 7943258.4942, -12560309.9777 7943153.4024, -12560310.5255 7943060.1513, -12560284.8819 7942895.3424, -12560312.764 7942742.5888, -12560397.4034 7942612.5048, -12560525.644 7942525.3044, -12560677.5562 7942494.5371, -12560836.4149 7942523.2644, -12560975.0693 7942530.13799999, -12561437.0971 7942474.42979999, -12561598.8865 7942507.4206, -12561754.9008 7942513.7716, -12562192.3215 7942438.3605, -12562268.3051 7942455.2655, -12562418.9851 7942542.9587, -12562581.1107 7942604.7282, -12562734.2193 7942635.4343, -12562871.8906 7942639.8128, -12562891.384 7942598.5283, -12562961.0033 7942263.5296, -12563034.0434 7942099.1982, -12563065.0655 7941967.8818, -12563047.3411 7941886.9385, -12563054.3502 7941778.0186, -12563080.7418 7941696.8917, -12563068.3311 7941577.6342, -12563151.509 7941239.7938, -12563169.1758 7941049.5413, -12563156.4257 7940893.6544, -12563081.4922 7940502.0625, -12563103.5366 7940307.2707, -12563084.6142 7940099.1299, -12563112.528 7939945.8756, -12563197.0875 7939815.8071, -12563494.3618 7939601.7744, -12563612.1923 7939474.3408, -12563730.3069 7939298.8674, -12563858.4531 7939211.6471, -12564010.2864 7939180.8248, -12564395.4956 7939239.1587, -12564551.4454 7939245.4482, -12564723.456 7939223.6887, -12564914.9061 7939161.30399999, -12565127.875 7939118.03899999, -12565279.8036 7939148.3813, -12565408.2223 7939235.1954, -12565493.1756 7939364.9934, -12565546.3728 7939646.0572, -12565688.1067 7940174.3505, -12565786.3943 7940357.9718, -12565927.5433 7940523.6207, -12566030.9026 7940681.5174, -12566100.4764 7941054.4344, -12566145.3567 7941204.2448, -12566240.4547 7941389.57639999, -12566359.7232 7941538.6858, -12566463.2163 7941631.3651, -12566593.7238 7941717.2224, -12566736.0328 7941781.5659, -12566877.0846 7941820.194, -12567189.3758 7941821.0401, -12567491.3911 7941895.0096, -12567541.2895 7941890.4442, -12567606.0739 7941787.6976, -12567671.6477 7941632.3241, -12567806.0394 7941452.5535, -12567960.242 7941321.1922, -12568084.6059 7941159.364, -12567867.8773 7940764.6115, -12567798.4134 7940474.6807, -12567764.014 7940393.6672, -12567706.7593 7940331.1806, -12567512.4765 7940198.7952, -12567461.9757 7940140.7804, -12567435.8578 7940072.6152, -12567444.5258 7939990.0629, -12567464.498 7939944.9744, -12567707.1895 7939686.3764, -12567831.2964 7939475.7764, -12567939.6399 7939357.1109, -12567900.444 7939182.1125, -12567928.1576 7939029.4035, -12568012.6243 7938899.2955, -12568170.2013 7938791.9115, -12568343.6585 7938704.8125, -12568481.7025 7938599.7369, -12568609.9461 7938458.4019, -12568759.5751 7938231.7587, -12568887.6455 7938144.4642, -12569039.4371 7938113.5442, -12569191.3622 7938143.8033, -12569320.77 7938231.1878, -12569435.6026 7938367.9249, -12569583.2006 7938488.8196, -12569751.1151 7938579.2741, -12569919.4968 7938633.1519, -12570108.6169 7938657.3003, -12570298.8611 7938644.8456, -12570483.2361 7938596.2456, -12570647.094 7938517.97779999, -12570803.7595 7938486.0269, -12570955.6992 7938516.252, -12571157.2619 7938635.7947, -12571229.442 7938568.9541, -12571335.5845 7938431.6239, -12571409.4567 7938293.8933, -12571456.3465 7938163.0602, -12571484.6051 7938026.9645, -12571493.4566 7937870.8671, -12571476.2861 7937704.6074, -12571515.9878 7937485.2445, -12571600.3755 7937355.1217, -12571859.2518 7937176.8692, -12571987.55 7937060.1019, -12572102.917 7936908.0823, -12572198.1913 7936706.2077, -12572298.3524 7936551.7311, -12572426.3546 7936464.3945, -12572578.0984 7936433.4094, -12572730.0049 7936463.5902, -12572858.4655 7936550.24669999, -12572943.5181 7936679.9155, -12572971.9413 7936832.445, -12572931.9746 7937039.4076, -12572927.8478 7937230.3389, -12572960.1599 7937418.5558, -12573027.7262 7937597.1413, -12573172.3873 7937821.637, -12573357.1556 7938003.2848, -12573528.008 7938121.97689999, -12573654.0243 7938180.1435, -12573838.8369 7938238.7145, -12574031.2121 7938368.4448, -12574103.8098 7938442.5446, -12574204.837 7938596.5128, -12574252.9827 7938836.5235, -12574320.592 7939015.1314, -12574420.9783 7939177.5354, -12574553.1646 7939320.1449, -12574632.3453 7939460.1635, -12574667.1062 7939660.394, -12574742.553 7939854.54739999, -12574814.596 7939973.3883, -12574929.5854 7940108.7623, -12575038.6858 7940274.9951, -12575067.1641 7940427.5898, -12575034.5631 7940579.358, -12574945.9462 7940706.7095, -12574794.2753 7940807.3726, -12574689.9591 7940899.1037, -12574454.0691 7941196.6391, -12574126.4854 7941272.9765, -12574037.4405 7941314.1388, -12574200.3966 7941544.872, -12574262.7557 7941739.2319, -12574275.3389 7941933.4392, -12574242.8207 7942291.577, -12574279.3841 7942453.5897, -12574356.439 7942542.396, -12574657.5137 7942698.6095, -12574859.3266 7942855.5478, -12574928.6667 7942953.5429, -12575047.2847 7943226.0072, -12575121.9088 7943314.508, -12575170.8599 7943345.8957, -12575284.3159 7943368.9667, -12575342.9683 7943357.3395, -12575399.4239 7943334.467, -12575552.7969 7943229.546, -12575666.8942 7943179.2655, -12575729.5467 7943167.8028, -12575863.6604 7943173.8212, -12575999.2051 7943208.6429, -12576190.8456 7943304.7244, -12576372.2335 7943421.1976, -12576533.7774 7943564.1612, -12576644.3619 7943742.5455, -12576683.2038 7943951.2668, -12576700.6873 7944523.6364, -12576679.544 7944648.4096, -12576603.8518 7944868.6347, -12576582.4891 7944981.7444, -12576606.3075 7945099.6247, -12576686.3737 7945200.0041, -12576804.7798 7945259.6806, -12576871.8909 7945268.34179999, -12577274.6974 7945225.8729, -12577669.4808 7945303.8362, -12577857.738 7945295.0552, -12577970.1728 7945258.2177, -12578070.4549 7945204.5857, -12578503.5064 7944891.9753, -12578594.4796 7944869.0756, -12578643.6232 7944873.0525, -12578732.3874 7944918.5474, -12578789.1879 7944996.6564, -12578834.099 7945240.3366, -12578896.5687 7945382.3459, -12578973.2408 7945445.5714, -12579072.9676 7945460.1906, -12579122.5663 7945446.9973, -12579208.3379 7945387.6872, -12579381.6663 7945167.49319999, -12579469.914 7945093.6374, -12579948.2016 7944874.2754, -12580052.4916 7944849.6976, -12580105.2241 7944852.1266, -12580202.0452 7944897.5607, -12580240.2331 7944938.1031, -12580289.1973 7945043.0264, -12580359.0683 7945280.4469, -12580456.0187 7945449.9626, -12580596.8934 7945591.21199999, -12580712.7862 7945661.2803, -12580838.6165 7945710.4552, -12580969.3183 7945735.6696, -12581913.1832 7945760.2692, -12582046.4129 7945778.3882, -12582171.5647 7945832.453, -12582227.1202 7945875.49, -12582460.3229 7946147.04290001, -12582627.3174 7946276.1154, -12582825.8358 7946335.6289, -12583167.3001 7946345.5542, -12583297.3994 7946401.4639, -12583400.248 7946504.9964, -12583451.6035 7946642.3539, -12583451.2288 7946779.6478, -12583408.8549 7946897.3392, -12583327.3611 7946980.8697, -12583276.3901 7947007.2692, -12583163.0632 7947033.707, -12582604.7339 7947062.28980001, -12582185.6083 7947154.6071, -12582124.949 7947152.1414, -12582007.0502 7947118.4891, -12581737.0338 7946961.3014, -12581162.4924 7946697.8873, -12580681.132 7946533.74, -12580573.4274 7946472.8106, -12580384.3561 7946318.0252, -12580280.6979 7946264.6726, -12580165.7479 7946243.8059, -12579876.0871 7946261.391, -12579763.8543 7946247.9838, -12579399.7993 7946095.4408, -12579292.4478 7946084.8699, -12579188.1816 7946099.1669, -12579045.7131 7946164.6677, -12578947.1935 7946294.8472, -12578915.7261 7946410.5202, -12578907.6017 7946537.9738, -12578936.2075 7946851.1944, -12578982.7594 7947088.82989999, -12579065.1317 7947250.5946, -12579165.9543 7947328.6824, -12579296.3799 7947367.0993, -12579437.9322 7947358.1603, -12579852.8864 7947219.7532, -12580213.077 7947178.0597, -12580423.492 7947138.1476, -12580565.3507 7947129.816, -12580700.9371 7947165.4237, -12580762.8127 7947201.509, -12580817.9775 7947249.0798, -12580900.8958 7947370.1903, -12580950.9515 7947508.4346, -12580987.9845 7947717.9173, -12580990.0891 7948244.4245, -12581002.8548 7948374.1029, -12581047.6059 7948500.9927, -12581226.2025 7948804.2646, -12581259.8086 7948936.3075, -12581359.2798 7949670.3357, -12581356.9733 7949800.8617, -12581312.659 7950042.9523, -12581325.3351 7950161.476, -12581345.837 7950219.178, -12581572.5486 7950544.1194, -12581707.6289 7950911.4829, -12581773.9901 7951028.7348, -12581819.3562 7951079.7538, -12581934.0768 7951160.6511, -12582000.7627 7951188.1894, -12582362.6713 7951272.3558, -12582496.8027 7951325.7807, -12582604.4384 7951417.5733, -12582642.4475 7951477.1879, -12582668.2914 7951542.8444, -12582689.0747 7951687.2551, -12582673.8213 7951829.7491, -12582594.4071 7952177.9232, -12582605.1012 7952326.9283, -12582627.3891 7952401.8085, -12582804.043 7952761.9333, -12582941.6482 7952956.774, -12583119.6056 7953117.4205, -12583520.6333 7953370.4438, -12583624.4793 7953480.0907, -12583664.0299 7953543.2316, -12583690.7703 7953612.1153, -12583711.7961 7953756.14989999, -12583669.267 7954100.1526, -12583670.2538 7954312.4897, -12583700.3441 7954456.7704, -12583805.911 7954735.9916, -12583844.0375 7954877.8774, -12583884.6477 7955361.4247, -12583933.999 7955497.4916, -12584024.393 7955616.6212, -12584155.1447 7955702.0239, -12584231.7307 7955729.5729, -12584394.7283 7955748.4221, -12584636.8994 7955709.0587, -12584787.2922 7955651.1558, -12584986.5119 7955526.0866, -12585096.6548 7955422.344, -12585210.9049 7955241.89729999, -12585262.0579 7955050.9134, -12585258.6678 7954860.8551, -12585210.0445 7954683.6459, -12585145.3146 7954585.7159, -12584838.0127 7954378.3432, -12584719.4245 7954228.0008, -12584520.8231 7953802.6982, -12584335.9642 7953313.813, -12584162.9351 7952949.1285, -12584104.2046 7952743.6332, -12583969.1197 7952112.1714, -12583881.7683 7951449.9569, -12583807.4168 7951288.8676, -12583603.2543 7951050.4951, -12583563.8206 7950961.725, -12583569.4841 7950862.2481, -12583591.9209 7950814.3164, -12583672.5626 7950731.9447, -12583792.4879 7950694.6865, -12583859.1188 7950698.0963, -12583923.9736 7950714.2846, -12584042.9077 7950782.1405, -12584231.9007 7950988.6732, -12584602.7825 7951500.9369, -12584800.654 7951707.7951, -12584974.6731 7951842.2373, -12585282.9397 7952021.9042, -12585392.7921 7952104.1099, -12585647.8007 7952395.8409, -12585745.3832 7952475.8408, -12585856.3871 7952527.7131, -12585977.396 7952528.2311, -12586035.7276 7952505.9501, -12586130.5546 7952417.9735, -12586193.1233 7952298.9534, -12586297.0779 7952031.4043, -12586377.084 7951910.8504, -12586565.4791 7951698.7473, -12586622.3973 7951577.842, -12586640.6434 7951447.7549, -12586620.2173 7951123.1297, -12586635.9068 7950456.7451, -12586676.4329 7950349.8182, -12586890.6547 7950128.0334, -12586951.8022 7950023.6346, -12586966.3994 7949856.1689, -12586881.6087 7949569.2469, -12586875.3782 7949476.0722, -12586919.1161 7949384.9764, -12587010.3602 7949328.1671, -12587115.9807 7949327.0856, -12587202.1005 7949374.8875, -12587261.845 7949457.5944, -12587385.1622 7949706.9001, -12587519.138 7949827.194, -12587639.3428 7949866.9884, -12587909.0636 7949870.4042, -12588044.0362 7949887.36689999, -12588170.3434 7949926.3113, -12588277.1089 7950000.8625, -12588355.6386 7950104.1839, -12588459.5882 7950333.6515, -12588586.5957 7950817.45489999, -12588643.0372 7950903.4645, -12588685.6333 7950934.7296, -12588790.6134 7950960.032, -12588896.7488 7950934.1924, -12588983.0793 7950870.104, -12589087.8953 7950759.7641, -12589131.623 7950734.1365, -12589233.9303 7950727.2976, -12589282.3264 7950743.4649, -12589359.4575 7950807.0871, -12589546.6214 7951141.4514, -12589635.2374 7951214.1151, -12589744.5904 7951240.6423, -12589800.9482 7951233.2144, -12589897.5564 7951177.14679999, -12590076.118 7950876.055, -12590314.169 7950661.0976, -12590381.0131 7950553.1371, -12590397.1662 7950494.4411, -12590397.4142 7950374.84309999, -12590256.4177 7949806.4934, -12590247.5761 7949697.2453, -12590274.8655 7949584.8584, -12590424.2128 7949215.995, -12590499.2258 7949139.3893, -12590550.6748 7949114.9209, -12590670.1401 7949101.1887, -12590797.0691 7949133.6359, -12590856.3869 7949165.4971, -12591008.9003 7949298.345, -12591206.2895 7949565.955, -12591309.8399 7949645.2444, -12591432.6275 7949689.374, -12591760.2079 7949733.5712, -12592002.6558 7949838.6023, -12592131.0564 7949859.8768, -12592254.1981 7949842.4727, -12592530.032 7949709.5977, -12592663.1573 7949695.674, -12593388.8396 7949839.7803, -12593806.6887 7949966.4884, -12593874.6527 7949976.2918, -12594005.0065 7949963.84, -12594122.2651 7949912.6787, -12594366.0004 7949723.5495, -12594696.8023 7949532.4058, -12594933.7761 7949345.3612, -12595045.1327 7949301.9669, -12595108.7891 7949297.1057, -12595244.0856 7949327.9498, -12595516.7194 7949460.7723, -12595660.812 7949511.3665, -12595810.7604 7949531.9961, -12595957.712 7949514.7154, -12596088.4752 7949458.1814, -12596142.7146 7949412.3171, -12596223.8192 7949302.2642, -12596266.0074 7949176.8718, -12596272.8127 7949049.5002, -12596251.3133 7948925.7254, -12596139.4641 7948637.8639, -12596115.3987 7948519.3049, -12596133.5712 7948392.2647, -12596274.8763 7948081.8667, -12596301.069 7947951.0252, -12596288.7679 7947752.6998, -12596172.1873 7947257.7868, -12596156.9294 7947076.6955, -12596184.5012 7946951.66269999, -12596292.7522 7946709.798, -12596330.5734 7946586.8459, -12596338.867 7946348.4537, -12596358.455 7946235.715, -12596414.9599 7946127.5575, -12596510.849 7946034.1239, -12596701.5691 7945934.0285, -12597053.8738 7945809.635, -12597205.231 7945789.6531, -12597581.0239 7945804.2242, -12597654.2309 7945791.0127, -12597790.3922 7945733.8261, -12597849.7084 7945692.2286, -12597947.5548 7945587.5879, -12598166.5119 7945235.9263, -12598255.9242 7945133.5813, -12598368.5733 7945054.57, -12598501.488 7945011.6783, -12598645.9403 7945007.6456, -12598943.8 7945046.2229, -12599095.5758 7945047.5419, -12599244.6283 7945021.4297, -12599527.1267 7944924.2796, -12599674.3917 7944903.4289, -12599749.5173 7944907.76919999, -12599824.7628 7944921.2444, -12599969.8293 7944976.8249, -12600583.2364 7945327.6477, -12600878.1775 7945459.2299, -12601033.8093 7945499.5567, -12601193.4539 7945517.2861, -12601353.6231 7945513.829, -12601511.8247 7945487.7929, -12601731.4137 7945396.3274, -12601980.9714 7945212.0807, -12602111.5732 7945047.2644, -12602241.4483 7944772.2026, -12602328.5448 7944684.1105, -12602451.7854 7944630.3737, -12602662.5749 7944586.6432, -12602799.2944 7944540.2815, -12602923.8955 7944471.7812, -12603145.3426 7944306.2098, -12603271.0612 7944248.969, -12603340.0709 7944234.14899999, -12603411.6004 7944228.3798, -12603556.7849 7944249.8611, -12603693.0074 7944316.7949, -12603809.7858 7944422.29950001, -12604021.1344 7944654.4215, -12604148.6191 7944743.7914, -12604293.2082 7944802.1643, -12604681.6305 7944880.6848, -12604892.1292 7944988.2472, -12605154.739 7945170.9586, -12605559.3309 7945413.9046, -12605740.3294 7945545.926, -12605959.8404 7945743.9068, -12606335.0565 7946171.6485, -12606504.3375 7946305.7237, -12607062.4409 7946612.5173, -12607521.3934 7946894.2308, -12607641.775 7946943.726, -12607948.4008 7947017.6686, -12608059.9971 7947063.3239, -12608150.6178 7947136.1143, -12608311.7162 7947358.0054, -12608402.9749 7947419.1234, -12608514.9647 7947434.5473, -12608623.9929 7947392.6322, -12608703.2521 7947303.0044, -12608788.316 7947136.758, -12608865.8407 7947041.5256, -12608969.2211 7946981.04869999, -12609087.033 7946964.2482, -12609147.2215 7946971.5174, -12609263.8442 7947019.3801, -12609531.0926 7947235.0824, -12609652.4517 7947314.3973, -12609862.9725 7947402.095, -12610093.7919 7947453.98709999, -12610903.8056 7947582.955, -12611493.4476 7947639.7135, -12611745.9084 7947695.9676, -12612734.3512 7948018.3929, -12612965.5686 7948123.6087, -12613392.0318 7948359.6562, -12613919.7217 7948543.3633, -12614053.9317 7948627.5335, -12614168.7634 7948736.0822, -12614439.0294 7949126.4723, -12614543.0114 7949248.5894, -12614958.2676 7949622.79950001, -12615522.8511 7950163.1047, -12615653.8071 7950254.3086, -12615871.3835 7950356.8503, -12616390.8773 7950500.9584, -12616452.9733 7950537.6347, -12616552.2595 7950636.4305, -12616587.5574 7950695.2545, -12616622.8362 7950825.5739, -12616608.4927 7951169.8388, -12616619.5851 7951308.1584, -12616662.7782 7951443.8457, -12616735.8809 7951571.0222, -12616874.8759 7951746.4639, -12617032.2889 7951911.4087, -12617419.0277 7952283.2995, -12617699.7289 7952529.3065, -12617799.6799 7952637.6789, -12618144.6497 7953162.871, -12618442.3925 7953528.9938, -12618530.4707 7953706.4033, -12618594.7472 7953959.1174, -12618623.0183 7954210.2316, -12618506.5997 7955211.1626, -12618528.2256 7955329.856, -12618612.3369 7955552.0496, -12618636.9322 7955659.1959, -12618613.4482 7955821.8171, -12618688.3014 7956373.3512, -12618710.5309 7956781.5439, -12618680.4253 7957176.9521, -12618534.0466 7958032.5071, -12618480.4886 7958914.508, -12618451.6191 7959134.25900001, -12618377.3408 7959339.9128, -12618101.9301 7959924.9391, -12617943.7855 7960500.1403, -12617674.7208 7961017.2338, -12617617.6993 7961228.4165, -12617621.2051 7961455.2564, -12617688.5638 7961843.0071, -12617736.5957 7962308.0721, -12617776.6145 7962463.4531, -12617924.3004 7962838.3764, -12617972.1706 7963071.2035, -12617975.2215 7963228.3662, -12617955.6754 7963384.3075, -12617754.8395 7964032.4051, -12617720.2569 7964179.846, -12617705.5417 7964333.4261, -12617737.9845 7964573.9594, -12617901.7336 7965039.2872, -12617970.9792 7965346.8824, -12617984.626 7965581.5363, -12617951.1208 7965962.4028, -12617737.2916 7967079.352, -12617669.5373 7967359.9317, -12617570.9088 7967626.8149, -12617334.5008 7968045.2986, -12617257.497 7968248.812, -12617181.2509 7968709.4211, -12617130.4536 7969168.772, -12617068.1526 7969378.6435, -12616894.7809 7969770.3699, -12616802.72 7970046.5794, -12616740.8743 7970338.9065, -12616689.8706 7970858.20759999, -12616607.5598 7971188.1083, -12617272.4406 7971975.671, -12617651.8141 7972374.8658, -12618872.5858 7972644.6545, -12619810.1855 7972247.56769999, -12619705.0086 7971645.227, -12618850.6008 7971084.6795, -12619189.074 7970703.1124, -12620054.3086 7970814.0675, -12620421.8973 7970463.1479, -12621029.4368 7970088.0278, -12622136.7579 7970084.6318, -12623115.9185 7970437.8137, -12623310.3794 7971072.1162, -12623200.0397 7971939.1298, -12622437.1617 7972550.7377, -12621327.3233 7972644.0998, -12620805.7494 7973171.4175, -12620824.8674 7973621.8062, -12621138.9135 7974259.3167, -12620514.4444 7975324.28279999, -12619677.8881 7975244.0209, -12619903.3172 7974589.4606, -12620093.7213 7974144.0871, -12619841.0603 7973448.0387, -12618763.8961 7973421.8446, -12617880.8172 7974030.1839, -12617177.3531 7973412.9773, -12616068.3915 7971887.4039, -12615932.4646 7972117.8015, -12615758.1833 7972507.4256, -12615452.5754 7972991.7536, -12615317.7427 7973249.2575, -12615274.5001 7973392.3378, -12615254.3256 7973546.89769999, -12615281.23 7974039.0838, -12615218.9028 7974261.7479, -12615136.421 7974383.1058, -12615034.0087 7974486.6303, -12614236.455 7975164.8687, -12614143.628 7975272.4364, -12614077.0538 7975403.72, -12614030.8177 7975635.1913, -12614026.4289 7976128.5567, -12613980.2462 7976360.9721, -12613735.7611 7976942.1014, -12613413.9168 7977651.3761, -12613275.6368 7978009.6933, -12613159.4022 7978379.725, -12613041.6556 7978985.177, -12612991.0977 7979123.7376, -12612912.3521 7979243.542, -12612813.8693 7979342.6669, -12612220.9384 7979724.5813, -12612059.7844 7979864.2835, -12611929.3236 7980027.2622, -12611872.6546 7980152.8571, -12611845.9942 7980294.5726, -12611847.1561 7980525.0839, -12611892.0779 7981000.966, -12611882.2548 7981160.1895, -12611848.4584 7981314.5305, -12611789.2302 7981457.5173, -12611710.8679 7981588.6601, -12611177.5328 7982206.8446, -12612075.3121 7982229.6058, -12612974.7237 7982222.2698, -12613773.0266 7982662.7648, -12614174.4769 7983393.6297, -12615012.6184 7983444.5836, -12615382.1121 7983657.1546, -12616243.2215 7983385.0218, -12616884.9234 7982890.2886, -12618599.8715 7982632.0432, -12619846.4956 7983142.9137, -12619953.5214 7984917.7201, -12618344.667 7985901.3043, -12618601.3739 7986266.8255, -12618485.1327 7987345.7345, -12617928.6851 7988023.3105, -12616978.6882 7988841.5003, -12615519.4787 7989616.9687, -12614613.9525 7989834.9017, -12614413.0273 7989469.1611, -12614741.9874 7988305.1467, -12615185.5332 7987354.5052, -12614739.6251 7987193.1425, -12613733.1863 7987859.1598, -12613491.7835 7989115.4361, -12613264.5976 7989801.0951, -12612615.2699 7990566.3619, -12611460.5164 7991138.4381, -12611090.4356 7990347.3517, -12612060.9466 7988748.7362, -12611292.0829 7988308.46, -12610383.5418 7988645.9916, -12608585.4045 7989742.1024, -12606953.025 7990210.9122, -12606315.9584 7989322.5576, -12606023.0357 7988539.4824, -12605765.4128 7988785.1945, -12605376.0423 7989073.2804, -12605021.2593 7989271.7523, -12604525.3817 7989496.7299, -12604355.3231 7989627.2671, -12603837.5666 7990347.5306, -12603722.3375 7990532.3621, -12603337.2587 7991338.6089, -12603228.8559 7991709.168, -12603170.2525 7991820.5183, -12603080.7933 7991907.2306, -12602916.5536 7991999.6948, -12602738.6893 7992065.1802, -12602451.3945 7992143.4113, -12602406.3554 7993068.17059999, -12601962.454 7993958.6401, -12601240.0418 7994029.5818, -12600655.1352 7993068.545, -12600517.6707 7993120.14019999, -12600414.1572 7993190.4237, -12600321.3335 7993285.4553, -12600069.9375 7993605.6236, -12599922.0459 7993737.5667, -12599766.6236 7993829.0592, -12599613.0823 7993853.3474, -12599522.4119 7993820.1989, -12599423.6799 7993712.489, -12599395.8482 7993603.9724, -12599410.7128 7993477.2675, -12599466.776 7993348.9422, -12599602.8192 7993168.3347, -12599818.4084 7992937.8256, -12600160.9648 7992612.9804, -12599995.9687 7992281.9198, -12600035.6306 7991922.1373, -12600519.523 7991784.7953, -12601019.4496 7992116.796, -12601338.9377 7992074.0154, -12601481.0895 7992011.6576, -12601540.7696 7991968.0652, -12601630.3647 7991862.8943, -12601657.4461 7991805.0663, -12601673.6342 7991745.7827, -12601673.9378 7991630.5549, -12601658.1644 7991578.5214, -12601598.7777 7991491.9913, -12601464.271 7991409.8928, -12601030.7237 7991289.4582, -12600873.5341 7991229.6611, -12600482.6006 7991001.7938, -12600331.4418 7990938.2426, -12600076.1029 7990861.55349999, -12599647.736 7990818.1872, -12599494.1225 7990772.6396, -12599396.5036 7990713.919, -12599259.8465 7990599.9333, -12598964.7551 7990286.684, -12598830.5747 7990166.044, -12598688.3015 7990062.6806, -12598584.9551 7990015.63579999, -12598416.6225 7989995.5556, -12598246.6998 7990026.3668, -12598030.3338 7990106.9172, -12597611.7376 7990297.4124, -12597344.7577 7990353.0557, -12596479.6861 7990413.7087, -12596397.0851 7990389.9925, -12596337.5807 7990338.4577, -12596322.2193 7990301.3519, -12596330.0547 7990211.9345, -12596386.1851 7990124.43379999, -12596430.8622 7990087.9487, -12596608.707 7990019.3991, -12596753.032 7990007.8047, -12597217.1364 7990012.5612, -12597447.8708 7989971.90659999, -12597594.2767 7989924.4685, -12597861.3158 7989788.2758, -12598036.1223 7989657.8089, -12598139.8162 7989560.2634, -12598323.9423 7989342.3601, -12598458.1904 7989106.3904, -12598547.9451 7988865.0966, -12598624.9496 7988503.9059, -12598685.4237 7988389.1745, -12598837.616 7988243.7427, -12599280.4303 7987980.8315, -12599392.3904 7987893.905, -12599486.1829 7987789.1214, -12599683.928 7987500.7664, -12599978.4248 7987111.7101, -12600034.1158 7986993.1611, -12600068.3898 7986870.1028, -12600094.9014 7986432.6593, -12600144.6827 7986319.5824, -12600183.9761 7986268.5856, -12600289.5386 7986181.5936, -12600720.9958 7986005.467, -12600997.2211 7985850.0824, -12601888.4001 7985244.7202, -12602058.244 7985108.7611, -12602151.2902 7985009.6843, -12602241.2194 7984852.4097, -12602271.5386 7984640.0456, -12602261.4639 7984483.905, -12602233.0541 7984333.2951, -12602156.5109 7984153.164, -12602058.0532 7984038.0181, -12601694.4792 7983746.2165, -12601245.0593 7983533.3051, -12600875.8463 7983302.5484, -12600463.0481 7983165.1785, -12599974.696 7983036.0147, -12599664.6501 7982933.8394, -12599505.7777 7982907.4674, -12599397.8126 7982916.7243, -12599176.3856 7982996.8746, -12599012.6455 7983097.7889, -12598855.9862 7983220.4372, -12598477.8449 7983608.46630001, -12597912.0463 7984148.7419, -12597643.8156 7984454.3411, -12596839.3687 7985306.9955, -12596740.9769 7985381.5308, -12596633.9835 7985433.407, -12596519.62 7985455.9637, -12596344.0208 7985444.18819999, -12595731.3968 7985253.0506, -12595517.5372 7985169.5432, -12595288.9708 7985021.5542, -12595145.3843 7984857.8091, -12595086.9361 7984692.92149999, -12595084.9672 7984567.6502, -12595115.0657 7984435.9944, -12595235.254 7984109.83739999, -12595252.7842 7983976.0243, -12595233.5906 7983840.9946, -12595012.4949 7983250, -12594863.0455 7982929.6108, -12594721.6255 7982697.3784, -12594581.8757 7982557.9132, -12594318.0305 7982385.117, -12594205.2912 7982344.961, -12594025.8481 7982321.927, -12593698.5841 7982346.0262, -12593357.7231 7982396.8367, -12593022.2508 7982470.0995, -12592828.5354 7982482.1109, -12592645.8657 7982427.4991, -12592386.1522 7982236.9518))"
18,20873,1279,2023-10-15 06:33:14,PWF120, ,193.3,2023-07-30,1400,0 - hand sketch of any type,Wildfire,Under Control,2023/07/29 16:50:00,D,200.0,1690124100000,Lightning,5,ac473164-f8ee-4e42-8d49-01d20f22594f,6590675.2890625,28778.1314759604,"POLYGON ((-12954021.8813 7808669.6003, -12953731.2425 7808608.0836, -12953712.6594 7808588.8539, -12953631.1029 7808565.5835, -12953620.1572 7808587.3997, -12953630.0633 7808652.956, -12953694.6356 7808693.3531, -12953703.162 7808715.9436, -12953671.6967 7808734.4425, -12953636.9765 7808720.2152, -12953588.2203 7808738.9127, -12953592.5978 7808803.0378, -12953568.1007 7808828.2316, -12953497.161 7808804.8097, -12953434.2045 7808846.8741, -12953399.1075 7808884.7776, -12953413.8983 7808937.9979, -12953359.5964 7808970.9919, -12953378.8918 7808999.2883, -12953417.5502 7809008.6681, -12953471.4785 7808979.0803, -12953485.5962 7808941.5377, -12953549.2633 7808937.1628, -12953587.7345 7808899.6773, -12953626.8122 7808898.7933, -12953649.1426 7808926.9942, -12953681.0919 7808934.0281, -12953733.4379 7808904.1388, -12953757.3279 7808855.0195, -12953802.5178 7808858.076, -12953844.1982 7808817.206, -12953974.0637 7808823.1298, -12953960.0466 7808897.3114, -12953975.3715 7808942.8798, -12953972.3157 7809008.7846, -12953923.8955 7809036.6299, -12953912.43 7809065.6813, -12953887.339 7809061.1932, -12953867.4475 7809077.2017, -12953867.6505 7809167.0284, -12953823.0756 7809219.7206, -12953805.7589 7809269.4037, -12953795.4873 7809241.6031, -12953765.2522 7809243.671, -12953702.6569 7809212.97029999, -12953663.7579 7809236.5562, -12953655.6851 7809299.0929, -12953609.293 7809298.0616, -12953569.8861 7809319.0885, -12953540.8711 7809306.16700001, -12953494.6833 7809317.8363, -12953385.8836 7809400.0633, -12953348.0748 7809468.9766, -12953308.9966 7809452.6731, -12953243.9721 7809477.3313, -12953227.1046 7809437.3123, -12953175.6288 7809440.273, -12953154.3194 7809519.6291, -12953103.8125 7809553.2633, -12953060.896 7809519.8642, -12953034.9978 7809538.0894, -12952964.5681 7809508.8815, -12952939.5959 7809512.7896, -12952896.8979 7809629.381, -12952545.3735 7809726.4851, -12951651.359 7809679.8031, -12951570.618 7809688.3434, -12951343.9491 7809327.8333, -12951270.2034 7809397.1603, -12951230.2571 7809459.0126, -12951152.7794 7809516.6077, -12951144.6562 7809550.0035, -12951088.2636 7809589.6396, -12951089.3532 7809602.7874, -12951073.2535 7809600.182, -12951061.5334 7809568.2247, -12951030.0314 7809560.2414, -12950956.4224 7809632.077, -12950951.2716 7809670.5197, -12950919.9854 7809677.8524, -12950899.271 7809636.5897, -12950868.626 7809635.9306, -12950804.2109 7809677.9896, -12950790.5104 7809715.6441, -12950697.2798 7809736.1252, -12950699.6552 7809758.4558, -12950655.6105 7809787.2842, -12950641.3124 7809826.6124, -12950614.5165 7809837.6305, -12950606.5909 7809867.9277, -12950581.3547 7809882.1317, -12950571.0474 7809929.4136, -12950550.444 7809925.0085, -12950530.694 7809897.57670001, -12950505.2981 7809922.4094, -12950466.6697 7809918.1067, -12950439.4276 7809939.475, -12950423.7129 7810048.775, -12950340.5182 7810032.3456, -12950360.6788 7809953.85450001, -12950345.302 7809898.0091, -12950320.3663 7809883.5434, -12950291.8366 7809893.8928, -12950292.8463 7809929.6871, -12950216.6924 7809937.5223, -12950199.4681 7809953.4541, -12950192.4007 7809995.0492, -12950245.1491 7810034.7638, -12950222.6435 7810043.3645, -12950223.0415 7810062.0644, -12950210.1652 7810048.0369, -12950185.6923 7810050.7372, -12950144.5703 7810073.4985, -12950132.1491 7810040.262, -12950087.5209 7810029.7781, -12950046.7017 7810061.9444, -12950018.226 7810040.7496, -12949993.9531 7810043.3727, -12949993.4871 7810061.1845, -12950055.9073 7810136.034, -12949993.0356 7810150.3687, -12949974.655 7810168.3127, -12949950.3384 7810138.4985, -12949931.072 7810150.9811, -12949924.1585 7810195.03, -12949921.2754 7810179.7164, -12949915.1278 7810191.2245, -12949922.9344 7810220.3789, -12949896.5301 7810218.143, -12949885.3313 7810249.2572, -12949821.9752 7810237.8848, -12949800.3403 7810276.8383, -12949810.9789 7810291.6165, -12949758.5729 7810308.02880001, -12949752.2851 7810323.2781, -12949770.0364 7810381.3931, -12949763.3802 7810403.8927, -12949815.4228 7810412.0018, -12949827.6876 7810452.1498, -12949953.6017 7810536.6469, -12949870.9269 7810587.2404, -12949814.2677 7810580.4069, -12949764.9 7810618.0837, -12949733.0781 7810610.7167, -12949716.5823 7810628.7346, -12949706.4013 7810610.1155, -12949646.6139 7810597.5549, -12949627.8853 7810639.6291, -12949638.7816 7810665.5339, -12949600.8333 7810655.8444, -12949553.0791 7810696.0197, -12949517.4142 7810687.8328, -12949503.0876 7810710.8109, -12949465.2616 7810712.238, -12949409.4518 7810687.0784, -12949378.9025 7810625.5931, -12949387.9662 7810602.4254, -12949429.3429 7810635.5558, -12949437.2166 7810619.0088, -12949431.5758 7810567.3855, -12949413.3707 7810559.9765, -12949424.0729 7810511.3129, -12949412.9992 7810490.8271, -12949433.6497 7810452.67849999, -12949376.8732 7810435.7345, -12949321.568 7810462.0047, -12949317.084 7810420.0014, -12949300.5037 7810411.1537, -12949257.7618 7810418.8851, -12949222.3435 7810457.2221, -12949210.6694 7810483.2945, -12949228.2204 7810511.7632, -12949207.5048 7810530.9155, -12949170.193 7810494.6452, -12949183.9535 7810358.6988, -12949158.7861 7810319.7308, -12949199.7382 7810329.3589, -12949224.2287 7810275.6679, -12949200.993 7810191.4323, -12949138.4873 7810187.7242, -12949116.6872 7810154.8311, -12949126.6795 7810147.214, -12949169.3782 7810173.8721, -12949178.0193 7810154.9411, -12949157.8208 7810118.0325, -12949105.5714 7810110.9335, -12949091.7641 7810093.9567, -12949066.0769 7810118.8729, -12949072.549 7810149.2532, -12949032.4963 7810147.7778, -12949040.5407 7810194.0291, -12948993.5032 7810223.8618, -12949001.8339 7810307.355, -12948917.2211 7810315.0945, -12948905.0178 7810329.9793, -12948885.6577 7810300.1114, -12948919.8642 7810221.0545, -12948908.5827 7810204.1267, -12948866.6076 7810234.6311, -12948837.4381 7810233.5095, -12948807.1183 7810305.9778, -12948787.9499 7810311.0328, -12948584.4824 7810212.1249, -12948660.7827 7809833.4494, -12948720.7287 7809763.0252, -12948776.7358 7809789.152, -12948817.7732 7809781.2727, -12948804.6028 7809756.6382, -12948822.0155 7809740.3813, -12948838.2608 7809743.235, -12948852.4258 7809771.2464, -12948879.2166 7809754.5665, -12948883.0986 7809721.4508, -12948945.7389 7809737.8084, -12948976.9924 7809674.2127, -12948965.6265 7809656.2465, -12948979.7108 7809634.155, -12948961.3982 7809589.1782, -12949053.3929 7809492.3208, -12949015.4898 7809452.461, -12948994.609 7809452.6722, -12948997.8415 7809394.5789, -12949026.288 7809395.9897, -12949028.5886 7809384.5583, -12949056.47 7809402.94520001, -12949076.6719 7809398.65, -12949109.1169 7809439.1845, -12949180.3583 7809391.4224, -12949231.3123 7809381.994, -12949266.4966 7809394.9847, -12949319.9718 7809348.2257, -12949352.1155 7809282.1683, -12949392.8245 7809249.5756, -12949351.9985 7809220.1827, -12949357.4843 7809126.4818, -12949343.0511 7809098.1778, -12949324.049 7809073.476, -12949281.1827 7809070.1706, -12949251.6077 7809085.8638, -12949228.8591 7809074.6394, -12949239.5485 7809027.5414, -12949311.459 7809020.3864, -12949359.348 7809060.6128, -12949365.2852 7809102.863, -12949489.1229 7809150.1037, -12949499.4224 7809121.7869, -12949511.4639 7809121.6822, -12949506.5158 7809070.8702, -12949536.1319 7808989.8827, -12949524.7308 7808936.6602, -12949503.2782 7808908.0051, -12949591.2319 7808840.3514, -12949650.1345 7808852.3602, -12949709.6721 7808787.5632, -12949861.4281 7808747.1105, -12949834.6759 7808701.5657, -12949820.5178 7808703.11, -12949774.0618 7808647.5755, -12949773.0573 7808584.2418, -12949811.7882 7808578.1105, -12949854.9017 7808547.4478, -12949877.4029 7808499.1265, -12949937.467 7808489.6984, -12950056.2364 7808557.4848, -12950034.484 7808605.4357, -12949985.8052 7808619.8736, -12949962.3083 7808648.4837, -12949972.6956 7808670.0223, -12950049.5566 7808678.5964, -12950091.7108 7808654.9621, -12950107.9354 7808661.5124, -12950113.4236 7808640.1388, -12950156.8964 7808624.9057, -12950226.1598 7808615.5291, -12950279.9727 7808628.734, -12950308.7639 7808618.5714, -12950311.0087 7808600.4073, -12950365.0197 7808601.14329999, -12950374.9363 7808588.1032, -12950341.1419 7808524.7331, -12950297.4757 7808485.0818, -12950270.2726 7808488.7502, -12950264.732 7808444.9434, -12950313.7084 7808433.7029, -12950344.4126 7808406.9412, -12950358.444 7808319.2787, -12950394.9266 7808316.0496, -12950407.4599 7808297.6787, -12950437.5586 7808304.5756, -12950432.9278 7808344.1433, -12950465.1076 7808349.1964, -12950565.6557 7808279.9995, -12950620.7174 7808309.7488, -12950620.1785 7808337.4543, -12950563.7623 7808368.5142, -12950561.236 7808418.403, -12950598.33 7808428.3483, -12950634.9269 7808378.0322, -12950665.6231 7808360.3252, -12950803.1908 7808389.7038, -12950853.8395 7808366.9903, -12950902.6509 7808303.7914, -12950929.6286 7808305.1586, -12950973.89 7808272.8593, -12951067.0293 7808285.7672, -12951135.3054 7808354.1774, -12951178.8779 7808356.3377, -12951223.2081 7808332.3758, -12951266.7049 7808338.8473, -12951265.8021 7808359.1475, -12951302.1934 7808414.6975, -12951297.5052 7808447.9087, -12951276.7155 7808442.5104, -12951272.8065 7808397.8907, -12951177.8115 7808469.1992, -12951161.2515 7808441.9625, -12951114.8086 7808433.8814, -12951012.9329 7808504.9974, -12951032.6488 7808534.337, -12950996.5444 7808543.6093, -12950999.7774 7808593.3518, -12951070.4588 7808587.7932, -12951183.2272 7808628.0405, -12951198.2123 7808650.9527, -12951223.3609 7808645.7499, -12951225.4062 7808601.9567, -12951242.47 7808584.9307, -12951260.4977 7808594.5874, -12951364.8227 7808545.634, -12951435.7256 7808607.0874, -12951435.9977 7808629.5546, -12951467.3993 7808631.017, -12951484.3081 7808552.813, -12951550.2695 7808508.7202, -12951556.1491 7808467.5151, -12951583.5291 7808479.5914, -12951613.9405 7808464.5619, -12951642.8113 7808478.4223, -12951702.9898 7808431.9047, -12951713.7165 7808403.9921, -12951764.9544 7808418.1322, -12951820.1187 7808374.9757, -12951933.1116 7808392.4008, -12951978.1655 7808362.3182, -12951988.6069 7808330.4081, -12951939.6903 7808298.1276, -12951905.6086 7808293.7615, -12951900.9088 7808237.1555, -12951884.8385 7808219.1191, -12951788.5948 7808192.76, -12951719.8219 7808133.1728, -12951752.768 7808060.4406, -12951724.0091 7807999.7148, -12951762.9702 7807971.0761, -12951788.2493 7807988.899, -12951784.6974 7808022.6249, -12951807.5624 7808058.7815, -12951859.5604 7808087.6312, -12951933.4912 7808095.2421, -12951950.6895 7808068.3468, -12951951.1591 7808019.7244, -12951919.5095 7807986.3308, -12951935.0748 7807968.3908, -12951989.3205 7807970.9994, -12952014.6054 7807933.883, -12952061.7717 7807957.103, -12952144.1587 7807963.6635, -12952178.1556 7808061.0563, -12952156.8952 7808103.1728, -12952178.608 7808121.1355, -12952198.8372 7808198.9593, -12952234.2954 7808206.8895, -12952250.6972 7808237.9715, -12952302.9515 7808214.3048, -12952330.1055 7808164.7662, -12952349.9615 7808162.7007, -12952385.8168 7808187.8141, -12952366.7381 7808244.7602, -12952302.0323 7808319.6499, -12952301.0669 7808332.3561, -12952362.4009 7808376.205, -12952417.2368 7808361.6401, -12952457.7712 7808377.9856, -12952522.8243 7808379.2678, -12952593.054 7808352.6832, -12952649.3731 7808348.6894, -12952689.7471 7808307.6091, -12952756.1321 7808308.2256, -12952770.5533 7808328.288, -12952804.0572 7808337.1246, -12952880.1761 7808317.6768, -12952916.4542 7808345.992, -12952939.6286 7808332.3824, -12952935.13 7808286.5421, -12952974.4605 7808293.7474, -12953019.2539 7808278.0012, -12953045.3755 7808318.4963, -12953026.0492 7808364.9808, -12953051.5105 7808406.0258, -12953087.0789 7808408.7921, -12953065.657 7808455.718, -12953075.4563 7808478.2895, -12953108.6545 7808492.0117, -12953159.5824 7808436.3027, -12953153.7172 7808386.8521, -12953122.926 7808357.4819, -12953163.6546 7808291.5547, -12953157.6306 7808259.9903, -12953171.9898 7808230.8914, -12953215.0996 7808230.9569, -12953231.0623 7808202.7473, -12953206.7615 7808150.712, -12953195.4591 7808153.3639, -12953137.8581 7808083.0807, -12953181.1783 7808057.0664, -12953191.356 7808073.8436, -12953265.2013 7808089.2008, -12953267.4339 7808136.4758, -12953298.76 7808146.3179, -12953311.6371 7808206.9479, -12953393.0033 7808262.83739999, -12953407.3959 7808250.593, -12953397.4086 7808222.8443, -12953409.7058 7808133.308, -12953485.5095 7808133.6951, -12953517.854 7808099.8446, -12953517.0931 7808046.0695, -12953488.8316 7808017.5637, -12953458.9824 7808037.3875, -12953453.0103 7808060.7284, -12953404.3806 7808030.6114, -12953411.8021 7808000.4332, -12953389.4873 7807960.2431, -12953419.3476 7807962.4355, -12953424.3271 7807934.4391, -12953406.7486 7807900.4956, -12953432.7507 7807867.3838, -12953455.6247 7807883.7092, -12953501.6484 7807878.9788, -12953514.3904 7807906.4602, -12953540.9807 7807915.1355, -12953606.0579 7807918.011, -12953648.1509 7807898.7533, -12953705.7817 7807929.2081, -12953737.8749 7807924.8838, -12953761.3639 7808002.2813, -12953825.451 7808040.1826, -12953835.3028 7808111.8408, -12953861.9992 7808136.4483, -12953855.3232 7808165.0631, -12953777.859 7808199.1605, -12953753.6165 7808194.8186, -12953749.4142 7808219.4271, -12953768.2816 7808237.0952, -12953813.0713 7808238.7564, -12953850.4991 7808304.6317, -12953822.147 7808360.53, -12953796.2106 7808357.5331, -12953791.033 7808333.4839, -12953769.2999 7808323.65869999, -12953716.3361 7808369.8924, -12953944.9118 7808446.288, -12954017.6878 7808599.2383, -12954021.8813 7808669.6003), (-12949620.5922 7810527.9583, -12949645.5338 7810523.6483, -12949629.5383 7810496.2781, -12949646.6628 7810493.5505, -12949657.038 7810463.896, -12949702.7865 7810465.8107, -12949693.9577 7810438.5894, -12949710.6045 7810423.2277, -12949701.5498 7810400.4664, -12949720.2871 7810379.7689, -12949716.5507 7810357.5162, -12949690.8692 7810362.9715, -12949641.2761 7810405.933, -12949560.9879 7810401.6061, -12949548.118 7810415.7398, -12949562.3387 7810441.9969, -12949544.6383 7810487.1675, -12949620.5922 7810527.9583), (-12949527.6008 7809837.7465, -12949568.1773 7809825.2487, -12949675.3484 7809833.2854, -12949699.6897 7809779.2937, -12949671.5024 7809775.0651, -12949666.8114 7809745.9381, -12949607.7442 7809733.6475, -12949600.6524 7809712.8712, -12949529.9242 7809684.8283, -12949527.3884 7809659.25509999, -12949490.7743 7809624.78, -12949447.0651 7809652.1734, -12949426.1764 7809634.5624, -12949379.0151 7809630.8256, -12949371.8311 7809670.1979, -12949347.9466 7809684.8089, -12949347.7026 7809748.8731, -12949422.4491 7809803.6856, -12949436.7905 7809833.659, -12949509.1371 7809846.5757, -12949527.6008 7809837.7465), (-12949705.725 7809635.4319, -12949674.5493 7809645.362, -12949667.0821 7809670.5664, -12949693.0182 7809713.9451, -12949749.1267 7809720.5474, -12949764.2726 7809742.9966, -12949805.9042 7809757.9835, -12949826.0247 7809788.1841, -12949890.7484 7809765.6345, -12949905.3217 7809774.2781, -12950014.13 7809760.2743, -12950015.4602 7809714.2413, -12949986.5855 7809685.1312, -12949957.2687 7809684.7923, -12949901.9374 7809720.9114, -12949840.6013 7809698.5973, -12949819.4332 7809673.9215, -12949755.0197 7809658.8715, -12949740.5398 7809630.2586, -12949705.725 7809635.4319), (-12949760.5607 7809449.7833, -12949802.4764 7809404.2149, -12949806.9816 7809379.7148, -12949787.2695 7809356.0415, -12949725.2888 7809397.0139, -12949733.8449 7809447.1788, -12949749.2364 7809437.3006, -12949760.5607 7809449.7833))"
19,20877,826,2023-10-15 06:33:14,SWF063, ,118235.7,2023-06-30,1758,1 - non-corrected ground GPS,Wildfire,Under Control,2023/07/02 09:00:00,E,123670.0,1683216300000,Lightning,1,13ed2408-de27-4132-8589-5c25b47d85dc,3598324213.10156,650726.167453099,"MULTIPOLYGON (((-12913875.0433 7351871.7855, -12913928.5357 7351883.2171, -12913999.0306 7351876.2425, -12914035.5527 7351825.92099999, -12914125.2725 7351798.5845, -12914150.4401 7351749.814, -12914166.073 7351754.9279, -12914178.2532 7351741.7864, -12914185.4389 7351712.2471, -12914230.1576 7351671.2787, -12914239.247 7351646.0654, -12914296.1406 7351620.9617, -12914326.5139 7351622.1828, -12914340.9912 7351580.556, -12914376.4371 7351564.5753, -12914392.6508 7351529.6193, -12914438.672 7351518.0707, -12914457.498 7351477.953, -12914466.322 7351487.1496, -12914488.6751 7351443.3333, -12914526.4755 7351419.9036, -12914613.4511 7351398.6096, -12914640.0009 7351401.0161, -12914682.369 7351431.5781, -12914708.6867 7351399.5819, -12914737.7672 7351407.4798, -12914815.997 7351388.2142, -12914874.8479 7351402.3341, -12914906.4904 7351392.6592, -12914965.2616 7351409.4374, -12914995.5906 7351403.2062, -12915032.4931 7351455.6892, -12915091.3123 7351467.6641, -12915135.0498 7351501.192, -12915185.2123 7351603.0557, -12915219.5257 7351617.256, -12915214.4391 7351629.4319, -12915249.5919 7351621.5335, -12915257.2303 7351644.5307, -12915304.5467 7351661.46149999, -12915318.3113 7351646.4885, -12915397.6487 7351657.6561, -12915433.9666 7351634.8622, -12915449.7611 7351680.7181, -12915535.4269 7351751.6684, -12915537.2526 7351775.4059, -12915595.9365 7351780.7458, -12915671.6486 7351863.9051, -12915740.6463 7351884.4545, -12915777.3521 7351865.3718, -12915781.2594 7351848.4699, -12915804.7218 7351845.9597, -12915834.7243 7351867.3424, -12915860.9233 7351913.8296, -12915847.86 7351928.4833, -12915864.1071 7352028.5756, -12915839.5463 7352085.1561, -12915837.1715 7352155.4834, -12915872.2129 7352185.5282, -12915916.3309 7352281.8571, -12915952.1033 7352304.0906, -12915947.6281 7352353.8757, -12916069.1298 7352399.4611, -12916145.3168 7352496.9491, -12916156.1166 7352540.9393, -12916112.1843 7352548.3347, -12916142.8232 7352580.4973, -12916103.1842 7352627.9064, -12916107.4032 7352676.7403, -12916133.8027 7352702.7939, -12916234.1702 7352738.9958, -12916246.6491 7352758.6007, -12916245.7975 7352814.033, -12916291.2047 7352810.6148, -12916307.3676 7352823.4317, -12916298.112 7352839.0953, -12916334.6591 7352845.2775, -12916081.3115 7352956.3789, -12915979.5101 7352892.1701, -12915537.338 7354623.4524, -12915564.5686 7354679.0398, -12915651.7522 7354709.9702, -12915678.2035 7354759.9162, -12915694.2373 7354763.9332, -12915715.9872 7354996.6618, -12915745.3885 7355088.8303, -12915737.7816 7355123.6341, -12915751.6336 7355168.5864, -12915730.3251 7355191.7298, -12915763.5096 7355237.27049999, -12915753.116 7355268.688, -12915771.6247 7355296.8282, -12915741.7076 7355325.9741, -12915796.1502 7355393.6222, -12915806.0243 7355488.3323, -12915755.5539 7355475.9149, -12915671.2498 7355415.6188, -12915632.1209 7355458.3361, -12915469.3719 7355751.2804, -12915456.7538 7355820.9653, -12915415.6416 7355862.4016, -12915312.5728 7356037.6227, -12915288.7894 7356083.6854, -12915293.333 7356106.8349, -12915264.0636 7356123.4422, -12915168.0282 7356346.6761, -12915034.8028 7356565.7239, -12915020.6968 7356611.544, -12914986.3881 7356650.8125, -12914981.1283 7356691.9331, -12914943.2501 7356725.6451, -12914886.9687 7356881.2086, -12914785.5455 7357034.506, -12914760.5987 7357151.9234, -12914721.5646 7357187.79029999, -12914717.893 7357224.889, -12914685.5342 7357234.9978, -12914645.3294 7357280.3079, -12914599.783 7357376.9551, -12914585.2001 7357382.52839999, -12914506.2114 7357523.6542, -12914482.5136 7357601.1332, -12914438.0951 7357651.9059, -12914439.5757 7357674.934, -12914416.9499 7357701.0981, -12914420.4344 7357724.9216, -12914332.4809 7357857.0593, -12914278.91 7357974.0786, -12914233.8573 7358027.1201, -12914211.5153 7358105.3865, -12914144.0743 7358222.8135, -12914119.2817 7358258.3815, -12914080.947 7358261.592, -12914108.0383 7358268.76, -12914096.2219 7358283.0278, -12914087.9248 7358270.4994, -12914085.8375 7358291.6024, -12914106.018 7358283.2542, -12914111.9958 7358301.36, -12914079.715 7358317.6585, -12914099.5113 7358325.5797, -12914075.9005 7358339.43729999, -12914052.2024 7358332.3985, -12914048.7275 7358394.2983, -12914001.1606 7358469.2123, -12913906.3684 7358523.7089, -12913909.3906 7358617.9175, -12913943.4081 7358726.3245, -12913903.0436 7358769.24759999, -12913837.8883 7358778.2298, -12913778.1653 7358877.285, -12913713.0322 7359026.3599, -12913679.7218 7359059.0634, -12913634.2349 7359162.4908, -12913562.3707 7359267.6978, -12913548.8658 7359318.0481, -12913475.3615 7359429.2847, -12913311.6996 7359760.0842, -12913243.2287 7359838.7723, -12913191.0386 7359967.9678, -12913141.8206 7360024.8646, -12913049.5849 7360237.9392, -12912963.7576 7360378.4021, -12912958.7935 7360430.3479, -12912955.9726 7360427.7214, -12912958.0989 7360432.5012, -12912958.7935 7360430.3479, -12913001.8789 7360432.5725, -12913054.418 7360460.7703, -12913111.2242 7360460.22380001, -12913131.1468 7360431.806, -12913259.7302 7360340.3083, -12913282.1314 7360285.7634, -12913310.2728 7360289.2367, -12913320.0728 7360258.8178, -12913356.3034 7360236.9012, -12913380.4597 7360161.8181, -12913368.8158 7360101.172, -12913381.5489 7360056.822, -12913421.1081 7360032.2314, -12913520.958 7360016.9706, -12913565.4523 7359983.1733, -12913598.2043 7359975.4864, -12913611.9041 7359943.523, -12913605.5088 7359915.7537, -12913623.9322 7359881.572, -12913741.7992 7359797.7741, -12913769.7849 7359797.7481, -12913884.7705 7359740.1706, -12913972.4086 7359772.5667, -12914071.162 7359750.3019, -12914077.3032 7359803.1294, -12914116.9346 7359824.0617, -12914116.7232 7359887.6646, -12914213.0237 7359955.5139, -12914261.9097 7360025.065, -12914333.6163 7360085.4357, -12914405.3562 7360104.9137, -12914432.2527 7360152.8342, -12914499.9108 7360153.6394, -12914523.7537 7360189.1645, -12914573.1962 7360200.8098, -12914659.8324 7360151.5469, -12914694.7107 7360113.8781, -12914721.9431 7360124.7376, -12914782.8924 7360099.8365, -12914794.1895 7360072.1767, -12914822.7002 7360074.159, -12914879.6328 7360050.7553, -12914939.1923 7360076.2578, -12914988.4141 7360036.5486, -12915116.7878 7359997.9748, -12915254.95 7360009.4811, -12915281.5296 7359985.7864, -12915418.6843 7359982.0318, -12915478.437 7359962.0044, -12915490.4224 7359944.105, -12915546.4866 7359943.4711, -12915602.3801 7359850.1716, -12915661.1791 7359835.4804, -12915695.6084 7359785.9256, -12915709.1094 7359727.119, -12915784.7715 7359737.0566, -12915819.7387 7359718.54, -12915842.5816 7359744.1029, -12915894.5214 7359751.7379, -12915980.7438 7359735.1744, -12916036.1978 7359687.6381, -12916005.8219 7359638.8054, -12916055.1256 7359648.2954, -12916104.8795 7359633.9427, -12916138.5664 7359586.9773, -12916164.2159 7359577.9868, -12916162.5647 7359560.7855, -12916142.8771 7359581.1051, -12916065.7125 7359538.7764, -12916034.5274 7359538.2337, -12916014.5399 7359551.7474, -12916029.0378 7359559.1455, -12916009.5874 7359595.6856, -12915987.9134 7359603.215, -12915998.0297 7359625.2995, -12915961.8827 7359657.3734, -12915937.5019 7359661.7259, -12915932.973 7359685.6686, -12915890.0631 7359696.2237, -12915842.4554 7359680.0614, -12915813.7795 7359708.7287, -12915708.0242 7359726.0358, -12915693.2779 7359783.5164, -12915665.8379 7359811.3593, -12915595.6713 7359844.6739, -12915602.0609 7359831.9134, -12915587.6043 7359823.3211, -12915627.1065 7359646.6902, -12916479.4839 7359259.0604, -12916556.599 7359759.8752, -12916566.8848 7360114.3866, -12916522.003 7360374.6798, -12916304.7013 7361050.1472, -12916265.3417 7361311.1992, -12916268.0769 7361397.9429, -12916305.2799 7361564.4379, -12916382.4907 7361711.7028, -12916486.7245 7361837.8699, -12916547.7106 7361890.4412, -12916757.5432 7362001.4869, -12916985.478 7362041.6738, -12917685.2505 7362053.3545, -12917919.3881 7362075.677, -12918146.8851 7362137.471, -12918282.5764 7362212.9329, -12918342.4557 7362262.3984, -12918395.8382 7362318.3182, -12918477.7182 7362446.0367, -12918529.347 7362590.0021, -12918627.4407 7362963.4728, -12918717.1995 7363177.0528, -12918797.1495 7363306.259, -12918960.2003 7363459.3635, -12919282.9981 7363657.566, -12919405.9303 7363747.5984, -12919513.1322 7363851.0602, -12919598.28 7363970.3327, -12919683.2504 7364171.9284, -12919877.8357 7364803.8704, -12919928.4169 7365087.2087, -12919933.3643 7365302.0327, -12919892.2581 7365588.5406, -12919760.8138 7366090.8904, -12919749.3862 7366242.31, -12919761.0413 7366392.6973, -12919822.7529 7366608.9739, -12919976.9545 7366948.9251, -12920023.2709 7367087.2699, -12920100.2393 7367668.0214, -12920133.4598 7367811.1122, -12920417.5568 7368373.2277, -12920527.7382 7368711.1201, -12920574.1968 7368995.2381, -12920600.1794 7369419.7419, -12920588.7638 7369620.6258, -12920555.1244 7369742.7003, -12920468.0589 7369891.7054, -12920389.0336 7369956.489, -12920302.9469 7369994.1822, -12920215.3535 7370003.8954, -12919916.2844 7369960.7466, -12919743.3977 7369959.8964, -12919259.1732 7370044.8368, -12918744.8261 7370043.5738, -12918623.2304 7370071.89769999, -12918520.4906 7370133.3012, -12918228.1314 7370502.5159, -12918181.425 7370643.9297, -12918201.8741 7370804.1736, -12918360.6022 7371156.1871, -12918434.7701 7371393.7527, -12918437.203 7371483.6178, -12918403.7068 7371595.9155, -12918362.5046 7371649.1738, -12918308.4455 7371680.4375, -12918209.4262 7371692.4405, -12918093.1579 7371672.0693, -12917290.298 7371405.0311, -12917043.3224 7371355.1733, -12916898.0328 7371355.3296, -12916754.1987 7371386.5806, -12916561.4431 7371469.1219, -12916431.4136 7371565.9751, -12916351.5571 7371703.6908, -12916333.0883 7371808.6743, -12916342.9298 7371914.0318, -12916694.2654 7372823.1972, -12916753.1084 7373038.8301, -12916754.9043 7373146.4391, -12916734.9402 7373310.6357, -12916587.6954 7373885.3069, -12916603.717 7374063.5106, -12916681.3346 7374216.6723, -12916802.3111 7374333.0611, -12916947.9537 7374415.08869999, -12917107.6811 7374461.7512, -12917551.6965 7374514.5246, -12917663.2102 7374552.2672, -12917817.8065 7374647.4552, -12917942.1215 7374786.5091, -12918000.6777 7374898.3176, -12918201.103 7375561.4235, -12918249.5237 7375672.8175, -12918324.0566 7375769.0027, -12918472.8985 7375868.2458, -12918761.0963 7375943.8026, -12918998.635 7375966.4868, -12919174.8469 7375946.8719, -12919773.1383 7375834.7097, -12919960.6616 7375833.1178, -12920085.5975 7375850.2346, -12921675.7179 7376271.3168, -12922392.4992 7376485.9848, -12922788.7851 7376590.1329, -12923110.5352 7376696.23, -12923422.8685 7376829.39679999, -12923908.0992 7377097.9876, -12924353.6617 7377408.6195, -12924851.722 7377783.4488, -12925313.7627 7378063.7264, -12925671.7014 7378234.163, -12926258.5922 7378412.2436, -12926444.5444 7378495.4145, -12926554.6419 7378575.2656, -12926855.0501 7378863.153, -12926974.4011 7378933.9212, -12927174.0272 7378978.3637, -12927636.3332 7378969.8051, -12927823.5617 7379014.7952, -12928005.7131 7379087.5947, -12928305.424 7379233.8948, -12928477.2466 7379340.3481, -12928579.7866 7379425.0683, -12928796.3962 7379674.5113, -12929157.7192 7380173.6357, -12929566.3609 7380582.027, -12929696.3461 7380762.7895, -12929812.7576 7380955.0691, -12929912.1079 7381159.788, -12929994.7737 7381376.8951, -12930338.2409 7382575.5742, -12930397.3924 7382723.3395, -12930520.7898 7382927.2315, -12930679.7778 7383099.1243, -12930866.4765 7383231.2096, -12931067.0184 7383322.1221, -12931471.5049 7383424.442, -12931659.859 7383492.2976, -12931840.6063 7383591.8751, -12932061.1308 7383777.4272, -12932352.1972 7384119.0209, -12932592.7768 7384484.8511, -12932688.2074 7384677.2911, -12932849.6712 7385154.2068, -12932921.2908 7385279.1296, -12933012.3026 7385388.3608, -12933122.1896 7385475.1996, -12933248.2499 7385531.2394, -12933448.793 7385570.0412, -12933782.5612 7385580.493, -12933912.9149 7385599.3869, -12934096.9539 7385664.0362, -12934204.2111 7385734.4988, -12934338.1217 7385872.8514, -12934488.1825 7386088.3542, -12934782.8736 7386630.5109, -12934858.3157 7386744.2125, -12934999.724 7386890.7298, -12935173.5119 7387002.4101, -12935302.3593 7387051.3956, -12935437.5941 7387080.179, -12936187.7455 7387153.6714, -12936524.0995 7387207.5707, -12936723.2442 7387255.9569, -12936913.561 7387330.4307, -12937089.4871 7387431.0183, -12937190.6386 7387516.7627, -12937312.7286 7387670.2113, -12937375.1371 7387784.8575, -12937419.384 7387907.2139, -12937460.7604 7388166.8309, -12937476.6621 7388578.3535, -12937465.6097 7389125.4109, -12937488.0191 7389491.5512, -12937475.7998 7389594.2331, -12937426.5747 7389732.1673, -12937371.002 7389808.6882, -12936860.4596 7390247.2447, -12936661.8061 7390464.8577, -12936549.5856 7390611.2075, -12936490.1504 7390720.9474, -12936454.4466 7390843.0345, -12936443.4579 7390972.8976, -12936463.0174 7391175.2623, -12936544.2373 7391520.0204, -12936654.1487 7391868.2644, -12936738.5267 7392071.7145, -12936888.1503 7392322.8596, -12937349.1128 7392983.3074, -12937483.9142 7393155.3988, -12937641.7204 7393304.05, -12937926.9351 7393521.9047, -12938397.4468 7393962.709, -12938691.3525 7394163.8573, -12938877.9977 7394264.5637, -12939068.9859 7394347.0597, -12939267.158 7394380.9347, -12939464.5306 7394358.1552, -12939781.5893 7394258.8301, -12940521.8857 7393959.6886, -12940822.9739 7393860.717, -12941412.4039 7393519.6583, -12941821.72 7393253.8783, -12942104.567 7393119.6349, -12942452.606 7393011.0535, -12942632.0306 7392975.7236, -12942815.1926 7392974.6276, -12942936.4241 7393003.5753, -12943110.7591 7393088.7459, -12943262.5097 7393216.9507, -12943526.0131 7393520.9746, -12943815.4466 7393897.4798, -12943957.3035 7394045.6131, -12944125.8076 7394166.5862, -12944681.581 7394474.8564, -12944853.48 7394606.3885, -12945012.2738 7394750.82769999, -12945153.7475 7394908.43, -12945225.5934 7395027.349, -12945335.81 7395279.6696, -12945412.3902 7395384.1666, -12945461.9067 7395421.0066, -12945572.2183 7395460.9267, -12945685.7492 7395454.3126, -12945792.3985 7395409.326, -12946078.3374 7395234.2059, -12946270.4061 7395171.4919, -12946410.4018 7395178.2415, -12946495.2078 7395213.781, -12946530.6843 7395243.9748, -12946579.5605 7395326.1149, -12946593.6477 7395474.5369, -12946558.4379 7395631.9556, -12946502.6657 7395735.2769, -12946368.5904 7395863.7268, -12945864.4381 7396215.2976, -12945818.2849 7396265.3569, -12945748.799 7396379.7482, -12945719.5573 7396505.2879, -12945735.8073 7396628.8221, -12945790.7385 7396738.8967, -12945871.9734 7396833.8412, -12946018.4996 7396943.952, -12946182.0104 7397020.1581, -12946299.16 7397048.3608, -12946482.393 7397061.2477, -12946607.5166 7397047.2646, -12946728.029 7397008.5327, -12946841.391 7396949.8032, -12946947.6724 7396874.6863, -12947090.4354 7396736.2619, -12947258.5007 7396525.4264, -12947410.0726 7396304.0204, -12947493.551 7396121.8458, -12947530.7582 7395991.4355, -12947553.5874 7395856.3283, -12947564.9141 7395648.2948, -12947541.4216 7394924.2982, -12947518.3277 7392932.5479, -12947528.5574 7392799.4723, -12947557.5791 7392670.0501, -12947640.7194 7392488.5301, -12947721.4087 7392380.4175, -12947820.3703 7392287.2751, -12948056.507 7392139.1708, -12949004.3678 7391772.6357, -12949668.9053 7391454.9535, -12949871.8915 7391407.4548, -12950004.0478 7391419.6025, -12950122.5685 7391470.1554, -12950219.2012 7391550.7776, -12950288.6533 7391652.4537, -12950338.8226 7391829.30089999, -12950319.443 7392355.1615, -12950345.2989 7392627.6873, -12950404.1255 7392823.3497, -12950610.2438 7393335.7562, -12950773.3873 7393869.9987, -12950907.0322 7394433.321, -12950955.9647 7394798.7974, -12950942.3882 7395012.62919999, -12950901.6191 7395145.582, -12950835.9679 7395265.5458, -12950554.0383 7395651.2229, -12950433.8153 7395898.0819, -12950331.2787 7396223.039, -12950310.4152 7396356.7042, -12950316.2224 7396491.9032, -12950350.854 7396622.2383, -12950412.3033 7396741.6376, -12950493.7802 7396846.276, -12950809.6741 7397182.3766, -12950922.9004 7397343.622, -12951067.9229 7397699.3283, -12951100.492 7397874.6537, -12951071.0991 7398034.863, -12950972.0886 7398156.0363, -12950825.1924 7398222.0095, -12950499.68 7398276.1513, -12950415.3774 7398332.6643, -12950387.1607 7398372.1559, -12950369.6017 7398416.2885, -12950365.452 7398509.755, -12950468.2075 7399126.3417, -12950545.1675 7399276.1836, -12950626.105 7399355.0585, -12950675.0032 7399382.8689, -12950782.69 7399411.697, -12951058.0302 7399402.1378, -12951163.3932 7399411.4512, -12951257.2654 7399449.0487, -12951336.112 7399508.8573, -12951415.4145 7399630.5084, -12951623.4348 7400294.6498, -12951701.4651 7400409.6629, -12951775.9242 7400443.2656, -12951815.6267 7400442.9174, -12951886.7755 7400408.6245, -12952041.7522 7400170.7166, -12952170.2383 7400073.8842, -12952334.198 7400026.6377, -12952451.3778 7400032.7631, -12952561.2766 7400072.7911, -12952610.0541 7400105.381, -12952725.2163 7400243.74189999, -12952774.6432 7400358.2157, -12952806.2967 7400478.4585, -12952822.2393 7400659.1821, -12952785.0018 7400826.8343, -12952718.3399 7400988.6186, -12952580.4509 7401263.3693, -12952390.511 7401592.6576, -12952342.9336 7401710.7799, -12952304.0314 7401900.0323, -12952270.7446 7402217.5373, -12952220.2755 7402389.9779, -12952133.5423 7402536.6668, -12952020.5644 7402654.3228, -12951932.4563 7402710.4929, -12951835.2152 7402744.8619, -12951731.7665 7402754.4233, -12951467.0513 7402736.1692, -12951359.0037 7402754.9501, -12951259.1688 7402797.5294, -12951078.9076 7402915.2238, -12950942.1243 7402948.1646, -12950853.4066 7402933.2494, -12950768.3125 7402894.6292, -12950465.9852 7402693.5882, -12950193.1587 7402563.5604, -12949875.4805 7402487.242, -12949742.5473 7402478.8255, -12949612.0944 7402500.6032, -12949492.352 7402556.21, -12949390.1099 7402642.4781, -12949264.9796 7402805.0927, -12949200.558 7402932.2109, -12949140.2902 7403139.43110001, -12949124.9831 7403281.5692, -12949135.5505 7403423.3004, -12949173.8745 7403558.0072, -12949240.813 7403679.0341, -12949391.0345 7403821.4923, -12949580.2797 7403919.2508, -12949910.9155 7404050.356, -12950035.3743 7404119.0714, -12950359.2621 7404401.7009, -12950475.7128 7404483.0971, -12950666.5653 7404553.198, -12950989.6619 7404589.2434, -12951314.7508 7404674.6489, -12951565.9127 7404767.0937, -12951725.539 7404875.4906, -12951802.0937 7404973.6078, -12951861.3465 7405148.6377, -12951880.6982 7405466.255, -12951869.1827 7405932.989, -12951889.2763 7406063.8921, -12951943.4773 7406182.4883, -12952077.2581 7406319.5824, -12952190.674 7406376.7073, -12952376.2622 7406417.6435, -12952863.6806 7406410.7153, -12953026.5339 7406447.0167, -12953148.1008 7406546.30830001, -12953354.8349 7406942.1874, -12953465.6205 7407080.4067, -12953555.5307 7407162.2849, -12953879.3411 7407373.878, -12954230.7468 7407566.9126, -12954474.5119 7407680.8006, -12954799.9043 7407786.5725, -12955406.7296 7407944.2239, -12955544.2013 7407969.6985, -12955894.4915 7408002.1743, -12956035.2726 7408030.9585, -12956728.553 7408275.6758, -12957400.2507 7408491.8377, -12957508.8438 7409250.53589999, -12957392.6944 7409550.3454, -12956723.0207 7410835.8658, -12956599.8657 7411034.5941, -12956501.7012 7411158.3633, -12956323.7886 7411306.9758, -12956189.2178 7411374.7916, -12955974.6171 7411447.3138, -12955294.8194 7411567.9973, -12954756.4719 7411691.9183, -12954532.1275 7411765.5822, -12953947.9467 7411996.4805, -12953336.5189 7412187.0442, -12952235.5396 7412432.5222, -12952005.1675 7412498.4786, -12951786.5981 7412583.148, -12951508.091 7412720.496, -12951170.3165 7412933.7645, -12950911.8898 7413127.348, -12950681.8306 7413353.8615, -12950541.0538 7413544.2026, -12950435.7084 7413754.6667, -12950370.378 7413976.7528, -12950343.6506 7414205.686, -12950361.4584 7414512.1354, -12950436.5641 7414807.5787, -12950524.1015 7415017.981, -12950682.8762 7415270.1445, -12950878.3377 7415492.1716, -12951103.201 7415681.9605, -12951404.447 7415889.9209, -12951597.1649 7415994.7081, -12951864.1709 7416103.0625, -12952201.1424 7416214.4334, -12952818.9745 7416383.4348, -12953009.1476 7416480.2535, -12953187.2055 7416608.646, -12953411.4304 7416813.6275, -12954441.9468 7417840.2789, -12954634.4854 7418058.0793, -12954936.2358 7418457.902, -12955120.1376 7418670.7823, -12955327.0945 7418851.1396, -12955611.4147 7419032.2719, -12956344.4881 7419381.625, -12956597.8865 7419486.8786, -12956991.3951 7419608.1305, -12957579.7263 7419756.1258, -12957768.3638 7419824.9279, -12957940.4736 7419927.9502, -12958602.3548 7420426.2499, -12958783.1035 7420530.49229999, -12958974.1895 7420609.0424, -12959174.7718 7420651.4276, -12959311.3809 7420657.8108, -12960181.8328 7420588.0717, -12960502.5878 7420581.7727, -12960744.3368 7420624.3342, -12960904.1388 7420705.2569, -12960990.4069 7420783.0905, -12961052.587 7420875.6955, -12961089.5511 7420977.0406, -12961104.8605 7421083.17409999, -12961085.2142 7421364.2317, -12960980.0009 7421841.9425, -12960984.8669 7422026.0577, -12961024.4065 7422140.5808, -12961093.8311 7422239.2803, -12961243.1711 7422338.4676, -12961358.7031 7422363.5322, -12961476.0446 7422362.6215, -12962036.1142 7422296.3151, -12962683.3692 7422181.931, -12963588.7068 7422099.0174, -12963997.1318 7422096.0861, -12965163.7129 7422137.5719, -12965507.4909 7422175.1375, -12965637.2183 7422215.7397, -12965817.6428 7422302.415, -12966331.967 7422606.3161, -12966920.1665 7423068.4396, -12967241.9637 7423354.1972, -12967345.7649 7423418.7645, -12967985.8388 7423669.69300001, -12968504.9332 7423929.5835, -12968627.5553 7423964.0001, -12968819.1573 7423982.5972, -12969013.0836 7423971.8562, -12969137.8359 7423945.1391, -12969368.5129 7423839.9306, -12969866.2211 7423513.5356, -12970189.3308 7423281.7809, -12970507.8152 7423038.3802, -12970962.5999 7422641.289, -12971072.5698 7422567.2217, -12971188.2377 7422510.348, -12971658.9353 7422308.8762, -12971893.6446 7422248.1525, -12972073.5338 7422242.719, -12972188.0596 7422264.7702, -12972292.8491 7422311.0676, -12972385.4899 7422379.3514, -12972495.7414 7422515.5739, -12972716.391 7422870.876, -12972973.4586 7423210.0691, -12973108.2318 7423328.03059999, -12973364.3055 7423475.5626, -12973454.0677 7423546.5203, -12973523.6348 7423634.0961, -12973562.8048 7423735.2144, -12973570.1189 7423842.7242, -12973545.8945 7423948.4913, -12973328.7428 7424413.5685, -12973215.8535 7424750.8524, -12973155.5768 7425050.796, -12973078.761 7425665.4015, -12973024.1142 7425843.7158, -12972970.6553 7425958.5303, -12972898.5893 7426065.8554, -12972809.4731 7426162.6918, -12972647.6567 7426281.6434, -12972460.578 7426362.6361, -12972262.3001 7426390.21019999, -12972135.6368 7426367.4934, -12971966.1616 7426281.1194, -12971823.053 7426152.5624, -12971607.2993 7425906.9698, -12971502.7636 7425827.259, -12971387.8242 7425765.0741, -12971265.4396 7425723.5292, -12971136.9675 7425705.0399, -12971006.2542 7425709.9694, -12970877.5454 7425739.4253, -12970691.4247 7425814.8936, -12970511.3921 7425913.6005, -12970347.1 7426048.8644, -12970150.3604 7426256.9455, -12970020.683 7426424.6776, -12969924.2803 7426606.81, -12969862.1554 7426804.2279, -12969847.6154 7426942.0908, -12969880.4565 7427145.3846, -12969976.9424 7427322.6376, -12970068.2698 7427423.0501, -12970173.2152 7427509.9119, -12970408.743 7427655.483, -12970661.2311 7427777.8092, -12970861.8661 7427827.4142, -12971066.9193 7427837.0317, -12971633.8427 7427823.9886, -12971846.7269 7427856.0432, -12971979.8736 7427908.5195, -12972101.4935 7427987.2819, -12972202.4638 7428091.4194, -12972300.0385 7428278.2316, -12972330.5671 7428415.4794, -12972345.5188 7428626.8679, -12972330.7829 7429052.2794, -12972290.1373 7429394.5672, -12972274.3027 7429671.8529, -12972286.3587 7430380.3417, -12972341.4044 7430823.7479, -12972477.5005 7431656.8791, -12972552.9642 7432266.7228, -12972632.8294 7432777.7141, -12972663.4015 7433199.5599, -12972653.2306 7433339.3311, -12972612.9704 7433543.7769, -12972487.1949 7433915.8111, -12972359.9835 7434126.8294, -12972192.8279 7434298.8611, -12971940.1983 7434455.9585, -12971666.0544 7434591.365, -12971368.3552 7434718.0601, -12971124.1403 7434799.7279, -12970879.3619 7434848.2741, -12970634.411 7434870.0338, -12970275.0349 7434878.5074, -12970047.0218 7434856.1557, -12969894.346 7434800.1091, -12969801.5289 7434744.884, -12969717.0216 7434676.8834, -12969614.0927 7434553.8802, -12969536.8432 7434412.72, -12969080.3352 7433346.7402, -12968987.229 7433213.0065, -12968903.087 7433142.8547, -12968806.0375 7433089.304, -12968595.3536 7433021.6699, -12968324.9981 7432978.2504, -12967758.7735 7432931.3689, -12967018.7514 7432939.1715, -12966809.3681 7432909.699, -12966667.4215 7432842.8604, -12966451.9286 7432681.6839, -12966335.4138 7432566.6259, -12966159.8309 7432356.1414, -12966076.9453 7432287.3541, -12965984.3748 7432234.956, -12965832.3173 7432188.2593, -12965564.7236 7432175.2134, -12963921.8959 7432227.0828, -12963676.2625 7432260.1464, -12963504.4114 7432334.1595, -12963360.6975 7432461.5717, -12963304.393 7432542.6477, -12963263.1683 7432633.79689999, -12963221.7496 7432831.2301, -12963201.4189 7433147.5214, -12963198.7151 7433852.6707, -12963217.6176 7434474.748, -12963184.963 7434626.0684, -12963138.0635 7434713.927, -12963072.7755 7434788.0834, -12962946.4237 7434866.9722, -12962802.94 7434904.0435, -12962073.4939 7434939.6056, -12961263.8392 7434909.5896, -12960941.0866 7434855.1062, -12960841.4037 7434806.4083, -12960757.6448 7434733.3983, -12960635.8778 7434547.262, -12960581.2885 7434388.7535, -12960547.6347 7434104.15, -12960510.1816 7433932.1284, -12960239.6179 7433197.0857, -12960092.0272 7432859.0767, -12959875.3282 7432464.768, -12959801.0004 7432361.9089, -12959656.8493 7432248.2472, -12959544.4961 7432205.4163, -12959427.4009 7432186.0268, -12959309.2667 7432185.5971, -12959190.9156 7432202.9437, -12958839.1343 7432313.2789, -12958598.764 7432347.1366, -12958477.8197 7432337.2298, -12958362.0561 7432301.2584, -12958210.1322 7432196.6752, -12958100.3333 7432047.636, -12957793.7572 7431329.1419, -12957611.6163 7430967.7166, -12957504.4684 7430795.8862, -12957418.4205 7430691.849, -12957266.5584 7430560.97160001, -12956758.2318 7430286.475, -12956658.3628 7430206.6639, -12956523.5439 7430068.2992, -12956374.1359 7429856.4184, -12956145.9337 7429377.3772, -12955751.3974 7428735.5835, -12955627.9342 7428567.4797, -12955481.2766 7428431.0851, -12955370.7165 7428366.1543, -12955194.6072 7428319.6216, -12954804.415 7428329.5309, -12954701.9576 7428352.0581, -12954606.0727 7428394.2371, -12954248.9186 7428650.2042, -12954170.0836 7428730.0604, -12954107.9575 7428821.0573, -12954066.2731 7428922.1156, -12954045.9211 7429030.0073, -12954053.7529 7429306.6561, -12954038.788 7429414.5762, -12953998.0248 7429513.2609, -12953896.3869 7429633.5351, -12953760.3577 7429707.2392, -12953602.2057 7429722.9834, -12953442.6246 7429682.0952, -12953345.4795 7429628.3372, -12953257.9496 7429556.6382, -12953185.5086 7429467.2738, -12953136.3163 7429361.2072, -12953074.2474 7428950.6758, -12952935.8872 7428411.6286, -12952902.9932 7428166.6744, -12952862.6087 7427596.2201, -12952790.0967 7427277.4404, -12952715.4951 7427093.2166, -12952587.7829 7426858.4702, -12952281.2185 7426369.5572, -12952037.4337 7426011.361, -12951916.7707 7425874.4983, -12951823.757 7425800.4925, -12951718.6823 7425746.1444, -12951607.8273 7425712.1813, -12951320.75 7425685.6769, -12950605.5388 7425687.9389, -12950427.6651 7425653.8848, -12950266.8627 7425574.0781, -12950133.139 7425451.9515, -12949996.2491 7425256.5968, -12949853.7818 7424930.8244, -12949719.8561 7424537.6257, -12949608.1014 7424339.8798, -12949488.1677 7424229.2633, -12949263.3216 7424095.6765, -12949003.4657 7423884.2606, -12948866.6967 7423814.1412, -12948708.0286 7423783.1679, -12948546.0381 7423804.223, -12948390.8471 7423863.5321, -12947788.8445 7424179.2103, -12947321.9066 7424535.2323, -12946839.433 7424878.466, -12946687.9778 7424976.3231, -12946523.3746 7425049.3635, -12946285.1868 7425093.5484, -12946101.9659 7425076.46019999, -12945926.6286 7425012.71500001, -12945774.0752 7424895.8464, -12945691.3252 7424792.6537, -12945622.4687 7424677.3106, -12944981.7048 7423473.0944, -12944737.4842 7423058.3794, -12944424.6578 7422483.6654, -12944316.7039 7422250.8969, -12944278.9639 7422069.211, -12944286.9966 7421949.9316, -12944323.0423 7421836.7722, -12944569.0753 7421410.0082, -12944822.5581 7420907.9575, -12944883.1954 7420725.3334, -12944916.3218 7420536.7392, -12944920.6941 7420346.6781, -12944907.3606 7420156.0939, -12944836.9132 7419779.3079, -12944680.3419 7419346.6448, -12944342.5566 7418582.7236, -12944300.9248 7418412.2205, -12944295.756 7418299.6301, -12944339.4341 7418032.6402, -12944458.458 7417751.0939, -12944604.0435 7417544.1385, -12944969.3541 7417178.5861, -12945027.0765 7417087.8259, -12945090.9876 7416936.1348, -12945121.2765 7416772.8021, -12945106.2794 7416604.5193, -12945037.4472 7416379.5928, -12944930.8298 7416161.6245, -12944824.8349 7416006.2118, -12944695.6919 7415867.678, -12944491.7582 7415716.72469999, -12944104.5131 7415483.3232, -12943972.3101 7415350.8489, -12943914.2664 7415245.1192, -12943876.8251 7415129.903, -12943850.6682 7414761.4094, -12943816.5929 7414580.312, -12943737.979 7414414.9028, -12943576.4521 7414237.8175, -12943479.6419 7414168.924, -12943321.3923 7414087.539, -12942986.9483 7413977.4436, -12942623.5357 7413899.8618, -12942014.3132 7413813.9889, -12941846.7305 7413767.9521, -12941647.1881 7413656.0481, -12941484.2712 7413497.4066, -12941368.4775 7413294.2378, -12941132.9213 7412612.4614, -12940886.9181 7411991.3416, -12940750.5279 7411712.2778, -12940580.7137 7411443.1905, -12940495.0075 7411271.8753, -12940425.197 7411025.8778, -12940265.0038 7410137.4664, -12940176.3999 7409800.9716, -12940105.9705 7409608.4092, -12939969.351 7409304.4374, -12939633.3035 7408687.1672, -12939563.1712 7408580.3022, -12939473.3456 7408490.8723, -12939306.571 7408406.5035, -12939122.3551 7408394.8554, -12938751.5235 7408487.4819, -12938566.7649 7408495.1054, -12938402.6523 7408442.6586, -12938277.0626 7408337.9916, -12938221.3803 7408245.0456, -12938186.2947 7408142.1922, -12938119.5014 7407567.5893, -12938041.5715 7407273.026, -12937764.0815 7406648.2271, -12937655.9411 7406491.6415, -12937516.6776 7406357.8946, -12937306.0518 7406206.018, -12937123.6998 7406125.0144, -12936989.5794 7406102.0409, -12936849.9698 7406104.6294, -12936639.2286 7406159.0589, -12936375.6567 7406300.1927, -12936139.1559 7406473.615, -12935984.8254 7406626.7948, -12935618.4526 7407059.4625, -12935469.6452 7407202.8912, -12935308.166 7407326.6266, -12935189.4816 7407387.2152, -12935062.3705 7407420.5079, -12934931.6703 7407420.1494, -12934806.1991 7407384.3152, -12934694.9428 7407315.195, -12934600.5265 7407221.5905, -12934523.0888 7407110.695, -12934461.8868 7406987.6331, -12934362.6178 7406724.597, -12934261.6661 7406387.7387, -12934164.9167 7405740.3121, -12934114.0321 7405524.5627, -12934062.3246 7405385.66489999, -12933993.8689 7405254.0158, -12933909.7115 7405133.8852, -12933810.2402 7405027.5521, -12933634.9173 7404900.1381, -12933249.0298 7404722.9492, -12933022.6496 7404568.9039, -12932784.0416 7404335.3022, -12932350.6709 7403821.4107, -12932199.0085 7403684.9308, -12932028.4247 7403574.2593, -12931778.8439 7403483.2043, -12931200.3585 7403369.4908, -12930710.6693 7403201.3339, -12930193.9272 7403104.1065, -12930007.3468 7403053.1061, -12929837.4677 7402980.497, -12929733.3889 7402916.7544, -12929550.357 7402762.199, -12929431.2027 7402630.9687, -12929311.2908 7402425.6543, -12929251.8849 7402252.44039999, -12929125.1919 7401380.8045, -12929105.6393 7401187.7004, -12929107.7154 7401058.1053, -12929130.5642 7400930.6552, -12929198.2807 7400748.0637, -12929389.1326 7400415.9128, -12929598.9246 7400170.4964, -12929747.9265 7400043.5233, -12930323.5078 7399628.4773, -12930503.9096 7399454.5801, -12930614.9121 7399300.3852, -12930883.711 7398787.6466, -12931004.9239 7398634.4247, -12931153.4442 7398504.7264, -12931543.4867 7398229.5117, -12931699.151 7398099.5788, -12931777.4402 7397994.1806, -12931802.0713 7397935.3456, -12931813.8306 7397812.8083, -12931799.8097 7397752.9766, -12931737.8555 7397646.5539, -12931692.9672 7397601.7707, -12931585.9771 7397535.9955, -12931464.3274 7397498.125, -12931072.6664 7397426.6924, -12930875.4939 7397371.8983, -12930689.861 7397284.1254, -12930515.0901 7397169.326, -12929511.1635 7396334.0736, -12929373.8688 7396185.3383, -12928925.0494 7395628.8273, -12928764.836 7395471.8832, -12928641.4036 7395386.0944, -12928506.1493 7395321.3359, -12928363.1841 7395279.2452, -12928215.5955 7395255.1254, -12927833.4853 7395231.1994, -12927681.1917 7395195.1107, -12927472.8153 7395088.8074, -12927357.5576 7394985.1779, -12927265.2811 7394862.81, -12927198.4171 7394725.4844, -12927152.1686 7394579.6879, -12927108.1727 7394351.1511, -12927041.603 7393627.4188, -12926991.6518 7392557.2598, -12926965.0581 7392396.5584, -12926910.5385 7392245.8061, -12926778.1018 7392053.2142, -12926664.8739 7391954.7959, -12926474.2028 7391843.8492, -12926193.2324 7391751.36559999, -12925970.5629 7391708.462, -12925820.3872 7391695.1815, -12925671.8457 7391706.6246, -12925527.7395 7391738.9066, -12925122.9382 7391887.3307, -12924920.0865 7391941.6928, -12924783.9379 7391951.4924, -12924587.3568 7391914.9555, -12924402.0468 7391830.9151, -12924218.5861 7391723.1611, -12924040.3915 7391588.5594, -12923695.2703 7391291.9081, -12923434.5608 7391120.4546, -12923157.9012 7390963.3549, -12922658.3776 7390717.2707, -12921693.0602 7390188.4934, -12921412.6721 7390053.9737, -12921120.8711 7389948.5736, -12920816.0205 7389887.0854, -12920589.001 7389864.80479999, -12920213.7925 7389883.7681, -12919989.3148 7389939.1198, -12919252.652 7390250.3061, -12918350.4068 7390592.2585, -12917777.994 7390860.5356, -12917488.4661 7390971.8475, -12917263.6709 7391029.9262, -12916119.8173 7391261.7703, -12915747.8333 7391357.5833, -12915530.0579 7391429.5882, -12915392.9804 7391493.4426, -12915265.1952 7391574.2889, -12915148.1496 7391668.9713, -12915044.7797 7391778.8798, -12914960.729 7391902.5096, -12914899.7236 7392036.1031, -12914864.0955 7392175.851, -12914854.9718 7392318.1093, -12914871.0973 7392458.6421, -12914935.1869 7392728.668, -12914957.2662 7392931.9845, -12914954.9458 7393278.2783, -12914895.9464 7394003.0996, -12914910.4797 7394224.5476, -12914946.3685 7394366.4405, -12915037.8389 7394564.2055, -12915210.0303 7394802.4386, -12915418.3266 7395010.37520001, -12915758.1917 7395286.029, -12915904.607 7395443.9291, -12916016.6832 7395629.7578, -12916060.7816 7395768.9745, -12916071.4005 7395915.0133, -12916049.7713 7396059.968, -12915999.5364 7396196.0946, -12915922.1421 7396316.652, -12915822.2511 7396413.3603, -12915705.0297 7396479.9418, -12915578.9955 7396509.6154, -12915515.7497 7396508.8164, -12915335.0404 7396456.2697, -12914654.0172 7395983.1845, -12914454.6309 7395883.2738, -12914313.5833 7395831.6318, -12914165.7571 7395794.362, -12913935.8546 7395762.6531, -12913379.0236 7395758.7123, -12913134.7887 7395739.2222, -12912974.6146 7395704.7635, -12912824.62 7395645.0202, -12912632.0985 7395510.0732, -12912083.8619 7394935.6711, -12911818.8029 7394736.5357, -12911532.8214 7394555.1374, -12910449.3072 7393997.4486, -12910147.4589 7393826.0397, -12909930.3693 7393679.0525, -12909156.3982 7393089.1853, -12908790.3569 7392838.7555, -12908477.0343 7392675.7048, -12908308.6843 7392624.7635, -12907715.0291 7392506.1854, -12907557.5025 7392443.956, -12907410.4866 7392361.0758, -12907275.1077 7392257.7661, -12907096.4461 7392072.242, -12906996.9699 7391932.4005, -12906870.9589 7391708.7302, -12906734.7948 7391400.2105, -12906532.3564 7390581.8126, -12906579.9206 7390469.7215, -12906579.4835 7390407.975, -12906511.852 7390343.9616, -12906414.2049 7390208.6215, -12906243.9518 7390124.8433, -12906188.559 7390126.6705, -12906162.3607 7390147.5556, -12906139.1708 7390190.0875, -12906128.3948 7390262.94259999, -12906141.1326 7390351.842, -12906249.9625 7390644.4332, -12906248.485 7390718.7631, -12906230.7799 7390764.2823, -12906197.3847 7390796.4716, -12906127.8212 7390820.2349, -12905902.3095 7390806.9787, -12905797.3387 7390823.1618, -12905764.1276 7390855.5835, -12905739.2807 7390970.4868, -12905712.0338 7390999.4369, -12905675.7845 7391003.6403, -12905618.0136 7390941.8315, -12905549.4248 7390760.4123, -12905417.224 7390642.4394, -12905344.2883 7390513.994, -12905314.5019 7390493.3382, -12905047.2882 7390487.5758, -12904887.1973 7390444.5665, -12904665.5865 7390339.5198, -12904434.0102 7390175.6881, -12904311.3942 7390137.2565, -12904149.8999 7390141.9853, -12903655.1634 7390207.024, -12903382.1205 7390265.8907, -12903255.7491 7390259.0261, -12903147.6061 7390207.2767, -12902972.5861 7390079.8828, -12902736.1441 7389822.1441, -12902663.147 7389797.2314, -12902592.4965 7389806.936, -12902529.4711 7389844.7394, -12902440.8522 7389938.1182, -12902384.7396 7390028.2555, -12902362.3305 7390109.1349, -12902365.3095 7390165.3217, -12902400.8733 7390244.6011, -12902540.3025 7390435.6947, -12902616.0146 7390478.233, -12902632.5901 7390516.8833, -12902586.5556 7390559.7029, -12902585.7354 7390594.9765, -12902602.0048 7390596.3677, -12902559.6225 7390680.0565, -12902570.4519 7390694.3607, -12902558.4617 7390725.6549, -12902579.0781 7390725.1144, -12902587.8371 7390764.3179, -12902613.8054 7390779.4937, -12902599.8314 7390793.2229, -12902604.4624 7390812.848, -12902576.507 7390814.2851, -12902575.2039 7390834.3701, -12902593.9379 7390854.7078, -12902586.5768 7390868.8832, -12902563.0576 7390870.0275, -12902578.3762 7390890.1366, -12902563.9111 7390895.5573, -12902560.4233 7390917.1187, -12902528.7701 7390881.7975, -12902514.6913 7390901.4422, -12902495.7408 7390901.9202, -12902478.0684 7390929.7206, -12902494.626 7390958.6983, -12902482.2857 7390960.1932, -12902474.626 7390993.8444, -12902440.0806 7390958.5728, -12902433.1363 7390976.1042, -12902413.536 7390970.9071, -12902411.6423 7391017.0028, -12902373.2451 7391018.22029999, -12902369.6798 7391056.3658, -12902326.3635 7391085.3871, -12902283.8127 7391070.2922, -12902288.152 7391108.5927, -12902255.59 7391103.165, -12902239.2539 7391121.5547, -12902204.0794 7391095.5592, -12902162.9319 7391113.6607, -12902138.1618 7391076.2131, -12902102.4961 7391089.5824, -12902072.5998 7391067.4118, -12902123.4166 7391197.7899, -12902107.6166 7391228.0196, -12902019.7029 7391258.0748, -12901954.7175 7391249.3109, -12901943.4084 7391272.4619, -12901920.2695 7391278.70269999, -12901921.7308 7391354.6877, -12901896.6886 7391396.1176, -12901861.2898 7391395.5407, -12901837.2885 7391449.9907, -12901819.7658 7391459.7627, -12901763.2858 7391431.8614, -12901748.1381 7391450.6145, -12901751.1128 7391473.8842, -12901705.5725 7391491.1586, -12901673.5085 7391474.8925, -12901656.9474 7391448.5355, -12901660.0047 7391405.2874, -12901561.7404 7391450.9335, -12901523.992 7391440.3751, -12901508.076 7391467.7326, -12901434.5695 7391423.9448, -12901396.6303 7391456.3203, -12901226.5802 7391373.0693, -12901188.8708 7391324.2983, -12901150.3061 7391169.2819, -12901083.7173 7391003.093, -12901053.1769 7390962.0333, -12900997.985 7390928.9292, -12900885.1481 7390924.78809999, -12900826.5779 7390894.6365, -12900802.2251 7390856.5744, -12900767.719 7390869.9897, -12900718.3437 7390864.1347, -12900676.9598 7390845.7076, -12900648.7612 7390806.152, -12900586.3055 7390819.3842, -12900551.8065 7390841.9084, -12900539.6684 7390954.3469, -12900483.2907 7390981.4353, -12900412.6229 7390944.9421, -12900356.7669 7390940.3542, -12900335.5992 7390862.4578, -12900291.6559 7390850.7274, -12900249.0777 7390883.8056, -12900214.0383 7390871.4468, -12900158.028 7390882.5611, -12900170.5761 7390916.5737, -12900236.2154 7390958.2954, -12900213.7971 7391022.9013, -12900224.6427 7391039.3616, -12900203.6128 7391082.271, -12900217.9057 7391127.88849999, -12900286.9318 7391127.8828, -12900310.7045 7391108.4186, -12900285.7525 7391144.3557, -12900297.5263 7391198.2026, -12900333.0492 7391209.3784, -12900376.0205 7391251.7435, -12900354.7879 7391304.717, -12900336.4558 7391306.7507, -12900324.4089 7391279.7886, -12900258.8458 7391284.5305, -12900207.4331 7391348.5426, -12900235.4544 7391409.4515, -12900253.9517 7391414.4541, -12900253.7625 7391457.6526, -12900233.2114 7391482.7662, -12900149.6482 7391438.2037, -12900132.0492 7391442.5034, -12900076.2847 7391418.2452, -12900059.0651 7391382.58649999, -12899962.7008 7391325.7865, -12899960.3999 7391295.4826, -12899999.7093 7391303.4438, -12900001.9913 7391280.1959, -12899966.3664 7391235.8047, -12899944.0412 7391231.9044, -12899942.9372 7391260.4334, -12899916.3642 7391249.4554, -12899902.1624 7391198.7173, -12899913.1419 7391192.95, -12899940.622 7391207.9702, -12899974.0568 7391200.8237, -12899989.597 7391177.6959, -12900018.4824 7391180.4001, -12900026.5944 7391155.6299, -12900052.3478 7391165.5043, -12900072.3993 7391157.0148, -12900093.6384 7391176.7973, -12900132.9436 7391155.3913, -12900160.9579 7391160.8322, -12900178.2192 7391139.3827, -12900158.1773 7391095.0372, -12900102.8867 7391033.6905, -12900070.3898 7391054.5312, -12900013.166 7391046.9977, -12899994.6905 7391077.0139, -12899969.7873 7391043.1098, -12899950.7983 7391045.9961, -12899885.64 7391005.8958, -12899860.8569 7390933.2875, -12899893.5061 7390923.8796, -12899896.8456 7390910.568, -12899867.1312 7390847.7693, -12899507.6963 7390737.3583, -12899290.068 7390733.9123, -12899036.721 7390698.2771, -12898869.1571 7390727.8636, -12898704.602 7390802.1662, -12898620.7193 7390797.342, -12898529.1627 7390709.7078, -12898408.5829 7390486.11, -12898385.3617 7390392.9276, -12898411.908 7390326.4167, -12898454.4054 7390293.8732, -12898512.7327 7390279.0495, -12898896.5573 7390286.0312, -12899096.7356 7390237.0556, -12899208.7933 7390169.4751, -12899309.8587 7390078.0459, -12899422.2841 7389927.5451, -12899483.0963 7389799.2514, -12899568.239 7389466.07, -12899610.4811 7389016.1706, -12899592.9808 7388925.533, -12899551.4415 7388850.4531, -12899487.7989 7388807.0885, -12899414.4041 7388798.8947, -12899342.4652 7388819.7197, -12899277.8497 7388862.8808, -12899160.2298 7388966.03, -12899016.2882 7389133.612, -12898648.2644 7389404.58290001, -12898405.7338 7389552.2335, -12898079.4131 7389598.6277, -12897583.9137 7389717.2864, -12897225.7663 7389751.7752, -12896765.7507 7389761.8545, -12896671.0715 7389780.0649, -12896585.1923 7389819.1672, -12896482.469 7389911.2447, -12896392.8388 7390074.6178, -12896348.1706 7390208.0786, -12896296.2547 7390478.2916, -12896250.7403 7390599.07, -12896205.0081 7390666.9224, -12896146.8671 7390722.2361, -12896036.616 7390764.221, -12895961.8071 7390755.4066, -12895858.9324 7390705.2307, -12895608.2575 7390497.9537, -12895508.5552 7390401.2652, -12895503.9929 7390282.67, -12895457.5291 7390272.1074, -12895460.9511 7390244.4243, -12895436.6487 7390245.957, -12895439.7271 7390222.4451, -12895374.7478 7390224.8767, -12895363.128 7390176.8511, -12895333.4537 7390189.2464, -12895331.097 7390147.3286, -12895353.7325 7390154.8258, -12895363.0359 7390130.974, -12895348.3344 7390123.9185, -12895355.9521 7390100.6005, -12895334.9526 7390104.6167, -12895311.5994 7390066.2087, -12895224.0931 7390094.1648, -12895173.046 7390134.7806, -12895174.7141 7390155.6479, -12895151.6941 7390176.366, -12895176.1104 7390237.3394, -12895144.8576 7390284.8244, -12895104.3175 7390278.4488, -12895076.4506 7390141.0022, -12895023.1949 7390126.6018, -12894957.4898 7390132.203, -12894948.7837 7390157.4472, -12894969.1584 7390197.959, -12894925.4788 7390220.2267, -12894876.3527 7390201.1885, -12894858.7416 7390220.288, -12894829.0668 7390180.8334, -12894760.6263 7390147.5206, -12894756.5567 7390126.7869, -12894796.7219 7390097.0325, -12894789.9563 7390026.3482, -12894820.2812 7390011.7707, -12894808.9254 7389985.7736, -12894752.1763 7389947.3135, -12894713.8912 7389859.1267, -12894637.8691 7389837.3701, -12894601.2289 7389793.8142, -12894541.0294 7389814.4433, -12894539.6437 7389826.8231, -12894495.8125 7389849.1861, -12894482.5635 7389803.8358, -12894490.8969 7389744.4997, -12894400.6782 7389681.8085, -12894322.7094 7389526.40559999, -12894254.0424 7389476.5803, -12894266.6432 7389418.9032, -12894260.5068 7389332.3534, -12894223.8361 7389311.0453, -12894141.7209 7389311.0126, -12894106.6597 7389289.9056, -12894142.3393 7389187.1752, -12894133.7073 7389158.2645, -12894099.5149 7389160.1534, -12894092.477 7389146.8776, -12894080.9529 7389173.7893, -12894046.0591 7389196.6708, -12894019.1801 7389239.9472, -12893980.7712 7389260.0904, -12893965.525 7389289.2456, -12893876.7424 7389271.246, -12893791.5407 7389288.2267, -12893721.4345 7389334.8279, -12893675.9723 7389404.1748, -12893656.951 7389488.7546, -12893656.6662 7389580.3304, -12893715.5461 7389942.3854, -12893707.4438 7390016.8243, -12893676.6107 7390070.2073, -12893578.5579 7390121.5588, -12893191.8617 7390262.103, -12892843.1643 7390370.9622, -12892552.9523 7390433.2441, -12892304.1457 7390454.2915, -12892115.196 7390431.947, -12891931.6851 7390380.5992, -12891595.9175 7390237.4403, -12891520.1818 7390233.0916, -12891464.3196 7390265.5915, -12891445.0824 7390322.4041, -12891496.6176 7390520.2501, -12891478.8407 7390577.2707, -12891426.9617 7390578.7258, -12891324.0107 7390533.0308, -12891080.9372 7390354.7507, -12891026.8858 7390342.2884, -12891003.9417 7390351.3758, -12890975.0247 7390390.7315, -12890944.5245 7390539.3216, -12890915.8109 7390592.8842, -12890873.457 7390625.7568, -12890824.5066 7390633.0019, -12890778.0044 7390614.5276, -12890740.9303 7390574.038, -12890681.0203 7390377.9392, -12890624.7918 7390295.7322, -12890410.4451 7390108.1158, -12890224.1838 7389894.2977, -12890044.1493 7389780.9033, -12889949.7543 7389758.7045, -12889744.3371 7389799.6748, -12889552.21 7389886.0003, -12889447.2297 7389961.4547, -12889196.6954 7389920.5416, -12889207.2835 7389939.8473, -12889246.663 7389931.759, -12889317.942 7389985.6643, -12889351.2339 7389987.4537, -12889348.9453 7390008.8232, -12889362.7302 7390020.8632, -12889351.1056 7390044.1349, -12889361.2331 7390069.7729, -12889340.8661 7390073.3943, -12889346.5534 7390095.4892, -12889335.8937 7390095.0284, -12889348.7399 7390119.9987, -12889365.9132 7390121.8815, -12889363.5172 7390139.2367, -12889407.1554 7390221.5245, -12889394.8908 7390212.2232, -12889378.8645 7390228.3014, -12889396.3335 7390282.8503, -12889371.704 7390285.4156, -12889359.2135 7390312.0806, -12889383.8817 7390363.6792, -12889418.665 7390375.5055, -12889415.6509 7390407.0889, -12889427.3264 7390415.3827, -12889416.8408 7390426.1167, -12889415.1071 7390412.4487, -12889391.0782 7390414.6326, -12889346.5284 7390392.2178, -12889280.7763 7390401.9635, -12889250.7612 7390434.9518, -12889267.9212 7390475.6123, -12889295.3166 7390494.1555, -12889371.8393 7390500.1729, -12889391.8723 7390483.8141, -12889375.4411 7390545.889, -12889393.8363 7390592.733, -12889415.6948 7390608.0364, -12889408.9208 7390623.6955, -12889319.1464 7390622.4685, -12889304.323 7390670.4707, -12889323.0262 7390702.4096, -12889296.1713 7390737.4107, -12889261.462 7390719.4528, -12889234.3181 7390721.8736, -12889240.8373 7390750.59130001, -12889226.1736 7390724.215, -12889197.4279 7390724.6813, -12889175.2691 7390743.466, -12889151.9914 7390734.5994, -12889115.4714 7390779.8545, -12889067.0847 7390778.5575, -12889024.2811 7390731.0859, -12888995.9789 7390749.1267, -12889005.3915 7390790.1304, -12888992.8608 7390819.1465, -12888935.1274 7390845.2952, -12889085.4113 7390902.9336, -12889130.6827 7390853.0058, -12889166.0556 7390839.774, -12889194.7085 7390868.2612, -12889238.2909 7390872.8706, -12889267.7913 7390913.5444, -12889245.5947 7390951.6142, -12889207.5749 7390957.24, -12889202.79 7390985.7966, -12889169.6921 7390988.2063, -12889159.4265 7391009.012, -12889083.6512 7391042.381, -12889014.5879 7391013.089, -12888983.1354 7391014.4351, -12888948.457 7391035.894, -12888931.4388 7391049.3324, -12888941.805 7391083.6557, -12888927.0619 7391104.5413, -12888943.6546 7391134.2479, -12888885.2785 7391155.515, -12888897.5568 7391196.1009, -12888936.1407 7391226.9275, -12888961.3362 7391222.8706, -12888955.649 7391209.4743, -12888971.9081 7391202.9027, -12888981.1395 7391246.5589, -12889005.4192 7391239.6517, -12889037.5317 7391256.6936, -12889020.178 7391278.7325, -12889022.9367 7391311.2146, -12889002.6334 7391331.4729, -12888957.1087 7391313.7112, -12888918.9133 7391270.2347, -12888904.5852 7391290.9026, -12888914.5701 7391287.534, -12888927.087 7391315.1956, -12888917.6059 7391334.4917, -12888927.1617 7391355.7183, -12888960.1319 7391359.5175, -12888976.5226 7391330.79959999, -12888986.1157 7391383.9292, -12889002.306 7391394.2298, -12889006.7662 7391450.1161, -12888978.7948 7391499.0879, -12888997.6392 7391509.6995, -12889015.2891 7391552.0544, -12889017.8028 7391569.6751, -12889003.8241 7391580.8592, -12889008.0999 7391635.3003, -12889034.4004 7391646.6151, -12889056.3758 7391638.6406, -12889087.8487 7391670.8179, -12889099.4677 7391721.3285, -12889120.661 7391717.409, -12889157.1278 7391776.1568, -12889179.2979 7391773.6422, -12889161.7977 7391805.6901, -12889131.5147 7391806.8902, -12889120.264 7391825.9543, -12889112.2011 7391811.3891, -12889068.523 7391800.8988, -12889058.2425 7391775.1017, -12889075.8281 7391748.953, -12889068.7379 7391728.6535, -12889023.5075 7391724.834, -12888997.3952 7391748.1684, -12889014.7613 7391770.9005, -12889001.9061 7391787.8815, -12889013.3068 7391804.9185, -12888984.5076 7391803.8505, -12888975.3564 7391848.8471, -12889002.9318 7391881.0492, -12888959.9246 7391900.6157, -12888998.2469 7391945.2501, -12888986.5546 7391951.0754, -12888975.2186 7392022.8201, -12888988.6404 7392046.0438, -12888965.0699 7392062.0342, -12888956.159 7392089.7697, -12888917.9937 7392095.2103, -12888927.02 7392128.6661, -12888952.6924 7392134.3994, -12888913.7497 7392144.9133, -12888938.0122 7392163.0596, -12888908.015 7392190.0349, -12888923.1793 7392202.9947, -12888947.9837 7392190.1134, -12888965.1243 7392214.7073, -12888893.7299 7392266.2058, -12888910.6726 7392304.4139, -12888936.5609 7392315.8812, -12888919.0092 7392323.4486, -12888928.3791 7392344.9287, -12888954.6527 7392332.5991, -12888981.8359 7392362.7519, -12889065.9999 7392390.0578, -12889129.4189 7392383.6922, -12889194.44 7392409.002, -12889227.7018 7392446.1292, -12889218.8886 7392458.3758, -12889232.8397 7392484.2688, -12889218.8334 7392497.3152, -12889282.2806 7392633.5699, -12889228.4455 7392618.4304, -12889231.2588 7392596.3351, -12889177.1439 7392577.1253, -12889134.2783 7392577.315, -12889128.2204 7392599.285, -12889096.7052 7392590.6557, -12889084.9028 7392622.5221, -12889122.7726 7392659.0655, -12889095.3832 7392685.2823, -12889093.2365 7392706.8203, -12889162.9667 7392743.6175, -12889227.8155 7392701.1549, -12889251.0685 7392700.3988, -12889286.7163 7392759.5539, -12889308.4685 7392752.9563, -12889330.812 7392775.0107, -12889369.8473 7392782.4993, -12889409.1332 7392772.8016, -12889356.2907 7392798.8307, -12889303.9662 7392800.0674, -12889280.2466 7392823.7274, -12889218.5459 7392834.4832, -12889177.9417 7392888.7924, -12889211.9805 7392942.0745, -12889185.4309 7392964.0919, -12889162.1937 7392958.0807, -12889216.6417 7392996.5737, -12889205.552 7393008.7823, -12889230.3691 7393024.2742, -12889188.9124 7393051.3552, -12889176.5028 7393117.8669, -12889141.0163 7393116.84489999, -12889160.4954 7393176.3769, -12889138.5848 7393198.9487, -12889170.032 7393221.1846, -12889111.4542 7393223.1246, -12889048.2749 7393271.1476, -12889093.7203 7393318.8672, -12889131.8239 7393333.3264, -12889083.7108 7393356.8675, -12889012.0098 7393360.6935, -12888990.0582 7393419.9888, -12888973.9003 7393426.5994, -12888964.9954 7393417.5296, -12888903.9366 7393426.9066, -12888903.717 7393415.9117, -12888837.508 7393387.8494, -12888837.3197 7393456.5833, -12888810.9422 7393495.1086, -12888834.9116 7393509.9618, -12888848.82 7393545.1904, -12888881.4282 7393551.9213, -12888894.0105 7393541.7835, -12888899.6618 7393552.7193, -12888854.7058 7393567.2924, -12888853.9028 7393605.9742, -12888835.396 7393617.7486, -12888836.127 7393725.28149999, -12888820.4455 7393731.0212, -12888817.4751 7393766.2156, -12888736.7481 7393785.2036, -12888673.6447 7393766.7188, -12888607.9274 7393802.4777, -12888532.782 7393782.7023, -12888499.3979 7393793.86729999, -12888499.4233 7393765.5942, -12888474.9347 7393737.8433, -12888431.6864 7393736.2687, -12888415.1325 7393751.4646, -12888367.9385 7393758.691, -12888387.1873 7393792.3222, -12888360.764 7393828.3164, -12888369.007 7393846.7908, -12888401.3556 7393861.04379999, -12888460.8984 7393860.5355, -12888481.7814 7393875.2099, -12888461.7491 7393862.4779, -12888410.0725 7393877.62080001, -12888414.179 7393896.523, -12888432.9734 7393902.3776, -12888426.8988 7394004.2225, -12888394.7878 7394010.3219, -12888362.1513 7394045.7452, -12888343.5799 7394022.3598, -12888346.2234 7394055.34220001, -12888316.1619 7394038.6446, -12888337.4786 7394022.6368, -12888312.1427 7393999.0217, -12888286.7789 7394056.7351, -12888226.7566 7394007.7517, -12888252.1309 7393981.8952, -12888229.9512 7393962.8945, -12888180.1215 7393964.0988, -12888173.4543 7393933.0012, -12888154.4954 7393936.1643, -12888151.0124 7393966.0363, -12888146.6427 7393903.6136, -12888124.4939 7393901.6671, -12888092.4738 7393926.3596, -12888088.1911 7393913.8855, -12888110.9447 7393883.033, -12888162.6046 7393868.7809, -12888185.0496 7393844.4518, -12888186.7565 7393856.1076, -12888293.8057 7393853.4553, -12888323.0652 7393823.6871, -12888317.0294 7393797.2207, -12888257.2657 7393761.1886, -12888247.3502 7393785.1865, -12888219.3911 7393800.0886, -12888221.4313 7393782.8819, -12888194.9363 7393771.3671, -12888155.0742 7393798.9035, -12888109.8965 7393798.9557, -12888081.6699 7393782.2237, -12888037.3102 7393803.3729, -12888035.2831 7393774.7724, -12888011.2769 7393763.5985, -12887976.6362 7393794.3634, -12887968.644 7393781.9559, -12887940.9247 7393786.0519, -12887962.3726 7393698.062, -12887956.3768 7393705.8616, -12887930.1025 7393670.5939, -12887960.9769 7393658.2122, -12887972.8241 7393630.5075, -12888009.7838 7393606.6347, -12888011.6516 7393569.3466, -12888053.9082 7393554.4129, -12888080.9682 7393512.9227, -12888122.9103 7393496.2083, -12888139.0447 7393461.20229999, -12888181.2935 7393436.0692, -12888183.5556 7393421.9551, -12888124.4112 7393421.78459999, -12888069.1689 7393376.4386, -12888083.1346 7393316.576, -12888122.4054 7393305.6128, -12888108.4685 7393289.606, -12888087.7333 7393291.0063, -12888074.0571 7393268.0778, -12888079.5987 7393258.0933, -12888109.1032 7393261.8149, -12888084.6856 7393231.2123, -12888097.6778 7393185.8086, -12888155.7445 7393210.3602, -12888213.6169 7393281.2106, -12888255.762 7393290.8176, -12888308.2426 7393263.1416, -12888334.8478 7393218.0922, -12888356.1286 7393235.6682, -12888401.0488 7393208.2775, -12888397.6757 7393194.3191, -12888336.2735 7393189.0607, -12888337.5005 7393166.1634, -12888323.6083 7393158.7929, -12888286.4769 7393169.9491, -12888268.0988 7393192.2843, -12888274.0676 7393209.90649999, -12888253.3517 7393193.178, -12888274.7054 7393177.9768, -12888271.3474 7393153.0326, -12888228.7496 7393095.9361, -12888246.4377 7393080.4935, -12888204.2063 7393066.1176, -12888166.1655 7393101.9804, -12888159.2137 7393091.9996, -12888209.1086 7393051.036, -12888199.8005 7393033.5313, -12888173.9051 7393034.5687, -12888190.5169 7393025.5634, -12888177.9429 7393004.666, -12888130.5366 7393006.6079, -12888136.7459 7392980.0636, -12888114.9663 7393008.3431, -12888088.9917 7393008.1191, -12888094.7964 7393033.245, -12888063.7194 7393055.1725, -12888051.7837 7393002.9088, -12888009.6494 7392990.88620001, -12888019.4746 7392970.5508, -12888003.6781 7392966.9009, -12888013.7185 7392959.6825, -12888007.0211 7392929.4064, -12887933.5135 7392934.1907, -12887934.8901 7392910.5721, -12887972.0732 7392926.5223, -12887992.0319 7392902.3436, -12887991.389 7392870.7151, -12887975.3623 7392861.2511, -12888000.9641 7392854.2496, -12888014.8663 7392829.875, -12887982.0298 7392820.9641, -12887974.7784 7392790.956, -12888022.1194 7392773.6261, -12888036.5141 7392734.06669999, -12887993.3645 7392670.8582, -12887901.6147 7392657.9882, -12887878.8041 7392634.831, -12887857.9696 7392643.7566, -12887866.2972 7392628.7701, -12887819.4969 7392639.6343, -12887828.6316 7392623.8904, -12887858.1066 7392622.4306, -12887851.8146 7392613.6831, -12887920.2726 7392579.2353, -12887937.0692 7392550.6988, -12887913.4031 7392536.0539, -12887929.6541 7392525.0551, -12887904.3281 7392512.1903, -12887865.5058 7392520.2666, -12887867.0487 7392502.7998, -12887823.7847 7392499.1904, -12887790.287 7392501.042, -12887788.2161 7392519.2407, -12887763.5459 7392530.7907, -12887760.8401 7392518.8726, -12887718.5463 7392509.6964, -12887701.7406 7392456.8334, -12887646.114 7392420.0364, -12887652.0771 7392409.858, -12887747.3025 7392455.9375, -12887768.153 7392400.9096, -12887810.6569 7392399.8743, -12887822.9442 7392412.1291, -12887813.563 7392438.5927, -12887837.1548 7392434.471, -12887846.6462 7392454.6192, -12887893.1198 7392439.64239999, -12887937.2647 7392463.0771, -12887960.3305 7392446.7024, -12887956.1831 7392414.1739, -12887853.6773 7392394.0497, -12887881.9445 7392338.1801, -12887786.2464 7392297.0232, -12887843.7321 7392287.7791, -12887859.6967 7392301.336, -12887865.6891 7392280.51569999, -12887846.6408 7392265.762, -12887854.5735 7392246.754, -12887909.574 7392200.4669, -12887900.0606 7392182.9828, -12887871.7237 7392177.2502, -12887913.9111 7392164.2469, -12887932.6579 7392127.9974, -12887881.6488 7392111.3294, -12887889.7605 7392079.1524, -12887871.9526 7392059.7389, -12887851.8917 7392056.8568, -12887804.0232 7392095.46549999, -12887788.5304 7392080.4551, -12887792.7647 7392061.2105, -12887739.7882 7392039.8464, -12887679.8213 7392046.5335, -12887678.5473 7392017.7869, -12887570.7861 7392017.8586, -12887554.198 7392032.3297, -12887537.839 7391986.8497, -12887478.7421 7391965.2077, -12887482.043 7391944.4043, -12887464.1973 7391951.5451, -12887442.2873 7391923.5264, -12887418.9399 7391937.1527, -12887421.7833 7391976.248, -12887391.423 7391966.929, -12887353.2632 7391892.2317, -12887368.5234 7391888.6204, -12887355.2542 7391873.1481, -12887383.8578 7391809.7236, -12887365.8063 7391786.7824, -12887395.2288 7391766.5902, -12887380.7567 7391751.0697, -12887403.191 7391702.5024, -12887385.0471 7391637.7472, -12887404.9088 7391604.2017, -12887389.4102 7391584.4352, -12887395.4381 7391550.1263, -12887371.1795 7391552.2813, -12887379.1632 7391559.6948, -12887350.4547 7391567.4601, -12887346.9502 7391581.4373, -12887325.8107 7391570.2335, -12887336.31 7391572.7538, -12887327.2296 7391552.7386, -12887370.578 7391470.0896, -12887351.0207 7391448.7264, -12887365.995 7391424.3405, -12887360.7509 7391408.4229, -12887335.9244 7391391.9111, -12887314.3274 7391405.7509, -12887329.8433 7391364.8957, -12887312.8384 7391342.8218, -12887325.0675 7391311.0735, -12887309.1228 7391298.1423, -12887356.9036 7391308.6109, -12887368.7428 7391270.4659, -12887347.6905 7391252.58609999, -12887360.7418 7391236.2341, -12887269.5037 7391229.3131, -12887276.2319 7391212.8858, -12887293.186 7391223.1835, -12887299.8366 7391213.775, -12887278.0305 7391178.5662, -12887318.5311 7391145.933, -12887339.7681 7391148.4673, -12887347.0651 7391128.245, -12887292.9797 7391106.2078, -12887297.0044 7391031.8069, -12887240.2205 7391053.4431, -12887234.8991 7391040.5372, -12887135.1894 7391031.1873, -12887077.3847 7391009.1217, -12887087.6543 7390974.7813, -12887078.3257 7390950.6151, -12887042.7158 7390957.7106, -12887008.7188 7390944.8055, -12887046.6581 7390934.0144, -12887046.6515 7390909.7477, -12887018.7963 7390903.1598, -12887043.7788 7390894.3351, -12887092.3317 7390929.9628, -12887103.2453 7390921.8834, -12887124.8813 7390935.0807, -12887145.4025 7390922.1364, -12887178.0355 7390944.9116, -12887196.1369 7390910.061, -12887197.0477 7390886.1834, -12887175.6939 7390892.0694, -12887185.3179 7390864.4331, -12887176.3255 7390857.4757, -12887162.7347 7390875.419, -12887111.6384 7390870.20709999, -12887169.5429 7390859.674, -12887154.6802 7390834.7808, -12887075.4801 7390843.1331, -12887067.8808 7390832.9571, -12887071.6827 7390846.2102, -12887079.0653 7390847.6402, -12887069.6887 7390853.6441, -12887035.405 7390844.3959, -12887011.1669 7390793.3784, -12886958.37 7390782.0536, -12886944.7393 7390791.9796, -12886933.0879 7390769.9661, -12886941.8602 7390728.1612, -12886975.4952 7390718.0482, -12886981.8995 7390692.113, -12887007.8503 7390697.4647, -12887035.2533 7390650.0469, -12887000.2957 7390612.2398, -12886967.8691 7390622.1508, -12886960.4553 7390600.325, -12886970.6699 7390588.7813, -12886939.8617 7390569.4374, -12886941.5648 7390552.6228, -12886966.0379 7390556.1861, -12886967.3665 7390572.08079999, -12886996.6575 7390592.7081, -12887013.48 7390579.2608, -12887034.1227 7390583.1542, -12887072.3349 7390617.8824, -12887088.338 7390612.1167, -12887085.0833 7390580.44300001, -12887134.8554 7390624.2318, -12887157.6222 7390605.0383, -12887160.4326 7390630.4198, -12887144.148 7390636.8811, -12887145.7259 7390652.146, -12887193.591 7390689.5036, -12887203.6861 7390675.8667, -12887213.0807 7390700.5782, -12887252.83 7390733.78760001, -12887244.8659 7390746.1109, -12887269.775 7390783.1657, -12887254.0742 7390864.3054, -12887269.9477 7390888.0564, -12887290.2011 7390884.9167, -12887292.4788 7390916.9085, -12887310.3109 7390918.9682, -12887346.1595 7390888.0764, -12887335.5459 7390849.2322, -12887362.2758 7390834.3724, -12887372.2426 7390778.891, -12887360.3048 7390767.5434, -12887371.1596 7390755.9092, -12887390.3297 7390745.6457, -12887413.0747 7390817.1115, -12887433.1791 7390827.0209, -12887486.4025 7390756.2861, -12887505.6861 7390705.7387, -12887495.6874 7390666.2419, -12887482.4869 7390664.6359, -12887453.3413 7390713.3615, -12887432.4915 7390716.1921, -12887421.1955 7390698.2939, -12887400.5921 7390704.2289, -12887381.7881 7390687.3689, -12887398.2514 7390632.251, -12887363.6575 7390589.7968, -12887365.8853 7390552.5926, -12887343.2552 7390506.8779, -12887344.4332 7390487.8261, -12887355.1829 7390491.3908, -12887370.3579 7390470.4767, -12887359.4103 7390452.8082, -12887400.0184 7390408.7928, -12887499.308 7390406.4189, -12887556.2557 7390368.5357, -12887556.4574 7390349.3668, -12887540.8048 7390338.6336, -12887564.5597 7390319.0329, -12887521.9631 7390293.7287, -12887543.4202 7390287.086, -12887524.3785 7390251.1304, -12887536.1384 7390259.6599, -12887549.2329 7390248.3653, -12887556.7082 7390269.5919, -12887573.9334 7390270.1975, -12887621.7714 7390218.3362, -12887605.8883 7390144.1723, -12887574.7824 7390185.856, -12887550.3264 7390152.4934, -12887584.9367 7390154.5819, -12887585.1401 7390140.8766, -12887564.7713 7390131.8253, -12887600.0386 7390132.0372, -12887576.8959 7390116.1811, -12887550.7315 7390133.9279, -12887573.6255 7390085.2166, -12887605.9821 7390070.0794, -12887614.5537 7390025.3309, -12887602.4158 7390014.7984, -12887559.2682 7390024.7434, -12887557.3848 7390011.9934, -12887584.878 7390009.7681, -12887571.422 7389980.1345, -12887583.9175 7389966.0813, -12887601.441 7389970.19259999, -12887607.0859 7389956.15209999, -12887602.2469 7389978.7732, -12887619.9591 7389983.7224, -12887637.1231 7389969.6588, -12887633.579 7389939.7621, -12887613.6383 7389925.5832, -12887620.4452 7389915.2155, -12887625.8836 7389926.7576, -12887647.2083 7389882.1803, -12887594.2606 7389822.3169, -12887549.5251 7389814.266, -12887557.8579 7389773.0259, -12887533.0977 7389738.123, -12887528.5367 7389700.9927, -12887470.0763 7389725.2007, -12887448.4413 7389754.8958, -12887426.742 7389742.7948, -12887422.1718 7389720.8568, -12887452.2842 7389710.6357, -12887472.2869 7389681.7857, -12887517.4461 7389684.312, -12887547.7582 7389647.2687, -12887554.0975 7389573.1284, -12887530.5536 7389510.4099, -12887446.8957 7389509.7448, -12887372.239 7389554.2701, -12887278.3288 7389467.5404, -12887205.1072 7389424.5713, -12887092.1565 7389409.4614, -12887023.5466 7389430.2296, -12886964.2144 7389466.0755, -12886730.6551 7389672.7034, -12886636.0839 7389688.5891, -12886582.6332 7389656.3405, -12886464.1562 7389458.8588, -12886280.6522 7389271.8605, -12886086.5085 7389131.7194, -12885949.2361 7389088.5392, -12885858.0163 7389093.0105, -12885772.9714 7389120.1294, -12885659.1001 7389187.4327, -12885412.6274 7389378.9372, -12885340.1587 7389405.6071, -12885272.1488 7389399.8388, -12885218.1875 7389360.1505, -12885179.9209 7389295.5645, -12885107.0531 7389079.4443, -12885039.6543 7388939.2876, -12884740.3168 7388483.7904, -12884528.7901 7388078.941, -12884465.2557 7388013.1956, -12884389.7829 7387982.4088, -12884315.1484 7387993.8477, -12884250.7967 7388039.8178, -12884060.1401 7388232.861, -12883901.7344 7388328.9777, -12883772.2122 7388360.0938, -12883652.4828 7388331.2393, -12883572.2719 7388243.4555, -12883371.7739 7387851.2773, -12883322.5712 7387723.6442, -12883315.013 7387603.4513, -12883360.8057 7387500.1881, -12883535.6034 7387278.6309, -12883657.3986 7387095.7371, -12883762.2822 7386882.9923, -12883812.0063 7386706.696, -12883875.2734 7386280.4423, -12883944.6529 7385999.5139, -12883950.4845 7385945.971, -12883927.5594 7385849.7032, -12883900.1949 7385811.8742, -12883827.809 7385758.4815, -12883700.7676 7385713.5397, -12883608.3046 7385714.3046, -12883468.748 7385770.5642, -12883385.6857 7385842.1855, -12883315.4784 7385932.7116, -12883081.5838 7386407.3078, -12883008.6445 7386481.6537, -12882966.5405 7386504.3699, -12882879.659 7386518.0729, -12882800.2169 7386491.7085, -12882717.3047 7386394.5815, -12882678.2158 7386255.3823, -12882637.892 7385941.9841, -12882594.9423 7385854.5671, -12882563.4815 7385819.8505, -12882485.9569 7385769.6754, -12882400.2655 7385740.1026, -12882076.1372 7385673.6447, -12881972.5181 7385693.0834, -12881819.7187 7385767.61, -12881412.9508 7386034.1745, -12881318.6802 7386114.4599, -12881280.1678 7386163.3115, -12881229.1036 7386273.4145, -12881192.6028 7386563.9011, -12881165.1165 7386668.0788, -12881118.5306 7386761.4756, -12881049.4858 7386833.742, -12880913.7973 7386892.589, -12880555.853 7386960.7383, -12880170.7942 7387068.931, -12880206.5963 7387371.5384, -12880280.0957 7387589.18289999, -12880320.1268 7387764.425, -12880254.2964 7388160.8649, -12880263.0629 7388402.9189, -12880298.4027 7388544.143, -12880355.3532 7388678.09, -12880422.9965 7388788.3719, -12880551.2808 7388950.2163, -12880594.8172 7389140.7722, -12880589.2467 7389292.131, -12880607.1582 7389436.6347, -12880647.4061 7389576.5533, -12880706.4952 7389703.9269, -12880729.7244 7389849.13229999, -12880691.9997 7390005.0725, -12880640.6346 7390080.0555, -12880506.2696 7390174.5081, -12880428.7405 7390416.7824, -12880185.4424 7390786.4402, -12879807.1543 7391279.9103, -12879553.4276 7391420.7191, -12879404.6546 7391438.0824, -12879249.1669 7391392.9223, -12879046.227 7391278.3686, -12878841.6707 7391093.3944, -12878387.4614 7390530.8527, -12878225.4031 7390161.8671, -12878127.561 7389839.9495, -12878135.4481 7389458.3639, -12877982.5847 7388829.7894, -12878051.1173 7388602.2002, -12878188.1875 7388405.0127, -12878317.0634 7388173.2458, -12878406.8587 7387994.8264, -12878406.665 7387924.3839, -12878368.9317 7387863.4195, -12878307.0412 7387820.5366, -12877837.5678 7387729.8194, -12877352.5063 7387507.3441, -12877110.025 7387414.3527, -12877094.7017 7387269.5882, -12877056.9718 7387129.0107, -12877005.0964 7387009.8669, -12876975.0438 7386854.5667, -12877004.4302 7386713.1134, -12877093.8723 7386582.676, -12877266.8185 7386398.637, -12877380.0397 7386184.7161, -12877416.5887 7386060.599, -12877436.6559 7385916.4433, -12877432.2702 7385754.8212, -12877399.2312 7385569.6464, -12877432.227 7385410.7763, -12877505.0748 7385223.3456, -12877704.3562 7384879.3742, -12877768.7426 7384696.5434, -12877792.4164 7384536.6373, -12877788.0241 7384375.0439, -12877682.6961 7383937.3977, -12877706.6182 7383734.1395, -12877799.6686 7383566.2584, -12877853.3434 7383413.8389, -12877918.6624 7382988.652, -12877992.2339 7382864.4781, -12878107.9735 7382778.4512, -12878247.8928 7382743.9394, -12878456.4613 7382757.9517, -12878663.302 7382724.8743, -12878784.9164 7382681.5525, -12879041.3029 7382560.2778, -12879189.8923 7382473.0995, -12879331.7733 7382447.912, -12879522.1474 7382475.6711, -12879667.2185 7382470.4068, -12879796.2748 7382446.2087, -12879938.6307 7382468.5453, -12880073.3145 7382561.0704, -12880376.5065 7382489.7605, -12880569.5012 7382417.3053, -12880689.8843 7382346.668, -12880850.9845 7382216.8583, -12880943.7335 7382119.0845, -12881019.4759 7382011.0793, -12881266.1749 7381470.0899, -12881297.0513 7381345.4812, -12881278.7546 7381231.8719, -12881250.5094 7381185.5239, -12881166.5631 7381117.9377, -12881061.3332 7381081.656, -12880782.0029 7381033.4972, -12880688.6354 7380983.4648, -12880618.5759 7380913.1683, -12880563.944 7380782.0074, -12880536.8766 7380629.7637, -12880496.5408 7380192.8737, -12880500.4313 7379864.1971, -12880453.0284 7379642.3219, -12880344.2553 7379446.4893, -12880176.0996 7379228.8438, -12880060.8201 7379128.3425, -12879812.7201 7378991.2213, -12879648.9057 7378936.4655, -12879133.0873 7378851.4481, -12879011.8719 7378818.0358, -12878901.8628 7378763.677, -12878555.4146 7378526.154, -12878438.9456 7378469.0641, -12878356.7489 7378447.1129, -12877855.3673 7378441.0834, -12876067.3975 7378488.3745, -12875841.7395 7378476.3286, -12875679.9497 7378447.3763, -12875478.7528 7378364.8881, -12875240.1343 7378219.4787, -12875014.6528 7378056.0072, -12874813.8739 7377956.5002, -12874645.5712 7377943.6564, -12873954.3089 7378004.1699, -12873733.9154 7377980.9835, -12873585.8038 7377927.1116, -12873398.6434 7377832.0084, -12873218.5079 7377718.0748, -12873041.5405 7377583.3198, -12872960.912 7377504.245, -12872896.2243 7377412.3971, -12872853.2496 7377308.2496, -12872827.8083 7377193.2874, -12872779.2893 7376124.0741, -12872778.2965 7375714.2442, -12872805.2153 7375370.9878, -12872903.3774 7374769.1588, -12872908.0095 7374639.684, -12872890.7566 7374512.9534, -12872801.3104 7374159.5417, -12872788.7864 7373873.0365, -12872807.1144 7373714.9779, -12872854.9465 7373638.0535, -12872888.5707 7373613.3465, -12872966.7399 7373592.7462, -12873440.1089 7373657.9742, -12873626.9197 7373649.9387, -12873803.4999 7373581.2164, -12873896.8038 7373498.4096, -12873980.3365 7373339.9835, -12874110.0241 7372885.626, -12874112.718 7372740.8962, -12874026.2346 7372442.6477, -12874024.1394 7372314.3451, -12874083.4795 7372195.2082, -12874215.6335 7372054.5794, -12874416.2914 7371885.8072, -12874559.2245 7371788.0566, -12874852.7117 7371832.8802, -12874989.3885 7371882.2766, -12875113.8986 7371980.7081, -12875370.8556 7372275.1186, -12875479.9886 7372337.5261, -12875571.9341 7372364.3602, -12875733.2999 7372379.9081, -12875866.7537 7372367.4139, -12875996.9695 7372322.5413, -12876190.6352 7372199.6651, -12876250.2067 7372187.2809, -12876309.1104 7372195.9128, -12876429.0499 7372279.9682, -12876710.0326 7372607.0402, -12876775.3958 7372639.0262, -12876986.2897 7372702.2299, -12877128.6425 7372796.5585, -12877167.5197 7372855.2286, -12877170.1519 7372969.7882, -12877200.2951 7372996.7947, -12877289.2171 7372970.7293, -12877431.8134 7372991.4381, -12877500.376 7372982.4992, -12877570.6604 7372872.6996, -12877623.8686 7372838.8649, -12877752.3498 7372794.3232, -12877802.4402 7372731.907, -12877815.467 7372650.2778, -12877812.246 7372494.3136, -12877784.9565 7372425.6036, -12877739.5087 7372362.679, -12877674.9358 7372309.5504, -12877596.0714 7372275.9959, -12877112.3697 7372202.358, -12876980.6952 7372146.6434, -12876936.381 7372099.8066, -12876913.4999 7372045.3066, -12876924.0956 7371850.7652, -12876895.8609 7371799.6273, -12876818.5657 7371785.7906, -12876523.7156 7371836.2641, -12876412.0334 7371777.3787, -12876149.9538 7371727.2417, -12876092.8829 7371682.2878, -12876072.5274 7371639.1461, -12876073.2963 7371560.9101, -12876096.9217 7371504.1742, -12876157.0508 7371431.021, -12876214.0131 7371396.8603, -12876314.7221 7371386.4144, -12876675.2924 7371413.1359, -12876748.0637 7371382.6698, -12876773.0365 7371346.4324, -12876780.1821 7371280.4377, -12876751.6341 7371197.6946, -12876675.1791 7371194.7179, -12876665.1248 7371179.5071, -12876577.5496 7371150.3022, -12876533.5896 7371150.3605, -12876505.6373 7371183.9763, -12876488.7167 7371184.5204, -12876448.8533 7371263.0616, -12876401.8986 7371251.8109, -12876348.7436 7371277.2467, -12876205.0859 7371220.6042, -12876219.1678 7371191.7487, -12876207.2788 7371166.4494, -12876282.4862 7371082.5265, -12876262.2816 7371055.7507, -12876276.3748 7371023.8258, -12876390.5106 7371011.8565, -12876427.2015 7371058.0826, -12876468.8017 7371076.6973, -12876499.0693 7371084.37259999, -12876516.9363 7371062.5321, -12876526.6099 7371078.4655, -12876623.5135 7371082.0603, -12876705.9789 7371038.8072, -12876715.7194 7370995.1851, -12876755.6608 7370996.2731, -12876787.2532 7370952.6124, -12876827.6733 7370950.4751, -12876852.1414 7370909.8261, -12876839.707 7370863.3291, -12876797.6839 7370819.1833, -12876805.3206 7370800.4331, -12876792.9196 7370783.8203, -12876734.6215 7370770.297, -12876727.7308 7370780.323, -12876688.3147 7370756.6663, -12876705.2125 7370681.9539, -12876754.3807 7370584.6632, -12876741.7904 7370556.2181, -12876779.9507 7370467.1533, -12876757.4976 7370376.2435, -12876741.6346 7370375.0195, -12876707.6598 7370315.411, -12876716.3984 7370290.3282, -12876669.2212 7370263.2247, -12876670.5015 7370240.7844, -12876620.8849 7370166.4235, -12876189.2515 7370025.4344, -12876257.6914 7369906.4, -12876267.9176 7369807.6579, -12876248.4649 7369714.076, -12876179.3993 7369590.3394, -12875959.4823 7369299.3254, -12876285.5252 7369007.0335, -12876268.7493 7368991.998, -12876275.9296 7368941.5496, -12876239.1717 7368915.09179999, -12876223.7653 7368882.9039, -12876233.862 7368811.3796, -12876215.483 7368688.8847, -12876198.3956 7368670.2756, -12876205.1414 7368662.3503, -12876161.1369 7368629.7553, -12876175.397 7368594.8878, -12876112.2898 7368544.4807, -12876125.2475 7368507.9819, -12876153.8898 7368514.0035, -12876210.7519 7368487.5086, -12876217.0637 7368435.354, -12876159.0998 7368380.2279, -12876101.4473 7368291.79, -12876103.1394 7368266.7331, -12876052.0437 7368184.4731, -12876038.4181 7368113.1302, -12876006.848 7368110.5663, -12875981.79 7368071.7581, -12875949.9748 7368060.5507, -12875947.3255 7368036.5824, -12875910.2785 7367994.7639, -12875886.1554 7367991.8505, -12875859.0045 7367944.2443, -12875877.8956 7367932.7847, -12875873.6876 7367918.8973, -12875779.7675 7367868.747, -12875785.0327 7367792.0657, -12875818.4398 7367750.5205, -12875809.2893 7367736.0507, -12875817.1373 7367691.82549999, -12875694.441 7367639.4238, -12875653.943 7367571.3683, -12875650.3029 7367515.5684, -12875603.6933 7367424.01340001, -12875590.1569 7367413.1178, -12875563.173 7367426.5577, -12875551.7628 7367399.173, -12875524.4226 7367425.4506, -12875512.5782 7367414.2443, -12875424.4691 7367424.2271, -12875437.5935 7367449.5144, -12875419.4948 7367426.111, -12875367.1052 7367478.8647, -12875368.3194 7367499.4871, -12875325.9178 7367508.2464, -12875292.3773 7367444.1474, -12875309.7876 7367417.8374, -12875303.5983 7367367.6903, -12875269.8573 7367290.975, -12875201.3624 7367231.2155, -12875191.1767 7367166.6397, -12875201.4404 7367058.7752, -12875228.2016 7367038.2279, -12875265.8386 7366964.5454, -12875255.5862 7366922.2667, -12875198.7686 7366888.5528, -12875176.5826 7366857.7325, -12875112.0062 7366861.2282, -12875080.5919 7366886.6883, -12875060.2093 7366878.2988, -12875030.9991 7366888.611, -12874978.434 7366850.9354, -12874953.2203 7366757.6211, -12874905.2415 7366759.0387, -12874718.5253 7366706.00240001, -12874638.2417 7366732.3748, -12874628.5903 7366758.2035, -12874608.5305 7366768.7293, -12874560.9637 7366765.2143, -12874533.0337 7366785.3336, -12874456.7797 7366771.0986, -12874402.5671 7366793.1016, -12874371.3087 7366762.4177, -12874322.2725 7366764.69, -12874276.3086 7366722.5677, -12874256.2822 7366684.0189, -12874202.0919 7366686.5241, -12874186.3513 7366675.7849, -12874173.9949 7366688.5244, -12874138.7845 7366656.2873, -12874073.3731 7366644.3051, -12874005.6241 7366660.9093, -12873999.4794 7366697.1275, -12873958.38 7366740.1818, -12873975.6013 7366748.3964, -12873973.3527 7366771.8365, -12873906.0934 7366799.7047, -12873887.9602 7366823.4242, -12873897.0208 7366832.2336, -12873879.0316 7366836.2536, -12873814.533 7366819.6104, -12873815.8801 7366797.9567, -12873795.3305 7366761.1555, -12873784.5325 7366763.3306, -12873781.2932 7366739.6186, -12873742.0864 7366726.9373, -12873687.7513 7366666.8517, -12873594.7484 7366656.4849, -12873447.7372 7366694.19650001, -12873256.1284 7366771.6694, -12873176.5564 7366840.1518, -12873126.5954 7366933.1397, -12873032.7389 7367253.0686, -12872973.2784 7367348.775, -12872934.237 7367386.8506, -12872793.7843 7367454.137, -12872640.595 7367460.996, -12872474.6091 7367442.9231, -12872364.0218 7367413.1187, -12871999.9072 7367182.0904, -12871746.1344 7367076.0618, -12871683.2918 7366819.9536, -12871667.8926 7366831.9294, -12871589.7834 7366825.1321, -12871567.5194 7366801.8279, -12871470.6714 7366775.9341, -12871452.3038 7366753.6009, -12871525.9602 7366647.4383, -12871517.0547 7366620.5741, -12871616.6857 7366583.6766, -12871593.8651 7366559.0784, -12871476.6086 7366521.21, -12871452.675 7366494.3462, -12871366.9589 7366483.6655, -12871321.1324 7366510.5293, -12871287.922 7366616.6902, -12871271.0386 7366627.0474, -12871218.3474 7366619.9268, -12871132.4457 7366554.5471, -12871035.0413 7366447.416, -12870979.7526 7366420.2289, -12870929.2876 7366419.2579, -12870820.009 7366542.5716, -12870929.8443 7366918.9976, -12870923.3506 7366931.621, -12871004.3634 7366915.3419, -12870975.671 7366992.1488, -12870979.196 7367067.5665, -12870964.7244 7367129.7137, -12870990.8845 7367142.6611, -12870981.6079 7367153.3427, -12870989.5858 7367191.214, -12871054.7076 7367268.2521, -12871075.4873 7367330.0772, -12871056.3775 7367437.544, -12871126.1377 7367527.2087, -12871180.4986 7367555.6945, -12871257.4072 7367660.2009, -12871255.1002 7367810.3072, -12871225.9214 7367935.2323, -12871179.87 7367994.8603, -12871115.7901 7368024.7119, -12870959.0268 7368022.2201, -12870721.8861 7367963.99, -12870571.8286 7367910.7898, -12870476.3432 7367860.5664, -12870397.8411 7367790.2133, -12870345.6499 7367699.475, -12870219.4877 7367301.1128, -12870037.515 7366963.3303, -12870026.0332 7366881.0905, -12870069.484 7366773.0432, -12870289.8381 7366591.0773, -12870396.6734 7366460.8458, -12870481.9146 7366311.8699, -12870616.8828 7366020.0864, -12870697.8153 7365893.78279999, -12871185.284 7365304.4481, -12871399.2364 7365117.2777, -12871556.3321 7365031.3587, -12871827.8066 7364922.9206, -12871914.4206 7364855.8657, -12871964.2333 7364776.0142, -12872743.9626 7364651.3729, -12872755.4744 7364594.0235, -12872781.0086 7364559.0131, -12873070.5979 7364338.1187, -12873251.9477 7364171.0783, -12873344.3423 7364056.5194, -12873362.9696 7363979.8516, -12873336.9151 7363921.608, -12873278.8846 7363860.705, -12873013.711 7363664.3957, -12872746.1844 7363521.1096, -12872329.1107 7363333.7697, -12872169.1858 7363224.24669999, -12871964.1636 7362993.4647, -12871576.5939 7362437.2147, -12871467.1768 7362335.302, -12871295.879 7362234.8836, -12871092.3122 7362179.1258, -12870921.5153 7362179.0622, -12870304.6655 7362291.2573, -12870050.1418 7362311.1253, -12870019.468 7362353.712, -12868867.7759 7361972.4327, -12868872.2692 7361956.1412, -12868800.7312 7361951.5364, -12868796.7672 7361932.2716, -12868345.2109 7361774.3433, -12868004.5813 7361618.2926, -12867864.7877 7361505.6271, -12867810.6215 7361406.1916, -12867798.3797 7361298.8014, -12867828.1757 7361198.0584, -12867856.9998 7361154.8367, -12867935.875 7361090.7995, -12868031.1258 7361063.5609, -12868131.0043 7361068.627, -12868442.5544 7361165.4795, -12868553.2071 7361183.9701, -12868661.2229 7361170.1183, -12868747.8642 7361115.9781, -12868801.4912 7361032.5434, -12868856.9559 7360839.8245, -12868896.1351 7360761.8428, -12869045.7293 7360628.2223, -12869083.1157 7360554.8675, -12869066.6742 7360439.8329, -12868980.1593 7360280.0336, -12868933.0165 7360150.1342, -12868920.9284 7360039.1111, -12868937.643 7359960.9967, -12868971.5331 7359916.7038, -12869022.8139 7359886.8889, -12869305.873 7359837.2782, -12869346.4745 7359793.7875, -12869360.6529 7359737.4714, -12869333.5971 7359627.0553, -12869204.923 7359447.3007, -12869207.7783 7359313.2607, -12869185.3386 7359236.5111, -12869035.2697 7359112.4473, -12869021.4881 7359056.0858, -12869036.2059 7358972.7447, -12868884.4121 7358941.5143, -12868891.093 7359033.6565, -12868868.8734 7359015.2094, -12868844.3502 7359038.726, -12868685.3903 7359003.9746, -12868488.3327 7359034.4933, -12868398.2172 7359019.5081, -12868310.4446 7358969.3589, -12868097.5365 7358681.5544, -12868043.5576 7358657.1827, -12867990.0886 7358678.9401, -12867962.9174 7358725.6279, -12867975.2273 7358935.8698, -12867944.2136 7358984.6789, -12867890.5314 7358998.4463, -12867671.735 7358985.1504, -12867437.7072 7359109.2209, -12867395.1444 7359102.4115, -12867341.3738 7359040.0892, -12867302.815 7358825.8401, -12867325.3088 7358787.9737, -12867406.2621 7358720.573, -12867461.7447 7358549.8205, -12867514.9207 7358515.33, -12867687.4379 7358462.0318, -12867795.8095 7358324.9635, -12867939.2585 7358258.2766, -12867963.4001 7358230.4979, -12867973.4268 7358192.8407, -12867951.9795 7358073.4218, -12867967.7209 7357815.8645, -12867955.9107 7357635.473, -12867922.5817 7357682.6865, -12867870.8182 7357696.0128, -12867868.1019 7357667.537, -12867833.8268 7357642.9993, -12867813.3661 7357646.6072, -12867752.3297 7357599.0836, -12867670.7437 7357586.8633, -12867662.3724 7357566.5544, -12867630.8133 7357560.2308, -12867630.1343 7357542.2883, -12867558.4222 7357505.7248, -12867547.7579 7357485.9786, -12867434.0115 7357446.8548, -12867406.4156 7357424.6066, -12867357.4239 7357424.2767, -12867331.8203 7357403.7355, -12867295.3408 7357400.2829, -12867287.8603 7357420.3006, -12867258.739 7357430.1541, -12867260.8763 7357406.0244, -12867211.2391 7357382.0693, -12867163.7279 7357401.9703, -12867163.9727 7357424.7424, -12867129.8978 7357408.1192, -12867118.3318 7357425.3242, -12867102.8138 7357344.2264, -12867156.481 7357290.42, -12867166.5221 7357237.6421, -12867160.7668 7357218.3621, -12867140.4956 7357229.3211, -12867158.3624 7357184.2053, -12867150.926 7357161.2205, -12867138.4694 7357184.3603, -12867123.0852 7357162.9663, -12867127.5824 7357139.8848, -12867071.5997 7357118.0835, -12867035.076 7357130.6522, -12866991.8283 7357113.5642, -12866967.8056 7357137.0917, -12866934.1314 7357139.2446, -12866867.4622 7357065.9276, -12866805.4014 7357074.9466, -12866768.8553 7357060.0893, -12866745.367 7357020.8125, -12866624.5407 7356968.114, -12866528.5167 7356906.2611, -12866407.7349 7356945.1107, -12866368.9068 7356976.6482, -12866305.2987 7356969.0062, -12866275.1199 7356978.9952, -12866258.1437 7357005.451, -12866269.4113 7357065.6625, -12866306.8498 7357049.8223, -12866351.8451 7357067.353, -12866318.7219 7357086.3223, -12866344.3644 7357237.3965, -12866334.0915 7357265.8705, -12866358.2311 7357375.0315, -12866333.5999 7357421.0343, -12866354.3591 7357517.9127, -12866375.5913 7357531.203, -12866398.4751 7357523.389, -12866399.6866 7357544.3445, -12866415.2249 7357547.904, -12866428.3328 7357574.0449, -12866488.6067 7357569.5706, -12866510.5292 7357588.3796, -12866527.6242 7357585.473, -12866538.9677 7357486.761, -12866531.114 7357413.295, -12866500.8351 7357346.8998, -12866371.7194 7357266.4749, -12866365.6933 7357214.2695, -12866401.579 7357127.4841, -12866440.897 7357126.5467, -12866459.4707 7357084.0175, -12866499.1876 7357127.2579, -12866590.6032 7357149.1303, -12866588.7126 7357176.757, -12866600.4605 7357187.3378, -12866672.8997 7357129.3526, -12866714.4609 7357160.1182, -12866722.975 7357220.7316, -12866692.4753 7357242.475, -12866684.9315 7357290.155, -12866700.2065 7357318.9201, -12866681.1486 7357379.2922, -12866706.253 7357410.379, -12866727.5651 7357413.9028, -12866720.6781 7357453.2494, -12866738.5133 7357504.2214, -12866772.9723 7357507.8683, -12866828.0663 7357554.1046, -12866873.9576 7357568.3099, -12866884.7501 7357614.734, -12866910.823 7357635.4084, -12866923.9678 7357670.3077, -12866887.6462 7357716.4382, -12866910.5131 7357715.6429, -12866967.0504 7357818.2021, -12866960.2377 7357854.9096, -12866904.7412 7357879.8619, -12866864.4807 7357931.9587, -12866870.4677 7357975.4072, -12866844.0258 7358013.9777, -12866844.9347 7358043.9062, -12866913.361 7358076.1594, -12866957.4565 7358047.7114, -12867000.7617 7358069.7126, -12867021.6007 7358106.3113, -12867015.2537 7358131.0801, -12867032.6362 7358171.7816, -12867007.2646 7358195.8137, -12867022.7862 7358215.8266, -12866948.5361 7358245.7948, -12866895.934 7358298.3628, -12866860.0835 7358306.0384, -12866818.9307 7358343.0584, -12866810.1919 7358377.7734, -12866781.5403 7358409.4621, -12866833.6841 7358396.2415, -12866842.8309 7358405.5145, -12866823.016 7358436.0036, -12866719.0139 7358408.4168, -12866778.4821 7358446.7285, -12866396.8278 7358725.8212, -12866327.8629 7358751.4495, -12866258.5443 7358758.697, -12866190.1721 7358747.1783, -12866096.5685 7358703.3856, -12866023.927 7358640.0331, -12865975.2074 7358538.7108, -12865966.0472 7358357.7964, -12865935.3377 7358171.3968, -12865933.4954 7357729.8507, -12865849.3655 7357434.8076, -12865739.9447 7358398.9871, -12865714.8999 7358366.1916, -12865648.6271 7358327.7615, -12865440.4345 7358339.456, -12865363.2572 7358376.5517, -12865305.7301 7358443.2427, -12865265.9454 7358529.4183, -12865246.6227 7358630.5048, -12864449.7512 7358687.7378, -12864548.8525 7358751.2505, -12864603.9028 7358699.5524, -12864712.5841 7358714.5875, -12864975.8324 7358711.8133, -12865078.2684 7358746.5784, -12865167.7249 7358815.8567, -12865163.4279 7358847.6153, -12865118.811 7358842.4741, -12865114.1579 7358853.4742, -12865111.976 7358921.7446, -12865136.511 7358977.0366, -12865105.8451 7359086.2368, -12865083.79 7359077.2422, -12865086.239 7359037.9164, -12865046.8987 7359012.2296, -12865064.6764 7358982.3137, -12865046.0414 7358940.7765, -12865067.0141 7358899.3175, -12865009.6289 7358863.1161, -12865005.1094 7358875.4937, -12864984.9271 7358873.7281, -12864979.0272 7358904.9631, -12864939.0189 7358943.0076, -12864927.297 7358984.9909, -12864954.2696 7359024.1419, -12864958.3552 7359111.7372, -12864821.3654 7359157.3495, -12864814.0182 7359222.2661, -12864833.1207 7359247.50729999, -12864842.4937 7359302.9762, -12864830.7608 7359350.4715, -12864896.0829 7359409.1229, -12864933.3638 7359469.9867, -12864924.5141 7359485.3919, -12864940.2212 7359491.7946, -12864913.4934 7359524.9334, -12864927.0521 7359540.4164, -12864893.4002 7359606.151, -12864905.2334 7359628.8519, -12864895.3037 7359642.0068, -12864801.9291 7359647.9826, -12864803.5654 7359681.1415, -12864778.2847 7359702.2707, -12864759.9504 7359682.3056, -12864779.5649 7359657.9943, -12864750.032 7359647.4782, -12864764.7817 7359611.2345, -12864754.0069 7359581.2011, -12864760.5961 7359570.8001, -12864752.7481 7359578.0372, -12864754.0069 7359581.2011, -12864715.3113 7359490.1841, -12864689.5854 7359473.7119, -12864549.5232 7359448.7029, -12864499.5963 7359454.3876, -12864456.2376 7359479.6682, -12864467.1022 7359522.0425, -12864541.2522 7359622.0998, -12864562.3361 7359684.5368, -12864605.4834 7359696.6053, -12864623.0053 7359732.5583, -12864558.1616 7359743.8506, -12864508.2014 7359708.9647, -12864377.3342 7359701.2038, -12864350.15 7359685.4682, -12864323.3554 7359749.4774, -12864269.2651 7359724.1958, -12864250.853 7359730.948, -12864214.329 7359717.2496, -12864168.9887 7359743.6954, -12864150.799 7359740.0672, -12864119.7075 7359701.08739999, -12864084.0519 7359695.1695, -12864025.2976 7359713.6019, -12864039.8246 7359742.1432, -12863939.7484 7359729.2404, -12863907.488 7359761.8368, -12863880.7156 7359756.1714, -12863833.3604 7359781.356, -12863785.8271 7359759.2371, -12863750.1712 7359758.9653, -12863717.6326 7359734.4986, -12863710.6418 7359694.665, -12863743.5478 7359641.2694, -12863744.4495 7359599.729, -12863659.2233 7359502.7375, -12863573.1955 7359491.2902, -12863500.4149 7359507.4521, -12863430.2058 7359460.28589999, -12863282.3622 7359499.633, -12863266.132 7359550.1949, -12863254.7996 7359551.2232, -12863268.4918 7359608.3435, -12863233.9717 7359621.7312, -12863219.311 7359653.0273, -12863219.9789 7359732.0732, -12863249.7902 7359841.5437, -12863235.7973 7359883.9975, -12863199.7631 7359914.3438, -12863201.0323 7359935.2992, -12863130.8232 7359980.761, -12863093.698 7359921.0379, -12863051.6193 7359910.6378, -12863040.5317 7359876.1392, -12862977.4916 7359889.9346, -12862940.823 7359882.3676, -12862929.4239 7359865.35109999, -12862802.1634 7359947.659, -12862798.1894 7359974.00859999, -12862772.2408 7359993.6641, -12862775.1128 7360037.4768, -12862746.3922 7360066.6596, -12862789.0945 7360118.1953, -12862838.6094 7360298.2047, -12862870.1574 7360328.1841, -12862851.0439 7360392.5866, -12862870.9255 7360434.0925, -12862843.0845 7360447.0934, -12862862.7546 7360530.921, -12862860.1498 7360591.5995, -12862920.5405 7360770.145, -12862900.9037 7360808.7809, -12862885.8534 7360813.089, -12862892.8591 7360865.5024, -12862890.9295 7360861.2144, -12862892.733 7360866.3179, -12862892.8591 7360865.5024, -12862891.4306 7360893.6796, -12862867.3965 7360900.3941, -12862833.8337 7360869.9856, -12862834.9694 7360853.8208, -12862813.3955 7360867.6956, -12862784.8644 7360819.91969999, -12862743.6762 7360811.3036, -12862716.3917 7360829.5834, -12862676.2833 7360819.1628, -12862656.936 7360837.9472, -12862631.3659 7360830.0297, -12862610.2486 7360895.6589, -12862600.3188 7360885.4906, -12862564.5297 7360899.3267, -12862554.0768 7360887.237, -12862487.4187 7360912.1925, -12862496.7584 7360889.3522, -12862480.3722 7360856.3822, -12862493.7194 7360827.8371, -12862462.1047 7360791.8401, -12862423.2765 7360779.8864, -12862387.7765 7360792.4028, -12862359.5125 7360786.2903, -12862356.4514 7360764.5563, -12862306.5245 7360738.01, -12862296.1607 7360711.3086, -12862256.3418 7360716.7419, -12862258.4345 7360681.4636, -12862208.9085 7360591.5219, -12862215.8547 7360533.5406, -12862186.7225 7360511.109, -12862159.7276 7360516.2123, -12862153.7829 7360477.2673, -12862175.8243 7360465.4111, -12862130.4615 7360443.3679, -12862152.0465 7360441.9901, -12862161.375 7360376.9857, -12862192.0102 7360360.8217, -12862202.8637 7360307.0725, -12862222.9125 7360282.2741, -12862201.9621 7360235.7627, -12862212.6265 7360223.5188, -12862201.0715 7360192.8608, -12862229.3579 7360163.8134, -12862193.8025 7360149.707, -12862213.7731 7360139.5201, -12862206.3592 7360128.3823, -12862220.4718 7360106.7219, -12862159.2823 7360152.6563, -12862136.7957 7360150.6188, -12862093.8265 7360173.748, -12862067.7665 7360176.6006, -12862047.3617 7360161.2716, -12861978.5105 7360260.5026, -12861955.356 7360239.469, -12861929.0625 7360247.1333, -12861930.1644 7360303.8901, -12861902.5239 7360342.5624, -12861782.3877 7360271.0198, -12861765.1222 7360237.4508, -12861770.2094 7360171.6719, -12861690.8052 7360174.951, -12861620.2732 7360157.7593, -12861585.586 7360172.2346, -12861553.5149 7360164.6089, -12861557.5558 7360136.9974, -12861532.509 7360106.1459, -12861442.3068 7360092.1557, -12861384.9217 7360149.9981, -12861362.9581 7360215.9901, -12861389.341 7360247.8126, -12861371.0957 7360261.0266, -12861403.6789 7360312.1175, -12861392.814 7360348.0151, -12861411.1262 7360430.3087, -12861458.317 7360418.4077, -12861471.5838 7360681.3472, -12860640.3983 7360963.6952, -12860129.4019 7361289.176, -12860046.9853 7361190.6586, -12859908.1255 7360886.7636, -12859838.944 7360801.2282, -12859795.9557 7360772.9043, -12859700.2915 7360751.9231, -12859605.9169 7360777.9322, -12859567.7493 7360808.2796, -12859514.3549 7360893.8061, -12859500.3454 7360997.4372, -12859524.5546 7361101.9926, -12859623.8349 7361348.3795, -12859631.4498 7361448.1113, -12859596.4502 7361532.1281, -12859565.5966 7361562.3347, -12859487.7126 7361591.9547, -12859263.2294 7361590.5794, -12859110.6156 7361610.3397, -12859008.4578 7361649.5124, -12858915.2222 7361714.483, -12858795.8191 7361839.1323, -12858692.4932 7361977.2399, -12858162.7695 7362800.1105, -12858082.4588 7362893.9138, -12857987.3773 7362962.482, -12857879.8733 7362995.0114, -12857766.3796 7363004.7041, -12857099.7033 7362958.0151, -12856641.149 7362971.4443, -12856322.2633 7363040.4912, -12856174.232 7363098.3985, -12855996.7134 7363192.3442, -12855905.5667 7363210.9675, -12855817.5448 7363195.0772, -12855384.5745 7363030.8985, -12855234.3981 7363012.509, -12855145.3572 7363035.2137, -12854962.5639 7363174.6063, -12854840.2913 7363239.0304, -12854351.0116 7363417.4043, -12854258.648 7363433.12569999, -12854218.1612 7363424.9379, -12854184.9751 7363406.2906, -12854143.347 7363345.8573, -12854078.3801 7363144.8598, -12854017.8138 7363069.3868, -12853975.5092 7363044.01, -12853875.947 7363026.7, -12853612.3242 7363033.7725, -12853397.6341 7363002.4029, -12852846.1938 7362819.6093, -12852385.7222 7362704.8947, -12851971.79 7362568.1363, -12851860.9483 7362484.0182, -12851677.5298 7362192.9668, -12851540.61 7362038.7401, -12851367.6868 7361918.6333, -12851119.4128 7361799.4102, -12850899.9275 7361738.1298, -12850280.4252 7361767.4973, -12850034.7032 7361734.4713, -12849919.7941 7361694.8068, -12849760.814 7361612.8629, -12849415.6749 7361366.7163, -12849304.2493 7361315.2054, -12849125.3492 7361281.791, -12848713.2982 7361252.9448, -12848602.403 7361222.9033, -12848502.1042 7361164.8937, -12848415.9387 7361083.8699, -12848341.5897 7360986.9728, -12847969.6709 7360375.6096, -12847899.9214 7360192.9956, -12847886.738 7360065.1739, -12847897.5829 7359940.0423, -12847931.8456 7359820.2523, -12848018.8407 7359658.0608, -12848091.6996 7359562.4086, -12848175.6001 7359483.4572, -12848317.6198 7359398.3551, -12848613.5863 7359322.5195, -12848650.1578 7359296.8256, -12848692.6577 7359223.6702, -12848691.53 7359139.6565, -12848572.396 7358884.7879, -12848536.2665 7358742.4731, -12848533.5114 7358300.5998, -12848496.6913 7358062.9216, -12848432.1946 7357833.7067, -12848348.445 7357679.3831, -12848095.5889 7357360.1478, -12848004.0505 7357298.232, -12847896.0167 7357274.6957, -12847550.079 7357293.2511, -12847380.7035 7357270.8635, -12846732.1362 7357040.1193, -12845905.1496 7356867.25, -12845682.2678 7356785.8173, -12845528.3933 7356703.2326, -12845449.0862 7356624.7039, -12845405.1159 7356527.6416, -12845400.9575 7356371.1945, -12845463.3695 7356226.4502, -12845889.539 7355679.9024, -12845973.7342 7355593.8663, -12846073.8263 7355525.88139999, -12846249.4584 7355471.305, -12846570.08 7355449.3128, -12846834.6344 7355454.3987, -12847378.0145 7355511.2385, -12847509.1405 7355512.1148, -12847628.4893 7355485.8324, -12847730.9242 7355431.4757, -12847807.059 7355350.4144, -12847869.0554 7355195.1359, -12847961.384 7354647.11119999, -12847976.6744 7354434.7759, -12847969.2338 7354331.9474, -12847943.3968 7354233.1262, -12847900.4905 7354139.9839, -12847805.4428 7354015.7819, -12847634.9232 7353877.4797, -12847096.986 7353512.93029999, -12846993.9302 7353382.7971, -12846921.7539 7353192.6505, -12846845.1961 7353063.7034, -12846726.3757 7352960.80789999, -12846416.0702 7352762.0844, -12846344.3498 7352688.2038, -12846305.0866 7352599.2093, -12846301.6261 7352552.96369999, -12846328.8179 7352471.2854, -12846356.6646 7352440.0635, -12846432.4236 7352401.8455, -12846569.4356 7352395.6566, -12846825.8868 7352448.5692, -12846878.6046 7352446.3403, -12846977.8905 7352410.9422, -12847056.7471 7352339.3379, -12847133.0171 7352188.8275, -12847170.1345 7352017.976, -12847179.0662 7351658.3151, -12847068.3343 7350963.3582, -12847073.1339 7350833.6752, -12847153.741 7350226.44, -12847144.7238 7350119.6868, -12847124.9202 7350072.6401, -12847057.0126 7350000.3136, -12846869.5624 7349906.7242, -12846791.0948 7349840.5012, -12846738.5925 7349753.108, -12846637.1064 7349390.6416, -12846535.5345 7349192.079, -12846158.2467 7348765.6715, -12845900.5516 7348402.9591, -12845775.0772 7348258.0438, -12845692.2411 7348223.6231, -12845600.6409 7348234.4901, -12845326.7947 7348374.95799999, -12845117.0361 7348431.3259, -12844957.1971 7348427.6424, -12844817.5676 7348382.803, -12844710.7165 7348310.4032, -12844615.7203 7348181.0182, -12844555.4375 7348024.9508, -12844491.3335 7347771.2524, -12844424.6383 7347653.2185, -12844307.9043 7347569.1538, -12844056.943 7347503.6259, -12843914.6411 7347449.3841, -12843825.4281 7347399.0461, -12843752.7202 7347329.0604, -12843709.38 7347241.7517, -12843691.6944 7347143.2612, -12843671.4548 7346742.9906, -12843622.9401 7346274.2825, -12843633.0019 7346055.8749, -12843684.2602 7345902.6678, -12843917.3899 7345559.9186, -12844133.6063 7345030.757, -12844288.1128 7344750.5321, -12844490.0338 7344425.064, -12844676.6315 7344028.8344, -12844737.2651 7343941.8862, -12844821.1746 7343882.38, -12844920.7463 7343860.3851, -12845130.3555 7343882.1756, -12845479.834 7343947.7006, -12845717.7345 7343931.3672, -12845831.4285 7343904.1634, -12845987.4921 7343842.4559, -12846082.8779 7343785.6697, -12846164.3455 7343709.3201, -12846218.4009 7343608.532, -12846255.6418 7343437.6839, -12846262.1975 7343260.5885, -12846236.0896 7342974.5822, -12846250.8758 7342812.5274, -12846289.2506 7342717.5596, -12846319.3762 7342677.9015, -12846355.7064 7342645.4715, -12846444.4903 7342607.0235, -12846594.5588 7342607.9317, -12846850.1801 7342674.8681, -12847601.7439 7343052.5024, -12848069.4603 7343233.7089, -12848183.9141 7343245.2465, -12848287.7973 7343210.1865, -12848330.4964 7343175.3522, -12848386.6111 7343082.9828, -12848408.7654 7342973.9605, -12848415.207 7342506.7272, -12848446.3796 7342396.848, -12848509.6046 7342304.671, -12848603.4416 7342242.9181, -12848773.332 7342201.4886, -12849079.1902 7342187.9344, -12849264.449 7342217.017, -12849380.6006 7342267.2573, -12849531.2086 7342388.4928, -12849655.9814 7342541.5105, -12849919.4912 7342936.4244, -12850052.1528 7343099.031, -12850296.7559 7343367.8705, -12850721.8416 7343769.2473, -12851071.8972 7344061.1625, -12851199.1199 7344145.4067, -12851410.76 7344221.6582, -12851557.3771 7344240.5027, -12851772.2327 7344212.706, -12851960.7496 7344116.7083, -12852116.6278 7343972.1659, -12852605.7821 7343413.9533, -12852776.5166 7343263.0162, -12852973.0784 7343146.3824, -12853190.3639 7343082.6804, -12853488.3664 7343039.0153, -12854470.9323 7342959.9392, -12854601.4735 7342916.6858, -12854706.8534 7342841.5107, -12854745.9276 7342791.9748, -12854796.6035 7342679.1007, -12854814.135 7342555.9975, -12854809.5931 7342492.896, -12854744.8762 7342311.4959, -12854577.7359 7342030.2313, -12854530.106 7341847.797, -12854553.5249 7341667.2603, -12854652.7039 7341368.4124, -12854696.9878 7341177.3969, -12854725.4048 7340913.1175, -12854721.9199 7340781.9172, -12854694.2792 7340651.9642, -12854583.3684 7340331.2542, -12854441.7477 7340018.1738, -12854354.178 7339908.1864, -12854181.7825 7339780.3994, -12853857.4213 7339627.4628, -12853585.0713 7339537.4255, -12853366.5756 7339513.9596, -12853216.5761 7339528.7938, -12852924.2044 7339628.6588, -12852779.2398 7339662.71239999, -12852637.9671 7339664.6413, -12852507.9018 7339629.6575, -12852398.2944 7339560.2223, -12852098.3949 7339305.6459, -12851377.4818 7338732.5691, -12851214.9534 7338558.0747, -12851165.0892 7338453.0454, -12851152.5651 7338394.8659, -12851143.4565 7338273.525, -12851154.937 7337838.5545, -12851133.0185 7337324.6711, -12851157.1672 7337067.4378, -12851222.3052 7336890.6391, -12851287.9441 7336787.8616, -12851372.5595 7336700.2075, -12851519.8184 7336588.7501, -12851946.7956 7336337.2822, -12852486.2472 7336042.9218, -12853176.5193 7335709.9949, -12853318.699 7335603.6049, -12853389.7711 7335511.5967, -12853441.4498 7335408.5876, -12853607.3816 7334857.7048, -12853788.9551 7334434.0103, -12853881.7414 7334285.5179, -12853998.9993 7334148.6305, -12854092.2192 7334070.1134, -12854199.0012 7334007.9713, -12854441.5949 7333929.4037, -12854770.8966 7333876.4637, -12855041.0424 7333862.7832, -12855654.4082 7333864.986, -12855862.9244 7333887.3744, -12856068.3258 7333948.5467, -12856195.8596 7334012.1338, -12856431.3663 7334170.9801, -12856624.7325 7334246.0081, -12856690.8765 7334251.7188, -12856819.3548 7334232.2719, -12856938.211 7334180.7016, -12857041.9015 7334101.0226, -12857126.8214 7334001.5576, -12857211.9616 7333825.8061, -12857245.4744 7333635.9165, -12857228.8604 7333439.4109, -12857173.5304 7333240.3737, -12857115.8033 7333109.3088, -12856704.3993 7332409.71940001, -12856659.818 7332277.1276, -12856656.9586 7332146.3155, -12856669.5752 7332084.9259, -12856719.238 7331973.5225, -12856875.5525 7331791.0075, -12857112.3347 7331612.6866, -12857325.88 7331522.1559, -12857439.7297 7331507.842, -12857611.8237 7331520.6558, -12858272.3478 7331688.1823, -12858532.0388 7331729.3514, -12858807.8159 7331750.5567, -12859378.1952 7331733.3686, -12860422.1512 7331649.46, -12860654.4561 7331644.2891, -12860971.6273 7331663.0752, -12861453.4412 7331734.1855, -12862946.059 7332040.8888, -12863820.2323 7332322.9182, -12864318.6575 7332514.9222, -12864529.393 7332617.903, -12864854.1982 7332841.8644, -12865608.0297 7333483.4055, -12866171.5061 7333861.9051, -12866541.9436 7334085.2659, -12867000.9185 7334332.8909, -12867314.4095 7334479.8067, -12867631.7431 7334606.2009, -12867873.9889 7334677.0799, -12868201.4113 7334729.1987, -12869182.9922 7334766.5418, -12869429.4105 7334792.5462, -12869753.2652 7334852.924, -12870962.3999 7335127.52979999, -12871928.1721 7335209.77179999, -12872487.5579 7335295.4681, -12872807.0341 7335363.3908, -12873121.9822 7335456.5253, -12873431.9092 7335575.2716, -12873808.9129 7335753.4713, -12874162.1615 7335952.3516, -12875472.1614 7336771.7228, -12876410.4584 7337433.4547, -12876529.6366 7337532.1876, -12876634.0711 7337647.5436, -12876708.2277 7337782.97339999, -12876750.5471 7337931.8602, -12876772.5608 7338166.1066, -12876771.3268 7338408.0406, -12876760.3838 7338574.7307, -12876730.4355 7338742.4366, -12876566.1266 7339325.1122, -12876551.8127 7339499.6961, -12876559.9562 7339586.3219, -12876610.0441 7339749.7417, -12876695.475 7339896.6885, -12877206.3902 7340536.2037, -12877389.8897 7340667.0089, -12877524.7651 7340717.1041, -12877735.5709 7340741.6098, -12878164.3087 7340737.2222, -12878304.7712 7340755.4287, -12878509.558 7340808.711, -12879322.7504 7341119.7533, -12879524.6919 7341220.7925, -12879651.5061 7341305.5253, -12879881.261 7341515.5811, -12880144.5244 7341820.5106, -12880390.9058 7342155.2464, -12880763.7526 7342716.7417, -12880839.5188 7342865.5452, -12880877.2033 7343023.1485, -12880862.2853 7343332.3459, -12880876.6621 7343481.9601, -12880935.0879 7343620.0489, -12881085.0769 7343796.1875, -12881271.7754 7343943.2272, -12881601.7973 7344163.6059, -12881873.2036 7344320.0734, -12882220.6162 7344494.7285, -12882364.8212 7344544.8601, -12882511.4219 7344576.2405, -12883022.1665 7344604.8789, -12883160.849 7344638.3007, -12883224.951 7344667.222, -12883392.6875 7344792.0949, -12883856.0824 7345252.0353, -12884061.1962 7345518.0918, -12884161.3909 7345574.14769999, -12884213.5182 7345580.8811, -12884305.3333 7345555.4922, -12884374.7156 7345500.2728, -12884514.391 7345343.6198, -12884633.8213 7345234.421, -12884770.1828 7345143.0225, -12884931.9123 7345088.6103, -12884987.2133 7345278.8021, -12885129.0744 7345315.5879, -12885222.0387 7345356.9326, -12885487.6877 7345524.5765, -12885585.9363 7345566.4319, -12885690.5268 7345589.2625, -12885797.7681 7345587.8124, -12885902.4017 7345558.6879, -12885997.6721 7345507.1593, -12886080.5745 7345439.7306, -12886452.2882 7345037.2656, -12886575.6201 7344922.8622, -12886757.8214 7344785.8796, -12887288.7268 7344437.4992, -12887370.9981 7344361.7487, -12887469.8037 7344225.7762, -12887547.6137 7344076.5069, -12887603.5905 7343915.1866, -12887647.2161 7343685.6725, -12887691.4823 7343334.1604, -12887755.1751 7343113.9153, -12887807.5214 7343016.1566, -12887875.6617 7342929.0562, -12888128.3179 7342695.9787, -12888243.5799 7342565.0027, -12888323.1518 7342411.55340001, -12888348.3631 7342300.0428, -12888340.6363 7342126.4396, -12888260.4451 7341892.4245, -12887936.2586 7341262.0532, -12887566.3025 7340630.7217, -12887476.8765 7340419.1442, -12887421.6807 7340205.7439, -12887415.077 7340099.3935, -12887426.2439 7339995.9741, -12887458.3295 7339898.9528, -12887508.3318 7339809.7171, -12887685.8102 7339610.6649, -12887816.1595 7339504.4195, -12887913.837 7339443.748, -12888078.3197 7339392.6224, -12888192.8468 7339398.2248, -12888302.6152 7339432.5517, -12888941.985 7339765.6235, -12889793.3889 7340181.7025, -12890454.0372 7340455.3988, -12890576.1886 7340527.6047, -12890876.5157 7340802.0782, -12890934.1262 7340831.5706, -12891056.6732 7340856.007, -12891176.527 7340839.8208, -12891280.5106 7340789.7707, -12891323.8475 7340754.1641, -12891782.5105 7340162.858, -12892083.8944 7339861.3311, -12892205.1378 7339779.0593, -12892291.1207 7339747.4859, -12892313.748 7339828.2544, -12892523.688 7339655.535, -12892842.3255 7339351.8007, -12893002.6391 7339267.7909, -12893182.9758 7339244.8926, -12893371.8292 7339276.4239, -12893497.43 7339325.027, -12893875.9082 7339530.1102, -12894083.2809 7339602.716, -12894224.1483 7339627.2359, -12894361.8721 7339627.0027, -12894748.5686 7339533.3407, -12894941.3982 7339506.8265, -12895852.685 7339568.5013, -12896035.638 7339618.14899999, -12896180.8247 7339726.3538, -12896278.2195 7339882.8222, -12896417.8 7340311.84399999, -12896505.4356 7340483.3403, -12896589.2796 7340576.6158, -12896906.2667 7340831.2909, -12897096.8441 7341108.0829, -12897188.1272 7341162.0533, -12897284.5723 7341168.4799, -12897364.9545 7341126.4894, -12897457.2736 7341023.5921, -12897528.1783 7340972.8954, -12897569.0065 7340960.0799, -12897657.5771 7340962.4921, -12897746.2975 7340998.3587, -12897821.7301 7341065.019, -12897869.9155 7341159.3206, -12897881.2484 7341213.1501, -12897872.1049 7341322.42279999, -12897824.5062 7341417.6329, -12897750.386 7341489.2592, -12897662.2175 7341539.8105, -12897516.7979 7341578.2037, -12897178.8727 7341577.3355, -12897090.4728 7341595.4673, -12896797.7174 7341725.5568, -12896519.6429 7341822.9136, -12896386.711 7341915.8498, -12896314.0626 7342005.411, -12896235.4382 7342165.6303, -12896200.5089 7342280.3318, -12896175.5816 7342460.4418, -12896183.8562 7342581.2163, -12896213.5112 7342698.0094, -12896264.2735 7342805.2229, -12896334.6812 7342898.6335, -12896421.028 7342970.9439, -12896569.2947 7343024.7556, -12896668.2747 7343023.0896, -12896905.9971 7342950.8219, -12897068.048 7342931.1923, -12897244.1048 7342938.9773, -12897553.8872 7342997.0011, -12897682.8573 7343008.4713, -12898139.2901 7342987.633, -12898336.7067 7342992.5644, -12898602.9079 7343022.2729, -12899201.4864 7343161.6172, -12899477.6847 7343197.384, -12899684.2746 7343186.537, -12900149.0423 7343050.3946, -12900341.516 7343037.0232, -12900575.8713 7343115.3549, -12901168.5621 7343397.6677, -12901265.941 7343482.3528, -12901366.5956 7343639.3538, -12901426.2917 7343814.0102, -12901439.4068 7343933.6328, -12901423.2869 7344047.688, -12901380.4519 7344151.03939999, -12901212.4732 7344379.7723, -12901156.2826 7344479.7899, -12901128.5146 7344590.04, -12901136.4889 7344701.8843, -12901179.6645 7344805.1777, -12901214.2965 7344849.8331, -12901302.5752 7344922.6202, -12901406.3754 7344973.2799, -12901519.6221 7344995.2363, -12901634.3267 7344987.3105, -12901854.4209 7344908.306, -12901924.9828 7345960.4358, -12901889.5889 7345846.4151, -12901729.2127 7345516.6124, -12901725.663 7345462.7819, -12901702.1955 7345427.9173, -12901686.2256 7345435.414, -12901714.6558 7345486.4221, -12901706.2048 7345508.4103, -12901600.9152 7345628.1686, -12901544.9975 7345714.0804, -12901520.3606 7345806.7298, -12901512.5497 7345914.2294, -12901471.5526 7345999.4825, -12901477.9108 7346052.491, -12901463.5579 7346140.4183, -12901424.6611 7346214.6142, -12901394.4676 7346229.7836, -12901360.9159 7346316.6217, -12901332.3679 7346434.8883, -12901327.9671 7346524.6311, -12901303.642 7346562.7574, -12901283.7269 7346679.9008, -12901297.3079 7346690.338, -12901352.6633 7346687.1355, -12901375.7622 7346723.2255, -12901431.4535 7346729.1076, -12901469.1741 7346755.4932, -12901619.6576 7346794.1177, -12901782.1415 7346776.6038, -12901916.5411 7346828.9169, -12902031.4601 7346850.6603, -12902042.193 7346838.0469, -12902038.7158 7346850.4883, -12902150.2898 7346891.1451, -12902224.3043 7346900.6043, -12902442.5592 7346879.0479, -12902563.9141 7346886.7317, -12902706.4679 7346952.9959, -12902751.0701 7346959.7401, -12902775.0908 7347044.1523, -12902840.5541 7347087.2176, -12902837.9641 7347147.4169, -12902905.4515 7347294.8213, -12903005.2532 7347437.5855, -12902984.4901 7347444.3203, -12902975.9335 7347476.2003, -12902984.9688 7347542.618, -12902961.3004 7347742.6979, -12903015.2292 7347825.9723, -12903052.1446 7347835.7265, -12903165.7592 7347927.5715, -12903168.3826 7347995.2039, -12903137.8941 7348029.44, -12903112.9659 7348165.6241, -12903133.1944 7348273.4598, -12903171.8392 7348324.7529, -12903252.7257 7348329.2768, -12903278.2327 7348354.6539, -12903341.2487 7348363.1398, -12903433.1987 7348409.5868, -12903533.4938 7348419.9328, -12903687.2316 7348376.169, -12903784.5453 7348392.2919, -12903870.5637 7348499.6624, -12903921.227 7348526.209, -12903995.6088 7348533.1645, -12904100.1397 7348619.0114, -12904127.3964 7348659.1404, -12904179.759 7348678.8673, -12904218.5725 7348653.9317, -12904206.1587 7348622.46, -12904205.7744 7348541.9897, -12904268.3472 7348504.6966, -12904353.3842 7348544.5311, -12904419.3966 7348553.9053, -12904451.5809 7348546.3879, -12904494.8769 7348559.5238, -12904516.3132 7348542.2481, -12904541.3083 7348560.4539, -12904554.2176 7348545.0801, -12904593.3723 7348598.7226, -12904655.5423 7348603.5468, -12904695.6731 7348672.3573, -12904725.3582 7348675.13759999, -12904843.1454 7348772.1463, -12905017.9949 7348772.72429999, -12905058.9883 7348850.3585, -12905077.0684 7348860.0851, -12905168.0331 7348866.4048, -12905228.9399 7348911.9473, -12905289.4038 7348936.4414, -12905290.5421 7348949.07769999, -12905351.3578 7348957.784, -12905405.1084 7348988.1685, -12905442.2446 7348989.8995, -12905449.8476 7348978.61599999, -12905473.6516 7348989.2664, -12905521.3057 7348977.0756, -12905549.2653 7348933.2445, -12905568.1024 7348926.2013, -12905578.8151 7348808.1296, -12905600.7301 7348781.2721, -12905582.3587 7348772.3916, -12905687.2625 7348651.1255, -12905797.8454 7348549.6427, -12905790.4464 7348531.7792, -12905992.4709 7348416.7554, -12906008.7494 7348382.1236, -12906040.2975 7348373.108, -12906073.942 7348344.295, -12906063.8415 7348340.3039, -12906079.6897 7348337.7821, -12906086.9496 7348297.8842, -12906066.964 7348198.1723, -12906084.4542 7348172.7602, -12906073.3816 7348163.971, -12906087.2909 7348123.1955, -12906075.7601 7348081.542, -12906046.3532 7348048.3873, -12906044.511 7347934.6168, -12906088.5953 7347907.3846, -12906123.7463 7347845.7619, -12906172.469 7347800.5551, -12906181.829 7347767.4241, -12906232.8634 7347728.0391, -12906243.8804 7347702.0958, -12906286.2097 7347712.6185, -12906389.362 7347649.8284, -12906430.8953 7347653.1992, -12906477.6402 7347679.96899999, -12906532.8306 7347603.7154, -12906621.1459 7347578.4279, -12906681.3419 7347605.8559, -12906660.9222 7347657.7357, -12906758.4796 7347632.9417, -12906850.6068 7347675.6875, -12906870.9691 7347661.8717, -12906930.4582 7347679.1843, -12906964.6222 7347715.14019999, -12907006.621 7347727.1672, -12907042.2174 7347698.838, -12907054.0896 7347664.9552, -12907016.5824 7347597.2579, -12907018.4898 7347545.5529, -12907148.9358 7347351.0476, -12907228.6554 7347301.8692, -12907273.9326 7347345.6849, -12907315.5964 7347359.3659, -12907369.5015 7347333.5198, -12907383.2599 7347296.9292, -12907403.7903 7347285.1301, -12907383.4024 7347272.9408, -12907498.7961 7347276.3502, -12907530.9637 7347265.8639, -12907580.1875 7347288.2607, -12907685.7703 7347295.3508, -12907687.6756 7347328.3924, -12907670.8998 7347343.6251, -12907692.9763 7347350.6151, -12907694.7443 7347413.7706, -12907720.4444 7347437.9115, -12907791.4181 7347462.3202, -12907857.592 7347454.8395, -12907882.8799 7347434.657, -12907946.1595 7347432.9458, -12907961.3119 7347400.2846, -12907983.2419 7347391.2348, -12908056.4678 7347402.6642, -12908081.7262 7347387.9963, -12908117.1517 7347398.7058, -12908302.792 7347319.61379999, -12908320.4008 7347341.2941, -12908440.9969 7347316.0687, -12908504.5622 7347338.3495, -12908540.9006 7347322.4259, -12908566.441 7347252.943, -12908559.5094 7347175.1825, -12908511.5363 7347110.4113, -12908449.8578 7347109.1845, -12908461.142 7347085.3159, -12908450.075 7347027.3222, -12908471.862 7347014.111, -12908487.6806 7346972.4475, -12908564.9346 7346879.5387, -12908560.2868 7346770.4762, -12908592.9665 7346708.5783, -12908596.5862 7346672.1818, -12908572.5562 7346660.847, -12908577.686 7346634.0873, -12908607.3248 7346612.6932, -12908707.8296 7346604.8192, -12908708.2583 7346574.2405, -12908723.0989 7346571.5901, -12908713.0191 7346546.6352, -12908732.7893 7346520.4472, -12908747.8677 7346510.5752, -12908769.8792 7346525.2121, -12908797.7498 7346520.97029999, -12908819.138 7346444.1985, -12908789.5661 7346344.7365, -12908808.8076 7346333.896, -12908809.1713 7346311.5988, -12908856.5934 7346307.5731, -12908863.1093 7346280.5725, -12908837.2887 7346260.7772, -12908837.6839 7346245.295, -12908865.6547 7346256.5741, -12908896.9226 7346240.6689, -12908924.6986 7346196.5043, -12908913.7893 7346070.9977, -12908954.5175 7346032.7027, -12909015.3684 7346048.1362, -12909088.8225 7346041.4283, -12909120.3556 7346019.0737, -12909106.9862 7345986.2184, -12909113.5243 7345935.9025, -12909091.4755 7345894.0994, -12909096.4701 7345839.1841, -12909149.1113 7345776.3545, -12909225.9662 7345735.2397, -12909226.7584 7345681.2617, -12909245.397 7345631.6613, -12909242.6067 7345594.3175, -12909211.6487 7345576.5737, -12909212.9104 7345530.8117, -12909241.295 7345483.0232, -12909266.1267 7345506.1733, -12909307.3036 7345499.524, -12909323.7382 7345519.6595, -12909353.5269 7345505.3246, -12909235.1388 7345477.2381, -12909309.0126 7345477.8812, -12909324.7679 7345463.4979, -12909318.584 7345438.4399, -12909332.2059 7345421.6456, -12909425.7867 7345401.6427, -12909476.9639 7345356.9985, -12909557.9636 7345373.9964, -12909604.2541 7345329.6075, -12909643.6834 7345343.6647, -12909653.2068 7345325.9148, -12909686.2835 7345315.8764, -12909704.7532 7345253.2155, -12909780.5247 7345250.2266, -12909781.4747 7345187.8437, -12909802.6459 7345167.7801, -12909806.5808 7345129.6961, -12909832.4794 7345084.0694, -12909814.8594 7345028.7853, -12909826.8449 7344947.1418, -12909819.7018 7344908.1551, -12909926.7763 7344986.1802, -12909938.2385 7345019.083, -12909904.3843 7345069.9191, -12909918.5944 7345116.1785, -12910000.7889 7345166.6536, -12910064.9979 7345159.7397, -12910081.1059 7345145.6121, -12910150.766 7345173.3158, -12910223.5726 7345144.6534, -12910252.1742 7345091.0348, -12910351.128 7345103.4162, -12910406.9512 7345136.6456, -12910513.3485 7345151.5607, -12910596.1793 7345189.7868, -12910611.2222 7345178.5703, -12910649.045 7345184.8709, -12910726.759 7345169.0067, -12910860.7134 7345188.0923, -12910896.3022 7345161.4408, -12910983.2316 7345143.3075, -12911051.708 7345179.5098, -12911085.46 7345181.3205, -12911151.4001 7345165.0752, -12911202.2787 7345170.598, -12911301.9096 7345109.9652, -12911352.534 7345059.9292, -12911377.3379 7345009.5259, -12911330.3648 7344893.3727, -12911364.1687 7344826.9679, -12911352.8661 7344788.5918, -12911367.1429 7344705.5822, -12911431.4316 7344637.7785, -12911436.3522 7344568.4678, -12911420.5373 7344484.3793, -12911363.7198 7344428.1316, -12911283.4419 7344304.1734, -12911248.5339 7344176.293, -12911221.0045 7344131.9465, -12911156.647 7344086.6868, -12911132.0305 7344038.6391, -12911060.3427 7343998.9374, -12911045.3053 7343958.6936, -12910941.5518 7343866.8762, -12910938.1268 7343831.0673, -12910895.5081 7343754.1025, -12910853.0712 7343731.3125, -12910851.0231 7343687.28809999, -12910783.571 7343669.4776, -12910765.8563 7343645.8034, -12910723.3173 7343627.87039999, -12910713.2522 7343607.246, -12910678.9027 7343591.2819, -12910649.6535 7343531.1582, -12910611.5303 7343510.0726, -12910606.623 7343465.0135, -12910558.377 7343385.9162, -12910554.1878 7343322.7544, -12910473.1064 7343278.8032, -12910452.1578 7343285.099, -12910408.1346 7343270.4873, -12910353.9389 7343292.86, -12910305.7006 7343291.717, -12910303.7134 7343265.1662, -12910316.3982 7343254.9689, -12910350.6956 7343272.2816, -12910375.7037 7343250.6256, -12910479.6333 7343248.8894, -12910523.0833 7343224.1293, -12910485.9823 7343189.7785, -12910473.2214 7343145.0569, -12910448.4825 7343143.3983, -12910417.1758 7343104.34, -12910319.8695 7343043.7394, -12910297.7967 7343006.4468, -12910308.4203 7342981.6809, -12910299.3367 7342949.7095, -12910231.3501 7342885.1733, -12910235.0367 7342841.4797, -12910191.2621 7342797.8054, -12910185.9743 7342731.8574, -12910168.1058 7342717.45, -12910183.5273 7342695.4181, -12910148.6231 7342674.5734, -12910147.1518 7342593.4675, -12910124.5595 7342571.5521, -12910158.1112 7342578.9411, -12910173.4714 7342543.635, -12910142.5487 7342455.8513, -12910159.5807 7342419.3745, -12910129.1181 7342368.8302, -12910143.3446 7342381.7299, -12910173.0632 7342333.3862, -12910227.0292 7342296.0033, -12910310.6986 7342263.9801, -12910346.9164 7342299.3105, -12910389.3088 7342303.363, -12910434.2132 7342336.5578, -12910469.277 7342284.9396, -12910514.7567 7342262.9153, -12910600.9197 7342267.0258, -12910610.2242 7342253.9262, -12910596.4762 7342220.6639, -12910620.7699 7342112.912, -12910661.2197 7342090.0847, -12910724.0112 7342012.75, -12910804.729 7341989.1489, -12910991.9832 7342085.0546, -12911000.31 7342114.2413, -12911029.767 7342132.129, -12911130.1918 7342256.0297, -12911209.1157 7342325.3264, -12911241.708 7342333.4573, -12911267.1223 7342359.1019, -12911269.6809 7342393.0166, -12911305.689 7342416.0737, -12911360.2799 7342408.3105, -12911364.0185 7342350.8323, -12911423.0901 7342211.165, -12911547.9683 7342174.2184, -12911659.6832 7342082.7834, -12911863.4107 7342117.6259, -12912022.7014 7342168.885, -12912096.946 7342178.2676, -12912181.8456 7342229.8336, -12912240.0843 7342241.5202, -12912299.3804 7342235.5543, -12912345.567 7342206.64459999, -12912391.6163 7342218.6925, -12912406.3882 7342237.9161, -12912469.8663 7342249.8477, -12912540.6507 7342202.5696, -12912638.2667 7342243.9304, -12912660.5752 7342221.6286, -12912713.285 7342227.6203, -12912836.1019 7342286.5883, -12912877.4144 7342284.7009, -12912973.9228 7342355.3333, -12913110.779 7342398.28540001, -12913148.533 7342432.6617, -12913200.8162 7342446.1585, -12913348.6781 7342534.1164, -12913391.1873 7342611.7467, -12913430.7354 7342624.5048, -12913462.2295 7342673.7377, -12913616.151 7342709.7897, -12913661.2649 7342782.7686, -12913704.0507 7342806.7403, -12913753.5731 7342901.4526, -12913818.9101 7343083.6332, -12913873.6905 7343130.1972, -12913925.9346 7343201.8925, -12913917.2721 7343298.2746, -12913948.935 7343381.2404, -12913940.8068 7343402.716, -12913975.4124 7343471.8033, -12913984.1917 7343571.0254, -12914020.8605 7343654.9234, -12914085.9748 7343734.33, -12914141.6867 7343752.2213, -12914163.8317 7343776.5765, -12914168.0827 7343806.526, -12914143.0149 7343837.6281, -12914170.1287 7344022.3382, -12914148.5977 7344054.3849, -12914144.937 7344095.0422, -12914096.7524 7344161.5279, -12914131.1743 7344278.4932, -12914129.4563 7344326.9168, -12914050.8091 7344507.3039, -12914051.5272 7344563.9299, -12914108.6655 7344610.5542, -12914118.4337 7344645.0112, -12914043.2004 7344725.0798, -12914065.1674 7344814.332, -12913994.6056 7344931.7233, -12913932.4616 7344965.3586, -12913925.9326 7345044.9593, -12913912.2033 7345062.8053, -12913955.9055 7345112.1502, -12913996.3479 7345196.7007, -12914037.5953 7345341.1824, -12914013.0458 7345353.3899, -12913952.7532 7345340.7499, -12913935.2166 7345395.4451, -12913901.7374 7345407.5463, -12913846.8606 7345458.0364, -12913796.1897 7345470.1085, -12913647.1182 7345440.2701, -12913489.8701 7345542.3258, -12913493.8072 7345593.3652, -12913466.4337 7345637.3424, -12913437.27 7345784.7555, -12913372.2256 7345672.3536, -12912687.9524 7345847.4931, -12912291.8034 7346081.6795, -12911475.0503 7346864.0131, -12911316.628 7347248.297, -12911346.3169 7347603.9382, -12911474.9818 7347952.3178, -12911928.4938 7348646.6531, -12912046.9692 7348888.4897, -12912159.4928 7349218.7515, -12912357.7038 7349910.8821, -12912231.9247 7350039.5952, -12912312.7018 7350118.7923, -12912365.1257 7350233.8543, -12912393.941 7350235.5692, -12912433.4928 7350267.506, -12912440.183 7350283.8427, -12912422.4851 7350295.8254, -12912440.0755 7350383.3873, -12912427.6484 7350417.7761, -12912464.729 7350427.1815, -12912481.2414 7350474.0316, -12912506.7689 7350488.3079, -12912502.0265 7350515.1099, -12912524.1737 7350530.7107, -12912545.0052 7350671.9773, -12912644.3838 7350768.4163, -12912622.4277 7350858.038, -12912634.3872 7350897.0997, -12912659.0816 7350934.3009, -12912719.0383 7350971.0178, -12912728.7508 7351014.7089, -12912748.4006 7351033.2402, -12912746.9536 7351117.1183, -12912695.2455 7351157.5832, -12912701.8561 7351240.0316, -12912771.364 7351251.8413, -12912776.9541 7351280.5844, -12912793.3924 7351278.8884, -12912807.3054 7351299.0452, -12912819.6711 7351373.3936, -12912874.214 7351391.2089, -12912927.0866 7351453.7848, -12912919.5098 7351479.7037, -12912935.7951 7351479.8963, -12912940.5438 7351520.7293, -12912930.5676 7351563.157, -12912972.049 7351622.1636, -12913045.8073 7351648.8725, -12913087.3667 7351815.2733, -12913159.1085 7351827.4942, -12913183.5245 7351797.3474, -12913255.4479 7351775.3897, -12913359.1997 7351787.9723, -12913431.1009 7351779.7573, -12913434.2364 7351810.9799, -12913472.7936 7351824.4833, -12913493.5121 7351850.4435, -12913507.3825 7351907.7885, -12913550.4131 7351924.0962, -12913581.3468 7351898.0389, -12913608.06 7351899.3956, -12913668.176 7351821.2496, -12913697.3995 7351823.947, -12913780.6829 7351792.886, -12913797.2696 7351805.21019999, -12913795.1861 7351826.7318, -12913834.8735 7351826.94169999, -12913875.0433 7351871.7855, -12913873.761 7351872.3368, -12913872.4714 7351877.4152, -12913875.0433 7351871.7855)), ((-12887265.8888 7390585.6056, -12887215.5206 7390598.1355, -12887195.475 7390629.0728, -12887172.6801 7390626.7323, -12887184.1206 7390598.3174, -12887151.4326 7390581.1102, -12887144.5818 7390540.0442, -12887202.6235 7390492.4187, -12887241.0376 7390510.9045, -12887243.5976 7390557.106, -12887265.8888 7390585.6056)), ((-12887379.7468 7390063.6282, -12887373.0007 7390054.5914, -12887348.0055 7390054.4042, -12887341.3981 7390037.4653, -12887353.6743 7389989.6117, -12887366.753 7390014.9453, -12887396.908 7390031.6769, -12887378.709 7390039.1881, -12887379.7468 7390063.6282)), ((-12887973.3039 7393242.8069, -12887949.1572 7393269.06139999, -12887935.1076 7393242.61169999, -12887973.3039 7393242.8069)))"
20,20878,496,2023-10-15 06:33:14,SWF057, ,15713.4,2023-05-30,1915,1 - non-corrected ground GPS,Wildfire,Under Control,2023/06/23 09:00:00,E,16728.0,1683201840000,Lightning,2,1e4d7ed1-51cc-4dd6-b3d1-481fec72f82a,477364978.476563,188499.170685596,"POLYGON ((-12812867.598 7364782.3326, -12812765.4845 7364750.5671, -12812696.5074 7364766.8064, -12812695.8892 7364744.1545, -12812629.0704 7364757.7955, -12812607.4656 7364718.7128, -12812666.8475 7364671.585, -12812721.0059 7364672.6614, -12812725.3017 7364645.9005, -12812794.9596 7364590.4179, -12812799.3629 7364572.9536, -12812881.263 7364643.1456, -12812955.7764 7364561.8713, -12813202.675 7364477.1971, -12813325.6579 7364406.9286, -12813406.0773 7364424.3607, -12813483.6634 7364647.5444, -12813642.6075 7364684.7113, -12813734.5891 7364602.0472, -12813775.3453 7364537.4924, -12813763.2426 7364480.0133, -12813821.0426 7364414.3749, -12813955.8844 7364404.281, -12814037.4332 7364326.1281, -12813956.0215 7364216.8806, -12813957.5838 7364119.2169, -12813995.8074 7364026.562, -12814223.4166 7363820.6332, -12814169.5923 7363790.47779999, -12814093.6747 7363790.961, -12814073.0838 7363743.8854, -12814073.5178 7363674.4516, -12814141.4098 7363319.2555, -12814232.3905 7363048.1701, -12814355.2024 7362981.3183, -12814410.9944 7362906.7244, -12814402.4226 7362847.9755, -12814291.4329 7362753.2755, -12814222.666 7362820.3113, -12814124.2403 7362801.9082, -12814092.7834 7362627.0934, -12814103.0328 7362550.9151, -12813991.5484 7362556.5715, -12813916.8288 7362598.5092, -12813805.762 7362746.4169, -12813716.2771 7362678.1939, -12813728.4282 7362598.0395, -12813642.4658 7362552.2283, -12813462.9056 7362512.9846, -12813387.4591 7362545.6973, -12813304.9562 7362561.6989, -12813185.2055 7362561.6435, -12813111.3945 7362501.3117, -12813015.2607 7362531.7013, -12812790.8602 7362515.6561, -12812691.9139 7362478.1862, -12812470.7309 7362498.40559999, -12812393.097 7362467.5291, -12812331.3669 7362423.947, -12812005.954 7362458.5398, -12811902.4228 7362409.5071, -12811906.0318 7362379.6215, -12811851.5012 7362321.5193, -12811909.5397 7362272.1817, -12811853.742 7362229.6009, -12811814.7901 7362222.0399, -12811793.6004 7362194.92979999, -12811744.2066 7362112.1599, -12811765.0443 7362071.5669, -12811842.8061 7362074.2579, -12812155.1369 7362167.5419, -12812259.2732 7362208.2369, -12812329.3135 7362268.198, -12812515.692 7362227.2524, -12812619.4928 7362236.9076, -12812842.5639 7362036.3716, -12812890.2949 7361956.8043, -12812953.0221 7361943.4206, -12812892.3456 7361841.6131, -12812867.7684 7361750.8655, -12812776.6705 7361656.5819, -12812787.4034 7361578.4761, -12812754.3682 7361481.5594, -12812648.3017 7361427.9135, -12812534.5908 7361422.6348, -12812353.1968 7361367.5418, -12812202.7742 7361437.3896, -12812129.1803 7361437.3499, -12812002.742 7361373.2021, -12811993.1849 7361328.0026, -12812067.2527 7361321.1589, -12812129.4061 7361344.8853, -12812204.9297 7361272.1276, -12812258.2309 7361275.4678, -12812390.3115 7361349.2073, -12812470.719 7361320.0615, -12812545.5326 7361263.44169999, -12812533.1877 7361127.6704, -12812472.9286 7361030.419, -12812442.8783 7360908.2798, -12812389.7201 7360805.127, -12812326.1436 7360737.4993, -12812316.9161 7360667.8694, -12812259.2069 7360575.4006, -12812184.3059 7360535.0921, -12812093.0215 7360423.6503, -12812141.5033 7360403.38799999, -12812161.0967 7360291.5877, -12812242.6914 7360228.1804, -12812372.763 7360051.47029999, -12812393.0683 7359966.1677, -12812317.6686 7359938.3485, -12812102.83 7359972.9513, -12812037.7039 7360048.8195, -12812000.1805 7360030.4433, -12811983.0034 7359989.3444, -12811861.8844 7359942.3605, -12811909.6486 7359820.4983, -12811988.8786 7359677.6736, -12811800.1173 7359477.101, -12811922.6033 7359345.0301, -12812025.1898 7359291.0997, -12812298.2191 7359205.2366, -12812442.5648 7359133.7334, -12812573.017 7359036.3544, -12812887.4832 7358719.732, -12813054.2849 7358573.7213, -12813240.947 7358461.5092, -12813447.8467 7358395.5714, -12813555.6018 7358388.7885, -12813661.2869 7358403.27709999, -12814132.7882 7358563.9918, -12814230.4305 7358617.3805, -12814307.171 7358694.09839999, -12814352.6658 7358791.6046, -12814370.3533 7358899.1533, -12814377.264 7359123.3078, -12814409.9527 7359231.718, -12814473.6534 7359329.5489, -12814517.411 7359370.9832, -12814567.7458 7359405.663, -12814685.5704 7359448.2839, -12814874.4586 7359441.7759, -12814993.7004 7359397.1082, -12815099.1326 7359325.2957, -12815264.9819 7359138.14019999, -12815470.6221 7358800.8334, -12815542.8576 7358728.2907, -12815586.8776 7358703.3939, -12815686.0942 7358678.3209, -12815794.3693 7358682.2642, -12816029.3671 7358737.17849999, -12816340.8663 7358833.8948, -12816783.0066 7358995.4676, -12817077.5182 7359145.6736, -12817275.2247 7359305.633, -12817348.1571 7359405.5689, -12817388.9022 7359517.6807, -12817392.3368 7359634.4287, -12817330.4239 7359802.6607, -12816995.6625 7360194.2108, -12816934.528 7360310.5982, -12816864.379 7360494.3587, -12816796.7572 7360741.8815, -12816776.837 7360928.9665, -12816792.932 7361051.4421, -12816845.9676 7361162.7384, -12816887.008 7361209.6315, -12816993.1306 7361281.0397, -12817115.7276 7361322.5594, -12817250.2086 7361346.4058, -12817805.1115 7361380.20310001, -12817943.1817 7361374.532, -12818134.9594 7361327.6343, -12818240.0408 7361260.7916, -12818321.0916 7361168.4303, -12818376.7864 7361063.4015, -12818444.8003 7360853.0828, -12818474.1668 7360706.3677, -12818473.0015 7360468.3434, -12818517.5623 7360185.3935, -12818527.1445 7359900.3745, -12818571.3173 7359715.7169, -12818559.898 7359582.0141, -12818522.0785 7359506.654, -12818441.8805 7359411.5396, -12818381.9863 7359358.4514, -12818310.4441 7359323.3935, -12818229.1323 7359310.3743, -12818100.1218 7359321.4086, -12817805.7318 7359404.591, -12817722.6628 7359401.6839, -12817648.0026 7359365.6463, -12817419.894 7359076.549, -12817372.4892 7358992.6056, -12817364.7037 7358896.7406, -12817404.8605 7358806.8859, -12817486.9365 7358743.8737, -12817595.793 7358717.8174, -12817959.0415 7358726.0759, -12818202.7286 7358695.0251, -12818547.5579 7358586.921, -12818937.6821 7358399.9964, -12819124.9127 7358382.3591, -12819250.1608 7358415.0709, -12819367.8202 7358478.1875, -12819899.9678 7358903.6579, -12820121.8466 7359052.2072, -12820296.8022 7359148.2874, -12820420.2364 7359195.9387, -12820546.6393 7359210.5617, -12820661.3127 7359177.8133, -12820707.5368 7359143.187, -12820764.4122 7359045.1542, -12820784.2376 7358936.1585, -12820778.8596 7358880.0326, -12820719.6331 7358719.2848, -12820563.2273 7358420.2452, -12820524.5221 7358259.1747, -12820523.132 7358149.8756, -12820570.8709 7357996.7375, -12820746.6776 7357724.4546, -12820814.6155 7357584.1266, -12820841.9997 7357436.2447, -12820830.2014 7357339.7034, -12820792.2307 7357251.9113, -12820732.0541 7357180.4394, -12820535.8159 7357033.0713, -12820181.9136 7356733.2947, -12820038.0696 7356585.3759, -12819959.3372 7356451.8941, -12819910.0575 7356302.0113, -12819901.9587 7356196.6407, -12819923.8253 7356093.9307, -12819976.76 7356000.2498, -12820059.9935 7355926.465, -12820164.426 7355876.6725, -12820339.0867 7355843.9768, -12820581.1154 7355872.716, -12821382.7383 7356079.628, -12821567.9369 7356086.0555, -12821674.4946 7356046.223, -12821748.7083 7355971.4181, -12821781.6544 7355872.6967, -12821774.8446 7355536.51, -12821810.7126 7355361.87, -12821862.0976 7355253.1933, -12822052.62 7355023.6611, -12822104.0703 7354924.144, -12822113.2819 7354822.241, -12822078.7477 7354733.9774, -12822008.5249 7354668.6378, -12821962.5618 7354648.986, -12821535.4327 7354624.057, -12821257.6561 7354566.6892, -12820932.4372 7354462.3393, -12820068.2009 7354220.018, -12819933.9821 7354138.1976, -12819872.0789 7354058.8682, -12819840.3718 7353964.444, -12819842.9957 7353863.1213, -12819882.8274 7353711.5834, -12819947.1435 7353569.9315, -12820074.3413 7353392.4854, -12820396.573 7353047.2591, -12820623.5898 7352690.8611, -12820743.835 7352556.3968, -12820845.5641 7352489.0451, -12820960.236 7352443.9683, -12821082.2265 7352419.5294, -12821208.7537 7352415.1162, -12821466.0424 7352449.46459999, -12821974.1557 7352596.0505, -12822165.7961 7352635.6484, -12822293.7121 7352638.1848, -12822467.0684 7352582.0424, -12822554.8053 7352505.4781, -12822585.9707 7352456.723, -12822606.7805 7352403.4067, -12822616.6303 7352291.2993, -12822583.69 7352184.985, -12822554.0178 7352136.5269, -12822479.0708 7352050.7963, -12822315.1137 7351904.2393, -12822262.2841 7351818.0122, -12822253.4887 7351723.4674, -12822266.2521 7351677.9129, -12822320.9014 7351600.8714, -12822404.1543 7351547.6103, -12822506.4507 7351518.2161, -12822994.2646 7351490.8974, -12823186.0245 7351459.3334, -12823423.7093 7351363.0656, -12823892.0252 7351055.8354, -12824051.5265 7350882.7096, -12824259.3266 7350614.7588, -12824386.012 7350531.4271, -12824435.7419 7350521.4107, -12824533.2814 7350528.14540001, -12824578.7403 7350544.985, -12824656.6996 7350602.9393, -12824711.5969 7350687.6504, -12824745.303 7350787.5175, -12824823.8149 7351194.0937, -12824880.4603 7351261.2168, -12824918.5752 7351276.8096, -12824958.905 7351280.7239, -12825034.2319 7351249.1218, -12825123.6339 7351147.4622, -12825169.5425 7351055.9557, -12825255.4408 7350794.8422, -12825284.1744 7350628.4441, -12825283.0315 7350517.83030001, -12825264.0499 7350411.151, -12825124.7333 7350075.5535, -12825072.4308 7349827.0653, -12825062.4807 7349577.7035, -12825085.3886 7349481.9756, -12825138.921 7349397.5542, -12825265.6124 7349311.2893, -12825369.4307 7349285.65299999, -12825761.9698 7349292.8446, -12825877.1769 7349282.9503, -12826489.9349 7349157.0855, -12826627.8094 7349078.0004, -12826895.6205 7348823.096, -12826988.6482 7348783.645, -12827038.5883 7348778.1583, -12827137.8125 7348793.6703, -12827330.2653 7348873.588, -12827489.2772 7348918.4918, -12827657.788 7348935.9403, -12827989.9238 7348935.0346, -12828094.03 7348952.5219, -12828464.4514 7349117.1303, -12829193.5935 7349267.3784, -12829308.846 7349349.3038, -12829443.185 7349549.6369, -12829511.6009 7349618.8872, -12829594.434 7349670.985, -12829825.8308 7349757.4332, -12829954.863 7349829.1427, -12830063.8466 7349928.6821, -12830226.8812 7350112.70489999, -12830340.836 7350205.7358, -12830432.1504 7350244.9906, -12830780.924 7350303.4338, -12830916.6417 7350361.3474, -12830991.5768 7350420.8954, -12831044.0039 7350502.3485, -12831068.5963 7350597.166, -12831068.0993 7350692.8385, -12831046.9246 7350782.5548, -12830965.8037 7350894.3561, -12830885.4361 7350944.5157, -12830795.9853 7350979.3521, -12830650.2803 7350988.7486, -12830507.2642 7350953.29, -12830365.9722 7350886.9155, -12830181.3149 7350766.5316, -12830128.9691 7350797.6344, -12830101.2331 7350780.9937, -12830089.1787 7350809.8353, -12830072.4444 7350797.4991, -12830065.0369 7350812.05, -12830035.4699 7350811.6449, -12829992.9837 7350787.2051, -12829919.7489 7350803.1615, -12829917.2085 7350768.5628, -12829930.8676 7350776.1684, -12830014.7969 7350728.5791, -12830033.5893 7350714.4364, -12830036.8745 7350687.7221, -12829991.7509 7350675.4357, -12829979.7554 7350701.3301, -12829839.9468 7350723.3029, -12829835.455 7350679.935, -12829801.8558 7350670.0341, -12829800.0502 7350638.4553, -12829782.4417 7350627.04469999, -12829783.0928 7350599.2085, -12829804.7934 7350566.0165, -12829781.4992 7350527.368, -12829736.0341 7350587.8156, -12829714.3627 7350579.5756, -12829673.7665 7350527.6232, -12829638.7549 7350527.59839999, -12829623.9549 7350590.761, -12829599.3799 7350613.3256, -12829601.833 7350642.7172, -12829576.5751 7350648.3874, -12829546.1885 7350606.0561, -12829460.6615 7350577.5719, -12829475.2764 7350564.7862, -12829539.943 7350583.4333, -12829536.0222 7350561.7839, -12829601.0147 7350535.2113, -12829593.4434 7350471.6912, -12829567.0939 7350452.5298, -12829570.9032 7350436.0889, -12829661.6359 7350427.915, -12829670.7145 7350412.1985, -12829617.545 7350333.5597, -12829623.5045 7350322.0552, -12829704.1708 7350361.9441, -12829692.831 7350333.0671, -12829663.6886 7350322.9558, -12829658.8017 7350291.8921, -12829621.5534 7350277.3584, -12829612.1398 7350240.4057, -12829585.4715 7350216.0258, -12829524.3413 7350204.7333, -12829500.3812 7350234.8439, -12829442.5294 7350253.9394, -12829456.7191 7350361.1028, -12829438.8905 7350360.1487, -12829410.8292 7350384.8694, -12829388.1559 7350375.6102, -12829342.5523 7350390.4993, -12829232.3183 7350459.3465, -12829225.8152 7350498.3151, -12829191.0051 7350519.9911, -12829202.9024 7350581.3578, -12829185.7339 7350617.2308, -12829020.576 7350651.5086, -12828996.9243 7350747.0554, -12828953.675 7350736.8636, -12828904.0915 7350778.6787, -12828871.9932 7350834.0987, -12828845.3014 7350842.5119, -12828823.7394 7350825.9783, -12828804.8758 7350844.0048, -12828832.0876 7350954.7318, -12828965.4257 7351022.9117, -12828983.9864 7351054.1257, -12828978.2845 7351112.4609, -12829008.288 7351134.6743, -12829054.3968 7351123.4637, -12829089.3519 7351139.4496, -12829109.7546 7351173.3636, -12829148.2817 7351185.1651, -12829171.5117 7351149.3917, -12829201.8988 7351157.4373, -12829211.8895 7351193.3251, -12829254.8499 7351185.4971, -12829268.4368 7351169.5149, -12829302.0942 7351197.6781, -12829323.1493 7351179.2213, -12829380.2044 7351211.8273, -12829393.75 7351180.903, -12829418.9601 7351217.1175, -12829397.7505 7351244.9984, -12829428.6567 7351253.6324, -12829442.6012 7351283.0949, -12829448.1333 7351253.0962, -12829477.4504 7351239.6693, -12829500.8682 7351274.0995, -12829546.1649 7351277.9968, -12829549.3007 7351353.2667, -12829511.4021 7351401.7886, -12829534.7654 7351428.918, -12829554.9412 7351428.3063, -12829550.3415 7351461.5143, -12829595.4937 7351501.9616, -12829614.6495 7351500.5701, -12829636.3239 7351548.5825, -12829654.2426 7351541.9411, -12829667.2481 7351514.6791, -12829639.0243 7351475.3737, -12829658.4384 7351470.9332, -12829679.5916 7351488.43909999, -12829711.3254 7351466.5593, -12829742.4618 7351479.1216, -12829746.7536 7351504.4414, -12829730.0264 7351580.5911, -12829698.5009 7351593.3776, -12829579.953 7351567.8626, -12829585.2752 7351580.3102, -12829534.002 7351556.2286, -12829524.9139 7351574.9425, -12829499.3684 7351542.2784, -12829452.052 7351514.8682, -12829412.4211 7351514.5356, -12829398.7046 7351488.2058, -12829304.0116 7351430.4436, -12829217.4031 7351432.61429999, -12829188.7644 7351480.7406, -12829037.3669 7351440.4514, -12829050.8283 7351473.048, -12829019.8501 7351476.7698, -12829003.9269 7351441.7724, -12828948.2234 7351415.1271, -12828885.9327 7351418.1652, -12828857.1275 7351432.9873, -12828759.4671 7351382.3005, -12828693.288 7351317.8522, -12828669.7868 7351328.0617, -12828701.6869 7351387.1984, -12828667.8399 7351407.1699, -12828722.6287 7351471.7159, -12828773.5908 7351482.0245, -12828782.6949 7351503.4565, -12828865.4305 7351492.3402, -12828899.402 7351566.0891, -12828847.1666 7351581.3954, -12828771.7825 7351574.6788, -12828791.3359 7351602.2529, -12828727.9703 7351606.5478, -12828685.7263 7351650.5451, -12828690.0351 7351726.3922, -12828723.9307 7351720.8453, -12828862.7566 7351864.9346, -12828898.3265 7351799.9521, -12828925.8123 7351777.6022, -12828976.9062 7351832.2111, -12828967.4021 7351889.029, -12829029.2004 7351923.8645, -12829025.3922 7351947.955, -12828990.6779 7351951.3597, -12828978.4339 7351915.3328, -12828965.3007 7351936.1541, -12829171.6148 7352148.9694, -12829345.4829 7352282.7176, -12829366.9716 7352261.9017, -12829390.5103 7352290.8403, -12829378.8247 7352315.3284, -12829404.9093 7352345.742, -12829419.5212 7352345.5465, -12829437.2988 7352320.963, -12829457.4515 7352266.6094, -12829514.8227 7352280.8265, -12829531.1437 7352341.0175, -12829464.97 7352394.9908, -12829479.9139 7352425.9311, -12829502.6068 7352438.7308, -12829578.4509 7352389.7249, -12829617.3444 7352392.0875, -12829617.5582 7352363.9169, -12829593.6361 7352357.0623, -12829599.6979 7352291.4654, -12829618.7918 7352290.7543, -12829658.3023 7352331.9681, -12829719.8713 7352404.3789, -12829716.3401 7352456.9252, -12829677.13 7352440.7998, -12829604.3511 7352452.7924, -12829587.7401 7352490.0995, -12829554.5463 7352513.4574, -12829461.4417 7352534.57, -12829449.4907 7352557.6868, -12829491.8856 7352606.4522, -12829532.3791 7352565.6408, -12829701.4179 7352565.2981, -12829763.762 7352499.8269, -12829800.3199 7352483.2515, -12829809.2128 7352514.5382, -12829773.5309 7352544.761, -12829733.4292 7352553.8147, -12829727.4001 7352596.2336, -12829661.9549 7352596.2296, -12829617.806 7352575.886, -12829603.485 7352589.6757, -12829614.8399 7352612.9799, -12829563.7344 7352606.8374, -12829539.3642 7352620.1296, -12829583.54 7352694.8966, -12829633.7361 7352684.316, -12829662.1141 7352717.8716, -12829658.1814 7352749.7443, -12829693.3075 7352760.1551, -12829695.9672 7352795.7793, -12829717.2632 7352805.0457, -12829691.4219 7352824.2482, -12829736.8163 7352869.9825, -12829767.1389 7352881.1743, -12829780.7549 7352920.4218, -12829797.356 7352928.0727, -12829794.2341 7352952.61339999, -12829700.6664 7353004.2558, -12829596.9335 7352934.4819, -12829607.464 7352910.3188, -12829582.6773 7352868.2922, -12829513.4939 7352854.1121, -12829510.3453 7352834.4718, -12829485.7611 7352819.815, -12829508.275 7352887.4531, -12829501.2415 7352905.148, -12829428.0617 7352877.4882, -12829407.5708 7352792.9767, -12829437.1873 7352737.7249, -12829419.6232 7352712.8779, -12829383.1585 7352706.0356, -12829367.2755 7352728.3195, -12829336.6415 7352729.0083, -12829318.4711 7352750.7516, -12829322.8239 7352799.9331, -12829260.5143 7352812.3324, -12829273.4786 7352836.453, -12829302.5812 7352839.3128, -12829323.9826 7352873.2166, -12829234.9821 7352866.7636, -12829217.6483 7352912.8445, -12829175.5494 7352895.7599, -12829042.0077 7352893.7231, -12828962.5251 7352872.7752, -12828910.9104 7352910.6659, -12828898.9898 7352965.4422, -12828853.4721 7353026.8343, -12829115.3922 7353061.5916, -12829129.8146 7353086.985, -12829096.7919 7353121.907, -12829132.4719 7353146.9098, -12829209.0658 7353120.4331, -12829288.9691 7353128.8684, -12829318.963 7353105.2982, -12829354.9239 7353131.0485, -12829388.423 7353202.6007, -12829304.8011 7353258.9517, -12829315.175 7353288.0801, -12829348.5631 7353281.8568, -12829478.2466 7353190.907, -12829549.66 7353200.2782, -12829593.0723 7353156.5652, -12829593.7922 7353248.6469, -12829523.3621 7353295.6879, -12829514.749 7353421.8961, -12829422.9161 7353478.886, -12829409.4896 7353533.8067, -12829430.7514 7353543.1328, -12829454.6967 7353534.1596, -12829472.0672 7353500.9609, -12829475.89 7353518.346, -12829603.2137 7353506.5254, -12829629.025 7353538.6345, -12829613.1657 7353543.0829, -12829617.0933 7353571.3379, -12829659.3894 7353626.3545, -12829455.8847 7353813.5859, -12829444.7301 7353840.1196, -12829476.7679 7353869.7513, -12829509.4652 7353953.2365, -12829551.3144 7353981.0508, -12829547.9857 7354009.4003, -12829475.0268 7354125.1827, -12829441.1524 7354220.2224, -12829449.0367 7354254.7942, -12829409.5316 7354287.0959, -12829435.8286 7354309.9842, -12829487.3694 7354321.384, -12829831.4346 7354349.6468, -12829921.3766 7354372.2469, -12829944.3782 7354413.6097, -12830177.4362 7354428.9715, -12830222.7328 7354415.5636, -12830232.9468 7354466.7166, -12830266.2167 7354460.378, -12830279.6281 7354491.7308, -12830326.8284 7354483.7519, -12830356.6419 7354536.6156, -12830383.0888 7354534.239, -12830488.0185 7354648.0307, -12830571.5522 7354787.3374, -12830710.2455 7354928.9397, -12830781.8652 7355066.6615, -12830769.0498 7355087.0235, -12830790.7174 7355091.0779, -12830805.9859 7355159.6742, -12830834.5315 7355196.4519, -12830850.0323 7355309.3934, -12830822.3825 7355385.6612, -12830825.3721 7355590.1875, -12830753.4483 7356005.8302, -12830733.6665 7356213.5929, -12830757.567 7356481.4765, -12830818.4546 7356597.3952, -12830918.999 7356676.6672, -12831040.9512 7356708.6146, -12831103.9537 7356707.6891, -12831224.3799 7356674.3636, -12831436.8981 7356543.2123, -12831492.8596 7356522.2648, -12831606.4493 7356518.70709999, -12831704.9789 7356567.4757, -12831768.5431 7356656.6324, -12831887.059 7357071.2323, -12832060.8625 7357429.0076, -12832265.5078 7357701.5051, -12832360.5174 7357795.5213, -12832416.8157 7357830.9872, -12832542.53 7357867.1078, -12832675.9786 7357856.7081, -12832807.3831 7357815.0585, -12833109.0101 7357647.0838, -12833231.6768 7357627.6236, -12833346.8294 7357655.4383, -12833395.0727 7357687.5988, -12833458.8432 7357783.875, -12833478.3386 7357901.70740001, -12833464.061 7358027.1771, -12833417.2902 7358151.4436, -12833345.4439 7358268.2715, -12833210.2103 7358430.2211, -12833060.4053 7358578.0089, -12832951.6725 7358666.0684, -12832608.5238 7358896.4619, -12832562.6839 7358945.9548, -12832499.7658 7359062.6866, -12832470.6515 7359256.2593, -12832503.4199 7359445.574, -12832558.5916 7359560.9546, -12832729.0976 7359828.5798, -12832775.4116 7360010.5829, -12832769.7612 7360262.6538, -12832730.4775 7360317.7685, -12832540.8971 7360492.9768, -12832567.1469 7360529.6379, -12832602.4281 7360532.2144, -12832613.739 7360556.0078, -12832624.8076 7360557.7812, -12832628.5819 7360530.879, -12832709.8677 7360554.3053, -12832747.8988 7360583.878, -12832738.0213 7360605.3493, -12832762.6563 7360616.0251, -12832753.3881 7360619.9415, -12832768.514 7360636.9618, -12832757.2916 7360649.352, -12832743.591 7360637.4885, -12832725.6798 7360656.3486, -12832744.9705 7360671.0594, -12832734.8622 7360717.8898, -12832749.6536 7360758.2658, -12832733.9095 7360759.1299, -12832745.8069 7360787.5814, -12832732.3288 7360798.98, -12832745.9282 7360845.0528, -12832764.5441 7360844.7444, -12832756.1246 7360854.1911, -12832777.0479 7360868.4376, -12832754.5137 7360902.2337, -12832788.7478 7360975.8323, -12832763.8061 7360986.3372, -12832767.2167 7360996.9141, -12832821.037 7361009.1701, -12832814.0315 7360953.0132, -12832839.8551 7360950.8879, -12832814.7695 7360925.8681, -12832794.2641 7360930.5418, -12832808.896 7360906.7035, -12832806.8839 7360854.7718, -12832824.4625 7360873.6042, -12832865.8088 7360881.5998, -12832897.9105 7360925.879, -12832967.2403 7360956.8984, -12832965.6241 7360976.416, -12832941.2576 7360983.9612, -12832980.5213 7361022.381, -12832999.062 7361018.10450001, -12832985.7822 7361050.7033, -12833027.3959 7361131.6295, -12833051.2015 7361140.4757, -12833053.9598 7361158.6347, -12833074.8986 7361158.4913, -12833075.106 7361178.3214, -12833098.3762 7361189.7333, -12833096.2319 7361200.8323, -12833070.2052 7361193.6637, -12833068.4038 7361211.5171, -12833051.1034 7361208.9243, -12833045.0782 7361234.43069999, -12833021.5941 7361231.1743, -12833044.0279 7361268.6061, -12833027.581 7361287.4904, -12833045.5579 7361307.4912, -12833076.8006 7361299.5743, -12833100.8107 7361340.1468, -12833201.1497 7361350.6703, -12833251.3622 7361408.4588, -12833259.1169 7361453.0972, -12833322.6302 7361483.6411, -12833349.0482 7361456.5911, -12833373.4112 7361457.3943, -12833403.8744 7361421.9453, -12833440.2574 7361416.0114, -12833499.6097 7361444.0391, -12833516.7837 7361416.3275, -12833592.0266 7361412.1607, -12833611.0257 7361424.2902, -12833611.876 7361471.8828, -12833632.9114 7361471.2654, -12833616.6237 7361494.7277, -12833663.2975 7361516.25, -12833647.0825 7361540.251, -12833655.9324 7361591.3147, -12833711.4558 7361634.7168, -12833703.1704 7361678.4784, -12833682.86 7361687.9609, -12833626.6891 7361660.0592, -12833647.5657 7361708.2477, -12833617.6589 7361711.6504, -12833598.0261 7361762.0851, -12833567.9085 7361732.8853, -12833541.9314 7361789.8409, -12833526.401 7361784.9029, -12833492.7077 7361689.597, -12833471.8482 7361689.2855, -12833517.6757 7361806.6249, -12833532.7327 7361902.8204, -12833554.8049 7361911.0276, -12833582.3953 7361890.3634, -12833598.4132 7361897.4229, -12833665.7911 7361833.5284, -12833682.4304 7361845.2471, -12833706.2849 7361800.7474, -12833724.1337 7361805.3365, -12833723.846 7361829.3379, -12833703.7631 7361840.509, -12833700.1273 7361862.2707, -12833713.4317 7361929.3279, -12833731.3512 7361941.7319, -12833737.5303 7361969.7131, -12833664.0815 7362076.5619, -12833654.795 7362146.8856, -12833636.3842 7362162.7837, -12833687.8742 7362234.9432, -12833748.463 7362364.5506, -12833629.0519 7362705.8926, -12833585.955 7362966.6579, -12833596.2426 7363129.509, -12833700.9588 7363785.841, -12833704.1029 7363945.515, -12833693.2745 7363995.4548, -12833648.2758 7364083.3583, -12833495.9267 7364270.1202, -12833468.4718 7364358.9886, -12833473.5977 7364451.3623, -12833513.7029 7364538.3543, -12833580.7373 7364610.97689999, -12833855.4249 7364783.88, -12834107.8632 7364994.944, -12834213.3183 7365117.4036, -12834301.6484 7365251.9543, -12834369.488 7365397.8448, -12834404.808 7365553.7068, -12834409.6681 7366023.4912, -12834447.6552 7366220.2601, -12834516.1069 7366352.0965, -12834788.9502 7366697.2187, -12834874.596 7366872.4933, -12834897.2281 7367015.8592, -12834898.3073 7367362.17, -12834930.0212 7367601.7233, -12834987.7759 7367841.4661, -12835102.6928 7368180.5679, -12835132.0757 7368330.3908, -12835137.1664 7368430.9563, -12835111.1539 7368730.3655, -12835111.1898 7368881.1306, -12835184.6631 7369271.5818, -12835190.3546 7369369.4339, -12835156.8594 7369514.8724, -12834936.5216 7369863.7546, -12834909.8149 7369954.9783, -12834907.9622 7370047.1868, -12834959.8057 7370171.5207, -12835180.1999 7370352.7636, -12835243.3834 7370468.6956, -12835250.6041 7370600.5365, -12835208.3523 7371003.9336, -12835194.2258 7371510.0161, -12835208.0165 7371639.0518, -12835274.1951 7371806.5431, -12835453.8696 7372081.4115, -12835539.7637 7372255.5956, -12835575.1988 7372395.8259, -12835603.7282 7372693.481, -12835632.4233 7372846.5685, -12835708.1116 7373099.1767, -12835841.9142 7373434.4931, -12835852.4373 7373578, -12835803.8158 7373705.6421, -12835747.3499 7373775.4591, -12835675.8826 7373829.9366, -12835590.7121 7373864.2802, -12835498.3298 7373870.8651, -12835364.3491 7373823.02839999, -12835248.9278 7373722.2103, -12835190.8191 7373634.023, -12835134.8156 7373483.07159999, -12835083.2765 7373214.668, -12835035.8093 7373065.7514, -12834788.2575 7372563.6358, -12834623.1909 7372361.2619, -12834499.0351 7372274.1819, -12834225.9532 7372141.4791, -12833901.4127 7371880.0277, -12833722.4657 7371789.7911, -12833626.8372 7371759.4284, -12833480.6336 7371754.3805, -12833355.302 7371804.7613, -12833298.1949 7371873.7912, -12833263.9928 7371961.0241, -12833261.5537 7372109.2437, -12833285.0679 7372208.8055, -12833346.4367 7372354.2142, -12833437.4505 7372490.6308, -12833712.2087 7372833.8111, -12834241.8953 7373281.8399, -12834435.3109 7373492.9724, -12834522.2303 7373632.2816, -12834582.2407 7373776.7586, -12834623.7659 7374032.5678, -12834631.2645 7374186.674, -12834613.6605 7374287.3671, -12834568.2401 7374379.1974, -12834495.6638 7374449.6822, -12834402.2969 7374485.5619, -12834249.305 7374479.8907, -12833929.8529 7374379.4246, -12833704.4801 7374336.2725, -12833538.5882 7374334.7459, -12833381.1326 7374368.6439, -12833288.4746 7374421.1338, -12833216.9567 7374495.164, -12833193 7374539.6387, -12833169.8678 7374685.8446, -12833196.1098 7374783.3311, -12833291.0635 7374909.3015, -12833600.0067 7375165.6132, -12833760.0877 7375332.7545, -12833855.151 7375468.5258, -12834014.1362 7375753.6626, -12834117.4765 7375876.9628, -12834296.0082 7376009.7193, -12834860.07 7376284.4059, -12834970.0684 7376395.65779999, -12834999.4201 7376486.642, -12834985.0646 7376578.4994, -12834961.5125 7376619.4121, -12834890.6543 7376685.0283, -12834798.5009 7376727.1542, -12834485.4889 7376795.6345, -12834349.7474 7376878.9765, -12834283.4794 7376960.2386, -12834247.5853 7377058.8588, -12834245.6628 7377164.1346, -12834279.1294 7377263.8964, -12834400.5169 7377496.7167, -12834434.6896 7377648.3495, -12834421.1886 7377747.6914, -12834375.5991 7377836.051, -12834303.5106 7377906.5577, -12834164.1626 7377972.5047, -12833847.5183 7378017.1643, -12833684.5697 7378016.6705, -12833575.0873 7377998.795, -12833417.1027 7377932.1542, -12833325.0991 7377861.1132, -12833213.3218 7377723.572, -12833132.9748 7377558.4196, -12833080.2305 7377380.9454, -12833064.7625 7377198.0944, -12833084.5542 7377076.9767, -12833123.8041 7376960.2296, -12833221.3932 7376732.8334, -12833290.925 7376632.1901, -12833435.4503 7376528.0436, -12833780.5434 7376386.558, -12833885.2483 7376310.9581, -12833967.8055 7376210.2768, -12834010.2182 7376089.574, -12834004.3421 7375963.2069, -12833955.6904 7375844.5292, -12833873.6243 7375743.21809999, -12833770.8019 7375659.7584, -12833597.5951 7375565.9559, -12832895.6114 7375338.2526, -12832655.2744 7375224.752, -12832481.8681 7375123.53059999, -12832264.8566 7374959.5592, -12832005.2838 7374729.0538, -12831547.8951 7374199.2573, -12831388.7177 7374071.5828, -12831270.1856 7374009.9755, -12831080.3566 7373950.8559, -12830820.6028 7373905.6242, -12830630.1112 7373850.4047, -12830290.091 7373653.8826, -12830119.8345 7373596.4409, -12830008.8843 7373605.5267, -12829908.6085 7373647.5812, -12829784.6793 7373757.0697, -12829643.2437 7373929.0276, -12829563.2014 7374075.5588, -12829528.2896 7374182.1788, -12829483.7108 7374699.9786, -12829459.7531 7374812.7013, -12829370.3027 7375078.1318, -12829357.9115 7375237.4418, -12829387.1422 7375337.8169, -12829445.3688 7375426.9093, -12829693.0582 7375655.4414, -12829798.0865 7375784.005, -12829990.9181 7376166.4572, -12830061.3977 7376419.3973, -12830072.9743 7376845.6426, -12830160.5303 7377220.1074, -12830169.3862 7377330.9548, -12830140.3268 7377494.9613, -12830041.3823 7377687.8298, -12829974.7657 7377769.2776, -12829779.5669 7377937.0499, -12829720.2514 7378015.571, -12829690.0801 7378109.5133, -12829690.8418 7378159.2914, -12829725.2544 7378251.6309, -12829794.4504 7378326.3725, -12829839.4447 7378353.6014, -12829943.8798 7378384.2736, -12830285.5352 7378376.8444, -12830623.0855 7378420.5311, -12830729.1677 7378412.0788, -12830816.2662 7378364.8294, -12830876.4104 7378287.4557, -12830896.059 7378240.0379, -12830916.1974 7378137.1977, -12830915.8407 7377916.9161, -12830931.7636 7377805.4387, -12830969.5935 7377698.853, -12831025.313 7377602.4424, -12831149.0318 7377498.8118, -12831250.148 7377470.2508, -12831351.9421 7377483.5206, -12831444.2772 7377535.8677, -12831545.1494 7377667.0552, -12831678.0074 7377985.0234, -12831775.8076 7378125.5884, -12831865.5338 7378200.6579, -12832227.5629 7378428.9748, -12832316.1396 7378503.6551, -12832388.2666 7378587.2116, -12832458.3411 7378731.405, -12832527.0024 7379058.777, -12832594.3177 7379217.2851, -12832701.8313 7379354.4551, -12833075.8128 7379731.3143, -12833170.9578 7379872.1689, -12833216.2049 7380027.9661, -12833216.7457 7380133.7116, -12833136.3181 7380438.6328, -12833130.8317 7380590.5528, -12833172.0704 7380733.5664, -12833322.1408 7380995.0356, -12833361.4384 7381089.1041, -12833390.4022 7381241.0087, -12833386.035 7381341.6806, -12833360.8054 7381437.7205, -12833292.0838 7381568.3298, -12833125.9689 7381757.5718, -12832952.9918 7381872.9342, -12832649.3203 7381984.2066, -12832432.7916 7382031.0892, -12832210.4129 7382050.0706, -12831651.3724 7382017.0797, -12831165.431 7382034.8354, -12830950.9663 7382018.9784, -12830849.6457 7381988.4633, -12830756.8586 7381940.2125, -12830556.7307 7381768.7818, -12830386.4086 7381550.88, -12829966.1958 7380922.1653, -12829496.7673 7380392.4748, -12829348.8218 7380314.5046, -12829239.8004 7380304.8991, -12829137.7574 7380330.3454, -12829056.5987 7380390.8354, -12829009.8479 7380479.2912, -12829013.7498 7380747.6162, -12829005.4226 7380801.8796, -12828962.4261 7380900.4632, -12828538.6365 7381380.2254, -12828202.3218 7381624.4185, -12828049.5969 7381770.343, -12827948.089 7381894.995, -12827919.4446 7381987.7243, -12827923.5358 7382032.9143, -12827941.2509 7382073.3083, -12828008.0134 7382131.8797, -12828152.1916 7382176.1967, -12828245.9465 7382223.3898, -12828286.6306 7382257.1135, -12828349.5568 7382344.0023, -12828399.8038 7382501.4132, -12828386.3338 7382831.3305, -12828400.4411 7382996.6125, -12828439.6724 7383104.6677, -12828547.3825 7383248.598, -12828694.5813 7383369.668, -12828876.2947 7383456.2494, -12829081.4477 7383491.4731, -12829505.4508 7383511.9101, -12829702.0731 7383565.3895, -12829818.3618 7383624.5599, -12829914.1458 7383705.21769999, -12830009.8806 7383858.5449, -12830039.4639 7383972.5706, -12830035.2867 7384146.634, -12829978.5227 7384311.9749, -12829875.1091 7384458.5585, -12829691.7909 7384616.5533, -12829431.6469 7384776.8362, -12829196.9379 7384853.0649, -12828708.772 7384932.0773, -12827980.548 7385076.1059, -12827870.5125 7385119.685, -12827783.1561 7385192.6556, -12827731.5101 7385289.2181, -12827721.6893 7385342.1065, -12827729.4687 7385450.8502, -12827794.1419 7385611.7567, -12827976.9516 7385942.5726, -12828018.5466 7386064.7361, -12828034.1531 7386190.5531, -12828023.4586 7386316.1518, -12827984.4325 7386436.8191, -12827918.58 7386545.0424, -12827828.9214 7386632.0305, -12827720.2182 7386692.5091, -12827598.5163 7386720.3842, -12827475.7219 7386721.7338, -12827296.0515 7386675.4786, -12827127.5384 7386579.5213, -12826918.6714 7386413.4555, -12826722.9984 7386227.9488, -12826593.1796 7386070.2879, -12826495.0904 7385890.7132, -12826430.9726 7385697.7012, -12826382.99 7385235.314, -12826264.1039 7384353.8253, -12826218.9658 7384223.8193, -12826145.0471 7384111.8639, -12826097.6441 7384064.0082, -12825925.6758 7383954.2935, -12825798.0341 7383900.1687, -12825664.7501 7383863.6703, -12825528.4294 7383849.7347, -12824996.8 7383861.8473, -12824741.6684 7383821.259, -12824622.6557 7383771.2395, -12824513.8873 7383699.5634, -12824419.0528 7383605.5644, -12824342.0638 7383494.6375, -12824179.0289 7383124.8533, -12823977.7477 7382395.2134, -12823880.9046 7382131.8843, -12823739.3659 7381888.2664, -12823353.0344 7381375.9915, -12823255.1533 7381196.0375, -12823189.6784 7381003.3426, -12823164.6318 7380798.856, -12823183.7351 7380592.6614, -12823240.6078 7380390.2902, -12823424.8278 7379930.9368, -12823447.7571 7379795.9424, -12823438.7365 7379662.9252, -12823382.8392 7379470.087, -12823271.5507 7379234.9538, -12823191.4246 7379139.7464, -12823087.7879 7379079.939, -12822973.0712 7379067.37960001, -12822861.2022 7379093.4517, -12822533.2575 7379208.5303, -12822116.5138 7379269.5093, -12821946.8559 7379317.7964, -12821854.5599 7379384.4011, -12821821.2297 7379428.4677, -12821787.4281 7379532.4879, -12821771.3417 7379698.7131, -12821751.7502 7379747.9132, -12821677.9928 7379815.1611, -12821582.7056 7379831.5617, -12821533.4933 7379818.0944, -12821441.9984 7379760.7278, -12821242.6592 7379542.1781, -12821150.7884 7379459.9327, -12820988.0368 7379364.0973, -12820808.6348 7379288.4542, -12820621.6451 7379223.135, -12820427.6202 7379177.0513, -12819746.6419 7379125.5576, -12819417.1394 7379067.5956, -12819234.3393 7379014.2932, -12819008.7394 7378922.3065, -12818908.397 7378862.1495, -12818824.9659 7378783.1693, -12818773.1102 7378682.7944, -12818766.3373 7378569.6613, -12818779.8174 7378513.7881, -12818830.3145 7378408.5026, -12819113.9583 7377988.677, -12819170.6762 7377870.8166, -12819210.513 7377747.8128, -12819231.5943 7377620.1148, -12819238.5492 7377424.9457, -12819225.4876 7377230.3994, -12819196.1587 7377109.4626, -12819137.8745 7377010.7625, -12819049.3095 7376956.8579, -12818998.6188 7376951.5746, -12818899.4604 7376981.1774, -12818715.1545 7377102.6081, -12818614.909 7377152.5803, -12818450.0926 7377187.0396, -12818337.0879 7377176.6535, -12818179.8253 7377112.5045, -12818095.6683 7377033.2725, -12818045.2854 7376926.8191, -12818040.583 7376808.7055, -12818086.7443 7376695.8891, -12818124.1288 7376644.9775, -12818219.7536 7376557.2903, -12818332.7525 7376488.2757, -12818647.0742 7376368.7068, -12819056.4571 7376282.1086, -12819182.8013 7376233.5, -12819270.223 7376152.5323, -12819290.2073 7376103.0431, -12819284.4919 7376008.2602, -12819227.7902 7375932.6583, -12819095.7701 7375864.4582, -12818882.411 7375828.9811, -12818348.9642 7375781.0945, -12818149.9364 7375729.7682, -12817962.3055 7375656.1741, -12817838.1436 7375559.1652, -12817747.2819 7375416.7698, -12817692.0087 7375244.1804, -12817615.037 7374756.2205, -12817562.768 7374650.9669, -12817485.0263 7374564.7972, -12817388.5522 7374501.7282, -12817280.506 7374465.2289, -12816879.892 7374439.3, -12816604.3822 7374380.866, -12816394.0504 7374299.0959, -12816198.8168 7374179.6684, -12816086.7935 7374051.2797, -12816026.7531 7373890.3445, -12816017.23 7373775.95, -12816037.6042 7373423.1916, -12816021.9094 7373306.1209, -12815985.9316 7373194.7347, -12815894.8881 7373045.8726, -12815614.7653 7372786.6778, -12815564.9204 7372703.6725, -12815539.9361 7372614.3545, -12815540.2741 7372521.8967, -12815585.8143 7372386.4991, -12815665.3359 7372259.1139, -12815768.8304 7372136.5778, -12815945.0259 7371986.2998, -12816325.7615 7371776.0747, -12816424.1285 7371693.0719, -12816510.8673 7371596.4147, -12816580.4176 7371487.7711, -12816845.9872 7370906.4851, -12816958.4306 7370751.37300001, -12817120.3422 7370643.6048, -12817490.2166 7370518.1883, -12817580.9903 7370443.5179, -12817634.3458 7370346.787, -12817661.271 7370183.1636, -12817647.772 7369950.5651, -12817571.6951 7369469.4215, -12817469.7889 7369048.01780001, -12817447.3355 7368856.2533, -12817465.921 7368592.1994, -12817633.0315 7367766.305, -12817632.4567 7367573.764, -12817608.4199 7367446.2867, -12817565.6961 7367323.3561, -12817437.9364 7367094.3692, -12817224.4562 7366837.7008, -12816975.6538 7366617.1069, -12816702.5751 7366443.773, -12816462.6497 7366346.6392, -12815724.109 7366209.0371, -12815492.5563 7366136.3253, -12815293.4789 7366011.9788, -12814939.8579 7365698.3406, -12814689.2501 7365545.3914, -12814473.3067 7365451.3867, -12814075.5927 7365323.0564, -12813672.0898 7365167.7816, -12812968.7614 7364847.1397, -12812867.598 7364782.3326))"
21,20882,1551,2023-10-15 06:33:14,PWF038, ,6129.8,2023-09-10,0400,0 - hand sketch of any type,Wildfire,Under Control,2023/06/01 18:00:00,E,6534.0,1683329040000,Under Investigation,5,90a3bfba-5663-42ec-a0cd-4a53adb8f92c,200067113.46875,100960.619829024,"MULTIPOLYGON (((-13021292.9759 7646664.0283, -13021107.425 7646654.7981, -13020738.4422 7646670.1748, -13020569.0771 7646687.5826, -13020426.1115 7646721.6676, -13020318.1961 7646795.8292, -13020266.5228 7646912.7888, -13020280.4871 7647055.3424, -13020340.4226 7647194.9781, -13020495.5669 7647444.7581, -13020610.2164 7647537.3953, -13020759.9854 7647575.335, -13021072.5927 7647559.6332, -13021206.8704 7647573.0531, -13021317.6907 7647642.4852, -13021394.0246 7647767.2242, -13021434.3912 7647925.5023, -13021482.441 7648767.5128, -13021456.4699 7648919.7937, -13021382.8857 7649056.7144, -13021269.1267 7649168.8635, -13021114.6726 7649239.3019, -13020933.7345 7649260.4947, -13020743.5095 7649249.7384, -13020550.463 7649212.5119, -13020175.9903 7649071.0943, -13019992.7709 7649016.3016, -13019742.0644 7649007.1605, -13019620.0211 7649032.8019, -13019450.0673 7649105.5181, -13019195.3025 7649252.4468, -13019034.2151 7649297.8923, -13018707.5643 7649343.065, -13018477.9037 7649407.7927, -13017802.284 7650437.1327, -13017571.3884 7650860.1664, -13017401.6031 7651296.6982, -13017211.6741 7652108.4952, -13017149.8487 7652265.4091, -13017045.2651 7652372.2792, -13016918.9931 7652407.3094, -13016805.2037 7652360.3371, -13016740.4581 7652239.2604, -13016737.8757 7652074.549, -13016783.8454 7651894.1239, -13016967.948 7651344.0179, -13017016.5398 7651167.8467, -13017040.5544 7650997.4767, -13017022.1039 7650838.7424, -13016946.8742 7650700.5095, -13016815.4121 7650603.3691, -13016642.7822 7650550.6973, -13016066.3958 7650451.7618, -13015943.2905 7650416.8074, -13015790.336 7650351.4462, -13015575.0213 7649925.9808, -13015411.5748 7649511.9487, -13015296.7009 7649313.2761, -13015125.078 7649143.3481, -13014691.6189 7648857.7701, -13014254.1405 7648540.5735, -13014052.0659 7648375.4517, -13013875.9066 7648189.8083, -13013722.2681 7647986.7388, -13013600.1012 7647764.6338, -13013338.3777 7647054.476, -13013236.7723 7646823.5136, -13013121.6447 7646600.5233, -13012980.1089 7646392.3052, -13012818.4623 7646200.2559, -13012466.0387 7645857.5739, -13011915.7454 7645425.5516, -13011452.5193 7644926.0276, -13011261.166 7644791.5912, -13011035.9342 7644695.737, -13010789.6102 7644634.3465, -13010529.2159 7644599.2471, -13010261.9604 7644583.1319, -13008883.5252 7644559.1375, -13008057.7863 7644521.1242, -13007526.4764 7644455.7961, -13007268.3494 7644394.019, -13007021.6639 7644302.9006, -13006795.0842 7644166.7386, -13006591.2037 7643991.4405, -13006407.5846 7643792.1139, -13006259.056 7643593.3665, -13006376.1866 7643322.2639, -13006361.498 7643331.3098, -13006316.3877 7643303.9353, -13006268.6028 7643302.1289, -13006177.4982 7643221.593, -13006121.7002 7643221.6601, -13006045.2948 7643190.6639, -13006030.7542 7643199.5659, -13005994.6415 7643188.83519999, -13005921.2427 7643135.133, -13005908.9893 7643106.3368, -13005801.261 7643102.1875, -13005732.778 7643035.3779, -13005690.7376 7643022.1544, -13005656.0583 7643041.2281, -13005585.0674 7642989.5451, -13005533.241 7642919.2591, -13005512.9184 7642929.33079999, -13005486.2269 7642906.4821, -13005496.8158 7642853.3122, -13005453.8819 7642800.8334, -13005427.6435 7642795.0944, -13005367.9375 7642745.1613, -13005388.9879 7642725.9891, -13005391.5702 7642681.104, -13005367.0183 7642677.8268, -13005362.4472 7642660.3503, -13005268.952 7642596.0948, -13005279.635 7642559.3159, -13005258.9925 7642514.5294, -13005194.7049 7642447.6966, -13005188.2893 7642413.4287, -13005232.4831 7642382.4785, -13005250.011 7642395.4522, -13005333.0472 7642402.7969, -13005445.0369 7642314.6943, -13005517.6144 7642336.8518, -13005530.3851 7642234.6644, -13005563.6679 7642181.312, -13005548.0636 7642128.3443, -13005581.5143 7642122.6928, -13005593.5953 7642087.6533, -13005578.7018 7642048.153, -13005542.7961 7642055.9704, -13005524.0569 7642043.4512, -13005510.8817 7641997.1402, -13005468.3119 7641953.5587, -13005507.588 7641903.6798, -13005532.5842 7641920.5822, -13005579.6853 7641919.7708, -13005585.6012 7641882.2805, -13005623.744 7641837.6457, -13005600.7251 7641797.6887, -13005542.128 7641789.8105, -13005529.1842 7641773.4693, -13005512.9222 7641780.7287, -13005488.307 7641733.7819, -13005443.0525 7641718.1771, -13005483.594 7641685.7692, -13005452.2981 7641665.967, -13005442.8112 7641633.1836, -13005413.7349 7641653.31270001, -13005436.7065 7641689.2399, -13005423.7538 7641709.595, -13005385.4536 7641697.9681, -13005382.0672 7641667.8548, -13005340.4873 7641678.4188, -13005290.8767 7641648.1291, -13005286.7913 7641664.6779, -13005238.9323 7641674.1904, -13005237.5442 7641656.1202, -13005281.8083 7641602.6975, -13005273.077 7641578.3753, -13005263.1844 7641591.9076, -13004983.7155 7641686.3354, -13004828.0072 7641252.7904, -13004653.1506 7640889.8874, -13004749.2983 7640674.2244, -13004744.4106 7640571.094, -13004808.1135 7640563.3819, -13004823.3376 7640536.0049, -13004736.3747 7640455.7711, -13004689.3654 7640368.7769, -13004569.8073 7640324.5865, -13004535.9966 7640234.5028, -13004477.3355 7640206.7754, -13004444.6506 7640139.2551, -13004258.3738 7640064.3427, -13004244.746 7639993.2541, -13004297.7953 7639939.1362, -13004284.8401 7639905.7562, -13004143.4455 7639845.5408, -13004072.3202 7639851.2752, -13004057.9179 7639869.7327, -13004066.7947 7639905.7496, -13004149.4747 7639949.1196, -13004186.4951 7640001.3482, -13004160.0994 7640074.9359, -13004166.9923 7640200.2296, -13004061.5398 7640165.121, -13003893.4733 7640221.3256, -13003873.0997 7640206.7026, -13003864.8968 7640193.67010001, -13003946.1033 7640082.3247, -13003711.7498 7639805.4544, -13003326.1597 7639120.9487, -13003009.1862 7638647.4255, -13003368.2198 7638183.225, -13003265.4425 7638185.1036, -13003214.4401 7638251.0823, -13003175.4385 7638233.0808, -13003112.3036 7638235.1847, -13003105.2326 7638203.6743, -13003116.1843 7638182.1088, -13003150.7968 7638167.7124, -13003163.6097 7638127.6094, -13003196.491 7638111.642, -13003120.7073 7638038.0323, -13003103.0422 7637933.0741, -13003131.2873 7637851.5168, -13003079.5585 7637813.1814, -13003062.5017 7637772.1827, -13003015.8316 7637733.1837, -13003010.7268 7637663.8944, -13002956.2662 7637699.0473, -13002916.3979 7637690.4105, -13002876.6503 7637705.035, -13002825.7645 7637688.4702, -13002797.2185 7637567.5437, -13002821.0666 7637562.974, -13002821.1423 7637534.267, -13002726.5734 7637524.249, -13002720.1547 7637493.9327, -13002677.9076 7637542.43199999, -13002658.1779 7637522.3812, -13002670.91 7637487.3189, -13002632.4064 7637474.4088, -13002637.2815 7637458.0735, -13002611.0491 7637469.6642, -13002470.324 7637417.8812, -13002433.3192 7637424.4958, -13002384.1097 7637458.2516, -13002322.9848 7637451.514, -13002284.7257 7637425.0344, -13002248.5844 7637349.8107, -13002151.8972 7637283.4111, -13002098.4565 7637268.2691, -13002053.2191 7637145.5831, -13002031.558 7636909.4872, -13002084.7664 7636679.0633, -13002200.1456 7636468.8226, -13002347.9329 7636275.2187, -13002515.1355 7636103.5073, -13002695.6889 7635949.9601, -13002891.0614 7635810.2975, -13003097.238 7635685.2165, -13003758.8626 7635370.9159, -13004437.086 7635140.148, -13004659.3229 7635092.0917, -13005114.4932 7635055.5722, -13005559.7962 7634993.7979, -13005964.6779 7634890.4845, -13006304.0066 7634762.273, -13006457.9002 7634741.1983, -13006604.2744 7634792.8147, -13006726.1523 7634898.7296, -13006810.7971 7635034.5248, -13006851.2528 7635187.7038, -13006847.2929 7635349.9737, -13006788.1346 7635508.0137, -13006570.5213 7635783.7734, -13006506.7937 7635934.204, -13006499.2282 7636038.9915, -13006545.3774 7636188.7527, -13006666.7248 7636294.4858, -13006839.4053 7636337.4071, -13007026.3082 7636319.8247, -13007207.8815 7636258.9528, -13007377.9962 7636164.8138, -13007521.8256 7636024.9439, -13007777.129 7635712.5085, -13007930.3459 7635589.02750001, -13008102.0028 7635490.8498, -13008287.4399 7635419.2688, -13008481.8357 7635378.6255, -13008677.854 7635374.2497, -13008870.2076 7635393.3468, -13009050.4064 7635446.1151, -13009206.7948 7635538.34790001, -13009335.7293 7635663.8327, -13009563.2488 7635938.0672, -13009701.3134 7636041.4318, -13009854.8058 7636112.0081, -13010018.0058 7636141.90999999, -13010531.3814 7636110.1665, -13011033.7146 7636159.4429, -13011699.6088 7636175.0563, -13012028.8489 7636221.9181, -13012191.197 7636261.5619, -13012503.7136 7636385.4199, -13012656.0291 7636466.5217, -13012797.1568 7636568.8394, -13013276.1029 7637042.419, -13013607.7085 7637259.3521, -13014087.9984 7637510.6491, -13014078.4312 7637529.289, -13014136.4193 7637587.7672, -13014212.8579 7637614.5591, -13014224.5659 7637646.9637, -13014196.2574 7637693.5985, -13014110.2413 7637759.22, -13014106.8957 7637835.676, -13014063.8455 7637903.3949, -13014067.9568 7637938.4528, -13014132.791 7637947.4445, -13014185.0141 7637999.382, -13014213.1535 7638008.918, -13014370.3665 7637928.14779999, -13014417.7019 7637929.004, -13014484.8802 7637962.03, -13014611.5747 7638078.1244, -13014713.6233 7638137.657, -13014728.4838 7638184.9543, -13014717.1993 7638252.6613, -13014625.168 7638349.3419, -13014632.8927 7638467.9735, -13014592.9944 7638478.9363, -13014510.0306 7638470.423, -13014489.4531 7638484.0714, -13014497.8924 7638524.5329, -13014571.4686 7638606.1254, -13014548.4572 7638734.3812, -13014557.4165 7638791.1201, -13014583.6616 7638816.714, -13014636.7425 7638828.0762, -13014744.0047 7638771.7874, -13014823.4894 7638782.6833, -13014978.2989 7638748.5205, -13015013.0307 7638754.9743, -13015069.5186 7638833.7553, -13015171.3415 7638882.9879, -13015189.9715 7638914.3343, -13015180.2503 7638964.1735, -13015118.2118 7639026.4156, -13015085.3604 7639082.687, -13015083.2955 7639111.8581, -13015110.2451 7639148.8599, -13015180.4209 7639161.3839, -13015247.0105 7639123.4828, -13015264.181 7639093.2471, -13015256.9068 7638994.543, -13015271.5345 7638957.5364, -13015367.6571 7638889.8456, -13015397.2077 7638772.3138, -13015426.0668 7638716.4938, -13015475.3651 7638709, -13015549.4577 7638736.1702, -13015573.146 7638797.0447, -13015626.2211 7638843.6769, -13015710.9205 7638857.6565, -13015794.5385 7638916.8784, -13015932.8404 7638965.111, -13015936.4224 7638991.3765, -13015845.6514 7639063.1844, -13015845.3327 7639088.6336, -13016195.8332 7639431.4513, -13016234.4261 7639428.8311, -13016332.2604 7639367.1792, -13016490.7682 7639367.9559, -13016519.5732 7639394.1838, -13016531.6926 7639469.1566, -13016632.3314 7639526.5043, -13016635.1769 7639553.9884, -13016612.5067 7639576.7046, -13016464.8125 7639627.2156, -13016391.4224 7639557.1548, -13016347.7208 7639538.0668, -13016304.0218 7639532.0611, -13016253.9179 7639549.10329999, -13016249.5243 7639563.9023, -13016297.6629 7639673.372, -13016351.9435 7639743.40649999, -13016376.2769 7639811.487, -13017015.4721 7639392.9651, -13017547.6972 7639458.9442, -13017701.8224 7639546.4744, -13017823.0359 7639687.6236, -13018090.9768 7640215.5039, -13018226.7829 7640439.4567, -13018400.3483 7640351.3721, -13018471.9749 7640332.9276, -13018500.5194 7640307.9621, -13018522.1366 7640299.5774, -13018537.7541 7640313.413, -13018524.6789 7640340.6838, -13018489.9152 7640346.508, -13018464.6261 7640372.5114, -13018440.7404 7640353.2601, -13018398.9163 7640378.8247, -13018436.7103 7640395.7816, -13018427.7995 7640413.935, -13018402.8723 7640415.5172, -13018402.2665 7640450.0398, -13018419.4708 7640455.7638, -13018392.1889 7640480.6336, -13018347.8692 7640500.5319, -13018283.2664 7640468.507, -13018231.5987 7640496.3991, -13018251.1667 7640579.8287, -13018276.8709 7640618.1836, -13018329.8588 7640640.9898, -13018306.1105 7640649.4929, -13018292.497 7640674.1075, -13018296.7924 7640722.9159, -13018340.8454 7640741.9694, -13018375.3295 7640738.9468, -13018381.9243 7640759.5894, -13018361.2249 7640791.1327, -13018265.3298 7640794.7086, -13018267.5426 7640828.6489, -13018317.9864 7640860.0411, -13018360.5186 7640918.4202, -13018385.2849 7640926.161, -13018385.3852 7640946.5851, -13018477.3896 7641007.3425, -13018492.7507 7641001.1254, -13018499.2115 7640974.3642, -13018478.2692 7640951.5387, -13018486.6327 7640939.1111, -13018541.4595 7640951.4441, -13018556.7087 7640969.1989, -13018572.2496 7640949.3493, -13018599.2823 7640945.6721, -13018586.5354 7640994.5146, -13018594.0107 7641018.7066, -13018556.338 7641033.874, -13018563.7917 7641065.8254, -13018547.1514 7641072.1315, -13018567.8729 7641103.5622, -13018557.7532 7641128.0129, -13018575.9259 7641125.678, -13018617.7133 7641193.3291, -13018571.6807 7641212.3558, -13018562.9165 7641239.5587, -13018528.5419 7641234.1085, -13018514.3162 7641272.8617, -13018541.2066 7641289.8312, -13018561.9312 7641348.2782, -13018632.7362 7641399.0044, -13018601.3391 7641452.8527, -13018614.1066 7641465.007, -13018592.8295 7641481.6045, -13018616.5637 7641477.3503, -13018648.7874 7641502.4151, -13018670.5335 7641491.8157, -13018666.9937 7641522.2426, -13018686.2612 7641538.55129999, -13018717.1995 7641531.8986, -13018736.4571 7641583.1974, -13018765.4063 7641589.9342, -13018774.3072 7641612.7928, -13018812.7917 7641614.20979999, -13018806.5115 7641630.0358, -13018878.709 7641632.8373, -13018836.7362 7641595.2293, -13018833.1536 7641607.58030001, -13018836.8747 7641568.8005, -13018857.0524 7641562.7108, -13018900.7611 7641583.6329, -13018938.2967 7641562.87699999, -13018933.528 7641497.7604, -13018916.0056 7641501.2638, -13018912.5953 7641519.3559, -13018890.9368 7641514.3541, -13018904.4688 7641488.7967, -13018865.5744 7641468.8465, -13018880.3991 7641450.5483, -13018918.9793 7641426.5994, -13018952.6494 7641424.338, -13018949.7674 7641447.6788, -13018972.3982 7641438.5796, -13018979.2252 7641460.12969999, -13018998.9178 7641439.4042, -13019017.8663 7641450.3992, -13019107.5474 7641424.9113, -13019112.0205 7641407.3152, -13019136.4691 7641436.7795, -13019141.2669 7641413.498, -13019182.0091 7641404.4921, -13019204.7105 7641423.6674, -13019197.6271 7641459.8273, -13019221.5078 7641468.7938, -13019250.7208 7641451.6841, -13019278.3014 7641480.2568, -13019269.7797 7641542.3775, -13019252.2538 7641540.8857, -13019230.7742 7641505.5983, -13019205.4061 7641520.7571, -13019203.1619 7641534.17409999, -13019222.842 7641546.439, -13019226.0471 7641593.55349999, -13019376.5205 7641461.2529, -13019967.7544 7641736.6027, -13020061.6155 7641833.7055, -13020101.4072 7641970.7216, -13019998.0783 7642622.3165, -13020023.569 7642782.2966, -13020096.617 7642922.6065, -13020208.5452 7643022.2882, -13020346.0874 7643076.0541, -13020498.453 7643086.7175, -13020799.1723 7643061.8402, -13021084.7431 7643089.6454, -13021510.3909 7643167.3981, -13021975.0852 7643311.1567, -13022269.9078 7643454.2083, -13022749.7531 7643630.3783, -13022889.3106 7643724.294, -13023005.1321 7643847.257, -13023175.0053 7644133.3813, -13023302.1395 7644307.8202, -13023380.097 7644381.8763, -13023470.2737 7644440.8046, -13023572.289 7644483.4529, -13024222.878 7644612.8623, -13024859.9965 7644636.2214, -13025580.7094 7644737.3819, -13026017.9047 7644874.8393, -13027067.2039 7645286.7406, -13027217.7294 7645363.3721, -13027353.2617 7645463.5605, -13027589.6356 7645687.86819999, -13027846.8477 7645994.51120001, -13027902.1544 7646102.7105, -13028089.431 7646618.2384, -13028132.697 7646781.5784, -13028132.6669 7646960.4539, -13028091.9544 7647523.6475, -13028108.0291 7647828.7034, -13028180.0434 7648180.5077, -13028314.5118 7648493.0162, -13028409.6713 7648623.361, -13028540.7284 7648710.9912, -13028696.8613 7648753.9595, -13029037.8969 7648774.8982, -13029213.4752 7648804.311, -13029550.3741 7648897.4739, -13029870.4811 7649021.8054, -13030175.634 7649178.9454, -13030314.4652 7649284.2793, -13030437.3089 7649406.0891, -13030540.9635 7649552.4163, -13030602.0188 7649735.9804, -13030644.1555 7650127.6673, -13030876.1994 7651009.9409, -13030942.3081 7651176.657, -13031026.0736 7651336.5678, -13031301.0083 7651766.964, -13031327.8909 7651911.8227, -13031274.0088 7652058.1543, -13031151.1112 7652180.3627, -13030992.7131 7652268.711, -13030820.8443 7652325.0928, -13030637.1939 7652336.1383, -13030454.9584 7652308.62389999, -13030104.7606 7652228.4432, -13029145.8987 7651975.2585, -13028800.9914 7651856.7109, -13028606.9946 7651738.6068, -13027932.4931 7651097.0859, -13027745.5905 7650961.271, -13027541.463 7650857.5062, -13027320.4156 7650789.1603, -13027088.2089 7650757.9802, -13026145.4609 7650726.2481, -13025687.6926 7650684, -13025471.5489 7650634.5268, -13025268.4777 7650567.6237, -13025074.6545 7650478.3553, -13024896.735 7650363.7177, -13024741.0582 7650225.098, -13024614.6695 7650059.4322, -13024352.6489 7649496.4032, -13024225.5 7649334.5314, -13024066.7602 7649206.7382, -13023488.7778 7648955.8349, -13023288.9994 7648844.7735, -13023094.207 7648708.8495, -13022916.2926 7648544.5556, -13022752.2288 7648366.0607, -13022602.0363 7648172.5835, -13022475.306 7647964.7333, -13022162.2743 7647344.4403, -13022001.0164 7647109.1219, -13021778.7107 7646886.5863, -13021467.7892 7646711.622, -13021292.9759 7646664.0283)), ((-13013992.0278 7637264.5085, -13014002.08 7637236.8454, -13013993.2146 7636748.587, -13014003.7248 7636726.253, -13014025.4948 7636735.9414, -13014024.2169 7636764.3915, -13014037.4986 7636775.7648, -13014018.6624 7636829.0315, -13014024.752 7636853.65429999, -13014070.4538 7636876.6473, -13014061.2305 7636926.8531, -13014130.2999 7636948.7813, -13014100.4898 7637014.8342, -13014120.6445 7637022.148, -13014145.5784 7637009.7222, -13014149.8422 7637022.0826, -13014180.3717 7637023.9809, -13014177.6361 7637043.8241, -13014210.1264 7637044.5959, -13014288.8325 7637089.3792, -13014368.6529 7637097.3384, -13014385.1714 7637074.5978, -13014411.1873 7637071.9592, -13014432.3596 7637096.1067, -13014409.9307 7637115.9271, -13014372.9235 7637099.1951, -13014337.3795 7637135.7667, -13014326.8513 7637127.749, -13014290.7482 7637145.0912, -13014286.0911 7637174.3245, -13014253.9643 7637187.7126, -13014192.6078 7637176.4893, -13014176.7072 7637186.8799, -13014172.9673 7637217.4012, -13014161.3198 7637210.9091, -13014173.8749 7637257.0874, -13014161.5353 7637266.6551, -13014150.9727 7637257.1581, -13014132.1041 7637287.3097, -13014063.1181 7637262.03, -13014044.0773 7637289.7567, -13014064.2532 7637294.316, -13014061.2858 7637305.8197, -13014017.7161 7637350.4487, -13014003.3134 7637345.0845, -13013992.0278 7637264.5085)))"
22,20892,652,2023-10-15 06:33:14,SWF060,Nipisi Complex,42022.4,2023-06-10,1649,2 - non-corrected airborne GPS,Wildfire,Under Control,2023/08/04 17:30:01,E,43981.0,1683216540000,Lightning,2,b77367fe-ab58-46c7-93b0-ac49c04cdb2a,1343985892.03125,408707.474680939,"POLYGON ((-12805597.8951 7568681.203, -12805579.4042 7568375.7771, -12805602.6358 7568350.4623, -12805595.6279 7568258.9624, -12805510.2888 7567996.6984, -12805727.5407 7567768.7195, -12805271.1076 7567645.9042, -12805261.0599 7567400.2734, -12805773.3673 7567248.0614, -12806718.4137 7567023.7485, -12806793.8327 7566915.1095, -12806830.0182 7566898.555, -12806977.0393 7566693.5704, -12806757.2521 7566298.359, -12806359.6498 7566195.0353, -12806092.9024 7565976.5308, -12805767.7569 7565796.0374, -12805674.5166 7565530.5169, -12805417.483 7565354.0578, -12805357.5561 7565104.7394, -12805264.3895 7564825.4894, -12804632.6829 7564756.336, -12804380.5983 7564542.323, -12804352.9514 7564106.7233, -12804623.6317 7563738.54, -12804917.6641 7563569.8928, -12804847.9839 7563368.6319, -12804713.546 7563444.4821, -12804655.085 7563500.2684, -12804232.677 7563792.948, -12803542.5961 7564003.0036, -12803285.3895 7564125.1343, -12802906.948 7564524.5823, -12802481.6627 7564545.8069, -12802052.8653 7564349.4429, -12801705.3105 7564282.2735, -12801338.2298 7564544.3239, -12801011.3321 7564714.2803, -12800533.5895 7564835.3993, -12800313.8344 7564707.7343, -12799885.2685 7564378.7982, -12799475.9718 7564359.8506, -12798946.4292 7564359.6761, -12798757.1553 7564751.5229, -12798430.4477 7564751.38889999, -12798384.3046 7564797.58910001, -12798221.5347 7565060.8154, -12797970.8968 7565875.7268, -12797795.4993 7566289.4563, -12797795.2552 7566766.0007, -12797532.3092 7567016.6857, -12797231.983 7566953.8081, -12796906.6633 7566840.7387, -12796618.8307 7566828.0108, -12796330.9812 7566840.3544, -12796143.3497 7566714.8094, -12796093.5025 7566426.3363, -12796206.3823 7566075.2929, -12796194.1034 7565749.2531, -12796256.8383 7565511.0535, -12796444.649 7565335.6415, -12796732.5318 7565185.3718, -12796845.3483 7564859.4509, -12796920.857 7564157.4057, -12796996.0975 7563869.11159999, -12797753.4026 7563679.7381, -12797693.8162 7563324.6019, -12797774.2837 7563128.0454, -12798076.8603 7563066.6118, -12798540.1851 7562938.9154, -12798577.9652 7562885.5134, -12798488.9051 7562771.1444, -12798193.9608 7562546.1875, -12798163.752 7562384.9385, -12797751.6312 7562326.0861, -12797507.206 7562339.5624, -12797493.7097 7562189.8754, -12797446.2874 7562006.1553, -12797656.8106 7561890.6134, -12798172.9638 7562068.5684, -12798228.9153 7561961.79, -12798249.3841 7561890.1479, -12798299.5519 7561547.3353, -12798491.8615 7561346.6642, -12799077.1517 7561012.2127, -12799545.3837 7560995.4902, -12800055.3652 7560870.0848, -12800364.7901 7561095.82549999, -12800356.4287 7561597.503, -12800523.6544 7562299.8511, -12800331.3448 7562901.8639, -12800791.2155 7562818.251, -12801401.5896 7562910.22510001, -12802020.325 7562316.5737, -12802321.3312 7562241.322, -12802605.6151 7561948.6771, -12802538.7248 7561338.3029, -12802580.5312 7561070.7417, -12802630.699 7560125.9162, -12803082.2085 7559766.3809, -12803792.918 7559281.4262, -12803712.3607 7558630.0249, -12803901.2356 7558566.8386, -12804611.1461 7558859.9659, -12804526.2809 7559002.4489, -12804606.2061 7559472.6333, -12804360.5195 7559822.2034, -12804492.1021 7560139.363, -12804753.4806 7560244.3102, -12805049.7929 7560132.487, -12805312.4221 7559922.0359, -12805658.5362 7559501.1333, -12806103.7094 7559056.9457, -12806468.9553 7558545.6014, -12806674.1888 7558062.0853, -12806790.7196 7557557.698, -12806790.7195 7556571.5339, -12806834.2012 7556188.8954, -12806893.3362 7555936.7017, -12807086.3947 7555731.4684, -12807382.0701 7555136.6392, -12807319.4564 7554924.4487, -12807498.6009 7554929.66659999, -12807592.5213 7554783.5681, -12807554.2576 7554637.4699, -12807729.9233 7554531.3745, -12808011.6846 7554519.1996, -12807958.4979 7554351.9044, -12808184.0132 7552482.2671, -12808197.6658 7552116.5888, -12808184.4587 7551568.6562, -12808162.6408 7551386.4064, -12808114.4565 7551210.1953, -12808009.7244 7550931.3628, -12807924.0273 7550773.3977, -12807801.0881 7550638.6068, -12807408.2861 7550342.6651, -12807312.7611 7550192.8088, -12807276.2516 7550019.2655, -12807242.78 7549562.8261, -12807195.9634 7549404.2223, -12807129.1102 7549317.8159, -12807042.3833 7549250.6641, -12806770.4825 7549079.8617, -12806514.3095 7548940.9923, -12806469.3208 7548864.29909999, -12806465.8034 7548817.3413, -12806490.4706 7548722.4799, -12806589.8721 7548539.5964, -12806666.6526 7548351.03639999, -12806730.9467 7548060.2097, -12806781.6594 7547654.1456, -12806767.8084 7547552.165, -12806718.5374 7547411.1765, -12806660.8782 7547335.7582, -12806622.2195 7547307.299, -12806531.0384 7547276.00509999, -12806433.7799 7547282.5358, -12806391.501 7547225.7982, -12805887.214 7547271.8457, -12805860.9492 7547122.2943, -12805761.375 7546875.7378, -12805750.9056 7546769.7003, -12805775.3273 7546665.8473, -12805871.9988 7546533.7717, -12806015.6 7546437.5503, -12806126.4228 7546391.4225, -12806307.1287 7546357.0451, -12806549.6336 7546346.7864, -12807127.3683 7546401.875, -12807291.637 7546403.1582, -12807433.9329 7546353.9516, -12807503.5022 7546283.8673, -12807527.5432 7546240.083, -12807555.5436 7546093.4351, -12807536.9683 7545994.3284, -12807491.9321 7545902.4214, -12807386.4725 7545787.8991, -12807205.6238 7545682.4316, -12807124.2563 7545615.988, -12807053.3664 7545472.9405, -12806982.7581 7544745.3242, -12806941.0914 7543873.4484, -12806899.9104 7543735.5952, -12806825.3123 7543610.9224, -12807069.0748 7542813.0398, -12807175.1041 7542788.7915, -12807273.4281 7542741.308, -12807761.006 7542321.3831, -12807895.7342 7542236.6709, -12807995.5267 7542200.0665, -12808104.1366 7542188.8064, -12808213.3086 7542209.2289, -12808570.1654 7542394.2255, -12808679.719 7542418.5828, -12808736.481 7542416.6292, -12809176.2407 7542283.6784, -12810116.9721 7542159.6184, -12810632.1637 7542058.6104, -12810834.7044 7542052.6972, -12810935.9008 7542074.9694, -12811274.2709 7542228.5438, -12811646.0716 7542272.505, -12811798.2232 7542315.4469, -12811935.2402 7542396.6007, -12812230.169 7542618.4886, -12812368.2703 7542678.8955, -12812467.7752 7542685.6281, -12812611.7563 7542644.195, -12812786.138 7542550.016, -12813028.0965 7542378.6787, -12813121.7941 7542340.3311, -12813225.7793 7542330.8535, -12813332.0063 7542352.4339, -12813435.987 7542397.6216, -12813916.2387 7542667.494, -12814054.807 7542728.2344, -12814483.2792 7542792.8217, -12814934.4778 7542897.6371, -12815020.6837 7542885.4841, -12815134.9443 7542821.5915, -12815192.3107 7542762.9153, -12815273.0037 7542638.7221, -12815357.8415 7542578.9837, -12815837.3952 7542479.4557, -12816050.4949 7542401.0157, -12816104.9844 7542408.5379, -12816171.2969 7542453.472, -12816309.7578 7542636.5002, -12816411.3155 7542811.92, -12816474.1469 7542854.78059999, -12816708.2387 7542818.7839, -12816954.1395 7542812.883, -12817572.7794 7542757.7902, -12818313.4956 7542661.0878, -12818846.2995 7542569.7312, -12819280.5656 7542530.7644, -12819673.2974 7542819.197, -12819968.1684 7542784.4307, -12819961.73 7542615.749, -12820098.2205 7542651.8031, -12820134.2745 7542569.3938, -12820091.7821 7542462.5192, -12820257.8885 7542371.0963, -12820463.9117 7542399.4246, -12820559.1974 7542378.8222, -12820568.211 7542201.1271, -12820623.5797 7542085.2391, -12820742.0432 7541973.2139, -12820782.488 7542320.4059, -12820843.8069 7542500.8787, -12820968.977 7543163.7696, -12821089.4221 7543578.5562, -12821197.5307 7543842.4388, -12821330.7347 7544097.223, -12821488.2051 7544334.2498, -12821624.1423 7544488.9996, -12821785.5192 7544608.7707, -12821908.1795 7544662.4207, -12822038.5291 7544697.6751, -12822500.692 7544765.5514, -12822809.1786 7544862.9304, -12822985.2415 7544944.4921, -12823369.4867 7545177.3387, -12823596.9719 7545293.2103, -12824243.6175 7545540.4214, -12824706.9247 7545687.756, -12824807.1201 7545746.329, -12824932.8116 7545862.3429, -12825112.1221 7546080.9616, -12825254.275 7546298.9362, -12825872.5467 7546481.4301, -12826530.5094 7546498.7588, -12830063.628 7546489.31139999, -12830454.2499 7546501.3063, -12830712.0566 7546528.7291, -12830963.7692 7546581.2495, -12831209.5 7546647.91, -12831383.8788 7546721.243, -12831702.6821 7546939.5398, -12833097.6938 7548077.1468, -12833288.692 7548268.1371, -12833534.4741 7548586.5286, -12833697.7052 7548866.2082, -12833677.1283 7548977.3994, -12833842.5246 7549473.5883, -12834695.3291 7549189.7022, -12834873.9324 7549143.5388, -12834992.9719 7549147.2587, -12835047.0616 7549167.2964, -12835128.6651 7549244.1802, -12835150.1427 7549297.1613, -12835156.7678 7549413.2087, -12835050.367 7549760.5688, -12835036.4687 7549936.0073, -12835048.4114 7549993.4301, -12835098.6049 7550097.9971, -12835253.593 7550273.6988, -12835334.7626 7550425.3643, -12835374.5083 7550590.9196, -12835394.7378 7550870.5479, -12835422.0299 7551033.486, -12835588.7777 7551503.1277, -12835612.4259 7551664.1343, -12835573.4599 7551818.9142, -12835515.2401 7551912.1698, -12835409.8327 7552033.8074, -12835329.3428 7552100.9393, -12835238.2966 7552152.4842, -12835027.6799 7552221.0907, -12834928.2739 7552271.4042, -12834811.0425 7552388.18, -12834761.042 7552491.6265, -12834731.3181 7552666.0691, -12834755.5255 7553163.2398, -12834751.273 7553355.489, -12834680.0073 7553817.9271, -12834662.3381 7554089.8425, -12834674.5512 7554224.1415, -12834704.1112 7554353.3106, -12834791.7046 7554524.3055, -12834834.7342 7554571.4798, -12834937.0385 7554642.9641, -12835112.5818 7554695.6987, -12835233.9051 7554696.8508, -12835581.1254 7554633.0903, -12835749.6641 7554642.83079999, -12835898.5617 7554705.3188, -12836129.2352 7554879.6281, -12836257.4766 7554921.1315, -12836897.5142 7554854.4662, -12836964.8925 7554854.9228, -12837020.6151 7554877.9482, -12837052.1602 7554928.2742, -12837055.9394 7554961.296, -12836853.6685 7555368.7502, -12836803.3586 7555445.2876, -12836726.3289 7555498.2654, -12836454.7202 7555553.4561, -12836386.8057 7555617.9566, -12836355.2665 7555707.7672, -12836365.9771 7555806.647, -12836414.4635 7555953.9122, -12836619.4997 7556356.7001, -12836730.0946 7556510.4249, -12836848.075 7556586.3742, -12836936.4437 7556606.7359, -12837026.9747 7556602.9449, -12837384.7008 7556533.0974, -12837516.9218 7556484.8106, -12837617.6032 7556390.5586, -12837705.2741 7556179.3146, -12837752.11 7556106.9905, -12838028.7588 7555871.9741, -12838120.5907 7555813.0904, -12838188.2109 7555792.474, -12838259.1128 7555793.5019, -12838438.9016 7555839.1579, -12838537.5962 7555889.3047, -12838612.8468 7555974.2919, -12838648.8443 7556044.2045, -12838679.9506 7556163.359, -12838678.6966 7556286.0632, -12838650.8944 7556363.7037, -12838598.7401 7556432.3951, -12838388.4753 7556587.528, -12838334.0344 7556651.6535, -12838228.4795 7556943.3278, -12837963.2635 7557452.526, -12837938.033 7557572.6827, -12837927.6533 7557909.6827, -12837933.8599 7558070.8845, -12837958.4722 7558139.8679, -12838008.6211 7558186.2948, -12838075.3416 7558195.2076, -12838139.5837 7558165.1556, -12838308.5876 7558029.6211, -12838384.3943 7558013.0083, -12838583.0247 7558005.4649, -12838652.2961 7557971.2404, -12838785.5174 7557854.6287, -12838870.6685 7557841.1346, -12838936.946 7557892.4067, -12838966.1219 7557978.7475, -12838990.2624 7558532.2244, -12839006.4501 7558635.2938, -12839054.1494 7558726.3758, -12839113.0424 7558771.2387, -12839228.5656 7558799.0331, -12839350.8175 7558793.4805, -12839540.2258 7558752.6431, -12839671.2632 7558700.0223, -12839858.4714 7558680.4708, -12839970.9113 7558465.3999, -12840004.5973 7558458.3058, -12840073.4363 7558467.7109, -12840214.8195 7558524.8413, -12840458.8918 7558648.44169999, -12840548.0735 7558721.0406, -12840586.5084 7558789.447, -12840603.8866 7558914.6942, -12840573.2235 7559047.3929, -12840527.0279 7559131.5281, -12840369.3418 7559322.1302, -12840323.6108 7559410.2698, -12840295.4435 7559503.5765, -12840291.3393 7559647.8944, -12840353.2217 7559931.9176, -12840348.9139 7560032.9874, -12840330.7904 7560083.5409, -12840119.9167 7560349.2864, -12839996.3054 7560541.5374, -12839833.6774 7560839.077, -12839728.4678 7561090.4114, -12839697.5475 7561242.9583, -12839697.5692 7561343.7503, -12839803.8754 7561755.0806, -12839782.3011 7561839.6209, -12839718.3699 7561911.0891, -12839624.9859 7561946.488, -12839516.7801 7561937.034, -12839407.5734 7561887.1085, -12839147.4435 7561714.5896, -12839030.9089 7561670.5893, -12838968.6511 7561661.701, -12838843.7913 7561668.3322, -12838716.9755 7561699.9367, -12838532.489 7561819.3722, -12837874.1919 7561501.7727, -12836782.8048 7560849.2505, -12836430.5578 7561149.5262, -12836280.4198 7561784.7249, -12836338.1655 7562350.6291, -12836621.1177 7562616.2578, -12837192.7968 7562466.1198, -12838235.7398 7563217.522, -12838332.1295 7563554.8107, -12838412.6475 7563972.9338, -12838514.6022 7564186.7575, -12838623.0184 7564313.6348, -12838758.3767 7564397.0045, -12838860.4172 7564424.6089, -12838966.2077 7564427.4934, -12839262.927 7564398.4237, -12839353.0666 7564413.4948, -12839467.5785 7564486.662, -12839525.0921 7564560.7118, -12839567.037 7564644.3221, -12839591.4451 7564783.828, -12839522.8738 7565086.6122, -12839528.8782 7565195.31939999, -12839545.3977 7565248.808, -12839639.6959 7565397.5426, -12839966.517 7565758.7487, -12840066.9608 7565918.4281, -12840133.2872 7566099.8818, -12840228.8408 7566478.1248, -12840375.8209 7566825.2872, -12840432.7051 7567004.5423, -12840544.5061 7567585.9314, -12840572.6156 7567814.5722, -12840520.4988 7569001.8672, -12840542.2759 7569391.6129, -12840569.924 7569497.7382, -12840781.0623 7570069.2283, -12840991.0102 7570530.4324, -12841049.6318 7570751.2557, -12841059.8774 7570990.0171, -12841029.2573 7571667.0844, -12841089.8529 7572144.723, -12841080.7813 7572321.5364, -12841049.2167 7572437.0082, -12840972.3334 7572604.0333, -12840877.7954 7572761.8527, -12840760.7494 7572896.7802, -12840613.2178 7572983.5473, -12840502.1303 7573008.8711, -12840385.9892 7573009.8953, -12840029.3825 7572975.1107, -12839857.9156 7572940.3137, -12839753.6523 7572894.2297, -12839669.068 7572821.00509999, -12839584.6069 7572667.1288, -12839399.8346 7572149.0788, -12839346.3405 7571907.062, -12839249.4871 7571319.35670001, -12839216.2127 7571209.2726, -12839124.5468 7571062.21500001, -12838986.4185 7570949.2702, -12838816.9657 7570878.602, -12838624.9926 7570866.5274, -12838430.6917 7570913.374, -12838058.8612 7571063.5437, -12837873.0985 7571119.7659, -12837744.8345 7571133.4159, -12837613.3312 7571119.7705, -12837484.407 7571080.0469, -12837401.4127 7571027.698, -12836829.7799 7570347.9184, -12835570.6429 7570305.4323, -12835412.2851 7568984.4972, -12835287.035 7568983.9285, -12835192.0686 7568917.3229, -12834540.9741 7568952.0473, -12834289.833 7569102.4498, -12834187.9094 7569146.7173, -12834129.9736 7569455.7081, -12834010.2399 7569675.8639, -12834121.2314 7571787.2135, -12834797.1484 7571814.2501, -12834819.2402 7571821.7603, -12834854.6852 7571872.1955, -12834475.975 7573272.5437, -12834542.71 7573570.2776, -12834511.1923 7574041.8979, -12834269.4165 7574365.9079, -12833940.7139 7574510.4223, -12833377.8154 7574679.1021, -12833232.0792 7575008.232, -12833335.9412 7575935.4309, -12833455.7513 7576640.3823, -12833387.8676 7576903.9507, -12833187.3385 7576904.4061, -12832718.6545 7576681.8663, -12832569.2302 7576750.8298, -12832608.632 7577509.4422, -12832560.1138 7577791.8348, -12832323.1699 7578086.448, -12831625.3593 7578441.7951, -12830973.8125 7578603.8202, -12829909.6373 7578503.3154, -12829244.0812 7578202.3972, -12828747.8408 7577720.0288, -12828623.5696 7577303.1737, -12828578.4648 7576550.0164, -12828445.9955 7576129.6804, -12828135.2015 7576035.4233, -12827574.7537 7576071.0882, -12827412.0505 7576189.347, -12826907.2354 7576610.2711, -12826331.927 7577168.8059, -12826227.5519 7577182.873, -12826175.5975 7576456.4962, -12826180.3441 7575818.7373, -12825150.2865 7575008.326, -12824687.7549 7575090.617, -12824273.4625 7575039.54, -12824003.8887 7575076.429, -12823674.7249 7575377.2168, -12823427.852 7575782.9961, -12822582.2417 7575953.2533, -12821974.9913 7576214.3141, -12821154.9195 7575919.2016, -12820332.0103 7575782.996, -12819835.427 7576066.7579, -12819608.4175 7576685.3586, -12819554.5027 7577017.36, -12819693.5459 7577244.3696, -12819792.8627 7577655.8242, -12820456.8654 7578095.6552, -12820964.7991 7578263.0746, -12821330.8519 7578183.6213, -12821401.7923 7577891.3466, -12821677.0413 7577933.9109, -12821847.2985 7578319.8269, -12821464.2199 7578461.7078, -12821444.3568 7578603.5888, -12821603.2633 7578759.6577, -12821563.5367 7579068.9582, -12821444.3567 7579057.6077, -12820956.2863 7578938.42750001, -12820681.0374 7579003.6929, -12820899.5342 7579293.13, -12820814.4058 7579440.6862, -12820261.0702 7579307.3182, -12819900.6925 7579508.789, -12819906.3677 7579693.2342, -12820133.3771 7579749.9867, -12820314.9848 7579917.4061, -12820246.8818 7580064.9624, -12820411.4638 7580408.3141, -12820788.8671 7580425.3398, -12821032.9023 7580294.8096, -12821370.5788 7580385.6133, -12821549.3488 7580592.7595, -12821541.9049 7580585.1302, -12821659.8549 7581059.639, -12821873.3277 7581366.6199, -12822132.0597 7581535.83079999, -12822584.943 7581609.7857, -12822950.5581 7581725.5471, -12823180.0312 7581972.4978, -12823367.4792 7582336.0143, -12823509.7804 7582788.8267, -12823568.247 7583217.4937, -12823478.7648 7583430.8667, -12823296.9517 7583575.5494, -12822914.3935 7583692.5982, -12822537.261 7583722.5202, -12822248.5461 7583599.9943, -12822018.2619 7583318.2626, -12821838.4795 7583123.5965, -12821516.8011 7582973.2535, -12821457.5977 7582779.5044, -12821432.4773 7582501.6891, -12821227.5357 7582347.3811, -12821109.3478 7582235.7937, -12821044.0878 7582208.7293, -12820770.868 7582271.0287, -12820568.0504 7582367.7295, -12820350.5422 7582207.5004, -12820221.4416 7582214.239, -12820134.7267 7582333.0901, -12819571.0314 7582303.976, -12819413.5408 7582425.7202, -12819408.4112 7582632.155, -12819528.3369 7582818.2737, -12819590.5171 7583033.0819, -12819569.635 7583096.9548, -12819328.1616 7583134.8996, -12819233.5623 7583288.7344, -12819325.6386 7583453.131, -12819440.8788 7583544.9017, -12819372.7065 7583606.1486, -12819348.677 7583694.952, -12819366.9431 7583838.6979, -12819353.662 7583962.051, -12819403.5044 7584089.0544, -12819098.0842 7584557.3319, -12818674.4405 7584761.8975, -12818504.0871 7584823.4661, -12818336.7963 7585481.4771, -12818268.1888 7585976.8593, -12817834.5122 7586118.9196, -12817734.4804 7586644.9033, -12818269.4229 7586947.5123, -12817719.6254 7587140.1027, -12817474.6995 7587614.8935, -12817203.629 7588000.8738, -12816879.1028 7588322.429, -12816624.9669 7588672.6886, -12816390.547 7588676.24, -12815943.8824 7589225.4064, -12814545.8202 7587956.2751, -12813276.415 7587576.8531, -12812639.689 7585925.106, -12812828.2245 7584717.332, -12812826.3944 7583446.482, -12812001.712 7583129.9496, -12811810.592 7582431.3518, -12812380.0163 7581604.749, -12813012.422 7580587.556, -12813137.8679 7579698.2268, -12813294.8175 7579066.5015, -12813256.954 7578903.5217, -12813396.9235 7578464.8087, -12813681.5893 7578249.8755, -12813832.7285 7578032.8524, -12813924.0106 7577749.8054, -12813898.29 7577339.0707, -12813781.5887 7577083.5229, -12813515.348 7576821.7543, -12813317.8116 7576679.4905, -12813252.7045 7576505.9194, -12813033.5573 7576735.1801, -12812906.2655 7576905.7774, -12812587.291 7576821.0293, -12812576.4078 7576639.9852, -12812639.5435 7576192.5907, -12812724.2902 7576000.7756, -12812798.1763 7575649.2423, -12813049.3403 7575526.9852, -12813082.2609 7575332.2917, -12813027.9012 7574883.0616, -12813004.009 7574555.8289, -12813186.56 7574315.6512, -12812381.0411 7573701.299, -12812126.0063 7573659.0631, -12811860.6997 7573882.9936, -12811733.4566 7574074.8023, -12811839.8699 7574202.4267, -12811988.9565 7574457.7628, -12811880.7514 7574551.0478, -12812085.0813 7574885.7693, -12812092.6689 7575382.3397, -12812164.9418 7575522.5415, -12812261.118 7575948.464, -12812183.7181 7576010.6365, -12811899.2774 7576029.8894, -12811346.9817 7575945.328, -12811324.0923 7576053.8731, -12811054.1779 7576028.0331, -12810818.9653 7575897.4543, -12810676.4442 7575660.5762, -12810513.1443 7575591.5217, -12810400.8262 7575662.3936, -12810405.2623 7575736.5405, -12810244.1858 7575714.9114, -12810279.1046 7575802.1109, -12810401.0812 7575889.2135, -12810414.2724 7576006.9733, -12810288.0521 7576020.2012, -12810205.2267 7575911.2422, -12810178.8992 7575719.3453, -12810074.5274 7575806.6979, -12810057.201 7575885.2321, -12809978.3368 7575960.537, -12810028.3067 7576083.6522, -12809928.9856 7576304.3202, -12809672.6378 7576387.7375, -12809130.8618 7576309.1683, -12809008.476 7576150.6203, -12808809.7807 7575950.224, -12808748.4531 7575845.8705, -12808728.6179 7575755.3127, -12808737.8181 7575657.705, -12808791.3023 7575473.7267, -12808789.1311 7575384.1199, -12808586.5219 7574761.9023, -12808535.3912 7574682.9724, -12808449.5681 7574637.876, -12808343.3831 7574633.7676, -12808238.5533 7574665.8405, -12808179.3475 7574713.1673, -12808133.5884 7574778.5917, -12808057.2377 7574965.4032, -12808008.401 7575162.0629, -12807972.3309 7575579.4618, -12807812.6311 7575911.2965, -12807562.9835 7576709.2754, -12807540.667 7577180.8245, -12807579.4896 7577735.8486, -12807625.6026 7578107.2789, -12807736.4734 7578601.64019999, -12807864.8086 7578870.2417, -12808036.0018 7578937.781, -12808107.6579 7578887.1529, -12808171.5185 7578686.871, -12808132.4061 7578442.5437, -12808124.6 7578270.7036, -12808168.7208 7578184.4819, -12808287.9591 7578118.0964, -12808375.1956 7578108.4698, -12808543.6367 7578148.5369, -12808924.622 7578307.8822, -12809098.2094 7578336.2461, -12809446.2507 7578236.4348, -12809667.4251 7578268.4873, -12809837.9668 7578399.7957, -12810326.391 7579098.2306, -12810422.9231 7579281.7339, -12810470.738 7579514.7839, -12810381.5574 7579729.4897, -12810201.5163 7579811.5673, -12810041.1363 7579785.2083, -12809882.0088 7579715.4106, -12809559.8115 7579664.3287, -12809369.2221 7579767.0578, -12809230.6924 7579942.666, -12809908.5374 7580202.0186, -12810373.9568 7580401.2988, -12810938.9709 7580500.5388, -12811786.7365 7580815.8239, -12811770.6198 7581198.8111, -12811521.8624 7581582.1173, -12811023.4699 7581682.6491, -12810807.8174 7581999.3045, -12810442.5976 7582332.7915, -12809894.5503 7582683.1262, -12809911.6116 7583099.4768, -12810078.3564 7583598.9694, -12809912.3187 7583765.7127, -12809779.6574 7584065.6782, -12809913.1674 7584565.2717, -12810212.7579 7584898.1207, -12810279.8092 7585397.8347, -12810280.4376 7585964.2999, -12811179.0075 7586563.0789, -12811694.6217 7586679.0662, -12811811.6506 7587162.1529, -12811362.6844 7587179.3938, -12810997.163 7587446.4724, -12811080.6152 7587696.3437, -12811363.4761 7587812.6504, -12811762.1754 7587478.8396, -12812078.2988 7587595.0731, -12812178.5765 7587961.5734, -12812062.6298 7588311.7177, -12811647.1608 7588562.2666, -12811015.1381 7588563.05749999, -12810915.7029 7588863.1884, -12811996.6363 7588711.8112, -12812478.9553 7588694.4832, -12812861.1885 7588477.2668, -12813210.485 7588493.4188, -12813377.2587 7588793.1762, -12813194.622 7589010.1315, -12813178.6082 7589426.8653, -12812962.9247 7589810.5771, -12811631.6638 7589445.6868, -12811365.8104 7589679.3931, -12810867.0101 7589880.0386, -12810584.5402 7590163.7619, -12810319.0019 7590730.8791, -12809786.3782 7590498.0571, -12809736.2439 7590281.3877, -12809253.6889 7590165.1822, -12809278.9165 7589754.22950001, -12808986.3015 7589596.7021, -12809009.7051 7589263.9425, -12809224.2828 7589237.6691, -12809651.7792 7589031.2754, -12809335.6334 7588914.9201, -12809235.2514 7588315.0039, -12809135.1413 7587981.7794, -12808868.8304 7587748.7153, -12808237.043 7587949.262, -12808110.442 7587797.2822, -12807799.0139 7587827.2587, -12807872.798 7587469.5847, -12807754.1362 7587166.41, -12807787.1328 7586833.1121, -12807471.0558 7586650.0614, -12807370.9219 7586150.2664, -12806684.7759 7586597.2086, -12806650.3067 7586751.27269999, -12806722.7009 7586919.0074, -12806852.2251 7587089.5575, -12806981.7176 7587205.5043, -12806920.5119 7587348.8848, -12806573.443 7587359.2242, -12806610.4083 7587676.3515, -12806709.5017 7587574.2765, -12806832.2112 7587724.3676, -12806873.164 7587847.2101, -12806757.3481 7587826.80830001, -12806631.369 7587843.5247, -12806634.0668 7588002.2077, -12806741.2149 7587990.5825, -12806749.6347 7588066.07069999, -12806713.4031 7588130.4041, -12806618.7133 7588188.2632, -12806596.5003 7588457.4386, -12806572.1897 7588540.4613, -12806696.9531 7588583.396, -12806752.8163 7588667.2478, -12806705.4092 7588714.8158, -12806517.4604 7588727.3614, -12806484.8969 7588838.5632, -12806484.9798 7588973.0577, -12806653.8236 7589053.1184, -12806877.4812 7589212.9866, -12807122.4993 7589458.1807, -12807080.0195 7589607.5653, -12807074.3339 7589924.04, -12807179.1202 7589958.96, -12807201.508 7589981.3628, -12807201.54 7590026.2007, -12807232.5638 7590049.9918, -12807264.2377 7590194.8737, -12807237.5695 7590340.7684, -12806996.5532 7590713.5401, -12806833.8211 7590824.1304, -12806624.8281 7590884.3201, -12806447.2121 7590978.93999999, -12807365.0118 7590862.8228, -12807860.5414 7591416.9564, -12808134.1462 7591629.8464, -12808217.3108 7591784.3074, -12808146.2556 7591927.0135, -12807944.7365 7592105.4913, -12807795.0661 7591921.7211, -12807287.8324 7591983.1057, -12806846.2066 7592530.5592, -12806586.4243 7592895.5137, -12806092.2455 7592661.3031, -12806118.499 7593104.2521, -12806274.7637 7593521.0919, -12806691.004 7593781.4271, -12806743.4214 7594406.8523, -12806665.6156 7594745.714, -12806067.577 7595032.7734, -12806067.7822 7595397.6772, -12806380.133 7595762.4157, -12806224.3338 7596231.7183, -12806484.8889 7596909.3592, -12806459.0806 7597248.2964, -12805314.2049 7596988.2059, -12805418.0208 7596466.7634, -12805703.9789 7596075.5987, -12804897.4311 7595737.1037, -12804507.1288 7595398.3996, -12804116.6997 7594538.4271, -12804402.5802 7593938.9239, -12804844.6711 7593912.6973, -12805026.9903 7594564.1533, -12805260.9797 7594381.6148, -12805338.7217 7593782.1814, -12805029.1669 7593399.3428, -12804849.0813 7593438.8975, -12804516.848 7593391.4666, -12804516.7579 7593141.7897, -12804742.1166 7592975.2579, -12804994.3804 7592951.0787, -12805056.2517 7592771.6877, -12804917.6083 7592677.6899, -12804751.1728 7592510.2706, -12804545.8867 7592393.754, -12804411.9112 7592340.9247, -12804182.4708 7592308.6896, -12804003.4825 7592324.7691, -12803881.0299 7592354.4949, -12803737.0559 7592495.2417, -12803600.9906 7592587.6254, -12803455.8451 7592616.9048, -12803310.6869 7592587.6904, -12803174.5803 7592495.3674, -12803110.2536 7592333.6407, -12802786.6292 7592362.2666, -12802670.7348 7592164.2099, -12802527.6133 7592253.016, -12802445.8499 7592539.8915, -12802220.9286 7592683.3465, -12802370.8938 7592792.6235, -12802473.1569 7592990.7022, -12802391.3762 7593188.8026, -12802595.8974 7593386.8804, -12802704.9956 7593619.1269, -12802718.6678 7593919.7064, -12802705.064 7594165.6469, -12802561.9285 7594466.2661, -12802398.3216 7594698.5737, -12802241.5049 7594650.7603, -12802214.2265 7594541.4479, -12802316.4823 7594384.3049, -12802296.0092 7594104.202, -12802384.624 7593960.731, -12802336.8905 7593803.6105, -12802180.1004 7593892.4302, -12801955.131 7593906.1027, -12801702.8922 7593783.1393, -12801621.0891 7593591.8614, -12801402.9482 7593523.5429, -12801157.529 7593646.4904, -12800966.6365 7593796.7631, -12800782.5718 7593803.5736, -12800653.0558 7593728.411, -12800530.3391 7593783.0436, -12800305.3814 7593735.1852, -12800121.352 7593578.0287, -12800175.9464 7593291.134, -12799896.4831 7593195.4388, -12799296.6702 7593031.3314, -12799037.7056 7592853.6471, -12798894.6203 7592696.4936, -12799085.526 7592546.2939, -12799364.9533 7592648.84089999, -12799508.0314 7592860.6293, -12799712.4895 7592983.6377, -12800351.9586 7593178.94, -12800475.9141 7593099.9246, -12800482.7719 7592847.1903, -12800394.2014 7592608.1087, -12800360.1613 7592382.7039, -12800217.0957 7592034.34619999, -12800353.4278 7591925.095, -12800387.521 7591836.3148, -12800360.2863 7591686.0584, -12800387.5691 7591563.1322, -12800510.2647 7591426.5654, -12800626.128 7591378.778, -12800530.7411 7591228.5208, -12800489.4823 7591120.1532, -12800243.5883 7591014.4977, -12800109.3426 7590992.0485, -12799747.8861 7591064.4019, -12799320.6269 7590890.8108, -12798789.4333 7591563.6042, -12798881.6502 7591834.0589, -12798845.9646 7592095.5677, -12798679.7815 7592357.0341, -12798335.7541 7592345.001, -12798284.0519 7592070.4755, -12798266.0084 7592088.5404, -12797798.3341 7591463.0427, -12797590.0722 7591983.9885, -12797147.8345 7592400.6062, -12796731.6357 7592686.9565, -12796176.4817 7592350.9789, -12796110.2861 7591850.6923, -12795711.0217 7591750.3447, -12795537.182 7591672.755, -12795026.3332 7591879.1989, -12794903.0986 7591755.4887, -12794904.5623 7591946.549, -12794941.1454 7592123.5637, -12795011.4355 7592302.9695, -12795109.6949 7592470.1687, -12795228.3748 7592611.6321, -12795355.3091 7592726.0203, -12795709.7986 7592893.769, -12795803.9546 7592957.1438, -12795910.5019 7593091.8771, -12795989.7921 7593254.5775, -12796015.057 7593378.9474, -12796008.5006 7593659.346, -12796018.4823 7593762.8039, -12796168.2108 7594275.6769, -12796201.5716 7594576.3859, -12796186.114 7594771.4303, -12796096.5171 7594970.6029, -12796067.2255 7595079.3727, -12796050.6355 7595197.1214, -12796053.1093 7595320.8844, -12796073.6019 7595399.5338, -12796103.1337 7595447.1834, -12796303.3537 7595578.4245, -12796351.4166 7595628.0733, -12796389.9621 7595739.46, -12796396.9141 7595850.1608, -12796365.6962 7595940.9328, -12796300.7914 7596008.3369, -12796238.0929 7596024.1405, -12796041.2505 7596023.7912, -12795835.2379 7596081.4185, -12795715.4086 7596148.15999999, -12795616.4408 7596267.9087, -12795557.8682 7596304.555, -12795467.9957 7596309.6382, -12795236.6412 7596256.0102, -12795141.2277 7596252.2855, -12795030.0907 7596283.9144, -12794697.9949 7596437.258, -12794397.0659 7596499.3181, -12794257.7166 7596483.5621, -12794172.9443 7596414.8953, -12794109.217 7596304.336, -12794104.5261 7596245.1774, -12794130.8183 7596012.2815, -12793986.2762 7595611.7633, -12793945.824 7595400.5411, -12793925.7184 7595183.868, -12793930.106 7594938.6469, -12793965.4358 7594648.5791, -12794112.8114 7594091.4306, -12794129.2687 7593837.7134, -12794117.3658 7593671.6446, -12794073.0109 7593493.5373, -12794007.3085 7593329.3226, -12793845.2437 7593088.9237, -12793801.5216 7592998.468, -12793762.8449 7592620.85899999, -12793564.5302 7592060.2821, -12793502.721 7591644.9005, -12793496.9984 7591471.3815, -12793513.0432 7591342.9905, -12793567.721 7591204.4763, -12793676.304 7591087.8297, -12793700.6568 7591039.6045, -12793724.78 7590895.007, -12793713.3835 7590758.9681, -12793681.9496 7590584.9472, -12793473.6294 7590689.0477, -12793236.785 7590356.004, -12793343.9927 7589928.2775, -12793569.5368 7589726.4918, -12793699.9068 7589631.2095, -12793666.9878 7589297.7966, -12793983.483 7588848.0855, -12793981.6241 7588508.617, -12793696.2953 7588266.941, -12793642.3568 7588144.2662, -12793696.5218 7588050.2223, -12793833.1709 7587990.4827, -12794008.492 7587973.0946, -12794200.8362 7587698.3243, -12794301.327 7586965.1925, -12794550.9914 7586715.4819, -12795016.7555 7586515.9514, -12795603.7993 7586434.6828, -12795659.0708 7586256.0443, -12795841.2749 7586051.405, -12796067.8834 7585883.6265, -12796232.3028 7585697.6682, -12796282.7265 7585602.7998, -12796127.7432 7585241.7703, -12796127.9268 7584989.9812, -12796248.9392 7584816.6716, -12796457.5905 7584724.183, -12796668.0993 7584652.0586, -12796879.1777 7584689.5267, -12796943.4816 7584753.0057, -12797101.162 7584988.4064, -12797379.72 7584886.9926, -12797554.2305 7584761.8689, -12797522.5981 7584627.7704, -12797309.9378 7584414.4246, -12797373.9403 7584115.9553, -12797491.1104 7583849.5076, -12797629.6275 7583433.8403, -12797969.9861 7583519.2942, -12798023.025 7583828.4633, -12798022.9117 7584062.9942, -12798310.4265 7584178.3964, -12799258.932 7582757.0768, -12800522.5797 7582072.7343, -12800622.2258 7581189.5104, -12800494.3305 7580933.0853, -12799866.3398 7581104.577, -12799802.9205 7581064.8433, -12799551.4765 7580986.781, -12799320.1802 7580872.3932, -12799039.3875 7580805.0858, -12798903.503 7580712.7743, -12798710.9106 7580509.4162, -12798512.6729 7580389.9432, -12798372.3103 7580340.0661, -12798203.4636 7580313.3119, -12797889.3335 7580322.2061, -12797779.2038 7580299.9584, -12797656.8513 7580216.8357, -12797467.3068 7579650.0964, -12797652.1959 7579408.0846, -12797908.0031 7579422.4584, -12798075.2247 7579545.7993, -12798154.8159 7579522.2149, -12798372.5767 7579403.8605, -12798508.3262 7579280.6483, -12798660.4537 7579066.3804, -12798704.919 7578958.9276, -12798535.8089 7578649.5097, -12798488.1744 7578437.7005, -12798178.5636 7578269.0953, -12798221.3882 7577841.9391, -12798624.375 7577520.8476, -12798722.1123 7577386.8496, -12798791.6775 7577268.1486, -12798861.7413 7577067.0059, -12798881.2268 7576919.1164, -12798862.6021 7576692.0564, -12798803.4453 7576350.59, -12798839.5359 7576167.185, -12798260.6766 7575837.4587, -12797807.1945 7575416.2796, -12798181.4733 7575095.1132, -12798229.1306 7575102.6764, -12798243.9054 7575132.3216, -12798535.1958 7574937.9043, -12798776.5813 7575137.2726, -12798803.4654 7575353.47070001, -12799217.1994 7575560.9558, -12799095.5489 7575904.4907, -12799222.342 7575821.7044, -12799375.5578 7575670.9196, -12799504.9928 7575459.3999, -12799608.023 7575156.5629, -12799699.8656 7575025.4551, -12799824.8693 7574946.5839, -12799970.5785 7574922.2543, -12800148.8317 7574963.1718, -12800348.5313 7574989.3301, -12800578.4321 7574965.1545, -12800925.4635 7574805.9381, -12801198.3662 7574763.7736, -12801519.4411 7574641.6257, -12801742.7166 7574395.5144, -12801809.6939 7574015.1706, -12801898.9894 7573657.216, -12801953.6991 7573588.6821, -12802006.6503 7573356.3655, -12802010.6757 7573124.8047, -12801958.6815 7572899.1528, -12801862.8945 7572706.6411, -12801690.0338 7572478.4693, -12801590.2087 7572391.5082, -12801101.5999 7572062.466, -12800970.9116 7572399.2446, -12801034.6101 7572782.4653, -12801257.6575 7573282.819, -12801236.3827 7573708.6615, -12801002.6406 7573836.4002, -12800652.0895 7573485.0298, -12800397.1858 7573101.7399, -12800386.6093 7572835.6039, -12800344.1757 7572516.2474, -12800397.3679 7572058.5463, -12800822.2224 7572207.6281, -12800936.6207 7571959.2512, -12800746.413 7571643.4404, -12800659.6583 7571543.4038, -12800559.857 7571456.4397, -12800359.7762 7571340.6358, -12800222.3337 7571300.6882, -12800110.6533 7571707.2428, -12799940.6225 7572090.3851, -12799898.181 7571898.7826, -12799717.695 7571590.0702, -12799834.5831 7571366.5904, -12800136.1134 7571275.6272, -12800013.8787 7571192.639, -12799797.7583 7570864.8793, -12799637.3103 7570698.2937, -12799426.3669 7570568.6723, -12799202.1153 7570499.9639, -12799066.4481 7570407.8319, -12799013.1237 7570331.6089, -12798972.9501 7570172.39459999, -12799006.2977 7569930.1017, -12799001.6067 7569748.1007, -12798967.3167 7569586.1551, -12798904.8841 7569431.4764, -12798875.7441 7569272.3694, -12798907.2821 7569127.868, -12798992.1004 7569006.811, -12799117.0137 7568928.0124, -12799262.6115 7568903.7152, -12799415.9294 7568929.8508, -12799581.1173 7568929.8991, -12799727.7896 7568905.344, -12800076.0482 7568808.0242, -12800269.3382 7568862.5309, -12800413.9429 7569013.6601, -12800566.1047 7569244.6753, -12800713.7808 7569400.6653, -12801014.3995 7569571.1498, -12801154.2056 7569607.7012, -12801279.351 7569686.7192, -12801489.9469 7570010.3383, -12801726.7282 7570239.4836, -12802051.1143 7570377.98839999, -12802228.454 7570479.9423, -12802305.0799 7570606.398, -12802326.9799 7570752.70799999, -12802294.2948 7570943.3884, -12802299.0643 7571125.4155, -12802426.5044 7571601.2706, -12802391.1762 7571826.8216, -12802395.9485 7572008.8694, -12802435.2983 7572186.6639, -12802492.9005 7572319.9338, -12803045.0283 7572157.556, -12803111.4502 7571858.9223, -12803112.772 7571374.4788, -12803067.6487 7571081.2823, -12802681.3024 7570525.596, -12802578.4972 7570291.5732, -12802548.1466 7570123.1151, -12802536.7229 7569382.707, -12802819.4018 7569054.0112, -12803318.5782 7569136.4973, -12804719.7297 7569576.6384, -12805338.4554 7569794.4467, -12805851.4677 7570398.7866, -12805958.6575 7570726.7406, -12806155.4942 7570878.6333, -12806303.9911 7571022.794, -12806440.148 7571178.1465, -12806618.7817 7571417.7825, -12806859.0247 7571557.1522, -12807521.9406 7572099.0751, -12808018.3644 7572645.6009, -12808138.8861 7572815.048, -12808179.0719 7572589.7686, -12808155.4707 7572575.3997, -12808142.9199 7572303.6941, -12808241.3084 7572056.6049, -12808228.7658 7571797.2673, -12808117.5857 7571476.275, -12807920.205 7571217.1077, -12807538.0001 7570958.0859, -12807439.2925 7570785.2848, -12807303.5166 7570464.3405, -12807007.6273 7570217.6018, -12806637.8629 7570020.2942, -12806539.3489 7569569.4392, -12806319.9572 7569147.7339, -12806089.4264 7568960.88319999, -12805786.99 7568849.3599, -12805597.8951 7568681.203))"
23,20903,728,2023-10-15 06:33:14,LSZ001, ,69453.0,2023-06-12,0920,0 - hand sketch of any type,Mutual Aid,Under Control,2023/08/04 08:35:00,E,4900.0,,,5,88dbaa79-71c7-40e0-9dfd-73995c237936,2151073935.03125,455481.452314982,"POLYGON ((-12246029.6411 7441892.1903, -12245862.5864 7442096.1509, -12245716.5303 7442458.8752, -12245464.8942 7442831.0063, -12245123.5395 7443178.5401, -12244962.045 7443481.1399, -12244867.4739 7443893.1084, -12244636.3932 7444169.7509, -12244527.5844 7444376.4108, -12244407.0255 7444817.043, -12244388.1821 7445138.4094, -12244345.1985 7445269.5527, -12244239.5561 7445393.2156, -12243928.0223 7445559.4079, -12243636.7736 7445819.6789, -12243500.088 7446045.3666, -12243352.3087 7446482.5192, -12243331.0997 7446806.2209, -12243421.6478 7447117.6831, -12243563.5602 7447328.0826, -12243876.7874 7447575.755, -12243976.386 7447734.3901, -12243987.7395 7447933.7202, -12243906.793 7448102.6923, -12243671.5817 7448237.9409, -12243272.6406 7448204.7698, -12243002.9657 7448250.8998, -12242725.4549 7448397.5899, -12242346.9065 7448757.4863, -12241941.4729 7448815.6363, -12241598.9665 7448950.0769, -12241388.2742 7448932.8524, -12241242.6373 7448835.9675, -12241154.4214 7448684.7296, -12241115.0143 7448353.69, -12240988.5833 7448016.6839, -12240951.2093 7447694.0696, -12240825.5701 7447362.6746, -12240824.3555 7447212.2047, -12240902.5514 7447041.9626, -12241204.9747 7446728.8849, -12241381.6755 7446281.8727, -12241689.4309 7445871.4311, -12241772.2361 7445506.3461, -12241689.273 7445059.1869, -12241706.435 7444897.3147, -12241788.4201 7444756.786, -12242168.2766 7444389.6743, -12242268.6391 7444167.6251, -12242308.232 7443927.1164, -12242290.8031 7443714.406, -12242221.3897 7443501.9698, -12241907.6581 7443062.20489999, -12241853.5514 7442589.0184, -12241677.734 7442200.6565, -12241684.4734 7441668.4188, -12241556.6377 7441290.3705, -12241536.3184 7440897.9488, -12241416.765 7440523.108, -12241423.9033 7440397.7838, -12241515.8009 7440150.1056, -12241565.2963 7439882.9798, -12241758.3752 7439559.9127, -12241834.7537 7439307.4766, -12241827.6607 7438983.4676, -12241707.1981 7438676.15209999, -12241526.4311 7438427.5212, -12241352.0954 7438272.6311, -12240887.3142 7438111.6973, -12240432.9504 7438197.1097, -12239948.7134 7438551.6574, -12239678.0139 7438542.822, -12239371.5589 7438357.2905, -12238624.326 7438079.6457, -12238336.9978 7437787.7933, -12238113.5168 7437648.5412, -12237317.2077 7437505.8787, -12237179.9306 7437345.1831, -12237091.3578 7436985.823, -12236958.6344 7436746.5376, -12236745.6901 7436544.4965, -12236480.6046 7436418.8641, -12235998.8914 7436408.3315, -12235534.3436 7436654.4551, -12235363.1288 7436688.4069, -12235151.7215 7436616.8832, -12234780.3226 7436282.796, -12234419.8672 7436154.5404, -12234030.5404 7436148.9355, -12233678.2396 7436299.69389999, -12233461.4641 7436512.2171, -12233302.6022 7436815.2964, -12233001.2691 7437223.2985, -12232938.8788 7437437.7243, -12232904.4377 7437825.6286, -12232649.5419 7438172.9469, -12232424.0664 7438662.2134, -12232392.3111 7438903.7208, -12232440.8099 7439238.8377, -12232420.1307 7439387.7194, -12232208.1138 7439706.1609, -12232071.3523 7440032.4442, -12231675.9642 7440354.8916, -12231240.7711 7440546.3674, -12231006.2578 7440783.9281, -12230875.3095 7441069.3316, -12230778.4657 7441497.4923, -12230773.82 7441870.2354, -12230667.4751 7442066.9867, -12230494.8052 7442166.2746, -12230031.5626 7442215.3125, -12229756.3559 7442317.3911, -12229052.2484 7442987.0294, -12228867.7951 7443323.8908, -12228810.3548 7443799.364, -12228763.1407 7443929.018, -12228204.9215 7444354.8832, -12228067.6292 7444568.2325, -12227991.1418 7444820.8214, -12228012.0034 7445204.5921, -12228170.702 7445752.9698, -12228409.7885 7446151.1926, -12228495.3883 7446700.2415, -12228613.5456 7447007.0536, -12228652.4784 7447339.9238, -12228769.4206 7447638.5094, -12228811.7012 7447983.5083, -12228943.7963 7448358.4388, -12228898.6512 7448577.7712, -12228572.9806 7448995.5564, -12228431.3444 7449321.9785, -12228394.5602 7449614.0213, -12228453.4713 7450007.377, -12228331.9651 7450496.6564, -12228348.9692 7450719.7433, -12228422.7474 7450941.6084, -12228757.6091 7451348.8009, -12228824.6246 7451523.8795, -12228788.7244 7451852.0063, -12228799.6337 7452173.0965, -12228668.5208 7452492.9086, -12228627.3209 7452712.8607, -12228634.664 7452906.1203, -12228707.4418 7453264.5995, -12228642.1532 7453453.3746, -12228502.9965 7453578.8141, -12227968.0852 7453680.0999, -12227410.8904 7453975.5334, -12227175.3732 7454316.4881, -12227119.0324 7454522.6117, -12227110.1468 7454726.0036, -12227145.5175 7454926.9097, -12227285.97 7455331.4435, -12227498.817 7455639.7065, -12227844.1349 7455849.7329, -12228344.4066 7455930.1718, -12228515.5022 7456074.568, -12228573.7628 7456226.7719, -12228571.0679 7456504.1168, -12228603.5352 7456694.8554, -12228734.8705 7457122.3933, -12228882.1565 7457365.6941, -12229325.06 7457840.0022, -12230084.8221 7458226.2227, -12230182.7843 7458323.5944, -12230243.4252 7458461.4807, -12230244.7575 7458624.547, -12230186.3729 7458763.4178, -12229691.8906 7459156.4159, -12229453.2726 7459491.605, -12229352.3349 7459779.14989999, -12229350.5839 7460094.0411, -12229448.3285 7460382.7167, -12229640.9593 7460631.5279, -12229984.9448 7460878.1149, -12230054.6073 7460997.5207, -12230078.0895 7461133.8248, -12230037.1572 7461304.42189999, -12229925.4675 7461439.5552, -12229481.416 7461598.6043, -12229239.5044 7461766.3712, -12229081.6542 7461965.6524, -12228985.8809 7462190.3349, -12228951.5624 7462422.0014, -12228971.8371 7462910.49759999, -12229166.6892 7463560.7852, -12229288.5664 7463843.788, -12229294.1904 7463982.0468, -12229256.9306 7464102.2917, -12228832.4063 7464622.9252, -12228672.701 7464695.022, -12228497.6271 7464689.3071, -12228315.6454 7464580.6806, -12228091.8114 7464193.2719, -12227841.5436 7463970.9226, -12227578.9681 7463861.93949999, -12227133.13 7463839.85, -12226941.4594 7463749.5333, -12226843.8412 7463618.9393, -12226765.6158 7463339.4374, -12226662.3401 7463140.6693, -12226313.6362 7462834.2514, -12225993.1083 7462738.7321, -12225513.2894 7462750.1716, -12225254.9313 7462804.6091, -12225030.3381 7462923.3263, -12224792.1391 7463172.6469, -12224660.292 7463491.5428, -12224649.6391 7463816.4749, -12224756.7445 7464196.5782, -12224727.8853 7464382.1694, -12224383.8884 7464790.9492, -12224226.4534 7465225.2606, -12224000.5496 7465510.4392, -12223894.4322 7465741.7193, -12223856.1602 7466074.7742, -12223948.7997 7466522.7693, -12223851.777 7466764.4674, -12223720.6211 7466861.2838, -12223548.7425 7466895.3657, -12222944.9304 7466655.6051, -12222443.9801 7466705.045, -12222230.1003 7466822.6207, -12222047.5283 7466999.6656, -12221876.3926 7467287.9546, -12221597.8531 7467585.0255, -12221418.8366 7468053.4732, -12221259.7838 7468211.5886, -12220842.0594 7468305.087, -12220500.8755 7468470.1889, -12220139.4692 7468501.4817, -12219811.5287 7468611.9589, -12219362.4979 7468538.0507, -12219098.86 7468555.3655, -12218682.6031 7468761.0568, -12218476.6393 7469012.5183, -12218368.9065 7469319.4195, -12218368.8703 7469624.6235, -12218487.3323 7470026.4872, -12218428.3898 7470255.6608, -12218314.5788 7470372.5446, -12218162.9028 7470432.2733, -12217729.5691 7470384.3516, -12217429.052 7470434.0683, -12217193.3184 7470553.7751, -12216990.6278 7470742.3512, -12216863.8282 7470939.3919, -12216751.8341 7471246.6602, -12216490.1463 7471577.9368, -12216399.2783 7471815.8621, -12216375.0506 7472008.2106, -12216390.8874 7472269.7956, -12216338.1649 7472659.1196, -12216371.8097 7472870.6705, -12216454.1315 7473071.961, -12216069.8906 7473101.3186, -12215722.6464 7473289.7464, -12215308.7383 7473824.8777, -12215180.1463 7474167.1594, -12215170.3516 7474391.3626, -12215214.0145 7474611.4795, -12215464.3458 7475024.5397, -12215800.2607 7475268.5966, -12216218.6634 7475342.5398, -12216487.6233 7475287.3885, -12216729.0194 7475156.3625, -12217190.4243 7474620.132, -12217271.6545 7474400.1369, -12217295.5595 7474156.6051, -12217240.1051 7473778.3323, -12217150.0234 7473547.4737, -12217780.3966 7473522.7879, -12218289.7386 7473982.90999999, -12218524.1295 7474081.7241, -12218776.4186 7474113.6122, -12219189.0328 7474012.4164, -12219405.5957 7473860.4287, -12219674.0197 7473559.7502, -12219964.8866 7473506.9933, -12220178.1817 7473634.2944, -12220361.9923 7473982.7876, -12220564.5694 7474197.2244, -12220814.0641 7474334.4154, -12221103.3779 7474390.4519, -12221405.5103 7474350.5851, -12221783.7259 7474158.7784, -12222180.6364 7474064.7533, -12222659.8181 7473731.4978, -12222966.4042 7473751.5302, -12223121.7551 7473896.1999, -12223259.0383 7474275.8023, -12223456.7744 7474534.1028, -12223684.1735 7474688.1998, -12224084.033 7474799.2591, -12224236.9404 7474908.3152, -12224443.0584 7475448.5893, -12224777.1212 7475855.2292, -12224802.0904 7476090.7423, -12224648.0618 7476449.9919, -12224588.3806 7476817.7662, -12224546.0391 7477283.5612, -12224565.1742 7477505.4766, -12224697.4647 7477879.1108, -12224851.26 7478107.1244, -12225211.6481 7478415.3764, -12225566.1108 7478588.6377, -12225685.9002 7478733.547, -12225720.4643 7478955.688, -12225660.7315 7479197.8597, -12225639.9632 7479479.7051, -12225569.3492 7479627.1078, -12225362.3495 7479764.8133, -12225126.1824 7479753.2462, -12224963.2109 7479636.9988, -12224718.5071 7479247.1073, -12224485.5558 7479065.9688, -12224177.7516 7478961.2719, -12223731.8598 7478953.0039, -12223379.2924 7478839.7073, -12223235.6663 7478718.4818, -12223164.0466 7478531.3278, -12223194.8623 7478333.282, -12223703.5666 7477824.3471, -12223812.7674 7477571.8333, -12223844.1189 7477298.4343, -12223794.9296 7477027.6966, -12223624.4815 7476648.4925, -12223424.1494 7476431.821, -12223166.5083 7476288.3516, -12222877.1209 7476232.3145, -12222594.5103 7476266.4583, -12221923.0609 7476476.792, -12221495.9808 7476787.0949, -12221263.4041 7476829.2817, -12220875.2895 7476662.6594, -12220524.8612 7476603.2607, -12220198.4797 7476449.932, -12219848.046 7476390.5362, -12219531.3862 7476240.3391, -12219171.2271 7476177.8164, -12218857.724 7476029.6444, -12218114.0559 7475832.0528, -12217700.155 7475861.509, -12217208.6272 7476162.0361, -12216961.4627 7476186.3076, -12216750.1967 7476055.4886, -12216589.9245 7475751.8613, -12216438.4531 7475572.9804, -12216077.9811 7475367.0605, -12215654.0292 7475339.2166, -12215188.7168 7475529.8434, -12214964.9596 7475554.9474, -12214567.1588 7475385.3321, -12214214.3847 7475325.108, -12213890.4071 7475172.6774, -12213535.3431 7475112.4188, -12213163.0148 7474935.0379, -12212728.5622 7474918.409, -12212207.6717 7475163.6767, -12212032.7905 7475348.7316, -12211905.9623 7475580.857, -12211833.2214 7475806.5702, -12211819.8779 7476050.9641, -12211870.1091 7476290.4985, -12211980.4972 7476508.8479, -12212183.1403 7476723.3542, -12212442.3261 7476864.0359, -12212961.8441 7476927.9814, -12213294.6041 7477083.242, -12213639.7859 7477140.7232, -12213975.7246 7477298.0973, -12215053.6846 7477590.3695, -12215175.0567 7477679.9526, -12215253.2454 7477809.1027, -12215276.4702 7477958.3665, -12215246.3247 7478093.6531, -12215059.3978 7478291.9855, -12214581.6263 7478420.304, -12214159.1554 7478727.9552, -12213923.523 7478747.2167, -12213068.9641 7478440.3934, -12212975.458 7478306.4261, -12212900.326 7478011.6085, -12212787.4998 7477794.4613, -12212541.2512 7477530.5127, -12212317.1019 7477153.9431, -12212025.0298 7476934.4093, -12211640.7732 7476842.4144, -12211021.616 7476991.9232, -12210467.5945 7476835.1002, -12210036.7522 7476894.3342, -12209814.3922 7477018.1566, -12209538.0547 7477265.7594, -12208984.176 7477446.98879999, -12208630.3853 7477782.8473, -12208195.7977 7477961.7978, -12207926.5654 7478208.9946, -12207620.1254 7478884.7844, -12207598.7824 7479318.2328, -12207507.1532 7479630.11819999, -12207495.7132 7479950.0049, -12207462.311 7480071.6495, -12207049.0615 7480547.874, -12206662.6522 7480877.7144, -12206518.8174 7481169.9306, -12206477.0715 7481557.6332, -12206423.0691 7481698.7502, -12205877.9396 7482214.2116, -12205726.28 7482419.0994, -12205628.8123 7482687.3714, -12205599.4704 7483057.3389, -12205447.3782 7483426.7085, -12205421.5944 7483774.5996, -12205372.1908 7483917.4422, -12204959.1961 7484299.631, -12204661.4075 7484849.1753, -12204172.2746 7485092.0812, -12203817.2212 7485446.2685, -12203562.4313 7485501.1223, -12203045.0874 7485288.9143, -12202430.4192 7485191.063, -12202136.0799 7485212.0101, -12201578.6454 7485511.8373, -12201202.2756 7485992.3004, -12200791.0507 7486150.3404, -12200611.5719 7485905.677, -12200363.0707 7485730.9948, -12199851.4634 7485563.81139999, -12199449.9753 7485338.2742, -12199046.4459 7485298.4494, -12198719.1066 7485386.5429, -12198489.7921 7485519.2036, -12198048.1879 7485976.448, -12197909.8391 7486191.6318, -12197603.9707 7485991.7311, -12197036.64 7485836.9127, -12196923.9584 7485686.1672, -12196817.9621 7485293.815, -12196662.2032 7485054.6485, -12196322.1316 7484745.549, -12196271.1818 7484590.1036, -12196292.5759 7484415.4271, -12196427.1868 7484235.3737, -12196864.6942 7484035.2027, -12197543.336 7483465.0047, -12197689.9547 7483162.8275, -12197739.7015 7482838.6517, -12197878.6331 7482488.5373, -12197898.0672 7482213.8545, -12197840.7529 7481954.9142, -12197713.4316 7481722.397, -12197191.8875 7481263.5549, -12197153.0048 7481130.4627, -12197131.9006 7480754.0552, -12197009.7162 7480463.032, -12196802.5854 7480228.9668, -12196492.102 7480021.7077, -12196394.7046 7479860.797, -12196378.7888 7479710.5368, -12196453.1656 7479395.9163, -12196448.9715 7479140.946, -12196392.4514 7478934.1699, -12196248.7203 7478646.6987, -12196220.7358 7478258.666, -12196098.9545 7477874.4815, -12196224.1427 7477290.5932, -12196197.3547 7477057.4805, -12196096.114 7476757.1349, -12196115.9472 7476570.0613, -12196259.2277 7476300.7197, -12196448.0758 7476179.4965, -12197160.2138 7476272.5421, -12197409.9507 7476224.171, -12197637.4524 7476110.1727, -12197819.2989 7475946.7772, -12197952.7426 7475741.7847, -12198028.6919 7475509.1705, -12198059.5563 7475180.0035, -12198154.2849 7475017.6308, -12198326.0501 7474915.1151, -12198721.8889 7474886.5466, -12198998.2449 7474784.0175, -12199242.6713 7474585.1854, -12199407.4223 7474316.3543, -12199471.1791 7474048.7942, -12199431.6623 7473607.1739, -12199506.3593 7473188.2707, -12199481.9029 7472975.4476, -12199414.3284 7472782.9475, -12199239.5511 7472532.8538, -12198984.7191 7472347.7613, -12198713.3721 7472262.0323, -12198329.9631 7472250.071, -12198153.4757 7472156.1044, -12198070.611 7472045.2475, -12198030.6463 7471899.706, -12198048.997 7471749.8783, -12198122.8932 7471618.3485, -12198336.1343 7471491.0788, -12198780.0825 7471493.1933, -12199212.1663 7471338.4346, -12199387.4552 7471335.5759, -12199630.9672 7471503.3381, -12199753.5622 7471880.6064, -12199884.2345 7472099.1405, -12200218.3045 7472361.9247, -12200532.0091 7472446.1732, -12200997.8549 7472431.7332, -12201440.6897 7472291.7899, -12201746.3009 7471982.1093, -12201832.3257 7471797.1782, -12201897.0758 7471535.1635, -12201970.6811 7471417.9313, -12202572.678 7471122.4454, -12202751.4172 7470941.3253, -12202874.8657 7470718.6565, -12202935.6781 7470450.5389, -12202916.2088 7470176.2853, -12202827.9544 7469937.4309, -12202649.3872 7469671.9382, -12202613.8746 7469512.5606, -12202641.9053 7469364.297, -12202811.3851 7469005.869, -12202837.6385 7468661.4422, -12202743.1377 7468310.2496, -12202717.7392 7467960.2977, -12202629.5101 7467721.5113, -12202155.5336 7467140.0195, -12201893.7481 7466908.2669, -12201688.5842 7466517.9597, -12201665.2374 7466091.9064, -12201544.2864 7465674.1333, -12201662.9093 7465241.232, -12201657.7273 7464926.1703, -12201548.549 7464630.6849, -12201263.4532 7464238.3781, -12201254.4457 7463929.9474, -12201298.383 7463630.5537, -12201282.5674 7463437.5374, -12201188.26 7463168.8811, -12201017.7145 7462941.0833, -12200683.9559 7462730.5814, -12200062.75 7462595.70269999, -12199625.9174 7462701.3514, -12199173.5096 7462737.739, -12198784.9973 7462911.0077, -12198446.617 7463155.7057, -12197974.1114 7463192.40600001, -12197589.887 7463332.5193, -12197334.1874 7463286.1362, -12197165.1957 7463088.3186, -12197139.8177 7462965.0225, -12197158.8644 7462827.993, -12197486.4543 7462335.0166, -12197616.6477 7461685.978, -12197608.0406 7461371.1354, -12197475.0306 7460985.6801, -12197490.6929 7460810.9266, -12197581.5062 7460660.9248, -12197854.3999 7460463.8123, -12198024.0289 7460261.1816, -12198309.2845 7459477.1082, -12198330.9184 7459193.2844, -12198209.8498 7458750.9587, -12198234.1546 7458552.5173, -12198343.9973 7458400.4988, -12198781.9638 7458094.6063, -12199074.4526 7457586.215, -12199440.6681 7457380.5481, -12199649.6846 7457173.3171, -12199810.3158 7456812.7074, -12199830.2658 7456620.2464, -12199808.1204 7456417.8233, -12199631.1177 7456042.876, -12199300.5854 7455777.0617, -12198724.266 7455534.9128, -12198337.6439 7455455.8211, -12198038.7468 7455305.493, -12197679.0825 7455017.1368, -12197138.074 7454887.2565, -12196719.801 7454632.3276, -12196431.2209 7454576.4458, -12196051.9119 7454606.79909999, -12195857.6445 7454522.8846, -12195745.4175 7454372.7467, -12195622.7008 7453948.9553, -12195401.4741 7453622.511, -12195287.6786 7453180.2504, -12195061.7359 7452829.2166, -12195023.2486 7452330.4838, -12194876.6429 7451996.6728, -12194525.1302 7451694.5171, -12194274.58 7451612.3362, -12193857.0325 7451578.9964, -12193641.1319 7451377.9119, -12193610.3105 7451156.0166, -12193776.135 7450527.5037, -12193725.279 7450156.3658, -12193533.0778 7449835.0763, -12193117.6528 7449487.6891, -12193001.6476 7449136.0792, -12192641.4981 7448515.5533, -12192528.5887 7448173.3714, -12192617.4678 7447844.1285, -12192821.4917 7447461.7537, -12192873.8077 7447107.6222, -12192962.8001 7446787.1849, -12192952.2136 7446372.9861, -12192816.2852 7445972.0807, -12192817.8166 7445784.7053, -12192898.5424 7445629.3983, -12193261.8157 7445273.7631, -12193415.1229 7444850.9427, -12193416.3668 7444617.2678, -12193359.686 7444390.606, -12193071.1361 7443972.1668, -12193020.4531 7443817.5317, -12193037.6127 7443655.6842, -12193186.3802 7443288.6336, -12193196.9281 7442964.5535, -12193002.1073 7442281.3443, -12192785.6263 7441964.2643, -12192411.8802 7441745.3104, -12191842.4315 7441678.4639, -12191720.197 7441591.2716, -12191640.3044 7441464.0009, -12191530.2678 7441054.5465, -12191529.0541 7440904.1977, -12191793.9198 7440241.948, -12191943.5306 7439730.4526, -12192120.9646 7439575.6881, -12192558.14 7439475.6817, -12192997.6571 7439549.7643, -12193353.1144 7439532.8537, -12193918.9002 7439827.7562, -12194586.1246 7440000.4331, -12195126.3529 7440066.5295, -12195570.9722 7439907.0766, -12196021.2648 7439447.5653, -12196707.6785 7439404.5058, -12197254.4442 7439102.7323, -12197788.2673 7439095.6574, -12198189.3627 7439013.3022, -12198710.3277 7439161.1927, -12199571.6535 7439770.1167, -12199876.4747 7439843.1134, -12200296.5083 7439818.822, -12200512.8878 7439938.5825, -12200604.8318 7440115.4737, -12200615.4133 7440407.3028, -12200656.0675 7440596.0501, -12200857.9674 7440997.2301, -12200856.6004 7441507.3182, -12201001.0973 7441873.8863, -12201318.6626 7442168.7694, -12201817.3165 7442311.8866, -12201977.611 7442430.1994, -12202057.9032 7442612.7721, -12202053.3857 7442923.0405, -12202098.7822 7443159.7656, -12202193.0217 7443362.3591, -12202339.9183 7443543.7845, -12202627.6384 7443731.96, -12203057.3435 7443841.4609, -12203205.3976 7443974.9033, -12203392.3183 7444314.7118, -12203424.8393 7444486.7368, -12203281.9506 7444877.0559, -12203234.1387 7445248.1654, -12203107.7453 7445585.0648, -12203099.77 7445949.3917, -12203412.5252 7446704.1072, -12203555.4989 7446888.7801, -12203739.7521 7447032.0976, -12204002.9169 7447137.9989, -12204275.539 7447160.4038, -12205500.7585 7446910.7742, -12205948.4071 7447155.8559, -12206459.1737 7447280.8763, -12206853.7091 7447548.8207, -12207179.1421 7447623.0014, -12207470.8706 7447589.3642, -12207828.5986 7447437.1404, -12208171.1947 7447394.0189, -12208505.4058 7447251.6117, -12208692.4154 7447251.6111, -12208922.91 7447416.0049, -12209068.1911 7447851.6239, -12209274.4465 7448127.2308, -12209780.6554 7448485.5657, -12210138.8698 7448592.343, -12210421.9055 7448573.7495, -12210695.0352 7448465.5686, -12210907.4465 7448292.777, -12211127.6651 7447991.0411, -12211305.107 7447900.2561, -12211479.8653 7447903.1076, -12211807.8484 7448057.11209999, -12212087.1632 7448106.4755, -12212529.9879 7448034.9189, -12213044.2667 7448084.8807, -12213440.4913 7447935.4103, -12213655.9 7447735.3871, -12213801.9437 7447468.5414, -12213851.9887 7447229.8914, -12213853.0929 7446823.1057, -12214103.3861 7446357.6653, -12214147.2846 7446159.1126, -12214146.0972 7445945.6283, -12214085.6696 7445709.4535, -12213966.3128 7445497.0044, -12213694.9212 7445185.9399, -12213457.8437 7444990.6169, -12213073.8623 7444507.673, -12213045.0778 7444322.5577, -12213151.2777 7443951.6284, -12213149.6419 7443657.4864, -12213056.786 7443378.4595, -12212840.7791 7443067.7959, -12212806.0047 7442883.7514, -12212856.1198 7442588.54959999, -12212840.3511 7442280.8926, -12212882.5259 7442136.5779, -12213027.5601 7441982.7136, -12213439.2573 7441795.1641, -12213641.803 7441596.52619999, -12213798.941 7441268.1198, -12213817.2172 7440894.3921, -12213745.0127 7440651.1806, -12213610.1186 7440436.4511, -12213379.8222 7440238.4905, -12212942.0793 7440025.914, -12212732.031 7439599.1684, -12212547.5462 7439383.6882, -12212162.5743 7439185.5418, -12211537.9214 7439132.415, -12211392.1564 7438996.6509, -12211237.5897 7438659.9476, -12211188.4508 7438341.6626, -12211220.9451 7438169.7794, -12211306.9161 7438046.6244, -12211582.0844 7437857.882, -12211755.5781 7437659.5844, -12211938.1844 7437238.6213, -12211988.8819 7436990.1332, -12211970.9232 7436737.1519, -12211880.9039 7436489.374, -12211452.3276 7435993.304, -12211422.3452 7435858.7447, -12211445.4445 7435710.2866, -12211523.2098 7435581.8332, -12211643.926 7435492.7323, -12212150.1769 7435410.7252, -12212489.4 7435211.9416, -12212720.4402 7434881.1965, -12212778.8262 7434676.2047, -12212789.8479 7434473.4415, -12212724.343 7433868.4898, -12212634.6013 7433664.1526, -12212472.8107 7433444.4671, -12212295.4714 7433278.024, -12212081.2526 7433163.2878, -12211519.5806 7433105.8449, -12211341.0402 7433018.1297, -12211234.0471 7432864.8359, -12211176.6121 7432557.0081, -12211086.3266 7432341.9576, -12210690.5918 7431893.1302, -12210658.1148 7431684.2659, -12210777.4008 7431120.7007, -12210739.9059 7430706.4731, -12210775.8975 7430153.8021, -12210903.6929 7429970.7309, -12211111.1867 7429889.0292, -12211702.9792 7430080.16480001, -12212124.137 7430047.8694, -12212442.2792 7429872.9269, -12212755.1445 7429517.2441, -12212992.6025 7429449.661, -12213508.6711 7429508.6605, -12213858.8892 7429735.2889, -12214203.4135 7429857.6374, -12214325.7022 7429964.3024, -12214574.0415 7430338.4448, -12214915.9367 7430551.5415, -12215163.6698 7430602.3413, -12215425.8179 7430582.239, -12215662.9539 7430494.2585, -12215964.0399 7430292.4174, -12216186.2494 7430274.2531, -12216743.7081 7430622.6738, -12217398.3384 7430711.2756, -12217784.0169 7431087.2519, -12218146.0367 7431239.8751, -12218418.8153 7431250.3186, -12218673.5168 7431184.8905, -12219534.9666 7430671.5664, -12219790.3705 7430349.5328, -12219910.4949 7429930.4412, -12220094.6452 7429569.164, -12220133.2695 7429247.8041, -12220055.8596 7428923.2716, -12219686.2152 7428377.482, -12219516.4406 7428203.6138, -12219250.846 7428057.6057, -12218863.6982 7427977.5251, -12218721.664 7427876.2093, -12218484.2677 7427509.5851, -12218394.9162 7427102.5093, -12218239.9258 7426830.1168, -12218020.7795 7426635.4127, -12217608.4706 7426472.0434, -12217462.9409 7426336.4988, -12217403.7176 7426133.7725, -12217459.6571 7425930.1211, -12217672.0491 7425762.4007, -12218270.5791 7425679.1964, -12218593.276 7425455.3357, -12218792.6743 7425124.7543, -12218877.1329 7424833.9189, -12218901.4007 7424526.0017, -12218961.7769 7424388.7133, -12219113.702 7424260.4921, -12219596.5078 7424098.1665, -12219834.672 7423910.8183, -12220000.0952 7423656.6929, -12220130.3328 7423240.9877, -12220533.3207 7422882.1937, -12220644.4726 7422700.8175, -12220745.1881 7422423.3389, -12220883.8778 7422280.9192, -12221884.8222 7421957.1127, -12222223.9607 7421775.4249, -12222621.6561 7421737.4549, -12222985.0871 7421602.8961, -12223159.0733 7421611.4176, -12223521.5361 7421801.6449, -12223829.1629 7421857.7484, -12224166.5624 7421798.1187, -12224466.9533 7421613.1596, -12224638.7401 7421400.991, -12224795.7356 7421053.2318, -12225182.2355 7420749.111, -12225377.119 7420431.1032, -12225514.0756 7419737.4315, -12225490.6665 7419485.4605, -12225377.7952 7419147.3211, -12225387.8488 7419010.1143, -12225438.2259 7418895.5634, -12225574.7174 7418768.451, -12225966.2404 7418640.5623, -12226233.2923 7418442.0411, -12226437.9128 7418143.7284, -12226804.0538 7417776.4538, -12226951.0594 7417401.33349999, -12227154.3684 7417095.9662, -12227306.0539 7416689.3223, -12227923.2832 7416276.1689, -12228146.1695 7416015.7375, -12228236.2161 7415801.1223, -12228270.2748 7415570.828, -12228241.4023 7415319.5627, -12228113.114 7414951.9077, -12228172.9332 7414618.2209, -12228175.1136 7414415.6898, -12228115.5048 7414167.3156, -12227923.2935 7413768.1165, -12227696.4706 7413552.9045, -12227411.2632 7413425.2868, -12227160.608 7413396.3915, -12226647.962 7413445.433, -12226479.8251 7413400.5252, -12226101.2563 7413113.1745, -12225683.6823 7412916.5067, -12225601.4446 7412806.4856, -12225444.0291 7412426.57549999, -12225445.3533 7412264.4748, -12225564.0443 7411855.5057, -12225524.2125 7411493.6678, -12226408.47 7411456.3636, -12226700.571 7411297.8106, -12226923.3147 7411037.5448, -12227023.3483 7410783.7687, -12227045.5653 7410511.8274, -12226984.3442 7410222.2032, -12226854.6806 7409982.3049, -12226644.672 7409778.6474, -12226381.8761 7409650.5646, -12225602.3553 7409601.1911, -12225216.1211 7409753.0006, -12224938.4123 7410043.6852, -12224810.2451 7410416.36819999, -12224802.7521 7410657.3925, -12224843.3795 7410867.3588, -12224250.1814 7410823.8667, -12224093.7873 7410682.8853, -12224034.7849 7410468.0047, -12224097.1839 7410266.6888, -12224412.0861 7409887.9423, -12224513.3289 7409539.6872, -12224482.5411 7409208.2853, -12224191.8057 7408522.1727, -12224118.593 7408149.9082, -12224146.0971 7407990.2511, -12224323.3023 7407707.6411, -12224404.823 7407457.9558, -12224412.2113 7407185.321, -12224329.8597 7406823.5139, -12224392.331 7406609.7388, -12224517.7457 7406489.0698, -12224670.8883 7406437.2634, -12225399.9372 7406622.133, -12225697.4383 7406569.5544, -12225962.2787 7406423.92, -12226187.701 7406166.2656, -12226306.1974 7405834.2488, -12226294.9708 7405491.7896, -12226127.6634 7405039.2518, -12226145.8557 7404890.7075, -12226227.4189 7404750.8967, -12226430.5351 7404634.1123, -12226921.7259 7404642.6829, -12227358.0946 7404567.1533, -12227616.2428 7404453.3016, -12227905.3472 7404160.3366, -12228060.6962 7403725.6933, -12228137.3954 7403611.9211, -12228745.4418 7403333.7429, -12228932.6923 7403150.1016, -12229057.4637 7402930.7103, -12229281.4514 7402209.0621, -12229288.0296 7402006.948, -12229244.9692 7401723.6394, -12229313.1863 7401406.2041, -12229310.5191 7401163.7904, -12229256.7953 7400958.4719, -12229157.9584 7400770.7467, -12228745.2136 7400337.8148, -12228663.2536 7399974.7427, -12228470.3144 7399589.2904, -12228471.6365 7399427.4548, -12228539.1601 7399280.4453, -12228778.737 7399003.4197, -12228927.964 7398914.3532, -12229360.2788 7398891.078, -12229843.9473 7398748.4208, -12230252.8974 7398747.9146, -12230774.0399 7398598.27009999, -12231037.9737 7398750.0225, -12231231.1432 7399303.8195, -12231371.2413 7399488.9173, -12231552.8129 7399633.3613, -12231922.5201 7399761.409, -12232463.1608 7399697.6427, -12232684.8919 7399772.6511, -12232808.7052 7399927.496, -12232953.1262 7400400.253, -12233353.3774 7400826.174, -12233562.6735 7401337.0196, -12233987.4858 7401703.207, -12234225.769 7402120.8819, -12234579.3155 7402424.5712, -12234803.5542 7402974.1902, -12235203.6561 7403341.6601, -12235485.857 7403792.4329, -12235767.9659 7403985.8668, -12236991.5169 7404448.6247, -12237249.0561 7404497.0499, -12237598.1299 7404477.427, -12237789.7763 7404563.9365, -12237907.4466 7404738.48449999, -12237950.1413 7405209.4071, -12238112.6642 7405544.3753, -12238393.4127 7405788.4609, -12238839.743 7405956.0767, -12239074.3353 7406187.9392, -12239378.8597 7406392.3086, -12239663.9952 7406938.9447, -12240187.5495 7407337.8661, -12240372.5126 7407638.8377, -12240427.8721 7407951.7897, -12240508.3225 7408159.1891, -12240891.5486 7408655.4095, -12241232.3268 7408886.3459, -12241694.7237 7408965.5623, -12241918.2991 7409393.8487, -12242104.3609 7409606.5145, -12242373.8614 7409764.4431, -12242735.9235 7409847.6655, -12243017.8452 7409856.8912, -12243289.6447 7409780.6997, -12243503.0654 7409646.05349999, -12243742.6113 7409397.0955, -12243877.6971 7409190.6111, -12243954.579 7408953.4042, -12243969.2472 7408717.1008, -12243921.9835 7408479.1135, -12243767.0254 7408196.1128, -12243524.8455 7407983.2948, -12243015.9971 7407713.3177, -12242533.1924 7407644.5562, -12242405.7951 7407417.2304, -12242348.1244 7407132.2524, -12242270.8377 7406945.3147, -12241943.3057 7406578.3354, -12241876.4804 7406444.4657, -12241871.9477 7406258.0808, -12242005.9322 7405865.3268, -12242007.3839 7405592.6509, -12241897.4529 7405268.2129, -12241593.9848 7404856.0741, -12241577.3039 7404719.7694, -12241619.6185 7404339.8476, -12241534.716 7404008.004, -12241371.1407 7403765.5839, -12241140.4431 7403586.19, -12240885.3478 7403491.5689, -12240536.7057 7403456.0385, -12240385.9661 7403369.358, -12240303.8323 7403259.4742, -12240265.3392 7403127.7072, -12240275.3715 7402990.7817, -12240332.6533 7402866.0688, -12240472.9129 7402743.7254, -12240822.0865 7402638.0996, -12241059.8867 7402486.2505, -12241235.8183 7402278.3981, -12241431.2282 7401891.1166, -12241740.8715 7401680.2887, -12242006.1231 7401393.3026, -12242366.2791 7401158.5467, -12243004.6229 7400511.8423, -12243561.8503 7400366.2675, -12243970.7171 7400077.1609, -12244150.3246 7400029.1943, -12244342.4497 7400077.1609, -12244615.4199 7400302.8451, -12244862.4584 7400416.669, -12245141.9379 7400453.5482, -12245531.4663 7400399.0424, -12245747.8765 7400488.3578, -12246127.3133 7400954.2248, -12246286.6816 7401580.6491, -12246482.7591 7401912.4453, -12246968.4486 7402421.7024, -12247376.7419 7402646.4734, -12247499.9639 7402786.0337, -12247541.3179 7403004.7872, -12247450.7391 7403300.4802, -12247428.7986 7403511.6629, -12247455.2819 7403722.3279, -12247554.0141 7404021.5253, -12247516.2324 7404240.9672, -12247318.7121 7404424.9385, -12246729.5704 7404490.91480001, -12246511.3685 7404595.7923, -12246327.6794 7404753.6931, -12246161.4541 7405018.3026, -12246010.6299 7405516.8595, -12245974.9448 7405726.21149999, -12245987.6267 7405938.2215, -12246097.7278 7406241.4891, -12246316.9591 7406506.6998, -12246857.1825 7406789.0248, -12247168.836 7407189.8904, -12247310.6074 7407305.0915, -12247764.0766 7407574.9875, -12247906.0857 7407993.6997, -12248099.2907 7408332.3509, -12248137.5812 7408866.4905, -12248229.9636 7409144.3075, -12248411.2797 7409386.5944, -12248803.8867 7409637.4965, -12248917.5301 7409800.2925, -12248940.858 7409935.7063, -12248919.6433 7410058.9242, -12248758.2705 7410260.7734, -12247857.679 7410377.4073, -12247586.4305 7410532.3636, -12247387.1239 7410760.0865, -12247278.8044 7411010.4221, -12247228.6635 7411350.6077, -12247242.5572 7411582.8751, -12247328.4371 7411898.831, -12247277.703 7412223.3453, -12247285.7738 7412435.7586, -12247414.8716 7412785.4028, -12247811.7254 7413182.2995, -12248025.587 7413632.7676, -12248134.0829 7414404.6886, -12248227.9746 7414606.537, -12248414.4707 7414858.1831, -12248494.1648 7415184.2845, -12248590.2574 7415385.1144, -12249278.3884 7416090.07020001, -12249846.609 7416356.3764, -12249941.5247 7416487.7412, -12249974.1325 7416634.0164, -12249921.5908 7416838.3164, -12249682.7964 7417100.2733, -12249556.5312 7417330.871, -12249379.4182 7418125.9405, -12249195.4869 7418492.9643, -12249146.2205 7418802.2821, -12249184.9995 7419101.0124, -12249170.6676 7419408.728, -12249223.1193 7419645.969, -12249340.9139 7419869.8126, -12249583.5117 7420150.1444, -12249692.6389 7420566.981, -12249942.0348 7421018.0626, -12249932.8218 7421180.0884, -12249792.0334 7421590.5881, -12249800.3954 7422095.3931, -12249552.4506 7422471.6552, -12249460.5608 7422728.94, -12249444.0607 7422961.376, -12249492.2446 7423285.8672, -12249418.7695 7423726.4115, -12249450.1882 7423947.147, -12249629.018 7424526.5859, -12249756.5235 7424745.2034, -12249993.31 7424996.7521, -12250047.1009 7425238.0599, -12250002.6983 7425381.3587, -12249916.7924 7425488.8108, -12249591.4714 7425658.1815, -12249405.572 7425814.4856, -12249210.6516 7426144.3919, -12249161.2828 7426443.8506, -12249208.0359 7426807.4631, -12249293.1574 7427045.9641, -12249484.918 7427338.6508, -12249504.8544 7427561.1049, -12249360.8333 7427790.5341, -12249000.3025 7427947.4459, -12248791.7756 7428107.779, -12248511.8682 7428572.5138, -12248434.542 7428944.4736, -12248508.8728 7429428.4595, -12248357.7154 7429862.6292, -12248359.5988 7430216.3274, -12248512.4452 7430787.2952, -12248625.5008 7431013.9846, -12248881.3878 7431283.8167, -12249259.38 7431517.3448, -12249452.466 7431887.3028, -12249643.6653 7432096.4512, -12249898.2582 7432241.93060001, -12250191.9644 7432301.4225, -12250466.0524 7432276.2125, -12250819.4765 7432145.7199, -12251028.6258 7432173.1694, -12251177.0938 7432286.5351, -12251336.9884 7432575.7528, -12251575.5412 7432858.2478, -12251934.3552 7433081.889, -12252243.5782 7433131.3244, -12252919.9779 7433072.5859, -12253350.54 7432904.7639, -12253552.854 7432706.3525, -12253682.8432 7432465.7356, -12253736.2095 7432217.9683, -12253726.5017 7431899.6856, -12253767.2916 7431768.087, -12253890.9741 7431628.0079, -12254065.7707 7431562.452, -12254227.1489 7431578.297, -12254367.8021 7431659.1669, -12254532.84 7431842.5451, -12254698.1147 7432121.72730001, -12254881.7512 7432296.0185, -12255105.4503 7432414.297, -12255456.2894 7432505.0771, -12255623.1464 7432670.931, -12255665.2697 7432815.0701, -12255645.5278 7432976.3933, -12255569.8899 7433106.0691, -12255439.3099 7433202.4604, -12254826.6798 7433225.8916, -12254332.3466 7433423.3212, -12253797.1902 7433417.6889, -12253551.0321 7433510.5261, -12253340.6224 7433668.6828, -12253197.8539 7433853.0204, -12253105.2153 7434067.1128, -12253069.3988 7434277.2314, -12253075.2135 7434606.5769, -12252889.5337 7435008.1005, -12252821.8872 7435455.8871, -12252853.3532 7435676.9549, -12252931.5178 7435875.2491, -12253290.2322 7436323.573, -12253346.9482 7436797.0536, -12253528.6554 7437222.8853, -12253744.4456 7437464.1648, -12254101.9463 7437673.5081, -12254375.1557 7437984.9916, -12254822.95 7438268.2079, -12254899.9916 7438490.8997, -12254843.0746 7438794.1678, -12254840.8389 7438997.3318, -12254933.0623 7439345.673, -12255125.7511 7439618.3383, -12255534.119 7439880.1564, -12255652.3247 7440055.4962, -12255666.0069 7440242.2416, -12255542.0152 7440657.29469999, -12255560.0375 7441025.3674, -12255506.6223 7441426.3708, -12255609.2196 7441849.9489, -12255633.2955 7442193.9252, -12255752.5816 7442555.4385, -12255661.9115 7442980.3009, -12255667.625 7443244.1493, -12255897.1433 7443811.8084, -12255867.5677 7444064.7779, -12255816.1666 7444192.8273, -12255647.7049 7444339.7842, -12255163.947 7444487.4437, -12254820.6089 7444747.79029999, -12254357.7389 7444828.206, -12253937.6423 7445040.71, -12253691.4734 7445016.5363, -12253243.2072 7444738.3549, -12252915.2562 7444689.2367, -12252475.185 7444814.1102, -12252111.9286 7445155.8846, -12251979.3739 7445226.4602, -12251755.9947 7445226.4602, -12251578.0856 7445112.2422, -12251491.7255 7444946.0607, -12251493.2562 7444758.7097, -12251769.0098 7444345.2802, -12251866.2816 7444035.982, -12251863.3774 7443772.0611, -12251782.5541 7443510.2994, -12251571.9235 7443225.7366, -12251199.2406 7442996.286, -12250908.3562 7442709.2604, -12250278.0642 7442454.7822, -12250170.9403 7442301.3022, -12250148.1893 7442115.3956, -12250238.2399 7441910.636, -12250630.75 7441557.0682, -12250808.0068 7441144.3969, -12250901.8227 7441027.0693, -12251069.6158 7440944.6434, -12251593.488 7440876.6524, -12251962.792 7440614.4437, -12252099.9719 7440401.175, -12252206.1736 7440086.9808, -12252241.3598 7439886.8589, -12252232.4914 7439683.8539, -12252176.2583 7439478.1225, -12252046.3698 7439218.9249, -12251954.3614 7438834.4299, -12251723.6035 7438515.4607, -12251059.6564 7438099.0456, -12250760.3892 7438049.5349, -12250470.7567 7438095.8269, -12250251.6095 7438201.157, -12250067.1245 7438359.7387, -12249753.5891 7438890.434, -12249395.4408 7439058.4644, -12249167.6418 7439234.1167, -12249016.6494 7439450.18, -12248898.4321 7439764.0974, -12248799.0356 7439876.6866, -12248167.7269 7440022.1777, -12247493.0694 7440403.6185, -12247272.7944 7440730.0621, -12247219.8642 7440915.7362, -12247195.1226 7441184.4917, -12247116.9877 7441341.0138, -12246954.815 7441456.6927, -12246467.2404 7441580.2206, -12246029.6411 7441892.1903))"
24,20904,793,2023-10-15 06:33:14,SWF095, ,8958.9,2023-06-28,1828,1 - non-corrected ground GPS,Wildfire,Under Control,2023/06/30 14:00:00,E,8500.0,1686161280000,Lightning,3,10ed97f4-36b3-46b8-9ec4-a2eed49dddbc,270658335.039063,133914.001397768,"POLYGON ((-12982549.8055 7342163.0336, -12982557.6938 7342192.0532, -12982598.0289 7342214.17450001, -12982667.9305 7342195.3556, -12982708.6734 7342220.9681, -12982692.204 7342241.6573, -12982690.6291 7342280.8942, -12982702.5776 7342297.6674, -12982688.3567 7342322.2881, -12982709.9836 7342360.7627, -12982763.7901 7342405.4829, -12982775.0488 7342366.7288, -12982801.5141 7342357.2912, -12982787.9769 7342347.2751, -12982833.4515 7342324.9616, -12982836.4388 7342286.56, -12982863.6781 7342262.6094, -12983010.5222 7342218.0187, -12983103.3515 7342170.596, -12983120.3653 7342141.01389999, -12983111.188 7342088.5487, -12983180.6379 7342045.7753, -12983260.817 7342070.9609, -12983371.2717 7342180.6224, -12983485.0835 7342239.167, -12983544.7908 7342258.428, -12983616.9612 7342258.5282, -12983644.5156 7342285.8239, -12983732.237 7342302.1764, -12983827.9255 7342304.8517, -12983895.5035 7342266.2766, -12983915.7453 7342302.0179, -12983999.6598 7342336.4227, -12984033.554 7342327.7304, -12984102.6832 7342340.5723, -12984136.2628 7342317.9521, -12984084.4123 7342284.6834, -12984087.1637 7342264.8428, -12984108.7247 7342260.7137, -12984125.424 7342235.9989, -12984157.0153 7342235.3458, -12984169.8479 7342190.009, -12984203.6951 7342177.0349, -12984219.0422 7342189.2985, -12984197.2187 7342240.1879, -12984211.3513 7342260.1998, -12984206.7828 7342294.905, -12984329.0125 7342337.9365, -12984355.5777 7342371.9741, -12984392.5571 7342362.6278, -12984440.6237 7342380.0231, -12984463.6654 7342374.7237, -12984497.7041 7342305.5353, -12984514.2724 7342308.1349, -12984532.0467 7342344.161, -12984603.6753 7342339.9939, -12984615.4435 7342364.4854, -12984674.9196 7342333.2522, -12984702.2881 7342331.2354, -12984717.3354 7342347.2764, -12984768.0153 7342315.3067, -12984728.3557 7342395.987, -12984677.6973 7342401.6426, -12984639.9212 7342389.9558, -12984610.4022 7342420.2261, -12984611.795 7342526.4142, -12984638.5545 7342539.0376, -12984666.0819 7342577.3555, -12984702.7311 7342578.2492, -12984758.8071 7342540.321, -12984780.0181 7342542.9428, -12984790.0596 7342515.551, -12984750.2734 7342480.7849, -12984754.6642 7342458.4076, -12984831.2351 7342417.711, -12984869.4024 7342435.9251, -12984937.4365 7342425.2774, -12984961.885 7342386.2699, -12984959.3144 7342362.8518, -12984994.4375 7342329.4588, -12985038.7218 7342347.9771, -12985064.035 7342373.8335, -12985063.4537 7342392.1405, -12985087.0144 7342403.4668, -12985113.7701 7342387.9171, -12985122.6311 7342400.5336, -12985136.7586 7342391.5757, -12985213.3026 7342419.8645, -12985297.69 7342403.9052, -12985295.3905 7342415.0021, -12985353.8291 7342426.1895, -12985377.7821 7342416.4854, -12985397.3308 7342428.7561, -12985418.8487 7342418.5807, -12985411.8232 7342407.9953, -12985422.9628 7342401.0998, -12985468.9775 7342410.6723, -12985496.1465 7342400.7073, -12985509.9777 7342380.0311, -12985524.5658 7342380.8949, -12985503.7877 7342345.29689999, -12985499.3811 7342318.012, -12985510.723 7342311.2809, -12985500.1097 7342302.4624, -12985522.3073 7342300.735, -12985526.9388 7342277.7428, -12985546.9115 7342285.5364, -12985566.3395 7342245.2289, -12985539.8598 7342240.6175, -12985544.1494 7342222.4907, -12985523.9527 7342216.5838, -12985515.9859 7342228.3509, -12985482.3468 7342177.8903, -12985426.6329 7342167.6827, -12985448.9845 7342158.7041, -12985466.9766 7342106.4156, -12985473.8668 7342119.6703, -12985511.8955 7342062.6178, -12985539.1618 7342081.1194, -12985539.5258 7342064.5047, -12985556.0427 7342065.9095, -12985566.8821 7342011.3102, -12985611.8122 7342047.9648, -12985653.3785 7342037.8276, -12985659.4398 7342046.5577, -12985675.9567 7342021.7356, -12985706.2473 7342022.5176, -12985705.4336 7342004.6825, -12985749.3477 7342028.0814, -12985756.2044 7342016.3025, -12985784.1164 7342044.1442, -12985779.0438 7342025.1378, -12985800.7886 7342000.4051, -12985821.0212 7342006.3037, -12985822.7935 7341990.9844, -12985868.5848 7341977.96149999, -12985873.7231 7341959.0716, -12985868.3965 7341929.5463, -12985825.2386 7341906.5626, -12985830.6238 7341837.2376, -12985805.3349 7341812.1577, -12985808.2791 7341764.9111, -12985777.8404 7341758.12740001, -12985777.9727 7341744.2005, -12985763.2799 7341748.9772, -12985742.7901 7341720.9175, -12985720.6618 7341726.6591, -12985701.0385 7341694.2917, -12985682.2564 7341705.6863, -12985655.8581 7341680.6604, -12985647.8901 7341687.5057, -12985627.5721 7341652.7572, -12985642.0099 7341656.1104, -12985585.0989 7341619.0784, -12985627.5942 7341576.957, -12985621.6735 7341554.5775, -12985641.6905 7341514.3106, -12985658.8481 7341382.697, -12985647.2367 7341358.5651, -12985525.0065 7341322.4488, -12985495.5238 7341335.5763, -12985510.6786 7341370.3026, -12985469.4766 7341410.4347, -12985445.4773 7341405.7375, -12985432.0321 7341352.0516, -12985358.5234 7341355.3118, -12985333.7451 7341341.1457, -12985307.781 7341363.0638, -12985310.2704 7341380.1145, -12985259.7459 7341356.9033, -12985231.7721 7341385.6527, -12985201.2089 7341376.9787, -12985207.4918 7341398.3345, -12985076.1483 7341382.7604, -12985051.9189 7341329.9453, -12985060.9909 7341296.7538, -12985006.1069 7341280.5179, -12985004.802 7341264.74369999, -12984976.7681 7341253.9711, -12984926.6617 7341253.9438, -12984902.2229 7341174.0612, -12984839.1186 7341181.2528, -12984821.0316 7341164.2297, -12984802.3769 7341181.4401, -12984757.2012 7341179.4651, -12984751.0908 7341164.6041, -12984714.6917 7341154.7017, -12984688.3128 7341209.3766, -12984566.0545 7341205.74, -12984549.7103 7341238.4566, -12984536.8861 7341231.4494, -12984548.8034 7341249.4497, -12984534.3857 7341269.6822, -12984541.6369 7341287.6319, -12984529.8034 7341283.8048, -12984521.2765 7341321.7978, -12984499.5497 7341317.6158, -12984505.3964 7341360.1411, -12984493.5541 7341384.7328, -12984512.4194 7341407.8283, -12984498.1175 7341433.3086, -12984519.9915 7341518.5628, -12984508.3648 7341512.9029, -12984546.4231 7341550.2968, -12984524.0417 7341556.3119, -12984528.7619 7341572.5064, -12984498.3642 7341574.7845, -12984494.8669 7341595.363, -12984465.5812 7341588.0384, -12984444.1375 7341607.9491, -12984427.3113 7341602.0449, -12984404.4189 7341624.2854, -12984381.351 7341615.411, -12984355.409 7341625.6143, -12984336.0447 7341605.7474, -12984313.988 7341612.2883, -12984228.3678 7341582.0221, -12984241.7557 7341595.745, -12984217.2062 7341602.6586, -12984244.7554 7341646.9272, -12984227.2704 7341656.561, -12984241.434 7341697.4526, -12984259.8755 7341722.7116, -12984268.9992 7341716.7497, -12984289.9003 7341763.0719, -12984303.9803 7341757.4857, -12984305.2052 7341774.9825, -12984258.6792 7341780.2857, -12984240.505 7341766.848, -12984232.9863 7341794.2746, -12984155.4561 7341780.828, -12984136.4 7341797.3189, -12984065.3125 7341804.2458, -12984027.1749 7341781.0601, -12983978.2878 7341788.9199, -12984002.629 7341718.9237, -12983976.0687 7341697.0309, -12983988.8999 7341643.9698, -12983946.3803 7341535.7968, -12983901.0148 7341527.1096, -12983827.4487 7341538.8094, -12983830.9645 7341552.9649, -12983735.1556 7341607.0942, -12983735.6349 7341620.8162, -12983681.2808 7341614.6301, -12983645.3477 7341646.6953, -12983582.1716 7341632.5837, -12983548.7351 7341655.9913, -12983496.8347 7341662.6189, -12983439.9624 7341631.4777, -12983451.9118 7341609.0279, -12983485.6881 7341600.313, -12983500.1019 7341572.0487, -12983486.7218 7341568.3583, -12983490.2697 7341551.921, -12983457.4111 7341537.6741, -12983439.0153 7341552.8818, -12983389.6579 7341543.0239, -12983370.303 7341580.3932, -12983364.851 7341636.1455, -12983316.5371 7341685.8545, -12983319.745 7341718.1494, -12983285.0238 7341734.4806, -12983264.9235 7341772.3717, -12983248.1866 7341768.816, -12983229.1218 7341755.3584, -12983244.4434 7341723.8794, -12983225.7871 7341719.3841, -12983220.8354 7341697.0791, -12983176.4175 7341653.5156, -12983152.5631 7341660.851, -12983145.1985 7341638.1061, -12983110.0405 7341630.4754, -12983097.6529 7341598.5462, -12983029.4327 7341584.7114, -12983021.7104 7341475.4483, -12982987.9519 7341439.1768, -12983032.6938 7341415.1065, -12983128.1582 7341258.1059, -12983203.8416 7341274.4542, -12983247.504 7341251.9015, -12983291.1736 7341266.5814, -12983305.4146 7341305.829, -12983326.9485 7341321.2517, -12983325.8321 7341346.9975, -12983374.3354 7341390.4613, -12983409.4301 7341376.2622, -12983405.9641 7341389.2451, -12983419.0378 7341394.205, -12983447.1077 7341382.7553, -12983455.1351 7341398.9243, -12983466.7844 7341395.9309, -12983504.4834 7341481.6771, -12983496.6806 7341489.7531, -12983516.6477 7341494.6619, -12983530.3372 7341518.2321, -12983576.7988 7341524.3354, -12983632.0312 7341496.052, -12983693.6667 7341493.6094, -12983721.3478 7341509.8377, -12983733.0191 7341491.784, -12983760.8734 7341486.9725, -12983788.1369 7341446.4837, -12983840.6134 7341414.447, -12983903.5586 7341309.2543, -12983894.6639 7341293.9303, -12983916.7318 7341265.0602, -12983944.6169 7341172.2635, -12983944.4556 7341104.5735, -12983960.998 7341055.5007, -12983949.2285 7341046.7582, -12983983.8152 7340975.2944, -12983962.3812 7340950.8351, -12983905.2401 7340742.3161, -12983831.9471 7340789.9857, -12983823.4109 7340813.2402, -12983778.699 7340790.2568, -12983787.9206 7340761.9222, -12983776.9518 7340748.304, -12983717.4194 7340760.6695, -12983705.1771 7340773.5613, -12983706.8035 7340805.008, -12983690.5437 7340810.4621, -12983706.4868 7340843.76, -12983664.104 7340836.813, -12983626.8592 7340877.9386, -12983651.8437 7340959.7254, -12983641.5266 7340951.154, -12983605.9124 7340966.7388, -12983554.8183 7340947.6299, -12983566.9198 7340927.8152, -12983542.7739 7340882.7044, -12983559.5279 7340856.2749, -12983551.0559 7340826.94, -12983465.5358 7340870.4611, -12983408.2933 7340864.0145, -12983365.8752 7340886.4702, -12983275.9619 7340880.3002, -12983230.7143 7340892.1705, -12983204.6669 7340882.6498, -12983255.6649 7340878.6462, -12983473.2121 7340750.5736, -12983466.0129 7340725.1623, -12983415.8607 7340715.1814, -12983396.5355 7340724.9745, -12983383.8277 7340759.2979, -12983361.0158 7340746.3294, -12983323.3849 7340766.8296, -12983303.4372 7340747.0845, -12983312.1807 7340752.0588, -12983319.5502 7340727.9271, -12983311.9416 7340708.4198, -12983264.6916 7340710.5834, -12983236.5864 7340731.537, -12983214.6958 7340715.2388, -12983192.3337 7340721.4246, -12983180.1427 7340738.879, -12983212.749 7340780.5461, -12983188.3371 7340779.9912, -12983159.172 7340822.1346, -12983109.737 7340783.35, -12983154.2444 7340746.4321, -12983143.1491 7340693.485, -12983063.2891 7340711.6499, -12982956.5682 7340785.8192, -12982904.9969 7340760.3358, -12982879.2942 7340770.476, -12982835.3814 7340713.3499, -12982820.7353 7340631.8893, -12982727.1287 7340561.4561, -12982691.2009 7340590.8419, -12982672.6942 7340587.2679, -12982641.7413 7340633.8988, -12982560.7103 7340641.6152, -12982500.1086 7340665.5116, -12982376.1267 7340654.6031, -12982348.8995 7340703.1449, -12982346.6225 7340745.6523, -12982318.172 7340759.4956, -12982312.4219 7340789.9764, -12982284.7778 7340816.6354, -12982287.3661 7340761.4438, -12982319.7968 7340703.7869, -12982306.6306 7340683.4062, -12982311.8493 7340652.6388, -12982262.9618 7340633.9031, -12982236.3395 7340601.0671, -12982220.7636 7340607.1086, -12982211.8721 7340587.8792, -12982148.1752 7340581.1745, -12982118.907 7340603.3129, -12982111.1138 7340614.10939999, -12982135.236 7340625.8808, -12982144.8686 7340666.6512, -12982026.6973 7340658.8904, -12982001.2785 7340632.1163, -12981964.8663 7340653.0398, -12981911.4125 7340652.3874, -12981884.339 7340688.572, -12981818.6731 7340689.6399, -12981735.3713 7340737.4447, -12981723.5753 7340733.4292, -12981754.1923 7340695.9989, -12981764.9106 7340625.626, -12981796.2526 7340618.6752, -12981805.5764 7340601.8766, -12981817.2445 7340518.2952, -12981907.0244 7340490.8002, -12981924.2286 7340438.8449, -12981900.3389 7340383.5666, -12981878.886 7340369.9874, -12981884.2632 7340353.3907, -12981870.8268 7340333.7868, -12981807.3734 7340334.5758, -12981772.3313 7340369.3891, -12981734.9106 7340363.8918, -12981716.1461 7340374.8973, -12981688.4841 7340326.9864, -12981715.5446 7340296.4893, -12981706.245 7340271.3323, -12981725.7474 7340244.3328, -12981714.7389 7340227.6256, -12981752.5157 7340219.6631, -12981737.6281 7340253.4159, -12981746.9003 7340260.9915, -12981779.1676 7340265.7294, -12981802.1026 7340253.5565, -12981819.8242 7340278.3908, -12981870.8413 7340266.014, -12981868.1888 7340268.9258, -12981872.1922 7340265.3662, -12981870.8413 7340266.014, -12981871.7033 7340265.0679, -12981879.8384 7340263.8089, -12981921.4324 7340253.4683, -12981942.5884 7340263.9653, -12981972.5048 7340241.0712, -12981963.7767 7340210.1587, -12981929.6007 7340178.0077, -12981885.6963 7340188.3256, -12981848.6719 7340168.6385, -12981869.8535 7340147.2449, -12981896.4062 7340168.9526, -12981936.7522 7340158.4711, -12981953.1876 7340168.842, -12982016.1182 7340148.6505, -12982039.9392 7340239.834, -12982069.6424 7340254.7951, -12982111.0296 7340242.0423, -12982141.5762 7340197.9921, -12982138.5254 7340182.8596, -12982100.8288 7340146.1004, -12982055.8442 7340144.3882, -12982025.2106 7340094.2629, -12982061.8151 7340026.5378, -12982124.5549 7340026.3914, -12982156.4295 7340053.1693, -12982225.5275 7340076.7834, -12982246.1371 7340150.5122, -12982270.2217 7340159.4929, -12982286.8691 7340150.6238, -12982288.3093 7340121.9293, -12982312.812 7340105.3629, -12982336.4499 7340110.6743, -12982345.2261 7340138.3412, -12982380.9705 7340150.0836, -12982414.297 7340137.487, -12982421.111 7340112.196, -12982438.9321 7340141.3861, -12982481.7172 7340127.395, -12982492.6106 7340147.9534, -12982532.2358 7340151.579, -12982558.4686 7340129.1457, -12982555.1036 7340108.3236, -12982539.0082 7340103.9765, -12982556.5518 7340075.0506, -12982545.2855 7340061.6848, -12982476.3195 7340047.9522, -12982503.4857 7340029.0146, -12982487.0673 7339972.5576, -12982513.48 7339961.1261, -12982547.2048 7339965.2226, -12982579.4918 7339993.0724, -12982592.6898 7340066.1687, -12982642.7314 7340110.5814, -12982633.471 7340115.6371, -12982654.8843 7340106.9793, -12982651.1437 7340072.186, -12982678.8737 7340016.0835, -12982715.4217 7340029.2423, -12982726.0761 7340049.0126, -12982790.1034 7340057.3446, -12982874.8183 7340138.0198, -12982918.6959 7340148.6344, -12982961.9273 7340140.352, -12983026.8507 7340163.0092, -12983063.0928 7340198.021, -12983128.8961 7340161.9503, -12983274.6538 7340138.7026, -12983273.0973 7340107.9312, -12983236.0603 7340075.2153, -12983251.8753 7340047.0296, -12983276.6516 7340043.6514, -12983293.0143 7340022.3124, -12983304.3302 7339943.63579999, -12983288.6735 7339926.4568, -12983265.2822 7339925.242, -12983189.8741 7339934.2499, -12983141.7641 7339959.721, -12983091.2951 7339938.6031, -12983043.8031 7339950.0736, -12983019.7386 7339942.1766, -12983005.9941 7339919.5402, -12982975.7662 7339921.5344, -12982942.112 7339900.0183, -12982897.098 7339915.76, -12982856.6744 7339886.3964, -12982829.4243 7339893.0318, -12982825.8245 7339922.8544, -12982771.883 7339909.9004, -12982793.4549 7339856.3241, -12982727.6744 7339757.3214, -12982666.6586 7339732.8725, -12982508.2999 7339296.0069, -12982473.0065 7339293.8146, -12982409.623 7339331.76, -12982398.3411 7339326.308, -12982358.1591 7339176.8311, -12982285.9973 7339186.7569, -12982160.5885 7339238.7781, -12982115.9268 7339245.348, -12982070.0212 7339221.8544, -12982024.8599 7339276.5523, -12982014.888 7339345.0304, -12981850.4341 7339358.0005, -12981770.5533 7339344.8133, -12981701.7257 7339305.2102, -12981701.6273 7339285.8127, -12981727.5847 7339273.1835, -12981736.3984 7339252.535, -12981785.2951 7339238.9429, -12981778.3504 7339187.9092, -12981815.3862 7339155.603, -12981845.1074 7339096.6244, -12981833.0747 7339073.8905, -12981883.8798 7339070.4171, -12981964.632 7339028.5557, -12981954.8679 7338997.4979, -12982001.9473 7338954.7937, -12981984.2314 7338902.178, -12982013.4095 7338819.917, -12982008.8667 7338765.3749, -12982032.6289 7338718.2219, -12982006.9135 7338705.8435, -12981982.0879 7338722.4603, -12981974.0447 7338707.1209, -12981947.9015 7338703.9697, -12981918.4901 7338720.6518, -12981882.3573 7338709.8323, -12981841.2115 7338716.8851, -12981810.9449 7338592.5923, -12981768.2086 7338550.7354, -12981725.6514 7338560.0149, -12981697.8552 7338549.2698, -12981686.8854 7338561.59, -12981616.1309 7338549.4865, -12981578.5472 7338600.5331, -12981527.0594 7338628.6485, -12981524.4186 7338652.742, -12981488.216 7338664.3782, -12981455.4896 7338647.0219, -12981476.8278 7338628.2009, -12981505.3455 7338625.9035, -12981543.7687 7338504.4203, -12981554.1396 7338519.7169, -12981561.7535 7338501.7424, -12981655.6546 7338506.0771, -12981652.3716 7338459.1664, -12981605.0687 7338428.0055, -12981595.3445 7338374.9169, -12981571.9054 7338373.9447, -12981562.0374 7338375.5299, -12981551.9564 7338371.7757, -12981555.6421 7338372.6776, -12981562.918 7338369.545, -12981551.9564 7338371.7757, -12981495.5086 7338357.9602, -12981469.9029 7338330.6329, -12981516.4311 7338300.1551, -12981538.2192 7338255.4532, -12981446.0876 7338258.7416, -12981405.9626 7338230.9352, -12981373.5302 7338256.4274, -12981342.1129 7338259.5393, -12981297.7692 7338237.7165, -12981282.8021 7338203.5924, -12981305.3664 7338188.1533, -12981308.0636 7338163.2497, -12981275.9928 7338122.9279, -12981272.4926 7338097.3931, -12981231.4166 7338058.3362, -12981232.0315 7338010.1352, -12981261.2703 7338009.5137, -12981284.7052 7337973.2944, -12981354.6355 7337947.9516, -12981394.7221 7337955.4267, -12981421.1282 7337991.7109, -12981485.8405 7338007.462, -12981488.3644 7338025.1578, -12981540.8586 7338054.1359, -12981558.2173 7338099.2665, -12981605.3175 7338113.9628, -12981622.0961 7338234.6693, -12981699.8424 7338251.2668, -12981741.537 7338287.8016, -12981762.9013 7338270.5664, -12981795.4704 7338281.5293, -12981821.9375 7338271.61069999, -12981882.0985 7338304.3425, -12981880.0554 7338333.9162, -12981822.6878 7338371.1478, -12981837.4348 7338401.4294, -12981934.8986 7338339.5746, -12981980.241 7338333.6271, -12981986.0706 7338382.9552, -12982029.108 7338425.2224, -12982175.0575 7338460.2395, -12982263.322 7338509.3198, -12982276.4398 7338540.3422, -12982235.5922 7338545.6186, -12982237.5247 7338596.9918, -12982220.5764 7338613.9894, -12982206.3725 7338602.6126, -12982149.0417 7338618.266, -12982095.8838 7338602.2191, -12982087.3553 7338683.5545, -12982110.7664 7338687.606, -12982137.2827 7338727.8046, -12982199.2394 7338778.5952, -12982242.0866 7338791.1623, -12982264.8635 7338771.9815, -12982305.0595 7338776.9543, -12982330.2495 7338705.5232, -12982345.8683 7338699.5787, -12982354.8785 7338606.1663, -12982347.1073 7338419.7914, -12982317.503 7338311.7756, -12982348.5744 7338295.1627, -12982490.0917 7337734.9296, -12982817.5645 7337706.3839, -12982784.4846 7337661.3876, -12982741.88 7337507.8412, -12982791.3241 7337234.1608, -12982771.94 7337221.6671, -12983547.7692 7337304.3752, -12983612.3653 7337241.7423, -12983614.2241 7337191.6478, -12983595.3072 7337174.6185, -12983604.444 7337173.0129, -12983535.6656 7337154.0028, -12983529.565 7337137.2963, -12983467.8354 7337096.8144, -12983472.1872 7337067.33959999, -12983451.8645 7337034.4256, -12983363.8957 7336996.05, -12983350.1294 7336978.5188, -12983212.2194 7336940.4315, -12983179.6697 7336965.9397, -12983167.5563 7336998.2532, -12983138.9286 7336991.853, -12983077.0157 7336926.9252, -12983098.9997 7336912.7168, -12983105.9183 7336888.0178, -12983092.094 7336877.347, -12982909.5307 7336809.6352, -12982849.8714 7336806.5262, -12982673.0218 7336638.0164, -12982707.2595 7336622.2569, -12982741.5149 7336633.6055, -12982766.9293 7336660.3146, -12982798.5455 7336743.0712, -12982822.0642 7336744.4151, -12982850.1146 7336784.6861, -12982982.204 7336775.2029, -12983110.4251 7336694.3064, -12983150.7609 7336683.5847, -12983182.9366 7336695.9002, -12983238.2876 7336641.1408, -12983212.2418 7336573.8833, -12983264.15 7336555.6272, -12983299.031 7336522.7076, -12983290.4693 7336479.9274, -12983230.6098 7336426.7991, -12983205.9133 7336362.8401, -12983135.082 7336343.8459, -12983073.7502 7336359.3295, -12983018.2802 7336318.0339, -12982900.019 7336365.3953, -12982869.4978 7336391.7502, -12982827.397 7336393.008, -12982785.3211 7336377.1395, -12982747.1186 7336257.5395, -12982722.8155 7336249.5475, -12982664.4546 7336251.5163, -12982609.0338 7336274.6303, -12982546.2148 7336242.5076, -12982542.36 7336255.2816, -12982501.8976 7336264.9392, -12982430.9374 7336256.9697, -12982409.3742 7336276.1061, -12982308.0738 7336306.8761, -12982267.3457 7336304.2693, -12982224.8856 7336280.2408, -12982192.8599 7336327.9303, -12982164.434 7336331.3674, -12982121.6839 7336372.4773, -12982108.6104 7336455.9851, -12982013.3266 7336548.5722, -12982003.9372 7336609.364, -12981910.5218 7336637.8637, -12981791.8427 7336586.3302, -12981806.1559 7336561.5927, -12981820.9572 7336577.6613, -12981858.1605 7336523.2627, -12981897.8376 7336575.4086, -12981941.2262 7336591.0682, -12981974.3328 7336581.2132, -12982034.4299 7336448.4183, -12981973.6738 7336412.7241, -12982000.1198 7336369.4844, -12981934.3134 7336347.705, -12981996.1229 7336267.3269, -12982039.5539 7336114.83649999, -12982069.2245 7336096.6275, -12982088.4486 7336104.7098, -12982112.1557 7336088.7446, -12982138.1182 7336091.9315, -12982187.0302 7336162.1594, -12982209.5387 7336167.0778, -12982254.5164 7336112.9322, -12982281.2853 7336032.8508, -12982348.1429 7335941.1996, -12982345.1459 7335913.9974, -12982370.771 7335894.3347, -12982436.8722 7335874.9833, -12982514.7809 7335878.6769, -12982564.3701 7335892.7578, -12982633.4872 7335947.0897, -12982697.6817 7335976.6178, -12982915.6584 7335945.4232, -12983007.9054 7335963.6126, -12983019.0764 7335957.9138, -12983012.4904 7335915.2524, -12983107.9138 7335918.0496, -12983132.9749 7336001.8723, -12983166.0019 7336013.4905, -12983229.0328 7335948.6269, -12983279.0918 7335937.62259999, -12983299.374 7335907.3642, -12983369.9327 7335892.4526, -12983386.0235 7335901.8131, -12983495.3182 7335843.4555, -12983449.0321 7335677.672, -12983420.337 7335675.2732, -12983335.8788 7335623.08250001, -12983299.0274 7335617.2048, -12983269.2064 7335632.409, -12983195.8472 7335478.3599, -12983217.3219 7335430.52399999, -12983220.2199 7335382.6375, -12983192.2716 7335268.8204, -12983140.0935 7335233.3486, -12983001.8966 7335227.5929, -12982973.8968 7335208.2431, -12982961.1236 7335150.0858, -12982975.3466 7335132.2545, -12982973.851 7335076.7522, -12982955.9657 7335025.308, -12982864.0272 7335002.6893, -12982793.6002 7334945.1096, -12982740.7873 7334939.3475, -12982747.2717 7334945.4634, -12982681.0549 7334973.4763, -12982580.1511 7334938.1222, -12982538.841 7334953.2426, -12982513.19 7334944.9483, -12982444.5816 7334882.7858, -12982401.1468 7334879.4075, -12982375.4491 7334895.0399, -12982354.3126 7334940.9214, -12982356.28 7334970.0834, -12982304.8639 7334981.6851, -12982289.716 7335041.7757, -12982252.6203 7335073.7817, -12982210.67 7335073.6168, -12982149.4601 7335021.552, -12982055.8561 7335032.8378, -12982018.1361 7334994.3288, -12981988.4242 7334986.4366, -12981881.0037 7335011.8097, -12981856.1379 7335037.5788, -12981782.1589 7335031.8973, -12981749.035 7334973.4568, -12981699.6865 7334928.4133, -12981710.5046 7334904.5415, -12981818.038 7334947.3364, -12981895.4266 7334938.5867, -12981922.9552 7334930.5526, -12981939.5939 7334879.2252, -12982111.7272 7334854.0893, -12982168.684 7334807.133, -12982106.7998 7334759.8068, -12982093.9674 7334731.3501, -12982125.0716 7334629.6379, -12982120.3972 7334608.4789, -12982051.2011 7334590.7965, -12981974.0211 7334596.6493, -12981914.6709 7334490.4565, -12981773.2572 7334452.2977, -12981728.7368 7334397.2658, -12981716.5076 7334339.0284, -12981666.5585 7334302.0627, -12981665.021 7334277.2785, -12981625.7657 7334254.8179, -12981591.8991 7334258.7911, -12981572.5711 7334280.8642, -12981537.9503 7334278.0069, -12981516.8017 7334256.3269, -12981478.8291 7334247.9205, -12981468.8994 7334294.2022, -12981487.6846 7334323.1282, -12981457.765 7334339.3405, -12981456.7626 7334390.637, -12981416.6219 7334349.2902, -12981411.8562 7334318.5254, -12981437.953 7334298.1086, -12981434.2171 7334256.5542, -12981416.9315 7334252.3143, -12981425.2032 7334223.4822, -12981411.6939 7334207.6381, -12981375.515 7334241.1044, -12981350.6559 7334229.5565, -12981334.136 7334203.1732, -12981353.9492 7334167.5707, -12981352.6979 7334094.012, -12981336.5413 7334078.5181, -12981291.3431 7334083.9077, -12981305.1383 7334062.9568, -12981270.3304 7334047.3313, -12981255.2715 7334024.192, -12981240.4255 7334027.1542, -12981224.0987 7333991.1927, -12981205.1486 7333990.1828, -12981229.1422 7333961.7548, -12981218.2308 7333908.3319, -12981240.9264 7333899.5914, -12981185.2084 7333856.7194, -12981178.7092 7333815.6407, -12981166.6083 7333815.9486, -12981185.8925 7333812.1998, -12981194.1007 7333780.2986, -12981173.8398 7333756.8717, -12981149.4042 7333751.4366, -12981150.2167 7333739.6073, -12981220.5849 7333719.0358, -12981219.4799 7333677.0818, -12981261.2965 7333625.6522, -12981294.8857 7333645.1301, -12981329.1288 7333628.9952, -12981464.0596 7333650.5801, -12981501.4938 7333627.153, -12981538.3321 7333637.4507, -12981534.4288 7333666.3871, -12981466.2378 7333693.4499, -12981468.5738 7333709.3313, -12981452.697 7333708.1477, -12981444.0205 7333740.5619, -12981417.7509 7333735.8456, -12981420.375 7333766.1438, -12981395.0796 7333783.2818, -12981415.3263 7333824.4374, -12981465.4136 7333861.9934, -12981475.6756 7333847.1983, -12981469.7388 7333813.5687, -12981518.3707 7333773.7147, -12981633.5165 7333777.2082, -12981654.5636 7333847.8681, -12981630.0304 7333885.3125, -12981711.5939 7333951.6901, -12981706.1104 7333967.8411, -12981667.5409 7333986.8876, -12981757.1906 7334042.9369, -12981773.4102 7334067.1437, -12981825.1006 7334061.0603, -12981846.6102 7334088.8642, -12981924.8517 7334128.0076, -12981949.3584 7334165.852, -12981940.0002 7334191.513, -12981964.4263 7334224.9233, -12981957.2274 7334238.8414, -12982000.2857 7334271.7051, -12982029.4057 7334264.321, -12982099.7799 7334295.8548, -12982137.4476 7334296.1283, -12982158.5917 7334328.5785, -12982216.7949 7334359.0481, -12982228.5932 7334373.7828, -12982212.2011 7334408.9091, -12982215.2803 7334475.7462, -12982380.8228 7334589.7714, -12982630.8033 7334734.8415, -12983065.5357 7334830.4636, -12983432.9002 7334827.0369, -12983619.1164 7334779.3416, -12983885.7187 7334659.2608, -12984010.8785 7334496.6381, -12984125.3674 7334269.5206, -12984276.585 7334153.8973, -12984415.1424 7334117.7133, -12984559.3147 7334138.358, -12984793.8283 7334226.1853, -12985000.7648 7334248.5493, -12985160.3127 7334233.5834, -12985517.7886 7334151.9599, -12985657.889 7334181.5817, -12985823.7639 7334296.4736, -12985984.7435 7334433.0018, -12986050.4612 7334466.7733, -12986239.1633 7334495.2239, -12986854.4922 7334627.4708, -12987133.6227 7334524.6068, -12987448.4714 7334304.7227, -12987628.7771 7334239.8778, -12987841.0726 7334259.5074, -12988100.3309 7334338.2415, -12988162.2557 7334342.7237, -12988229.2204 7334166.2047, -12988261.3049 7333972.918, -12988332.662 7333848.5105, -12988446.4475 7333761.4114, -12988584.9778 7333725.1553, -12988726.7255 7333745.3754, -12988849.6612 7333818.9296, -12988934.6815 7333934.3899, -12989007.0344 7334222.4532, -12989242.159 7334469.9824, -12989404.5193 7334784.7974, -12989469.3374 7334736.1992, -12989537.2946 7334765.80919999, -12989603.012 7334762.2587, -12989645.6087 7334816.9081, -12989669.8549 7334821.4558, -12989670.4852 7334842.7369, -12989748.7342 7334840.3027, -12989765.3328 7334830.952, -12989777.7801 7334768.1119, -12989804.8086 7334770.0015, -12989812.4121 7334706.5083, -12989831.1014 7334715.0945, -12989848.8998 7334696.9647, -12989859.9637 7334708.3807, -12989890.9044 7334696.4031, -12989902.5829 7334706.423, -12989910.0184 7334692.5287, -12989923.4717 7334709.0271, -12989928.689 7334693.3233, -12990007.0036 7334718.2223, -12990071.1267 7334685.4371, -12990117.2121 7334721.0869, -12990113.4818 7334731.0486, -12990130.4346 7334730.4546, -12990125.9525 7334741.7297, -12990158.7558 7334748.9897, -12990161.7833 7334774.6839, -12990207.9237 7334797.0981, -12990221.9424 7334784.4457, -12990256.2585 7334790.6985, -12990276.698 7334813.2584, -12990306.3281 7334804.4399, -12990335.1108 7334863.5615, -12990355.0748 7334840.6452, -12990369.5316 7334847.1491, -12990357.5852 7334867.3785, -12990374.9636 7334891.8819, -12990412.5964 7334879.7532, -12990424.8386 7334897.5269, -12990408.698 7334935.0812, -12990424.9428 7334978.5013, -12990464.4154 7334963.3529, -12990469.2259 7334978.9622, -12990527.7628 7334991.4942, -12990537.6005 7334971.1249, -12990546.1632 7334978.7392, -12990566.2119 7334962.9534, -12990597.7603 7334995.9854, -12990588.0191 7335014.0736, -12990607.1728 7335032.4195, -12990634.1898 7335025.9514, -12990645.5889 7335053.4805, -12990674.5881 7335042.5752, -12990670.6098 7335017.9351, -12990690.9417 7335013.8752, -12990703.2524 7334991.511, -12990733.3763 7335027.1207, -12990721.342 7335050.4851, -12990769.3508 7335051.2375, -12990783.3877 7335081.4301, -12990849.9569 7335079.7213, -12990912.426 7335133.1148, -12990912.6379 7335161.8868, -12990941.854 7335148.5118, -12990964.8197 7335160.8552, -12990952.9176 7335188.4541, -12990987.556 7335265.1342, -12990967.5501 7335279.6478, -12990936.2265 7335273.3962, -12990949.1008 7335308.4353, -12990924.3833 7335362.3095, -12990982.7356 7335392.0638, -12991018.6887 7335365.5792, -12991042.8861 7335411.8544, -12991076.5686 7335394.3127, -12991097.8562 7335432.6882, -12991129.1187 7335436.3904, -12991118.1375 7335455.7859, -12991146.7798 7335456.3637, -12991163.975 7335483.362, -12991155.3485 7335491.0093, -12991182.2497 7335493.8079, -12991202.9496 7335469.4887, -12991177.9801 7335389.6728, -12991180.0512 7335356.5139, -12991201.8516 7335341.8453, -12991235.6937 7335345.1691, -12991258.3265 7335438.9823, -12991326.8544 7335431.5742, -12991337.7734 7335409.6296, -12991389.1188 7335402.0021, -12991400.5686 7335349.297, -12991385.4857 7335331.7455, -12991351.4986 7335324.0127, -12991339.503 7335297.3708, -12991364.5498 7335301.861, -12991371.095 7335283.2113, -12991397.752 7335280.6488, -12991405.2225 7335262.3225, -12991364.5972 7335208.6936, -12991354.8817 7335173.55, -12991431.9712 7335137.6177, -12991477.6147 7335160.6881, -12991477.44 7335217.4503, -12991538.3098 7335252.9926, -12991564.5484 7335254.4453, -12991582.6888 7335224.9211, -12991690.2236 7335192.3158, -12991756.4572 7335245.606, -12991865.2531 7335264.137, -12991709.7261 7335513.4119, -12991752.8673 7335514.5738, -12991755.3438 7335540.1852, -12991818.2517 7335599.3892, -12991817.2439 7335584.111, -12991833.3254 7335591.3696, -12991844.1624 7335561.731, -12991863.8548 7335557.5674, -12991860.1042 7335531.2469, -12991871.1352 7335533.1651, -12991879.4364 7335500.9701, -12991946.2211 7335472.565, -12991966.0552 7335477.1808, -12991963.2639 7335467.0474, -12991994.3101 7335487.967, -12992006.1421 7335477.4757, -12992022.9059 7335486.6298, -12992018.5012 7335459.833, -12992054.4759 7335465.0987, -12992052.6021 7335446.2439, -12992088.9669 7335443.2507, -12992098.7051 7335425.1595, -12992088.6558 7335404.3646, -12992118.2435 7335391.5262, -12992112.0091 7335370.6379, -12992125.2783 7335367.5829, -12992106.6575 7335307.6469, -12992110.6113 7335287.1473, -12992129.6385 7335284.7689, -12992120.2866 7335240.3666, -12992152.1691 7335243.4119, -12992184.0069 7335296.82769999, -12992191.124 7335275.6128, -12992227.2667 7335311.0918, -12992223.9208 7335346.1103, -12992260.5401 7335402.8839, -12992266.6359 7335450.3783, -12992247.6601 7335542.54249999, -12992294.4675 7335565.2559, -12992306.481 7335611.5887, -12992293.0631 7335627.4702, -12992307.4206 7335657.3057, -12992357.1047 7335675.3107, -12992387.3321 7335704.5879, -12992416.8468 7335779.2159, -12992439.4897 7335794.6016, -12992441.8033 7335837.2665, -12992570.3315 7335855.7593, -12992616.5208 7335813.9337, -12992680.3795 7335821.0375, -12992723.5882 7335806.8862, -12992768.4668 7335864.0771, -12993015.1716 7335851.339, -12993185.4968 7335805.8987, -12993334.1087 7335734.6767, -12993481.7923 7335706.2223, -12993717.0193 7335711.1031, -12993865.1498 7335742.2593, -12993983.1258 7335823.7906, -12994075.205 7335943.15, -12994193.2116 7336051.8532, -12994556.3413 7336278.2977, -12994658.2847 7336429.0176, -12994756.542 7336534.9249, -12994835.6575 7336597.0565, -12995038.4462 7336710.0885, -12995348.5698 7336788.8226, -12995485.7041 7336854.777, -12995715.8439 7337129.4114, -12995931.6668 7337284.8924, -12996016.829 7337400.3243, -12996050.8597 7337539.7757, -12996004.114 7337915.3264, -12996016.5107 7338059.4359, -12996051.2494 7338199.8301, -12996114.9942 7338347.2662, -12996223.4351 7338521.3318, -12996259.8567 7338645.2958, -12996320.6949 7338776.4748, -12996411.3496 7338909.0181, -12996523.595 7339023.7709, -12996667.9146 7339125.3062, -12996813.7429 7339192.1186, -12996968.9334 7339232.534, -12997476.1341 7339299.1773, -12997645.9328 7339392.0229, -12997825.6681 7339449.3982, -12997953.2272 7339525.5147, -12998038.444 7339640.9568, -12998083.0971 7339797.3776, -12998143.9749 7339928.5612, -12998288.3184 7340120.9302, -12998410.1597 7340225.4276, -12998562.8044 7340313.9461, -12998713.9234 7340367.737, -12999016.8773 7340432.3226, -12999134.9016 7340513.77059999, -12999212.6289 7340635.0472, -12999266.1785 7340811.8897, -12999660.2842 7340883.2873, -12999778.3219 7340964.73, -12999855.7819 7341085.5673, -12999880.6242 7341227.0217, -12999855.4966 7341339.5072, -13000322.4622 7341418.0037, -13000447.4409 7341423.7601, -13000620.9403 7341460.0933, -13000738.9966 7341541.5271, -13000816.4772 7341662.3634, -13000841.3389 7341803.8248, -13000814.5452 7341965.3675, -13000814.4524 7342110.0852, -13000903.4957 7342525.0472, -13000873.8509 7342713.5446, -13000806.6805 7342861.0995, -13000763.7106 7343016.0015, -13000694.0753 7343458.2955, -13000689.1454 7343653.7545, -13000658.5881 7343848.0208, -13000491.2981 7344126.6387, -13000416.2634 7344338.541, -13000394.6387 7344514.0491, -13000406.8258 7344690.4721, -13000446.8943 7344846.1922, -13000521.3608 7345006.5259, -13000614.4549 7345137.5151, -13000720.5184 7345243.3108, -13000804.3924 7345374.1167, -13000867.188 7345538.623, -13000948.5487 7345677.2512, -13001273.4164 7346083.4957, -13001394.3712 7346316.2807, -13001557.4703 7346539.2171, -13001591.6416 7346678.8047, -13001569.3263 7346820.7851, -13001493.9897 7346943.0897, -13001369.3362 7347032.444, -13001187.306 7347114.5647, -13000957.6526 7347274.6683, -13000707.3799 7347334.8947, -13000530.7904 7347411.7104, -13000398.446 7347502.7382, -13000259.5344 7347645.2328, -13000130.5227 7347737.6804, -12999955.8418 7347778.5304, -12999813.787 7347854.4175, -12999683.0319 7347947.7396, -12999570.4292 7348062.3998, -12999479.4004 7348194.9156, -12999412.712 7348341.2625, -12999372.3913 7348496.9947, -12999359.6649 7348657.3815, -12999372.143 7348801.6821, -12999412.2131 7348957.4891, -12999478.6724 7349103.9578, -12999566.1182 7349234.1064, -12999600.2663 7349373.7514, -12999577.9077 7349515.7754, -12999502.5142 7349638.1034, -12999378.584 7349726.8921, -12999249.0091 7349779.5913, -12999138.2284 7349844.866, -12998923.9048 7350027.859, -12998669.2858 7350211.6068, -12998552.7111 7350322.2758, -12998440.7337 7350479.3035, -12998359.0598 7350671.6413, -12998326.8964 7350829.318, -12998322.5408 7350990.1999, -12998346.1269 7351149.3991, -12998396.9398 7351302.0776, -12998523.2577 7351513.2776, -12998577.1197 7351666.6141, -12998656.0765 7351806.7769, -12998769.4826 7351942.4761, -12998910.6546 7352056.6098, -12998997.4106 7352174.1011, -12999031.5622 7352313.8009, -12999004.5059 7352535.1976, -12999022.5107 7352743.5037, -12999093.596 7352957.0307, -12999250.7385 7353215.9167, -12999311.8599 7353559.0923, -12999379.9537 7353757.5356, -12999477.8948 7353906.9674, -12999648.1621 7354098.6437, -12999842.211 7354236.7909, -12999919.8062 7354357.8305, -12999971.2798 7354749.8665, -13000081.4337 7355138.5358, -13000059.0687 7355280.6658, -12999983.6282 7355403.0891, -12999866.8364 7355486.7759, -12999721.2036 7355520.0043, -12999586.1412 7355515.8408, -12999442.5597 7355533.3947, -12999293.3047 7355573.51, -12999157.7484 7355634.231, -12999001.0089 7355669.9786, -12998859.5787 7355645.1948, -12998706.7867 7355539.5934, -12998564.8262 7355408.9859, -12998384.1869 7355304.2397, -12998231.8639 7355252.9999, -12997935.5937 7355199.1658, -12997801.4234 7355112.9628, -12997641.8207 7354905.1085, -12997497.6366 7354776.9942, -12997330.03 7354681.7215, -12997136.686 7354621.5632, -12997002.1426 7354535.1009, -12996920.5522 7354424.5471, -12996814.5059 7354180.6035, -12996778.1192 7354036.495, -12996721.7649 7353903.0132, -12996645.2721 7353780.0115, -12996561.8845 7353681.9293, -12996372.4816 7353533.2612, -12996227.5754 7353463.7764, -12996076.8019 7353421.3413, -12995775.5456 7353209.2314, -12995618.2546 7353128.6549, -12995480.0261 7353086.1033, -12995336.8585 7353065.7447, -12995160.3128 7353071.6864, -12994971.0508 7353110.5936, -12994829.6788 7353085.7439, -12994623.5011 7352954.76919999, -12994477.4324 7352887.8014, -12994306.1006 7352844.7242, -12994129.7162 7352835.1988, -12993872.4966 7352876.3372, -12993545.5917 7352968.7955, -12993417.8109 7353036.6317, -12993169.5271 7353212.5514, -12993029.548 7353244.3625, -12992888.1796 7353219.477, -12992603.7234 7353079.5244, -12992278.1253 7353015.912, -12992144.054 7352929.6341, -12992047.5213 7352703.0421, -12992070.3762 7352387.7152, -12992027.5055 7352233.9345, -12992045.3104 7352091.2132, -12992124.6521 7351928.5372, -12992170.661 7351757.6377, -12992216.9281 7351393.6478, -12992258.8352 7351194.8001, -12992250.8568 7350953.8966, -12992216.1267 7350813.2568, -12992159.874 7350679.7956, -12992083.4846 7350556.7983, -12991866.7357 7350281.9018, -12991814.4319 7350134.1952, -12991538.9055 7350195.468, -12991389.5968 7350169.1544, -12991173.7796 7350086.9306, -12990998.9658 7350061.972, -12990806.7283 7350073.3881, -12990457.9426 7350150.8985, -12990307.2849 7350124.2985, -12990097.0617 7350045.0336, -12989938.3052 7350020.9267, -12989745.8977 7350028.9524, -12989392.5653 7350106.3292, -12989251.2645 7350081.3867, -12989117.2766 7349995.0878, -12989063.666 7349922.2911, -12989020.8374 7349768.4292, -12989022.8938 7349575.7884, -12988989.5755 7349402.0089, -12988916.2704 7349223.5552, -12988817.8572 7349076.6424, -12988693.2861 7348951.24889999, -12988561.1764 7348859.8218, -12988400.0484 7348787.4946, -12988215.9703 7348744.36, -12988095.3017 7348666.6168, -12988013.9938 7348548.1733, -12987983.5664 7348402.082, -12987989.0675 7348233.78, -12987960.0314 7348052.1065, -12987978.9998 7347900.708, -12988039.8945 7347727.0563, -12988064.8587 7347551.9171, -12988053.5426 7347359.3112, -12987997.9604 7347139.3625, -12988015.8286 7346996.7426, -12988114.7542 7346827.4872, -12987937.8325 7346962.5116, -12987833.312 7347084.5938, -12987744.703 7347237.595, -12987690.7726 7347389.1132, -12987658.6567 7347563.3237, -12987550.61 7347738.0321, -12987402.9579 7347910.0763, -12987319.7134 7348066.0957, -12987274.7316 7348203.734, -12987253.225 7348330.6878, -12987258.5901 7348535.7785, -12987386.2688 7348502.3806, -12987430.8803 7348513.3567, -12987657.6121 7348636.2662, -12987713.5771 7348866.6505, -12987691.0032 7349008.6334, -12987615.4271 7349130.8401, -12987498.5935 7349214.2746, -12987464.4805 7349222.001, -12987458.3528 7349260.5349, -12987382.7705 7349382.7435, -12987085.9988 7349596.1055, -12986920.6065 7349764.8839, -12986752.7343 7349884.7433, -12986437.8304 7349957.027, -12986272.8239 7350020.0368, -12985969.6097 7350222.2051, -12985817.5284 7350275.2371, -12985688.5636 7350340.6773, -12985375.6669 7350561.0963, -12985235.7022 7350592.7561, -12985094.4052 7350567.7365, -12984848.8298 7350410.1196, -12984719.0765 7350346.2608, -12984549.4635 7350297.0188, -12984373.5929 7350281.1132, -12984213.7154 7350296.0974, -12983926.5235 7350360.20319999, -12983785.2344 7350335.1604, -12983664.5848 7350257.3326, -12983583.3268 7350138.8181, -12983553.9805 7349997.5178, -12983556.5031 7349717.3729, -12983465.3532 7349701.2128, -12983334.6639 7349636.7551, -12983196.5619 7349594.0027, -12982955.5889 7349572.3748, -12982776.6489 7349540.6349, -12982642.741 7349454.2295, -12982589.1939 7349381.3923, -12982546.5265 7349227.616, -12982564.4987 7349084.9693, -12982636.2486 7348960.0827, -12982764.6775 7348836.7134, -12982871.7922 7348682.3288, -12983029.6236 7348820.8573, -12983260.9283 7348933.2988, -12983269.1505 7348867.9908, -12983340.7212 7348743.3903, -12983454.7787 7348656.1956, -12983618.9959 7348613.3253, -12983778.2604 7348598.3655, -12983917.9611 7348561.2708, -12984078.1732 7348486.9411, -12984206.8579 7348396.2417, -12984167.1158 7348079.8991, -12984053.8729 7347684.537, -12983887.9212 7347503.12699999, -12983622.3763 7347323.8939, -12983541.1496 7347205.42270001, -12983465.672 7346975.5943, -12983351.5438 7346791.1863, -12983219.1292 7346660.0186, -12983208.8243 7346815.9625, -12983221.9458 7346954.4968, -12983207.2398 7347035.2513, -12983081.9458 7347237.58910001, -12982865.5123 7347448.1155, -12982747.834 7347614.6011, -12982616.1445 7347494.8725, -12982416.8252 7347363.717, -12982363.2949 7347290.8977, -12982286.2507 7347030.759, -12982188.9333 7346845.981, -12982075.8876 7346710.1242, -12981882.5016 7346561.7452, -12981828.9816 7346488.9292, -12981786.3456 7346335.205, -12981804.3257 7346192.6126, -12981879.608 7346025.999, -12981919.8356 7345853.7746, -12981982.5538 7345342.6231, -12981981.8252 7345213.9025, -12981963.2295 7345086.5384, -12981881.7278 7344859.9599, -12981744.4974 7344662.2464, -12981639.16 7344563.1869, -12981381.8806 7344375.4705, -12981024.2812 7344164.0946, -12980970.7858 7344091.29469999, -12980928.1803 7343937.6125, -12980946.171 7343795.0655, -12981004.7885 7343673.9027, -12981047.4543 7343535.6118, -12981099.8228 7343154.1463, -12981161.0988 7343023.4694, -12981197.9549 7342900.2, -12981251.239 7342511.4174, -12981322.785 7342386.9366, -12981436.7732 7342299.84309999, -12981575.4884 7342263.6703, -12981717.3747 7342284.0387, -12981852.0182 7342373.6164, -12981842.6683 7342297.4571, -12981793.5293 7342245.6319, -12981753.6628 7342241.176, -12981734.0233 7342199.2879, -12981743.4997 7342090.7732, -12981730.3761 7342032.9347, -12981708.9612 7342028.8757, -12981705.8367 7341946.6185, -12981666.8239 7341926.7586, -12981657.5424 7341895.1435, -12981673.5742 7341881.6509, -12981713.9938 7341896.7375, -12981737.4017 7341837.3333, -12981683.3554 7341799.7264, -12981680.6988 7341767.5968, -12981644.5022 7341751.6739, -12981646.3008 7341741.1648, -12981700.68 7341726.7979, -12981671.8696 7341673.7743, -12981640.8306 7341655.8307, -12981635.7303 7341633.21940001, -12981644.3908 7341620.2125, -12981685.5344 7341613.6725, -12981693.4442 7341579.1105, -12981786.0908 7341593.4297, -12981861.8347 7341508.4791, -12981917.2878 7341503.1347, -12981928.2345 7341408.8448, -12981958.0252 7341383.5766, -12981982.1068 7341387.111, -12982023.7881 7341422.2391, -12982124.6876 7341449.4838, -12982203.8882 7341407.3655, -12982229.5479 7341421.0927, -12982236.4351 7341467.6754, -12982214.1512 7341526.8992, -12982218.01 7341571.6429, -12982232.748 7341589.3404, -12982222.0392 7341608.989, -12982267.1579 7341648.793, -12982302.0979 7341713.9585, -12982377.0791 7341701.674, -12982394.9615 7341658.4885, -12982430.2069 7341702.2045, -12982475.5168 7341704.4402, -12982511.1 7341725.892, -12982490.4378 7341765.0744, -12982519.9257 7341818.9435, -12982512.4963 7341862.3335, -12982464.8494 7341964.2156, -12982566.3634 7342022, -12982597.358 7342093.5781, -12982587.9978 7342130.9683, -12982549.8055 7342163.0336))"
25,20911,418,2023-10-15 06:33:14,WCU001, ,6281.3,2023-05-25,1600,2 - non-corrected airborne GPS,Mutual Aid,Under Control,2023/06/27 20:00:00,E,6284.0,1682786400000,,3,f8ab01ee-ba8d-47e4-9762-f667006e8f34,178075041.679688,126922.648874684,"POLYGON ((-12808191.5601 7092058.0414, -12808183.3015 7092294.4145, -12808193.2633 7092473.8835, -12808226.6156 7092706.5035, -12808284.4785 7092923.9296, -12808351.5317 7093068.6567, -12808417.4171 7093149.4133, -12808497.1017 7093214.2727, -12808631.8313 7093282.6508, -12808826.4348 7093333.9104, -12809031.689 7093352.3268, -12809556.2853 7093365.1712, -12810436.3429 7093363.9354, -12810595.5151 7093386.2473, -12810689.8295 7093430.9562, -12810777.0885 7093511.8474, -12811012.5874 7093941.2593, -12811085.697 7094045.0575, -12811172.3083 7094137.1321, -12811272.1147 7094214.5627, -12811383.2191 7094276.0538, -12811560.6027 7094343.8631, -12811742.541 7094393.4266, -12812049.2776 7094444.9391, -12812646.2827 7094443.782, -12812941.7376 7094467.69, -12813790.6768 7094623.006, -12814900.4124 7094772.1111, -12816875.2584 7095135.5748, -12818385.2398 7095479.0336, -12819118.7362 7095614.8956, -12819232.988 7095662.3093, -12819579.6101 7095913.7438, -12819687.4882 7095967.7947, -12819857.9004 7096020.3957, -12820089.7674 7096065.5838, -12820316.4816 7096091.8691, -12820481.9074 7096097.7082, -12820750.4192 7096082.8691, -12820856.8974 7096101.121, -12820907.4343 7096121.6475, -12820996.5992 7096185.89, -12821209.4726 7096449.327, -12821333.6939 7096541.49099999, -12821469.2994 7096570.9543, -12821724.9946 7096543.4426, -12821802.6628 7096573.1735, -12821834.3431 7096602.8119, -12821894.8649 7096723.5823, -12821947.3978 7097063.78, -12822046.3869 7097361.3272, -12822095.2105 7097456.9989, -12822156.3792 7097539.7914, -12822229.3848 7097603.3323, -12822310.7327 7097645.5813, -12822352.9532 7097657.0422, -12822563.4096 7097626.3513, -12822730.9464 7097549.2381, -12822877.5436 7097432.5772, -12823036.8008 7097213.6035, -12823071.2239 7097187.8455, -12823146.989 7097162.23399999, -12823204.1048 7097162.953, -12823284.1006 7097187.222, -12823787.4664 7097501.5869, -12824039.0164 7097626.5261, -12824245.5134 7097696.4314, -12824542.5894 7097742.2702, -12824701.0099 7097727.9943, -12824807.6126 7097698.4369, -12825199.0992 7097491.4561, -12825354.0039 7097434.4081, -12825564.8748 7097406.6382, -12825718.8689 7097431.5623, -12825809.1526 7097485.0441, -12825846.2566 7097522.9038, -12825925.0119 7097664.7752, -12825962.5777 7097829.41, -12825983.58 7098196.5135, -12826001.0321 7098196.8972, -12826005.8154 7098387.8027, -12826061.3064 7098526.67, -12826124.868 7098592.6355, -12826245.3461 7098645.7496, -12826556.302 7098642.5828, -12826977.6058 7098720.4849, -12827309.7706 7098734.4206, -12827449.8947 7098759.7915, -12827582.0714 7098811.2233, -12827787.8527 7098925.6057, -12827861.1997 7098981.4799, -12827915.0043 7099053.6495, -12827931.5824 7099140.694, -12827924.0312 7099184.8794, -12827874.8146 7099257.66, -12827760.2814 7099305.9473, -12827531.7737 7099290.2992, -12827433.8068 7099309.6672, -12827345.6344 7099364.4917, -12827310.8161 7099404.0893, -12827263.2038 7099500.5021, -12827241.9137 7099663.8636, -12827288.6414 7100358.8266, -12827324.8417 7100466.0756, -12827425.1793 7100588.3514, -12827513.0744 7100638.7788, -12827661.2627 7100678.5563, -12827976.618 7100713.5493, -12828138.3386 7100712.1803, -12828241.4694 7100686.2703, -12828335.5643 7100634.2111, -12828556.0266 7100407.2031, -12828644.1282 7100380.0379, -12828731.5996 7100403.8274, -12828768.7015 7100434.1933, -12828818.6801 7100523.5483, -12828848.8958 7100889.1711, -12828920.2819 7101131.07769999, -12828976.6264 7101238.8355, -12829049.0089 7101326.7772, -12829091.599 7101360.9135, -12829186.5874 7101402.8105, -12829287.9386 7101410.9279, -12829389.5625 7101392.9344, -12829696.6777 7101268.3342, -12829866.0596 7101229.4544, -12830386.4081 7101187.3357, -12830783.3694 7101174.3805, -12831012.3732 7101188.5707, -12831184.6125 7101219.1418, -12831521.877 7101313.747, -12831731.2444 7101394.7393, -12831821.1758 7101457.2813, -12831891.736 7101540.3611, -12831939.1154 7101640.2728, -12831961.2902 7101750.6789, -12831945.0541 7101982.3417, -12831856.7713 7102262.9569, -12831821.2324 7102614.6973, -12831786.1356 7102721.1163, -12831720.7766 7102807.7163, -12831635.6461 7102866.7179, -12831536.9666 7102898.70979999, -12831374.5256 7102899.7366, -12831262.5087 7102870.51299999, -12831153.0076 7102824.0109, -12830994.3425 7102737.6261, -12830749.6935 7102576.4388, -12830641.163 7102530.4688, -12830461.7174 7102512.6034, -12830345.0946 7102541.0966, -12830244.8703 7102602.5373, -12830172.8887 7102688.9204, -12830119.1006 7102844.6353, -12830055.4774 7103267.2984, -12829937.4716 7103437.7746, -12829895.0595 7103468.2136, -12829744.8751 7103532.2132, -12829459.0628 7103578.1124, -12829294.5173 7103639.2817, -12829198.1009 7103703.0331, -12828851.0564 7103992.0457, -12828704.4388 7104081.6072, -12828543.8329 7104154.2967, -12828314.0321 7104219, -12827956.6931 7104286.0721, -12827600.7148 7104402.0539, -12827125.3747 7104497.6598, -12826909.3875 7104592.5526, -12826781.6898 7104707.0823, -12826719.8226 7104801.7378, -12826667.7867 7104958.4335, -12826662.0255 7105066.1032, -12826687.3725 7105224.2217, -12826763.7512 7105429.4827, -12826850.272 7105570.17189999, -12827017.0915 7105778.3609, -12827078.1828 7105918.3306, -12827082.5557 7105968.4461, -12827059.3521 7106065.1967, -12826996.9006 7106146.3499, -12826954.9145 7106175.493, -12826857.5986 7106201.5332, -12826756.0143 7106187.4662, -12826707.4687 7106165.6073, -12826321.055 7105847.9861, -12826121.4039 7105722.2562, -12826009.3757 7105673.2339, -12825763.6736 7105622.9168, -12825189.377 7105596.4265, -12825002.5832 7105563.7643, -12824887.1855 7105525.167, -12824746.5575 7105431.396, -12824659.055 7105300.8067, -12824633.8733 7105201.1922, -12824599.543 7104781.1762, -12824561.9269 7104623.6422, -12824518.8311 7104521.957, -12824459.0256 7104426.0832, -12824335.3505 7104302.5167, -12824173.9875 7104213.2858, -12823640.8403 7104013.8601, -12823394.3032 7103876.5655, -12823292.9964 7103799.1844, -12823284.2131 7103776.261, -12822920.592 7103459.1827, -12822727.5883 7103329.3667, -12822558.6256 7103288.6143, -12822207.7615 7103312.1117, -12822100.6484 7103292.5666, -12822016.4651 7103246.6109, -12821995.4082 7103253.7065, -12821909.315 7103079.9109, -12821851.8443 7102743.2931, -12821657.973 7102123.1284, -12821638.027 7101972.0217, -12821624.9352 7101631.5104, -12821590.4341 7101536.6057, -12821523.8977 7101457.2547, -12821426.7757 7101408.7252, -12821311.3047 7101406.9442, -12821202.8021 7101460.7254, -12821158.5185 7101504.1052, -12821097.987 7101608.4958, -12820986.149 7101958.2056, -12820883.6432 7102105.2236, -12820792.6678 7102178.8128, -12820688.8863 7102224.2913, -12820579.2871 7102238.101, -12820474.5127 7102217.564, -12820391.5603 7102162.1162, -12820338.7724 7102079.3004, -12820322.9351 7102030.6979, -12820314.6944 7101867.9993, -12820349.2014 7101699.9639, -12820451.6002 7101425.3243, -12820480.601 7101312.0235, -12820493.9631 7101197.5436, -12820488.7711 7101083.1535, -12820447.5331 7100915.4478, -12820356.2626 7100710.2041, -12820257.4264 7100578.5236, -12820167.2046 7100514.19, -12820114.8059 7100491.1172, -12819999.3314 7100472.6701, -12819879.5368 7100488.5272, -12819821.5844 7100509.701, -12819662.6614 7100614.5399, -12819486.657 7100811.5945, -12819417.0368 7100927.3705, -12819343.7696 7101116.2135, -12819191.1495 7101818.9659, -12819132.722 7101930.3983, -12819092.5852 7101975.2511, -12818997.3967 7102034.7284, -12818895.4979 7102052.8835, -12818800.3107 7102035.0731, -12818683.4575 7101957.4489, -12818629.14 7101880.7788, -12818575.8145 7101744.1362, -12818555.277 7101645.746, -12818563.634 7101548.4235, -12818608.6188 7101463.6578, -12818754.598 7101319.1283, -12818853.261 7101189.181, -12818953.3566 7100988.0097, -12819071.7021 7100663.1164, -12819122.9393 7100565.4487, -12819197.6247 7100490.9056, -12819243.4814 7100466.6469, -12819344.5162 7100443.8906, -12819552.7037 7100423.4692, -12819648.0803 7100389.228, -12819763.4877 7100294.4788, -12819824.6594 7100154.7766, -12819829.4759 7100101.0057, -12819812.5273 7099990.7219, -12819761.8674 7099884.9934, -12819486.6068 7099536.6207, -12819162.0623 7098972.3452, -12819085.061 7098890.1687, -12819037.2264 7098857.8914, -12818983.7221 7098833.7539, -12818866.1208 7098811.4173, -12818441.1804 7098775.5019, -12818316.9739 7098786.0406, -12818196.378 7098829.604, -12818094.1667 7098908.6362, -12818022.4648 7099021.0828, -12817999.9371 7099086.0272, -12817977.7449 7099224.8142, -12817968.2884 7099597.7767, -12817947.8994 7099827.4616, -12817834.3642 7100354.6673, -12817817.4633 7100504.9523, -12817827.6409 7100649.8392, -12817866.9428 7100778.0698, -12817932.5787 7100884.6206, -12818081.4394 7101072.2173, -12818135.7498 7101174.9237, -12818166.385 7101283.3165, -12818174.2174 7101396.0728, -12818149.2601 7101561.7035, -12818108.0414 7101665.643, -12818041.951 7101755.3951, -12817999.2078 7101790.3275, -12817901.9513 7101832.4128, -12817741.4969 7101833.3353, -12817579.818 7101790.2959, -12817144.4047 7101639.5633, -12817028.9863 7101613.4308, -12816911.2519 7101608.2235, -12816739.7933 7101648.1004, -12816525.8442 7101740.6284, -12816388.9527 7101837.5101, -12816249.1116 7101981.9463, -12816004.3962 7101706.3281, -12815455.227 7101550.6969, -12815602.8286 7101569.9193, -12815821.5184 7101574.5858, -12816038.6253 7101546.7143, -12816175.2997 7101472.0134, -12816259.5984 7101346.2249, -12816285.6559 7101246.2672, -12816289.8392 7101142.2479, -12816249.8526 7100985.385, -12816191.5844 7100887.4751, -12815971.9231 7100626.4418, -12815907.3455 7100490.6576, -12815893.567 7100399.7261, -12815907.8925 7100314.5813, -12815949.2492 7100241.2426, -12816191.5015 7100064.7469, -12816245.8381 7099994.8654, -12816283.7641 7099905.0756, -12816310.1589 7099756.6379, -12816342.6499 7099302.5122, -12816337.3379 7099107.4744, -12816308.0688 7099017.9258, -12816246.4581 7098940.9242, -12816100.7652 7098867.168, -12815923.5909 7098845.5619, -12815369.6076 7098843.0287, -12815262.6746 7098814.6282, -12815184.1925 7098760.3134, -12815137.8786 7098685.9883, -12815115.1897 7098598.6119, -12815081.7854 7098053.2917, -12815037.8947 7097844.47160001, -12814964.9254 7097698.9601, -12814871.3822 7097563.8538, -12814696.5653 7097423.7544, -12814547.4484 7097341.0743, -12814375.1824 7097297.7442, -12813388.851 7097256.3077, -12813220.3574 7097213.6216, -12813128.3832 7097157.643, -12812950.9533 7096988.9381, -12812277.409 7096423.23349999, -12811901.8198 7096130.0883, -12811770.418 7095984.1041, -12811686.7184 7095819.2912, -12811648.7329 7095589.4551, -12811667.1328 7095147.4073, -12811655.491 7094986.8773, -12811616.8738 7094886.8292, -12811584.6563 7094843.0482, -12811496.0988 7094770.9521, -12811378.6215 7094728.5965, -12811241.8676 7094716.9829, -12810220.8345 7094775.5696, -12810001.0548 7094772.3118, -12809787.7213 7094744.3236, -12809325.1625 7094561.2221, -12809030.0919 7094374.0298, -12808837.7875 7094283.3046, -12808628.4685 7094221.8251, -12808408.3601 7094196.9008, -12808184.6304 7094220.2567, -12808046.5695 7094270.37259999, -12807924.6595 7094346.756, -12807609.643 7094620.711, -12807498.1763 7094691.5047, -12807323.3194 7094767.7255, -12807204.2514 7094800.0646, -12806742.1254 7094777.9101, -12806699.4333 7094746.44609999, -12806613.944 7094618.4212, -12806591.2416 7094515.6939, -12806552.2667 7094020.7244, -12806506.0372 7093852.1436, -12806435.8649 7093727.5167, -12806363.6057 7093673.2074, -12806259.611 7093620.7233, -12805264.0205 7093327.3093, -12805097.9512 7093261.3498, -12804946.756 7093173.1021, -12804405.0315 7092802.0185, -12804028.0374 7092499.3909, -12803865.1708 7092413.9602, -12803750.3123 7092391.9797, -12803639.0057 7092407.1695, -12803548.4631 7092463.3379, -12803494.0137 7092548.0516, -12803483.7419 7092596.1284, -12803491.5265 7092693.9383, -12803566.4775 7092944.2371, -12803583.2431 7093050.3818, -12803567.5173 7093206.1622, -12803524.0204 7093300.1477, -12803455.18 7093377.028, -12803321.2007 7093454.8879, -12803165.1172 7093493.6598, -12803059.0521 7093492.5158, -12803010.5682 7093480.3083, -12802931.8228 7093434.4074, -12802889.1123 7093363.9228, -12802880.1439 7093278.2176, -12802934.6887 7092997.6043, -12802924.8607 7092846.1658, -12802859.8389 7092706.6344, -12802741.9747 7092597.1783, -12802403.1844 7092386.0782, -12802044.8974 7092115.0812, -12801842.8192 7092001.0996, -12801671.2314 7091944.8126, -12801296.1171 7091890.6391, -12801111.5073 7091839.9127, -12800872.0459 7091747.2091, -12800473.4395 7091544.1739, -12800295.6778 7091472.0001, -12800168.4725 7091443.3693, -12800036.3559 7091431.5116, -12799835.7755 7091449.9776, -12799634.8862 7091504.9747, -12799105.519 7091711.1153, -12798752.2362 7091782.8269, -12798465.2864 7091806.0839, -12798103.4205 7091808.6979, -12797890.9901 7091786.4737, -12797756.9328 7091751.4955, -12797634.8645 7091695.0111, -12797533.5647 7091616.0665, -12797459.6497 7091518.479, -12797413.6316 7091407.6575, -12797389.8212 7091230.4073, -12797433.4458 7090804.7591, -12797429.9483 7090614.257, -12797384.0871 7090423.3153, -12797325.6824 7090303.7468, -12797193.5228 7090145.8022, -12796968.714 7089968.8175, -12796656.8952 7089682.8881, -12796540.3518 7089592.8178, -12796410.3155 7089514.95709999, -12796266.2936 7089452.6033, -12796029.169 7089390.706, -12795780.1148 7089362.5298, -12795104.9036 7089321.1045, -12794853.1548 7089282.0365, -12794689.4587 7089238.0053, -12794457.0442 7089141.2178, -12794170.3862 7088972.8326, -12793911.8036 7088773.4818, -12793485.3968 7088403.3798, -12793350.2117 7088310.8178, -12793125.8004 7088196.7953, -12792811.2869 7088079.3463, -12792573.8692 7088014.79, -12792337.3164 7087986.7044, -12791882.062 7087978.4641, -12791740.3319 7087955.6742, -12791609.1417 7087913.0942, -12791444.1653 7087806.8376, -12791323.9823 7087660.8654, -12791263.9679 7087491.0916, -12791258.2493 7087374.1561, -12791276.9067 7087260.692, -12791315.7232 7087153.7501, -12791369.5783 7087054.5991, -12791605.7727 7086728.2227, -12791812.7502 7086523.2987, -12792007.4108 7086388.9293, -12792173.3511 7086317.7462, -12792292.949 7086288.6507, -12792863.9877 7086255.466, -12792989.7674 7086235.518, -12793163.7844 7086172.0322, -12793263.839 7086104.5416, -12793345.8805 7086018.7187, -12793402.6376 7085920.3741, -12793524.6838 7085538.6576, -12793609.6126 7085393.3631, -12793733.0788 7085286.4877, -12793833.5256 7085242.5472, -12793942.4927 7085220.3256, -12794928.0131 7085238.3962, -12795162.5053 7085284.4385, -12795448.7414 7085388.9896, -12795900.1064 7085599.8902, -12796225.0545 7085795.3742, -12796482.9795 7085980.5081, -12797040.6765 7086424.6861, -12797360.3874 7086660.7523, -12797531.4486 7086741.0978, -12797713.3218 7086776.0708, -12797834.6115 7086770.0086, -12797952.3288 7086742.7946, -12798234.786 7086630.3686, -12798411.4614 7086578.3283, -12798780.3873 7086522.025, -12799172.3498 7086499.8651, -12800009.9522 7086512.3832, -12801658.8813 7086434.8866, -12801847.9121 7086405.1186, -12802031.6106 7086358.1757, -12802205.0101 7086294.0199, -12802445.3908 7086154.0701, -12802487.0558 7086122.2941, -12802554.3251 7085959.5945, -12802631.3865 7085829.9353, -12802688.7637 7085785.3451, -12803208.9578 7085576.179, -12803401.6243 7085526.7336, -12803514.894 7085522.5017, -12803586.3852 7085551.5139, -12803714.4006 7085654.7372, -12803822.6198 7085715.0729, -12803938.9363 7085746.2428, -12804498.3715 7085821.7487, -12804689.9567 7085863.8392, -12805009.854 7085985.6265, -12805175.0255 7086093.6822, -12805245.5521 7086167.5836, -12805316.9459 7086312.0126, -12805341.2621 7086420.7692, -12805381.466 7086827.962, -12805425.3787 7087005.0979, -12805469.5375 7087117.2879, -12805561.906 7087267.9212, -12805639.9097 7087353.234, -12805728.9007 7087423.9508, -12805827.5087 7087469.4523, -12805928.601 7087478.555, -12805976.1803 7087467.453, -12806020.4704 7087447.4108, -12806095.9413 7087384.65820001, -12806212.9643 7087216.9629, -12806491.6818 7086726.1994, -12806581.3916 7086619.9854, -12806655.6937 7086582.0644, -12806694.5913 7086577.8757, -12806764.7699 7086599.2987, -12806791.2667 7086624.0159, -12806820.4664 7086694.3187, -12806823.4416 7086735.5702, -12806776.387 7087110.4403, -12806784.6805 7087206.2678, -12806813.3118 7087292.839, -12806887.5369 7087386.8136, -12807054.34 7087476.5751, -12807115.163 7087527.81, -12807267.1429 7087778.4884, -12807451.219 7087974.3207, -12807500.5304 7088044.3332, -12807560.6274 7088209.3422, -12807654.0214 7088918.7395, -12807761.6286 7089318.3, -12807769.7128 7089972.4587, -12807785.9399 7090114.3953, -12807814.8283 7090204.4512, -12807880.3478 7090330.0346, -12808106.1433 7090634.5155, -12808163.4957 7090769.9883, -12808200.1158 7090916.3836, -12808221.3311 7091265.6039, -12808191.5601 7092058.0414))"
26,20913,1136,2023-10-15 06:33:14,HWF030,Paskwa,97373.9,2023-07-18,0730,0 - hand sketch of any type,Wildfire,Under Control,2023/08/14 19:00:00,E,96582.0,1683041340000,Under Investigation,1,a9963a81-38a9-4b70-a9c1-9512bf006c00,3552594470.39063,660281.366760271,"POLYGON ((-12663716.6714 8096987.3939, -12663690.0322 8097118.80839999, -12663717.8916 8097137.1206, -12663806.3607 8097268.5486, -12663837.2523 8097424.0202, -12663805.7624 8097579.376, -12663716.7815 8097710.4676, -12663584.1382 8097796.9172, -12663428.4489 8097825.2857, -12663273.9149 8097791.1628, -12663130.3153 8097689.8003, -12663074.6524 8097607.09269999, -12663022.882 8097385.0398, -12663045.768 8097278.5575, -12662875.3906 8097093.8532, -12662654.0512 8097072.5836, -12662497.8845 8097092.994, -12662273.6308 8097154.69969999, -12662188.0605 8097135.791, -12662154.24 8097157.8238, -12662092.8494 8097168.9983, -12661887.601 8097123.6378, -12661651.1276 8096942.1434, -12661600.9501 8096969.7433, -12661539.5601 8096980.913, -12661283.5884 8096924.3219, -12661068.1761 8096814.8361, -12660845.5902 8096756.8353, -12660660.6085 8096751.7191, -12660518.642 8096802.0427, -12660297.7371 8096842.1996, -12660088.5971 8096779.4881, -12659936.8864 8096672.3034, -12659914.1981 8096635.0448, -12659859.9659 8096601.876, -12659773.6711 8096473.5321, -12659747.5893 8096361.4398, -12659701.3206 8096285.4574, -12659661.4516 8096114.1036, -12659678.6169 8096012.6009, -12659506.3848 8095973.7632, -12659377.1046 8095882.4113, -12659293.1168 8095748.1006, -12659267.4735 8095591.7096, -12659309.5339 8095414.9476, -12659268.994 8095240.6706, -12659311.1097 8094923.5974, -12659301.6326 8094837.3917, -12659229.2629 8094715.0457, -12659138.0428 8094483.7431, -12659008.428 8094296.7578, -12658929.9229 8094220.5555, -12658521.3465 8093910.7903, -12658471.149 8093836.10440001, -12658348.8554 8093833.7542, -12658424.3934 8094286.5663, -12658380.7531 8094501.0707, -12658323.4863 8094559.9736, -12658171.118 8094659.1224, -12658015.4744 8094687.3664, -12657861.0306 8094653.1462, -12657717.5647 8094551.7229, -12657661.985 8094469.0103, -12657612.1565 8094242.1361, -12657647.3076 8094034.6207, -12657785.579 8093835.4883, -12657840.0149 8093724.1848, -12657804.6581 8093709.9658, -12657338.9441 8093280.2762, -12657196.2427 8092994.5943, -12657132.1083 8092363.6411, -12657172.4192 8092212.4443, -12657021.894 8092092.8205, -12656966.34 8092010.1298, -12656926.5556 8091838.8592, -12656953.0235 8091682.69, -12657037.6807 8091548.9077, -12657167.3682 8091458.3007, -12657382.2304 8091411.93559999, -12657602.4127 8091390.1997, -12657781.9873 8091286.2024, -12657938.4082 8091263.1441, -12658030.0358 8091286.6535, -12658109.6276 8091276.6132, -12658149.9608 8091256.3883, -12658317.9873 8091250.3288, -12658782.7822 8091268.544, -12659036.5595 8091370.5638, -12659095.0485 8091014.7187, -12659095.3952 8090802.1297, -12659046.0237 8090577.2805, -12658937.9417 8090354.3427, -12658817.08 8090201.5998, -12658669.3524 8090074.7668, -12658516.2928 8089985.888, -12658328.0284 8089916.1974, -12658156.4575 8089794.9218, -12658072.5592 8089660.7068, -12658046.9613 8089504.4387, -12658166.1578 8089028.9597, -12658176.2814 8088887.4893, -12658164.0668 8088728.4346, -12658132.4636 8088590.1861, -12658074.3682 8088441.6642, -12657818.8279 8088029.5432, -12657793.2407 8087873.3081, -12657823.0993 8087747.9314, -12657599.0697 8087577.2914, -12657543.5427 8087494.655, -12657503.5671 8087322.6242, -12657510.1436 8087091.6652, -12657467.0578 8086860.2989, -12657493.4962 8086704.2312, -12657578.0868 8086570.5309, -12657707.6813 8086479.97389999, -12658031.662 8086400.5693, -12658168.4327 8086338.527, -12658175.8916 8086294.4711, -12658260.4655 8086160.7703, -12658398.2327 8086068.4379, -12658465.0375 8085913.6067, -12658546.5791 8085788.1786, -12658647.581 8085676.6419, -12658763.8432 8085578.7368, -12659620.4263 8085048.8629, -12659971.1699 8084753.4721, -12660095.6861 8084669.2711, -12660295.5769 8084573.6836, -12660581.3397 8084484.2851, -12660651.3912 8084448.7651, -12661053.264 8084174.99099999, -12661232.6738 8084002.755, -12661246.2478 8083984.6383, -12661175.2272 8083968.9358, -12660993.8978 8083877.0142, -12660809.4876 8083824.4492, -12660666.1881 8083723.2301, -12660610.6551 8083640.6587, -12660570.8304 8083469.5979, -12660597.1917 8083313.5888, -12660681.6885 8083179.913, -12660811.1869 8083089.3423, -12660965.5612 8083055.9501, -12661152.8015 8083090.8923, -12661288.6763 8083140.9211, -12661427.0105 8083170.5708, -12661746.2309 8083171.786, -12661827.7916 8083139.6047, -12661968.0077 8083130.968, -12662105.9084 8083172.2136, -12662301.9275 8083308.4965, -12662318.8903 8083178.9855, -12662302.2105 8082955.4407, -12662328.9786 8082796.8004, -12662413.4388 8082663.1139, -12662449.3725 8082637.9695, -12662482.8818 8082463.0345, -12662575.9702 8082335.2353, -12662711.124 8082253.4118, -12662867.3416 8082230.2766, -12663020.3448 8082269.4246, -12663355.0191 8082517.537, -12663470.3799 8082503.0311, -12663532.5056 8082528.0526, -12663571.126 8082466.9019, -12663700.5774 8082376.2894, -12663854.9244 8082342.8405, -12663945.3605 8082359.6812, -12664270.3996 8082319.8607, -12664421.3202 8082269.4258, -12664559.1429 8082198.01699999, -12664717.6045 8082163.6573, -12664872.8629 8082192.5506, -12665004.9107 8082279.3131, -12665093.2289 8082410.4651, -12665124.088 8082565.6245, -12665067.4379 8082799.13620001, -12664828.082 8082966.1694, -12664655.2478 8082985.9229, -12664752.9721 8083053.465, -12664820.4276 8083144.5784, -12664861.4159 8083350.70579999, -12664830.0083 8083505.7757, -12664741.2143 8083636.6353, -12664608.8327 8083722.9432, -12664453.4402 8083751.282, -12664250.5799 8083714.4457, -12664062.0059 8083712.69659999, -12663967.0612 8083729.3309, -12663977.562 8083788.1233, -12663946.1342 8083943.198, -12663906.3236 8084001.8533, -12664056.5099 8084003.2849, -12664277.0968 8083952.51169999, -12664413.2165 8083883.5145, -12664727.2653 8083655.2762, -12664871.1125 8083599.0613, -12665028.2956 8083583.1916, -12665183.6252 8083600.7361, -12665657.7962 8083711.6905, -12666198.0389 8083949.5568, -12666366.944 8083982.8164, -12666538.6282 8083978.0832, -12667033.7608 8083848.99279999, -12667514.8927 8083788.328, -12667663.5432 8083748.2027, -12667796.2584 8083678.7131, -12667851.6621 8083627.4835, -12667900.5776 8083570.7566, -12667975.6981 8083436.78760001, -12668013.3255 8083292.6707, -12667977.7114 8083284.8304, -12667825.2797 8083189.7878, -12667678.3057 8083128.7166, -12667247.4259 8083028.8074, -12667104.0538 8082927.72209999, -12667048.4553 8082845.2069, -12667008.4875 8082674.1976, -12667034.7119 8082518.1815, -12667119.0852 8082384.4461, -12667248.4926 8082293.77260001, -12667608.8677 8082214.3049, -12667774.9665 8082153.8284, -12667898.7091 8082085.1848, -12668216.9336 8081862.9103, -12668371.2504 8081829.37, -12668526.5164 8081858.1861, -12668658.6012 8081944.8803, -12668746.9797 8082075.9837, -12668770.5245 8082194.0661, -12668946.9716 8082080.6027, -12669158.9111 8081977.1453, -12669673.5224 8081805.0987, -12669740.8837 8081771.6851, -12669853.6466 8081676.1454, -12669894.7253 8081618.0471, -12669929.2103 8081475.8979, -12669889.7475 8081113.0521, -12669907.9873 8080897.8052, -12669964.9587 8080759.1637, -12670088.5882 8080569.746, -12670382.5497 8080290.1251, -12670478.1303 8080158.9801, -12670543.8888 8080007.6249, -12670558.9949 8079928.6164, -12670562.1747 8079848.0342, -12670539.6041 8079726.3574, -12670356.6757 8080024.8582, -12670209.8615 8080120.7335, -12670054.5639 8080149.176, -12669900.3628 8080115.2724, -12669758.9794 8080025.1977, -12669613.1363 8079961.631, -12669170.0764 8079857.2253, -12669026.8433 8079771.9365, -12668861.9264 8079708.4564, -12668578.2663 8079661.5715, -12668483.297 8079629.0657, -12668319.8285 8079520.8936, -12668175.1377 8079454.7633, -12667710.6182 8079343.2909, -12667567.31 8079242.2644, -12667511.7335 8079159.7932, -12667471.7742 8078988.8702, -12667497.9756 8078832.9287, -12667641.4271 8078575.1089, -12667689.3161 8078423.1974, -12667737.3419 8078148.5495, -12667821.653 8078014.8835, -12667897.8014 8077961.51690001, -12667811.1635 8077899.063, -12667755.594 8077816.608, -12667715.636 8077645.7169, -12667741.8274 8077489.8024, -12667826.131 8077356.148, -12667955.4427 8077265.52220001, -12668109.666 8077232.0073, -12668269.9629 8077257.0547, -12668428.9453 8077258.5058, -12668834.3328 8077201.2695, -12669105.2974 8077209.6093, -12669347.5528 8077154.0686, -12669507.6327 8077079.3317, -12669652.3226 8076977.8796, -12669777.2257 8076852.797, -12669907.1005 8076649.8559, -12669926.0265 8076470.0588, -12670010.8455 8076268.7535, -12670012.9807 8076147.3165, -12669992.2571 8075989.419, -12669947.1349 8075836.7166, -12669869.7563 8075677.705, -12669732.7887 8075472.017, -12669692.7979 8075301.1901, -12669761.089 8074910.58829999, -12669770.363 8074733.9527, -12669748.8804 8074558.3915, -12669652.7832 8074171.7633, -12669678.9218 8074015.9136, -12669763.1514 8073882.2986, -12669892.3797 8073791.6806, -12670046.523 8073758.1406, -12670330.5508 8073786.4278, -12670760.8946 8073728.7751, -12670913.7671 8073767.7163, -12670984.5455 8073821.1534, -12671030.856 8073744.7184, -12671081.8095 8073708.9761, -12671286.5557 8073664.3906, -12671441.6642 8073693.1135, -12671589.8927 8073790.3197, -12671763.2922 8073963.7175, -12671911.3561 8074060.0301, -12672124.709 8074144.1993, -12672351.4955 8074178.1228, -12672597.4072 8074156.5262, -12672830.795 8074075.9635, -12673037.789 8073941.2241, -12673151.1094 8073829.6029, -12673241.7273 8073707.7382, -12673370.9464 8073617.037, -12673575.677 8073572.3891, -12673958.4294 8073634.1074, -12674117.1941 8073640.9914, -12674257.7008 8073626.1393, -12674724.4082 8073534.4993, -12675048.2352 8073605.6825, -12675180.2512 8073692.1659, -12675268.6478 8073823.0483, -12675304.3911 8073984.2658, -12675360.1292 8074133.3668, -12675525.0201 8074424.59179999, -12675455.5784 8074674.5477, -12675397.2032 8074754.98219999, -12675250.5565 8074850.8905, -12674858.289 8074927.9825, -12674794.8987 8074954.976, -12674826.2224 8075134.5958, -12675168.8405 8075195.29479999, -12675746.1788 8075341.8533, -12675883.3551 8075145.8143, -12675936.2719 8074934.1474, -12676095.0222 8074709.251, -12676227.3141 8074457.8963, -12676280.2309 8074127.1664, -12676412.5228 8073981.6453, -12676703.5652 8073968.4163, -12676941.6906 8074113.93729999, -12677298.8787 8074219.7709, -12677348.0026 8074337.8668, -12677404.4367 8074317.23309999, -12677484.2783 8073948.716, -12677494.477 8073766.54869999, -12677558.5197 8073496.9166, -12677635.0027 8073288.9997, -12677664.285 8073078.94609999, -12677649.3351 8072867.3893, -12677555.4561 8072461.3268, -12677581.4243 8072305.4839, -12677687.0798 8072156.6388, -12677727.1999 8072028.613, -12677698.935 8072067.5844, -12677552.3703 8072163.5041, -12677397.2646 8072192.0703, -12677243.1929 8072158.355, -12677114.104 8072067.59969999, -12677030.0618 8071933.9131, -12677004.1271 8071778.0761, -12677040.3269 8071624.3107, -12677133.0323 8071496.5122, -12677267.8328 8071414.54119999, -12677423.7811 8071391.1334, -12677576.6411 8071429.926, -12677702.6598 8071524.8919, -12677775.1902 8071649.174, -12677765.7137 8071546.2646, -12677792.6377 8071384.65779999, -12677876.6934 8071250.9969, -12678005.779 8071160.2694, -12678159.8324 8071126.5731, -12678314.9159 8071155.1437, -12678446.9269 8071241.5411, -12678535.3522 8071372.3426, -12678566.4457 8071527.2198, -12678489.0645 8071850.6066, -12678785.7996 8071922.707, -12678926.5296 8071934.8962, -12679068.7633 8071927.232, -12679274.7941 8071965.1619, -12679406.8306 8072051.5518, -12679498.8938 8072174.41799999, -12679598.892 8072274.3764, -12679787.9673 8072404.2464, -12679977.6643 8072481.492, -12680137.0816 8072582.5053, -12680281.7469 8072648.3433, -12680717.4386 8072742.6968, -12680892.8701 8072857.4305, -12681095.9231 8073059.2238, -12681293.6247 8073175.5366, -12681426.4493 8073223.7649, -12681804.7317 8073320.0241, -12681930.8362 8073414.9429, -12682036.6915 8073596.0931, -12682059.8015 8073795.538, -12682099.8155 8073949.6201, -12682171.8559 8074111.0868, -12682327.1347 8074357.6161, -12682363.6026 8074554.35499999, -12682528.1759 8074571.1687, -12682685.68 8074522.8426, -12682816.9051 8074419.692, -12683014.7551 8074146.5014, -12683129.1248 8074030.3442, -12683260.5301 8073940.1768, -12683403.5423 8073868.6687, -12683554.974 8073818.465, -12684208.5286 8073720.8321, -12684932.2354 8073497.9358, -12685758.9606 8073281.8318, -12685907.5443 8073209.7157, -12686039.612 8073116.6608, -12686153.7571 8073003.7862, -12686239.1893 8072868.2948, -12686294.2681 8072716.76389999, -12686309.1497 8072553.8741, -12686296.0548 8072391.8401, -12686211.3111 8071910.0478, -12686154.9388 8071675.5925, -12686055.2635 8071377.5629, -12685991.6665 8071237.1843, -12685911.0378 8071106.4607, -12685866.7012 8071042.6758, -12685751.8586 8070940.0667, -12685426.7964 8070727.8882, -12685247.7072 8070586.4819, -12685143.1802 8070478.5793, -12684903.2755 8070182.2692, -12684686.5271 8069953.6608, -12683709.2349 8069137.3408, -12683572.3824 8069058.3299, -12683423.5854 8069002.6362, -12683269.1629 8068980.6472, -12683111.7962 8068990.2542, -12682956.435 8069030.6729, -12682603.823 8069215.6141, -12682384.5922 8069293.686, -12682234.4501 8069317.1313, -12681556.4458 8069363.6173, -12681411.7415 8069342.848, -12681349.7997 8069316.7019, -12681254.9703 8069233.125, -12681195.1956 8069118.7299, -12681179.4475 8069056.2927, -12681180.2193 8068924.4183, -12681275.6552 8068406.4152, -12681302.7283 8068347.3445, -12681381.5592 8068244.1089, -12681627.8109 8068081.6465, -12681680.335 8068027.7131, -12681747.6444 8067890.8359, -12681763.1308 8067817.4232, -12681762.591 8067669.1065, -12681706.51 8067450.0839, -12681330.9552 8066955.3686, -12681248.8311 8066823.4603, -12681187.1136 8066683.224, -12681059.3225 8066322.9716, -12680904.1748 8065810.1752, -12680862.7955 8065592.697, -12680868.3949 8065446.1269, -12680944.5579 8065156.8691, -12681005.6259 8065018.0793, -12681087.8946 8064892.1143, -12681253.3134 8064733.1225, -12681576.1901 8064537.6693, -12681692.4597 8064444.8357, -12681778.3019 8064328.9884, -12681835.5607 8064197.7825, -12681862.7934 8064057.4358, -12681861.6468 8063912.13, -12681774.9864 8063472.3325, -12681765.3962 8063251.8475, -12681818.5865 8063030.0996, -12681974.3541 8062665.7541, -12682027.3904 8062428.897, -12682015.5422 8062282.1798, -12681974.955 8062141.9894, -12681850.0251 8061892.4666, -12681269.7629 8061367.2919, -12680596.8086 8061064.8229, -12680435.1079 8060930.143, -12680119.8028 8060546.6296, -12679998.7669 8060376.3902, -12679634.5649 8059590.6642, -12679524.3734 8059390.943, -12679422.1115 8059275.9326, -12679065.5887 8058994.3381, -12678812.4685 8058716.3231, -12678739.5748 8058594.1393, -12678684.3918 8058464.3096, -12678621.2557 8058224.36069999, -12678402.1938 8058270.0832, -12678129.7246 8058380.6256, -12677717.2039 8058638.5514, -12677562.3784 8058667.0716, -12677408.5833 8058633.42189999, -12677265.5371 8058532.8604, -12677209.1233 8058449.3827, -12677156.5131 8058301.2766, -12677090.2187 8058176.6071, -12676922.2453 8057972.791, -12676812.606 8057883.9834, -12676691.6994 8057811.3258, -12676528.3227 8057745.3358, -12676336.5447 8057699.9635, -12676160.8934 8057576.44259999, -12676137.4138 8057538.1635, -12676113.472 8057654.7405, -12675986.4711 8057842.5262, -12675934.4986 8057876.52399999, -12675678.0164 8057923.70539999, -12675436.4096 8057916.6066, -12675212.2234 8057962.4345, -12674989.034 8058066.8476, -12674644.6266 8058313.2777, -12674489.797 8058341.7328, -12674336.0227 8058308.0215, -12674193.0244 8058207.406, -12674137.5292 8058125.2148, -12674097.5278 8057954.8043, -12674123.5155 8057799.2737, -12674239.5943 8057609.0776, -12673968.8492 8057580.6857, -12673527.9464 8057650.70759999, -12673374.1906 8057616.9797, -12673231.218 8057516.355, -12673175.7386 8057434.1646, -12673135.7629 8057263.7649, -12673234.0117 8056782.7629, -12673236.4314 8056641.5554, -12673218.9861 8056500.2772, -12673233.8037 8056365.1542, -12673231.0734 8056143.5793, -12673191.4073 8055971.6734, -12673115.6474 8055796.5534, -12673077.8463 8055568.695, -12673084.0686 8055388.6694, -12673055.3937 8055196.79609999, -12672897.1906 8054585.9719, -12672839.0617 8054438.23439999, -12672756.5298 8054295.8206, -12672730.7423 8054140.3346, -12672782.7478 8053919.9782, -12672891.4331 8053739.6404, -12673288.2171 8053485.3511, -12673435.3974 8053359.3362, -12673592.1547 8053146.9531, -12673688.6964 8052901.1658, -12673713.1136 8052762.1458, -12673717.9807 8052621.0769, -12673699.9857 8052463.3441, -12673630.2934 8052163.0816, -12673650.5655 8051989.0283, -12673643.6984 8051861.2917, -12673601.6393 8051641.126, -12673524.3733 8051463.3239, -12673497.8829 8051303.8606, -12673575.5176 8050967.3875, -12673590.0023 8050752.6176, -12673630.9264 8050579.1236, -12673723.4273 8050451.7229, -12674122.1264 8050225.5691, -12674307.7658 8050063.758, -12674448.8098 8049861.7617, -12674544.3808 8049599.0439, -12674629.682 8049463.5258, -12674800.703 8049343.4282, -12675018.4233 8049295.1711, -12675197.1523 8049220.8876, -12675592.181 8048952.6353, -12675745.7891 8048919.0851, -12675900.4042 8048947.6183, -12676210.7377 8049148.9582, -12676414.2764 8049239.3149, -12676581.1613 8049365.1132, -12676660.5004 8049501.1048, -12676688.0126 8049708.5246, -12676665.7295 8049784.4203, -12676547.19 8049947.818, -12676430.2164 8050047.5117, -12676326.7875 8050164.8017, -12676646.5351 8050353.7599, -12676852.119 8050505.6122, -12677437.4988 8051194.0242, -12677686.6912 8051656.3148, -12677835.6989 8052199.4543, -12678097.2289 8052694.4544, -12678298.3973 8052660.9263, -12678801.3183 8052727.9826, -12679069.5429 8052878.8589, -12679203.6551 8053080.0271, -12679253.9471 8053297.9597, -12679153.3631 8053398.5438, -12679170.127 8053532.656, -12679740.1042 8053951.7569, -12679807.1603 8054287.0377, -12679773.6322 8054572.0261, -12680075.3848 8054857.0148, -12680829.7664 8054940.835, -12681248.8672 8054789.9587, -12681684.7321 8054940.8349, -12682087.0688 8055242.5875, -12682422.3495 8055376.6999, -12682522.9337 8055443.756, -12682673.8101 8055142.0032, -12682791.1581 8055125.2393, -12683025.8546 8054907.3069, -12682757.6302 8054605.5543, -12682422.3496 8054354.0937, -12681818.8443 8054320.5658, -12681332.6872 8054454.6779, -12680947.1146 8054538.4981, -12680628.5979 8054404.3859, -12680645.362 8053901.4649, -12680779.4743 8053515.8921, -12680578.3058 8052878.8588, -12680326.8453 8051889.7809, -12680092.1489 8051688.6124, -12679752.3409 8050450.6083, -12679868.0315 8050334.896, -12679957.2894 8050195.4921, -12680017.1718 8050043.3045, -12680050.1688 8049880.8473, -12680055.3062 8049716.167, -12680013.8583 8049476.1158, -12679962.3247 8049327.3657, -12679884.2952 8049192.89, -12679772.9685 8049083.3027, -12679561.1236 8048963.8102, -12679326.3379 8048878.6481, -12679083.6558 8048831.6061, -12678674.9575 8048826.0103, -12677849.0634 8048952.2857, -12677678.0265 8048948.5022, -12677433.684 8048890.721, -12677290.4491 8048807.1455, -12677229.4571 8048752.5403, -12677135.2344 8048618.99849999, -12677102.3841 8048543.4354, -12677060.7637 8048384.8045, -12677055.6541 8048302.9583, -12677061.9602 8048219.5095, -12677103.1726 8048061.5404, -12677183.8217 8047918.4559, -12677288.3359 8047791.5113, -12677479.479 8047633.6501, -12677748.245 8047449.298, -12678183.3874 8047079.6271, -12678462.6897 8046939.8308, -12678839.6194 8046838.62, -12679057.5793 8046750.9558, -12679186.0123 8046663.0519, -12679339.8001 8046490.0531, -12679441.5757 8046286.9414, -12679492.1187 8046060.781, -12679519.5997 8045755.816, -12679543.9064 8045086.06, -12679621.7797 8044333.0752, -12679684.5251 8044142.5078, -12679840.3667 8043822.3129, -12679949.8663 8043628.993, -12680079.7539 8043452.6335, -12680239.1671 8043305.0533, -12680832.8876 8042867.0725, -12681020.5314 8042744.606, -12681353.0669 8042558.864, -12681557.1137 8042450.3108, -12681768.2701 8042359.9961, -12682216.177 8042265.58039999, -12682361.883 8042218.2723, -12682555.3787 8042094.041, -12682968.8452 8041551.9651, -12683169.057 8041326.9943, -12683709.8378 8040799.2506, -12684451.042 8040130.517, -12685057.3045 8039466.7428, -12685558.4556 8039020.4041, -12685679.6678 8038933.9942, -12685813.8169 8038864.0638, -12686023.8917 8038791.4795, -12686162.2155 8038767.4264, -12686512.0407 8038746.8408, -12686863.2425 8038693.7935, -12687139.2777 8038616.0115, -12687494.3499 8038492.54689999, -12687760.8376 8038339.3245, -12688171.716 8037986.7245, -12688424.4706 8037823.46809999, -12688780.1976 8037678.8754, -12689516.3924 8037437.6903, -12689742.3096 8037382.9487, -12689972.2846 8037367.1483, -12690206.7031 8037392.1088, -12690424.5034 8037461.467, -12690850.8627 8037633.0311, -12691451.7559 8037773.4666, -12692442.3559 8037875.8547, -12692382.8394 8037633.273, -12692308.3957 8037454.6606, -12692190.0799 8037279.9969, -12692038.108 8037133.7956, -12691843.2251 8037014.9004, -12691626.646 8036942.968, -12691373.1642 8036925.1459, -12691340.296 8037047.57370001, -12691282.3842 8037127.7333, -12691136.6747 8037223.4792, -12690982.3412 8037252.1983, -12690828.152 8037218.7547, -12690709.6927 8037150.9478, -12690579.1904 8037098.5228, -12690356.847 8037047.067, -12690185.9588 8036927.3765, -12690102.0731 8036794.4599, -12690075.9847 8036639.3931, -12690111.7446 8036486.2783, -12690132.2375 8036457.92199999, -12689997.3734 8036419.5045, -12689840.4174 8036309.5613, -12689784.9109 8036227.72469999, -12689744.6683 8036057.8913, -12689770.2545 8035902.7559, -12689853.6981 8035769.586, -12690014.0402 8035656.4968, -12690181.9373 8035568.0435, -12690293.9852 8035482.9984, -12690404.5121 8035369.7311, -12690559.2711 8035159.6512, -12690693.2734 8035077.8291, -12691006.9642 8035021.3583, -12691232.755 8034924.618, -12691409.1517 8034798.091, -12691508.2688 8034698.2443, -12691595.7341 8034580.5347, -12691724.1188 8034489.9405, -12691881.9004 8034455.1198, -12692023.3155 8034462.2284, -12692163.2981 8034449.5596, -12692546.4984 8034363.1075, -12692677.5673 8034312.2649, -12692800.2957 8034243.6405, -12692990.2392 8034082.4235, -12693154.5154 8033966.4561, -12693307.7401 8033932.6103, -12693462.116 8033960.7229, -12693593.6515 8034046.4253, -12693681.9068 8034176.4024, -12693742.4559 8034440.3903, -12693828.7078 8034632.894, -12693918.651 8034763.1493, -12694027.0411 8034876.9867, -12694332.5951 8035309.6842, -12694434.0176 8035407.1964, -12694563.0244 8035498.7754, -12694921.88 8035658.7548, -12695262.7186 8035922.2889, -12695395.3473 8036134.5659, -12695583.8669 8036324.6277, -12695676.8234 8036461.4507, -12695716.8085 8036658.2598, -12695608.2461 8036587.5694, -12695513.4677 8036553.2605, -12695735.6666 8036670.8716, -12695818.0227 8036748.6914, -12695871.8226 8036882.2896, -12696632.1716 8036842.0439, -12696782.1561 8036852.9809, -12696992.0027 8036910.6548, -12697111.8512 8036983.486, -12697159.6071 8037031.5067, -12697201.3965 8037086.546, -12697260.6648 8037211.8074, -12697372.68 8037874.827, -12697444.893 8038052.1013, -12697573.8083 8038195.92, -12698196.2459 8038595.02, -12698353.9428 8038728.8213, -12698456.8243 8038900.66529999, -12698544.5923 8039308.8627, -12698672.8286 8039679.9815, -12698741.522 8039785.3093, -12698829.9375 8039869.0212, -12698881.3913 8039899.6462, -12698993.093 8039926.8317, -12699052.2629 8039923.7986, -12699162.1446 8039885.7779, -12699259.6438 8039811.1475, -12699363.72 8039647.6112, -12699505.5243 8039356.6791, -12699607.9569 8039201.4701, -12699917.2543 8038917.4695, -12700241.71 8038454.9613, -12700301.7054 8038337.7941, -12700367.2726 8038148.1075, -12700444.2056 8037696.3447, -12700477.2285 8037581.1437, -12700540.1946 8037422.0522, -12700623.8307 8037286.334, -12700700.3462 8037220.7799, -12700826.9702 8037146.0031, -12700916.0909 8037108.8727, -12701012.5435 8037091.7018, -12701121.3268 8037110.152, -12701439.1459 8037272.442, -12701512.1789 8037281.6481, -12701577.8201 8037255.4475, -12701625.402 8037190.3461, -12701632.2999 8037142.9002, -12701588.6646 8036825.9762, -12701595.4142 8036655.8403, -12701631.6637 8036542.7579, -12701742.9774 8036408.3136, -12701844.4322 8036353.8658, -12701962.2046 8036336.9476, -12702321.6013 8036427.4512, -12702444.2495 8036418.8329, -12702560.4985 8036385.35980001, -12702665.7233 8036316.3791, -12702795.9429 8036177.0555, -12703031.0238 8035784.9851, -12703212.1463 8035544.0373, -12703254.481 8035507.2789, -12703354.5572 8035459.614, -12703401.4857 8035453.569, -12703512.5697 8035478.251, -12703603.2801 8035548.7787, -12703631.2141 8035592.9427, -12703654.0029 8035640.0819, -12703665.8455 8035745.0136, -12703605.4436 8035902.0557, -12703357.292 8036135.3437, -12703272.0769 8036269.2744, -12703244.2081 8036372.9149, -12703232.271 8036593.1505, -12703154.6477 8036867.7588, -12703107.9717 8037195.86949999, -12702995.333 8037451.4232, -12702973.4921 8037537.2579, -12702979.0599 8037621.4853, -12703074.6981 8037782.0441, -12703084.8803 8037827.8682, -12703101.9436 8038562.032, -12703124.5285 8038662.576, -12703169.9042 8038748.6399, -12703355.6982 8038916.4726, -12703477.5244 8039081.2443, -12703774.3467 8039332.7903, -12703868.1316 8039468.3088, -12703949.9013 8039655.6356, -12704013.732 8039728.59929999, -12704054.1835 8039753.0869, -12704154.399 8039769.6313, -12704206.8692 8039758.8952, -12704506.9254 8039578.67099999, -12704718.2451 8039490.4835, -12704921.3344 8039460.80039999, -12705023.652 8039476.32599999, -12705113.5537 8039532.8257, -12705146.4374 8039573.5701, -12705173.2987 8039618.6485, -12705279.4864 8039938.6144, -12705343.6917 8040033.3259, -12705427.4782 8040111.1687, -12706333.2387 8040587.1607, -12706718.1516 8040727.1391, -12706897.0476 8040825.9087, -12706991.0626 8040924.185, -12707111.3451 8041089.1141, -12707351.4242 8041512.1186, -12707392.6736 8041563.9731, -12707499.826 8041651.4919, -12707558.5973 8041679.2777, -12707685.2341 8041707.7284, -12707818.2646 8041685.6461, -12708005.9883 8041606.0441, -12708124.7885 8041597.3916, -12708186.9586 8041604.7073, -12708291.2965 8041664.7059, -12708354.1845 8041763.5872, -12708376.7268 8041885.3165, -12708236.2173 8042468.4028, -12708229.1393 8042599.165, -12708247.9858 8042729.4131, -12708327.9836 8042974.2169, -12708553.4113 8043487.9559, -12708655.3872 8043632.4769, -12708743.9956 8043702.303, -12708793.0617 8043721.1903, -12708845.7009 8043730.8287, -12708952.7197 8043716.3377, -12709061.4344 8043653.999, -12709185.7041 8043489.7986, -12709351.5535 8043166.9826, -12709495.2965 8042989.612, -12709605.9742 8042888.6244, -12709907.8077 8042678.0527, -12710136.085 8042493.8896, -12710457.9802 8042183.6595, -12710642.7573 8041945.6388, -12710766.0846 8041751.9643, -12710917.6294 8041482.5586, -12711123.4293 8041062.51829999, -12711367.3193 8040685.0942, -12711500.7654 8040512.7073, -12711608.0125 8040424.134, -12711725.2116 8040357.07819999, -12711913.7922 8040307.9015, -12712174.3337 8040310.2276, -12712364.0388 8040325.974, -12712608.0846 8040406.8071, -12712822.9588 8040549.6415, -12713079.2042 8040811.272, -12713150.4164 8040954.7436, -12713217.9372 8041166.97119999, -12713265.3055 8041263.4591, -12713330.433 8041342.6439, -12713411.0377 8041392.45, -12713533.9268 8041405.97469999, -12713726.3426 8041323.773, -12713813.7284 8041327.2878, -12714000.0345 8041374.34269999, -12714093.0939 8041367.6458, -12714180.1254 8041335.703, -12714276.6876 8041232.5598, -12714297.9516 8041138.2182, -12714290.9309 8041038.0372, -12714241.2528 8040887.2234, -12714212.6677 8040841.4018, -12713968.739 8040561.4366, -12713745.7159 8040101.8107, -12713696.6314 8039946.5581, -12713690.1267 8039850.5147, -12713733.7972 8039676.6444, -12713825.2795 8039574.4785, -12713964.4309 8039518.76, -12714145.9615 8039400.4661, -12714254.4664 8039377.27, -12714428.4569 8039395.6834, -12714534.9728 8039449.5629, -12714627.8729 8039531.7544, -12714816.7319 8039861.3039, -12714945.7288 8040002.5625, -12715047.1483 8040067.5718, -12715155.8314 8040103.35549999, -12715265.676 8040101.9663, -12715369.2514 8040060.0206, -12715485.0514 8039941.1704, -12715514.23 8039892.5441, -12715545.5331 8039785.7264, -12715562.5206 8039406.677, -12715623.106 8038708.66, -12715655.643 8038549.7673, -12715736.2604 8038417.5134, -12715867.5395 8038336.4723, -12715981.7626 8038321.2883, -12716092.4643 8038331.5736, -12716385.9433 8038448.6133, -12716731.327 8038537.626, -12716867.9845 8038529.8537, -12717084.8869 8038451.5469, -12717170.961 8038453.7561, -12717260.8366 8038478.9287, -12717379.4327 8038559.1124, -12717508.1477 8038713.2938, -12717695.5465 8039101.8838, -12717759.0767 8039190.87969999, -12718003.525 8039485.075, -12718231.7504 8039688.5576, -12718395.5997 8039890.1153, -12718587.7558 8040064.2204, -12718639.8811 8040148.4514, -12718657.5993 8040247.8996, -12718652.5733 8040352.1005, -12718550.9034 8040652.4863, -12718533.6137 8040752.7434, -12718548.6083 8040897.452, -12718575.774 8040983.7538, -12718619.9326 8041056.8966, -12718683.6945 8041108.5924, -12718764.095 8041131.8539, -12719187.3985 8041019.3757, -12719280.2353 8041010.3422, -12719326.6519 8041023.6221, -12719409.1209 8041076.4278, -12719472.933 8041150.7915, -12719596.9077 8041410.6595, -12719627.5372 8041444.5794, -12719716.4668 8041491.0198, -12720279.6672 8041629.8765, -12720436.754 8041614.2192, -12720535.5165 8041563.2837, -12721206.4817 8040941.2622, -12721359.9116 8040768.5015, -12721492.5543 8040568.3414, -12721567.1199 8040491.622, -12721661.9919 8040442.4864, -12721772.6082 8040433.2732, -12721879.2225 8040454.5281, -12722027.669 8040530.5507, -12722119.3535 8040607.5533, -12722196.3754 8040750.3324, -12722241.4543 8040892.9617, -12722225.5987 8040979.2635, -12722162.1893 8041048.3261, -12722065.8032 8041079.2104, -12721727.8133 8041132.7309, -12721575.8362 8041210.5671, -12721534.6981 8041246.802, -12721460.0025 8041335.003, -12721412.0629 8041439.4772, -12721408.1519 8041558.0469, -12721450.2844 8041729.0437, -12721527.9947 8041886.4833, -12721602.332 8041977.4817, -12721864.6414 8042231.8656, -12721985.9816 8042371.7721, -12722143.2928 8042634.2501, -12722187.2677 8042748.397, -12722224.6117 8042928.616, -12722254.3841 8043483.4288, -12722320.7712 8043644.5272, -12722392.0584 8043726.7365, -12722498.2128 8043767.2206, -12722610.9331 8043765.0737, -12722786.419 8043726.1563, -12722899.922 8043736.43460001, -12723005.6552 8043783.4625, -12723088.8721 8043853.138, -12723193.2823 8043984.5045, -12723253.4301 8044081.3576, -12723292.3547 8044187.2143, -12723294.9356 8044300.4086, -12723259.7437 8044475.9497, -12723217.7095 8044588.1827, -12723073.688 8044858.2023, -12723037.6503 8044967.933, -12723042.8415 8045087.3866, -12723087.5659 8045313.6274, -12723091.1076 8045910.9345, -12723141.4891 8046339.0978, -12723076.0481 8046873.7358, -12723098.8717 8047044.3029, -12723087.0686 8047213.3246, -12723124.4176 8047459.51, -12723087.3841 8047747.8061, -12722949.1012 8048170.6172, -12722908.3972 8048536.2825, -12722908.5883 8048725.0573, -12722967.8213 8048970.1917, -12723164.1425 8049454.38579999, -12723326.3628 8050079.8299, -12723425.6191 8050245.6012, -12723681.0789 8050554.7282, -12723779.8803 8050727.5554, -12723826.2393 8050847.7805, -12723869.4944 8051031.2252, -12723879.6394 8051155.2046, -12723833.9631 8051455.1564, -12723833.6829 8051629.7569, -12723914.6567 8051780.0967, -12724127.4738 8051961.4503, -12724161.0866 8052054.6815, -12724131.8244 8052151.7526, -12723996.6269 8052331.5748, -12723885.0272 8052527.2266, -12723770.3199 8052784.7275, -12723736.6292 8052946.504, -12723758.5238 8053112.6366, -12723822.655 8053216.1844, -12724001.2819 8053410.4674, -12724105.297 8053582.9214, -12724208.2508 8053902.3156, -12724408.9542 8054625.9887, -12724499.3346 8054782.4847, -12724585.9225 8054851.6959, -12724697.0306 8054884.7945, -12724813.6415 8054859.6943, -12724921.2392 8054786.2465, -12725242.9042 8054516.4068, -12725364.0791 8054447.4149, -12725496.0001 8054410.2518, -12725772.2747 8054378.9795, -12725970.917 8054309.1776, -12726085.8841 8054221.7198, -12726355.42 8053909.3495, -12726405.8014 8053875.4194, -12726507.8091 8053825.8172, -12726565.7025 8053817.7985, -12726678.1984 8053834.452, -12726776.7903 8053881.0154, -12726856.2483 8053948.2241, -12726955.8329 8054190.7634, -12727049.0686 8054332.9903, -12727143.5214 8054383.2546, -12727303.8529 8054429.5488, -12727704.0335 8054428.7306, -12727770.4913 8054444.018, -12727873.7049 8054493.0824, -12727989.2248 8054606.0749, -12728038.4614 8054700.4125, -12728063.5936 8054803.9255, -12728080.5029 8055195.3671, -12728123.3998 8055357.87229999, -12728204.2383 8055504.5, -12728457.9614 8055831.1217, -12728539.0428 8055996.72649999, -12728572.1845 8056118.6023, -12728580.1328 8056179.0997, -12728567.5146 8056294.2222, -12728461.6812 8056649.393, -12728442.4212 8056770.8541, -12728468.2993 8057255.8186, -12728440.6531 8057368.7571, -12728345.7161 8057516.7352, -12728210.5762 8057635.025, -12727998.3919 8057757.5299, -12727262.1471 8058073.2961, -12726962.0501 8058174.3858, -12726798.3548 8058249.777, -12726627.0434 8058393.5589, -12726580.1407 8058489.4396, -12726572.1704 8058542.3581, -12726598.2135 8058700.1551, -12726653.3352 8058795.012, -12726735.4557 8058870.06229999, -12726929.6023 8058987.0051, -12727042.7066 8059103.2446, -12727073.6238 8059194.1124, -12727073.5457 8059293.073, -12727031.6321 8059637.7915, -12726897.5219 8059938.7462, -12726740.283 8060234.5694, -12726745.9139 8060493.431, -12726564.3428 8060853.5266, -12726435.8058 8060989.3961, -12726417.8573 8061083.4811, -12726547.4185 8061320.8805, -12726691.3657 8061655.329, -12727031.3187 8062157.3246, -12727163.2439 8062323.9361, -12727258.8244 8062741.1903, -12727403.3378 8062854.2031, -12727460.9211 8063120.37309999, -12727438.2841 8063416.2938, -12727448.9875 8063514.0691, -12727484.3185 8063608.2565, -12727659.6578 8063923.3334, -12727684.9142 8064071.6256, -12727683.5432 8064273.8161, -12727667.8101 8064368.3251, -12727634.3753 8064456.0754, -12727466.1623 8064677.8549, -12727449.0358 8064764.5446, -12727464.229 8064850.7034, -12727519.0557 8064926.6583, -12727597.0277 8064981.5022, -12727786.0158 8065018.4673, -12727797.8427 8064944.4318, -12727880.9356 8064810.3212, -12728009.3064 8064718.8064, -12728163.0046 8064684.1073, -12728318.1468 8064711.6153, -12728450.6221 8064797.0559, -12728537.4472 8064923.6586, -12728627.2172 8064878.6464, -12728722.0465 8064855.3037, -12728812.4194 8064875.7129, -12728888.2484 8064940.3995, -12729062.2537 8065145.5469, -12729320.9267 8065355.5805, -12729528.5043 8065642.0048, -12729663.1656 8065768.0818, -12729873.5613 8065887.2007, -12730303.9021 8066035.2267, -12730886.743 8066150.7634, -12731475.2689 8066346.812, -12731677.6253 8066379.0817, -12731868.3787 8066381.1395, -12732045.6476 8066351.4559, -12732156.8002 8066312.6623, -12732424.3676 8066147.6556, -12732607.0022 8066063.7595, -12733063.1948 8065948.8557, -12733254.5642 8065920.6816, -12733375.4146 8065922.5191, -12733664.6893 8066011.742, -12733843.5984 8066010.6565, -12733954.404 8065964.681, -12734045.9791 8065892.9653, -12734125.9881 8065747.23740001, -12734134.4873 8065641.4726, -12734124.5854 8065590.3877, -12734074.796 8065502.8298, -12733990.3509 8065444.9492, -12733798.5474 8065363.5015, -12733668.9009 8065256.8912, -12733564.4426 8065113.2895, -12733381.283 8064798.4852, -12733259.9781 8064668.1648, -12733121.1052 8064561.2201, -12732908.3459 8064477.7144, -12732683.3358 8064473.18159999, -12732571.224 8064441.6968, -12732284.0049 8064330.0808, -12732115.673 8064236.3525, -12731763.9776 8063827.2978, -12731311.9055 8063368.5255, -12731250.6964 8063261.0571, -12731214.7441 8063147.0331, -12731184.4632 8062851.0662, -12731132.7943 8062743.1938, -12731092.3947 8062697.2064, -12730991.0865 8062633.4506, -12730812.5393 8062572.4435, -12730632.8548 8062488.6726, -12730242.2272 8062217.7255, -12729996.4495 8062111.7347, -12729800.4745 8061989.8992, -12729679.4367 8061882.3511, -12729586.2272 8061755.783, -12729557.9073 8061614.8651, -12729596.7541 8061520.3482, -12729680.7132 8061447.2391, -12729793.2368 8061405.8792, -12730174.2871 8061364.5975, -12730425.1549 8061310.1488, -12730548.0629 8061304.7353, -12730669.3453 8061330.3074, -12730949.8482 8061479.5658, -12731071.0769 8061525.6059, -12731267.3091 8061557.791, -12731663.2262 8061575.0394, -12731849.9368 8061625.3275, -12732155.3474 8061745.0437, -12732284.233 8061765.8699, -12732414.8554 8061756.0276, -12732536.817 8061705.1784, -12732643.6131 8061623.5513, -12732837.6394 8061433.196, -12732895.2936 8061396.4097, -12733022.2647 8061360.9919, -12733222.4967 8061371.876, -12733610.3265 8061505.2341, -12733739.9192 8061533.1895, -12733805.1356 8061535.53289999, -12733928.576 8061501.5328, -12734032.3518 8061423.92849999, -12734104.3104 8061317.757, -12734138.3612 8061129.22469999, -12734129.7673 8061001.5668, -12734098.8317 8060880.5935, -12734003.8874 8060722.5695, -12733915.7946 8060638.8015, -12733862.9828 8060606.62039999, -12733743.2699 8060568.8136, -12733614.6736 8060562.6384, -12733485.6116 8060589.2928, -12733360.7001 8060647.4442, -12733250.5123 8060728.277, -12732905.5591 8061046.1682, -12732802.4995 8061121.2551, -12732632.9117 8061189.5498, -12732451.2736 8061203.0679, -12732334.26 8061168.516, -12732185.4964 8061066.5351, -12732112.8734 8060975.82549999, -12732039.7385 8060816.7221, -12731999.6818 8060642.5558, -12731999.016 8060521.5918, -12732022.0943 8060400.86729999, -12732105.9495 8060232.49229999, -12732187.1922 8060129.7123, -12732289.4353 8060052.5582, -12732640.5742 8059878.6473, -12732748.6413 8059802.8249, -12733145.6343 8059365.0727, -12733364.0859 8059038.6477, -12733528.1244 8058848.0356, -12733615.5566 8058773.659, -12733765.9753 8058747.8333, -12733812.7017 8058762.6263, -12733875.4599 8058817.3188, -12733897.2672 8058894.3643, -12733887.8591 8058932.1202, -12733834.6521 8059001.79510001, -12733692.2967 8059123.8614, -12733311.098 8059378.1798, -12733202.1198 8059475.9235, -12733147.1873 8059593.6876, -12733146.0018 8059636.7353, -12733189.4944 8059715.0655, -12733506.8105 8059944.2758, -12733711.6681 8060028.1141, -12734039.7581 8060132.151, -12734315.0754 8060189.2956, -12735043.539 8060263.5799, -12735439.8847 8060407.9925, -12735528.8436 8060413.9583, -12735602.6931 8060384.1498, -12735635.2838 8060355.426, -12735672.6221 8060275.38759999, -12735646.8536 8060146.3476, -12735463.3843 8059905.0935, -12735242.8695 8059523.3692, -12735094.5289 8059329.4378, -12735070.1832 8059249.3359, -12735072.4542 8059199.3259, -12735112.056 8059136.1388, -12735149.9308 8059113.1543, -12735194.3675 8059100.0513, -12735305.0266 8059101.7844, -12735638.2615 8059231.2388, -12736033.2566 8059407.3855, -12736152.1921 8059434.5709, -12736272.6027 8059414.0169, -12736326.4497 8059387.3988, -12736411.3234 8059310.0183, -12736482.5383 8059161.85239999, -12736483.952 8059103.1666, -12736443.0218 8059000.7601, -12736352.1608 8058924.9361, -12736063.6208 8058808.8269, -12735904.9755 8058723.0036, -12735838.3825 8058625.0146, -12735810.855 8058499.6178, -12735812.7269 8058443.5705, -12735888.4151 8058275.96239999, -12735984.5615 8058183.171, -12736484.1395 8057880.072, -12736637.8679 8057725.8075, -12736742.4284 8057540.6716, -12736775.8799 8057411.7035, -12736780.5812 8057283.2373, -12736743.2205 8057097.843, -12736716.0346 8057043.2305, -12736635.9067 8056955.1136, -12736530.6485 8056907.2165, -12736297.9871 8056890.3121, -12736002.4766 8056935.6685, -12735703.4428 8057013.3254, -12734939.9784 8057410.3321, -12734778.4614 8057528.684, -12734632.104 8057661.9276, -12734561.2936 8057765.2832, -12734516.3206 8057875.2385, -12734505.4502 8057992.949, -12734524.7772 8058107.6033, -12734730.4769 8058434.5477, -12734743.1972 8058491.6759, -12734734.2822 8058602.4073, -12734689.8528 8058697.093, -12734655.8539 8058739.0619, -12734568.5258 8058789.3168, -12734518.072 8058806.254, -12734407.4446 8058811.3931, -12734287.0451 8058780.3114, -12734109.3587 8058700.3181, -12733746.0436 8058498.218, -12733545.3011 8058463.6858, -12733479.7859 8058470.8552, -12733361.65 8058516.3276, -12733065.8184 8058746.1428, -12732723.2178 8058926.453, -12732546.0083 8058997.3719, -12732289.081 8059056.2482, -12731951.6439 8059051.134, -12731696.9004 8059067.28499999, -12731516.7464 8059036.0995, -12731353.3628 8058938.4535, -12731211.2355 8058798.5599, -12730866.8911 8058385.1172, -12730662.4658 8058207.3468, -12730541.5228 8058143.9659, -12730213.5254 8058034.1307, -12730096.7754 8057962.5051, -12729998.3169 8057859.5897, -12729899.8605 8057678.4157, -12729866.6855 8057482.3388, -12729873.4315 8057357.9674, -12729900.0536 8057237.8186, -12730007.0983 8057009.2047, -12730126.5998 8056854.129, -12730269.8383 8056718.9192, -12730734.4487 8056352.9392, -12730901.6043 8056283.2179, -12731031.0168 8056304.5072, -12731120.1205 8056376.085, -12731182.3018 8056468.4823, -12731201.3411 8056518.8672, -12731208.0817 8056618.6534, -12731169.7877 8056820.2847, -12731168.1457 8056971.246, -12731206.3022 8057062.7114, -12731238.342 8057099.6821, -12731324.6721 8057154.7805, -12731427.4755 8057175.9588, -12731582.2562 8057148.6894, -12731733.7358 8057074.5105, -12731821.1682 8056998.784, -12731895.0435 8056900.4277, -12732010.3414 8056665.6508, -12732098.9678 8056375.0223, -12732156.0301 8055983.6891, -12732206.8086 8055791.086, -12732302.4488 8055538.0832, -12732410.0482 8055362.10549999, -12732505.7107 8055260.7493, -12732673.0666 8055135.4868, -12733052.7048 8054952.2356, -12733534.2211 8054636.6116, -12733734.8077 8054552.4158, -12734098.3512 8054471.8549, -12734238.0164 8054424.6467, -12734430.8588 8054323.7918, -12734543.0726 8054233.82599999, -12734632.5883 8054118.3175, -12734737.4697 8053928.5813, -12734846.6334 8053656.6018, -12735057.6339 8053029.421, -12735120.3717 8052899.5427, -12735206.3308 8052785.666, -12735320.3831 8052695.5417, -12735454.4934 8052630.7024, -12736170.9476 8052385.2712, -12736592.8058 8052197.686, -12736809.5466 8052131.4984, -12736955.1488 8052119.7495, -12737097.5042 8052133.198, -12737482.4304 8052268.2791, -12737610.5907 8052293.5301, -12737800.9952 8052279.3058, -12737913.8787 8052230.0541, -12738003.5633 8052152.7123, -12738064.9633 8052050.4573, -12738093.3813 8051933.23309999, -12738119.0719 8051633.3969, -12738150.6645 8051513.8246, -12738201.6099 8051401.9269, -12738537.0563 8050993.3995, -12738743.0178 8050578.6175, -12738851.0885 8050411.4686, -12738999.0302 8050271.4226, -12739173.6499 8050161.8584, -12739476.7616 8050019.7108, -12739660.2142 8049963.16749999, -12739846.3312 8049936.3527, -12740023.1938 8049959.0967, -12740382.3884 8050125.1734, -12740600.4039 8050197.9206, -12740704.8383 8050248.9822, -12740793.79 8050316.2397, -12740858.1696 8050401.5208, -12740964.5208 8050632.8962, -12741020.2118 8050715.1927, -12741089.3303 8050780.3979, -12741173.6029 8050819.3872, -12741317.526 8050822.6231, -12741666.2695 8050700.8546, -12741825.0332 8050662.8254, -12742108.3915 8050622.7004, -12742221.9504 8050625.2988, -12742386.6995 8050669.3889, -12742811.9318 8050900.226, -12742802.081 8050892.51030001, -12742963.544 8050942.8675, -12743138.2155 8050949.5199, -12743476.7864 8050901.8629, -12743644.8603 8050927.382, -12743797.713 8051020.5082, -12744013.9196 8051233.0672, -12744176.6855 8051314.7685, -12744304.328 8051325.0433, -12744630.4477 8051295.2106, -12744751.9456 8051310.2899, -12744863.4932 8051348.425, -12744960.8031 8051407.5352, -12745038.43 8051486.03059999, -12745138.972 8051616.5856, -12745206.1234 8051751.8096, -12745213.916 8051799.3655, -12745198.7059 8051886.958, -12745036.0256 8052131.5516, -12744995.2974 8052274.9644, -12744996.3752 8052326.2206, -12745031.7973 8052420.5649, -12745109.2978 8052491.3408, -12745208.8842 8052529.3548, -12745316.532 8052533.7174, -12745420.844 8052509.8468, -12745553.6611 8052424.0317, -12745637.8186 8052282.7687, -12745678.4114 8052053.4033, -12745747.1419 8051889.1958, -12745828.9337 8051808.9187, -12745989.8275 8051770.7667, -12746044.6079 8051779.9127, -12746146.1163 8051845.9341, -12746213.309 8051944.185, -12746322.9791 8052225.4683, -12746409.361 8052384.5029, -12746487.5556 8052473.4157, -12746636.527 8052562.0182, -12746812.8405 8052588.2298, -12746991.4136 8052565.3681, -12747167.0775 8052502.2156, -12747601.678 8052286.1859, -12747713.3614 8052256.4485, -12747819.5674 8052252.3906, -12747869.1565 8052260.6234, -12747954.2789 8052304.9285, -12748075.7453 8052444.8284, -12748244.6576 8052560.1024, -12748364.84 8052736.33299999, -12748431.639 8052796.8138, -12748474.972 8052814.2084, -12748968.2622 8052890.7497, -12749236.1748 8052894.3654, -12749338.8392 8052877.7211, -12749435.0896 8052836.7415, -12749514.7259 8052776.4692, -12749602.4309 8052662.396, -12749632.1161 8052574.9964, -12749649.7249 8052402.2823, -12749696.5792 8052294.1849, -12749794.6367 8052223.1775, -12749877.6534 8052209.5376, -12749967.9984 8052228.6023, -12750099.5893 8052309.5106, -12750197.2146 8052430.6996, -12750250.3269 8052578.5553, -12750327.7773 8052912.2136, -12750391.9569 8053010.0569, -12750435.6981 8053050.9951, -12750538.9525 8053107.4732, -12750712.7537 8053142.3773, -12750886.9631 8053092.7692, -12751036.4929 8052997.2728, -12751364.633 8052667.9202, -12751743.0396 8052393.281, -12751943.7709 8052319.6132, -12752263.0909 8052316.0509, -12752364.2933 8052294.4012, -12752456.592 8052252.9606, -12752658.9245 8052095.8873, -12752972.4204 8051914.2471, -12753231.0418 8051736.6798, -12753374.4286 8051616.1712, -12753629.4449 8051350.4326, -12753720.7065 8051274.332, -12753830.9147 8051227.0766, -12754015.7308 8051189.2677, -12754134.1434 8051148.1698, -12754290.7032 8051056.1462, -12754375.7065 8050972.8085, -12754440.5131 8050878.5461, -12754483.386 8050771.7912, -12754492.8427 8050661.5544, -12754468.4987 8050554.0237, -12754323.3641 8050342.3728, -12754293.5807 8050248.536, -12754290.8609 8050152.1128, -12754349.027 8050015.0556, -12754414.3363 8049937.37569999, -12754456.2129 8049906.6246, -12754556.2985 8049869.5976, -12754984.8449 8049861.7851, -12755659.2871 8049936.6004, -12756071.7427 8049941.1811, -12756214.5729 8050005.9157, -12756349.865 8050152.1942, -12756467.8749 8050244.1677, -12756603.8775 8050294.3658, -12756859.5245 8050324.5519, -12756973.1931 8050356.7244, -12757040.4151 8050393.5308, -12757164.8591 8050532.117, -12757267.6683 8050568.411, -12757592.8306 8050557.6949, -12757810.989 8050477.1134, -12757951.6318 8050450.16579999, -12758096.9819 8050456.6762, -12758396.1417 8050513.6833, -12758549.3137 8050517.7971, -12758750.0264 8050496.1312, -12759096.974 8050405.8859, -12759256.0088 8050405.1318, -12759308.5571 8050420.0463, -12759395.0097 8050475.5026, -12759586.1286 8050722.73709999, -12759818.237 8050934.9937, -12760075.0475 8051203.2597, -12760165.8212 8051259.2246, -12760320.0857 8051301.842, -12760423.2714 8051301.88799999, -12760571.1281 8051275.5676, -12760803.3962 8051189.1932, -12760966.9467 8051095.6647, -12761141.3119 8050922.5279, -12761574.1277 8050745.3241, -12761685.3302 8050682.6436, -12761768.2226 8050602.2484, -12761792.208 8050540.4117, -12761774.3116 8050450.6543, -12761702.0207 8050365.9604, -12761703.4475 8050318.2116, -12761740.0549 8050272.934, -12761809.4757 8050247.8564, -12762419.987 8050177.01669999, -12762567.8508 8050178.0079, -12762687.4525 8050229.6959, -12762868.1055 8050367.57469999, -12763130.5913 8050524.3676, -12763298.7894 8050653.5535, -12763413.5431 8050763.5106, -12763501.9271 8050885.0993, -12763539.5605 8050969.4983, -12763567.587 8051092.1774, -12763578.554 8051265.3142, -12763617.5398 8051394.0384, -12763687.9437 8051495.1618, -12763776.8789 8051559.06009999, -12763931.6148 8051619.928, -12764089.8331 8051625.7877, -12764180.5437 8051650.7109, -12764391.8207 8051737.4588, -12764546.8664 8051860.763, -12764657.0969 8051920.9004, -12764880.5579 8051973.7193, -12765092.922 8052000.8602, -12765992.7899 8052045.139, -12766087.5337 8052064.6352, -12766429.9768 8052251.9125, -12766635.6301 8052387.0842, -12766962.3436 8052508.8941, -12767180.0418 8052636.8925, -12767332.8037 8052761.6209, -12767392.8717 8052836.6955, -12767435.6703 8052920.7268, -12767586.8329 8053457.4531, -12767611.3473 8053838.8153, -12767660.9716 8053970.325, -12767758.4876 8054079.0133, -12768102.9305 8054325.0208, -12768189.587 8054364.6626, -12768279.4795 8054374.6157, -12768374.7504 8054353.6188, -12768498.5117 8054267.2265, -12768588.725 8054233.6065, -12768682.1165 8054239.8899, -12768724.6627 8054261.1842, -12768792.2209 8054326.2108, -12768811.6609 8054364.9106, -12768857.4354 8054685.9073, -12768867.5971 8054869.7329, -12768895.004 8054959.731, -12768947.339 8055039.5282, -12769021.5352 8055103.8534, -12769163.9665 8055166.5852, -12769541.1765 8055198.4205, -12769689.0274 8055262.4566, -12769801.8033 8055371.6808, -12769842.6927 8055461.7346, -12769882.4764 8055632.7126, -12769902.7923 8055671.9291, -12769969.198 8055734.5415, -12770057.9548 8055767.5414, -12770158.6008 8055769.6278, -12770410.7543 8055693.7658, -12770570.7481 8055700.4791, -12770956.4164 8055804.0591, -12771031.4345 8055856.3598, -12771069.8787 8055922.8388, -12771075.9141 8055993.2085, -12771050.6651 8056055.944, -12770915.6753 8056157.903, -12770672.7317 8056143.6607, -12770533.3486 8056198.086, -12770327.4093 8056320.3759, -12770007.7444 8056427.6245, -12769094.2769 8056575.4494, -12768772.712 8056603.769, -12768411.5638 8056614.90119999, -12768217.903 8056609.5157, -12767798.7593 8056567.3714, -12767390.9552 8056481.6515, -12766521.5795 8056266.6868, -12765808.0829 8056034.2729, -12765606.4294 8055992.3406, -12764527.8031 8055898.2205, -12764130.1697 8055897.9371, -12763714.7272 8055940.6872, -12763135.3984 8056090.3341, -12762193.2941 8056422.6325, -12761937.8029 8056440.9426, -12761680.2911 8056552.6783, -12760972.6165 8056757.0928, -12760684.6868 8056823.9411, -12760495.2025 8056899.3117, -12759899.9419 8057209.3229, -12759809.7954 8057309.74889999, -12759719.6933 8057522.87960001, -12759671.0667 8057602.3836, -12758773.9222 8058289.512, -12758487.9973 8058539.4078, -12758085.5919 8058925.16659999, -12757708.1355 8059334.6799, -12757127.0754 8060100.3089, -12756793.2561 8060481.701, -12756172.0951 8061050.0075, -12755692.3768 8061413.7923, -12755593.0668 8061523.9289, -12755540.4722 8061607.4729, -12755433.5758 8061836.993, -12755375.1814 8062041.4703, -12755362.5186 8062199.1319, -12755396.1243 8062515.5606, -12755365.8694 8062657.967, -12755274.7506 8062768.9943, -12755066.5647 8062909.792, -12754995.1031 8062978.7309, -12754920.1127 8063112.3837, -12754880.3828 8063266.3834, -12754759.0575 8063879.463, -12754514.2195 8065306.1222, -12754412.5311 8066327.3921, -12754386.0147 8066872.6202, -12754279.7919 8067769.9108, -12754220.6794 8068105.141, -12754170.068 8068178.9006, -12753999.738 8068335.2827, -12753840.0038 8068581.0815, -12753380.9613 8069139.1082, -12753173.7104 8069522.7323, -12752934.0488 8069840.9582, -12752713.4951 8070188.9743, -12752536.2875 8070393.1366, -12752212.8858 8070704.3925, -12751896.1931 8071142.9327, -12751733.0079 8071325.3666, -12751520.8589 8071633.4766, -12751504.6656 8071720.247, -12751545.3252 8071783.7961, -12751618.6141 8071795.5013, -12751803.3228 8071715.58200001, -12751929.793 8071713.8745, -12751998.1616 8071748.1909, -12752046.5559 8071829.6052, -12752044.1126 8071862.2181, -12751906.1932 8072010.7422, -12751805.6531 8072084.2883, -12751528.1374 8072203.1883, -12751329.0145 8072355.3372, -12751049.7289 8072413.9033, -12750897.2547 8072526.7547, -12750662.5708 8072661.0432, -12750521.1097 8072810.9538, -12750396.2446 8072999.3368, -12749191.6229 8074001.10279999, -12748977.9303 8074238.0704, -12748667.9185 8074545.0575, -12748320.9412 8074985.65559999, -12747896.068 8075465.0923, -12747119.329 8076288.7534, -12746919.3396 8076528.54689999, -12746741.0319 8076691.50199999, -12746300.2048 8077162.9015, -12746134.2961 8077398.513, -12745807.1857 8077759.6044, -12745596.033 8077878.7153, -12745456.2064 8078041.5578, -12744985.39 8078360.1712, -12744797.03 8078436.4588, -12744668.0033 8078516.5284, -12744413.3284 8078618.1574, -12744247.0375 8078739.6347, -12744008.9046 8078848.1716, -12743810.4404 8078988.2169, -12743617.1041 8079084.8145, -12743591.7818 8079181.8184, -12743534.1031 8079262.8342, -12743388.2404 8079360.1393, -12743233.2369 8079390.1014, -12743078.2665 8079357.618, -12743021.4737 8079327.3952, -12742965.0933 8079395.173, -12742921.122 8079668.2533, -12742856.3248 8079830.1963, -12742810.9622 8079881.4248, -12742682.9744 8079954.995, -12742180.7956 8080090.7462, -12741979.5169 8080173.3852, -12741770.0952 8080237.5856, -12741426.8916 8080242.5118, -12740996.1817 8080309.471, -12740824.824 8080361.6376, -12740702.6361 8080375.5564, -12740550.7554 8080354.0705, -12740299.7764 8080256.4589, -12740002.6851 8080029.7139, -12739920.9061 8079986.8365, -12739840.5573 8079970.5409, -12739587.2871 8080030.2824, -12739488.1682 8080089.8078, -12739367.5386 8080192.0664, -12739222.7788 8080220.1308, -12739082.4717 8080286.0304, -12738791.978 8080368.0246, -12738549.2644 8080334.43639999, -12738068.3844 8080403.22339999, -12737085.3148 8080430.2755, -12736868.2547 8080460.9496, -12736568.0744 8080537.0705, -12736058.3683 8080711.5511, -12735601.5094 8080895.56229999, -12735094.093 8081130.0683, -12734653.724 8081283.6504, -12734430.5136 8081401.424, -12733360.2454 8081854.4211, -12733109.6002 8081933.2258, -12732086.3424 8082332.8405, -12731880.2436 8082384.0828, -12731685.5458 8082482.2803, -12731559.6546 8082492.1322, -12731497.2506 8082512.8242, -12731218.5808 8082685.1289, -12730716.9325 8082918.1091, -12730434.0326 8083102.59749999, -12728936.5982 8083915.0633, -12728542.8407 8084166.2002, -12728227.7602 8084385.26479999, -12727819.7631 8084751.221, -12727378.4276 8085193.3137, -12726721.1232 8085930.4134, -12726279.4704 8086517.0096, -12725955.7626 8087056.1338, -12725759.2394 8087327.139, -12725431.5648 8087830.8923, -12725137.0097 8088211.96109999, -12724937.1635 8088443.31319999, -12724334.1067 8089261.9927, -12723843.2973 8089802.7066, -12723416.951 8090300.7826, -12723122.3293 8090680.9347, -12722740.5885 8091245.913, -12721943.4372 8092347.831, -12721366.086 8093059.0371, -12721016.3201 8093457.7586, -12720972.8777 8093491.0678, -12720887.5868 8093520.0724, -12720794.5087 8093590.4902, -12720735.1216 8093647.4674, -12720679.6373 8093756.6777, -12720451.0825 8093941.6395, -12720286.7843 8094059.6308, -12720110.2279 8094142.9692, -12719747.2372 8094428.739, -12719687.3381 8094466.7068, -12719572.7161 8094506.3341, -12719474.1297 8094591.1659, -12719235.4867 8094735.3099, -12718923.5879 8094848.8833, -12718577.5106 8095110.5663, -12717783.8917 8095609.8547, -12717480.5423 8095880.928, -12717357.7626 8095923.2767, -12717245.1925 8096015.6152, -12717078 8096211.9393, -12716746.3142 8096551.4999, -12716678.682 8096588.0465, -12716510.4653 8096637.6837, -12716452.9317 8096675.5699, -12716350.1672 8096937.0817, -12716204.9249 8097163.5031, -12715940.9122 8097405.61649999, -12715727.3068 8097522.8164, -12715708.9179 8097702.4223, -12715719.2369 8097879.5479, -12715749.5317 8098018.2761, -12715804.2213 8098163.1533, -12715843.2338 8098352.5995, -12715812.8191 8098508.1963, -12715724.7369 8098639.9267, -12715592.6759 8098727.3135, -12715437.1621 8098756.7719, -12715282.3695 8098723.7221, -12715138.0456 8098623.3473, -12715081.8001 8098541.0165, -12715040.6503 8098369.90429999, -12715066.1476 8098170.7384, -12715062.2627 8098092.1531, -12715011.554 8098127.7647, -12714890.0005 8098280.5774, -12714814.2568 8098335.8161, -12714293.9478 8098613.4837, -12714026.996 8098733.40869999, -12713768.3324 8098880.3404, -12713638.6116 8098999.41790001, -12713526.3274 8099218.2442, -12713472.4488 8099268.7685, -12713361.0106 8099312.7863, -12713003.2668 8099410.8288, -12712490.0784 8099696.8002, -12711987.2463 8099863.0763, -12711824.9111 8099949.0668, -12711649.5531 8100078.2288, -12711501.2941 8100134.8741, -12711299.9005 8100319.3569, -12711099.3769 8100417.6658, -12711030.4702 8100479.991, -12710755.8155 8100663.6877, -12710691.9792 8100690.382, -12710562.5982 8100704.0927, -12710452.5792 8100740.8448, -12710298.4352 8100868.3242, -12709999.3772 8101044.8091, -12709834.5483 8101265.8019, -12709613.7775 8101511.0816, -12709503.0741 8101602.99369999, -12709381.6708 8101661.7289, -12709334.7275 8101661.5006, -12709217.6008 8101623.7459, -12709134.4543 8101645.211, -12708965.4233 8101899.1011, -12708899.242 8102122.6143, -12708834.0104 8102222.8005, -12708743.6877 8102281.1876, -12708601.8259 8102274.6606, -12708560.2797 8102287.6861, -12708467.0421 8102400.0825, -12708214.6199 8102413.2246, -12706962.7415 8102672.0029, -12704239.2048 8103674.3024, -12702898.0354 8103748.1846, -12701650.652 8103639.9972, -12701280.9527 8103689.0832, -12700760.5349 8103720.4139, -12700014.8835 8103834.1028, -12699190.7946 8104091.3011, -12698890.525 8104163.509, -12698057.7476 8104235.2326, -12697670.8716 8104239.5791, -12696331.2529 8104166.3367, -12695299.1859 8104202.7764, -12694435.9539 8104301.9618, -12694110.2269 8104369.04730001, -12692964.6935 8104678.7256, -12691828.0027 8105024.6087, -12691512.5791 8105105.0385, -12691195.3 8105127.9257, -12690592.6848 8105106.3044, -12690562.8184 8105140.5733, -12690325.7591 8105129.0505, -12690007.8029 8105146.9439, -12689119.6626 8105144.0305, -12688846.8723 8105188.3647, -12688618.0398 8105279.6313, -12688726.5731 8104937.0622, -12688813.4061 8104746.3142, -12688925.8703 8104571.1322, -12689245.0548 8104161.44439999, -12689373.961 8103954.7353, -12689420.1846 8103847.0456, -12689433.8526 8103789.0348, -12689431.385 8103661.003, -12689356.3947 8103407.2777, -12689336.5687 8103285.8516, -12689365.7568 8103033.836, -12689422.3804 8102820.1315, -12689441.8854 8102636.914, -12689526.0878 8102502.5654, -12689633.3616 8102426.9235, -12689664.7474 8102244.4774, -12689757.6202 8102116.0008, -12689892.8375 8102033.4687, -12690049.387 8102009.7039, -12690202.9394 8102048.3992, -12690232.9714 8102070.9525, -12690593.2693 8101883.5238, -12690807.8821 8101750.4346, -12691496.8273 8101263.6846, -12691963.551 8100954.0551, -12692742.5313 8100323.8083, -12693030.6095 8100069.8113, -12693312.0401 8099727.5607, -12693677.1048 8099226.0548, -12693776.2015 8099061.5637, -12694035.3125 8098414.3531, -12694318.9658 8097860.7923, -12694637.358 8097157.2226, -12694820.5342 8096614.9149, -12694961.0492 8096046.7773, -12695156.2126 8095388.1245, -12695171.9624 8095202.2572, -12695157.8638 8095017.5409, -12695130.7018 8094923.4272, -12695019.5976 8094705.9268, -12695007.9832 8094657.3918, -12694992.1612 8094407.1112, -12694923.5873 8094005.6812, -12694761.5024 8093359.0043, -12694571.0319 8092827.0294, -12694455.2522 8092649.7307, -12694225.9415 8092391.7795, -12694151.8361 8092236.9049, -12694048.9805 8091915.5671, -12693730.9575 8091430.7141, -12693297.4795 8090965.1128, -12692284.2921 8090010.6508, -12692198.4073 8089866.4201, -12692095.8824 8089602.2682, -12691673.7525 8089012.153, -12691282.3292 8088498.7941, -12691213.8849 8088429.2878, -12691233.3761 8088424.4254, -12690477.0423 8087681.7436, -12690060.9685 8087351.8896, -12689639.4097 8086963.5432, -12689438.4556 8086825.9773, -12688929.1827 8086538.7768, -12688635.1002 8086310.8022, -12688422.9733 8086172.4728, -12688199.3937 8086043.8532, -12687374.1832 8085657.838, -12687204.5345 8085563.8227, -12686537.1803 8085131.2082, -12685946.2129 8084802.1668, -12685580.9756 8084568.24229999, -12685314.113 8084422.6657, -12684938.946 8084283.4788, -12684492.4602 8084092.3574, -12683736.6713 8083843.7229, -12683506.1937 8083789.3486, -12682675.613 8083643.6448, -12682038.9842 8083640.5229, -12681642.5737 8083707.4306, -12681035.3853 8083771.0568, -12680727.6907 8083852.9542, -12680619.1228 8083908.1005, -12680529.5883 8083983.492, -12680350.4493 8084301.8821, -12680113.7359 8084646.7487, -12679803.4829 8084984.7814, -12678865.9242 8085926.5683, -12678626.5132 8086201.111, -12678456.313 8086433.9304, -12678159.0715 8086923.3901, -12677852.8538 8087484.42010001, -12677369.4247 8088452.6, -12677078.1443 8089130.3165, -12676875.4836 8089450.1466, -12676080.2113 8090336.2204, -12674807.5644 8092020.7892, -12674594.6528 8092250.3794, -12674457.4813 8092370.8394, -12674162.4451 8092545.4188, -12674169.6724 8092581.5305, -12674138.4175 8092736.8311, -12674049.6749 8092867.9629, -12673917.2358 8092954.5418, -12673761.6855 8092983.1085, -12673607.2026 8092949.2219, -12673449.9266 8092839.5058, -12673296.4301 8092845.2544, -12673182.1514 8092821.6783, -12672918.506 8092699.2352, -12672872.4754 8092667.3216, -12672811.8057 8092590.0018, -12672633.0622 8092599.067, -12672246.546 8092669.0922, -12672195.0696 8092657.79, -12672247.2079 8092889.3796, -12672308.5525 8093025.8633, -12672329.4752 8093184.351, -12672283.4367 8093354.0768, -12672192.5829 8093479.1457, -12672043.3153 8093554.2676, -12671836.6641 8093592.1645, -12671775.7444 8093578.7854, -12671699.8133 8093525.3177, -12671546.8384 8093523.4775, -12671380.3604 8093486.9077, -12671236.7324 8093385.7594, -12671181.0113 8093303.1591, -12671143.9578 8093113.6478, -12671089.57 8093075.3442, -12670855.1305 8092701.9585, -12670843.9689 8092634.5422, -12670766.7892 8092484.1233, -12670679.2458 8091920.9792, -12670545.8091 8091826.98969999, -12670490.1072 8091744.4019, -12670388.804 8091343.0569, -12670331.2186 8091213.43689999, -12670256.9751 8091094.3692, -12670152.1834 8091113.5618, -12669997.7563 8091079.6092, -12669868.4312 8090988.4982, -12669784.3088 8090854.39239999, -12669758.4623 8090698.1381, -12669775.8699 8090624.5219, -12669694.0231 8090575.2301, -12669513.0113 8090503.7494, -12669339.3458 8090469.8851, -12669144.7892 8090468.1305, -12668998.174 8090492.3269, -12668878.4718 8090580.9116, -12668671.888 8090618.706, -12668517.478 8090584.72519999, -12668460.8416 8090544.8078, -12668354.4911 8090542.3904, -12668195.7408 8090463.0151, -12667904.6985 8090218.2752, -12667693.0313 8090138.8999, -12667441.6767 8089966.9204, -12667368.5244 8089897.8094, -12667247.7185 8089933.1168, -12667006.7991 8089964.2607, -12666394.9501 8089909.0269, -12665804.0254 8089890.7697, -12665571.7573 8089898.6099, -12665332.9657 8089932.437, -12664906.627 8090039.6453, -12664663.7873 8090131.14599999, -12664316.1755 8090301.3201, -12663935.8635 8090540.6026, -12663506.4763 8090870.12439999, -12663271.9782 8091116.1205, -12663099.9395 8091329.8608, -12662906.3642 8091608.9447, -12662580.378 8092211.4723, -12662476.0493 8092334.7228, -12662341.5229 8092420.0403, -12662406.0918 8092740.606, -12662475.9895 8092935.3276, -12662511.0611 8093111.9975, -12662634.3435 8093143.5489, -12662760.5343 8093239.0435, -12662840.0809 8093375.9798, -12662860.6181 8093533.0794, -12662814.3631 8093702.7528, -12662725.2602 8093825.0849, -12662561.1809 8093925.15479999, -12662598.6276 8094070.9193, -12662754.7724 8094371.4805, -12662925.7414 8094285.6129, -12663558.8293 8094297.37, -12663854.8917 8094416.1694, -12664321.0525 8094845.5198, -12664464.0617 8095131.1378, -12664534.6942 8095442.75429999, -12664446.8204 8096071.0973, -12664077.4954 8096586.5831, -12663661.3683 8096795.6582, -12663685.784 8096831.9308, -12663716.6714 8096987.3939), (-12748420.7416 8065771.50199999, -12748441.897 8065762.5934, -12748421.8549 8065704.6586, -12748385.563 8065709.8213, -12748375.1499 8065717.8984, -12748381.7231 8065750.8743, -12748420.7416 8065771.50199999), (-12747674.609 8065764.77489999, -12747673.7616 8065773.2493, -12747638.1896 8065721.5551, -12747591.5876 8065699.972, -12747492.5292 8065728.0906, -12747463.6158 8065717.8468, -12747373.0824 8065778.312, -12747299.3132 8065792.6132, -12747311.058 8065807.9857, -12747350.8688 8065791.4, -12747379.9074 8065803.8858, -12747399.9902 8065783.9836, -12747423.8022 8065821.1568, -12747496.3462 8065772.7847, -12747586.0153 8065837.8379, -12747592.7681 8065826.7211, -12747572.0496 8065795.6731, -12747602.2321 8065779.20049999, -12747671.2048 8065798.8148, -12747673.7616 8065773.2493, -12747677.0485 8065774.4488, -12747674.609 8065764.77489999), (-12748965.0629 8066043.5364, -12748938.8906 8066054.4846, -12748861.6621 8065976.1387, -12748822.4902 8066008.2316, -12748797.1396 8065984.2082, -12748759.4173 8065995.2009, -12748691.3797 8066088.8873, -12748740.3596 8066128.3985, -12748779.5335 8066109.8456, -12748771.6188 8066121.8496, -12748841.7753 8066181.9912, -12748842.0128 8066234.0387, -12748875.2104 8066266.093, -12748900.982 8066267.0106, -12748902.3389 8066255.0507, -12748950.9474 8066237.7127, -12748900.0131 8066186.9874, -12748928.5334 8066170.7312, -12748949.0593 8066184.6665, -12748982.6068 8066177.3505, -12748984.3971 8066164.5892, -12749027.5654 8066167.6266, -12749047.8041 8066139.7105, -12748965.0629 8066043.5364), (-12754596.014 8063125.0419, -12754204.7713 8063024.2923, -12754179.1587 8063260.4898, -12754565.1199 8063218.1568, -12754596.014 8063125.0419), (-12746162.6338 8066270.3738, -12746109.9743 8066171.6372, -12746038.5077 8066198.9073, -12746047.9112 8066064.4375, -12746252.9074 8066111.455, -12746282.9984 8066014.5991, -12746166.3953 8065976.9852, -12746097.7499 8065866.024, -12746014.0589 8065958.1781, -12745195.7431 8066161.3941, -12745185.8353 8066229.2641, -12746162.6338 8066270.3738), (-12749400.3673 8063819.768, -12749655.7491 8063805.7745, -12749661.5796 8063689.16179999, -12750008.2225 8063695.8577, -12750033.1214 8063806.6818, -12750167.3797 8063801.7996, -12750177.632 8063723.6858, -12750043.3304 8063667.9083, -12749964.0477 8063558.7455, -12749813.8902 8063460.6783, -12749685.4719 8063427.9297, -12749655.0908 8063402.0335, -12749637.4026 8063323.2084, -12749564.652 8063209.2495, -12749444.9187 8063215.9636, -12749388.4824 8063194.8412, -12749303.2505 8063195.9313, -12749264.1877 8063230.6485, -12749242.2586 8063345.7458, -12749197.5039 8063435.1118, -12749191.7462 8063516.0925, -12749142.9685 8063568.4367, -12749030.0397 8063586.3971, -12748883.656 8063564.982, -12748852.3768 8063529.8935, -12748721.6813 8063785.9505, -12748996.8872 8064040.166, -12749353.722 8064143.9513, -12749400.3673 8063819.768), (-12745737.2997 8065993.6221, -12745853.4122 8065797.5634, -12745994.5695 8065674.3871, -12746604.0941 8065691.3612, -12746974.2321 8065729.3771, -12746885.4936 8065668.2194, -12746682.7483 8065408.3449, -12746470.433 8065395.3076, -12746291.6665 8065269.1867, -12746005.5015 8065229.8182, -12745650.792 8065264.9983, -12745487.3291 8065381.5818, -12745433.2717 8065610.286, -12745289.562 8066079.6854, -12745737.2997 8065993.6221), (-12754398.4977 8064678.5834, -12754299.1424 8064619.1974, -12754177.0982 8064574.57639999, -12754022.073 8064590.1031, -12753913.8396 8064641.9876, -12753756.1563 8064406.1138, -12753605.3353 8064372.3881, -12753460.1066 8064266.7385, -12753100.8134 8064117.4203, -12753071.1088 8063984.9226, -12753109.0401 8063782.6991, -12753229.1627 8063687.7364, -12752927.2675 8063616.0866, -12752820.3913 8063813.1285, -12752736.6079 8064196.5378, -12752926.1205 8064446.0342, -12753269.5969 8064542.7951, -12753494.946 8064720.0045, -12753721.9713 8064861.6939, -12754026.5393 8064901.8778, -12754071.6474 8065191.2014, -12754366.295 8065191.7403, -12754398.4977 8064678.5834), (-12721527.2177 8070796.1034, -12721605.9988 8070518.464, -12721694.9739 8070468.7856, -12721782.7324 8070533.0165, -12721860.9616 8070306.0094, -12721726.4563 8069886.8726, -12721562.7764 8069834.4886, -12721487.7955 8069757.7414, -12721277.5318 8069337.8123, -12721026.2651 8069208.5396, -12720901.5903 8069055.3206, -12720966.109 8068929.4626, -12721522.2703 8068897.491, -12721888.0228 8068952.033, -12722205.8082 8068765.5933, -12722257.8064 8068626.9407, -12722071.0419 8068371.8547, -12721868.9639 8068369.6962, -12721563.5465 8068581.5543, -12721273.4593 8068540.4695, -12721062.5604 8068183.8663, -12720825.6043 8067902.914, -12720461.8316 8067671.1987, -12720057.8529 8067654.1378, -12719942.6768 8067792.0658, -12719726.3253 8067941.5379, -12719647.0864 8068257.021, -12719694.2809 8068561.2516, -12719653.8962 8068788.5997, -12719474.7081 8069001.7712, -12719358.3877 8069240.9503, -12719329.09 8069607.6619, -12719376.2799 8069911.9491, -12719361.7001 8070088.9912, -12719399.7167 8071228.6712, -12719587.1547 8071420.6293, -12719801.3954 8071473.6225, -12719621.8694 8071712.1906, -12719823.8982 8071727.07, -12720205.9925 8071452.7319, -12720334.5425 8071251.5807, -12721527.2177 8070796.1034), (-12696730.4572 8055514.8782, -12696921.3706 8055388.7001, -12697050.9172 8055322.2978, -12697218.0715 8055271.5794, -12697520.9584 8055253.0707, -12697577.2761 8055011.309, -12697850.7354 8054931.7422, -12698040.8816 8054858.5898, -12698177.0314 8054860.4779, -12698333.0519 8055067.2827, -12698443.2777 8055303.7759, -12698585.7492 8055396.7016, -12698738.4948 8055292.6915, -12698816.8419 8055096.7004, -12698781.7259 8054899.15119999, -12698783.8063 8054747.59440001, -12698666.1184 8054503.4418, -12698645.8233 8054328.8482, -12699032.5917 8054258.3865, -12699103.5588 8054600.4106, -12699426.4177 8054779.158, -12699877.8801 8054959.64949999, -12699966.0775 8055150.3384, -12700093.1285 8055265.7624, -12700461.7418 8054861.4747, -12700667.2952 8054765.7275, -12700760.4077 8054592.6669, -12700806.2995 8054555.3919, -12700980.5681 8054535.0067, -12701244.0758 8054629.5031, -12701312.352 8054615.2629, -12701354.2271 8054312.6703, -12701358.0806 8054024.7358, -12701121.3473 8053627.4836, -12701124.0913 8053422.9161, -12701095.4678 8053301.2864, -12700940.4254 8053018.8267, -12700501.0079 8053073.5066, -12700198.9335 8053039.0986, -12699971.9686 8053043.5888, -12699744.5914 8053078.3765, -12699652.7119 8053160.47510001, -12699432.1686 8053248.3907, -12699227.366 8053291.0503, -12699006.5027 8053401.68419999, -12698959.9862 8053484.4011, -12698754.2383 8053595.2383, -12698708.1342 8053647.6492, -12698690.6149 8053821.7055, -12698597.8813 8053964.4145, -12698387.7884 8053840.2585, -12698374.02 8053741.55099999, -12698132.5355 8053700.3163, -12697875.2987 8053704.3236, -12697499.5857 8053524.7971, -12697363.6714 8053507.7442, -12697235.0035 8053513.5238, -12697052.8691 8053556.4427, -12696945.4059 8053668.6073, -12696923.2927 8054168.4699, -12696678.3002 8054377.2339, -12696315.2592 8054372.1211, -12695978.3055 8054662.94, -12696180.0708 8054840.115, -12696662.3507 8054975.7615, -12696440.7617 8055131.8122, -12696407.5254 8055343.5754, -12696518.1196 8055549.7913, -12696730.4572 8055514.8782), (-12694589.9472 8074427.78059999, -12693505.5323 8074234.8277, -12693342.1421 8074169.1332, -12692981.4982 8073758.6282, -12690978.8858 8074121.7803, -12690026.0712 8075285.4889, -12690606.4665 8076218.8743, -12690873.2643 8076134.1646, -12691518.0091 8076143.7125, -12691920.3281 8076301.6606, -12691967.5572 8076530.3886, -12692106.6273 8076532.4324, -12692568.6881 8076931.9449, -12692997.0947 8077039.5541, -12693376.7705 8077019.7365, -12693553.0495 8077072.9716, -12693551.5636 8076300.1443, -12693699.5797 8075681.5668, -12694010.4386 8075166.7199, -12694255.5135 8074828.268, -12694589.9472 8074427.78059999), (-12695168.637 8061292.6689, -12695511.6291 8061133.1967, -12695789.0228 8061149.7788, -12696307.5628 8061068.6162, -12696560.0769 8061059.5331, -12696914.4086 8060988.6582, -12697206.5318 8060853.6855, -12697413.6719 8060477.3229, -12697418.7714 8060110.796, -12697320.3133 8059932.4484, -12697119.3558 8059866.4336, -12696580.6403 8059593.42230001, -12696278.429 8059551.242, -12696053.6876 8059383.7469, -12695913.8636 8059457.6067, -12695886.3162 8059621.5375, -12695957.189 8059963.8347, -12695789.6229 8060214.2799, -12695587.2402 8060249.3307, -12695323.3923 8060169.7297, -12695277.5969 8059840.4149, -12695333.0771 8059487.2772, -12695234.1386 8059346.829, -12695009.0669 8059204.5809, -12694847.4313 8059037.95799999, -12694738.4187 8058720.4231, -12694742.3853 8058442.4335, -12694796.7991 8058165.1763, -12694787.7912 8057912.2959, -12694726.8974 8057759.7774, -12694504.7736 8057415.3988, -12694317.6048 8057273.7097, -12693990.098 8057243.7214, -12693635.0059 8057377.5922, -12693267.1089 8058395.8839, -12693238.0422 8059532.9848, -12692957.9284 8060578.1125, -12692930.4956 8060729.4169, -12692988.81 8061058.96809999, -12693172.936 8061415.6493, -12693462.4042 8061470.4239, -12693790.8214 8061449.8903, -12694219.8131 8061456.0771, -12694597.9747 8061486.7972, -12695168.637 8061292.6689), (-12713931.1948 8055069.7341, -12714558.6965 8054455.5963, -12714609.7125 8053971.1656, -12714828.3323 8053382.6285, -12715151.3874 8052916.5763, -12715472.4856 8052617.207, -12716171.8126 8052307.0227, -12716684.1132 8052479.5573, -12717987.9597 8052206.3702, -12718020.0658 8052040.0493, -12718869.117 8051852.5299, -12718960.6873 8051777.784, -12719221.2652 8051462.4782, -12719388.7673 8051358.2662, -12719301.3683 8051054.2841, -12719318.9855 8050827.22249999, -12718581.2799 8050531.2038, -12718252.1859 8050209.4006, -12718224.3084 8049997.0071, -12717609.2005 8049565.9629, -12715911.339 8049955.6579, -12715498.091 8050390.2196, -12715120.2825 8050370.7014, -12714729.6405 8050154.077, -12714581.6196 8049879.6775, -12713888.4847 8049674.6376, -12713189.8467 8049939.0614, -12713065.3194 8050240.5606, -12712595.3719 8050341.0149, -12711707.1605 8050012.2409, -12710588.5809 8049983.5353, -12710105.5337 8049917.0349, -12709922.0761 8050081.4187, -12709528.9944 8050076.5798, -12709229.4256 8049845.6497, -12709015.9012 8049994.4888, -12708048.7079 8049952.1309, -12707823.4517 8049828.11649999, -12707563.9749 8050021.7826, -12707155.5892 8050031.7748, -12706780.6982 8049784.6453, -12706371.9393 8049824.8863, -12706292.1107 8050157.1382, -12705697.2518 8050558.5529, -12705227.7727 8050613.105, -12704841.9062 8050047.5855, -12703980.3624 8050021.2183, -12703831.5524 8049837.4874, -12703379.8049 8049695.22209999, -12703284.1307 8050072.6754, -12703356.3455 8050331.1619, -12703347.6047 8050997.6506, -12702679.9185 8051170.6422, -12702974.3506 8051780.6079, -12703651.8575 8052016.8187, -12703741.9971 8052063.4598, -12704572.3523 8052180.3724, -12704597.4963 8052574.6905, -12704408.9384 8053117.7977, -12704511.6672 8053361.6188, -12705148.4775 8053248.6335, -12705720.6974 8053453.0283, -12706320.1155 8053900.2329, -12706587.003 8054328.0311, -12706847.0378 8054103.98, -12707561.0307 8053870.5046, -12707827.0393 8054374.0322, -12707837.8026 8054722.7976, -12708580.0084 8054656.2965, -12710133.7255 8055039.3061, -12710419.6919 8055164.0774, -12710919.6769 8055109.5349, -12711552.8965 8055299.1129, -12711745.0283 8055680.421, -12711757.0668 8055938.2912, -12712191.1433 8056337.6909, -12712769.1878 8056086.8571, -12713239.4934 8055986.3165, -12713575.217 8055747.7188, -12713912.5165 8055372.6964, -12713931.1948 8055069.7341))"
27,20917,1008,2023-10-15 06:33:14,MWF048, ,3369.1,2023-07-04,1555,2 - non-corrected airborne GPS,Wildfire,Under Control,2023/08/09 15:00:00,E,3366.0,1688402280000,Lightning,5,f226b0e7-dd36-44c8-8255-c47aaf4201cb,118382030.242188,62125.1841045726,"POLYGON ((-12608666.3058 7918489.7398, -12608962.5647 7918520.2057, -12609147.163 7918584.6716, -12609317.7373 7918677.0239, -12609510.6589 7918885.8398, -12609830.795 7919338.1397, -12610002.8529 7919554.7513, -12610194.9812 7919752.3499, -12610335.2495 7919872.817, -12610562.1717 7920036.1287, -12610723.5275 7920130.9834, -12612033.8272 7920831.3467, -12612600.8255 7921185.4992, -12612995.7657 7921460.2051, -12613667.6128 7922006.2341, -12614237.9325 7922516.6306, -12614640.6079 7922909.1614, -12615218.1592 7923511.6194, -12615563.9265 7923825.10769999, -12615941.0078 7924106.9652, -12616855.6488 7924725.3468, -12617581.6514 7925241.3029, -12617806.5304 7925380.5759, -12618205.3707 7925565.0456, -12618458.9042 7925634.1508, -12618717.6537 7925653.246, -12619052.0099 7925605.232, -12619277.0381 7925502.1836, -12619474.8395 7925355.4404, -12619577.1784 7925237.4771, -12619800.7417 7924926.0749, -12619918.1313 7924830.4155, -12620134.9393 7924743.6781, -12620295.9216 7924751.6793, -12620451.6416 7924809.0638, -12620599.6824 7924884.0711, -12621079.5318 7925217.9102, -12621457.1263 7925529.2632, -12621569.7196 7925645.40119999, -12621724.3386 7925843.361, -12621825.3526 7925918.5624, -12621819.5955 7926063.4517, -12621764.0686 7926300.5529, -12621699.6684 7926454.3457, -12621596.872 7926593.7461, -12621351.876 7926839.01659999, -12620727.494 7927391.3203, -12619396.5083 7928624.7842, -12619290.8196 7928745.2878, -12619152.0067 7928944.9232, -12618865.1627 7929525.3336, -12618779.3484 7929660.262, -12618672.4279 7929779.8451, -12618479.6558 7929929.37259999, -12617989.2347 7930207.8577, -12617517.2882 7930503.5861, -12617191.3393 7930742.7896, -12616949.4317 7930968.0788, -12616665.2187 7931278.4867, -12616091.717 7931998.9015, -12615878.3335 7932237.4253, -12615414.4863 7932680.3091, -12615228.4509 7932837.0803, -12615032.4598 7932974.90739999, -12614551.0799 7933220.1753, -12614204.79 7933432.839, -12613893.7793 7933695.2655, -12613502.0861 7934083.79469999, -12613374.6476 7934171.8318, -12613232.7838 7934233.6006, -12613003.3607 7934282.2567, -12612477.1844 7934325.8906, -12611766.3722 7934418.5586, -12611637.2075 7934388.2739, -12611576.4646 7934355.3073, -12611328.8748 7934118.1715, -12611218.6326 7934033.4569, -12611153.3644 7934005.3649, -12611010.6702 7933976.195, -12610861.0059 7933987.7123, -12610494.0297 7934070.7346, -12610196.3339 7934120.4943, -12609600.1123 7934161.6731, -12608961.9675 7934224.0376, -12608710.3748 7934264.3053, -12608590.4661 7934262.7539, -12608427.7294 7934204.0616, -12608344.7889 7934120.4242, -12608276.9921 7933945.9386, -12608243.2804 7933687.05309999, -12608204.8658 7933563.4112, -12608138.1886 7933460.6747, -12608040.7764 7933382.6282, -12607981.0039 7933356.1602, -12607916.9207 7933339.2453, -12607780.9071 7933337.4572, -12607572.9261 7933388.9474, -12606751.2466 7933714.7229, -12606579.6434 7933836.2284, -12606495.5723 7933844.70709999, -12606407.5445 7933617.3685, -12606393.3897 7933495.6271, -12606411.5093 7933273.1716, -12606436.6911 7933159.8883, -12606492.2447 7933014.1295, -12606554.5912 7932906.3492, -12606815.2457 7932650.6905, -12607642.309 7932039.7182, -12607802.9184 7931866.1921, -12607881.4827 7931731.3294, -12607929.741 7931512.9395, -12607919.3186 7931366.3333, -12607874.606 7931223.85670001, -12607695.9045 7930836.7805, -12607667.6046 7930636.254, -12607673.4269 7930566.0517, -12607717.6731 7930431.95709999, -12607804.0099 7930313.7391, -12607861.7948 7930264.504, -12608000.029 7930188.2603, -12608160.9181 7930143.2576, -12608332.0805 7930124.6765, -12608598.6957 7930124.8341, -12609041.0264 7930154.0067, -12610837.1754 7930357.9457, -12611159.896 7930375.9228, -12611396.9142 7930358.594, -12611618.7326 7930284.0665, -12611750.4913 7930203.7929, -12611871.3238 7930103.2133, -12612029.8896 7929927.1386, -12612162.0216 7929734.5468, -12612227.2897 7929589.9199, -12612263.6328 7929442.8607, -12612270.3976 7929293.0801, -12612219.0975 7929074.8221, -12612141.5035 7928944.2137, -12612030.2256 7928838.7635, -12611963.7817 7928796.1248, -12611817.1404 7928739.0866, -12611428.5825 7928651.2531, -12611201.8466 7928581.2182, -12610848.4933 7928417.4587, -12610651.9612 7928286.5026, -12610470.7029 7928126.6467, -12610316.3082 7927939.0227, -12610235.7656 7927798.5902, -12610177.2621 7927645.10279999, -12610142.2254 7927484.7439, -12610108.1777 7926885.681, -12610082.9101 7926713.4643, -12610017.8006 7926463.8024, -12609892.7321 7926147.4462, -12609772.7952 7925918.3435, -12609632.807 7925704.0095, -12608853.1342 7924789.4016, -12608761.9735 7924639.0657, -12608702.7516 7924476.2844, -12608680.3485 7924296.8135, -12608708.1819 7924022.4596, -12608906.2818 7923399.8293, -12608956.0518 7923134.4003, -12608934.2459 7922864.9721, -12608907.8867 7922778.1084, -12608820.5701 7922614.6499, -12608625.2508 7922418.6915, -12607918.7587 7921979.6569, -12607320.4375 7921545.3646, -12607044.0717 7921302.9265, -12606441.0291 7920721.9587, -12605741.7497 7920135.5066, -12605634.6053 7920003.8458, -12605557.9351 7919852.8527, -12605520.1551 7919687.3667, -12605516.8426 7919601.2307, -12605543.9204 7919429.8978, -12605609.9631 7919267.439, -12605715.8103 7919122.58429999, -12605781.6571 7919060.6332, -12605855.7708 7919003.3014, -12606020.812 7918911.6798, -12606298.6709 7918821.0392, -12606886.9241 7918712.09139999, -12607874.2234 7918565.3054, -12608467.0488 7918499.2916, -12608666.3058 7918489.7398))"
28,20932,1151,2023-10-15 06:33:14,PWF091, ,179.1,2023-07-18,1530,0 - hand sketch of any type,Wildfire,Under Control,2023/07/26 10:00:00,D,179.1,1688831460000,Lightning,5,c1a28fb3-b5fc-4879-8543-a883aebed27b,5934102.65625,21161.7984804869,"POLYGON ((-13186584.7626 7705616.3962, -13186581.5574 7705659.7853, -13186538.2152 7705709.2586, -13186506.9202 7705783.7888, -13186479.7 7705805.4293, -13186465.8454 7705798.025, -13186442.1973 7705837.0461, -13186420.0028 7705824.6602, -13186348.2708 7705845.8503, -13186297.5916 7705883.5365, -13186282.8801 7705912.6491, -13186252.2906 7705920.9506, -13186176.8994 7706030.133, -13186183.7711 7706059.5056, -13186119.4264 7706066.8114, -13186096.689 7706043.6445, -13186052.1205 7706068.8627, -13186009.1325 7706018.3498, -13186013.8334 7706004.6034, -13185980.418 7706010.3447, -13186003.0988 7706059.1821, -13186002.7153 7706105.1326, -13185951.0947 7706150.9709, -13185948.4961 7706206.4905, -13185917.2268 7706201.3159, -13185911.3959 7706246.1916, -13185871.7414 7706288.7234, -13185850.089 7706287.1154, -13185845.0375 7706267.1064, -13185735.0104 7706239.7981, -13185703.4271 7706266.1532, -13185676.0568 7706258.0788, -13185663.0515 7706187.1356, -13185622.0199 7706148.6794, -13185617.6364 7706115.1277, -13185562.0266 7706108.4786, -13185546.6719 7706044.4099, -13185527.7774 7706044.0127, -13185526.4226 7706017.0629, -13185507.1896 7706009.9282, -13185506.7732 7705974.8259, -13185522.785 7705952.8443, -13185502.4836 7705948.5462, -13185541.9415 7705907.299, -13185522.198 7705884.4203, -13185538.6726 7705858.7873, -13185514.2815 7705803.1884, -13185517.7745 7705748.9347, -13185574.0508 7705715.7276, -13185606.6328 7705673.4859, -13185657.0507 7705696.5396, -13185680.6984 7705626.9996, -13185676.8989 7705608.3753, -13185659.0334 7705603.5202, -13185658.804 7705566.9111, -13185696.8248 7705568.8846, -13185682.5577 7705534.7626, -13185715.4692 7705467.2139, -13185756.2295 7705504.7964, -13185782.6995 7705492.5139, -13185740.1114 7705385.8631, -13185719.688 7705372.2607, -13185697.1962 7705378.7523, -13185688.4 7705356.4209, -13185645.2475 7705340.3123, -13185635.806 7705350.2489, -13185671.4307 7705383.6201, -13185658.5893 7705397.8871, -13185612.7188 7705335.4318, -13185785.8794 7705227.0149, -13185773.9742 7705133.6886, -13185719.2789 7705049.7492, -13185665.6161 7704842.9342, -13185692.8783 7704668.1623, -13185751.8053 7704549.592, -13185865.06 7704507.7489, -13185995.1734 7704371.1338, -13186064.8493 7704179.7792, -13186210.4905 7704208.5383, -13186456.8824 7704376.6864, -13186511.581 7704460.6129, -13186572.3097 7704378.0701, -13186782.2399 7704251.8523, -13186853.4266 7704233.7987, -13187010.9089 7704211.3727, -13187162.654 7704218.1316, -13187353.9951 7704295.1235, -13187458.5891 7704224.7993, -13187736.4992 7704160.1269, -13187839.7269 7704205.4566, -13187865.6736 7704290.8318, -13187926.8491 7704359.9697, -13188070.6768 7704352.6638, -13188303.249 7704246.9264, -13188363.2266 7704149.9607, -13188578.5962 7704131.783, -13188660.1426 7704033.719, -13188759.3561 7703999.7733, -13188903.9066 7704006.8634, -13189071.7382 7703904.4025, -13189139.2599 7703814.2743, -13189347.9962 7703752.7142, -13189327.5587 7703689.0957, -13189313.0532 7703545.3584, -13189368.7485 7703506.401, -13189433.0969 7703495.8967, -13189493.548 7703550.6045, -13189541.8145 7703649.2767, -13189592.5149 7703653.9149, -13189697.079 7703583.5663, -13189720.0009 7703473.8148, -13189897.1798 7703407.2092, -13189976.8697 7703273.1166, -13190058.7553 7703182.2538, -13190366.097 7703130.4361, -13190491.4353 7703018.9753, -13190479.8317 7702976.3558, -13190520.1976 7702948.6348, -13190571.1381 7702943.3295, -13190607.8141 7702922.5486, -13190632.309 7702821.3685, -13190694.3167 7702795.2409, -13190792.3573 7702841.5398, -13190875.5275 7702807.5762, -13190930.1488 7702662.994, -13190978.7132 7702637.5526, -13191069.3854 7702645.0641, -13191118.9796 7702639.8243, -13191156.9966 7702618.973, -13191239.0035 7702509.448, -13191336.7545 7702418.0211, -13191403.2696 7702401.1103, -13191442.7969 7702409.88700001, -13191542.2117 7702483.1096, -13191583.5338 7702474.2398, -13191594.8051 7702457.4583, -13191625.956 7702486.9184, -13191659.0132 7702421.7592, -13191708.5737 7702389.5113, -13191778.9403 7702448.0164, -13191827.0044 7702571.1306, -13191958.339 7702635.9603, -13191969.5009 7702696.153, -13191949.7486 7702757.9326, -13191860.7948 7702784.1022, -13191826.5682 7702826.36909999, -13191779.0055 7702845.0133, -13191686.1293 7702794.4112, -13191593.6982 7702778.8948, -13191539.4214 7702745.2175, -13191501.649 7702744.45269999, -13191491.4461 7702755.7785, -13191506.0491 7702830.6505, -13191495.1208 7702854.167, -13191473.508 7702879.5816, -13191344.8838 7702894.2747, -13191294.4086 7703014.3447, -13191217.1257 7703084.47339999, -13191203.4301 7703159.4481, -13191147.123 7703297.37569999, -13191086.722 7703381.4959, -13190997.9638 7703411.6989, -13190895.9973 7703473.6378, -13190822.4813 7703617.8512, -13190722.6784 7703695.8849, -13190636.1919 7703717.8652, -13190544.7669 7703775.2109, -13190327.4283 7703821.4344, -13190323.9557 7703912.0986, -13190280.687 7704013.3664, -13190205.9242 7704055.8873, -13190145.6177 7704115.6925, -13190075.3683 7704112.5276, -13189987.7361 7704138.6118, -13189933.3098 7704234.5822, -13189932.6328 7704300.7969, -13189918.7348 7704319.0645, -13189874.5065 7704324.0234, -13189807.7472 7704389.56, -13189709.4679 7704391.8736, -13189704.2653 7704289.4912, -13189684.2115 7704266.2034, -13189659.8121 7704343.08299999, -13189585.5318 7704419.8064, -13189506.303 7704452.2106, -13189446.8508 7704422.8267, -13189343.3748 7704402.4398, -13189242.4284 7704352.2087, -13189148.501 7704493.4094, -13189088.9805 7704542.3641, -13189049.3975 7704638.9272, -13188939.834 7704658.0139, -13188907.0884 7704650.2265, -13188866.3661 7704671.2095, -13188773.7805 7704652.9609, -13188725.8785 7704691.8675, -13188698.3012 7704759.4547, -13188677.1308 7704767.2855, -13188636.5227 7704763.949, -13188611.1612 7704742.2777, -13188591.6141 7704675.7377, -13188542.3048 7704633.6738, -13188446.5539 7704606.1278, -13188412.2798 7704621.3775, -13188387.3488 7704634.8011, -13188349.2771 7704788.0141, -13188245.4875 7704894.5937, -13188214.1542 7704888.0819, -13188163.0815 7704917.692, -13188161.2004 7705013.6894, -13188188.1787 7705040.6839, -13188189.6303 7705095.9909, -13188145.2108 7705123.9128, -13188092.4128 7705092.8268, -13188060.2797 7705097.1609, -13188027.2108 7705109.6471, -13188010.0229 7705142.9384, -13187860.1803 7705165.4073, -13187757.8916 7705221.93, -13187733.7751 7705251.5207, -13187737.027 7705289.1776, -13187695.1576 7705314.2662, -13187645.9363 7705407.2681, -13187553.0555 7705463.31229999, -13187363.7691 7705425.636, -13187185.3728 7705496.8188, -13187155.1419 7705538.876, -13187067.656 7705514.9427, -13187021.0013 7705525.4117, -13186996.012 7705564.5011, -13186959.2455 7705583.9247, -13186944.2123 7705633.3164, -13186905.7075 7705671.7399, -13186865.4261 7705781.849, -13186845.5954 7705789.6079, -13186769.8164 7705783.9894, -13186747.4572 7705714.8767, -13186707.8497 7705704.7246, -13186657.1592 7705715.3959, -13186660.2281 7705669.3116, -13186632.4514 7705653.1568, -13186648.0161 7705587.5285, -13186606.5755 7705540.9964, -13186618.5957 7705512.0207, -13186608.5982 7705420.6716, -13186641.7109 7705355.508, -13186701.7293 7705315.9983, -13186635.7735 7705184.2598, -13186608.5419 7705178.8843, -13186623.1564 7705228.123, -13186609.1267 7705270.70709999, -13186611.1103 7705336.795, -13186565.0401 7705439.0858, -13186506.1744 7705501.5005, -13186584.7626 7705616.3962))"
29,20936,526,2023-10-15 06:33:14,MWF030, ,7.3,2023-06-05,1510,2 - non-corrected airborne GPS,Wildfire,Being Held,2023/06/05 18:11:00,C,7.4,1685874300000,Lightning,5,86f943da-9c5c-4730-9126-4db245c38304,279593.46875,2553.68765053146,"POLYGON ((-12351020.0115 8233748.9421, -12351044.5756 8233631.5859, -12351070.3034 8233583.8605, -12351064.4656 8233532.2117, -12351082.8139 8233512.9032, -12351156.6673 8233524.2442, -12351217.1015 8233594.6759, -12351285.243 8233642.5016, -12351358.2946 8233605.8578, -12351544.0189 8233552.1244, -12351725.3644 8233599.4569, -12351978.0383 8233809.6875, -12352022.9707 8233879.8153, -12352030.385 8233930.037, -12351983.9437 8233965.0269, -12351841.4651 8233991.0035, -12351719.8263 8233971.7308, -12351571.9533 8233983.3169, -12351538.8256 8233965.4726, -12351487.702 8233901.9329, -12351432.5913 8233870.882, -12351263.581 8233832.4532, -12351221.4423 8233849.80399999, -12351100.4241 8233747.0409, -12351038.4698 8233766.4767, -12351020.0115 8233748.9421))"
30,20942,531,2023-10-15 06:33:14,MWF026,Richardson Complex,1703.4,2023-06-05,1531,2 - non-corrected airborne GPS,Wildfire,Under Control,2023/08/09 15:00:00,E,1705.0,1685279100000,Lightning,5,cc18a2bc-d638-4baf-b852-0007e442e01d,60169267.0234375,59538.6534027158,"POLYGON ((-12363787.361 7947317.0539, -12363623.7461 7946828.2634, -12363433.6616 7946363.7905, -12363240.2023 7945542.5954, -12363246.1708 7945386.1172, -12363359.88 7945152.9355, -12363385.2413 7945057.1288, -12363367.7214 7944912.7754, -12363269.5026 7944734.2747, -12363174.6493 7944622.5673, -12363104.6211 7944563.61, -12363025.6639 7944520.5682, -12362940.0171 7944496.5462, -12362805.9089 7944508.4297, -12362726.0179 7944560.0179, -12362602.492 7944732.8017, -12362521.8841 7944799.9286, -12362420.7163 7944835.7579, -12362084.4564 7944836.7698, -12361972.8049 7944861.8485, -12361920.7785 7944886.4512, -12361833.8823 7944965.3577, -12361784.4182 7945072.5056, -12361776.3407 7945190.8213, -12361799.7432 7945307.5474, -12361845.5319 7945414.5499, -12361952.3422 7945544.5464, -12362048.1945 7945598.9272, -12362279.2472 7945650.5713, -12362450.3537 7945710.4801, -12362604.641 7945803.4374, -12362691.908 7945891.6716, -12362761.5596 7945995.9512, -12362844.5107 7946165.4707, -12363032.9777 7946756.2955, -12363026.8851 7946847.3043, -12362963.0748 7946966.7819, -12362885.4188 7947023.3475, -12362793.3381 7947051.2386, -12362694.1201 7947045.37479999, -12362602.1876 7947006.7408, -12362334.2843 7946786.1873, -12362251.5293 7946750.2804, -12362160.5041 7946758.105, -12362118.3257 7946779.4777, -12362051.9298 7946852.2793, -12362023.8596 7946954.3006, -12362053.4219 7947128.2457, -12362193.2772 7947417.8092, -12362388.4155 7947743.8919, -12362426.7937 7947868.8298, -12362431.219 7948005.3094, -12362377.8887 7948208.2297, -12362272.3769 7948397.8427, -12362102.5239 7948626.82729999, -12361942.1509 7948753.7129, -12361761.3028 7948832.2141, -12361570.762 7948844.8867, -12361387.4122 7948781.3596, -12361231.441 7948659.8598, -12361069.5665 7948455.4934, -12360998.4316 7948277.1381, -12360924.3161 7947554.2471, -12360880.4665 7947389.5511, -12360827.3106 7947289.7052, -12360701.4747 7947169.3077, -12360345.3452 7946982.9815, -12360054.1166 7946726.1162, -12359951.3419 7946693.1014, -12359896.1621 7946694.3341, -12359841.6135 7946707.4275, -12359743.1266 7946766.7162, -12359701.543 7946808.9209, -12359639.1037 7946913.3508, -12359596.32 7947027.6954, -12359494.0433 7947441.8969, -12359398.7996 7947661.8536, -12359321.7435 7947737.2548, -12359275.3436 7947759.2987, -12358957.6322 7947798.8787, -12358856.1917 7947844.7764, -12358811.4117 7947882.4083, -12358736.3874 7947976.646, -12358647.9338 7948132.6232, -12358465.5721 7948562.873, -12358387.306 7948644.3701, -12358337.1192 7948670.3751, -12358224.6845 7948687.72, -12358110.5958 7948656.6729, -12358004.7362 7948583.0246, -12357767.6954 7948328.4589, -12357661.3781 7948235.3738, -12357474.3241 7948129.6603, -12357338.1733 7948088.7441, -12357121.7832 7948072.5208, -12356906.4326 7948116.1637, -12356771.8574 7948184.0667, -12356595.5127 7948338.9047, -12356405.3998 7948598.4875, -12355963.1882 7949331.84139999, -12355876.8187 7949535.2517, -12355846.4662 7949676.2425, -12355860.2406 7949885.3773, -12355907.192 7950016.4639, -12355979.9347 7950136.4206, -12356228.3615 7950469.0236, -12356318.0551 7950642.8147, -12356337.8919 7950767.2878, -12356311.2739 7950888.3208, -12356280.7139 7950941.7264, -12356188.4908 7951018.8839, -12356072.3073 7951056.2149, -12355943.9343 7951057.8065, -12355490.7442 7950987.3226, -12355293.4084 7950990.5806, -12355100.2746 7951053.5339, -12354794.0522 7951212.30309999, -12354600.0922 7951278.6568, -12354462.4125 7951289.8573, -12354040.1395 7951281.5336, -12353633.195 7951354.184, -12353500.3092 7951362.5796, -12353234.8202 7951338.4128, -12352701.5535 7951253.891, -12352586.1284 7951190.8566, -12352537.578 7951146.9973, -12352467.4104 7951041.2291, -12352445.052 7950977.8172, -12352423.4289 7950846.3509, -12352423.7958 7950639.3407, -12352539.9925 7949948.5724, -12352545.6037 7949741.1106, -12352529.5489 7949607.2209, -12352493.8667 7949481.38, -12352440.7553 7949364.818, -12352307.0454 7949153.0783, -12352274.4587 7949040.0346, -12352293.591 7948927.4576, -12352322.6005 7948873.1887, -12352408.6402 7948780.4524, -12352519.0776 7948707.4858, -12352645.3378 7948656.448, -12352780.5154 7948633.75819999, -12352923.5025 7948643.971, -12353487.3312 7948783.7652, -12353979.9947 7948877.60939999, -12354463.7273 7949028.2642, -12354750.7607 7949051.9353, -12354958.8097 7949011.6728, -12355151.4956 7948926.5026, -12355316.1027 7948801.4722, -12355404.688 7948699.1372, -12355466.5773 7948578.1042, -12355509.8236 7948376.7345, -12355479.7299 7947795.3441, -12355619.6601 7947011.1897, -12355636.7561 7946814.5442, -12355633.7869 7946508.3616, -12355662.2159 7946397.4337, -12355731.0276 7946308.9938, -12355828.8941 7946255.2454, -12355940.8688 7946233.12960001, -12356177.6561 7946218.3306, -12356290.9293 7946179.4553, -12356382.4243 7946105.4482, -12356413.2587 7946053.9849, -12356440.6703 7945935.7988, -12356424.2785 7945811.7915, -12356366.9751 7945689.5741, -12356275.3735 7945583.8258, -12356008.2922 7945363.4005, -12355911.9683 7945265.2723, -12355834.617 7945153.2104, -12355778.3889 7945029.1856, -12355717.7261 7944761.93729999, -12355603.8295 7943811.922, -12355595.5268 7943682.921, -12355614.2226 7943557.0112, -12355706.4398 7943392.5733, -12355852.8835 7943265.2929, -12356272.4842 7942987.735, -12356503.7486 7942882.7667, -12356629.6954 7942861.7209, -12356824.5692 7942872.9523, -12356949.2004 7942907.5802, -12357179.866 7943005.0954, -12357299.1473 7943032.7927, -12357415.8067 7943025.8078, -12357468.8829 7943006.8982, -12357608.7508 7942906.90339999, -12357826.4405 7942625.0668, -12357940.3021 7942421.5, -12357975.6623 7942257.4813, -12357952.0967 7941938.2371, -12357975.6247 7941731.0275, -12358153.8017 7941417.3217, -12358199.1996 7941116.044, -12358218.3897 7941070.10679999, -12358279.0087 7940990.8774, -12358405.2142 7940907.6958, -12358501.1504 7940891.667, -12358603.2764 7940916.4593, -12358690.6162 7940983.911, -12358752.8772 7941088.629, -12358791.2583 7941278.7983, -12358865.256 7942069.1432, -12358922.9202 7942245.375, -12358996.0326 7942341.4569, -12359303.6575 7942632.0573, -12359400.2091 7942696.3554, -12359663.7795 7942797.6654, -12360148.6693 7943036.2796, -12360349.6144 7943100.3426, -12360707.6678 7943098.2677, -12360954.4577 7943123.6354, -12361098.5298 7943093.6943, -12361559.3405 7942843.1436, -12361765.8314 7942696.0673, -12361890.058 7942540.9196, -12362055.0335 7942160.8423, -12362083.6217 7942122.02, -12362159.2457 7942065.9564, -12362249.1512 7942047.7504, -12362295.4401 7942054.3353, -12362530.4479 7942169.9145, -12362637.3174 7942197.5186, -12362806.1503 7942179.9617, -12362973.9837 7942115.9419, -12363188.7832 7942007.8849, -12363334.0074 7941905.057, -12363551.6945 7941713.2533, -12363700.5323 7941650.8323, -12363805.4852 7941646.3169, -12363960.0515 7941685.6966, -12364107.4873 7941755.8305, -12364250.0595 7941848.2383, -12364336.353 7941925.5263, -12364411.3925 7942019.1642, -12364563.082 7942286.8592, -12364600.6672 7942330.8002, -12364693.8659 7942389.381, -12364748.2085 7942400.7464, -12364861.2875 7942390.4511, -12365069.886 7942299.66579999, -12365172.4013 7942274.2563, -12365223.679 7942275.1963, -12365320.841 7942306.2532, -12365402.2705 7942374.4347, -12365461.2842 7942467.2816, -12365498.8106 7942577.588, -12365611.3441 7943263.5055, -12365772.8617 7943779.1557, -12365809.0715 7943977.0673, -12365787.2634 7944253.512, -12365692.3029 7944588.1848, -12365650.6873 7944792.2949, -12365654.1608 7945064.842, -12365722.0575 7945446.9455, -12365731.0884 7945574.0194, -12365718.9139 7945702.3026, -12365669.189 7945892.8328, -12365593.2239 7946079.6988, -12365498.7381 7946261.3327, -12365233.4296 7946660.5542, -12365134.7174 7946838.9763, -12365074.0553 7947026.5405, -12364960.8167 7947579.5564, -12364898.7887 7947759.3008, -12364813.4563 7947930.776, -12364733.3373 7948030.1071, -12364637.5574 7948114.58129999, -12364284.6881 7948371.2418, -12364011.7643 7948595.6026, -12363906.9748 7948633.6111, -12363746.873 7948622.4254, -12363655.7766 7948566.9223, -12363564.561 7948429.4675, -12363527.4207 7948266.65, -12363530.6952 7948097.0335, -12363575.6284 7947889.623, -12363730.5028 7947767.4084, -12363794.1154 7947678.2736, -12363811.3098 7947624.3177, -12363819.5834 7947505.1341, -12363787.361 7947317.0539))"
31,20943,39,2023-10-15 06:33:14,LWF084, ,152.8,2023-05-04,1520,2 - non-corrected airborne GPS,Wildfire,Under Control,2023/05/07 13:30:00,D,153.0,1683149700000,Human,5,e44020c0-33ab-4634-8de7-f9b119f76731,4547068.921875,11683.3050176722,"POLYGON ((-12449873.1009 7288937.1583, -12449821.4928 7289309.4527, -12449976.9702 7289340.4458, -12450337.816 7289345.52269999, -12450467.4193 7289370.6654, -12450580.4606 7289428.9129, -12450627.8325 7289471.7044, -12450703.5885 7289579.46589999, -12450767.0372 7289785.419, -12450804.2293 7290380.051, -12450828.7223 7290517.6943, -12450873.4724 7290645.9744, -12450983.024 7290813.0899, -12451031.6369 7290862.4982, -12451202.5286 7290980.467, -12451398.3517 7291059.0386, -12451909.9164 7291213.121, -12452072.513 7291300.3359, -12452116.2553 7291343.8469, -12452172.8831 7291440.7682, -12452187.7096 7291553.0063, -12452150.107 7291668.6478, -12452066.3921 7291765.3636, -12452013.4497 7291800.7032, -12451887.1027 7291845.1521, -12451744.2685 7291844.9587, -12451521.9462 7291757.7862, -12451382.6576 7291654.2509, -12451068.0453 7291339.3812, -12450929.951 7291225.1956, -12450690.6189 7291099.1306, -12450517.1333 7291052.3646, -12449922.4696 7290949.77359999, -12449761.9723 7290883.2934, -12449614.5847 7290783.4452, -12449427.3271 7290581.4472, -12449375.5417 7290501.17189999, -12449074.375 7289874.4554, -12448970.0579 7289703.1854, -12448771.8274 7289481.665, -12448490.535 7289230.4474, -12448373.8734 7289090.4899, -12448294.4224 7288932.0333, -12448259.2645 7288760.1555, -12448281.8354 7288599.5462, -12448353.1872 7288472.2503, -12448448.5748 7288379.2657, -12448567.0839 7288323.6849, -12448695.2503 7288310.0192, -12448760.9943 7288318.0284, -12448890.411 7288355.7537, -12449077.0249 7288450.5431, -12449873.1009 7288937.1583))"
32,20944,653,2023-10-15 06:33:14,MWF021, ,14753.6,2023-06-11,1452,2 - non-corrected airborne GPS,Wildfire,Under Control,2023/08/09 14:59:00,E,14760.0,1685216400000,Lightning,5,a4dde325-761a-4921-ae3b-e67c8781ee52,515188528.703125,159273.756813402,"POLYGON ((-12590743.673 7900143.517, -12590598.6734 7900034.5269, -12590494.2622 7899914.7215, -12590444.0149 7899764.609, -12590460.9666 7899649.4081, -12590559.4235 7899484.5502, -12590791.9665 7899247.2024, -12591052.6365 7899064.18209999, -12591227.5778 7898993.7106, -12591355.077 7898994.1109, -12591479.6347 7899044.5302, -12591584.4133 7899143.6001, -12591699.9651 7899341.95009999, -12591793.3377 7899470.7874, -12591916.8603 7899574.735, -12592066.2835 7899635.2299, -12592145.8337 7899649.3544, -12592304.6531 7899648.132, -12592457.1147 7899619.3452, -12592755.6678 7899530.8895, -12592910.9248 7899512.9973, -12592992.0145 7899518.5468, -12593154.8452 7899552.5363, -12593316.5908 7899608.4359, -12593940.5195 7899878.5667, -12594018.7514 7899904.2022, -12594175.9154 7899924.6284, -12594327.0309 7899902.30579999, -12594460.2922 7899835.8337, -12594723.8013 7899580.8444, -12594850.3602 7899495.5506, -12594994.7616 7899431.353, -12595370.4504 7899312.5972, -12595504.7492 7899248.7014, -12595618.8275 7899164.7358, -12595801.5207 7898962.76919999, -12595920.2473 7898884.2711, -12595987.5696 7898857.7213, -12596136.1041 7898841.7322, -12596286.5437 7898872.7739, -12596431.0931 7898946.4405, -12596560.4759 7899050.2138, -12596796.2021 7899286.6889, -12597006.0592 7899428.5397, -12597163.9413 7899495.6946, -12597570.3587 7899626.6953, -12597718.4034 7899706.2503, -12598146.4863 7899983.3931, -12598302.0894 7900046.0486, -12598462.1795 7900072.67, -12598541.7689 7900068.0769, -12598692.0085 7900025.3567, -12598821.8676 7899944.5036, -12598985.8886 7899791.0626, -12599074.5589 7899679.5241, -12599133.2162 7899557.0552, -12599150.6413 7899360.2522, -12599082.1965 7899032.4913, -12599067.6251 7898898.2043, -12599091.9128 7898761.4962, -12599171.8244 7898633.1191, -12599368.8924 7898484.2495, -12599687.2866 7898353.21199999, -12599941.2164 7898290.7846, -12600470.9452 7898245.6642, -12600635.8886 7898200.0439, -12600710.5288 7898160.9273, -12600892.8699 7898006.539, -12601014.8945 7897822.4507, -12601055.078 7897690.6545, -12601047.2919 7897559.6617, -12601025.1641 7897498.1564, -12600991.881 7897441.5159, -12600900.2634 7897345.8054, -12600784.9476 7897284.6813, -12600653.3271 7897260.6717, -12600449.0043 7897292.7089, -12600316.6022 7897351.8275, -12600189.7076 7897430.7224, -12599779.4159 7897758.2297, -12599652.1381 7897833.166, -12599445.4095 7897912.042, -12598631.8252 7898139.5903, -12598451.2076 7898218.3261, -12598302.0618 7898353.8393, -12598087.8742 7898644.4178, -12597982.4847 7898721.477, -12597861.7396 7898756.8345, -12597798.292 7898756.018, -12597673.9766 7898725.12169999, -12597451.2898 7898597.1266, -12597264.5302 7898438.203, -12597168.6267 7898280.6657, -12597110.464 7898087.8364, -12597071.3704 7897883.8962, -12597045.6037 7897606.7283, -12597072.1088 7897134.3526, -12597060.9683 7896948.3818, -12597030.1646 7896837.6981, -12596981.4022 7896742.5699, -12596787.2004 7896513.2767, -12596749.98 7896360.7331, -12596765.5669 7896242.5487, -12596813.1722 7896118.8994, -12596928.4625 7895938.4091, -12597032.3872 7895837.0323, -12597158.9773 7895753.6134, -12597967.777 7895300.8226, -12598257.0364 7895171.3219, -12598549.296 7895068.42589999, -12598699.3207 7895038.8091, -12598854.3035 7895037.5139, -12599238.8356 7895115.641, -12599390.8592 7895125.6796, -12599533.2513 7895096.9239, -12599734.4731 7895017.50859999, -12599875.7077 7894994.0804, -12600019.8836 7895022.3548, -12600153.7145 7895103.7432, -12600773.731 7895711.6515, -12601058.0544 7895952.8615, -12601244.3108 7896042.2066, -12601373.5282 7896052.677, -12601435.3087 7896039.5223, -12601541.8333 7895981.3446, -12601582.3548 7895939.4025, -12601613.3646 7895891.6843, -12601641.739 7895785.9551, -12601629.4521 7895679.3947, -12601524.6251 7895480.1735, -12601488.1951 7895370.4524, -12601485.9912 7895255.0821, -12601544.6109 7895082.2629, -12601692.9336 7894874.6519, -12601877.8719 7894702.5379, -12602036.2525 7894610.4494, -12602159.648 7894589.7182, -12602294.4879 7894605.0676, -12602646.2606 7894708.0688, -12602795.087 7894719.7144, -12603249.4446 7894700.6171, -12603688.028 7894713.0133, -12603819.8184 7894698.4168, -12604006.1377 7894647.7192, -12604128.2155 7894642.559, -12604239.8563 7894687.5057, -12604328.1612 7894780.4513, -12604480.7957 7895178.9581, -12604568.7943 7895291.9618, -12604687.802 7895364.59179999, -12604754.7408 7895382.75469999, -12604823.5041 7895387.6384, -12604959.8405 7895357.7145, -12605145.6747 7895246.8482, -12605410.5553 7895013.9808, -12605481.7914 7894908.8335, -12605505.2437 7894792.2193, -12605496.144 7894733.5258, -12605447.3699 7894624.7402, -12605241.4953 7894327.5314, -12605095.6103 7893905.6996, -12604915.0975 7893594.11909999, -12604887.4889 7893480.352, -12604887.4213 7893418.4825, -12604931.5187 7893232.0954, -12604993.4079 7893114.8217, -12605082.9845 7893008.31979999, -12605803.032 7892387.4074, -12605888.2752 7892281.8051, -12606025.0829 7892053.7247, -12606120.2472 7891959.5135, -12606236.4932 7891893.1109, -12606301.8353 7891872.27709999, -12606441.5167 7891861.0709, -12606816.3424 7891945.6008, -12606972.8167 7891954.4563, -12607048.9974 7891944.2541, -12607194.127 7891900.7583, -12607472.5853 7891777.8962, -12607693.9346 7891705.1178, -12607925.8841 7891668.8537, -12608540.795 7891632.1362, -12608971.9599 7891535.852, -12609115.1436 7891544.655, -12609470.6084 7891634.2965, -12609620.9558 7891645.1366, -12609771.9881 7891632.4136, -12610132.4292 7891557.1823, -12610264.8244 7891507.1027, -12610551.1376 7891339.5074, -12610677.1362 7891306.4674, -12610745.3215 7891306, -12610884.3003 7891342.1393, -12611238.8997 7891520.0142, -12611478.2626 7891601.76739999, -12611974.8057 7891726.2372, -12612472.9974 7891819.3398, -12612960.5063 7891943.0035, -12613212.5526 7891949.9844, -12613540.1682 7891885.6044, -12613621.3378 7891881.9937, -12613855.6576 7891921.2453, -12614058.0185 7892057.1299, -12614416.8699 7892431.0411, -12614633.265 7892606.1883, -12614875.2462 7892762.5912, -12615640.3811 7893207.1965, -12616084.6464 7893424.9192, -12616538.3955 7893599.6327, -12616992.9336 7893730.4037, -12617442.4315 7893817.2236, -12617699.4602 7893904.9571, -12617854.2656 7893996.547, -12618146.6952 7894214.898, -12618304.9979 7894311.2633, -12619148.9529 7894694.3358, -12619552.0814 7894904.8974, -12619850.6096 7895108.6256, -12620116.0166 7895354.591, -12620225.1893 7895493.1511, -12620700.4072 7896209.8761, -12620802.5797 7896341.8993, -12620918.6542 7896457.3016, -12621051.7887 7896548.9755, -12621196.4733 7896610.4045, -12621638.3094 7896697.3743, -12621763.4608 7896774.5378, -12621816.0319 7896827.8644, -12621858.9528 7896891.537, -12621913.2069 7897040.7005, -12621929.2601 7897280.2273, -12621903.3493 7897516.5969, -12621846.1737 7897822.2452, -12621700.4534 7898343.9698, -12621678.3214 7898501.11729999, -12621678.4218 7898663.4314, -12621702.6729 7898829.5642, -12621746.6093 7898994.6612, -12622119.3117 7900057.6671, -12622278.1792 7900440.6912, -12622342.9047 7900669.42499999, -12622356.9411 7900821.8775, -12622342.026 7900970.5261, -12622152.3155 7901701.3645, -12622077.3375 7902144.6595, -12622057.5854 7902451.5672, -12622093.1854 7902759.4634, -12622136.9808 7902910.3223, -12622320.8908 7903357.209, -12622357.2006 7903505.5318, -12622365.6598 7903651.937, -12622337.9584 7903793.2598, -12622278.1493 7903920.5754, -12622193.0379 7904028.5046, -12621947.5796 7904266.024, -12621791.5123 7904495.7742, -12621706.0917 7904590.6938, -12621602.8363 7904653.4633, -12621488.5295 7904679.7525, -12621135.898 7904654.8708, -12620968.5364 7904694.7007, -12620918.518 7904724.83399999, -12620833.5278 7904810.2619, -12620630.9523 7905123.3956, -12620547.7469 7905196.769, -12620502.1388 7905217.942, -12620408.8681 7905217.2172, -12620326.1858 7905154.1558, -12620267.2806 7905048.3427, -12620125.2582 7904642.3993, -12620095.4805 7904594.7615, -12620018.5522 7904523.8018, -12619921.7407 7904493.2591, -12619812.8929 7904509.3374, -12619757.8693 7904536.2489, -12619654.6127 7904622.9871, -12619532.406 7904807.5798, -12619441.7956 7905019.4679, -12619342.5224 7905309.3753, -12619246.5604 7905680.3412, -12619165.5303 7905874.9308, -12619079.2089 7905974.8771, -12618970.4272 7906035.2818, -12618665.4107 7906094.2064, -12618551.8401 7906151.0651, -12618452.8076 7906248.9921, -12618377.0919 7906380.3983, -12618194.8588 7906908.2782, -12617930.2917 7907479.7066, -12617817.8322 7907768.9859, -12617712.6573 7908152.0783, -12617637.0818 7908631.3752, -12617596.4799 7908787.693, -12617317.2892 7909430.2237, -12617172.0625 7909848.9571, -12617112.2542 7909972.0255, -12617033.5964 7910078.6518, -12616935.8621 7910160.4511, -12616610.7583 7910313.4622, -12616471.8977 7910422.9748, -12616404.9173 7910523.5827, -12616383.0001 7910584.3678, -12616345.8109 7910858.08690001, -12616311.2901 7910980.1082, -12616249.2874 7911074.5127, -12616208.3059 7911108.3293, -12616110.7882 7911139.3829, -12616004.1484 7911119.072, -12615810.8707 7911006.7261, -12615702.8823 7910887.2746, -12615668.6527 7910782.4019, -12615671.9683 7910667.7406, -12615718.521 7910553.9608, -12615805.1391 7910447.4795, -12616024.342 7910237.0766, -12616100.3076 7910110.0988, -12616132.1539 7909974.2256, -12616129.9088 7909907.4537, -12616093.345 7909784.2693, -12616021.0454 7909682.8513, -12615852.1381 7909518.559, -12615800.0676 7909414.271, -12615789.2732 7909352.0359, -12615800.0589 7909217.0937, -12615928.1733 7908792.4971, -12615978.176 7908511.8194, -12615978.191 7908378.0104, -12615958.6789 7908253.2227, -12615916.3974 7908143.0638, -12615848.3865 7908056.0718, -12615754.0181 7908001.4765, -12615644.5858 7907983.4856, -12615534.8441 7907998.9574, -12615430.9551 7908054.7962, -12615339.4168 7908145.0523, -12615142.7263 7908435.4301, -12615049.6988 7908540.237, -12614671.0851 7908815.3889, -12614333.9909 7909149.2489, -12614168.9125 7909245.1649, -12614042.2178 7909270.0967, -12613847.4362 7909272.5295, -12613720.5342 7909260.1162, -12613539.6508 7909214.645, -12613313.5491 7909114.4625, -12613223.5653 7909035.4788, -12613161.5332 7908934.38, -12613104.5437 7908773.3559, -12613083.5917 7908621.8243, -12613110.3224 7908526.0271, -12613180.8594 7908444.402, -12613234.5494 7908411.6405, -12613372.6772 7908373.6596, -12613695.1547 7908353.9316, -12613939.2525 7908298.18550001, -12614082.2907 7908226.196, -12614201.1486 7908123.6681, -12614250.8081 7908061.8242, -12614331.1112 7907925.7012, -12614420.3118 7907710.1783, -12614557.7336 7907271.6037, -12614688.4966 7906920.5045, -12614724.3728 7906782.6067, -12614737.5025 7906645.3543, -12614723.1608 7906511.174, -12614646.1584 7906320.0143, -12614523.1518 7906147.7581, -12614378.237 7905999.8111, -12614106.8585 7905799.0483, -12613612.1528 7905488.6535, -12613375.3513 7905382.11550001, -12613185.5243 7905343.256, -12612991.0209 7905364.5567, -12612339.8051 7905505.7588, -12612149.2922 7905566.2177, -12611262.2656 7906053.3436, -12611157.3627 7906141.198, -12611069.7724 7906255.7482, -12610711.6938 7907103.6833, -12610511.2635 7907498.3487, -12610443.5619 7907724.5105, -12610430.9653 7907971.4121, -12610455.739 7908710.7046, -12610492.6855 7908953.5342, -12610630.5211 7909504.254, -12610642.0218 7909658.7581, -12610620.1275 7909883.6561, -12610516.2741 7910231.4518, -12610377.4258 7910550.8748, -12610253.8549 7910699.1778, -12610202.3226 7910733.14549999, -12610088.5725 7910770.3697, -12609970.7683 7910760.1299, -12609913.1099 7910738.2321, -12609808.1598 7910665.39949999, -12609544.9878 7910360.2823, -12609415.1175 7910115.7391, -12609371.3077 7909900.5945, -12609382.3052 7909670.9751, -12609419.5284 7909516.7728, -12609550.9107 7909141.8715, -12609589.4715 7908924.6553, -12609569.8896 7908789.3618, -12609512.3728 7908671.3812, -12609428.1976 7908576.2991, -12609323.8026 7908506.128, -12609204.3721 7908466.1289, -12609012.4952 7908457.2057, -12608491.1605 7908565.8047, -12608303.257 7908623.7234, -12608185.0967 7908686.2705, -12608081.0014 7908773.15820001, -12607819.1582 7909089.9738, -12607712.449 7909148.8859, -12607655.6571 7909159.6091, -12607597.5062 7909154.38400001, -12607488.3055 7909104.101, -12607190.1607 7908855.0951, -12607005.9105 7908776.8433, -12606874.2758 7908750.3498, -12606538.5035 7908723.5845, -12606017.5111 7908725.9962, -12605839.797 7908780.6167, -12605692.7655 7908889.2797, -12605595.1882 7909053.0828, -12605522.4023 7909313.2667, -12605468.5123 7909430.5305, -12605385.431 7909519.016, -12605334.9664 7909550.1562, -12605219.1213 7909592.2811, -12605030.3018 7909628.1493, -12604530.693 7909652.963, -12604472.3146 7909671.0808, -12604366.0984 7909734.7132, -12603825.0758 7910257.8855, -12603754.3495 7910360.5038, -12603623.2047 7910638.9411, -12603552.4065 7910722.3152, -12603509.4275 7910748.2602, -12603416.3175 7910762.034, -12603324.7331 7910719.8353, -12603128.0007 7910501.6125, -12602993.0371 7910391.0366, -12602887.1632 7910348.4646, -12602714.3459 7910346.91439999, -12602537.4697 7910400.6997, -12602182.2181 7910550.226, -12601828.8107 7910645.5811, -12601720.4713 7910691.9728, -12601580.9829 7910805.3313, -12601244.5459 7911234.1492, -12601156.1468 7911298.4906, -12601053.4363 7911316.8068, -12600896.1926 7911260.8092, -12600260.5518 7910863.776, -12600081.9254 7910820.5329, -12599958.6001 7910828.8367, -12599590.722 7910969.7049, -12599463.1002 7910990.9274, -12599147.3394 7910999.5062, -12599025.913 7911016.2554, -12598852.3314 7911065.2547, -12598743.5893 7911115.6224, -12598595.3178 7911210.4632, -12598515.2555 7911292.2253, -12598458.0679 7911399.0643, -12598398.6629 7911576.1461, -12598340.7239 7911675.4242, -12598252.107 7911733.8272, -12598203.3315 7911743.0335, -12598154.0218 7911737.8887, -12598060.449 7911687.6945, -12597984.3976 7911591.3929, -12597781.4232 7911242.8483, -12597688.2239 7911149.5011, -12597576.433 7911084.1252, -12597453.1256 7911047.8884, -12597260.0577 7911019.139, -12597129.6251 7911011.387, -12596998.3238 7911027.1899, -12596872.8056 7911070.9804, -12596530.659 7911283.4708, -12596406.106 7911315.0921, -12596278.2958 7911313.5302, -12596096.0799 7911272.82109999, -12595984.891 7911216.71410001, -12595892.2393 7911129.7837, -12595696.4271 7910875.373, -12595599.3678 7910798.8958, -12595430.458 7910737.209, -12595249.7972 7910728.6081, -12595130.6736 7910745.5522, -12594794.0738 7910831.05, -12594415.8419 7910840.5361, -12594314.8857 7910857.3276, -12594267.8597 7910879.4255, -12594187.6428 7910952.3336, -12594134.5734 7911061.6228, -12594081.598 7911406.2342, -12594038.0622 7911530.3903, -12594003.7358 7911581.7779, -12593914.3886 7911653.96, -12593861.5911 7911672.5848, -12593747.5129 7911673.7208, -12593632.6728 7911637.3106, -12593353.2875 7911504.4863, -12593236.0089 7911480.5437, -12593117.6185 7911495.90160001, -12593060.783 7911520.488, -12592961.7192 7911605.4826, -12592890.7132 7911725.8322, -12592772.816 7911990.0702, -12592686.7288 7912102.4865, -12592579.2779 7912188.6942, -12592398.7478 7912279.308, -12592208.8479 7912337.6016, -12592016.6024 7912368.8151, -12591888.2396 7912367.474, -12591706.9251 7912319.1562, -12591546.8941 7912223.306, -12591406.0903 7912103.0232, -12591244.8921 7911915.0951, -12591155.797 7911752.1721, -12591129.0721 7911626.1691, -12591137.3341 7911489.7842, -12591215.0701 7911154.2233, -12591210.1867 7911026.862, -12591188.2681 7910969.8066, -12591153.5666 7910919.339, -12591053.4182 7910849.8598, -12590936.613 7910819.7433, -12590815.1932 7910836.8474, -12590698.4586 7910894.15649999, -12590546.8976 7911033.328, -12590463.7209 7911152.044, -12590287.6632 7911476.7343, -12590155.1223 7911643.1226, -12590054.1077 7911733.8878, -12589685.7445 7912008.4813, -12589550.9793 7912150.8424, -12589414.4389 7912377.9521, -12589263.9507 7912743.4399, -12589194.372 7912841.7562, -12589148.794 7912878.5545, -12588990.8604 7912943.7426, -12588272.5608 7913142.9591, -12588081.2748 7913179.3433, -12587886.6618 7913182.6651, -12587008.5866 7913092.6137, -12586925.6943 7913048.6318, -12586894.6577 7913014.064, -12586866.3872 7912927.0329, -12586873.1137 7912875.0442, -12586931.4524 7912772.8435, -12587188.5514 7912534.9402, -12587224.0797 7912477.0966, -12587262.5652 7912348.1748, -12587245.1449 7912149.4581, -12586951.4497 7911344.1102, -12586936.0908 7911217.9695, -12586963.7565 7911089.759, -12587047.6421 7910974.46369999, -12587171.9066 7910889.8514, -12587313.3851 7910825.5103, -12587686.3211 7910715.1802, -12587818.0436 7910646.9857, -12587871.6298 7910601.2605, -12587945.2812 7910491.1475, -12587962.4576 7910367.6013, -12587947.5103 7910309.4353, -12587881.5353 7910210.7003, -12587780.5826 7910145.2176, -12587663.7255 7910112.9586, -12587541.7445 7910106.9279, -12587417.6838 7910119.6627, -12587033.8145 7910209.0784, -12586696.2688 7910189.41969999, -12586557.9935 7910194.6696, -12586286.027 7910263.2103, -12585687.7117 7910488.0096, -12585564.7756 7910554.2682, -12585453.7186 7910641.2474, -12585131.996 7911041.7332, -12584978.6836 7911186.2609, -12584599.1017 7911465.0686, -12584422.8752 7911544.5805, -12584360.6222 7911556.6263, -12584236.1263 7911550.2868, -12583836.9073 7911373.8685, -12583594.9833 7911320.6242, -12583409.9215 7911344.7524, -12583177.2271 7911460.9489, -12582995.4528 7911498.27269999, -12582818.9432 7911461.5409, -12582553.579 7911346.7567, -12582338.4668 7911315.355, -12582235.8682 7911279.9472, -12582146.0276 7911206.333, -12582074.995 7911106.8224, -12581902.821 7910695.7731, -12581783.6088 7910559.4735, -12581684.6125 7910494.8364, -12581575.7346 7910454.6843, -12581219.5853 7910437.686, -12581107.4143 7910408.7093, -12580966.7956 7910298.9867, -12580735.0828 7909998.2726, -12580603.4246 7909867.5826, -12580444.3547 7909784.3431, -12580157.0988 7909708.2651, -12580013.4821 7909600.382, -12579884.5986 7909388.0099, -12579754.778 7909035.6599, -12579708.7123 7908860.9813, -12579712.2419 7908672.9432, -12579801.1468 7908363.60890001, -12579791.5834 7908246.1538, -12579768.3793 7908194.722, -12579688.4421 7908116.92109999, -12579582.454 7908072.72739999, -12579009.4255 7907954.303, -12578909.1764 7907919.4093, -12578829.2662 7907854.6152, -12578787.6999 7907760.0128, -12578782.6596 7907704.9641, -12578798.0103 7907649.9154, -12578862.769 7907543.1481, -12578973.0988 7907456.5851, -12579234.2468 7907321.1231, -12579334.7045 7907234.2704, -12579401.556 7907132.4186, -12579460.6289 7906907.5937, -12579519.0169 7906805.69609999, -12579622.6599 7906734.3216, -12579687.9685 7906716.4369, -12579760.4809 7906712.0934, -12579914.0698 7906744.9271, -12580064.0997 7906820.3227, -12580570.2188 7907151.357, -12580950.8973 7907351.9274, -12581265.2496 7907468.6905, -12581656.1596 7907529.0556, -12581801.3138 7907570.4481, -12581927.3045 7907645.6506, -12581978.8388 7907695.7863, -12582101.1036 7907860.7316, -12582189.9065 7907952.5769, -12582303.4066 7908002.5956, -12582426.3475 7907995.3885, -12582530.0314 7907931.431, -12582595.5027 7907830.4668, -12582617.3185 7907714.9734, -12582598.4049 7907593.9326, -12582524.4647 7907416.8385, -12582343.9921 7907085.8044, -12582205.1654 7906875.8018, -12582042.063 7906676.9511, -12581972.5113 7906569.7637, -12581928.9911 7906445.3052, -12581921.3879 7906376.0198, -12581928.577 7906229.744, -12581980.6635 7905860.7163, -12581982.7768 7905508.3865, -12581999.3973 7905377.4275, -12582037.0718 7905248.7437, -12582095.5424 7905128.1351, -12582187.7649 7905023.2488, -12582247.4925 7904983.4862, -12582315.0383 7904956.8163, -12582458.8273 7904943.2296, -12582598.0161 7904984.7245, -12582719.1261 7905077.40919999, -12582873.8431 7905260.1707, -12582993.1309 7905366.3469, -12583135.9118 7905438.5815, -12583299.8488 7905465.4911, -12583473.1014 7905453.9431, -12583732.3829 7905401.0037, -12584070.7942 7905315.7687, -12584577.6562 7905160.636, -12584834.4339 7905114.2115, -12585098.9808 7905131.4963, -12585777.2116 7905283.8664, -12586025.9314 7905318.8163, -12586190.0807 7905312.5641, -12586591.4515 7905260.7084, -12586984.1602 7905273.0865, -12587057.7424 7905261.9738, -12587190.1911 7905205.093, -12587289.9444 7905106.9191, -12587353.7846 7904982.767, -12587392.8276 7904775.881, -12587403.0029 7904569.5673, -12587391.2576 7904370.102, -12587349.3152 7904180.9051, -12587294.7394 7904064.6952, -12587153.9202 7903858.6737, -12587109.856 7903745.8336, -12587113.7603 7903624.2292, -12587169.0376 7903505.6051, -12587267.3807 7903402.0894, -12587593.3755 7903199.8094, -12587961.4646 7902896.6183, -12588166.3237 7902766.6582, -12588321.29 7902707.1805, -12588483.4601 7902665.4459, -12588973.2216 7902590.2695, -12589128.4125 7902544.4647, -12589339.8646 7902433.225, -12589580.8119 7902238.1503, -12589927.4453 7901849.3631, -12590400.6631 7901223.4847, -12590505.6051 7901125.2338, -12590797.6357 7900920.6612, -12590892.2152 7900825.9072, -12590963.3594 7900717.6896, -12591036.9059 7900549.40779999, -12591043.7283 7900439.8363, -12591028.3132 7900391.6174, -12590967.8792 7900314.9584, -12590802.8513 7900212.6415, -12590743.673 7900143.517))"
33,20952,1016,2023-10-15 06:33:14,GWF035, ,779.2,2023-06-17,1038,0 - hand sketch of any type,Wildfire,Under Control,2023/07/08 18:35:00,E,872.0,1685893260000,Under Investigation,3,22af9fb3-949f-4bce-9720-9cb83f0ffb5e,24333831.7578125,46342.3248519811,"POLYGON ((-13292823.2093 7476900.7826, -13292798.1968 7476899.7377, -13292775.6851 7476922.5596, -13292738.692 7476917.7901, -13292708.36 7476888.208, -13292672.6214 7476879.6062, -13292654.174 7476889.7871, -13292641.3067 7476866.9703, -13292525.734 7476980.5789, -13292425.8608 7476977.5647, -13292322.7222 7476945.2104, -13292258.9946 7476988.1976, -13292181.5379 7476969.6821, -13292169.0774 7476950.309, -13292183.6568 7476907.1707, -13292241.6745 7476892.219, -13292210.3034 7476869.83, -13292151.0336 7476857.6597, -13292099.5491 7476879.6986, -13292038.9262 7476883.0903, -13292012.2288 7476956.5464, -13292018.7312 7477029.5773, -13292046.1306 7477070.5118, -13292072.3346 7477166.3961, -13292126.2323 7477248.7924, -13292151.49 7477329.7304, -13291950.914 7477355.9305, -13291751.542 7477326.4104, -13291640.9877 7477369.0914, -13291580.3907 7477313.8506, -13291519.0981 7477321.5022, -13291371.5171 7477400.304, -13291391.1521 7477459.0903, -13291457.506 7477501.7724, -13291487.0867 7477540.2274, -13291515.6909 7477592.8154, -13291509.7122 7477616.6475, -13291417.5598 7477615.9427, -13291401.9618 7477635.6962, -13291327.0226 7477634.8336, -13291324.0339 7477617.2003, -13291059.0098 7477615.2874, -13291071.1723 7477851.849, -13291055.7956 7477860.3312, -13290974.7145 7477836.403, -13290949.9555 7477844.543, -13290945.2245 7477962.1062, -13290884.388 7478095.4319, -13290888.9129 7478137.3601, -13290986.7114 7478085.1776, -13291036.8814 7478079.1748, -13291064.7614 7478105.5465, -13291059.4313 7478139.658, -13291123.0687 7478139.3655, -13291136.1392 7478094.4428, -13291226.3726 7478055.8719, -13291272.7227 7478078.2541, -13291313.7442 7478134.7477, -13291300.8664 7478197.4836, -13291279.5685 7478230.7347, -13291182.5735 7478206.8811, -13291135.3946 7478171.4167, -13291060.8642 7478177.0923, -13291056.3318 7478445.6916, -13291020.3227 7478453.6094, -13290971.8242 7478441.6808, -13290924.3814 7478372.457, -13290883.9793 7478355.3227, -13290869.8752 7478354.3425, -13290851.786 7478393.9563, -13290815.0352 7478419.7452, -13290738.8014 7478413.3298, -13290628.704 7478537.5933, -13290631.0674 7478574.97029999, -13290597.2115 7478620.9022, -13290543.3192 7478623.6205, -13290509.4798 7478665.8767, -13290468.7162 7478687.463, -13290456.6724 7478763.518, -13289995.2236 7478772.3919, -13289921.5802 7478784.8024, -13289892.0539 7478814.6246, -13289822.1835 7478845.2862, -13289802.9301 7478818.3606, -13289802.7905 7478749.4114, -13289785.7852 7478746.9713, -13289756.8089 7478810.72950001, -13289710.7848 7478815.7579, -13289641.1791 7478792.0233, -13289643.1857 7478846.07769999, -13289630.1885 7478875.7257, -13289595.3091 7478888.5166, -13289485.6267 7478875.0603, -13289429.9958 7478894.7687, -13289366.3053 7478953.6891, -13289302.1407 7478960.5678, -13289260.0043 7479027.2702, -13289237.517 7479127.2091, -13289272.9589 7479177.0373, -13289293.0329 7479317.2083, -13289370.9171 7479483.2761, -13289363.0342 7479525.2947, -13289327.9987 7479559.885, -13289311.3009 7479562.35, -13289308.6617 7479475.9599, -13289194.5252 7479481.0767, -13289127.5119 7479353.7262, -13289023.5732 7479242.0849, -13288983.2293 7479248.157, -13288945.9261 7479224.4813, -13288929.1631 7479192.4687, -13288879.1461 7479178.7454, -13288624.6537 7479263.1027, -13288578.5038 7479210.4298, -13288591.8706 7479121.6241, -13288578.9016 7479071.7794, -13288477.9814 7479019.0522, -13288412.253 7479045.7252, -13288350.0773 7479017.2866, -13288343.896 7478986.0123, -13288432.5921 7478885.157, -13288437.095 7478835.851, -13288463.1574 7478803.7118, -13288465.6764 7478750.779, -13288429.7529 7478737.8044, -13288372.545 7478767.8073, -13288319.0329 7478763.567, -13288268.3592 7478676.1168, -13288264.1506 7478653.8665, -13288286.384 7478629.5148, -13288315.3317 7478536.67239999, -13288297.7863 7478459.4159, -13288357.2685 7478422.8209, -13288443.8757 7478430.4805, -13288622.3182 7478320.6921, -13288774.4193 7478312.9477, -13288884.5219 7478336.9406, -13288889.2922 7478323.5047, -13288882.8941 7478251.6728, -13288824.9792 7478179.3485, -13288846.8831 7478110.3877, -13288829.4998 7477953.9153, -13288916.5839 7477894.9339, -13288950.3362 7477821.5033, -13288951.0148 7477698.5725, -13288989.7712 7477615.4463, -13288928.5319 7477624.012, -13288895.7732 7477609.1998, -13288890.2684 7477566.3975, -13288906.8566 7477507.4195, -13288827.869 7477452.527, -13288766.7023 7477387.9198, -13288690.991 7477359.8778, -13288916.6511 7476686.9045, -13289031.0954 7476673.0157, -13289210.179 7476722.6464, -13289371.9964 7476824.9547, -13289439.4113 7476825.3745, -13289515.1735 7476765.2355, -13289522.3848 7476746.0196, -13289507.1697 7476653.1884, -13289467.4234 7476557.2227, -13289472.0225 7476303.6937, -13289420.3597 7476092.9396, -13289327.2556 7475833.4215, -13289255.1871 7475744.2009, -13289299.2594 7475701.0836, -13289191.3412 7475577.5591, -13289136.5933 7475421.5981, -13289093.9933 7475398.9739, -13289055.2788 7475348.908, -13289002.5637 7475358.8085, -13288960.0311 7475441.2121, -13288921.188 7475463.3635, -13288883.6699 7475461.9859, -13288876.4074 7475212.9951, -13288841.5722 7475120.4849, -13288843.4764 7475091.2941, -13288877.0199 7475074.168, -13288882.615 7474984.7282, -13288931.6512 7474871.9111, -13289013.6176 7474880.7907, -13289050.7595 7474871.1457, -13289129.2008 7474897.48170001, -13289133.0761 7475033.2087, -13289156.9359 7475085.1501, -13289181.6984 7475092.0224, -13289207.2062 7475081.0301, -13289214.0535 7475041.2111, -13289249.0866 7474988.3549, -13289243.1112 7474938.0954, -13289257.993 7474892.142, -13289277.6726 7474877.7679, -13289473.6814 7474780.9603, -13289485.9844 7474797.9977, -13289509.9698 7474777.724, -13289547.7792 7474783.7684, -13289566.8041 7474833.2002, -13289604.18 7474802.7007, -13289605.9528 7474756.64, -13289628.9841 7474706.4198, -13289568.4656 7474548.0319, -13289579.5689 7474516.3848, -13289472.0967 7474594.3275, -13289420.0671 7474537.9937, -13289277.8132 7474459.1468, -13289226.1796 7474402.4388, -13289211.5448 7474366.1858, -13289210.7438 7474287.7789, -13289256.3944 7474221.6876, -13289292.7082 7474200.8587, -13289392.9545 7474194.6374, -13289411.0918 7474233.5658, -13289313.0945 7474281.9655, -13289305.2086 7474334.9738, -13289346.2926 7474363.3154, -13289437.2789 7474366.9302, -13289514.8899 7474484.85, -13289588.2189 7474475.5165, -13289593.1946 7474509.89549999, -13289634.254 7474582.3093, -13289771.677 7474503.2744, -13289779.0036 7474485.9317, -13289777.2833 7474443.845, -13289718.0519 7474454.1625, -13289712.325 7474348.5685, -13289894.3024 7474207.6378, -13289960.0322 7474166.9027, -13289998.0141 7474249.8206, -13290011.002 7474248.0596, -13290029.9824 7474237.4795, -13290062.022 7474166.9993, -13290079.9525 7474154.6105, -13290072.8752 7474116.6161, -13290082.5718 7474107.1873, -13290096.3142 7474102.5652, -13290167.1851 7474158.0795, -13290186.0352 7474056.5566, -13290228.5598 7474063.2355, -13290258.5221 7474093.2145, -13290419.7127 7474078.2595, -13290459.7012 7474019.5032, -13290475.1529 7473922.4907, -13290578.2253 7473848.2846, -13290549.5854 7473754.0791, -13290565.6843 7473712.7406, -13290562.0374 7473669.843, -13290614.3844 7473654.3314, -13290698.0387 7473675.27269999, -13290749.0919 7473713.285, -13290825.962 7473700.9025, -13290896.2171 7473717.0673, -13291022.5196 7473687.479, -13291010.1812 7473527.9363, -13291096.6045 7473326.4948, -13291429.6842 7473208.7554, -13291752.785 7473258.5187, -13292056.0924 7473492.4054, -13292108.561 7473491.0625, -13292187.485 7473546.5698, -13292204.7543 7473686.1082, -13292224.3696 7473729.8636, -13292266.3254 7473749.6936, -13292367.7621 7473755.8893, -13292419.6801 7473777.8966, -13292472.2367 7473743.6066, -13292524.9948 7473734.6188, -13292546.3164 7473738.8855, -13292600.3354 7473788.9545, -13292603.793 7473504.1297, -13292786.1653 7473495.7843, -13292863.6053 7473477.7199, -13292981.9745 7473397.0395, -13293278.3432 7473335.0004, -13293336.6937 7473281.5853, -13293373.9515 7473220.1412, -13293344.578 7473135.1768, -13293378.9134 7473114.2341, -13293428.6012 7473109.7194, -13293465.3052 7473038.4036, -13293531.8161 7473017.7499, -13293601.784 7473044.1024, -13293542.39 7473158.2901, -13293488.82 7473430.3204, -13293480.1022 7473690.4949, -13293499.8206 7473978.5384, -13293589.816 7474411.6173, -13293712.6154 7474775.5285, -13294101.6627 7475499.7125, -13294211.3217 7475660.3375, -13294296.7167 7475697.0781, -13294447.3447 7475700.1019, -13294578.4013 7475737.4346, -13294737.294 7475734.2965, -13294802.7337 7475714.8661, -13295103.9926 7475559.5812, -13295468.3081 7475311.1518, -13295665.9056 7475155.9337, -13295748.7092 7475115.4546, -13295776.4616 7475073.8183, -13295743.7586 7475019.6501, -13295726.3105 7474892.9988, -13295770.8721 7474748.3055, -13295895.5947 7474650.0454, -13296119.9815 7474592.2722, -13296269.9657 7474450.1891, -13296294.2933 7474409.9464, -13296316.0078 7474328.8476, -13296318.0693 7474251.3559, -13296299.6423 7474200.96720001, -13296237.2853 7474156.4128, -13296498.1269 7474051.1766, -13296685.4512 7473878.8007, -13296742.8742 7473840.41709999, -13296799.2946 7473830.2265, -13296844.2696 7473802.0188, -13296844.4944 7473761.6864, -13296908.5833 7473705.0586, -13296916.5776 7473674.6581, -13296966.42 7473658.5607, -13296999.5671 7473628.3005, -13297053.3143 7473618.3975, -13297080.7751 7473627.1791, -13297154.5951 7473583.7541, -13297303.4921 7473569.4851, -13297289.9969 7473532.2636, -13297482.5897 7473489.9814, -13297590.6159 7473505.88, -13297729.8342 7473561.3742, -13297785.5927 7473619.3132, -13297832.1758 7473634.4785, -13297895.859 7473624.5154, -13297976.2518 7473656.2537, -13297988.2151 7473669.547, -13297982.663 7473719.7159, -13297997.1017 7473753.3605, -13298019.5138 7473747.2278, -13298051.1009 7473701.8268, -13298110.1121 7473664.6204, -13298123.9519 7473688.9269, -13298122.2285 7473762.2899, -13298051.1504 7473830.1619, -13298056.5099 7473895.4514, -13298039.2658 7473909.2211, -13297993.9547 7473910.266, -13297940.0559 7474010.7866, -13297948.1137 7474070.7466, -13298007.4132 7474090.83560001, -13298028.8088 7474118.0556, -13298068.4326 7474079.4013, -13298058.4475 7474033.1618, -13298106.0181 7474008.998, -13298151.6893 7474013.5551, -13298284.5144 7474093.1317, -13298348.4694 7474047.281, -13298413.4688 7474046.8395, -13298489.3895 7474078.0424, -13298510.1349 7474036.853, -13298504.7041 7473926.0908, -13298553.0763 7473848.896, -13298653.1228 7473826.0318, -13298677.3468 7473839.002, -13298667.378 7473880.43289999, -13298678.2488 7473962.2446, -13298658.6286 7474028.2094, -13298670.5303 7474162.4661, -13298647.4559 7474203.8069, -13298499.6325 7474189.4339, -13298423.1277 7474236.5649, -13298313.7344 7474215.9586, -13298187.2104 7474217.0843, -13298172.6067 7474273.8183, -13298325.9182 7474373.6434, -13298292.6786 7474431.5807, -13298277.731 7474570.3896, -13298217.2889 7474612.734, -13298132.1816 7474576.9609, -13298035.5679 7474587.8772, -13297976.3378 7474576.222, -13297931.2801 7474639.6096, -13297943.4391 7474712.4385, -13297870.7628 7474739.1587, -13297864.4563 7474779.4194, -13297877.1005 7474830.6501, -13297829.1681 7474834.6763, -13297795.2172 7474823.266, -13297750.5599 7474768.93990001, -13297325.5073 7474105.4707, -13297268.1962 7473986.9955, -13297208.8922 7473776.4864, -13297165.3871 7473743.2595, -13297106.4444 7473740.476, -13297045.104 7473763.9742, -13296990.0213 7473807.1777, -13296929.4643 7473900.5246, -13296893.4892 7474012.9922, -13296841.1288 7474474.6516, -13296863.8684 7474633.0588, -13296981.842 7474953.8267, -13297020.0363 7475121.5105, -13297027.8239 7475384.9506, -13297002.3229 7475549.5448, -13296967.024 7475614.973, -13296910.4567 7475656.3789, -13296840.6621 7475675.7926, -13296660.6389 7475685.4188, -13296570.339 7475728.305, -13296508.0191 7475820.415, -13296457.4954 7475979.2186, -13296400.3598 7476087.1844, -13296326.2897 7476183.1073, -13296234.8832 7476256.249, -13296099.2737 7476294.3323, -13296067.6919 7476332.0252, -13296033.3755 7476327.0981, -13295991.3134 7476341.2842, -13295866.7959 7476328.2807, -13295699.045 7476237.6663, -13295548.7899 7476077.2014, -13295487.374 7476043.5363, -13295416.3359 7476028.1375, -13295267.7177 7476028.3797, -13295194.9651 7476084.7717, -13295125.6575 7476115.1229, -13295103.9275 7476075.2477, -13295089.303 7475992.7124, -13295025.35 7475921.7793, -13294994.5157 7475849.1936, -13295003.4405 7475754.3666, -13294959.4348 7475714.4193, -13294907.339 7475704.6264, -13294831.4027 7475768.5747, -13294800.5413 7475842.2976, -13294717.2564 7475923.1293, -13294628.0948 7475904.4526, -13294602.6223 7475915.931, -13294575.9024 7475973.9142, -13294505.0383 7476066.1422, -13294439.3698 7476210.5612, -13294446.2622 7476245.2919, -13294488.6545 7476293.6954, -13294589.5321 7476334.604, -13294650.8932 7476342.869, -13294718.3949 7476388.7266, -13294741.4041 7476448.6883, -13294851.5975 7476503.5358, -13294829.7853 7476550.4236, -13294738.9646 7476601.2614, -13294723.6568 7476684.126, -13294370.7086 7476741.4223, -13294304.8032 7476779.4061, -13294240.1365 7476785.4188, -13294178.7657 7476834.3057, -13294105.4672 7476838.5864, -13294078.6614 7476880.6341, -13293631.621 7476886.2272, -13293532.5501 7476928.1999, -13293467.0497 7476921.1276, -13293382.8026 7476950.4265, -13293293.9173 7476950.943, -13293222.4502 7476976.4103, -13293187.5485 7476948.8224, -13292970.0316 7476943.0058, -13292854.0607 7476900.2216, -13292823.2093 7476900.7826))"
34,20953,1246,2023-10-15 06:33:14,PWF121, ,15.7,2023-07-26,1520,2 - non-corrected airborne GPS,Wildfire,Under Control,2023/07/26 17:28:00,C,15.8,1690126080000,Lightning,5,2ab4dd10-33a7-4f7f-8f53-c9fa53a9e3b8,535015.7734375,4460.99594358934,"POLYGON ((-13035074.6673 7811810.7532, -13035083.3278 7811760.535, -13035146.2084 7811777.5624, -13035131.2182 7811743.647, -13035207.0776 7811741.7447, -13035220.4483 7811720.0311, -13035251.6893 7811748.2893, -13035263.6333 7811744.3707, -13035272.1797 7811772.9214, -13035332.7782 7811785.6496, -13035339.2086 7811801.4856, -13035313.036 7811845.838, -13035334.9563 7811862.9447, -13035308.2744 7811901.2039, -13035306.2336 7811930.9044, -13035285.8302 7811943.3856, -13035304.1044 7811970.8431, -13035341.9525 7811979.6073, -13035327.8116 7811944.4191, -13035382.2254 7811926.736, -13035413.7294 7811932.9748, -13035415.536 7811952.0649, -13035446.4732 7811961.5353, -13035449.7623 7811944.0711, -13035487.4997 7811947.738, -13035507.3347 7811932.7977, -13035536.39 7811949.5438, -13035570.8646 7811938.8294, -13035600.1374 7811904.4262, -13035634.7325 7811923.6343, -13035657.9557 7811912.765, -13035694.6041 7811922.6858, -13035714.752 7811908.5507, -13035748.7109 7811973.0125, -13035848.2456 7811952.6219, -13035908.936 7811983.942, -13035912.0952 7811927.5718, -13036025.5512 7811890.3589, -13036061.8435 7811899.8537, -13036045.2027 7811974.4804, -13036055.5473 7811992.9468, -13036038.4361 7812010.915, -13036052.994 7812033.4486, -13036045.8302 7812057.6961, -13036112.7104 7812072.8406, -13036110.125 7812116.2096, -13036121.8109 7812131.1633, -13036168.0558 7812119.4254, -13036161.4799 7812193.2422, -13036166.4914 7812205.5169, -13036198.0799 7812208.4722, -13036217.6962 7812246.8208, -13036163.6033 7812327.1535, -13036116.52 7812299.4241, -13036093.2263 7812301.9933, -13036062.6151 7812315.6242, -13036062.3517 7812350.157, -13035990.778 7812362.0105, -13035952.0764 7812426.7698, -13035896.4384 7812482.9701, -13035868.4102 7812541.451, -13035822.3218 7812572.1327, -13035766.9241 7812578.6185, -13035763.9516 7812613.96239999, -13035704.7244 7812623.0123, -13035689.5019 7812587.0117, -13035670.7805 7812581.3939, -13035664.7641 7812547.8995, -13035618.6302 7812532.8284, -13035622.3439 7812509.4382, -13035586.8957 7812502.7136, -13035592.4042 7812484.0992, -13035523.9333 7812446.6062, -13035541.2928 7812435.4819, -13035528.1467 7812434.2379, -13035532.6654 7812420.997, -13035465.1651 7812429.7321, -13035449.0794 7812421.3744, -13035455.8851 7812385.8287, -13035394.2061 7812359.7443, -13035390.6744 7812334.9576, -13035431.3922 7812295.4789, -13035376.9315 7812274.9959, -13035340.0675 7812285.8489, -13035282.142 7812244.9048, -13035256.7545 7812195.1263, -13035202.8822 7812186.9265, -13035154.7718 7812144.03809999, -13035145.2457 7812097.9518, -13035105.5999 7812065.6395, -13035084.3711 7812064.6168, -13035069.5004 7812038.3435, -13035042.6647 7812036.9166, -13035037.4157 7812004.8629, -13034952.5803 7811922.9227, -13034957.6928 7811886.8268, -13034938.2278 7811832.4951, -13034951.5476 7811809.4021, -13034974.1709 7811796.3813, -13035002.4166 7811807.4357, -13035013.7691 7811783.8189, -13035066.6844 7811827.02, -13035074.6673 7811810.7532))"
35,20956,729,2023-10-15 06:33:14,SWF081,Carrot Lake Fire,33076.3,2023-06-20,1800,1 - non-corrected ground GPS,Wildfire,Being Held,2023/06/23 08:25:55,E,33138.0,1684067820000,Lightning,2,ac85cfe3-3cb7-4f10-9003-c1edd0f79fc0,1114306813.80469,579523.894141461,"POLYGON ((-12626937.7499 7788150.1545, -12626893.2618 7788037.9936, -12626744.3612 7788015.4895, -12626480.2296 7788067.9277, -12626256.2797 7788024.6906, -12626134.7127 7787849.1725, -12626185.2772 7787683.5009, -12626310.2898 7787652.9713, -12626447.2594 7787551.2531, -12626536.6767 7787392.2759, -12626694.1728 7787243.5257, -12626868.8408 7787169.849, -12627020.1009 7787072.8787, -12627184.1057 7787093.2307, -12627314.1199 7787036.3219, -12627402.8684 7787281.6173, -12627704.6136 7787352.4822, -12627763.7793 7787167.1453, -12627763.7794 7787112.6354, -12627716.4468 7786894.5994, -12627825.9035 7786872.7962, -12627885.0692 7786883.698, -12628133.5654 7786692.9221, -12627829.1255 7786365.5402, -12627871.9222 7786299.1445, -12627922.6176 7786253.4836, -12628002.1697 7786223.1169, -12628082.0763 7786110.1587, -12628192.7313 7786033.4193, -12628234.1474 7786027.96899999, -12628621.6829 7786164.2252, -12628731.7824 7785862.3049, -12628810.7777 7785763.976, -12628793.2637 7785657.365, -12628731.1398 7785510.2181, -12628855.3877 7785466.6196, -12629038.8012 7785521.11779999, -12629352.3797 7785455.7202, -12629405.6289 7785673.7149, -12629757.6648 7785646.4653, -12630080.118 7785597.4165, -12630112.6592 7785619.2162, -12630118.5758 7785690.0652, -12630015.0358 7785902.6162, -12630054.1673 7786174.0338, -12630179.8407 7786207.1833, -12630242.897 7786217.1462, -12630431.2806 7786143.6546, -12630665.8585 7785820.8653, -12630633.3175 7785586.5168, -12630568.2353 7785417.5727, -12630464.6953 7785281.3296, -12630337.489 7785172.3371, -12630080.1182 7785215.9339, -12629870.0799 7785041.5482, -12629731.0407 7785019.7502, -12629686.6661 7784997.9523, -12629577.2099 7784725.4844, -12629302.0892 7784621.9489, -12629231.0903 7784562.0079, -12629186.716 7784447.5768, -12629367.1716 7784245.96419999, -12629328.7142 7784066.152, -12629494.3781 7783810.0633, -12629529.8779 7783488.60239999, -12629663.0009 7783227.085, -12629547.6276 7782960.1283, -12629470.7125 7782845.7214, -12629470.7125 7782823.9296, -12628759.6266 7782672.8117, -12628468.2383 7782008.0335, -12628534.4737 7781253.5539, -12628448.9666 7781128.6454, -12628412.2952 7781014.6911, -12628477.3197 7780745.6904, -12628332.3934 7780644.0193, -12628113.0216 7780363.6052, -12627929.0121 7780039.74889999, -12627060.1771 7779369.0603, -12626890.0791 7779278.3547, -12626555.6315 7779011.3436, -12626355.9562 7778892.4409, -12626215.7 7778827.0409, -12625994.3604 7778755.4112, -12625844.091 7778728.8312, -12625692.3746 7778728.5293, -12625547.1046 7778750.4631, -12625149.9614 7778903.0453, -12625010.2623 7778927.5559, -12624866.7572 7778915.8112, -12624657.301 7778836.97649999, -12624527.8602 7778758.3982, -12624342.9527 7778613.7321, -12624173.5911 7778448.4844, -12624025.098 7778261.0323, -12623942.9828 7778128.4388, -12623882.2618 7777984.1551, -12623807.2876 7777594.4743, -12623759.459 7777447.6904, -12623678.4842 7777321.4237, -12623626.6249 7777268.4233, -12623257.5544 7777047.914, -12622794.5218 7776701.6637, -12622607.9882 7776587.9335, -12622541.3092 7776560.66, -12622400.2785 7776536.6984, -12622255.0643 7776546.0959, -12622112.1572 7776587.3535, -12621982.1157 7776667.3057, -12621742.5325 7776881.209, -12621112.5844 7777368.7745, -12620891.6505 7777563.2816, -12620843.3195 7777618.9734, -12620772.3777 7777742.04, -12620641.6097 7778205.9747, -12620618.2606 7778266.8251, -12620540.6948 7778367.7747, -12620422.7922 7778428.2974, -12619986.9898 7778457.4522, -12619786.1096 7778519.0781, -12619626.6111 7778634.047, -12619502.5675 7778765.5812, -12619409.3037 7778893.9702, -12619375.9368 7778981.1403, -12619379.6814 7779066.2875, -12619438.1995 7779138.7143, -12619486.9469 7779161.8305, -12619609.9491 7779178.9797, -12620037.3199 7779129.3565, -12620541.9126 7779002.0699, -12620686.563 7778999.5416, -12620756.8684 7779012.3204, -12620883.8667 7779071.11729999, -12621318.5524 7779422.2829, -12621653.2214 7779669.3386, -12621770.6217 7779837.4586, -12621818.3991 7779960.1571, -12621828.4673 7780084.7716, -12621676.3993 7780521.7204, -12621609.7323 7780595.8118, -12621561.2777 7780616.5723, -12621509.8407 7780622.2862, -12621413.302 7780587.4349, -12621349.5877 7780496.4498, -12621285.6893 7780172.7618, -12621193.3462 7779990.2448, -12621108.5563 7779885.7699, -12620960.8185 7779754.4169, -12620906.1947 7779717.5268, -12620782.8529 7779673.4244, -12620717.6741 7779666.1792, -12620585.5575 7779683.7734, -12620398.9017 7779765.2009, -12619786.7146 7780179.0115, -12619606.0866 7780328.5796, -12619508.2452 7780370.8063, -12619403.0706 7780367.2907, -12619316.7587 7780319.8781, -12619284.854 7780282.2978, -12619197.0631 7780087.004, -12619111.5187 7780020.4975, -12619058.534 7780003.5537, -12618945.6371 7780013.4499, -12618841.9428 7780074.0531, -12618732.3104 7780225.086, -12618696.9552 7780345.7301, -12618695.2949 7780540.9035, -12618753.4539 7780736.3351, -12618827.0779 7780860.1109, -12619011.0461 7781090.7116, -12619175.1362 7781335.954, -12619276.5632 7781443.0054, -12619505.0927 7781625.6076, -12619550.513 7781679.2799, -12619603.6937 7781808.1412, -12619609.2853 7781877.2647, -12619585.4512 7782013.3246, -12619532.0106 7782138.4802, -12619419.2216 7782305.1556, -12619280.9451 7782439.0902, -12619222.908 7782467.8414, -12619086.4271 7782489.5689, -12618505.5246 7782439.9208, -12617967.5596 7782498.2244, -12617837.3713 7782470.3185, -12617727.5305 7782386.814, -12617645.1462 7782265.1594, -12617614.9637 7782194.7424, -12617552.5045 7781969.3236, -12617507.8236 7781650.6765, -12617449.4626 7780991.0474, -12617360.5018 7780600.3472, -12617302.6492 7780455.5903, -12617193.0863 7780256.6277, -12616926.9191 7779853.7629, -12616837.3958 7779771.368, -12616725.9971 7779734.0644, -12616664.3767 7779739.9332, -12616541.0675 7779791.1129, -12616379.4284 7779920.3398, -12616160.7031 7780193.7548, -12616031.0075 7780253.0482, -12615882.3335 7780256.8797, -12615736.1638 7780214.3328, -12615599.9564 7780140.603, -12615481.5455 7780041.5637, -12615338.0008 7779859.8257, -12615127.0822 7779782.3204, -12614619.9003 7779721.733, -12614551.8451 7779441.1841, -12615153.625 7779161.9709, -12615147.0716 7778920.9328, -12615226.8874 7778593.8736, -12615278.8559 7778502.142, -12615320.0619 7778469.3739, -12615528.6375 7778411.1844, -12615606.7995 7778331.2715, -12615625.6844 7778215.5484, -12615575.3579 7778034.0322, -12615572.0494 7777901.0748, -12615646.4658 7777712.8553, -12615742.831 7777619.7428, -12615805.1349 7777592.7438, -12615939.68 7777584.3992, -12616355.6679 7777686.2186, -12616578.2319 7777679.6443, -12617260.3297 7777499.4434, -12617543.5781 7777368.0285, -12617755.7718 7777305.3813, -12617830.273 7777233.6682, -12617864.4599 7777132.3325, -12617849.5123 7777024.1402, -12617776.0541 7776862.8129, -12617771.1886 7776754.5197, -12617795.4047 7776707.8849, -12617836.3193 7776674.1943, -12617888.0433 7776655.9864, -12618006.0483 7776665.5218, -12618435.8008 7776856.7542, -12618693.8082 7776932.4523, -12619135.1976 7777006.7112, -12619225.9412 7776989.8813, -12619264.1598 7776958.4929, -12619311.6364 7776858.8714, -12619339.1745 7776676.5977, -12619394.8513 7776451.0952, -12619390.858 7776345.8276, -12619369.5723 7776297.9893, -12619284.6255 7776225.1491, -12618976.9322 7776153.5685, -12618860.5567 7776091.6546, -12618815.8261 7776042.5576, -12618781.5118 7775984.446, -12618748.356 7775853.4393, -12618757.5346 7775719.2815, -12618797.962 7775595.6846, -12618874.5838 7775496.8621, -12618928.9334 7775467.1183, -12619053.1918 7775457.1522, -12619232.9719 7775531.0768, -12619603.4638 7775771.8044, -12619715.1786 7775792.3447, -12619826.4449 7775765.6277, -12619916.9654 7775677.9766, -12620003.2465 7775483.3312, -12620121.9175 7774830.1068, -12620161.2191 7774694.5998, -12620217.6768 7774571.5041, -12620297.7343 7774469.0797, -12620399.9447 7774390.573, -12620570.0863 7774305.9085, -12620809.0241 7774222.9351, -12620860.8624 7774189.1218, -12620928.968 7774085.7552, -12620937.4105 7774022.0147, -12620926.4715 7773954.8802, -12620896.6071 7773890.3079, -12620852.3677 7773833.825, -12620728.1441 7773752.3658, -12620579.4634 7773713.4536, -12620425.7915 7773709.1513, -12620055.1159 7773778.0492, -12619905.9721 7773772.8968, -12619690.516 7773717.0517, -12619418.3495 7773619.1434, -12619304.6073 7773538.7566, -12619259.6975 7773484.6133, -12619225.9837 7773423.6256, -12619192.2449 7773288.714, -12619198.7476 7773150.4881, -12619243.1898 7773020.7627, -12619332.2798 7772918.9577, -12619504.1465 7772813.2113, -12619606.9929 7772727.8367, -12619672.1504 7772612.1824, -12619679.8041 7772478.1639, -12619659.0722 7772412.1213, -12619625.9172 7772348.9269, -12619527.0877 7772244.2919, -12619403.1834 7772178.5789, -12619267.9637 7772163.0465, -12619137.6848 7772194.891, -12618906.7306 7772337.6655, -12618844.1894 7772362.0015, -12618707.7658 7772370.5259, -12618638.6668 7772352.4338, -12618506.5888 7772285.591, -12617897.6753 7771913.5366, -12617824.2973 7771801.6328, -12617803.8016 7771668.0059, -12617836.1271 7771538.7329, -12617917.374 7771438.2155, -12617973.2768 7771408.2345, -12618099.904 7771403.1184, -12618445.4198 7771569.9951, -12618503.9796 7771580.2213, -12618616.5671 7771560.0055, -12618709.3631 7771487.9444, -12618808.4636 7771339.6601, -12618850.1852 7771233.4818, -12618845.3921 7771118.5659, -12618779.4195 7771014.7424, -12618667.8546 7770940.7496, -12618470.5784 7770866.0205, -12618187.9484 7770799.0653, -12618059.1679 7770729.1441, -12618008.3993 7770675.1942, -12617938.6628 7770538.445, -12617867.2158 7770226.5335, -12617816.6741 7770073.6866, -12617689.2274 7769870.7298, -12617579.1281 7769755.3712, -12617391.7791 7769615.7547, -12617259.607 7769544.8497, -12616982.2399 7769444.3244, -12616850.0075 7769377.1418, -12616745.1649 7769272.1442, -12616684.3456 7769134.2486, -12616658.5767 7768905.7502, -12616673.9752 7768481.4216, -12616664.7826 7768225.227, -12616676.7391 7768101.332, -12616722.3062 7767991.4401, -12616763.9972 7767949.3788, -12616875.6313 7767912.0885, -12616993.8449 7767931.5801, -12617290.7843 7768021.2123, -12617415.7577 7768040.4011, -12617602.1592 7768024.7787, -12617707.0006 7767969.5409, -12617774.6476 7767877.3297, -12617793.9726 7767823.0017, -12617800.5913 7767708.3546, -12617759.2194 7767605.9517, -12617672.5127 7767537.4408, -12617567.773 7767503.2671, -12617402.6218 7767475.0861, -12617304.661 7767423.0565, -12617246.1416 7767327.2267, -12617245.249 7767214.5096, -12617303.821 7767119.9307, -12617349.352 7767088.5338, -12617456.8696 7767063.9786, -12617843.3311 7767125.6638, -12618044.3902 7767182.3359, -12618135.0814 7767181.2355, -12618176.0764 7767160.3663, -12618233.9566 7767078.603, -12618250.5414 7766963.9042, -12618225.7638 7766844.138, -12618141.5428 7766670.9213, -12618114.2569 7766547.9803, -12618148.6914 7766427.7762, -12618237.0083 7766338.5031, -12618295.1291 7766312.7545, -12618420.0562 7766306.3075, -12618536.5862 7766357.4779, -12618624.5456 7766458.118, -12618703.9374 7766648.9782, -12618824.7083 7767142.891, -12618957.9988 7767593.1699, -12619046.0015 7767822.547, -12619153.2 7768049.2688, -12619244.1796 7768187.7681, -12619361.9698 7768303.9281, -12619500.0682 7768391.426, -12619726.9699 7768463.7598, -12619964.8364 7768462.4391, -12620112.8403 7768417.0077, -12620247.0072 7768336.9443, -12620482.6036 7768131.3609, -12620574.8871 7768009.0094, -12620607.2205 7767940.9097, -12620698.6016 7767647.9686, -12620757.6682 7767511.3587, -12620956.0611 7767193.9948, -12621183.0517 7766907.9093, -12621218.1715 7766844.593, -12621259.0776 7766705.8422, -12621259.8644 7766560.2993, -12621202.6199 7766071.8926, -12621143.1586 7765955.5572, -12621039.8428 7765879.9887, -12620977.0843 7765864.1938, -12620843.3646 7765878.3867, -12620511.3611 7766012.7017, -12620296.1302 7766070.2902, -12620148.8305 7766086.4598, -12619929.718 7766068.9702, -12619789.505 7766028.4145, -12619590.5938 7765937.9949, -12619404.5644 7765826.9348, -12619296.6478 7765735.9611, -12619181.4138 7765565.4588, -12619097.4993 7765320.8089, -12619041.8403 7765207.0544, -12618906.3735 7765066.3574, -12618788.269 7765005.6187, -12618655.5042 7764965.6086, -12618381.8907 7764923.8727, -12618242.4355 7764920.096, -12618109.9491 7764934.6146, -12618094.4403 7765172.9306, -12618049.0873 7765241.8763, -12617999.9525 7765226.0938, -12617820.91 7765063.1633, -12617712.8661 7765110.5421, -12617596.8745 7765106.4748, -12617542.846 7765083.5559, -12617459.0215 7764992.7974, -12617406.2239 7764875.3146, -12617350.3375 7764690.5208, -12617333.1237 7764563.4752, -12617344.0621 7764439.8266, -12617399.1488 7764332.478, -12617445.4436 7764291.9425, -12617735.0099 7764157.9754, -12617766.2071 7764001.7181, -12617955.0019 7763715.9032, -12617988.3909 7763569.5528, -12618076.2301 7763343.633, -12618085.3567 7763288.7186, -12618059.7969 7763185.2613, -12617984.1242 7763107.2959, -12617616.4695 7762947.4939, -12617527.878 7762885.6228, -12617489.0803 7762784.8245, -12617513.9076 7762675.7057, -12617549.4884 7762628.6294, -12617656.3266 7762563.1971, -12618054.6971 7762472.4431, -12618428.9795 7762301.7026, -12618738.8203 7762257.2169, -12618833.7134 7762188.7472, -12618865.4746 7762138.551, -12618887.3586 7762020.5801, -12618857.1454 7761904.4475, -12618785.382 7761811.1427, -12618689.0913 7761759.346, -12618633.1156 7761751.0564, -12618523.4349 7761780.852, -12618322.0337 7761917.1479, -12618140.5145 7761986.7962, -12617873.9032 7762034.47559999, -12617740.6036 7762023.0583, -12617677.2369 7762000.1331, -12617571.2029 7761918.7601, -12617501.8048 7761804.03, -12617464.9957 7761605.3987, -12617494.5168 7761416.1886, -12617561.1565 7761315.0777, -12617609.7782 7761280.6852, -12617726.3372 7761252.64, -12617849.2177 7761279.7553, -12618036.2086 7761361.7334, -12618170.8171 7761384.4949, -12618303.3548 7761361.1597, -12618489.9343 7761278.6634, -12618622.2464 7761248.683, -12618755.6647 7761273.2583, -12618816.7577 7761307.202, -12618923.9978 7761408.5685, -12619082.6989 7761667.4467, -12619176.3783 7761870.6621, -12619331.5445 7762281.5789, -12619416.5373 7762390.3002, -12619569.784 7762532.4129, -12619653.4039 7762645.7339, -12619712.2794 7762777.4171, -12619797.9768 7763050.7068, -12619863.6087 7763174.12259999, -12619961.1782 7763265.8339, -12620087.3239 7763314.6095, -12620222.9566 7763311.90209999, -12620288.2382 7763293.72339999, -12620413.5627 7763233.2689, -12620527.0563 7763149.8731, -12620630.05 7763053.6095, -12620717.9515 7762942.612, -12620866.3737 7762707.78360001, -12620947.2592 7762622.4363, -12620974.8196 7762538.3627, -12621070.9616 7762498.6808, -12621173.5394 7762508.7541, -12621225.4895 7762536.3449, -12621420.5529 7762553.0862, -12621549.9651 7762585.907, -12622023.247 7762792.7913, -12622134.6549 7762827.4467, -12622243.4923 7762822.7271, -12622292.1998 7762800.3744, -12622372.9535 7762725.7684, -12622404.4226 7762677.186, -12622509.0541 7762457.3351, -12622632.624 7762242.34, -12622691.724 7762076.1791, -12622714.9132 7761904.8271, -12622753.5059 7761799.3062, -12622788.8139 7761755.3021, -12622882.1171 7761702.6901, -12622931.1378 7761692.7636, -12623027.4766 7761706.6541, -12623232.381 7761885.3075, -12623281.5715 7761910.0101, -12623387.9928 7761920.3811, -12623491.0761 7761874.9946, -12623566.6667 7761777.9656, -12623587.1408 7761716.5837, -12623594.542 7761585.0864, -12623581.4523 7761521.298, -12623519.8204 7761403.4036, -12623473.1284 7761352.309, -12623365.0273 7761264.1625, -12623237.6962 7761200.9846, -12623025.3077 7761171.4846, -12622404.8423 7761285.4813, -12621987.1499 7761280.7481, -12621848.4027 7761257.251, -12621646.9567 7761188.9979, -12621457.6251 7761095.4242, -12621285.2835 7760971.1909, -12621151.9062 7760798.4821, -12621074.2669 7760582.3945, -12621032.4967 7760347.33690001, -12621008.8723 7760107.0489, -12621018.8602 7759787.6894, -12621079.4421 7759555.6783, -12621454.1311 7758563.2642, -12621749.9825 7757936.7748, -12621873.1441 7757641.8505, -12621948.7008 7757345.765, -12621971.4729 7757130.77839999, -12621976.1209 7756813.8209, -12622017.5037 7756710.4951, -12622090.6842 7756643.2248, -12622137.5734 7756628.7251, -12622188.0175 7756627.4739, -12622285.4746 7756662.2813, -12622412.2401 7756767.4006, -12622582.4179 7757013.7603, -12622668.8807 7757111.7813, -12622778.6935 7757189.8355, -12622982.0525 7757250.9905, -12623208.9762 7757252.8395, -12623518.1073 7757184.5313, -12623746.8239 7757096.6025, -12624028.3995 7756929.0423, -12624205.6147 7756767.1485, -12624342.9166 7756571.7543, -12624445.1262 7756354.5648, -12624623.2057 7755909.6303, -12624685.1501 7755678.6911, -12624721.471 7755445.1444, -12624752.3548 7755002.2624, -12624744.1758 7754728.4964, -12624670.8819 7754403.5699, -12624450.4018 7753788.5478, -12624382.264 7753542.8182, -12624361.0054 7753360.1243, -12624363.2949 7753238.5572, -12624438.1628 7752737.7727, -12624414.5028 7752650.111, -12624388.018 7752612.076, -12624303.4446 7752561.2263, -12624141.0921 7752545.7216, -12623571.6523 7752602.8547, -12622984.3556 7752707.1343, -12622812.2371 7752678.4507, -12622714.1984 7752622.6342, -12622542.2673 7752832.6031, -12622500.4038 7752797.8237, -12622377.5766 7752828.7135, -12622246.2927 7752641.0752, -12622371.5349 7752317.1089, -12622195.0564 7752158.3613, -12622115.9204 7752108.061, -12622029.0635 7752078.6604, -12621935.5192 7752075.0833, -12621841.1935 7752089.0259, -12621707.8773 7752135.3266, -12621631.3228 7752183.8932, -12621576.3295 7752252.9846, -12621556.0819 7752334.8268, -12621561.1208 7752377.2209, -12621599.7533 7752457.9936, -12621682.8534 7752572.2413, -12621712.2262 7752658.3354, -12621702.8877 7752751.1303, -12621629.3539 7752869.5192, -12621558.0637 7752927.3665, -12621433.2094 7752981.8387, -12621082.6068 7753070.6533, -12620772.2302 7753103.73749999, -12620562.5738 7753159.4428, -12620219.4991 7753213.0069, -12620005.0362 7753223.9111, -12619653.0369 7753150.9611, -12619559.1619 7753092.9138, -12619087.6943 7752988.5894, -12618899.1962 7752931.7938, -12618724.517 7752862.0302, -12618629.3017 7752789.1131, -12618594.4972 7752739.5494, -12618561.477 7752623.8027, -12618585.0403 7752502.7029, -12618617.099 7752446.7815, -12618715.8632 7752361.9306, -12618778.2254 7752334.1717, -12618919.4346 7752307.7377, -12619377.9639 7752304.2704, -12619688.0687 7752266.7969, -12619837.7859 7752223.6184, -12619981.2336 7752159.8622, -12620240.8284 7751986.2793, -12620419.4766 7751839.0021, -12620577.4208 7751676.1111, -12620755.1216 7751364.8528, -12620781.7777 7751228.4518, -12620764.9917 7751093.2827, -12620740.3916 7751030.3508, -12620667.3591 7750919.9429, -12620190.9073 7750325.8352, -12620147.8569 7750285.8534, -12620047.1176 7750230.8167, -12619992.664 7750216.8373, -12619877.9273 7750222.0691, -12619765.2895 7750266.2759, -12619670.1532 7750353.0466, -12619412.704 7750751.8226, -12619292.285 7751001.2475, -12619117.6211 7751584.9411, -12619060.4154 7751703.5451, -12618986.8025 7751807.2297, -12618888.6453 7751879.79909999, -12618832.2675 7751900.3971, -12618711.2515 7751906.3755, -12618525.2647 7751854.1098, -12618411.9405 7751790.6895, -12618316.1268 7751707.2464, -12618239.1656 7751603.8493, -12618186.9879 7751483.9951, -12618165.201 7751349.0517, -12618178.066 7751206.5109, -12618220.7862 7751064.2517, -12618292.899 7750928.1281, -12618547.5378 7750615.6245, -12618638.3326 7750477.6592, -12618717.3873 7750249.89549999, -12618724.1901 7750095.4637, -12618676.9477 7749875.6739, -12618619.4784 7749741.8424, -12618476.1887 7749506.3911, -12618428.0261 7749385.4092, -12618337.0585 7749302.5021, -12618322.5928 7749259.4372, -12618425.1469 7749188.0318, -12618469.4965 7748982.1826, -12618471.9143 7748913.0306, -12618437.9566 7748784.405, -12618357.5085 7748678.9368, -12618136.5573 7748528.0134, -12618037.2949 7748441.563, -12617974.7175 7748327.1839, -12617962.0841 7748260.8377, -12617973.7395 7748117.3534, -12618064.7814 7747753.812, -12618065.1958 7747679.524, -12618029.8715 7747538.0654, -12617953.8768 7747413.3488, -12617645.5296 7747085.7138, -12617465.979 7746838.0322, -12617372.8124 7746633.9566, -12617151.5538 7745988.2848, -12617083.9715 7745850.4282, -12616990.5305 7745734.423, -12616866.6896 7745656.0325, -12616723.5846 7745618.8502, -12616576.8627 7745627.7917, -12616488.0257 7745660.1811, -12616247.8581 7745507.3212, -12616242.4488 7745542.9784, -12616211.0219 7745578.2949, -12616228.7813 7745609.5679, -12616284.0264 7745632.8356, -12616306.2964 7745672.7908, -12616139.8833 7745709.603, -12616118.0498 7745805.8115, -12616008.5142 7745778.708, -12615917.7437 7745708.4085, -12615899.607 7745647.6988, -12615834.436 7745680.7206, -12615804.6027 7745670.4758, -12615777.0183 7745678.7475, -12615771.1395 7745637.3963, -12615692.5587 7745594.4403, -12615676.3994 7745546.9276, -12615650.0533 7745553.4148, -12615619.3658 7745540.2544, -12615580.3551 7745551.9527, -12615580.4863 7745564.9645, -12615521.9605 7745558.5576, -12615490.66 7745519.1107, -12615512.6425 7745476.6646, -12615530.521 7745337.3416, -12615563.3341 7745315.2622, -12615570.4999 7745286.4618, -12615605.1277 7745257.56539999, -12615657.3257 7745166.27, -12615620.7965 7745108.5759, -12615625.1832 7745080.1411, -12615596.0777 7744990.2473, -12615480.1329 7744975.1121, -12615464.1335 7744945.5453, -12615472.9592 7744907.8466, -12615447.7988 7744906.1064, -12615422.6227 7744860.3113, -12615406.8105 7744752.5708, -12615430.1101 7744751.1973, -12615454.8651 7744716.1098, -12615473.523 7744711.4645, -12615471.0246 7744684.1687, -12615428.6678 7744669.0134, -12615357.5473 7744730.0844, -12615320.3209 7744713.2461, -12615111.9697 7744715.7457, -12615102.1844 7744691.4642, -12615151.8677 7744679, -12615152.5134 7744621.4155, -12615068.3636 7744578.528, -12615075.2234 7744558.7659, -12615050.2272 7744529.5127, -12615043.7846 7744478.0709, -12615078.832 7744463.4895, -12615110.0087 7744480.4168, -12615136.4349 7744457.8196, -12615138.353 7744393.1359, -12615168.1197 7744352.6645, -12615166.7633 7744307.5644, -12615152.0539 7744288.1541, -12615114.518 7744274.4084, -12615080.7455 7744297.757, -12615071.6232 7744324.4463, -12615047.7302 7744318.4975, -12615005.4616 7744347.91920001, -12614960.0154 7744351.5595, -12614997.042 7744320.2357, -12614991.4976 7744281.1391, -12614977.8627 7744267.2764, -12614937.698 7744267.0039, -12614921.3967 7744243.1692, -12614922.6688 7744210.8648, -12614907.7055 7744219.8171, -12614884.8851 7744207.1313, -12614850.472 7744241.0936, -12614805.1142 7744241.67, -12614793.7216 7744200.2012, -12614752.2743 7744225.8597, -12614742.0754 7744219.864, -12614719.8807 7744179.8909, -12614730.6425 7744146.6671, -12614495.499 7744138.6501, -12614488.909 7743821.851, -12614532.481 7743426.572, -12614599.3747 7743201.446, -12614682.3362 7743069.0831, -12614738.3814 7743013.1394, -12614868.2411 7742923.395, -12615432.4734 7742652.6929, -12615836.4571 7742407.4071, -12616277.9051 7742074.2023, -12616443.5171 7741906.5551, -12616536.3921 7741780.5443, -12616640.5001 7741574.0539, -12616829.5206 7741080.8629, -12617007.1376 7740668.134, -12617077.9737 7740459.9938, -12617104.9756 7740317.8038, -12617104.5183 7740174.2253, -12617064.333 7740038.8957, -12616986.9513 7739918.2891, -12616567.4057 7739558.914, -12616446.2764 7739501.0825, -12616379.0982 7739492.3138, -12616244.1033 7739514.1129, -12615870.6971 7739704.8856, -12615661.3302 7739749.7008, -12615443.583 7739733.8127, -12615012.7292 7739609.5692, -12614867.9284 7739584.3146, -12614651.9566 7739577.7173, -12614370.4252 7739597.8429, -12613944.7974 7739664.9885, -12613736.9712 7739734.9396, -12613612.0857 7739808.3642, -12613497.9018 7739898.3411, -12613133.3852 7740250.7401, -12612958.9013 7740382.6308, -12612831.9859 7740453.0242, -12612695.0676 7740500.11860001, -12612623.0104 7740511.9344, -12612478.1338 7740502.4824, -12612343.4033 7740452.177, -12612282.2815 7740411.7924, -12612173.0496 7740312.7759, -12612080.3755 7740198.143, -12611878.704 7739892.2935, -12611231.8089 7738781.792, -12611098.5465 7738625.4301, -12610897.4124 7738497.5803, -12610815.6522 7738421.1776, -12610789.824 7738370.7664, -12610777.7761 7738255.589, -12610817.4917 7738140.8193, -12610857.2306 7738091.1515, -12610965.4154 7738016.57429999, -12611029.6812 7737992.53719999, -12611240.1699 7737950.7355, -12611764.027 7737902.12, -12611914.34 7737858.6492, -12612054.4999 7737790.4438, -12612178.8423 7737694.0421, -12612277.6944 7737573.2263, -12612349.3427 7737435.613, -12612459.5265 7737152.3193, -12612576.957 7736962.333, -12612627.0258 7736907.6309, -12612747.7929 7736822.1238, -12612887.7991 7736774.9015, -12613105.3453 7736780.3833, -12613243.6923 7736824.6182, -12613373.3506 7736889.3737, -12613555.3426 7737008.4696, -12613778.7809 7737180.5454, -12614084.0829 7737482.3501, -12614164.0908 7737535.2313, -12614205.6836 7737545.1483, -12614287.311 7737524.6005, -12614347.8277 7737455.3363, -12614362.3867 7737404.4708, -12614345.2293 7737283.73309999, -12614242.5947 7737020.682, -12614184.6953 7736809.724, -12614181.6536 7736437.6181, -12614166.49 7736287.3247, -12614116.0661 7736146.9168, -12614076.1428 7736084.5521, -12613971.7632 7735980.6183, -12613847.3972 7735904.0853, -12613388.7084 7735686.4784, -12612999.0787 7735532.9251, -12612882.0697 7735466.2221, -12612781.0002 7735375.6903, -12612700.8147 7735267.1777, -12612643.3573 7735145.9128, -12612619.6205 7735017.4926, -12612634.9284 7734883.1618, -12612658.0739 7734818.2409, -12612727.2268 7734702.49759999, -12612822.7219 7734606.162, -12612936.3619 7734533.6874, -12613065.195 7734489.3676, -12613201.0644 7734473.2593, -12613472.6601 7734477.6256, -12613535.6151 7734471.1071, -12613648.6899 7734431.1759, -12613734.2181 7734358.7416, -12613852.7693 7734178.9096, -12614020.2944 7734010.0194, -12614037.769 7733970.773, -12614026.9138 7733887.6804, -12613962.6185 7733822.6008, -12613916.7575 7733807.0162, -12613866.7793 7733802.603, -12613765.5732 7733831.19829999, -12613669.5497 7733899.9686, -12613499.1349 7734095.9916, -12613400.1319 7734181.4583, -12613343.1014 7734208.9202, -12613215.7924 7734228.581, -12612755.2729 7734150.0244, -12612113.5297 7734077.7141, -12612001.403 7734030.1106, -12611954.203 7733991.014, -12611917.3443 7733940.64459999, -12611881.3778 7733815.0327, -12611902.3456 7733675.2066, -12612004.2288 7733387.4202, -12612070.4104 7733086.3004, -12612089.964 7732719.7283, -12612050.9801 7732180.1381, -12612070.7662 7732057.4247, -12612133.0015 7731948.4095, -12612240.0407 7731871.1421, -12612305.4878 7731847.1683, -12612516.6212 7731831.9105, -12612655.3494 7731860.489, -12612849.2498 7731940.5255, -12613219.5193 7732193.6416, -12613320.3842 7732235.296, -12613423.6204 7732225.3507, -12613507.1422 7732155.2546, -12613533.4426 7732103.7491, -12613547.6425 7732044.8504, -12613545.533 7731916.3166, -12613468.7106 7731577.7176, -12613451.2587 7731430.3598, -12613464.0391 7730973.1774, -12613367.0959 7730613.985, -12613343.8952 7730387.9017, -12613366.0745 7730160.2199, -12613416.8338 7730016.9236, -12613457.7585 7729952.751, -12613628.4049 7729793.3055, -12613837.1555 7729682.87, -12614070.4988 7729626.4982, -12614475.0808 7729599.79249999, -12614629.4968 7729559.1006, -12614765.8963 7729481.2305, -12614822.5015 7729426.8797, -12614905.5195 7729295.3589, -12614951.4988 7729145.4423, -12614958.7762 7729068.17670001, -12614938.6485 7728916.1372, -12614885.9913 7728773.4353, -12614817.4827 7728642.7719, -12614735.4364 7728527.3246, -12614547.336 7728332.5575, -12614480.5469 7728222.24099999, -12614446.7452 7728097.4597, -12614443.537 7728031.6691, -12614449.9442 7727968.2891, -12614497.6494 7727849.402, -12614591.1299 7727754.2331, -12614725.0349 7727701.2438, -12614882.2862 7727692.985, -12615220.1014 7727709.2799, -12615471.1456 7727665.7531, -12615615.9377 7727588.0292, -12615729.2244 7727472.034, -12615800.833 7727330.6194, -12615866.5306 7727104.6157, -12615926.1123 7726959.0794, -12616016.6851 7726828.4312, -12616291.4791 7726542.3812, -12616373.4454 7726405.0508, -12616401.8485 7726331.1052, -12616428.8485 7726176.2182, -12616395.4275 7725720.6295, -12616423.5802 7725497.8385, -12616512.7203 7725291.7505, -12616557.8409 7725232.2096, -12616671.1776 7725130.2805, -12616876.9489 7725038.6081, -12617026.6974 7725023.4931, -12617177.2216 7725042.7037, -12617534.9373 7725179.6273, -12618066.7596 7725455.36200001, -12618205.0689 7725492.7646, -12618276.9767 7725493.4918, -12618418.9931 7725451.8104, -12618544.9445 7725362.8864, -12618920.757 7724950.6212, -12619106.436 7724803.4433, -12619255.4311 7724740.5563, -12619414.6536 7724694.987, -12619585.7461 7724541.857, -12619720.9338 7724587.3437, -12619938.7193 7724499.978, -12620089.1777 7724467.0209, -12620241.5401 7724461.9772, -12620391.9489 7724479.8525, -12620609.6354 7724548.3537, -12620746.0125 7724621.37520001, -12620874.0767 7724709.7737, -12621099.6832 7724911.8391, -12621441.3553 7725300.1355, -12621551.2973 7725403.131, -12621676.9405 7725479.8601, -12621816.6981 7725518.1871, -12621964.0123 7725510.0037, -12622170.3815 7725423.857, -12622289.5093 7725332.8383, -12622661.3496 7724963.7442, -12622823.6957 7724821.98480001, -12622942.8796 7724743.8636, -12623074.9501 7724696.3762, -12623144.4335 7724688.7192, -12623285.0285 7724710.858, -12623418.6746 7724775.0905, -12623675.0531 7724959.8944, -12623746.5196 7724995.7584, -12623902.0382 7725035.8706, -12623980.4493 7725039.7204, -12624134.2634 7725017.0722, -12624429.4194 7724914.7723, -12624583.8682 7724879.9081, -12624742.2839 7724877.6841, -12624897.7433 7724913.8119, -12625113.2162 7725026.0845, -12625294.31 7725185.9475, -12625429.1878 7725375.6835, -12625665.7331 7725795.1176, -12625809.5636 7725988.1444, -12626065.4372 7725854.67939999, -12626457.6922 7725597.5858, -12626698.4715 7725627.3283, -12626684.6065 7726231.906, -12626716.6445 7726611.5992, -12627123.1474 7726852.0506, -12627421.4561 7727103.9844, -12627616.8296 7727228.2532, -12627833.0373 7727300.7199, -12628206.5323 7727320.0613, -12628349.6439 7727348.5017, -12628413.7611 7727378.4055, -12628519.7316 7727466.5288, -12628586.0478 7727587.3901, -12628853.1761 7727721.3832, -12628790.7701 7728087.8343, -12628545.4498 7728142.9372, -12628178.2359 7728912.778, -12627805.1669 7729540.5669, -12627441.1381 7730199.2734, -12627229.9606 7730521.0887, -12626874.0045 7730931.8191, -12626790.9043 7731055.5708, -12626745.0573 7731185.1026, -12626748.814 7731319.34839999, -12626799.32 7731443.5571, -12626907.4603 7731604.9648, -12626931.1634 7731664.6069, -12626941.5407 7731796.7928, -12626901.4726 7731924.82810001, -12626866.0572 7731984.8912, -12626767.8611 7732089.4285, -12626590.1326 7732215.486, -12626389.6374 7732299.8172, -12626249.3266 7732326.0786, -12626035.3316 7732318.4925, -12625830.6694 7732259.867, -12625571.8558 7732135.3552, -12625339.7941 7731992.7669, -12624957.2623 7731725.1618, -12624729.7831 7731597.583, -12624612.9739 7731566.5453, -12624504.1957 7731577.9439, -12624420.4286 7731637.2772, -12624397.2698 7731685.0618, -12624396.7338 7731798.644, -12624418.6856 7731855.3626, -12624500.6599 7731953.8753, -12624676.9698 7732066.4538, -12625013.8596 7732204.4783, -12625136.6761 7732274.2676, -12625230.3303 7732368.4574, -12625274.6015 7732488.778, -12625276.0715 7732553.8838, -12625239.2258 7732681.6847, -12625168.2625 7732798.1477, -12625026.9059 7732943.1312, -12624915.7027 7733020.8522, -12624792.1514 7733073.48, -12624661.621 7733100.8037, -12624258.0877 7733084.3207, -12624132.2047 7733108.8371, -12624023.487 7733169.5575, -12623977.986 7733213.5348, -12623915.074 7733322.0049, -12623902.1921 7733385.6157, -12623910.4287 7733515.4013, -12623964.7594 7733635.3534, -12624054.3754 7733736.1621, -12624177.7308 7733811.5481, -12624566.9268 7733924.6674, -12624657.5635 7734004.3302, -12624678.3826 7734061.3516, -12624670.0134 7734179.97519999, -12624605.8524 7734285.8909, -12624363.4686 7734460.9533, -12624296.3978 7734548.2302, -12624274.1102 7734651.9965, -12624287.532 7734706.1276, -12624358.6327 7734798.1669, -12624414.6721 7734830.9859, -12624550.7204 7734871.1939, -12624705.2229 7734872.5056, -12625203.9362 7734837.7802, -12625363.851 7734867.5667, -12625507.8139 7734933.1271, -12625620.8318 7735034.1452, -12625661.5505 7735099.8586, -12625685.456 7735173.2581, -12625691.3755 7735325.4324, -12625639.3555 7735467.1182, -12625595.1838 7735528.9265, -12625476.0152 7735638.1691, -12625112.8403 7735826.7099, -12625067.5788 7736023.4242, -12624981.3469 7736071.8127, -12624904.7321 7735997.3462, -12624813.9478 7735958.1502, -12624733.7991 7735955.4976, -12624420.7895 7736011.4507, -12623854.8475 7736035.294, -12623697.9351 7736061.8113, -12623545.386 7736106.8653, -12623400.9504 7736167.8254, -12623201.3237 7736280.3238, -12623083.5202 7736375.1913, -12622980.0854 7736484.2268, -12622465.8659 7737154.2428, -12622370.1585 7737358.3942, -12622351.7905 7737430.1074, -12622346.2282 7737579.8586, -12622407.4912 7737800.0795, -12622513.6767 7738011.3295, -12622671.4042 7738285.5403, -12622817.1049 7738476.3308, -12622930.6773 7738591.6967, -12623061.4675 7738688.3112, -12623209.209 7738759.2078, -12623370.0351 7738798.4687, -12623538.3403 7738802.7555, -12623791.0587 7738761.1614, -12624033.6495 7738674.3405, -12624259.7539 7738553.7581, -12624401.4679 7738455.9556, -12624599.6269 7738287.2172, -12624574.3759 7738103.5722, -12624627.8037 7738052.4718, -12624799.455 7738124.0701, -12624941.7276 7738031.1881, -12625172.3469 7737932.749, -12625414.6964 7737871.435, -12625656.2035 7737849.9233, -12625817.0258 7737864.7973, -12625956.8906 7737902.7453, -12626295.3739 7737925.16749999, -12626245.9211 7737916.7053, -12626685.6008 7737931.1003, -12626925.0745 7737971.7579, -12627503.449 7738021.8417, -12627967.4906 7738088.3662, -12628165.5623 7738089.6626, -12628411.9365 7738118.6921, -12628732.7523 7738125.9906, -12628886.7629 7738097.0957, -12629283.9628 7738088.9214, -12629581.7209 7738035.135, -12630193.4735 7738097.5428, -12630358.2817 7738241.3379, -12630462.4554 7738395.9703, -12630518.1084 7738605.9409, -12630532.8525 7738776.8533, -12630523.1977 7738843.0154, -12630411.3684 7739087.2634, -12630373.9683 7739132.9046, -12630109.4386 7739287.4366, -12629989.0903 7739330.0825, -12629636.1463 7739350.4594, -12629379.4651 7739333.9485, -12628817.605 7739256.0228, -12628670.9168 7739250.813, -12628518.3973 7739294.3595, -12628241.8854 7739321.6731, -12628177.7321 7739342.3172, -12627874.1294 7739493.455, -12627785.4822 7739571.5031, -12627586.2393 7739831.9071, -12627518.5849 7739871.74889999, -12627271.4679 7740104.2065, -12627152.2815 7740198.0373, -12626991.0941 7740286.3138, -12626624.065 7740392.1783, -12626028.4159 7740521.24, -12625658.0997 7740521.564, -12625269.3166 7740428.2386, -12624978.3247 7740446.9204, -12624880.1875 7740488.2639, -12624790.4083 7740622.4141, -12624742.9708 7740717.9108, -12624741.3989 7740797.255, -12624713.4641 7740815.4005, -12624696.5814 7741132.5218, -12624745.7768 7741148.6457, -12624777.6305 7741193.9971, -12624753.6052 7741228.3491, -12624696.5099 7741258.6626, -12624706.3706 7741413.1806, -12624734.9986 7741536.2067, -12624777.2404 7741627.2004, -12624946.7524 7741795.7056, -12625074.5991 7741857.5607, -12625235.4936 7741899.0325, -12625713.7552 7741933.8371, -12625919.5534 7741992.8511, -12626033.9376 7742079.2116, -12626103.2403 7742154.5884, -12626205.4771 7742389.9443, -12626162.3318 7742547.3566, -12626115.0332 7742614.3098, -12626058.0843 7742663.2572, -12625857.4867 7742731.8326, -12625392.5388 7742853.0033, -12625268.9344 7742923.4565, -12625527.229 7743158.8487, -12625927.9851 7743253.3718, -12626426.3287 7742987.8301, -12626532.7487 7742951.7683, -12626655.885 7742935.8973, -12627297.1306 7742969.2343, -12627599.493 7742961.9787, -12627856.5296 7742983.9338, -12628162.3151 7742886.6024, -12628399.833 7742750.6179, -12628652.714 7742681.9751, -12629334.6968 7742637.3288, -12629772.1074 7742721.0437, -12629826.7629 7742707.0871, -12629969.8763 7742627.9426, -12630136.7753 7742577.8067, -12630553.3047 7742541.5255, -12630676.9895 7742566.675, -12631401.5174 7742793.9706, -12631877.4669 7742890.7856, -12631965.2644 7742975.021, -12632063.6362 7743217.177, -12632162.8897 7743303.6409, -12632297.7875 7743339.7223, -12632379.6784 7743316.3908, -12632475.8469 7743345.2105, -12632497.9241 7743380.9962, -12632724.6907 7743435.1676, -12632883.2776 7743508.6043, -12632931.1846 7743924.9926, -12632918.1512 7744034.6264, -12632868.4415 7744122.8457, -12632835.4164 7744151.5024, -12632717.3551 7744188.4236, -12632487.9483 7744292.9168, -12632409.4614 7744340.798, -12632342.1631 7744406.6452, -12632322.6444 7744458.319, -12632342.6606 7744637.8261, -12632575.819 7744765.5091, -12632552.7259 7744824.4202, -12632308.9863 7744828.0704, -12632115.4227 7745248.5661, -12632102.937 7745586.8152, -12632149.7311 7745696.4381, -12632163.4912 7745775.2863, -12632117.2065 7746133.0809, -12632117.3957 7746252.3292, -12632223.0865 7746694.735, -12632321.9779 7746865.6417, -12632342.8383 7747000.8062, -12632332.4853 7747130.1335, -12632309.8196 7747177.9142, -12632184.5886 7747317.7815, -12632044.8324 7747411.6662, -12632031.484 7747466.1091, -12632030.7939 7747511.7475, -12632162.5771 7747686.9861, -12632163.2049 7747791.7824, -12632123.0006 7747838.7554, -12631936.7043 7747917.9478, -12631846.4552 7747982.3199, -12631760.1082 7748009.5399, -12631551.029 7748044.9967, -12631218.0538 7748047.2412, -12630860.242 7747987.3005, -12630508.5438 7748073.0594, -12630418.9907 7748122.7683, -12630316.2361 7748229.344, -12630260.2302 7748178.0076, -12630144.9501 7748009.39, -12630101.9622 7747718.3012, -12630112.8904 7747663.7793, -12630180.1709 7747576.4598, -12630282.0058 7747523.265, -12630390.6046 7747526.5687, -12630549.7569 7747591.1928, -12630638.1967 7747578.8802, -12630755.0087 7747490.5657, -12630771.3572 7747464.0719, -12630774.1124 7747354.2131, -12630734.7243 7747267.8338, -12630698.3652 7747225.4044, -12630603.6581 7747164.6664, -12630548.595 7747148.6102, -12630374.3834 7747164.348, -12630262.5543 7747053.9176, -12630251.2294 7747008.8441, -12630099.4925 7746890.7304, -12630030.6627 7746859.4109, -12629961.1228 7746832.9045, -12629732.2955 7746797.9125, -12629535.6531 7746734.2603, -12629327.0653 7746725.707, -12629321.054 7746692.3765, -12629391.3367 7746629.7209, -12629370.5389 7746568.7001, -12629226.1979 7746486.914, -12629190.0991 7746452.1665, -12629183.714 7746423.501, -12629212.9174 7746265.5048, -12629207.2614 7746204.446, -12629186.751 7746153.713, -12629113.8925 7746057.6442, -12629047.6661 7746040.4336, -12628969.3964 7746063.0281, -12628799.0622 7746190.7642, -12628721.8753 7746177.2542, -12628695.9224 7746155.5162, -12628630.4878 7746045.4092, -12628641.4806 7745979.3378, -12628739.4261 7745922.6287, -12628881.1638 7745929.0042, -12629030.5142 7745893.4494, -12629140.4699 7745897.7847, -12629244.263 7745825.7534, -12629320.1029 7745708.7621, -12629333.5256 7745583.7308, -12629238.3791 7745380.4462, -12629231.7333 7745338.3722, -12629247.1421 7745152.5394, -12629293.9646 7745048.0017, -12629575.3279 7744657.7178, -12629590.6588 7744564.954, -12629589.2184 7744528.1775, -12629520.2495 7744370.9264, -12629511.0255 7744315.6164, -12629544.7642 7744094.1804, -12629504.5014 7743841.0688, -12629449.4855 7743729.24539999, -12629373.3551 7743648.5994, -12629252.9407 7743604.626, -12629246.6058 7743549.4416, -12629194.4429 7743506.2847, -12629156.888 7743507.337, -12628642.1814 7743676.7662, -12628537.8035 7743746.2177, -12628500.5463 7743803.9076, -12628475.1075 7744024.6364, -12628487.1689 7744078.0832, -12628461.8711 7744339.5431, -12628508.6622 7744463.1362, -12628484.3455 7744474.893, -12628115.5899 7744392.5586, -12627975.745 7744407.503, -12627717.2556 7744487.7141, -12627599.0956 7744504.5704, -12627151.2832 7744496.4805, -12626862.9043 7744372.6624, -12626479.3338 7744262.8664, -12626358.3269 7744397.2819, -12626301.4663 7744491.3607, -12626219.9291 7744775.1659, -12626210.8964 7745005.0254, -12626279.1492 7745133.2386, -12626380.5546 7745194.8345, -12626432.1648 7745210.2729, -12626487.2311 7745254.9982, -12626585.662 7745386.5174, -12626609.4737 7745476.3555, -12626626.3923 7745659.5892, -12626612.9541 7745878.1587, -12626690.5179 7745998.9941, -12627015.5001 7746276.1734, -12627054.0166 7746326.0686, -12627077.9034 7746368.3523, -12627101.2838 7746468.3849, -12627103.8497 7746685.3747, -12627154.9235 7746737.7653, -12627151.8142 7746755.5974, -12627232.2564 7746871.2102, -12627286.5802 7746997.5767, -12627281.1723 7747050.3557, -12627220.8616 7747177.8596, -12627042.4353 7747349.9029, -12626999.664 7747596.7773, -12626946.7472 7747711.3387, -12626930.4944 7747837.7192, -12626855.2202 7747956.7062, -12626350.9306 7748491.3969, -12626152.4135 7748774.08, -12625662.7745 7749223.1857, -12625347.8219 7749642.4263, -12625338.9281 7749678.0273, -12625353.2018 7749700.1896, -12625451.1348 7749736.0113, -12625575.7446 7749716.9392, -12625764.9009 7749645.9148, -12625794.178 7749646.0107, -12625864.4238 7749680.585, -12626053.484 7749819.88, -12626132.8914 7749940.7231, -12626193.8299 7749991.0385, -12626557.4737 7750146.5793, -12626580.7795 7750192.8807, -12626589.6383 7750254.8614, -12626557.1516 7750635.4075, -12626443.0056 7750868.8822, -12626179.784 7751183.3482, -12626041.6431 7751312.5361, -12626004.8643 7751364.2897, -12625957.7517 7751466.448, -12625906.5203 7751646.9614, -12625870.6651 7751695.6706, -12625760.4867 7751779.8955, -12625623.5427 7751831.1925, -12625471.2143 7751918.0789, -12625410.5106 7751998.4818, -12625349.5609 7752133.8434, -12625331.7278 7752187.5546, -12625346.3224 7752454.743, -12625466.053 7752843.3587, -12625532.9836 7753178.1227, -12625578.0801 7753284.6777, -12625686.9658 7753428.323, -12626026.2983 7753749.1914, -12626694.5017 7754137.7022, -12626770.4372 7754165.7614, -12626988.4808 7754133.8118, -12627159.8848 7754139.8366, -12627316.616 7754080.5591, -12627297.6836 7754245.5352, -12627434.2611 7754368.3961, -12627507.615 7754488.9577, -12627512.2599 7754657.79, -12627471.5089 7754715.981, -12627369.9929 7754791.9589, -12627267.8029 7754850.7095, -12627117.1805 7754878.9282, -12627046.2021 7754943.9636, -12627005.8379 7755055.5341, -12626926.8448 7755187.7571, -12626902.9532 7755301.7123, -12626920.8149 7755364.2476, -12627074.4578 7755559.7446, -12627246.4079 7755830.1358, -12627333.5885 7755923.5361, -12627539.9232 7756050.9925, -12627675.1301 7756094.5787, -12627916.5058 7756096.1874, -12628057.7501 7756042.0443, -12628355.3364 7755700.7138, -12628633.3109 7755483.5643, -12629031.0722 7755332.2016, -12629244.7608 7755265.9196, -12629420.986 7755263.6442, -12629595.439 7755312.441, -12629778.5475 7755385.0645, -12629878.6248 7755481.7451, -12629942.5424 7755517.7316, -12630126.8139 7755502.7109, -12630359.1949 7755441.9791, -12630825.4361 7754987.8751, -12631091.0756 7754802.3081, -12631339.228 7754699.0211, -12631635.2063 7754735.9202, -12631980.2895 7754836.1153, -12632051.0105 7754888.115, -12632151.5542 7754991.8014, -12632212.8468 7755085.0244, -12632223.3038 7755171.4328, -12632303.3825 7755357.4914, -12632342.9106 7755517.189, -12632561.8197 7755614.2685, -12632929.7103 7755703.8703, -12633017.885 7755745.1531, -12633170.4815 7755922.4398, -12633513.8143 7755837.8278, -12633870.3106 7756161.5018, -12633724.2242 7756462.8003, -12633648.2342 7756512.0238, -12633575.533 7756529.0755, -12633227.5492 7756488.7684, -12632977.0877 7756771.879, -12633011.4504 7756884.0537, -12633102.7813 7756989.9663, -12633215.9304 7757038.0881, -12633285.9292 7757045.4317, -12633525.4287 7756940.7742, -12633679.2002 7756909.7094, -12633881.194 7756986.10589999, -12633782.2311 7756994.0788, -12633671.8409 7757052.3702, -12633597.666 7757117.5362, -12633377.5703 7757477.0809, -12633431.7932 7757582.5199, -12633341.7486 7757651.4501, -12633104.7005 7757791.109, -12632898.1368 7757814.4304, -12632703.4457 7757884.2263, -12632398.9146 7758095.5062, -12632362.8422 7758194.7834, -12632297.8962 7758576.3179, -12632338.1617 7758683.5145, -12632346.2725 7758799.4531, -12632461.5941 7758929.6702, -12632701.1819 7759023.7272, -12632926.5951 7759016.0339, -12632924.4345 7759031.6202, -12632946.2384 7759041.1271, -12632969.3787 7759081.8631, -12632991.277 7759040.4284, -12632990.6591 7758983.7453, -12633007.3255 7758954.3276, -12633068.1524 7758969.3039, -12633135.1778 7758933.5852, -12633146.0426 7758954.5116, -12633204.3202 7758986.1567, -12633205.4224 7758920.966, -12633274.3959 7758911.8652, -12633290.0974 7758948.626, -12633314.0757 7758942.376, -12633360.7891 7758966.1363, -12633410.0219 7758947.863, -12633464.0844 7758948.6566, -12633477.3962 7758927.6928, -12633462.6111 7758878.9669, -12633407.727 7758896.0683, -12633393.736 7758888.5172, -12633363.9988 7758906.7291, -12633367.5907 7758883.7523, -12633342.7146 7758859.4542, -12633357.7854 7758823.7973, -12633349.095 7758801.0524, -12633449.4978 7758754.8851, -12633501.9756 7758776.8907, -12633500.6621 7758808.5795, -12633531.7238 7758837.1077, -12633594.3561 7758814.3116, -12633603.911 7758774.9664, -12633580.8064 7758717.2771, -12633541.9022 7758706.2114, -12633544.997 7758670.0273, -12633583.1554 7758647.9164, -12633609.8665 7758659.1897, -12633666.8805 7758636.82, -12633654.5019 7758611.1946, -12633670.7527 7758600.6125, -12633655.4203 7758582.2515, -12633680.1201 7758583.1474, -12633625.6072 7758497.1471, -12633603.3451 7758495.0627, -12633624.4272 7758460.5383, -12633669.5522 7758444.1837, -12633655.9749 7758427.0289, -12633677.8102 7758404.1184, -12633744.3718 7758394.6953, -12633776.9864 7758404.9719, -12633793.9265 7758438.2679, -12633832.9665 7758413.6041, -12633886.4155 7758433.9515, -12633936.8461 7758501.777, -12633976.7625 7758497.0497, -12634048.7844 7758530.3129, -12634066.8645 7758508.1104, -12634101.5387 7758559.436, -12634113.3126 7758548.7486, -12634130.196 7758555.9825, -12634184.8279 7758597.7381, -12634212.9565 7758580.1196, -12634237.8031 7758592.3363, -12634233.9532 7758540.8231, -12634277.1321 7758550.7136, -12634280.4959 7758469.4921, -12634327.7065 7758469.5499, -12634369.4496 7758500.2054, -12634399.5058 7758492.7673, -12634447.2061 7758525.0577, -12634451.5773 7758544.3107, -12634487.0158 7758552.5017, -12634476.5554 7758604.8799, -12634493.3424 7758613.94300001, -12634492.5113 7758631.3127, -12634517.2892 7758596.0725, -12634562.9896 7758581.6318, -12634560.2604 7758516.2639, -12634609.9422 7758554.0684, -12634644.5532 7758543.2618, -12634666.6484 7758508.9381, -12634689.5041 7758533.4906, -12634756.3015 7758546.6438, -12634760.229 7758589.3119, -12634811.8147 7758599.0559, -12634839.2975 7758579.217, -12634893.3375 7758604.5633, -12634913.134 7758585.7767, -12634927.0284 7758590.2622, -12634941.5369 7758545.60499999, -12635005.8369 7758555.6964, -12635036.1048 7758521.5974, -12635061.0199 7758550.7953, -12635051.3406 7758573.5669, -12635117.5442 7758583.0349, -12635149.3706 7758570.2972, -12635165.9766 7758616.9011, -12635194.3974 7758620.1348, -12635218.8636 7758656.7102, -12635236.0903 7758659.34309999, -12635221.5221 7758669.5778, -12635230.1086 7758681.2292, -12635271.1726 7758673.9406, -12635280.1115 7758713.1458, -12635309.1224 7758733.5531, -12635269.4637 7758822.3429, -12635291.8909 7758892.66219999, -12635287.3418 7758935.1519, -12635336.2592 7758883.0881, -12635353.6436 7758883.8953, -12635340.5784 7758828.5281, -12635348.4393 7758808.0073, -12635335.2148 7758792.7045, -12635342.7584 7758775.6236, -12635360.371 7758778.57329999, -12635373.5197 7758847.9828, -12635429.6619 7758866.6747, -12635360.9035 7758932.6418, -12635345.2094 7758915.5878, -12635327.8065 7758927.2602, -12635342.1184 7759011.9573, -12635319.6004 7759013.8068, -12635302.381 7759042.6866, -12635309.448 7759055.4286, -12635336.9254 7759050.0027, -12635344.1073 7759071.5119, -12635314.6818 7759085.6574, -12635296.5565 7759116.7523, -12635267.2838 7759111.1552, -12635245.571 7759082.299, -12635204.4069 7759108.1101, -12635134.6411 7759111.1961, -12635082.1391 7759082.5953, -12635023.2103 7759076.8152, -12635029.8931 7759094.9457, -12635003.8257 7759123.7133, -12635002.3695 7759147.7093, -12635028.6315 7759186.0652, -12635012.4884 7759204.5502, -12634990.3913 7759190.2071, -12634984.4897 7759212.8646, -12634957.7284 7759158.8607, -12634967.8214 7759156.1153, -12634958.3408 7759139.0918, -12634967.2518 7759065.7763, -12634885.8179 7759061.5289, -12634886.6287 7759037.6559, -12634852.7226 7759025.1933, -12634839.4293 7759045.7113, -12634853.0734 7759073.2867, -12634821.1561 7759117.4836, -12634837.0377 7759144.8277, -12634832.5682 7759175.5915, -12634870.9903 7759182.1687, -12634900.59 7759250.0253, -12634957.9066 7759312.5247, -12634957.6004 7759371.8195, -12634985.9665 7759370.4569, -12634996.3636 7759383.8092, -12634970.6267 7759465.3028, -12634988.8331 7759464.9793, -12635014.2138 7759490.887, -12635046.7914 7759456.8793, -12635083.5435 7759464.13449999, -12635133.8284 7759533.1382, -12635172.2801 7759536.0675, -12635171.5491 7759559.7241, -12635202.8205 7759596.3927, -12635324.4391 7759651.6668, -12635339.4651 7759642.9601, -12635360.1484 7759551.3072, -12635386.4086 7759549.1374, -12635440.9051 7759579.2761, -12635499.9416 7759559.5062, -12635542.052 7759571.7891, -12635593.2366 7759555.8477, -12635645.5734 7759482.2965, -12635664.3697 7759474.8198, -12635672.9579 7759412.888, -12635689.3277 7759397.7202, -12635685.0973 7759356.9581, -12635645.5271 7759354.8669, -12635651.0707 7759330.2879, -12635630.8551 7759317.031, -12635634.7234 7759230.8012, -12635670.7355 7759197.6154, -12635778.1383 7759227.4836, -12635795.1663 7759191.1744, -12635825.0408 7759193.5178, -12635848.2193 7759174.665, -12635850.9969 7759139.378, -12635810.291 7759089.5403, -12635776.9231 7759074.9045, -12635746.3788 7759024.6653, -12635740.9056 7758962.015, -12635725.3728 7758937.737, -12635739.297 7758901.7154, -12635666.5348 7758861.1809, -12635670.2956 7758848.79, -12635652.1784 7758837.2131, -12635623.1741 7758833.0751, -12635608.1535 7758858.5379, -12635591.6484 7758851.5693, -12635612.955 7758773.1544, -12635637.8071 7758749.96019999, -12635660.1841 7758776.482, -12635686.682 7758715.5061, -12635633.154 7758671.5054, -12635610.3353 7758692.077, -12635579.2921 7758679.356, -12635589.6021 7758649.2821, -12635580.8152 7758605.6395, -12635627.5694 7758608.9126, -12635668.1323 7758561.3773, -12635674.0211 7758536.6613, -12635657.7444 7758491.2825, -12635691.4983 7758474.7779, -12635686.4259 7758487.805, -12635708.7305 7758517.8239, -12635720.5119 7758512.4562, -12635767.3179 7758561.6293, -12635790.786 7758562.5523, -12635835.4511 7758518.2496, -12635901.7362 7758509.6225, -12635909.755 7758490.8532, -12635951.5183 7758477.6013, -12635956.0027 7758419.5499, -12636001.0445 7758403.7334, -12636014.4602 7758357.2486, -12636048.1659 7758343.4316, -12636060.0752 7758319.009, -12636046.3496 7758287.6561, -12636108.6792 7758251.4638, -12636089.6528 7758194.8548, -12636138.2623 7758217.8702, -12636163.5745 7758210.6264, -12636204.4585 7758115.0706, -12636224.689 7758119.338, -12636274.2317 7758093.5541, -12636284.6309 7758133.4646, -12636321.6278 7758120.9012, -12636331.5074 7758079.1381, -12636311.2214 7758049.8397, -12636287.2097 7758042.5279, -12636303.9781 7757987.2893, -12636328.6391 7757948.9053, -12636350.0921 7757967.0911, -12636358.6137 7757955.4541, -12636378.3341 7757964.8945, -12636383.4974 7757941.3417, -12636398.9356 7757943.1499, -12636406.9117 7757927.7059, -12636398.4439 7757896.7902, -12636431.8453 7757886.8496, -12636470.2096 7757847.8701, -12636517.4148 7757883.645, -12636590.88 7757879.766, -12636604.7522 7757867.8536, -12636615.0994 7757882.9469, -12636643.2503 7757862.3129, -12636701.7409 7757881.0996, -12637315.8911 7757508.2953, -12637599.0767 7757427.03, -12637818.4047 7757398.4358, -12637959.6439 7757431.9426, -12638024.6402 7757468.0669, -12638139.0055 7757564.6581, -12638238.463 7757680.9902, -12638295.0264 7757764.7403, -12638286.7206 7757777.2851, -12638388.2373 7757986.0643, -12638870.1095 7758612.3627, -12639002.3213 7758847.6218, -12638964.0146 7759250.1583, -12638758.2737 7759655.4631, -12638447.9071 7760206.8724, -12638363.6156 7760597.9655, -12638435.3499 7761100.0838, -12638609.8307 7761398.6097, -12638831.5412 7761641.8302, -12639058.795 7761807.3164, -12639402.8307 7761929.0019, -12639720.9026 7761871.4185, -12639917.2239 7761718.9021, -12640416.6196 7761076.1069, -12640710.6497 7760807.7385, -12640869.7332 7760569.8469, -12641145.6544 7760376.7122, -12641402.6456 7760250.0305, -12641664.1667 7760054.6839, -12641822.0365 7760160.0874, -12641904.6567 7760367.9086, -12641962.006 7760754.6177, -12641978.6918 7760773.1183, -12641864.1656 7761015.8023, -12641741.082 7761036.2897, -12641444.535 7761366.6912, -12641225.8628 7761552.9149, -12641071.4206 7761662.707, -12640895.4648 7761839.5151, -12640771.8469 7762052.9092, -12640609.7337 7762106.2467, -12640510.8534 7762267.1088, -12640057.4934 7762466.3167, -12639872.879 7762644.8265, -12639606.6064 7762975.0924, -12639567.6023 7763250.1548, -12640043.6608 7763765.8033, -12640151.0026 7763955.294, -12640249.733 7764339.646, -12640289.0895 7764607.9148, -12640222.5076 7765233.3502, -12640162.916 7765413.5715, -12640189.1426 7765608.0362, -12640223.5644 7765682.0939, -12640341.1576 7765863.8602, -12640700.3365 7766035.7222, -12640893.5734 7766087.6643, -12641176.2421 7766105.9424, -12641623.5998 7766070.2174, -12641718.2524 7766215.8671, -12641786.6489 7766476.49149999, -12641727.9783 7766670.40869999, -12641658.9548 7766750.8901, -12641538.3824 7766805.2954, -12641124.5261 7766752.932, -12640473.6896 7766580.1858, -12640064.1937 7766843.563, -12640025.7301 7766940.0438, -12640050.6658 7767484.6305, -12639987.0972 7767723.3099, -12639625.5452 7767765.2138, -12639359.5696 7767669.7605, -12639209.4842 7767638.0414, -12639091.5189 7767676.5806, -12638934.0432 7767842.4822, -12638982.1322 7768129.9902, -12639227.3236 7768428.2581, -12639614.9369 7768657.7823, -12640130.8854 7768688.8001, -12640478.3867 7769066.2785, -12641130.8691 7769401.0704, -12641261.574 7769652.0391, -12641326.7268 7770203.9837, -12641555.747 7770480.6639, -12641694.6533 7770718.9697, -12641722.9601 7770878.3523, -12641698.9607 7771053.0847, -12641554.9535 7771177.1556, -12641581.549 7771181.1893, -12641620.0349 7771243.3579, -12641617.143 7771282.5136, -12641546.6174 7771332.3009, -12641529.4057 7771329.3833, -12641487.1519 7771438.0483, -12641423.1152 7771467.0344, -12641423.96 7771559.4013, -12641442.9138 7771592.1541, -12641412.5495 7771576.4032, -12641407.6012 7771588.5071, -12641357.6043 7771598.8054, -12641268.3073 7771716.506, -12641236.4865 7771709.7782, -12641232.2629 7771694.1519, -12641176.0099 7771666.3455, -12641140.9218 7771661.2664, -12641098.5992 7771617.0102, -12641122.6625 7771579.6262, -12641117.3793 7771566.1816, -12641030.694 7771515.13840001, -12640961.191 7771547.1513, -12640948.5527 7771582.1435, -12640917.2414 7771607.8627, -12640891.8398 7771560.8086, -12640889.505 7771514.91, -12640820.3424 7771460.6666, -12640814.8726 7771423.357, -12640831.4673 7771397.47869999, -12640789.012 7771352.6699, -12640775.4363 7771368.9227, -12640736.9716 7771370.1815, -12640710.3037 7771400.3411, -12640654.3994 7771404.1214, -12640629.9919 7771456.3772, -12640658.2264 7771553.0774, -12640700.1175 7771598.5935, -12640744.6469 7771603.3817, -12640738.268 7771631.3564, -12640755.9476 7771659.8979, -12640746.5478 7771695.6841, -12640710.5208 7771737.0703, -12640718.6634 7771767.6048, -12640698.445 7771779.3274, -12640689.7445 7771766.4126, -12640779.4957 7771924.6225, -12640747.7452 7771982.8911, -12640755.7082 7772004.6959, -12640865.0212 7772098.3953, -12640888.5176 7772090.8494, -12640882.0744 7772068.3481, -12640890.9842 7772082.1792, -12640922.5583 7772077.8031, -12640943.6074 7772042.6449, -12640943.3184 7772008.3475, -12640980.6369 7772049.7317, -12641033.8538 7772031.4856, -12641143.9255 7772170.137, -12641177.4093 7772199.3916, -12641207.4949 7772199.5578, -12641229.795 7772156.4456, -12641255.7416 7772141.2976, -12641252.2837 7772049.4948, -12641299.4332 7772014.7541, -12641311.9791 7772018.6196, -12641318.252 7771980.2416, -12641346.876 7771963.1786, -12641431.0255 7771973.28589999, -12641463.3215 7771957.6427, -12641530.9501 7771988.7243, -12641562.537 7771960.4719, -12641583.7712 7771968.2655, -12641557.1246 7771993.2575, -12641550.9799 7772035.5977, -12641595.0944 7772126.6629, -12641624.3947 7772109.1701, -12641672.4436 7772043.5524, -12641672.2063 7772023.5678, -12641697.8017 7772003.7818, -12641713.9771 7772015.0415, -12641734.7894 7771994.5131, -12641724.806 7771951.2792, -12641736.1701 7771915.6832, -12641772.2059 7771917.5701, -12641810.0799 7771956.6643, -12641906.5234 7771950.5706, -12641919.5029 7771930.7774, -12641914.9422 7771862.6889, -12641933.5567 7771830.5559, -12641976.9393 7771820.6837, -12641995.7584 7771790.2487, -12642023.9838 7771777.6589, -12642076.5774 7771798.3931, -12642186.481 7771719.3489, -12642194.9511 7771734.4726, -12642276.8419 7771754.0485, -12642305.0081 7771779.9221, -12642304.7605 7771843.7813, -12642285.8818 7771866.5587, -12642303.0019 7772286.1196, -12642363.9226 7772332.1647, -12642429.2468 7772344.081, -12642507.3546 7772319.3904, -12642528.9004 7772252.7996, -12642639.2037 7772239.5966, -12642679.7294 7772262.5856, -12642631.1004 7772314.3733, -12642645.0546 7772386.3536, -12642668.5286 7772398.4125, -12642842.9474 7772324.6411, -12642967.0279 7772332.4921, -12642989.3755 7772358.6985, -12643031.1115 7772365.0873, -12643103.268 7772340.2319, -12643135.5467 7772287.0147, -12643182.801 7772311.3832, -12643240.0741 7772296.1712, -12643348.1152 7772332.0481, -12643353.6815 7772421.1837, -12643407.2069 7772436.1144, -12643466.8331 7772416.4808, -12643493.9004 7772428.8751, -12643566.2333 7772399.4335, -12643630.3947 7772320.3317, -12643633.5151 7772213.9696, -12643687.3777 7772244.8684, -12643767.6902 7772240.2832, -12643775.3039 7772403.2358, -12643723.1674 7772480.8018, -12643787.4904 7772523.2255, -12643867.9353 7772488.8596, -12643880.4235 7772453.5749, -12643919.6691 7772434.0938, -12643969.0337 7772347.1612, -12643975.7402 7772381.7023, -12643999.1301 7772405.091, -12644036.5199 7772398.75330001, -12644046.0839 7772322.8292, -12644082.6734 7772341.529, -12644117.0854 7772340.1947, -12644139.5483 7772367.6434, -12644182.7553 7772365.2019, -12644197.4621 7772341.515, -12644168.6364 7772259.9109, -12644203.5905 7772277.7285, -12644220.2134 7772305.4362, -12644267.8778 7772318.8621, -12644310.7522 7772312.7945, -12644390.1448 7772367.011, -12644449.2409 7772366.3423, -12644474.4543 7772348.1234, -12644491.9942 7772301.2069, -12644445.3058 7772275.4897, -12644451.5333 7772241.2676, -12644385.5915 7772097.1921, -12644409.02 7772074.5573, -12644460.3238 7772081.4353, -12644482.7323 7771947.5718, -12644522.5714 7771908.2143, -12644552.579 7771908.3061, -12644654.3129 7771856.34570001, -12644701.7674 7771918.6574, -12644771.0206 7771918.5239, -12644776.7274 7771936.0625, -12644819.5924 7771948.9049, -12644844.9666 7771943.2029, -12644856.1916 7771892.2148, -12644860.5839 7771907.6908, -12644888.8524 7771910.6031, -12644876.9062 7771882.6666, -12644888.9934 7771886.9313, -12644901.4337 7771865.8818, -12644933.407 7771891.0738, -12644986.3258 7771900.47, -12645011.496 7771873.1779, -12645016.9712 7771829.2093, -12645083.829 7771816.9393, -12645126.8816 7771830.3584, -12645100.8609 7771887.7065, -12645157.8043 7771918.7324, -12645152.2127 7771936.09489999, -12645174.5975 7771949.8699, -12645227.2113 7771924.2, -12645237.9668 7771943.0202, -12645226.0482 7771966.3127, -12645232.7981 7771989.1214, -12645207.5153 7772014.7532, -12645216.6041 7772023.5075, -12645207.7317 7772018.2144, -12645200.9731 7772002.8961, -12645220.6669 7772001.3563, -12645194.85 7771990.8988, -12645165.596 7772011.0349, -12645173.3707 7772027.8974, -12645143.5588 7772014.6366, -12645124.1397 7772031.7175, -12645133.1564 7772060.5409, -12645151.6613 7772070.1726, -12645193.512 7772051.8095, -12645179.8573 7772088.3865, -12645204.7263 7772091.3349, -12645220.7887 7772138.8609, -12645197.6647 7772170.0022, -12645184.7754 7772164.7835, -12645173.1958 7772187.7867, -12645152.5089 7772193.9669, -12645176.7541 7772214.6013, -12645183.1316 7772245.9816, -12645207.8353 7772259.2566, -12645161.6881 7772304.1343, -12645186.5678 7772313.2674, -12645185.9272 7772346.6374, -12645217.6706 7772397.5701, -12645155.3513 7772401.025, -12645173.7007 7772414.7725, -12645156.9672 7772420.8357, -12645158.3991 7772484.3081, -12645186.7166 7772471.5505, -12645195.7457 7772499.4268, -12645235.5239 7772494.385, -12645241.7666 7772514.3886, -12645258.1726 7772518.5573, -12645246.4883 7772504.9408, -12645264.6182 7772521.4996, -12645241.8678 7772563.2638, -12645217.924 7772566.36, -12645202.4288 7772548.6768, -12645182.8634 7772570.1838, -12645216.5033 7772628.986, -12645213.4492 7772652.6987, -12645285.2626 7772676.8704, -12645286.7514 7772708.37259999, -12645315.2253 7772739.1082, -12645338.9654 7772699.63669999, -12645367.8743 7772689.2339, -12645401.8045 7772720.0701, -12645408.4933 7772787.3653, -12645397.8446 7772800.887, -12645426.941 7772868.3335, -12645413.0621 7772882.8089, -12645437.6024 7772916.1276, -12645430.0412 7772941.3459, -12645473.16 7772899.9911, -12645470.8054 7772870.6623, -12645518.0936 7772882.9416, -12645505.153 7772844.8486, -12645540.0019 7772786.0373, -12645569.433 7772805.2477, -12645548.4711 7772875.6608, -12645568.4986 7772900.7768, -12645588.0046 7772898.1109, -12645626.3525 7772840.2962, -12645623.5017 7772814.081, -12645608.7945 7772806.6195, -12645617.6653 7772753.1468, -12645695.1233 7772795.1416, -12645692.6315 7772777.93, -12645726.178 7772738.8711, -12645817.0219 7772672.9044, -12645898.8375 7772579.4552, -12645910.4415 7772598.8659, -12645902.9263 7772668.9804, -12645956.3485 7772697.0853, -12645969.1935 7772676.4155, -12645985.3722 7772693.2199, -12646003.0319 7772689.6, -12646083.161 7772741.7558, -12646083.1123 7772777.3115, -12646109.8142 7772774.6395, -12646157.8877 7772819.2884, -12646192.914 7772817.2116, -12646207.9446 7772786.6822, -12646244.1863 7772768.9303, -12646261.041 7772765.6356, -12646270.5749 7772784.2169, -12646277.7263 7772747.1996, -12646303.381 7772735.6008, -12646326.5425 7772767.6864, -12646322.4187 7772782.2905, -12646283.5421 7772784.0827, -12646260.3808 7772858.2459, -12646201.1457 7772863.1041, -12646204.847 7772915.2213, -12646319.0624 7772892.3768, -12646354.0763 7772933.5661, -12646397.9525 7772941.2372, -12646433.8576 7772970.4211, -12646462.1249 7772961.357, -12646529.2569 7773043.7492, -12646541.9262 7773022.8201, -12646530.0605 7772989.3244, -12646566.5027 7773008.8664, -12646574.8553 7772993.9961, -12646608.1285 7772987.6102, -12646625.252 7773012.5356, -12646658.6787 7773014.172, -12646632.868 7773067.2531, -12646698.4093 7773056.16749999, -12646728.3653 7773004.4934, -12646773.2447 7773013.9507, -12646751.3738 7772960.2215, -12646779.6537 7772951.9443, -12646818.3782 7772900.7055, -12646846.9248 7772915.0994, -12646881.0512 7772974.9214, -12646914.3714 7772949.0911, -12646917.6733 7772885.9285, -12646939.5108 7772855.9451, -12646951.4716 7772901.2727, -12646993.3139 7772939.0731, -12646992.4064 7772965.4248, -12647044.5209 7772966.9657, -12647068.718 7773033.3565, -12647021.7798 7773019.1628, -12646989.7099 7772981.8196, -12646944.061 7773002.2046, -12646935.2816 7773043.2436, -12646900.326 7773044.4271, -12646864.5677 7773081.6719, -12646801.9288 7773067.5798, -12646756.2226 7773084.5734, -12646755.3757 7773132.4478, -12646808.6246 7773217.7259, -12646844.8734 7773238.2104, -12646919.7855 7773176.834, -12646967.4399 7773237.2795, -12647002.262 7773225.2434, -12646989.2669 7773277.8896, -12647021.1217 7773297.1238, -12647015.1964 7773258.2809, -12647048.5419 7773246.9611, -12647053.9488 7773226.0612, -12647111.8328 7773220.7981, -12647144.6829 7773170.4824, -12647203.2096 7773161.8146, -12647220.4812 7773199.7631, -12647212.2166 7773248.2168, -12647261.5201 7773304.8294, -12647400.7021 7773342.721, -12647486.5378 7773423.3472, -12647430.5708 7773451.4235, -12647388.8208 7773497.3177, -12647318.7543 7773501.7342, -12647152.5223 7773461.5032, -12647147.6507 7773503.8464, -12647041.8655 7773524.0343, -12647034.6487 7773537.8546, -12647018.1829 7773523.2074, -12647032.7503 7773513.152, -12647027.9812 7773496.1624, -12646982.9791 7773469.1755, -12646711.2235 7773443.1305, -12646496.8921 7773454.3712, -12646211.5021 7773507.2372, -12645632.2031 7773669.7, -12645319.4496 7773709.0045, -12645208.0232 7773775.1863, -12645164.8322 7773828.8266, -12645166.2817 7774100.7462, -12645136.1334 7774148.8197, -12645104.1065 7774170.0715, -12644991.2588 7774194.8935, -12644991.2136 7774180.3085, -12644953.3385 7774151.2243, -12644967.7998 7774132.764, -12644950.1922 7774086.7163, -12644857.3054 7774015.2691, -12644838.201 7773894.7732, -12644812.4484 7773857.2687, -12644789.1733 7773852.2016, -12644784.5347 7773811.1094, -12644756.8705 7773803.8568, -12644708.4169 7773830.819, -12644666.9795 7773834.8271, -12644649.8081 7773842.2144, -12644644.2097 7773913.3927, -12644597.1499 7773941.2783, -12644647.2309 7774067.6251, -12644622.9497 7774070.9866, -12644614.1254 7774107.2927, -12644566.1804 7774118.0788, -12644495.738 7774279.4696, -12644539.6419 7774437.7474, -12644509.2958 7774504.0324, -12644469.6917 7774491.385, -12644437.9333 7774452.8344, -12644347.3387 7774456.721, -12644343.0256 7774428.8818, -12644390.4338 7774407.4203, -12644413.3252 7774113.2877, -12644294.6347 7774090.1112, -12644260.8379 7774065.1949, -12644154.627 7774050.8989, -12644086.3009 7774068.7279, -12644064.6369 7774090.1796, -12643949.8025 7774071.3913, -12643868.7896 7774103.337, -12643823.8645 7774086.4089, -12643792.9365 7774093.5101, -12643778.2015 7774076.6303, -12643787.2694 7774033.3425, -12643772.8066 7774025.13059999, -12643804.4404 7774016.8904, -12643804.8214 7773978.7305, -12643793.8281 7773966.1108, -12643712.6387 7773956.8091, -12643669.9846 7773970.7155, -12643651.1288 7774002.9353, -12643646.9777 7774020.6051, -12643674.8447 7774046.0081, -12643666.2219 7774101.2754, -12643598.6595 7774133.31050001, -12643563.7094 7774100.6968, -12643548.799 7774121.13, -12643582.1075 7774168.3593, -12643641.4615 7774159.2217, -12643654.1214 7774171.8799, -12643643.4588 7774178.1497, -12643684.9122 7774188.1617, -12643661.1031 7774289.571, -12643680.17 7774322.0689, -12643722.2542 7774347.7534, -12643713.3812 7774410.7859, -12643740.2942 7774502.1195, -12643768.9391 7774533.6561, -12643793.2081 7774529.1052, -12643809.5032 7774548.7464, -12643802.0288 7774557.711, -12643821.5829 7774562.4017, -12643809.9539 7774584.024, -12643829.6904 7774590.9166, -12643826.9777 7774625.0127, -12643847.1324 7774651.9393, -12643795.5517 7774707.1311, -12643792.9918 7774773.2329, -12643901.121 7774776.1765, -12643853.5277 7774784.9283, -12643844.7764 7774813.9088, -12643897.9209 7774822.6231, -12643931.8175 7774868.6102, -12643912.6938 7774855.9438, -12643895.8544 7774874.5701, -12643901.4139 7774908.8826, -12643860.9586 7774914.4839, -12643840.115 7774934.5233, -12643853.17 7774961.2777, -12643839.9085 7774974.8408, -12643835.9456 7775024.018, -12643809.6863 7775021.1745, -12643794.7545 7774995.2778, -12643757.4584 7774982.8936, -12643713.3544 7774930.8642, -12643700.6515 7774840.0945, -12643682.2495 7774837.7877, -12643679.1842 7774813.8148, -12643671.6689 7774824.5579, -12643630.3155 7774812.8729, -12643599.0066 7774839.5858, -12643585.1459 7774882.5138, -12643563.4625 7774900.036, -12643590.782 7774948.6106, -12643578.72 7774969.2296, -12643599.0428 7775021.6749, -12643556.4956 7775084.3579, -12643560.694 7775103.0569, -12643590.7096 7775099.1084, -12643593.4752 7775134.1727, -12643537.8808 7775148.7258, -12643520.3961 7775221.794, -12643478.1015 7775198.0933, -12643430.5057 7775208.749, -12643374.8512 7775189.9073, -12643378.6402 7775275.1247, -12643366.1754 7775316.03540001, -12643384.6672 7775374.0582, -12643377.2203 7775428.716, -12643406.7521 7775465.184, -12643402.0927 7775516.0309, -12643352.9452 7775506.9581, -12643334.1915 7775518.599, -12643319.7643 7775566.2497, -12643283.5649 7775584.1216, -12643275.436 7775611.2409, -12643293.3084 7775696.9423, -12643285.7954 7775706.3594, -12643261.0494 7775695.2042, -12643203.7059 7775727.9032, -12643183.2502 7775751.642, -12643191.0248 7775788.2693, -12643173.3565 7775772.2897, -12643148.1302 7775803.1909, -12643154.5678 7775834.4099, -12643211.6915 7775876.3012, -12643260.4334 7775856.1959, -12643300.8113 7775811.3422, -12643306.5905 7775741.4109, -12643360.4841 7775695.1403, -12643370.6686 7775784.6924, -12643388.8998 7775814.3204, -12643408.7862 7775799.7166, -12643443.34 7775806.9415, -12643482.6509 7775782.4868, -12643508.8444 7775695.396, -12643481.8968 7775680.4371, -12643484.0065 7775626.8206, -12643550.2694 7775498.7853, -12643515.3548 7775451.6965, -12643540.5245 7775415.2342, -12643578.8172 7775429.4162, -12643581.9919 7775476.7492, -12643618.6298 7775517.1479, -12643611.2029 7775526.036, -12643643.3516 7775518.2497, -12643648.7569 7775555.1111, -12643688.8189 7775568.2243, -12643687.1564 7775610.6448, -12643723.0258 7775633.8067, -12643750.2361 7775704.1176, -12643707.0533 7775748.4337, -12643725.5472 7775838.7064, -12643694.0487 7775877.2792, -12643698.1344 7775924.6573, -12643670.9033 7775916.9051, -12643653.3542 7775948.3405, -12643607.8421 7775971.2702, -12643580.0336 7776000.0509, -12643555.2844 7776068.5082, -12643605.1917 7776072.9915, -12643625.2371 7776058.8489, -12643658.4412 7776074.6342, -12643681.1715 7776131.3047, -12643657.869 7776134.4631, -12643635.695 7776113.4026, -12643611.4675 7776119.8828, -12643578.8819 7776172.7552, -12643541.4172 7776181.7629, -12643462.7832 7776148.9318, -12643457.4637 7776188.5248, -12643483.8764 7776241.6913, -12643450.1175 7776285.2012, -12643463.1087 7776319.5951, -12643508.9401 7776368.4316, -12643605.8504 7776389.6203, -12643693.3371 7776343.5764, -12643722.839 7776362.8882, -12643753.0624 7776352.2378, -12643777.8673 7776320.1854, -12643825.5147 7776326.7694, -12643852.1501 7776339.5919, -12643839.9323 7776352.1873, -12643842.9311 7776391.7835, -12643891.4211 7776414.6442, -12643940.4022 7776403.2805, -12643969.4045 7776411.3998, -12643987.524 7776383.311, -12644042.1727 7776390.9486, -12644067.8251 7776361.2809, -12644153.0832 7776379.9373, -12644134.6725 7776432.8467, -12644047.8324 7776420.6933, -12644029.3618 7776462.568, -12644045.2158 7776483.2077, -12644054.3376 7776555.9521, -12644073.2487 7776568.8606, -12644053.9851 7776584.861, -12644059.0469 7776621.8191, -12644129.2955 7776600.314, -12644184.4526 7776607.5841, -12644208.0675 7776560.1368, -12644252.1204 7776612.9947, -12644303.874 7776605.4858, -12644305.887 7776640.9505, -12644317.5972 7776645.8187, -12644300.5371 7776660.6157, -12644214.3189 7776659.3286, -12644191.8965 7776728.2955, -12644208.7283 7776755.12389999, -12644159.0926 7776772.6854, -12644124.4843 7776768.3349, -12644115.7721 7776726.8838, -12644021.1289 7776711.8608, -12644016.6218 7776748.5971, -12644034.8191 7776762.8011, -12644015.6666 7776760.5993, -12644030.688 7776796.0081, -12644022.2546 7776813.6452, -12643994.9618 7776843.4969, -12643949.4318 7776845.3615, -12643911.7119 7776869.7024, -12643916.8922 7776848.4212, -12643897.5826 7776835.2783, -12643898.6286 7776812.3703, -12643851.231 7776782.5175, -12643876.6122 7776768.1772, -12643869.8852 7776742.6465, -12643831.2396 7776736.4352, -12643807.3263 7776696.8573, -12643811.8856 7776674.6043, -12643817.6814 7776691.0384, -12643861.6291 7776681.3212, -12643851.7327 7776660.8857, -12643767.5861 7776660.1907, -12643796.0762 7776700.71, -12643787.9954 7776748.7434, -12643791.5339 7776722.9766, -12643757.1976 7776711.3123, -12643711.6108 7776649.9441, -12643711.2265 7776664.0575, -12643682.8711 7776666.9582, -12643653.675 7776630.2915, -12643581.2918 7776602.3139, -12643570.3366 7776606.9101, -12643578.5131 7776640.3351, -12643565.7055 7776621.2111, -12643535.6107 7776614.9357, -12643522.7304 7776586.0873, -12643495.8727 7776613.1066, -12643514.4717 7776651.2728, -12643570.7767 7776660.3778, -12643562.4928 7776673.9075, -12643575.7942 7776706.286, -12643560.1349 7776712.1003, -12643601.0225 7776734.2068, -12643607.7696 7776798.9396, -12643620.5534 7776806.9801, -12643585.9089 7776841.7796, -12643584.1066 7776888.2807, -12643654.2469 7776940.1413, -12643739.2492 7776940.4201, -12643730.0519 7776946.3794, -12643763.8447 7776987.159, -12643755.426 7777001.3561, -12643770.2943 7777003.7177, -12643756.9201 7777009.3115, -12643745.9723 7776994.5951, -12643722.2648 7777081.1683, -12643691.1335 7777095.7948, -12643657.2287 7777153.8983, -12643655.6113 7777142.4371, -12643630.5896 7777156.2084, -12643639.7781 7777165.9521, -12643621.5729 7777189.3388, -12643610.0732 7777168.971, -12643588.9952 7777198.593, -12643601.0911 7777214.2604, -12643570.3475 7777200.3323, -12643572.6464 7777184.1267, -12643553.9673 7777182.8086, -12643538.8211 7777208.1835, -12643543.0437 7777250.4589, -12643518.4484 7777271.8402, -12643502.4222 7777353.62, -12643477.0698 7777380.9342, -12643508.303 7777407.2781, -12643493.3304 7777418.6157, -12643501.81 7777461.8593, -12643487.6889 7777445.1053, -12643469.8582 7777460.6791, -12643490.5265 7777489.8452, -12643486.8032 7777573.9969, -12643515.1692 7777612.6718, -12643530.6665 7777669.3619, -12643507.301 7777764.7929, -12643456.6788 7777795.4486, -12643492.566 7777812.1032, -12643511.9985 7777792.0126, -12643545.0931 7777798.2064, -12643590.7445 7777864.1428, -12643625.4025 7777863.7119, -12643635.9813 7777883.9712, -12643622.228 7777891.5949, -12643661.8891 7777911.3203, -12643642.2679 7777934.7527, -12643617.2046 7777915.7755, -12643578.6641 7777962.143, -12643527.9935 7777988.4986, -12643495.2262 7777984.7434, -12643525.4895 7778031.1677, -12643517.7662 7778046.394, -12643539.7192 7778065.4955, -12643528.3774 7778077.4681, -12643538.0698 7778103.7963, -12643513.056 7778123.9945, -12643534.1035 7778181.1306, -12643512.4434 7778191.2494, -12643522.5366 7778218.4261, -12643510.2457 7778243.552, -12643550.5691 7778252.3532, -12643530.7481 7778234.5218, -12643693.4219 7778233.4734, -12643360.2215 7778856.8129, -12643073.8678 7779603.8415, -12642995.5126 7779736.0276, -12642842.7747 7779890.7182, -12642810.2657 7780189.0401, -12642669.4954 7780408.3213, -12642539.467 7780576.4376, -12642567.8802 7780831.7214, -12642564.4454 7781080.721, -12642517.7475 7781314.76340001, -12642379.0446 7781752.7841, -12642358.4376 7781981.4704, -12642391.0984 7782139.7591, -12642455.9202 7782290.3442, -12642658.7518 7782295.5082, -12642700.1676 7782328.1933, -12642791.8744 7782709.531, -12642839.2067 7782834.8318, -12642853.9981 7783003.7188, -12642777.0826 7783047.303, -12642627.1815 7783167.7677, -12642626.3861 7783255.8323, -12642794.8323 7783504.9537, -12642774.1242 7783684.7527, -12642614.3765 7783831.8639, -12642608.4601 7784115.1975, -12642461.7539 7784448.5438, -12642413.8845 7784792.4657, -12642318.5187 7785080.2919, -12642635.084 7785237.7385, -12642667.6251 7785330.3827, -12642667.6251 7785417.5782, -12642655.7918 7785537.474, -12642578.8765 7785564.7233, -12642312.6305 7785799.0707, -12642286.0058 7785853.5713, -12642217.9653 7785935.3226, -12642093.7171 7786278.6889, -12642123.2999 7786453.1028, -12642875.677 7786994.332, -12643301.5617 7787582.514, -12642909.5416 7789739.2619, -12642856.771 7789934.164, -12642321.2398 7790390.5567, -12641848.9715 7790614.8476, -12641465.7471 7790772.6764, -12641273.8282 7790891.8766, -12641380.7678 7791076.5355, -12641266.5809 7791095.3506, -12641232.3402 7791061.1312, -12641209.5525 7791100.9537, -12641187.2995 7791110.2853, -12641144.3105 7791058.2027, -12641175.3097 7791113.8788, -12641139.0755 7791191.0105, -12641134.2242 7791120.1892, -12641094.0575 7791132.82329999, -12641059.2075 7791122.1852, -12641060.2875 7791072.3044, -12640973.8757 7791079.0479, -12640952.3636 7791093.4736, -12640943.0938 7791161.5193, -12641001.6388 7791240.36, -12640992.1545 7791298.2151, -12641027.2651 7791390.1957, -12641077.1873 7791402.0961, -12641092.5035 7791426.5817, -12641145.7149 7791435.1648, -12641153.3658 7791424.5189, -12641168.3465 7791436.9172, -12641176.4891 7791408.2459, -12641194.1296 7791409.066, -12641196.6559 7791431.6871, -12641193.1131 7791449.0927, -12641136.7253 7791460.5455, -12641130.0126 7791479.5845, -12641168.4605 7791535.9027, -12641123.0704 7791611.9716, -12641021.7251 7791646.9628, -12640959.0588 7791701.5574, -12640940.3785 7791674.9621, -12640916.6472 7791684.0565, -12640929.8687 7791784.1504, -12640952.6206 7791792.4151, -12641096.3076 7791758.4297, -12641142.1053 7791707.4178, -12641191.1581 7791739.076, -12641163.8167 7791686.2599, -12641204.1452 7791679.8494, -12641244.1874 7791703.077, -12641295.4455 7791675.9648, -12641300.8673 7791712.6085, -12641281.2495 7791716.6823, -12641240.8029 7791769.7281, -12641255.0717 7791799.5267, -12641210.9467 7791818.91089999, -12641240.8473 7791892.4718, -12641255.3805 7791874.7896, -12641281.62 7791892.8623, -12641300.2906 7791866.2286, -12641286.297 7791831.1911, -12641293.1219 7791806.5702, -12641328.0488 7791803.5984, -12641386.2591 7791745.4102, -12641386.9705 7791726.9078, -12641426.7066 7791747.5452, -12641431.5381 7791716.2353, -12641478.0216 7791734.2624, -12641518.6568 7791709.2931, -12641584.4517 7791738.943, -12641641.3645 7791731.4952, -12641657.2824 7791763.3043, -12641641.0686 7791783.0813, -12641568.6582 7791811.2094, -12641532.3873 7791862.4361, -12641513.675 7791833.1125, -12641474.7659 7791864.6982, -12641503.9814 7791899.7311, -12641510.4276 7791983.7261, -12641538.0271 7791992.0412, -12641618.0577 7791944.8194, -12641660.5671 7791964.7, -12641690.2176 7791952.0545, -12641707.6122 7791974.9833, -12641757.3898 7791993.54290001, -12641755.4405 7792017.536, -12641804.6304 7792033.392, -12641831.1954 7792066.011, -12641835.6116 7792102.3975, -12641797.1956 7792144.1205, -12641824.0385 7792236.3771, -12641845.1515 7792258.2296, -12641869.9618 7792255.5072, -12641910.6557 7792308.464, -12641937.6851 7792316.1097, -12641969.0154 7792254.2966, -12642068.3804 7792254.7477, -12642081.1247 7792242.161, -12642097.4089 7792253.9113, -12642120.8352 7792236.1082, -12642124.9387 7792212.5387, -12642061.2729 7792195.3663, -12642091.9969 7792128.6814, -12642167.4528 7792124.5751, -12642189.2043 7792168.2861, -12642245.9983 7792188.3231, -12642261.5186 7792178.7632, -12642305.1642 7792203.5446, -12642300.7455 7792219.8198, -12642254.2739 7792215.528, -12642297.9578 7792258.4406, -12642283.0878 7792300.8732, -12642192.6664 7792313.8788, -12642141.2296 7792294.21, -12642095.8991 7792318.7387, -12642102.7031 7792335.4767, -12642087.5726 7792345.29379999, -12642043.7575 7792360.0074, -12642008.6995 7792347.6211, -12641984.5983 7792382.1762, -12641944.7407 7792335.4992, -12641923.8946 7792338.7464, -12641925.4735 7792413.9281, -12641952.3071 7792443.6064, -12641938.6381 7792443.6907, -12641920.2293 7792427.8892, -12641865.9351 7792426.4328, -12641835.8627 7792366.5163, -12641757.8426 7792285.071, -12641729.1524 7792284.8083, -12641718.0693 7792264.8902, -12641648.5232 7792283.867, -12641605.1933 7792241.2476, -12641551.3966 7792233.8446, -12641509.2927 7792189.9433, -12641484.5218 7792184.4415, -12641475.8086 7792129.0829, -12641449.4511 7792120.6022, -12641357.9212 7792169.8127, -12641336.3507 7792165.4248, -12641334.6201 7792187.7904, -12641281.2115 7792187.492, -12641270.0754 7792208.209, -12641201.9889 7792216.4682, -12641191.5504 7792206.6941, -12641171.1085 7792243.2474, -12641131.0263 7792239.507, -12641100.341 7792268.0671, -12641137.6429 7792281.2063, -12641129.0525 7792311.276, -12641102.4138 7792328.47510001, -12641141.2255 7792367.7332, -12641158.7317 7792353.9202, -12641152.1999 7792338.4503, -12641180.2794 7792331.4087, -12641199.3643 7792351.5045, -12641266.1427 7792348.9119, -12641279.895 7792376.7472, -12641346.461 7792361.7987, -12641368.7868 7792336.6314, -12641396.3432 7792357.1705, -12641394.2749 7792381.84309999, -12641384.054 7792379.4529, -12641409.0574 7792463.811, -12641433.961 7792445.0135, -12641457.4319 7792458.9148, -12641485.1501 7792444.3817, -12641484.8536 7792459.2813, -12641521.9031 7792452.7046, -12641539.6923 7792406.0178, -12641534.6213 7792375.0908, -12641567.9047 7792346.5354, -12641564.8793 7792329.516, -12641601.0438 7792351.3147, -12641591.316 7792390.7053, -12641654.8773 7792372.1984, -12641643.8443 7792345.2251, -12641774.5249 7792449.3946, -12641631.8127 7792601.6221, -12641093.9022 7792534.1477, -12640951.4036 7792558.5652, -12640935.0764 7792537.6616, -12640907.1891 7792550.1748, -12640903.8285 7792592.1996, -12640874.056 7792612.1653, -12640839.298 7792621.4247, -12640795.6366 7792594.5022, -12640762.197 7792616.9449, -12640739.897 7792589.3148, -12640722.7832 7792590.542, -12640708.6175 7792630.8601, -12640681.7832 7792634.2589, -12640680.6145 7792661.5944, -12640741.0653 7792648.4543, -12640768.8642 7792695.9959, -12640752.3389 7792710.4436, -12640718.3248 7792710.6233, -12640697.8761 7792737.2924, -12640702.1983 7792783.6899, -12640741.4945 7792763.3679, -12640771.2752 7792779.3775, -12640795.5388 7792732.9499, -12640812.5591 7792727.8716, -12640851.0793 7792731.7339, -12640839.8074 7792739.1172, -12640847.502 7792755.4223, -12640874.4671 7792746.9059, -12640882.2024 7792768.3517, -12640905.8409 7792773.5543, -12640901.8785 7792799.8739, -12640868.362 7792827.2396, -12640839.5303 7792828.3769, -12640824.5623 7792852.4392, -12640748.2174 7792842.4223, -12640747.8111 7792883.2797, -12640729.9943 7792889.7115, -12640734.1517 7792908.284, -12640701.3054 7792963.9912, -12640662.9075 7792954.1016, -12640675.9374 7792999.6452, -12640692.6488 7793012.4762, -12640723.7099 7793004.1681, -12640746.0748 7793025.7564, -12640753.7062 7793088.981, -12640734.7007 7793116.2824, -12640767.202 7793165.8321, -12640797.7165 7793157.0326, -12640804.5387 7793131.6904, -12640815.8409 7793144.7731, -12640831.9425 7793132.9215, -12640828.3474 7793200.1351, -12640806.932 7793234.0513, -12640835.2726 7793249.9629, -12640801.3113 7793262.7441, -12640810.0148 7793312.8813, -12640785.7148 7793314.255, -12640790.1488 7793338.2693, -12640759.9141 7793326.9197, -12640769.2014 7793356.3847, -12640738.4606 7793363.7027, -12640754.3155 7793397.2908, -12640746.0507 7793415.3416, -12640652.381 7793423.0401, -12640619.0056 7793473.9158, -12640565.1236 7793460.285, -12640564.0846 7793416.0878, -12640520.4547 7793417.3941, -12640480.8836 7793454.8692, -12640389.9165 7793471.4949, -12640341.9454 7793528.4657, -12640265.4036 7793528.5802, -12640275.132 7793530.3722, -12640257.7262 7793551.6848, -12640264.6094 7793574.8531, -12640351.4977 7793585.2481, -12640358.9714 7793570.2785, -12640391.6952 7793579.4202, -12640453.787 7793552.0628, -12640456.022 7793588.6778, -12640516.8174 7793618.278, -12640578.895 7793547.4246, -12640602.9285 7793542.4404, -12640622.051 7793569.3628, -12640619.2356 7793603.1105, -12640599.2141 7793642.1701, -12640580.8866 7793647.1255, -12640575.3213 7793676.9529, -12640613.754 7793711.8503, -12640626.3636 7793685.9138, -12640650.07 7793680.3336, -12640629.4908 7793650.5166, -12640659.3809 7793572.3342, -12640687.6173 7793548.9942, -12640729.0521 7793568.2882, -12640796.1079 7793493.1313, -12640764.4123 7793464.5819, -12640790.5701 7793415.7086, -12640853.3363 7793439.749, -12640888.1509 7793428.3634, -12640893.4741 7793457.5646, -12640936.5902 7793510.7341, -12640915.0757 7793515.1891, -12640893.0348 7793544.195, -12640897.4659 7793558.2635, -12640922.3081 7793575.3566, -12640940.6994 7793566.2963, -12640967.4679 7793578.2526, -12640973.7276 7793601.4696, -12641000.7192 7793617.7281, -12641039.1987 7793601.8258, -12641052.7657 7793621.4157, -12641085.5008 7793560.0694, -12641176.9993 7793593.4743, -12641241.1257 7793662.459, -12641244.2136 7793682.8772, -12641294.1703 7793716.1192, -12641264.6945 7793769.54, -12641247.7151 7793785.6903, -12641223.0438 7793781.703, -12641225.5585 7793794.9016, -12641197.1599 7793812.7449, -12641201.0752 7793785.4051, -12641152.9621 7793785.6109, -12641148.6982 7793820.51299999, -12641115.5558 7793877.456, -12641041.789 7793908.4167, -12641024.9354 7793891.9168, -12640995.7739 7793900.2978, -12640985.9519 7793889.0584, -12641009.4887 7793856.4592, -12641063.9313 7793835.3849, -12641062.9213 7793811.7298, -12641001.6386 7793815.7523, -12640922.3944 7793777.6552, -12640857.6532 7793856.4209, -12640785.8489 7793836.8603, -12640624.9376 7793858.3486, -12640601.7782 7793836.914, -12640560.7157 7793834.8487, -12640528.2302 7793813.7105, -12640442.9682 7793947.9887, -12640323.8538 7793960.56139999, -12640212.9319 7793952.3379, -12640127.94 7793824.5625, -12640101.8891 7793812.2893, -12640145.4134 7793690.1874, -12640150.1398 7793605.33959999, -12640105.0038 7793528.2165, -12640101.0267 7793440.2556, -12640066.1487 7793430.7237, -12639966.9286 7793285.0769, -12639949.6456 7793272.9911, -12639886.352 7793362.4421, -12639821.6932 7793378.6352, -12639832.2593 7793431.5861, -12639734.8958 7793473.4422, -12639722.4589 7793508.3266, -12639743.3407 7793625.9425, -12639829.5045 7793560.9692, -12639875.0931 7793479.3687, -12639901.5164 7793474.0749, -12640012.493 7793479.3745, -12640077.8839 7793566.2746, -12640041.3984 7793632.3114, -12640054.2038 7793717.53369999, -12639987.4871 7793830.3523, -12640025.1022 7793848.73170001, -12640060.2934 7793843.6243, -12640080.1887 7793870.413, -12640076.267 7794054.8805, -12640148.3912 7794100.3609, -12640170.4632 7794162.3502, -12640187.8106 7794171.5086, -12640175.4991 7794200.5407, -12640215.8775 7794286.6088, -12640213.6748 7794337.506, -12640181.2178 7794344.2083, -12640180.3468 7794385.2032, -12640202.6064 7794438.4101, -12640189.6724 7794496.7258, -12640165.9816 7794510.8684, -12640162.3747 7794543.01699999, -12640141.6062 7794557.2219, -12640171.5758 7794660.3984, -12640224.1193 7794664.4487, -12640259.3309 7794647.6217, -12640381.3148 7794697.096, -12640379.8837 7794626.7539, -12640336.3567 7794611.1783, -12640334.926 7794540.8369, -12640262.3158 7794507.0637, -12640263.3107 7794460.2115, -12640315.7119 7794481.8355, -12640344.1272 7794382.8359, -12640307.3167 7794326.3904, -12640305.6376 7794267.7643, -12640337.7839 7794268.4495, -12640363.2775 7794307.0764, -12640390.0783 7794421.8993, -12640410.0385 7794445.7609, -12640407.864 7794548.2501, -12640432.1786 7794642.516, -12640440.328 7794809.6811, -12640421.5499 7794867.8756, -12640382.9965 7794893.42189999, -12640336.2968 7794889.4971, -12640301.4617 7794908.7678, -12640255.1642 7794843.8216, -12640029.1147 7794759.8966, -12639847.3543 7794782.3808, -12639846.4191 7794826.3064, -12639982.2236 7794902.4513, -12640004.9193 7794935.1632, -12640025.3157 7794938.5285, -12640043.9724 7794886.1915, -12640064.6175 7794877.843, -12640124.4987 7794949.4351, -12640140.7276 7795011.30650001, -12640069.4627 7795062.522, -12640008.5223 7795040.7123, -12639960.7229 7795042.6213, -12639932.0155 7795017.593, -12639897.2943 7795046.149, -12639930.5614 7795085.9239, -12640007.5656 7795131.5162, -12640011.1909 7795190.1904, -12640118.773 7795172.9547, -12640248.1155 7795175.7137, -12640245.1092 7795317.2602, -12640364.0977 7795324.6796, -12640681.6643 7795287.4912, -12640743.8544 7795342.5282, -12640767.1778 7795391.856, -12640855.792 7795349.79, -12640894.453 7795365.2609, -12640893.4205 7795414.071, -12640927.4168 7795419.67629999, -12640968.6586 7795313.1214, -12641007.3197 7795328.5915, -12641064.2284 7795403.047, -12641005.1529 7795431.093, -12640957.4913 7795610.7632, -12640893.0258 7795663.1114, -12640852.926 7795721.3999, -12640930.6561 7795727.3948, -12641009.8397 7795670.4749, -12641029.2229 7795675.7695, -12641028.5007 7795709.9381, -12641068.2985 7795671.7153, -12641171.0135 7795654.3601, -12641225.6309 7795606.6842, -12641304.2963 7795574.1676, -12641362.7541 7795575.4057, -12641413.9734 7795688.8076, -12641412.9441 7795737.62, -12641357.0914 7795843.8737, -12641465.2972 7795797.3296, -12641500.3244 7795754.11959999, -12641534.4258 7795754.841, -12641586.8227 7795813.524, -12641607.6353 7795779.4269, -12641598.1454 7795841.09440001, -12641608.903 7795883.956, -12641681.9559 7795906.15339999, -12641741.25 7795964.4795, -12641744.9987 7795989.80009999, -12641774.3458 7795990.6731, -12641829.491 7796025.9246, -12641826.7053 7796085.1889, -12641808.7509 7796117.649, -12641776.4059 7796131.1185, -12641775.2673 7796168.2251, -12641825.5107 7796191.8802, -12641828.6583 7796211.786, -12641848.6323 7796223.1935, -12641915.6607 7796201.0795, -12641957.2478 7796274.6592, -12641942.1649 7796370.6768, -12641896.8864 7796334.6612, -12641864.4233 7796335.9785, -12641840.3768 7796391.5565, -12641813.4934 7796403.1322, -12641767.2672 7796371.2316, -12641746.1973 7796385.4581, -12641701.2178 7796364.615, -12641617.987 7796360.8066, -12641573.1207 7796421.68729999, -12641533.4827 7796406.13620001, -12641495.9668 7796415.789, -12641436.0358 7796356.9313, -12641386.9465 7796427.6433, -12641423.3045 7796470.144, -12641420.199 7796542.0969, -12641475.2065 7796539.8974, -12641484.8559 7796521.9061, -12641513.1769 7796522.1856, -12641523.8767 7796530.9675, -12641501.7609 7796560.7565, -12641466.8969 7796572.725, -12641503.0467 7796591.0543, -12641546.3937 7796582.6707, -12641658.4429 7796498.3618, -12641708.0142 7796510.6422, -12641778.3653 7796488.9996, -12641900.5695 7796498.8003, -12641932.0595 7796519.80529999, -12642006.5435 7796518.0391, -12642047.3646 7796503.6629, -12642075.0904 7796474.5083, -12642119.9161 7796504.379, -12642115.3209 7796522.3635, -12642055.3459 7796553.3903, -12642065.1715 7796577.6228, -12642115.0099 7796582.5257, -12642089.2703 7796610.3342, -12642125.5864 7796639.7439, -12642232.4147 7796603.4784, -12642295.7026 7796606.5708, -12642415.2562 7796565.1902, -12642442.4661 7796574.1262, -12642451.509 7796609.2875, -12642402.5982 7796649.3671, -12642410.4259 7796682.3237, -12642521.5415 7796664.0505, -12642582.9599 7796687.25639999, -12642719.793 7796807.5649, -12642743.5605 7796891.697, -12642695.6184 7796835.8462, -12642672.9147 7796833.4283, -12642675.6572 7796809.5364, -12642613.7234 7796764.9218, -12642593.789 7796729.4884, -12642302.6884 7796732.0213, -12642273.4286 7796712.537, -12642293.9368 7796688.67450001, -12642284.8925 7796674.522, -12642233.4672 7796653.7141, -12642201.9096 7796684.9117, -12642198.9966 7796712.9696, -12642211.4506 7796727.1893, -12642258.0409 7796733.6744, -12642285.2177 7796825.3845, -12642238.2164 7796848.9289, -12642222.8545 7796900.9127, -12642365.1447 7796997.1539, -12642411.7025 7796972.715, -12642411.9198 7796952.5778, -12642391.3509 7796937.9176, -12642396.9018 7796924.5175, -12642505.9833 7796942.2552, -12642543.7914 7796974.0226, -12642579.262 7796983.1654, -12642640.9548 7797049.9408, -12642640.5163 7797104.2425, -12642686.5893 7797168.0066, -12642122.8843 7797792.0848, -12642058.9377 7797700.0071, -12641972.9702 7797615.1548, -12641955.4285 7797521.9772, -12642046.4199 7797367.592, -12641955.2741 7797297.3755, -12641836.6904 7797372.9354, -12641731.134 7797292.6429, -12641645.4851 7797193.0565, -12641494.7451 7797175.2153, -12641401.3435 7797212.3132, -12641373.8913 7797358.2644, -12641271.8751 7797341.45, -12641258.492 7797282.6415, -12641200.0209 7797281.4022, -12641187.0546 7797202.8886, -12641251.6343 7797145.6453, -12641320.6734 7797108.0336, -12641449.9311 7796988.6638, -12641446.3968 7796925.0942, -12641314.6371 7796932.0726, -12641232.7344 7796886.3794, -12641200.1742 7796812.4272, -12641314.6061 7796702.5182, -12641383.744 7796660.0261, -12641394.6208 7796606.5323, -12641277.1739 7796628.4647, -12641204.1943 7796622.0339, -12641088.2939 7796570.7365, -12640956.6433 7796572.8265, -12640899.5202 7796508.1222, -12640856.188 7796482.7821, -12640781.9701 7796534.9283, -12640777.8213 7796500.6527, -12640823.2199 7796428.3589, -12640814.9224 7796359.8085, -12640825.5962 7796316.081, -12640861.1461 7796248.4632, -12640799.981 7796144.6053, -12640747.2174 7796104.4144, -12640688.2386 7796127.5788, -12640744.6334 7796226.4523, -12640654.1467 7796356.3904, -12640564.7952 7796432.6312, -12640500.9412 7796455.6912, -12640465.0767 7796537.9544, -12640430.0398 7796581.1639, -12640347.11 7796584.2809, -12640293.8276 7796568.4933, -12640280.4553 7796509.6007, -12639881.7769 7796462.0191, -12639909.0464 7796325.8536, -12639911.1245 7796228.2222, -12639851.9474 7796031.6098, -12639909.277 7795857.0263, -12639802.5166 7795835.2103, -12639733.7938 7795858.1581, -12639624.3278 7795963.2538, -12639651.893 7796041.9816, -12639718.5376 7796116.6627, -12639717.2893 7796175.2405, -12639705.8811 7796253.1364, -12639680.3771 7796306.3123, -12639625.8491 7796349.0998, -12639564.1576 7796499.1794, -12639436.9632 7796520.874, -12639357.759 7796577.7838, -12639285.7205 7796527.3991, -12639203.4173 7796501.2134, -12639041.3861 7796556.3416, -12638963.6418 7796544.903, -12638983.966 7796506.2682, -12638985.9515 7796413.5166, -12638942.2082 7796407.6924, -12638897.1056 7796465.3295, -12638880.9211 7796538.2406, -12638903.9223 7796602.227, -12639138.1665 7796817.2752, -12639092.5409 7796899.3263, -12639153.0621 7797032.5002, -12639152.1225 7797076.4387, -12639182.2964 7797033.1278, -12639260.4633 7797025.0369, -12639308.6657 7797050.4923, -12639350.6403 7797139.3101, -12639354.4701 7797188.2358, -12639393.867 7797169.5431, -12639457.2093 7797170.9008, -12639470.2618 7797244.5346, -12639508.6118 7797306.1466, -12639413.8483 7797390.4388, -12639368.7364 7797505.4796, -12639349.6457 7797828.6805, -12639395.7682 7797951.7899, -12639309.7088 7797986.581, -12639170.7677 7797998.3844, -12638976.5556 7797990.9718, -12638911.8471 7798053.0845, -12638958.9048 7798132.2557, -12639049.9579 7798164.1904, -12639036.1026 7798238.63270001, -12639141.5761 7798253.4208, -12639169.2488 7798327.2912, -12639119.5766 7798370.1907, -12638998.6863 7798323.6275, -12638893.4123 7798316.9224, -12638857.3466 7798388.176, -12638517.4588 7798447.6412, -12638410.6814 7799102.9228, -12638523.0598 7799136.1062, -12638543.7678 7799168.864, -12638818.8883 7799420.0116, -12638792.2636 7799709.3877, -12638766.5102 7799804.454, -12638874.8177 7799993.8448, -12639002.2064 7800119.8522, -12639345.6346 7800650.6267, -12639441.4065 7801190.2243, -12639354.6307 7801549.8619, -12639023.2482 7802041.3979, -12638711.7004 7802413.579, -12638919.5903 7803317.0098, -12638571.0157 7803566.4888, -12638219.6933 7803568.6852, -12638054.1004 7803555.3295, -12637452.367 7803405.4191, -12637099.4803 7803488.7672, -12636928.1451 7803498.4703, -12636617.9216 7803789.1244, -12636620.8797 7804067.7407, -12636579.4635 7804280.8072, -12636573.5469 7804515.7336, -12636455.2154 7804772.5217, -12636363.5084 7805051.1742, -12636381.2581 7805215.09229999, -12636269.8386 7805214.0283, -12636276.3847 7805201.2264, -12636235.7349 7805184.7441, -12636228.4526 7805130.3773, -12636211.5796 7805123.2508, -12636096.7359 7805196.591, -12636059.6456 7805191.1396, -12636023.0085 7805123.8278, -12635995.0201 7805107.868, -12635945.6693 7805128.852, -12635894.4963 7805245.7107, -12635754.0309 7805285.7337, -12635675.6184 7805210.469, -12635681.8388 7805149.5077, -12635634.3497 7805130.8381, -12635615.6406 7805156.45229999, -12635545.51 7805151.1597, -12635544.8265 7805134.6539, -12635569.4887 7805134.3717, -12635567.3754 7805119.4686, -12635600.717 7805102.5102, -12635631.238 7805038.7192, -12635730.5591 7805075.0645, -12635768.3367 7805106.2302, -12635785.848 7805084.0976, -12635839.4628 7805095.4569, -12635858.8361 7805077.9653, -12635864.9774 7805034.1373, -12635846.2962 7804961.309, -12635866.6386 7804924.9801, -12635858.2711 7804866.3412, -12635875.8125 7804834.1088, -12635860.5814 7804800.5981, -12635888.4591 7804774.9446, -12635870.1906 7804746.3183, -12635806.7845 7804729.6877, -12635775.8787 7804697.5286, -12635795.0715 7804668.3568, -12635829.645 7804685.76519999, -12635850.6715 7804676.0602, -12635838.9147 7804642.8874, -12635867.3542 7804651.2632, -12635898.9535 7804581.0523, -12635879.1089 7804550.7874, -12635805.9086 7804568.4711, -12635773.1029 7804559.1959, -12635797.537 7804543.3258, -12635815.6298 7804496.9629, -12635880.511 7804512.3596, -12635916.7438 7804474.3667, -12635929.3915 7804482.4274, -12635924.1156 7804453.2078, -12635904.4597 7804449.0373, -12635885.9636 7804402.1805, -12635846.603 7804413.2416, -12635819.4474 7804358.29299999, -12635801.493 7804350.6902, -12635783.6681 7804354.1421, -12635746.1507 7804400.20149999, -12635733.7771 7804462.0978, -12635697.1471 7804440.6517, -12635671.4276 7804443.9567, -12635627.843 7804411.4135, -12635590.9806 7804409.6961, -12635576.2478 7804358.0525, -12635501.6066 7804338.1119, -12635493.2188 7804277.5835, -12635440.3479 7804206.2038, -12635391.3549 7804243.2887, -12635369.1241 7804323.0079, -12635325.018 7804342.9424, -12635305.2275 7804370.8285, -12635318.1634 7804405.2753, -12635304.684 7804464.8139, -12635312.7664 7804567.487, -12635368.2965 7804672.5665, -12635362.9274 7804742.8307, -12635381.8921 7804787.8153, -12635375.6997 7804828.1329, -12635316.2102 7804938.125, -12635303.1213 7805021.3945, -12635318.2394 7805024.9505, -12635326.2764 7805007.8049, -12635392.5733 7804982.847, -12635379.495 7805015.5313, -12635395.1313 7805042.8157, -12635444.0232 7805061.2877, -12635423.5645 7805067.9936, -12635411.8855 7805096.4133, -12635356.4863 7805118.5379, -12635343.0098 7805180.8875, -12635318.7649 7805198.3052, -12635328.6353 7805237.8636, -12635381.0188 7805252.9331, -12635406.5406 7805276.3748, -12635428.6978 7805273.7712, -12635398.3759 7805306.0027, -12635398.1022 7805331.3737, -12635330.4345 7805335.9691, -12635307.8883 7805402.033, -12635326.6463 7805442.7336, -12635381.193 7805434.7669, -12635435.6222 7805471.1067, -12635470.0694 7805442.9568, -12635534.376 7805448.0857, -12635534.6387 7805460.1788, -12635514.1443 7805498.8881, -12635475.4243 7805527.1175, -12635437.192 7805522.7117, -12635377.6229 7805487.5928, -12635314.063 7805481.1741, -12635309.3421 7805508.3068, -12635340.6344 7805537.7707, -12635328.8616 7805553.2874, -12635296.7872 7805545.2908, -12635262.9502 7805499.6953, -12635280.4484 7805392.5998, -12635258.4279 7805356.4177, -12635211.5747 7805343.165, -12635224.0913 7805290.35859999, -12635283.9344 7805255.6386, -12635298.9721 7805221.0753, -12635291.1207 7805192.8688, -12635264.7016 7805178.9885, -12635184.72 7805238.8985, -12635120.7997 7805213.0346, -12635072.6977 7805095.8405, -12634897.2273 7805013.3607, -12634820.5566 7804933.9469, -12634776.3238 7804825.1279, -12634692.3833 7804747.3986, -12634664.2447 7804741.3328, -12634647.9593 7804719.8067, -12634656.0999 7804714.3838, -12634590.3974 7804661.4547, -12634491.1658 7804644.6613, -12634409.9946 7804688.0785, -12634358.2885 7804692.864, -12634329.3049 7804666.432, -12634324.8013 7804632.142, -12634340.9465 7804605.3041, -12634328.6338 7804552.4802, -12634286.6291 7804553.3177, -12634234.078 7804528.8053, -12634211.8325 7804540.2536, -12634171.6793 7804533.0587, -12634131.9727 7804556.1787, -12634108.8143 7804594.1219, -12634260.2753 7804705.666, -12634265.0548 7804742.9931, -12634225.8057 7804747.5482, -12634233.788 7804722.5743, -12634168.5359 7804642.0022, -12634100.6292 7804615.8627, -12634071.0931 7804588.8039, -12634020.8128 7804628.9032, -12634023.1286 7804652.5388, -12633994.258 7804639.2684, -12633968.7763 7804645.5442, -12633968.0935 7804680.7764, -12633948.3165 7804668.8831, -12633908.2716 7804673.70759999, -12633916.3552 7804700.0662, -12633900.3744 7804727.4006, -12633928.7442 7804755.583, -12633913.6504 7804757.0303, -12633894.2517 7804747.0884, -12633893.4205 7804729.101, -12633850.5149 7804675.5885, -12633777.1046 7804651.5381, -12633761.0671 7804658.3365, -12633746.4672 7804618.1238, -12633690.7687 7804591.6012, -12633751.9161 7804635.5556, -12633755.2486 7804658.5123, -12633854.0672 7804690.9312, -12633891.6164 7804742.1514, -12633885.0703 7804783.1981, -12633929.1512 7804829.2895, -12633939.1447 7804876.8203, -12633971.7656 7804890.3738, -12634007.3902 7804938.5648, -12633968.9616 7804952.3384, -12633968.9241 7804980.0287, -12633883.5824 7804997.3589, -12633756.9013 7804933.4311, -12633618.2192 7804706.95660001, -12633434.8052 7804706.95660001, -12633150.8101 7804510.2685, -12632994.0209 7804253.489, -12632689.3177 7804177.0031, -12632437.8633 7803980.3286, -12632269.241 7803974.8655, -12632239.6581 7803914.7715, -12632275.1577 7803603.3838, -12632210.0757 7803423.1124, -12632230.7837 7803171.8324, -12632201.2009 7802980.6465, -12632097.661 7802794.9277, -12631926.0804 7802636.5242, -12631624.3353 7802478.1237, -12631591.7942 7802445.3516, -12631603.6276 7802030.2512, -12631251.5917 7801620.6347, -12631115.5106 7801609.7119, -12630858.1397 7801516.8686, -12630831.5152 7801462.2554, -12630864.0564 7801314.8022, -12631160.2825 7801003.721, -12631162.8255 7800890.4033, -12631001.8142 7800816.7274, -12630973.5133 7800741.3996, -12630956.9953 7800732.3654, -12630960.7001 7800629.3487, -12630915.6157 7800602.4918, -12630894.8213 7800617.2868, -12630895.1774 7800603.5192, -12630856.1043 7800590.1012, -12630867.4143 7800546.95, -12630899.9197 7800585.108, -12630961.4682 7800588.9094, -12630967.5351 7800601.1767, -12630995.7212 7800570.4366, -12630933.4713 7800541.4429, -12630943.7461 7800517.7715, -12630896.8251 7800490.6891, -12630899.9531 7800506.8605, -12630886.0159 7800503.6551, -12630879.693 7800476.696, -12630841.4992 7800513.6414, -12630850.2711 7800552.313, -12630840.7423 7800562.1556, -12630762.3844 7800596.4302, -12630758.0096 7800518.4495, -12630782.3217 7800491.9837, -12630835.1205 7800477.3947, -12630851.2842 7800419.963, -12630785.0825 7800469.03149999, -12630774.0396 7800431.6138, -12630722.7214 7800364.1349, -12630722.5654 7800335.9022, -12630786.1956 7800295.0949, -12630785.1159 7800309.25199999, -12630825.8476 7800345.8885, -12630880.2384 7800341.9639, -12630995.0088 7800413.8193, -12631022.9388 7800410.1413, -12631040.8612 7800430.833, -12631118.8516 7800424.3809, -12631136.9634 7800461.737, -12631164.1365 7800468.3741, -12631180.1887 7800492.4151, -12631220.6978 7800484.0727, -12631242.7058 7800500.2234, -12631267.4187 7800485.5933, -12631266.1384 7800333.642, -12631277.6045 7800307.937, -12631329.4013 7800287.4923, -12631345.1197 7800222.2953, -12631319.1488 7800161.3112, -12631385.651 7800137.3121, -12631385.0166 7800107.5805, -12631421.1731 7800101.58079999, -12631460.2796 7800053.5215, -12631442.6578 7800001.8464, -12631443.1254 7799846.4943, -12631384.8496 7799781.5476, -12631259.7932 7799721.7587, -12631188.1258 7799727.1005, -12631126.3546 7799789.3345, -12631097.9237 7799883.2311, -12631069.4147 7799883.66260001, -12631029.0614 7799822.8455, -12630978.4666 7799799.7925, -12631039.6145 7799652.704, -12631026.2561 7799570.76780001, -12631038.5792 7799485.792, -12631003.7918 7799466.82859999, -12630978.5 7799413.9452, -12631005.9181 7799335.1345, -12630927.46 7799242.9295, -12630869.3848 7799203.2168, -12630787.3979 7799080.0327, -12630746.41 7799079.5395, -12630715.2294 7799055.4001, -12630671.9484 7799060.9676, -12630658.0892 7799085.08649999, -12630635.0795 7799101.2342, -12630653.603 7799081.4707, -12630579.4309 7798982.0578, -12630575.4012 7798940.477, -12630516.0567 7798916.6666, -12630518.3275 7798944.0926, -12630470.6382 7798993.1105, -12630435.4168 7799080.1353, -12630389.8982 7799078.9848, -12630385.6013 7799122.2922, -12630368.9924 7799118.1833, -12630360.3764 7799193.8896, -12630345.9605 7799200.279, -12630357.638 7799209.5034, -12630347.0849 7799218.1732, -12630354.1646 7799236.9099, -12630337.6449 7799242.95, -12630322.8616 7799341.9145, -12630295.0764 7799337.8464, -12630277.5434 7799359.7884, -12630265.2873 7799488.0314, -12630252.5523 7799483.2032, -12630202.4697 7799609.3113, -12630164.0421 7799619.83070001, -12630156.8843 7799648.9851, -12630140.7987 7799629.1586, -12630142.8357 7799642.5749, -12630085.5508 7799561.8511, -12630078.5933 7799493.0445, -12630016.0652 7799462.699, -12630001.8607 7799485.4015, -12630012.592 7799494.9141, -12630002.4284 7799536.1075, -12629988.1796 7799546.9557, -12629979.4855 7799516.7126, -12629952.5128 7799510.8367, -12629920.6643 7799538.3059, -12629930.7053 7799562.4058, -12629905.8588 7799610.7702, -12629891.8659 7799610.1948, -12629866.3181 7799645.3075, -12629787.6932 7799537.9155, -12629610.172 7799479.6899, -12629584.5907 7799428.4091, -12629593.0512 7799417.3968, -12629547.2432 7799369.65, -12629558.3305 7799330.2448, -12629533.0833 7799297.2908, -12629462.4065 7799303.5572, -12629433.0739 7799331.4159, -12629386.2864 7799301.9135, -12629397.0398 7799275.6983, -12629386.2529 7799263.6387, -12629318.1809 7799242.19, -12629236.3834 7799254.4961, -12629073.2447 7799181.7271, -12629030.0193 7799183.987, -12628986.9943 7799166.6476, -12628924.8448 7799091.16749999, -12628950.7042 7799044.8199, -12629005.6849 7799037.03369999, -12628966.4447 7798952.8033, -12628937.2235 7798947.5852, -12628842.9247 7798844.5378, -12628793.6213 7798820.2554, -12628740.3994 7798819.7418, -12628692.4318 7798790.5289, -12628670.5353 7798852.18, -12628688.2575 7798869.1081, -12628701.4933 7798924.2062, -12628668.2756 7798980.9486, -12628616.089 7798982.9618, -12628592.4113 7798969.9985, -12628557.2566 7799009.2376, -12628437.4101 7798987.8101, -12628397.8137 7798997.8151, -12628387.0268 7798989.6591, -12628391.4796 7798946.7839, -12628501.9977 7798827.1786, -12628515.0553 7798776.4567, -12628502.5542 7798768.4859, -12628447.5624 7798778.3878, -12628411.3724 7798814.955, -12628390.9119 7798792.3368, -12628362.6924 7798788.5361, -12628321.7601 7798735.0003, -12628197.4608 7798726.4543, -12628161.3265 7798802.2592, -12628125.0364 7798841.7643, -12628058.8236 7798821.4879, -12628005.7019 7798782.4964, -12627943.4854 7798810.6203, -12627921.767 7798777.5661, -12627877.0723 7798807.2719, -12627963.7122 7798918.228, -12627958.4246 7798947.051, -12627892.401 7798904.135, -12627895.7184 7798889.4256, -12627859.328 7798847.3933, -12627774.7474 7798834.2249, -12627713.3102 7798863.1092, -12627644.9377 7798861.1781, -12627628.2844 7798811.0724, -12627591.1347 7798776.3322, -12627590.5874 7798747.0067, -12627616.3038 7798715.2319, -12627602.8606 7798716.7549, -12627580.2038 7798747.9892, -12627536.6504 7798919.8129, -12627484.2412 7798946.0884, -12627460.218 7799000.1447, -12627435.7768 7798999.4663, -12627419.2486 7799020.8861, -12627363.1563 7799000.1235, -12627329.2801 7799019.3863, -12627318.3489 7799165.9751, -12627258.1756 7799157.6376, -12627163.4797 7799113.4772, -12627153.6139 7799157.776, -12627109.5307 7799136.8396, -12627099.6778 7799104.0888, -12627059.4334 7799063.53589999, -12627048.9032 7799006.5569, -12627008.8922 7798962.7724, -12626937.7527 7798985.4948, -12626912.4528 7799041.10589999, -12626885.0404 7799038.5743, -12626877.065 7799016.8194, -12626930.7964 7798926.8165, -12627012.8766 7798917.4936, -12627157.017 7798848.171, -12627174.6689 7798822.5507, -12627159.9867 7798797.7244, -12627008.56 7798763.4359, -12627016.9553 7798705.7763, -12626973.9662 7798710.2123, -12626942.1968 7798758.8143, -12626954.1804 7798831.3964, -12626945.1164 7798843.8896, -12626864.4754 7798873.2952, -12626851.1446 7798859.3077, -12626790.0413 7798887.2096, -12626648.6024 7798888.8258, -12626647.8114 7798901.9986, -12626613.4844 7798910.4874, -12626600.5216 7798859.3775, -12626565.8579 7798819.0029, -12626547.3464 7798860.5903, -12626559.2856 7798892.6226, -12626532.7028 7798924.7409, -12626487.712 7798867.0271, -12626446.1874 7798870.463, -12626424.8063 7798825.0208, -12626400.0088 7798822.0038, -12626412.2678 7798797.8601, -12626396.6278 7798748.7408, -12626432.0304 7798735.8811, -12626416.9654 7798712.5706, -12626372.8333 7798702.2663, -12626365.8951 7798685.9836, -12626435.6799 7798662.1954, -12626475.1011 7798623.0475, -12626464.6777 7798567.6013, -12626431.8414 7798532.6436, -12626385.7302 7798544.7664, -12626379.8796 7798523.624, -12626359.9449 7798521.208, -12626366.1531 7798505.7189, -12626309.9748 7798489.273, -12626281.6267 7798450.0222, -12626212.8092 7798495.3263, -12626200.7468 7798553.1822, -12626171.7377 7798479.2296, -12626199.9376 7798419.3058, -12626194.6988 7798392.80390001, -12626175.2857 7798388.9341, -12626138.2645 7798408.5937, -12626129.9038 7798432.8262, -12626035.8699 7798472.1698, -12626015.4469 7798575.2651, -12625989.4838 7798580.525, -12625990.3061 7798523.874, -12625955.0486 7798509.3765, -12625940.1323 7798479.7183, -12625899.4263 7798490.0093, -12625894.7211 7798461.5653, -12625868.9407 7798480.0192, -12625832.3514 7798533.6407, -12625762.2412 7798718.8787, -12625817.9478 7798787.3485, -12625841.3498 7798776.8999, -12625849.2848 7798802.7332, -12625852.6893 7798866.3244, -12625829.6542 7798860.9036, -12625827.8391 7798833.9909, -12625780.353 7798831.6663, -12625796.5935 7798919.9837, -12625858.1917 7798944.6216, -12625861.165 7798921.4839, -12625895.4196 7798916.1725, -12625909.4183 7798943.3685, -12625879.4158 7798975.6497, -12625871.1776 7799045.203, -12625754.454 7799069.3512, -12625798.7289 7799080.5269, -12625815.4596 7799116.0929, -12625901.5841 7799123.9563, -12625996.6621 7799250.7508, -12626034.8729 7799179.8165, -12626055.477 7799174.4317, -12626059.4231 7799193.5778, -12625975.86 7799327.9527, -12626070.9014 7799393.1861, -12626173.1463 7799399.955, -12626220.1438 7799455.2783, -12626225.0451 7799496.4338, -12626168.3007 7799546.421, -12626170.4395 7799517.1547, -12626136.0256 7799487.0409, -12626113.6812 7799441.0834, -12626075.3279 7799454.8514, -12626079.1323 7799416.8295, -12625960.9682 7799339.33299999, -12625934.5492 7799343.117, -12625895.3489 7799393.5085, -12625931.4999 7799474.9657, -12625879.6869 7799564.6417, -12625928.2826 7799572.4275, -12625925.2715 7799618.2863, -12625963.0647 7799670.9559, -12626124.9476 7799713.8012, -12626168.8346 7799713.8417, -12626189.1872 7799677.1793, -12626205.4651 7799690.2606, -12626225.3538 7799758.15, -12626224.5419 7799793.3113, -12626183.8994 7799821.686, -12626163.6949 7799767.4698, -12626124.9296 7799756.7985, -12626110.123 7799722.2523, -12626074.4628 7799703.835, -12626058.3699 7799724.9604, -12626082.7074 7799748.0013, -12626057.1601 7799756.2036, -12626062.7964 7799786.6285, -12626011.1484 7799826.9623, -12626014.2892 7799838.762, -12626000.166 7799837.9457, -12625981.8709 7799827.7486, -12625968.3427 7799759.0283, -12625870.0375 7799750.3935, -12625824.6598 7799667.253, -12625773.6531 7799637.7285, -12625758.6122 7799634.4473, -12625748.764 7799659.626, -12625727.6133 7799646.4305, -12625685.4283 7799678.1864, -12625677.401 7799624.7417, -12625594.0261 7799645.2783, -12625559.9769 7799620.5444, -12625590.7682 7799512.3027, -12625616.8696 7799480.1739, -12625706.1238 7799437.2989, -12625765.36 7799321.9029, -12625798.1924 7799293.8395, -12625835.9592 7799326.4749, -12625890.2159 7799341.9043, -12625913.9367 7799328.2861, -12625910.6686 7799279.8403, -12625821.7975 7799243.0869, -12625694.1068 7799106.066, -12625643.286 7799089.2357, -12625609.1422 7798990.2781, -12625567.1633 7798992.2329, -12625549.3688 7798960.5507, -12625593.6574 7798900.9996, -12625563.8729 7798881.7415, -12625569.9471 7798872.1116, -12625606.1679 7798866.1146, -12625644.4757 7798896.319, -12625658.234 7798891.7534, -12625653.9469 7798824.233, -12625645.9668 7798789.8486, -12625605.0315 7798788.8965, -12625582.0699 7798769.7974, -12625533.066 7798780.3824, -12625539.9778 7798734.6197, -12625511.8927 7798709.5603, -12625512.5182 7798672.0469, -12625430.6002 7798619.9182, -12625467.4225 7798525.5206, -12625500.1509 7798501.8558, -12625505.8841 7798464.8607, -12625462.2307 7798455.051, -12625432.5395 7798473.9011, -12625422.521 7798443.3789, -12625378.5049 7798407.1797, -12625313.3654 7798398.8228, -12625287.0286 7798357.1731, -12625238.6393 7798341.3896, -12625202.0589 7798278.9831, -12625150.1793 7798287.5438, -12625144.6713 7798314.7725, -12625201.3781 7798350.2915, -12625210.5798 7798373.9551, -12625185.29 7798397.2425, -12625079.1913 7798363.0744, -12625087.6008 7798336.8903, -12625036.0157 7798332.7556, -12625024.6839 7798316.8584, -12625005.1028 7798278.2968, -12625044.5627 7798258.7, -12625081.1453 7798195.0694, -12625113.5556 7798185.0781, -12625143.6507 7798123.6415, -12625160.9934 7798115.839, -12625162.9785 7798131.1267, -12625185.4705 7798136.7317, -12625189.1333 7798113.3686, -12625128.3118 7798112.3411, -12625054.17 7798197.762, -12624970.8783 7798089.518, -12624922.931 7798071.5938, -12624913.952 7798038.4101, -12624871.0314 7798049.6203, -12624833.921 7798020.6644, -12624766.5169 7798023.3639, -12624788.3554 7798080.0523, -12624849.0632 7798142.5343, -12624891.2744 7798161.8395, -12624926.8554 7798204.194, -12624962.2686 7798201.3569, -12624941.8761 7798243.7896, -12624892.3038 7798248.5748, -12624846.5242 7798199.2647, -12624825.8556 7798223.2074, -12624819.2943 7798269.4633, -12624796.0627 7798272.5844, -12624771.7001 7798245.7572, -12624773.4601 7798196.3361, -12624736.3492 7798167.3791, -12624684.1368 7798158.8308, -12624678.4154 7798142.8204, -12624708.1213 7798123.3639, -12624755.5581 7798153.7834, -12624779.2957 7798093.7851, -12624770.4805 7798062.5369, -12624668.9343 7798026.5781, -12624639.6553 7798027.7253, -12624591.3498 7798060.7908, -12624559.3949 7798045.9986, -12624554.9514 7798001.3186, -12624610.9261 7797900.654, -12624556.6635 7797875.5705, -12624506.7671 7797820.058, -12624400.5636 7797801.0849, -12624415.0022 7797756.8485, -12624380.505 7797694.3694, -12624397.1949 7797658.1242, -12624388.9813 7797644.4987, -12624289.1204 7797667.1938, -12624290.9016 7797695.3233, -12624320.5462 7797704.5664, -12624335.5241 7797767.8098, -12624349.5043 7797769.3584, -12624341.6117 7797794.2085, -12624326.0084 7797778.3824, -12624320.5067 7797788.5117, -12624369.8675 7797841.8389, -12624354.8549 7797845.88359999, -12624319.2657 7797816.6197, -12624306.1694 7797776.159, -12624275.6586 7797754.9274, -12624198.574 7797648.7805, -12624152.2517 7797615.7478, -12624088.5357 7797601.0644, -12624072.0265 7797569.0238, -12624021.8437 7797576.0527, -12624006.3515 7797563.0864, -12624006.0154 7797539.9248, -12624030.7204 7797509.1447, -12624016.8612 7797488.8899, -12623846.9236 7797476.1071, -12623841.6567 7797501.1884, -12623803.4583 7797483.5853, -12623781.6466 7797490.6929, -12623800.7817 7797472.9713, -12623793.7473 7797461.0828, -12623746.1506 7797457.6195, -12623726.9882 7797476.5126, -12623705.7073 7797448.4625, -12623685.8899 7797445.359, -12623697.1994 7797462.0374, -12623689.4174 7797482.077, -12623672.7731 7797455.8944, -12623628.0147 7797468.6166, -12623598.897 7797525.3759, -12623618.5746 7797546.9408, -12623610.9982 7797558.1927, -12623597.2197 7797547.0246, -12623556.898 7797570.1088, -12623547.111 7797525.9159, -12623567.6917 7797521.4177, -12623582.8884 7797484.5538, -12623567.8128 7797412.2478, -12623511.7882 7797381.5239, -12623473.7552 7797406.8103, -12623418.3633 7797357.4412, -12623289.8403 7797300.0969, -12623278.6507 7797245.126, -12623247.2669 7797252.9832, -12623212.829 7797125.17409999, -12623213.0462 7797091.0123, -12623239.8858 7797089.8133, -12623274.0118 7797063.7532, -12623268.5377 7797037.3704, -12623236.7187 7797017.0829, -12623215.2601 7797022.6825, -12623205.2652 7797007.183, -12623214.5437 7797001.2963, -12623127.4991 7796970.4259, -12623118.7226 7796978.8155, -12623114.408 7796946.6722, -12623082.4617 7796928.7256, -12623093.9256 7796905.5513, -12623170.1118 7796932.7466, -12623166.1777 7796901.0034, -12623196.7577 7796877.4982, -12623246.3349 7796891.9523, -12623240.8092 7796811.7197, -12623294.4395 7796819.6262, -12623315.9438 7796767.383, -12623340.0443 7796770.6859, -12623338.7688 7796725.3301, -12623281.1863 7796686.46280001, -12623233.4309 7796677.5226, -12623215.1816 7796657.5556, -12623116.6314 7796619.675, -12623086.8866 7796640.8544, -12623034.1751 7796627.1071, -12623038.6233 7796603.7682, -12622965.3404 7796519.5946, -12622928.8611 7796512.0911, -12622844.827 7796553.477, -12622889.8477 7796605.0667, -12622883.7391 7796709.3217, -12622856.5097 7796649.4577, -12622834.3074 7796671.1563, -12622811.8292 7796652.798, -12622804.7042 7796665.5727, -12622753.7975 7796643.1809, -12622656.8978 7796639.1231, -12622614.3915 7796581.2175, -12622569.0652 7796601.63539999, -12622482.2556 7796603.4883, -12622460.2539 7796616.643, -12622433.8102 7796601.1203, -12622414.4894 7796655.6096, -12622377.6644 7796650.1351, -12622370.8498 7796676.7992, -12622331.4145 7796695.4017, -12622253.062 7796710.6399, -12622217.9139 7796702.4803, -12622168.6782 7796733.5487, -12622133.5174 7796715.6201, -12622096.7045 7796746.9828, -12622068.0737 7796679.634, -12622067.9761 7796642.512, -12622077.9043 7796634.9327, -12622087.3996 7796686.9304, -12622111.851 7796683.603, -12622133.1198 7796649.9183, -12622099.5653 7796584.6515, -12622102.1083 7796518.2879, -12622081.0649 7796501.1827, -12622086.5541 7796433.913, -12621980.7675 7796413.8199, -12621883.225 7796251.3095, -12621886.0973 7796212.3064, -12621918.2679 7796171.069, -12621985.6608 7796206.8562, -12622049.3827 7796191.7632, -12622035.5296 7796159.201, -12622049.0031 7796125.3337, -12622036.4474 7796079.1279, -12622020.3692 7796058.2342, -12621994.8993 7796063.4903, -12622003.9679 7796051.0078, -12621993.0612 7796017.5392, -12621929.2996 7795921.70409999, -12621956.378 7795889.6262, -12621944.3245 7795863.4564, -12621852.1489 7795824.64, -12621864.0299 7795755.0863, -12621818.945 7795724.2254, -12621800.342 7795727.6903, -12621782.3802 7795765.8439, -12621770.0154 7795752.8526, -12621779.3575 7795687.6347, -12621747.6565 7795647.3245, -12621695.707 7795618.2535, -12621668.3841 7795640.0681, -12621638.3449 7795632.5168, -12621624.3151 7795525.2347, -12621496.0767 7795486.5343, -12621488.9216 7795500.5262, -12621448.6738 7795508.6542, -12621437.7746 7795478.798, -12621389.5514 7795477.6498, -12621340.6892 7795441.8138, -12621325.7867 7795453.6673, -12621322.9561 7795429.1828, -12621257.0807 7795391.4761, -12621258.6227 7795367.5843, -12621212.4861 7795278.5846, -12621156.9346 7795278.2367, -12621142.2406 7795260.7949, -12621104.6767 7795262.3406, -12621077.8521 7795242.656, -12621048.4665 7795255.3034, -12621010.0086 7795135.2542, -12620663.8892 7795015.2067, -12620589.9319 7795118.8838, -12620297.0619 7795064.3165, -12620326.6449 7794911.5309, -12619965.7341 7794387.7172, -12619803.0284 7794371.3486, -12619643.2809 7794431.3669, -12619418.4511 7794453.1918, -12619084.1649 7794365.8921, -12619066.4153 7794065.8077, -12618927.3759 7793760.2797, -12618809.0446 7793542.0526, -12618868.2104 7793372.9311, -12618708.4631 7793154.7152, -12618711.4213 7793138.3495, -12619042.7495 7793138.3496, -12619332.6615 7792991.0581, -12619587.0743 7792794.6736, -12619723.1553 7792898.3203, -12619965.7348 7792996.5135, -12620063.3584 7792652.8436, -12620063.3584 7792614.6591, -12620300.021 7792783.7638, -12620581.0581 7792865.5901, -12620924.2195 7792816.4945, -12621045.5091 7792854.68, -12621359.0874 7792745.579, -12621373.879 7792516.4715, -12621521.7935 7792451.0137, -12621690.4158 7792221.9152, -12621983.2862 7792232.8247, -12622163.7415 7792183.7329, -12622415.1958 7792178.2786, -12622403.363 7791818.2825, -12622622.2759 7791992.824, -12622959.5206 7791981.9153, -12623036.4361 7791954.6429, -12623332.2647 7792096.4603, -12623480.1789 7792151.006, -12623687.2589 7792352.8288, -12623986.0458 7792063.7333, -12624057.0447 7792129.1879, -12624382.4562 7791971.0071, -12624400.206 7791894.6448, -12624500.7878 7791889.1905, -12624778.8665 7791703.7432, -12624897.1981 7791567.3876, -12625012.5714 7791491.0295, -12625101.32 7791261.9599, -12624956.364 7790978.3596, -12624991.8636 7790634.7809, -12625287.6923 7790585.6998, -12625565.7713 7790345.751, -12625607.1876 7790247.5923, -12625648.6034 7790209.4199, -12625811.3093 7790220.3265, -12626195.8863 7790422.0979, -12626343.8005 7790476.6317, -12626621.8795 7790351.2048, -12626607.0881 7790165.7948, -12626536.0892 7790067.6385, -12626521.2979 7789953.1241, -12626468.0488 7789800.4412, -12626465.0906 7789702.2897, -12626666.2542 7789424.2004, -12626781.6275 7789195.1932, -12626755.003 7788895.3132, -12627012.3737 7789151.5736, -12627157.3299 7788998.9069, -12627420.6175 7788878.9568, -12627571.4899 7788873.5044, -12627692.7797 7789009.8119, -12627926.4841 7789091.5973, -12628106.9397 7788966.1936, -12627970.8587 7788677.2268, -12627793.3615 7788530.0214, -12627760.8204 7788470.0497, -12627926.4846 7788251.9748, -12627932.4013 7788023.0029, -12628077.3574 7787903.0682, -12628189.7723 7787875.8106, -12628216.397 7787505.116, -12627902.8188 7787341.58, -12627642.4895 7787532.3721, -12627568.5323 7787603.2389, -12627432.4509 7787804.9408, -12627246.079 7787854.004, -12627198.7464 7787881.2615, -12627006.4577 7788142.9393, -12626947.292 7788159.2945, -12626937.7499 7788150.1545), (-12627278.3697 7775786.6422, -12626833.5484 7776105.1793, -12626416.0689 7776290.3792, -12626691.8151 7776455.0646, -12626980.28 7776595.6801, -12627211.5116 7777112.5134, -12627313.316 7777443.7, -12627211.6573 7777636.2371, -12626988.4966 7777825.978, -12626657.0958 7777964.4956, -12626607.0956 7778024.2434, -12626259.5194 7777809.1382, -12625722.6432 7777370.3941, -12625463.8267 7776999.0019, -12625279.0499 7776580.6288, -12625089.4913 7776369.1856, -12624871.9726 7776315.4022, -12624699.6481 7776408.8036, -12624617.7007 7776796.5974, -12624602.9696 7777429.5709, -12624827.8566 7777690.6005, -12625167.1907 7777735.0525, -12625456.5213 7777839.2282, -12626151.0882 7778293.8531, -12626571.5875 7778510.6624, -12627398.6759 7778493.1859, -12627997.5977 7778884.5678, -12628827.194 7779293.3697, -12629117.1872 7779373.0751, -12629248.654 7779473.5301, -12629513.8024 7779577.0228, -12629742.2246 7779691.8573, -12629732.0409 7780142.4175, -12629825.1423 7780327.2906, -12629880.3581 7780036.1274, -12630445.0757 7779257.0084, -12630718.3299 7778459.1768, -12630439.6825 7778416.3416, -12630163.7832 7778251.7488, -12629924.6215 7778075.8013, -12629651.4985 7777789.4573, -12629415.9462 7777455.2493, -12628595.3784 7776657.0962, -12628420.3668 7776336.466, -12628165.6157 7775782.6533, -12627874.1012 7775775.9736, -12627632.5648 7775709.5461, -12627278.3697 7775786.6422), (-12636325.383 7763109.6382, -12636203.8426 7763280.0788, -12636090.6027 7763536.6268, -12636021.8853 7763655.4153, -12635931.3307 7763754.9696, -12635723.1596 7763910.1058, -12635648.5708 7764017.4087, -12635629.1 7764082.3721, -12635627.2036 7764227.3661, -12635718.3257 7764815.5937, -12635714.7603 7764885.0729, -12635668.2715 7765015.8397, -12635624.7365 7765074.2477, -12635510.6135 7765163.5112, -12635141.1107 7765295.0624, -12634933.9617 7765397.2784, -12634813.9623 7765490.0339, -12634724.4325 7765605.4206, -12634693.0141 7765671.1278, -12634662.3974 7765809.6589, -12634671.8064 7765951.0103, -12634726.0537 7766223.0628, -12634730.8002 7766360.407, -12634695.2257 7766490.6127, -12634657.4258 7766548.8543, -12634609.7446 7766599.7866, -12634489.6533 7766673.8891, -12633936.0782 7766847.648, -12633595.1638 7766970.4305, -12633306.7971 7767033.7821, -12633008.8986 7767024.1046, -12632791.5347 7766962.0201, -12632371.0436 7766762.5388, -12632220.5446 7766732.5565, -12632069.8887 7766740.7361, -12631925.8878 7766780.5487, -12631465.5065 7766972.3948, -12631338.3762 7767009.5354, -12631204.7352 7767011.0541, -12631139.7408 7766992.9991, -12631030.7059 7766914.2068, -12630992.5022 7766854.8924, -12630972.0666 7766786.7458, -12630970.9697 7766714.1869, -12630993.5892 7766626.0432, -12630807.8007 7766559.3851, -12630795.2071 7766471.5336, -12630876.9129 7766400.4022, -12631226.589 7766386.3791, -12631397.9934 7766319.128, -12632004.9648 7766161.0775, -12632212.8256 7766069.9273, -12632273.4475 7766025.7515, -12632366.2745 7765910.8339, -12632397.0327 7765844.6279, -12632426.285 7765698.136, -12632422.9853 7765475.6643, -12632390.6809 7765333.3392, -12632360.3211 7765265.3903, -12632264.8364 7765154.7095, -12632132.6352 7765086.4803, -12631986.2981 7765048.91, -12631687.176 7765041.9567, -12631067.9951 7765135.0539, -12630827.9123 7765156.519, -12630589.3519 7765146.9616, -12630274.2769 7765110.494, -12630116.1674 7765112.4502, -12629965.7339 7765153.6572, -12629835.3446 7765233.2221, -12629780.4286 7765286.9473, -12629694.1898 7765410.7005, -12629609.8162 7765625.8258, -12629433.1191 7766528.5954, -12629359.4445 7766744.3206, -12629154.4321 7767064.1068, -12628960.8588 7767298.4557, -12628835.026 7767385.2902, -12628626.389 7767457.8577, -12628553.8953 7767465.8165, -12628410.7109 7767449.9913, -12628277.4677 7767389.7233, -12628220.5765 7767342.7915, -12628134.4748 7767219.501, -12628108.5535 7767147.958, -12628094.7465 7767072.1524, -12628096.9474 7766915.1938, -12628148.5235 7766534.3376, -12628229.5739 7766332.2411, -12628368.6357 7766175.3084, -12628640.3015 7766001.173, -12628728.8567 7765928.6745, -12628774.9178 7765832.2624, -12628763.4659 7765724.5984, -12628730.7124 7765675.6799, -12628627.9714 7765607.3915, -12628495.8583 7765588.6002, -12628357.0462 7765605.08250001, -12628009.7893 7765717.1576, -12627871.6238 7765785.6425, -12627673.8483 7765916.0541, -12627034.5524 7766519.88799999, -12626953.7406 7766656.3112, -12626927.0753 7766730.7811, -12626902.5197 7766883.3694, -12626915.4262 7767119.057, -12626959.4037 7767435.1723, -12627021.262 7767749.1624, -12627088.2983 7767980.9401, -12627186.7326 7768198.0772, -12627269.3025 7768329.8812, -12627580.5908 7768660.1545, -12627637.428 7768791.7963, -12627643.4833 7768862.1895, -12627630.8214 7768930.8943, -12627560.8028 7769051.4316, -12627445.4434 7769134.6568, -12627300.1077 7769176.4508, -12626844.0051 7769240.5772, -12626551.36 7769326.7294, -12626350.1543 7769431.0636, -12626292.5571 7769479.0606, -12626201.1331 7769595.9122, -12626146.6385 7769736.0325, -12626133.0681 7769808.3081, -12626134.1556 7769950.7713, -12626169.7318 7770088.8084, -12626312.1802 7770407.2606, -12626326.9438 7770537.5433, -12626304.2668 7770662.6876, -12626196.9026 7770953.3754, -12626200.6845 7771079.2423, -12626258.7331 7771199.5368, -12627930.9031 7771639.2987, -12628326.9466 7771849.1802, -12628525.876 7771914.5804, -12628683.5616 7771924.2664, -12628900.707 7771990.0733, -12629087.3321 7772119.8254, -12629313.9655 7772153.296, -12629488.3133 7772160.462, -12630011.2949 7772129.3076, -12630356.9609 7772085.4753, -12630612.245 7772043.1531, -12630862.8241 7771975.2168, -12631260.0896 7771803.8, -12631550.4456 7771620.6603, -12632037.6568 7771279.4368, -12632187.906 7771208.494, -12632344.8449 7771160.7266, -12632424.946 7771147.9626, -12632585.8815 7771151.3838, -12632986.2425 7771226.5353, -12633394.0862 7771220.6545, -12633553.6491 7771236.1806, -12633701.9685 7771289.4036, -12633764.3565 7771332.7751, -12633859.5861 7771447.8022, -12633916.0216 7771595.2934, -12633992.8706 7771644.168, -12634052.5272 7771640.2208, -12634143.1767 7771660.4803, -12634275.1133 7771736.4172, -12634340.414 7771804.7966, -12634381.4348 7771872.6403, -12634396.437 7772019.0202, -12634339.3962 7772127.2998, -12634120.0559 7772158.9676, -12634050.6572 7772209.5633, -12634123.8815 7772390.3877, -12634253.5517 7772567.8122, -12634366.909 7772660.4255, -12634431.3096 7772694.3885, -12634581.0634 7772733.2497, -12634740.0543 7772734.3076, -12634990.0862 7772696.0936, -12635028.5389 7772607.4972, -12635262.2845 7772415.5074, -12635179.3439 7772371.9039, -12635055.2855 7772340.4254, -12634998.8621 7772304.7397, -12634904.0228 7772202.3026, -12634828.5957 7772076.342, -12634769.8235 7771939.525, -12634667.0351 7771576.5092, -12634529.1522 7770762.57, -12634496.1239 7770462.5715, -12634502.5368 7770314.7036, -12634577.1792 7769961.2957, -12634575.5545 7769573.3808, -12634605.9642 7769454.9749, -12634635.9361 7769398.7924, -12634728.4019 7769305.588, -12634852.7673 7769245.8567, -12634921.3891 7769230.9414, -12635067.7535 7769238.4944, -12635216.8676 7769284.6777, -12636027.323 7769613.6715, -12636740.5107 7769880.7807, -12637012.8537 7769960.7352, -12637148.1517 7769960.2191, -12637269.2899 7769911.5762, -12637362.7311 7769822.1539, -12637499.7578 7769525.8172, -12637806.8701 7769057.4956, -12637867.3312 7768868.3473, -12637864.3636 7768740.2654, -12637817.7223 7768624.761, -12637725.685 7768536.0635, -12637601.6904 7768488.7688, -12637456.8881 7768483.5754, -12637306.8321 7768502.5605, -12636649.9197 7768661.36, -12636442.2111 7768683.0669, -12636304.924 7768664.1188, -12636178.6787 7768613.9349, -12636074.6171 7768522.964, -12636014.4558 7768399.5106, -12636004.762 7768328.7475, -12636025.02 7768187.7251, -12636053.7471 7768120.2498, -12636139.9894 7767993.4601, -12636251.2498 7767883.9536, -12636645.6269 7767582.5573, -12636759.8434 7767462.027, -12636846.285 7767321.2287, -12636914.6131 7767084.63449999, -12636962.5442 7766590.075, -12637082.4002 7765936.0782, -12637128.4703 7765357.9021, -12637170.5673 7765196.6629, -12637242.1094 7765045.2491, -12637466.683 7764701.1758, -12637993.0795 7764031.317, -12638064.1413 7763905.1701, -12638096.1156 7763768.1624, -12638096.315 7763698.4049, -12638069.1073 7763562.9869, -12637849.8958 7763070.1904, -12637738.297 7762908.6252, -12637628.356 7762843.1744, -12637564.328 7762828.6122, -12637428.9272 7762837.596, -12637092.4938 7762943.933, -12636509.7973 7763007.1416, -12636440.7347 7763030.5767, -12636325.383 7763109.6382))"
36,20957,664,2023-10-15 06:33:14,LWF148, ,2315.3,2023-06-12,1400,2 - non-corrected airborne GPS,Wildfire,Under Control,2023/06/27 14:18:00,E,2317.0,1686154740000,Lightning,3,7f0cd653-1369-47da-b793-5ca081adc791,73663472.6796875,60335.2686535423,"POLYGON ((-12372342.249 7545323.3513, -12372260.9051 7545660.6612, -12372142.6093 7545929.2535, -12372015.2546 7546121.8785, -12371862.8952 7546222.2337, -12371638.6931 7546312.7109, -12371078.4708 7546505.4163, -12370640.7814 7546639.5114, -12370460.1558 7546648.7188, -12370208.3169 7546611.6518, -12370064.8101 7546605.5961, -12369796.2821 7546638.3169, -12369587.2933 7546731.0445, -12369283.2956 7546981.2986, -12369186.2842 7547036.7451, -12369080.4029 7547074.1656, -12368968.6307 7547091.2416, -12368797.2304 7547088.1629, -12368570.671 7547062.8806, -12368363.8432 7547013.4412, -12367933.0736 7546811.8427, -12367814.6404 7546732.13, -12367643.4788 7546578.9393, -12367524.0648 7546523.2714, -12367434.1822 7546520.1461, -12367344.2954 7546547.2027, -12367188.0657 7546669.8963, -12366738.526 7547166.1355, -12366689.3217 7547253.0677, -12366669.3852 7547353.0875, -12366683.0709 7547458.7583, -12366726.12 7547560.257, -12366823.5949 7547696.3873, -12367038.6442 7547939.9725, -12367119.7998 7548076.1172, -12367157.2513 7548174.5607, -12367182.1697 7548331.8447, -12367184.0305 7548548.0215, -12367151.3126 7548877.9253, -12367108.1743 7549086.449, -12367042.6198 7549280.6545, -12366948.3919 7549455.4591, -12366887.1798 7549531.8427, -12366813.2173 7549595.0154, -12366596.6555 7549701.92759999, -12366485.4249 7549792.7965, -12366431.5671 7549877.8319, -12366298.8921 7550160.6436, -12366112.2398 7550405.34399999, -12366004.8731 7550587.3006, -12365812.1778 7551027.7963, -12365756.9383 7551219.3474, -12365749.7593 7551404.8803, -12365778.0206 7551490.2644, -12365857.6121 7551632.7989, -12365876.776 7551700.9193, -12365858.3598 7551762.7973, -12365797.9051 7551802.3886, -12365712.4116 7551807.7302, -12365574.6138 7551767.6134, -12365395.212 7551676.1954, -12365268.0616 7551586.261, -12365132.6714 7551426.5935, -12364901.6846 7550984.3931, -12364732.3537 7550766.5551, -12364499.3229 7550570.1201, -12364388.3245 7550508.90429999, -12364205.0989 7550438.4228, -12364115.9604 7550376.9211, -12364062.7891 7550296.2264, -12364052.1082 7550235.6852, -12364118.6915 7550050.0853, -12364120.4423 7549966.8387, -12364089.5011 7549893.5398, -12363989.9034 7549822.8378, -12363901.9997 7549811.1686, -12363811.0039 7549829.8744, -12363691.4796 7549914.2884, -12363632.389 7550002.5174, -12363520.0368 7550313.6208, -12363430.0644 7550510.493, -12363337.7589 7550688.353, -12363276.8755 7550757.2628, -12363195.4576 7550798.8666, -12363049.6431 7550804.4679, -12362902.6031 7550749.8954, -12362770.768 7550657.2131, -12362555.7921 7550429.0115, -12362474.8016 7550299.8762, -12362439.4918 7550205.4523, -12362349.3641 7549772.9484, -12362186.711 7549315.582, -12362173.0258 7549165.0548, -12362173.8078 7548865.1774, -12362131.5088 7548680.1283, -12362049.3632 7548564.5729, -12361974.4315 7548503.9955, -12361888.8323 7548459.0768, -12361612.0554 7548381.7785, -12361370.8531 7548354.2309, -12360990.3854 7548386.0352, -12360903.6861 7548410.90119999, -12360827.8347 7548453.5921, -12360771.3544 7548518.7963, -12360755.3303 7548559.1035, -12360752.8824 7548651.871, -12360788.3641 7548748.3958, -12360954.2346 7548960.299, -12361002.2584 7549047.2976, -12361021.6835 7549138.0043, -12360999.3175 7549225.4465, -12360972.9819 7549265.8496, -12360895.5307 7549330.7151, -12360650.071 7549449.1773, -12360560.7934 7549515.9714, -12360285.7599 7549865.209, -12360198.4714 7549920.0596, -12360100.0653 7549948.0051, -12359948.1597 7549941.1038, -12359614.0047 7549840.0919, -12359329.708 7549818.8354, -12359241.5384 7549792.9708, -12359159.1461 7549745.943, -12359059.8464 7549636.151, -12358966.7529 7549456.761, -12358875.1362 7549236.0794, -12358780.8 7548941.9965, -12358775.9497 7548745.817, -12358815.7233 7548671.6769, -12358883.139 7548618.452, -12359118.2847 7548554.9183, -12359245.0547 7548485.4336, -12359305.5452 7548413.6161, -12359349.8801 7548332.2888, -12359421.4955 7548165.8305, -12359440.1929 7548077.6392, -12359430.7641 7547987.6612, -12359340.7543 7547781.2779, -12359319.511 7547695.7612, -12359318.8818 7547561.9744, -12359374.7905 7547129.0165, -12359350.9762 7546932.6244, -12359296.312 7546828.89720001, -12359123.212 7546627.4921, -12359014.5175 7546407.7385, -12358826.9902 7546200.9805, -12358799.0876 7546103.3028, -12358813.2234 7546046.2416, -12358859.4415 7546007.2964, -12358892.8064 7545997.6961, -12358976.5047 7546003.7741, -12359407.9583 7546164.5752, -12359640.8604 7546212.235, -12359729.9669 7546207.8062, -12359812.3515 7546181.267, -12359880.9591 7546133.26519999, -12359935.0025 7546071.8405, -12360046.519 7545861.8643, -12360087.8492 7545677.988, -12360049.4121 7545351.895, -12360008.1833 7545163.0802, -12360017.1816 7545115.9407, -12360054.8755 7545079.181, -12360189.8235 7545027.2556, -12360295.5118 7544961.1659, -12360617.9292 7544587.5632, -12360723.544 7544510.7811, -12360877.088 7544454.6851, -12360934.0738 7544390.2783, -12360920.5299 7544294.4998, -12360812.4421 7544128.389, -12360773.3146 7544012.406, -12360772.8574 7543888.6565, -12360799.8422 7543677.1813, -12360829.184 7543512.2703, -12360870.5592 7543396.8107, -12361117.0324 7543065.2215, -12361223.017 7543023.3688, -12361514.067 7543061.1796, -12361763.3267 7543044.1589, -12361817.419 7543052.0571, -12361860.9105 7543089.0575, -12361886.7488 7543151.085, -12361910.2476 7543411.8251, -12361934.4184 7543484.0594, -12361978.619 7543545.6555, -12362038.5787 7543592.8373, -12362145.3412 7543632.4791, -12362221.0946 7543627.6056, -12362325.3748 7543572.6471, -12362573.3547 7543294.9004, -12362662.4253 7543148.7331, -12362684.1247 7543029.0923, -12362665.1719 7542949.664, -12362619.1617 7542883.548, -12362552.178 7542836.6205, -12362392.2883 7542782.6938, -12361656.4401 7542668.9011, -12361597.8254 7542646.5645, -12361473.9824 7542543.9437, -12361249.6572 7542520.4845, -12361209.1206 7542480.8248, -12361193.6413 7542424.5629, -12361226.4402 7542333.8047, -12361376.2399 7542173.1834, -12361480.6752 7542007.1034, -12361547.2992 7541966.5925, -12361633.844 7542008.6306, -12361755.5636 7542151.5079, -12361811.1053 7542195.0772, -12361901.7083 7542217.2188, -12361980.2074 7542178.0112, -12362026.1348 7542090.3826, -12362052.877 7541867.1894, -12362080.7127 7541761.9626, -12362299.5588 7541223.1974, -12362372.7955 7541100.1051, -12362436.7276 7541028.5328, -12362529.413 7540960.7793, -12362842.0463 7540787.6565, -12363046.5238 7540697.0975, -12363158.5958 7540616.6293, -12363220.0245 7540551.2239, -12363299.7866 7540356.2478, -12363358.0288 7540274.639, -12363404.1336 7540245.0809, -12363456.276 7540237.7647, -12363687.1363 7540311.0466, -12363756.4061 7540316.4116, -12363822.9688 7540296.5896, -12363905.9548 7540220.9282, -12364017.4889 7539963.0485, -12364061.0492 7539898.1158, -12364195.7408 7539766.2787, -12364251.1721 7539736.1857, -12364316.3597 7539735.6001, -12364351.448 7539749.5672, -12364512.3752 7539860.8206, -12364602.0312 7539904.8607, -12364684.5502 7539923.7647, -12364697.2837 7539913.6526, -12364687.2682 7539887.2343, -12364625.2518 7539834.6899, -12363941.705 7539390.6125, -12363790.3282 7539206.79, -12363561.3529 7538860.4609, -12363418.9164 7538364.7366, -12363440.2555 7538164.4657, -12363434.4374 7538089.4339, -12363388.8974 7537985.4683, -12363255.9502 7537813.8218, -12363240.2319 7537748.5858, -12363252.3895 7537681.5496, -12363290.3735 7537619.1021, -12363382.4233 7537503.0236, -12363472.9777 7537441.6392, -12363623.4372 7537429.4125, -12363660.7306 7537438.8559, -12363859.2652 7537553.6385, -12363977.8868 7537694.7067, -12364048.2189 7537881.2516, -12364171.7996 7538012.6535, -12364188.3485 7538111.0989, -12364143.1701 7538462.3729, -12364173.8507 7538658.3835, -12364176.1087 7538788.0164, -12364210.5613 7538847.7162, -12364369.8182 7538949.176, -12364594.9747 7539033.1253, -12364680.0024 7539079.0004, -12364722.0403 7539127.105, -12364759.6864 7539269.3097, -12364805.6348 7539368.4781, -12364850.5706 7539423.4778, -12364907.7125 7539460.681, -12365008.5185 7539479.7037, -12365283.8406 7539425.8789, -12365364.9298 7539449.3008, -12365453.1866 7539571.0034, -12365500.6287 7539611.6154, -12365792.9941 7539761.9896, -12365908.767 7539841.5548, -12366385.4522 7540337.9817, -12366440.3095 7540468.1114, -12366442.693 7540561.89940001, -12366329.3816 7541047.7041, -12366316.482 7541196.1696, -12366325.8957 7541298.3919, -12366393.173 7541615.4749, -12366450.9412 7541776.256, -12366590.9809 7542082.0918, -12366680.8111 7542454.9963, -12366736.48 7542555.0445, -12366930.838 7542772.6781, -12366999.5518 7542868.9473, -12367198.717 7543307.0114, -12367452.6884 7543794.2336, -12367535.4674 7544016.2883, -12367629.8761 7544519.0481, -12367693.6611 7544674.2698, -12367764.2766 7544758.4814, -12367938.5721 7544877.698, -12368015.3174 7544946.2764, -12368180.272 7545198.4933, -12368314.8558 7545273.7764, -12368644.2614 7545327.1009, -12368717.4955 7545358.1544, -12368786.1965 7545439.3077, -12368806.0711 7545583.20489999, -12368828.7086 7545646.3386, -12368880.3735 7545689.8035, -12368954.6051 7545701.5921, -12369035.5275 7545677.0664, -12369135.3348 7545585.4732, -12369182.0655 7545507.7174, -12369264.0491 7545311.4043, -12369345.8303 7545230.3922, -12369420.1351 7545215.1144, -12369461.7025 7545221.7737, -12369691.1824 7545331.5381, -12369849.0811 7545370.8014, -12370270.2536 7545341.6249, -12370360.3547 7545321.598, -12370441.6499 7545284.9985, -12370506.3002 7545224.2839, -12370620.0991 7545045.7641, -12370683.6626 7545007.9814, -12370784.6284 7544983.6564, -12370940.497 7545002.4741, -12371253.4751 7545091.7199, -12371461.7879 7545119.5279, -12371662.6269 7545106.4774, -12371844.0212 7545054.4656, -12371931.7746 7545043.63139999, -12372177.7839 7545066.8794, -12372275.4529 7545103.2493, -12372322.3626 7545154.6716, -12372345.2472 7545229.7289, -12372342.249 7545323.3513))"
37,20960,780,2023-10-15 06:33:14,PWF034, ,454.4,2023-05-29,1013,0 - hand sketch of any type,Wildfire,Under Control,2023/06/28 19:00:00,E,587.0,1683293580000,Human,5,47888e77-0bbe-48ec-8c44-8af7e7434fd4,14937478.28125,24978.9330965059,"POLYGON ((-13302658.4526 7669386.3451, -13302711.5583 7669399.0263, -13302877.3648 7669495.6581, -13302964.496 7669608.6249, -13303072.5826 7670000.1791, -13303184.2405 7670227.4679, -13303237.4506 7670423.6868, -13303216.9274 7670576.2071, -13303145.2899 7670699.6462, -13303032.539 7670786.972, -13302884.3202 7670827.3253, -13302843.1192 7670822.1286, -13302713.9522 7671254.3147, -13302704.8852 7671321.6646, -13302633.2327 7671445.1112, -13302520.4648 7671532.4387, -13302372.2285 7671572.7863, -13302220.0004 7671552.2002, -13302096.8082 7671480.3915, -13302009.6676 7671367.3878, -13301956.4667 7671171.0803, -13301980.6684 7671049.1132, -13301961.4323 7670624.5801, -13301857.0727 7670508.8541, -13301697.4227 7670387.2077, -13301531.7843 7670307.1474, -13301370.4482 7670263.0665, -13301081.1684 7670222.9362, -13300915.4157 7670126.284, -13300714.3865 7669951.0395, -13300520.4515 7669853.0532, -13300375.5786 7669812.0851, -13300242.8177 7669795.1363, -13300092.322 7669798.3964, -13299944.1871 7669825.2043, -13299817.4444 7669868.2818, -13299697.9161 7669928.6137, -13299388.878 7670158.8335, -13299240.6498 7670199.1127, -13299088.4557 7670178.4667, -13298746.3999 7669981.5147, -13298542.0098 7669907.8882, -13298343.0729 7669882.4415, -13298091.313 7669910.3592, -13297938.4756 7669889.6023, -13297815.3489 7669817.738, -13297652.0321 7669607.9405, -13297545.1869 7669501.6922, -13297423.0732 7669413.4996, -13297299.4961 7669350.078, -13297310.9748 7669267.9509, -13297302.7662 7669141.3297, -13297263.4653 7669050.1958, -13297203.7822 7668953.69690001, -13297108.9485 7668933.0995, -13297123.2857 7668845.1692, -13297152.6506 7668783.0301, -13297164.3959 7668655.1185, -13296972.7531 7668480.2157, -13296902.5436 7668324.1822, -13296798.6568 7668163.6495, -13296691.0704 7667842.7694, -13296644.7029 7667745.4165, -13296630.7209 7667632.5775, -13296701.7069 7667594.5083, -13296820.0996 7667566.738, -13296868.1155 7667483.3248, -13296950.2392 7667411.0755, -13297059.8206 7667350.4211, -13297087.2019 7666639.4518, -13297067.605 7666440.025, -13297028.9281 7666255.224, -13296956.4059 7666166.2843, -13297187.5329 7666024.1455, -13297225.7719 7666042.8585, -13297244.029 7666029.8813, -13297401.8227 7666137.3028, -13298122.8266 7666137.1625, -13298168.4971 7666120.8057, -13298134.9854 7666015.9557, -13298210.4335 7665944.1406, -13298280.8044 7665999.7585, -13298301.4549 7666112.1361, -13298730.8148 7666144.3313, -13298749.3071 7666223.402, -13298731.6566 7666465.3919, -13298695.6649 7666527.9516, -13298767.4959 7666503.1928, -13298840.0417 7666592.1187, -13299079.8119 7666583.1512, -13299248.1848 7666605.6023, -13299211.7633 7666661.5037, -13299173.1739 7666684.0956, -13299388.3776 7666810.5295, -13299291.5414 7666964.0475, -13299535.3679 7666914.65779999, -13299648.3921 7666907.26739999, -13299693.4899 7666984.604, -13299830.2291 7667136.2343, -13299876.3354 7667126.5272, -13299967.9778 7667200.81939999, -13300021.1674 7667197.3386, -13300021.0322 7667297.7089, -13300132.3238 7667263.6614, -13300384.4101 7667340.8271, -13300512.0409 7667352.5397, -13300583.7454 7667428.133, -13300622.7689 7667412.1943, -13300713.1173 7667466.4922, -13300807.6606 7667477.3908, -13300763.7056 7667715.1684, -13300781.8272 7667963.3396, -13300451.0056 7667943.1108, -13300238.5978 7668002.463, -13300146.9239 7667987.4919, -13300092.3246 7667952.6153, -13300011.9795 7667950.883, -13299905.8876 7667982.2941, -13299788.168 7668049.4198, -13299543.2874 7668306.6315, -13299533.2457 7668366.7145, -13299562.3222 7668438.2229, -13299715.1051 7668641.4723, -13299763.6669 7668690.7331, -13299864.565 7668740.0656, -13299915.8506 7668831.0983, -13300082.6168 7668980.99669999, -13300173.5525 7669037.97129999, -13300385.4673 7669024.09399999, -13300507.4185 7668914.7222, -13300721.7019 7668669.9515, -13300798.1912 7668612.5003, -13300985.7761 7668600.20139999, -13301081.1601 7668618.4167, -13301196.0305 7668573.8797, -13301420.8172 7668682.4242, -13301673.8316 7668733.0916, -13301674.3068 7668939.5662, -13301632.8382 7669159.0431, -13301664.7282 7669219.8786, -13301724.8668 7669285.8516, -13301789.6774 7669316.5561, -13301852.551 7669424.3036, -13302023.7527 7669587.8665, -13302155.9442 7669635.1187, -13302289.5597 7669650.8084, -13302451.7072 7669622.6635, -13302547.1597 7669588.4143, -13302621.8188 7669503.0882, -13302658.4526 7669386.3451))"
38,20963,864,2023-10-15 06:33:14,GWF018, ,49362.6,2023-07-01,0600,0 - hand sketch of any type,Wildfire,Under Control,2023/08/16 11:54:06,E,49327.7,1683293100000,Under Investigation,2,f10fa910-45ef-42cc-85f7-940edade06e9,1596188124.66406,345447.628675165,"MULTIPOLYGON (((-13260911.0263 7631395.0581, -13260737.2683 7631531.2221, -13260589.5599 7631570.536, -13260438.2197 7631549.2021, -13260316.0534 7631477.0671, -13260277.9745 7631427.1086, -13260192.1292 7631449.952, -13260040.7923 7631428.6104, -13259918.6317 7631356.4702, -13259832.5704 7631243.5471, -13259734.3596 7630897.2556, -13259677.1799 7630776.733, -13259603.8201 7630665.3587, -13259515.7083 7630565.2993, -13259401.0945 7630468.6715, -13259272.8098 7630391.1988, -13259134.0122 7630334.7877, -13258988.1185 7630300.8261, -13258838.7198 7630290.1496, -13258689.4932 7630303.0213, -13258531.1565 7630340.6599, -13258374.8912 7630318.588, -13258150.6266 7630237.8453, -13257952.3999 7630214.9129, -13257770.1039 7630230.6151, -13257465.7761 7630308.513, -13257314.4682 7630287.1199, -13257192.3504 7630214.9454, -13257106.3417 7630102.0071, -13257067.186 7629954.0022, -13257091.4046 7629782.0544, -13257141.8784 7629630.0845, -13257165.5455 7629481.8957, -13257162.6476 7629298.5914, -13257129.7445 7629135.1827, -13257083.3186 7629010.1364, -13257010.9307 7628878.7702, -13256907.5899 7628748.1447, -13256795.2054 7628646.5924, -13256674.0027 7628487.4208, -13256648.4954 7628414.9222, -13256655.1439 7628261.548, -13256751.0105 7628089.6261, -13256598.3983 7628121.3152, -13256443.534 7628182.1393, -13256328.7094 7628249.6501, -13256139.5002 7628392.7184, -13255881.3963 7628462.2309, -13255727.6017 7628525.7428, -13255547.7733 7628645.1454, -13255410.4809 7628773.6781, -13255262.276 7628886.9549, -13255114.5874 7628926.1489, -13254914.7176 7628897.8251, -13254749.8751 7628824.2509, -13254622.2905 7628786.1106, -13254198.9039 7628723.0216, -13253922.9392 7628615.1736, -13253531.6818 7628555.1177, -13253409.6261 7628482.89729999, -13253323.6923 7628369.94, -13253240.96 7628089.0759, -13253131.8136 7627892.8397, -13253013.8958 7627923.9383, -13252841.2069 7627899.64019999, -13252748.7017 7627840.3003, -13252650.4916 7627707.4564, -13252615.0551 7627562.8248, -13252645.7417 7627367.4081, -13252676.5192 7627317.4317, -13252750.8784 7627264.1163, -13252810.4312 7626899.8354, -13252784.94 7626651.5655, -13252696.1977 7626418.3728, -13252614.9409 7626292.3798, -13252386.4627 7626013.7748, -13252300.7659 7625752.3423, -13252235.4929 7625636.12, -13252154.7156 7625530.1325, -13252047.2775 7625425.6888, -13251939.1109 7625347.9975, -13251805.899 7625279.5918, -13251663.65 7625232.9081, -13251362.7428 7625203.8303, -13251181.2857 7625230.56, -13250966.2668 7625319.1972, -13250751.1642 7625475.5168, -13250418.5956 7625563.5077, -13250293.8199 7625609.8979, -13250148.8865 7625691.582, -13250020.3065 7625797.2439, -13249862.1341 7625981.0675, -13249775.132 7626112.4322, -13249644.1907 7626212.9564, -13249500.4732 7626250.7879, -13249353.3326 7626230.0149, -13249212.5308 7626137.9269, -13249078.9062 7626289.4708, -13249338.9657 7626434.9312, -13249431.2707 7626551.6264, -13249471.3949 7626695.0035, -13249453.1001 7626842.7827, -13249379.2265 7626971.9943, -13249261.254 7627062.5533, -13249117.5188 7627100.3822, -13248922.0444 7627072.7755, -13248784.6838 7627018.4731, -13248750.9416 7627027.3516, -13248602.6992 7627006.4086, -13248436.4758 7626936.0392, -13248246.6396 7626946.772, -13248035.2375 7626916.8909, -13248004.2243 7626898.3895, -13247901.9487 7626915.2426, -13247714.9175 7626984.7085, -13247533.4101 7627102.0847, -13247382.898 7627257.3668, -13247260.4502 7627453.4243, -13247142.4447 7627543.9571, -13246981.7746 7627586.1953, -13246773.7818 7627604.5728, -13246464.3293 7627684.1974, -13246317.1679 7627663.3625, -13245980.3405 7627452.5482, -13245746.5252 7627347.5301, -13245571.7787 7627293.3954, -13245373.283 7627273.6106, -13245175.019 7627295.6082, -13244939.2783 7627370.604, -13244794.2524 7627452.2074, -13244538.5697 7627646.4627, -13244394.7977 7627684.2064, -13244247.641 7627663.3315, -13243926.0831 7627462.6656, -13243762.142 7627388.5664, -13243405.5271 7627167.7483, -13243258.4537 7627099.6012, -13242875.9255 7626860.6754, -13242704.8165 7626784.133, -13242344.3034 7626557.15559999, -13242176.1058 7626481.5596, -13241998.6033 7626375.4808, -13241940.5936 7626301.9967, -13241886.7281 7626130.8377, -13241865.0041 7625942.0232, -13241783.0234 7625668.3803, -13241796.5795 7625520.1082, -13241925.0138 7625274.4569, -13241972.6015 7625144.8996, -13241919.1658 7625157.2819, -13241619.6194 7625323.6769, -13241546.7012 7625649.0957, -13240746.7169 7626073.7312, -13240614.2819 7626172.3988, -13240570.2104 7626249.2779, -13240452.1415 7626339.6947, -13240345.5158 7626367.6255, -13239895.4628 7626604.5081, -13239348.6491 7626853.8723, -13238945.2078 7626897.3237, -13238964.4328 7626939.2077, -13238804.7301 7626949.7859, -13238740.897 7626984.9938, -13238663.9807 7626966.4475, -13238548.7031 7627053.3632, -13238435.9148 7627058.3811, -13238381.0107 7627024.2299, -13238383.7437 7626996.8225, -13238468.8577 7626933.1492, -13238488.915 7626883.2373, -13238504.2946 7626627.6478, -13238428.7771 7626585.2747, -13238243.2536 7626323.2326, -13238183.8683 7626287.702, -13238125.8953 7626214.1891, -13238095.4244 7626123.6802, -13238052.1859 7626067.5374, -13238020.3225 7626075.3876, -13237873.2111 7626054.393, -13237731.5852 7625969.6467, -13237673.6188 7625896.133, -13237649.0788 7625822.9378, -13237318.657 7625788.2155, -13237053.2176 7625952.4951, -13236852.7251 7625849.1983, -13236739.9046 7625878.5715, -13236683.8779 7625698.2065, -13236698.6511 7625353.2079, -13237334.701 7625466.0819, -13237519.9197 7625437.6828, -13237442.7532 7625207.4998, -13237430.4711 7625038.2463, -13237392.5914 7624884.9957, -13237397.322 7624833.58, -13237371.4914 7624707.7641, -13237319.2243 7624584.66439999, -13237441.7279 7624493.7498, -13237471.2818 7624445.9732, -13237592.2745 7624359.5866, -13237669.0966 7624342.19, -13237700.8609 7624288.0578, -13237815.8868 7624193.8451, -13237958.3096 7624151.5013, -13238103.6376 7624165.33129999, -13238225.3319 7624027.648, -13238339.2769 7623805.8079, -13238371.8337 7623712.836, -13238310.0246 7623494.8262, -13238373.5485 7623297.4307, -13238274.6622 7622952.2726, -13238288.2827 7622804.0572, -13238395.7365 7622617.069, -13238402.9974 7622514.7119, -13238452.0909 7622417.3329, -13238255.0201 7622389.9238, -13238204.7327 7622359.8359, -13238145.2993 7622279.1201, -13238039.4627 7622262.3155, -13237897.9065 7622177.6124, -13237839.9679 7622104.1352, -13237774.2428 7621963.9195, -13237808.5716 7621749.6925, -13237943.1119 7621440.6097, -13237983.6377 7621313.6511, -13238072.5405 7620821.3287, -13238169.4791 7620664.5931, -13238294.8627 7620508.1367, -13238423.779 7620272.1087, -13238538.7366 7620177.9361, -13238681.0812 7620135.6029, -13238828.6923 7620151.6868, -13239004.3813 7620229.7666, -13239194.1059 7620272.5923, -13239468.079 7620267.9834, -13239824.4778 7620319.29249999, -13240356.1537 7620303.9062, -13240517.1922 7620262.8312, -13240660.2659 7620198.9785, -13240822.0258 7620162.2805, -13240992.5142 7620190.9822, -13240994.7602 7620038.60589999, -13240973.6688 7619900.7356, -13240987.8906 7619745.3932, -13241050.3732 7619600.9774, -13241086.3381 7619459.9344, -13241159.966 7619321.0421, -13241274.875 7619226.8412, -13241417.1857 7619184.4631, -13241577.1875 7619195.7135, -13241726.2355 7619183.1992, -13242018.282 7619104.2056, -13242165.8789 7619120.2232, -13242299.3616 7619194.1133, -13242403.2686 7619294.9019, -13242525.4845 7619381.3086, -13242652.7054 7619444.0485, -13242890.3269 7619504.4944, -13243083.6002 7619512.5041, -13243271.0507 7619469.2341, -13243376.3706 7619319.6129, -13243457.0508 7619134.8465, -13243540.7471 7618999.3108, -13243491.9424 7618937.5093, -13243458.6128 7618831.6698, -13243285.5625 7618842.2928, -13243090.3168 7618814.5608, -13242948.7714 7618729.9888, -13242890.8126 7618656.5836, -13242844.2786 7618508.771, -13242715.3803 7618382.1413, -13242562.5142 7618281.8883, -13242377.3975 7618208.0516, -13242145.1797 7618166.4949, -13242003.6567 7618081.9121, -13241945.7117 7618008.5056, -13241896.1571 7617851.0291, -13241917.8596 7617545.8562, -13241888.6119 7617331.6492, -13241819.5272 7617144.4071, -13241723.2982 7616988.8228, -13241496.2332 7616741.6037, -13241352.717 7616628.3815, -13241127.673 7616522.1963, -13240866.0849 7616471.3681, -13240724.6072 7616386.7793, -13240666.6873 7616313.3783, -13240617.1703 7616155.9271, -13240630.7368 7616007.8399, -13240705.1476 7615867.4948, -13240848.0657 7615688.2504, -13240928.7465 7615524.0675, -13240970.4963 7615380.2198, -13241005.4314 7615166.5666, -13241014.8692 7614967.2164, -13240978.2181 7614754.2286, -13240886.4397 7614540.5064, -13240790.5293 7614404.6781, -13240627.3722 7614252.2897, -13240532.5816 7614123.6326, -13240497.4411 7613979.1923, -13240520.7413 7613832.37039999, -13240598.8582 7613705.983, -13240719.6484 7613619.6723, -13240899.2855 7613578.9209, -13241105.4206 7613557.113, -13241279.2756 7613501.2288, -13241479.7419 7613383.9066, -13241645.9228 7613221.4705, -13241745.9223 7613068.4039, -13241810.0171 7612914.9428, -13241846.5435 7612752.6633, -13241874.3276 7612458.62610001, -13241938.8024 7612320.6513, -13241980.5173 7612176.8588, -13241998.7646 7611928.4177, -13241948.7781 7611672.4639, -13241962.3131 7611524.4614, -13242031.8784 7611393.2049, -13242146.6603 7611299.0909, -13242587.6679 7611188.5314, -13242670.462 7611150.2035, -13242522.0305 7611186.9889, -13242359.0295 7611163.8162, -13242217.6354 7611079.311, -13242159.7428 7611005.9713, -13242110.2325 7610848.63799999, -13242123.7633 7610700.6509, -13242193.3186 7610569.4073, -13242351.0566 7610440.0666, -13242468.6891 7610371.9739, -13242641.3122 7610320.54469999, -13242495.9557 7610159.4672, -13242352.3711 7610057.1324, -13242294.4854 7609983.8036, -13242230.3371 7609779.9628, -13242264.4902 7609526.4502, -13242368.8132 7609235.4939, -13242399.9284 7609005.0916, -13242387.5076 7608839.2867, -13242346.5449 7608678.1653, -13242270.0327 7608512.175, -13242157.6264 7608354.6147, -13242093.4964 7608150.8156, -13242098.831 7608092.4787, -13242157.5747 7607961.6814, -13242088.6521 7607871.7595, -13242063.6425 7607813.2444, -13242082.7221 7607604.6061, -13242152.2515 7607473.4161, -13242221.6134 7607416.5437, -13242183.5405 7607252.4775, -13242118.6595 7607213.7437, -13242030.7711 7607102.3979, -13241981.2907 7606945.1427, -13241994.819 7606797.2309, -13242064.3428 7606666.0558, -13242191.6844 7606561.646, -13242256.7633 7606539.88979999, -13242269.3974 7606451.4768, -13242341.0892 7606330.2358, -13242559.4356 7606163.1792, -13242650.0653 7606076.9429, -13242875.7475 7605796.5925, -13243032.8379 7605510.2988, -13243147.5213 7605416.2442, -13242872.4182 7604981.4125, -13242884.3469 7604756.1861, -13242955.1192 7604622.62, -13243051.0555 7604522.6765, -13243137.1122 7604400.4407, -13243302.9119 7604041.5782, -13243364.4119 7603959.9621, -13243246.0467 7603889.2376, -13243158.007 7603769.8195, -13243122.8698 7603625.5854, -13243166.6198 7603404.3846, -13243406.805 7603046.1989, -13243551.8593 7602922.5388, -13243659.9717 7602796.5804, -13243729.6957 7602683.4455, -13243788.485 7602545.9799, -13243836.7 7602301.9157, -13243835.9992 7602168.9554, -13243803.444 7601898.6761, -13243860.7635 7601428.3618, -13244071.0861 7601010.2068, -13244110.1976 7600865.9102, -13244137.4485 7600670.7023, -13244229.6802 7600496.5722, -13244344.2753 7600402.563, -13244486.2213 7600360.2407, -13244633.4613 7600376.1811, -13244789.31 7600453.5018, -13244826.8419 7600442.3096, -13245267.5788 7600479.5336, -13245431.6439 7600457.1275, -13245480.6834 7600315.8984, -13245515.4466 7600065.5183, -13245584.2454 7599816.6263, -13245585.046 7599567.9166, -13245559.0221 7599437.5859, -13245515.1521 7599312.15470001, -13245454.2904 7599194.0641, -13245366.9986 7599072.8398, -13245196.6752 7598915.4126, -13244876.4586 7598720.1255, -13244818.6373 7598646.9216, -13244769.1591 7598489.8568, -13244793.0967 7598159.2834, -13244755.0971 7597913.5581, -13244663.428 7597700.3451, -13244470.8951 7597430.8575, -13244306.2128 7597267.5836, -13244122.1421 7597155.8935, -13243933.934 7597092.0666, -13243600.5131 7597041.5678, -13243459.3698 7596957.2339, -13243401.5754 7596884.0353, -13243352.1383 7596726.9963, -13243375.741 7596419.9473, -13243346.3172 7596189.712, -13243277.4006 7596002.9919, -13243171.2538 7595834.7131, -13242988.7373 7595611.786, -13242807.9967 7595466.6536, -13242690.6288 7595404.8873, -13242565.8261 7595360.0893, -13242239.0384 7595305.0935, -13242097.9418 7595220.7524, -13242040.1736 7595147.5593, -13241990.7762 7594990.5459, -13242012.4758 7594663.5561, -13241997.9589 7594531.5237, -13241965.2473 7594402.8031, -13241857.3524 7594179.0128, -13241597.7077 7593845.7462, -13241562.6497 7593701.6885, -13241585.8779 7593555.2507, -13241663.7792 7593429.1904, -13241776.7984 7593340.2198, -13241878.8682 7593231.3534, -13241962.6835 7593107.8279, -13242020.1824 7592988.1738, -13242064.2917 7592845.4933, -13242084.3657 7592714.2258, -13242086.0133 7592581.4385, -13242069.2034 7592449.716, -13242028.6521 7592305.9902, -13241966.1654 7592170.3928, -13241711.3451 7591812.1042, -13241676.2953 7591668.0851, -13241702.2208 7591478.5585, -13241698.5097 7591312.7057, -13241670.6247 7591166.0053, -13241620.1837 7591025.4846, -13241557.4041 7590908.5666, -13241478.9998 7590801.5426, -13241374.0297 7590695.5511, -13241241.5379 7590599.8509, -13241153.6802 7590480.6026, -13241118.6475 7590336.60499999, -13241141.8757 7590190.2328, -13241219.7522 7590064.2321, -13241340.1704 7589978.1855, -13241484.4178 7589945.4621, -13241796.4237 7589997.8028, -13241994.9324 7589996.811, -13242188.8953 7589954.4773, -13242384.0695 7589864.1527, -13242529.8353 7589754.9184, -13242642.098 7589633.0454, -13242731.533 7589493.4903, -13242800.3258 7589324.6325, -13242838.4203 7589112.6298, -13242827.9477 7588897.4792, -13242763.0299 7588674.9013, -13242693.569 7588542.8351, -13242601.5178 7588417.6686, -13242537.556 7588214.3954, -13242561.8285 7587944.1755, -13242523.9589 7587698.7611, -13242478.0349 7587574.2847, -13242415.272 7587457.4256, -13242194.1295 7587168.6883, -13242144.7844 7587011.83690001, -13242158.2843 7586864.3075, -13242227.6338 7586733.4742, -13242535.9704 7586463.7195, -13242724.1986 7586407.6548, -13242996.537 7586424.1651, -13243224.1473 7586382.7389, -13243347.5182 7586334.5494, -13243462.9938 7586269.622, -13243650.5537 7586107.4007, -13243782.2453 7585916.8263, -13243865.0803 7585695.4275, -13243981.4037 7585475.8568, -13244473.4047 7585067.6177, -13244571.4779 7584955.3377, -13244650.8133 7584829.0672, -13244709.4577 7584691.9162, -13244745.9685 7584547.2632, -13244758.7489 7584348.8952, -13244727.3224 7584141.6963, -13244740.9989 7583991.6982, -13244810.2793 7583860.8919, -13244924.624 7583767.0833, -13245066.2622 7583724.8495, -13245424.3225 7583750.559, -13245571.8204 7583730.282, -13245714.3354 7583687.1302, -13245848.3574 7583622.1667, -13245957.6833 7583547.393, -13246176.2869 7583324.7706, -13246259.9281 7583201.3611, -13246317.2892 7583081.832, -13246390.3198 7582790.4742, -13246482.8594 7582615.6629, -13246620.5732 7582466.7352, -13246728.5415 7582280.6897, -13246785.2726 7582107.5704, -13246811.6132 7581906.8421, -13246881.3771 7581775.0387, -13247019.6935 7581625.5794, -13247120.8609 7581454.6826, -13247180.5836 7581282.5977, -13247221.3591 7581044.6943, -13247306.6903 7580906.3959, -13247455.0796 7580738.1361, -13247536.9214 7580594.201, -13247596.6286 7580422.1324, -13247624.3141 7580231.7376, -13247693.5976 7580100.8103, -13247837.0275 7579951.657, -13247941.1158 7579782.5821, -13248007.847 7579595.519, -13248036.2303 7579397.31719999, -13248105.4145 7579266.5614, -13248219.6509 7579172.7623, -13248361.1854 7579130.4953, -13248717.4918 7579158.4758, -13248848.9694 7579143.8485, -13248992.7973 7579105.6707, -13249213.6613 7578993.6889, -13249489.7622 7578771.5873, -13249631.2816 7578729.2995, -13249778.1144 7578745.1069, -13249907.4973 7578816.5841, -13250069.4637 7578976.3264, -13250268.2748 7579094.4059, -13250440.9871 7579151.1532, -13250635.2401 7579178.2367, -13250764.6817 7579249.7273, -13250912.1914 7579397.3899, -13251093.9586 7579511.8652, -13251280.6528 7579578.656, -13251490.1393 7579609.3948, -13251619.4956 7579680.8192, -13251711.2555 7579796.7951, -13251764.2569 7579986.09, -13251744.3068 7580269.6738, -13251761.2496 7580401.1636, -13251796.2903 7580529.013, -13251889.9378 7580722.6357, -13252063.233 7580949.9627, -13252217.331 7581099.8135, -13252386.1383 7581204.0377, -13252556.8324 7581266.7591, -13252811.4621 7581314.5807, -13252935.8668 7581394.4116, -13253028.0186 7581516.5751, -13253134.8413 7581620.4277, -13253314.6726 7581738.0441, -13253468.365 7581799.1159, -13253613.8805 7581830.4539, -13253762.4971 7581838.5919, -13253910.554 7581823.3296, -13254085.4398 7581773.4919, -13254247.6197 7581691.1272, -13254354.1598 7581612.4814, -13254474.5382 7581489.3301, -13254625.7626 7581364.9477, -13254767.2988 7581322.5501, -13254914.1892 7581338.2627, -13255043.6053 7581409.6436, -13255135.4371 7581525.6025, -13255175.4099 7581668.11819999, -13255134.2644 7582067.0769, -13255144.3781 7582199.3, -13255177.5658 7582344.7029, -13255233.0451 7582483.1152, -13255299.9823 7582597.5184, -13255382.1589 7582701.4735, -13255477.9757 7582792.9562, -13255599.7423 7582878.758, -13255733.4062 7582944.4135, -13255908.1104 7582994.9833, -13256204.3441 7583029.6034, -13256601.4019 7583260.4504, -13256741.0739 7583308.9317, -13256847.535 7583313.7401, -13257106.9369 7583401.6313, -13257253.0184 7583430.3551, -13257434.8414 7583433.8541, -13257669.7525 7583396.2755, -13257762.0785 7583401.8722, -13257853.5016 7583430.2139, -13257923.3965 7583471.5319, -13257994.6784 7583540.2325, -13258038.602 7583608.6117, -13258131.8178 7583911.354, -13258255.3054 7584126.5001, -13258417.1281 7584292.0512, -13258599.12 7584406.4146, -13258854.0843 7584500.1775, -13259066.2072 7584534.1791, -13259264.2133 7584522.3432, -13259545.5531 7584453.1275, -13259735.3697 7584352.3412, -13259886.3804 7584223.4679, -13259989.5154 7584093.9127, -13260167.8252 7583801.305, -13260283.5909 7583715.1515, -13260423.2063 7583679.0166, -13260566.3268 7583698.2444, -13260742.7578 7583774.7543, -13260937.0628 7583814.6307, -13261135.3957 7583813.1478, -13261350.3071 7583768.4713, -13261484.568 7583784.6723, -13261604.5652 7583847.1592, -13261694.5952 7583947.5363, -13261841.4038 7584322.5685, -13261979.6725 7584528.4993, -13262152.7066 7584682.2565, -13262418.4059 7584833.675, -13262574.2557 7584889.1683, -13262753.8743 7584917.8702, -13262935.658 7584911.6958, -13263120.4177 7584870.7746, -13263271.5097 7584892.0451, -13263464.6655 7584973.8374, -13263659.6771 7585010.2446, -13263857.9808 7585005.221, -13264048.7765 7584962.6678, -13264199.2057 7584983.8264, -13264320.6569 7585055.4844, -13264406.248 7585167.6945, -13264494.9147 7585460.5627, -13264555.9501 7585578.2869, -13264632.7434 7585686.3541, -13264813.7886 7585855.7987, -13265160.0062 7586064.3256, -13265245.621 7586176.5402, -13265284.6873 7586323.6668, -13265263.47 7586475.3168, -13265183.4234 7586666.1504, -13265145.9586 7586878.1796, -13265152.1777 7587060.3889, -13265192.3371 7587242.7855, -13265171.2385 7587393.57769999, -13265099.7225 7587515.3301, -13265000.5559 7587600.3805, -13264912.7356 7587699.7026, -13264816.1983 7587854.2589, -13264738.8013 7588072.7489, -13264716.4485 7588303.5188, -13264735.0539 7588468.2837, -13264781.9299 7588627.3112, -13264855.6539 7588775.76789999, -13264968.5602 7588932.174, -13265039.042 7589180.2347, -13265127.4741 7589358.293, -13265228.1269 7589489.9328, -13265337.0149 7589591.8259, -13265724.4932 7589831.2512, -13265810.1597 7589943.5133, -13265849.2578 7590090.708, -13265828.0439 7590242.4304, -13265752.8062 7590417.5286, -13265714.8504 7590595.9179, -13265712.9928 7590794.8367, -13265756.9076 7591010.2781, -13265735.6748 7591162.1249, -13265661.2211 7591335.8092, -13265621.5162 7591530.7365, -13265623.1216 7591729.6819, -13265665.6708 7591929.9576, -13265644.4338 7592081.8246, -13265569.9829 7592255.5051, -13265526.7169 7592583.1923, -13265574.4339 7592849.7479, -13265553.1782 7593001.73929999, -13265474.6537 7593189.8901, -13265437.17 7593402.1007, -13265443.4055 7593584.4636, -13265484.3103 7593769.6478, -13265463.203 7593920.5685, -13265391.6337 7594042.4283, -13265240.7313 7594158.0523, -13265016.8798 7594223.1297, -13264866.1436 7594291.83649999, -13264742.4936 7594375.2807, -13264633.3895 7594477.0809, -13264490.9797 7594680.5551, -13264403.8615 7594850.8042, -13264351.1881 7595008.144, -13264325.0659 7595255.3095, -13264366.7524 7595513.8075, -13264345.4868 7595665.7049, -13264275.8313 7595824.1589, -13264234.7144 7596001.9755, -13264230.7866 7596217.52839999, -13264274.4023 7596432.0265, -13264253.1543 7596583.7887, -13264182.3483 7596744.3194, -13264141.2248 7596922.1569, -13264137.2946 7597137.7356, -13264180.9392 7597352.3559, -13264159.6653 7597504.293, -13264095.4301 7597647.0232, -13264056.7116 7597791.351, -13264040.9997 7597939.9743, -13264048.6829 7598089.2335, -13264121.8543 7598378.6984, -13264176.7496 7598499.6652, -13264247.9129 7598611.7999, -13264333.9595 7598712.919, -13264446.4569 7598811.069, -13264806.432 7599029.5864, -13264892.1914 7599141.99, -13264931.3237 7599289.3643, -13264910.1931 7599440.39239999, -13264838.5657 7599562.3359, -13264726.388 7599648.279, -13264485.5246 7599715.6122, -13264320.3008 7599792.6627, -13264172.7801 7599899.8879, -13264048.3823 7600033.35, -13263889.9796 7600293.1593, -13263839.1164 7600415.919, -13263797.9676 7600593.8402, -13263792.5961 7600792.9545, -13263796.0464 7600828.5045, -13263894.6774 7600900.4404, -13264027.5628 7600968.4281, -13264201.8241 7601021.9697, -13264410.6715 7601048.4869, -13264603.5987 7601164.4035, -13264629.2696 7601245.4605, -13264664.1538 7601251.5009, -13264756.1306 7601304.672, -13264868.1908 7601466.7092, -13264911.3386 7601670.3678, -13264900.5772 7601818.6728, -13265070.3584 7601970.3344, -13265155.417 7602093.3167, -13265203.1197 7602297.5096, -13265266.4579 7602451.0234, -13265386.7488 7602629.9803, -13265479.6885 7602724.8721, -13265581.6442 7602803.6713, -13265666.4001 7602926.1979, -13265728.3149 7603168.2065, -13265825.9658 7603360.5315, -13265917.7872 7603478.4396, -13266062.7861 7603607.745, -13266176.9377 7603751.43819999, -13266281.9908 7604065.6703, -13266420.7302 7604304.5162, -13266474.2779 7604494.2967, -13266452.4173 7604674.0354, -13266375.8242 7604874.9499, -13266345.7423 7605088.67, -13266370.334 7605325.3171, -13266504.4359 7605294.4264, -13266650.4579 7605319.6747, -13266775.3967 7605399.5144, -13266859.8353 7605521.5389, -13266900.7676 7605714.479, -13266885.3471 7605787.4377, -13266831.2335 7605875.6599, -13266991 7605886.3087, -13267163.6104 7605981.1378, -13267205.8071 7606047.4711, -13267328.1172 7605845.2723, -13267437.5423 7605761.3755, -13267649.8667 7605704.6783, -13267864.2777 7605685.7161, -13268024.8037 7605638.1176, -13268188.8562 7605554.4095, -13268413.8005 7605385.6212, -13268511.0065 7605293.2249, -13268594.432 7605188.1716, -13268662.4533 7605072.5069, -13268713.7466 7604948.483, -13268761.6251 7604701.903, -13268759.0229 7604550.9307, -13268734.7653 7604444.0879, -13268755.8315 7604292.9528, -13268827.4375 7604170.8984, -13268939.6327 7604084.8439, -13269170.6045 7603984.7748, -13269311.772 7603894.6784, -13269435.1787 7603781.3858, -13269564.3392 7603614.2916, -13269712.8684 7603500.3459, -13269857.8471 7603461.5875, -13270034.972 7603464.0865, -13270156.5002 7603438.7723, -13270307.3064 7603459.8509, -13270481.3541 7603554.2362, -13270654.759 7603610.6869, -13270819.1377 7603632.3611, -13270984.7749 7603625.0988, -13271309.0936 7603562.7366, -13271466.3113 7603509.9956, -13271679.1166 7603381.8111, -13271853.3154 7603200.3719, -13271972.9905 7603193.0103, -13271928.6047 7603026.4763, -13271952.8376 7602852.0962, -13272012.5878 7602643.6152, -13272024.6789 7602444.755, -13272003.0036 7602280.068, -13271913.0726 7601939.2974, -13271934.0705 7601788.2044, -13272005.6029 7601666.1619, -13272117.7254 7601580.0908, -13272276.2308 7601537.6639, -13272487.9183 7601522.4488, -13272647.6253 7601478.0137, -13272768.322 7601422.8477, -13272893.4305 7601341.3721, -13273037.5731 7601204.2039, -13273150.1013 7601040.0035, -13273226.0983 7600855.9498, -13273265.4841 7600649.2196, -13273336.9851 7600527.1834, -13273462.9183 7600430.476, -13273607.8007 7600357.6906, -13273762.9876 7600244.9558, -13273910.024 7600205.5658, -13274105.9977 7600232.8612, -13274265.8893 7600304.432, -13274393.0855 7600342.1146, -13274822.866 7600404.9837, -13275095.4282 7600511.2453, -13275491.1687 7600570.8201, -13275616.2241 7600644.3463, -13275721.1062 7600749.1957, -13275841.8699 7600836.9858, -13275974.8542 7600904.7623, -13276116.7835 7600950.8557, -13276247.6297 7600972.6935, -13276380.2357 7600976.0683, -13276528.3063 7600957.728, -13276771.9053 7600894.1506, -13276922.6759 7600915.0926, -13277083.839 7601009.8069, -13277246.8488 7601151.6181, -13277391.1761 7601233.2689, -13277579.7411 7601296.2954, -13277868.8538 7601339.4625, -13277990.69 7601411.0445, -13278248.5239 7601777.5435, -13278368.8766 7601891.7509, -13278492.6706 7601975.2322, -13278675.065 7602054.4683, -13278953.7782 7602106.4648, -13279226.3441 7602212.5476, -13279670.6466 7602278.6294, -13279806.2776 7602330.26569999, -13279935.8396 7602358.8774, -13280084.7118 7602369.118, -13280216.9601 7602358.5154, -13280362.3135 7602324.6865, -13280500.5944 7602268.4864, -13280628.3969 7602191.2997, -13280918.2554 7601964.6783, -13281065.284 7601925.142, -13281261.322 7601952.2581, -13281422.5707 7602024.2807, -13281549.8274 7602061.8509, -13281980.4162 7602124.4191, -13282254.3825 7602231.0292, -13282650.9307 7602290.3355, -13282772.8245 7602361.8483, -13282858.8799 7602474.0905, -13282900.6974 7602630.0962, -13282903.9188 7602772.3022, -13282926.0338 7602903.3964, -13283019.9347 7603143.6907, -13283124.2058 7603158.0863, -13283327.1211 7603231.7701, -13283491.1219 7603256.0419, -13283706.132 7603244.3725, -13284011.7615 7603166.5094, -13284169.5648 7603188.2744, -13284334.7147 7603250.9164, -13284497.7741 7603280.8873, -13284729.4918 7603274.37, -13285041.4165 7603196.5495, -13285192.2502 7603217.3325, -13285314.1815 7603288.8123, -13285400.284 7603401.038, -13285471.0797 7603602.6577, -13285575.3095 7603772.3365, -13285712.4717 7603916.5925, -13285869.6679 7604025.7045, -13285955.7869 7604137.934, -13286063.2669 7604513.1062, -13286126.8105 7604314.2007, -13286031.8555 7603892.289, -13286166.6782 7603592.7656, -13286274.754 7603617.0539, -13286302.0061 7603418.2201, -13286326.5743 7603384.3846, -13286477.2805 7603268.2438, -13286624.3022 7603228.594, -13286775.1401 7603249.3459, -13286897.0861 7603320.8005, -13287013.0311 7603471.8573, -13287080.4198 7603617.8577, -13287164.1493 7603741.6595, -13287266.1775 7603850.8118, -13287393.7207 7603948.9258, -13287660.2848 7603741.0022, -13287823.8429 7603670.2224, -13287938.6135 7603652.1601, -13288171.6285 7603676.2653, -13288878.9654 7603835.869, -13288996.0398 7603886.1312, -13289148.0694 7603982.8583, -13289108.0213 7604335.0097, -13289116.45 7604467.7192, -13289143.2286 7604597.964, -13289232.4847 7604812.3884, -13289408.8758 7605057.0318, -13289493.1925 7605363.4347, -13289576.1235 7605544.5725, -13289683.6879 7605692.1394, -13289817.379 7605816.428, -13289972.2839 7605912.8689, -13290133.2368 7605975.221, -13291187.7753 7605704.8798, -13292972.7383 7605933.6948, -13293623.1398 7605834.6254, -13295021.1023 7605816.0375, -13295445.8102 7605759.9934, -13296075.9851 7605790.7832, -13296804.0586 7605897.6587, -13296827.3521 7605879.6967, -13296867.3552 7605879.7767, -13296919.783 7605779.1592, -13297058.7983 7605671.7192, -13297205.8051 7605631.8536, -13297356.713 7605652.4009, -13297478.7912 7605723.7047, -13297597.4721 7605881.1986, -13297752.3355 7605881.4912, -13297982.3033 7605912.7849, -13298104.3915 7605984.081, -13298135.6308 7606024.6571, -13298440.3863 7605852.017, -13298791.0701 7605726.4801, -13299189.4683 7605546.458, -13299913.6076 7605910.2027, -13299886.0343 7606142.9988, -13300007.6122 7606093.3847, -13299819.5573 7606935.5383, -13299750.3915 7607564.761, -13299883.7688 7607556.0654, -13300315.8756 7607630.6343, -13300479.7406 7608048.1045, -13300534.8487 7608369.9284, -13300818.9984 7608796.7063, -13301000.3083 7608956.1488, -13301072.5594 7609197.0707, -13301718.4331 7609238.8883, -13302147.1811 7609680.3159, -13302262.2432 7609867.4573, -13302244.4032 7609934.029, -13302466.1721 7609939.4125, -13302850.7087 7610068.3802, -13302902.5887 7610339.0902, -13302692.4195 7610524.2029, -13302494.8098 7610639.9581, -13302374.4325 7610535.7966, -13301775.2105 7610460.5193, -13300666.2158 7609496.117, -13300507.0284 7609519.3955, -13300216.9305 7609264.2498, -13299769.2276 7608950.8621, -13299791.3203 7608767.8444, -13299060.8322 7608235.4233, -13298992.2084 7608288.4904, -13298845.1614 7608328.4052, -13298680.3928 7608299.8219, -13298480.9046 7608589.3996, -13298065.7792 7608513.6128, -13297688.0109 7608486.7629, -13297609.3859 7608063.6818, -13297518.1596 7607709.9457, -13297288.5914 7607330.9488, -13297215.8286 7607126.729, -13296870.3672 7607075.4852, -13296734.165 7607015.3221, -13296606.1276 7606980.2191, -13296374.8709 7606962.7841, -13296194.3445 7606988.8391, -13296037.2412 7607042.1097, -13295878.0169 7607131.2583, -13295635.758 7607316.846, -13295488.7102 7607356.6912, -13295289.2868 7607329.4892, -13295142.8455 7607255.5718, -13295023.6938 7607213.3155, -13295086.223 7607427.9146, -13295175.5654 7607606.0197, -13295299.9134 7607761.6204, -13295467.7921 7607896.9308, -13295615.1778 7607973.1914, -13295770.9953 7608022.0642, -13296137.3587 7608222.72779999, -13296296.5678 7608269.394, -13296543.0458 7608304.8359, -13296720.0556 7608391.6741, -13296913.6309 7608441.0275, -13297035.8439 7608512.4177, -13297122.1749 7608624.5807, -13297201.6318 7608911.7438, -13297284.7831 7609092.875, -13297403.7033 7609252.7256, -13297553.1959 7609384.3067, -13297948.2096 7609596.1839, -13298136.0176 7609662.0548, -13298350.0004 7609687.5816, -13298482.5102 7609678.9659, -13298623.9276 7609648.9063, -13298774.918 7609669.4339, -13298897.074 7609740.75020001, -13298983.4459 7609852.9086, -13299023.2888 7610000.2917, -13299002.8091 7610151.6046, -13298941.7539 7610270.5108, -13298897.8975 7610396.1203, -13298865.793 7610592.923, -13298867.4526 7610725.9941, -13298887.5781 7610857.5407, -13299015.5582 7611265.0008, -13298995.0758 7611416.3388, -13298923.8939 7611538.7786, -13298811.9419 7611625.3499, -13298664.8304 7611665.2804, -13298235.8134 7611593.6805, -13298102.9935 7611593.0091, -13297971.3723 7611610.8653, -13297631.5091 7611712.2965, -13297513.9142 7611774.1808, -13297393.3653 7611862.6107, -13297246.9191 7612021.1129, -13297139.8021 7612208.5668, -13297080.6204 7612399.0097, -13297034.7707 7612723.4744, -13296963.5456 7612845.9177, -13296851.5518 7612932.4762, -13296681.6624 7612985.0137, -13296533.3772 7613059.7471, -13296425.4911 7613137.4282, -13296318.3633 7613241.814, -13296220.0885 7613375.8626, -13296140.6298 7613540.5465, -13296096.8168 7613700.9891, -13296054.091 7614008.73, -13295982.8385 7614131.1856, -13295870.815 7614217.745, -13295723.6373 7614257.6342, -13295572.563 7614237.0364, -13295450.3636 7614165.6265, -13295361.5021 7614050.1294, -13295285.0783 7613878.3217, -13295168.9312 7613716.2868, -13295008.23 7613572.2459, -13294834.6381 7613474.5765, -13294660.8463 7613418.6144, -13294479.5928 7613396.9062, -13294281.1773 7613413.1933, -13294024.8153 7613479.6472, -13293873.76 7613459.0173, -13293626.3429 7613314.99, -13293489.647 7613254.5084, -13293345.1938 7613216.1974, -13293118.9829 7613184.3211, -13292915.8808 7613085.6252, -13292651.4204 7613029.9329, -13292509.1836 7612960.1639, -13292373.6461 7612918.5154, -13292243.1688 7612842.19389999, -13292156.8584 7612729.9138, -13292117.1308 7612582.4394, -13292137.7519 7612431.093, -13292209.0517 7612308.6992, -13292321.0908 7612222.2145, -13292478.9483 7612179.5347, -13292710.3338 7612160.6077, -13292869.3245 7612112.8977, -13293045.6041 7612020.2664, -13293309.5742 7611819.3014, -13293504.0425 7611766.6624, -13293687.0858 7611771.1955, -13293819.2609 7611758.0268, -13294041.5538 7611691.2851, -13294187.1476 7611611.4733, -13294304.5795 7611518.9327, -13294416.3041 7611395.9696, -13294505.02 7611255.4349, -13294572.8391 7611085.6625, -13294608.4784 7610889.4552, -13294604.7074 7610706.6336, -13294561.0109 7610512.0791, -13294484.7228 7610342.5646, -13294414.6503 7610106.6798, -13294340.1452 7609958.1204, -13294047.3065 7609571.2018, -13293875.7776 7609414.6828, -13293717.4909 7609323.7609, -13293544.8026 7609264.7715, -13293330.8438 7609239.1107, -13293128.2007 7609258.8269, -13292928.6775 7609231.5499, -13292806.5825 7609160.1412, -13292720.3072 7609047.9204, -13292657.6315 7608822.3701, -13292591.0337 7608670.1156, -13292519.3662 7608558.1136, -13292421.0643 7608445.4623, -13292278.9596 7608330.8333, -13291992.6215 7608163.2069, -13291854.9981 7608105.1316, -13291710.0045 7608069.3426, -13291115.7659 7607997.3408, -13290967.5869 7607957.6207, -13290819.0376 7607942.3839, -13290620.7523 7607958.5607, -13290286.4994 7608045.9288, -13289926.8929 7607996.9294, -13289794.2412 7607991.4697, -13289645.7728 7608007.4925, -13289325.5326 7608079.5673, -13289017.8916 7608023.7596, -13288835.493 7608021.0192, -13288688.0609 7608044.7884, -13288546.1528 7608091.3741, -13288427.4783 7608151.0233, -13288286.0402 7608246.6971, -13288069.4663 7608305.15779999, -13287822.9375 7608327.479, -13287604.4614 7608405.5745, -13287490.2149 7608473.3633, -13287302.7066 7608616.32549999, -13287381.5064 7608747.6856, -13287477.7621 7608862.1092, -13287604.1592 7608969.78769999, -13287732.3518 7609046.5721, -13288033.6413 7609083.07769999, -13288193.1273 7609133.1789, -13288374.2661 7609155.0275, -13288772.1794 7609148.9297, -13288903.088 7609126.6466, -13289096.6549 7609067.1247, -13289221.4733 7609075.1505, -13289325.8226 7609122.5109, -13289389.1167 7609168.6204, -13289551.0855 7609346.4588, -13289764.7613 7609488.5306, -13289850.9997 7609600.7925, -13289890.667 7609748.2233, -13289873.2755 7609875.5782, -13289919.0138 7609996.5603, -13289982.6837 7610113.3435, -13290095.3987 7610257.1358, -13290279.4224 7610407.4174, -13290366.4362 7610520.6722, -13290449.5602 7610797.6882, -13290564.3598 7610999.7531, -13290686.8346 7611135.3215, -13290830.8478 7611243.7171, -13290917.4908 7611356.4716, -13290994.8628 7611619.8925, -13291106.1526 7611823.9473, -13291238.455 7611972.9653, -13291386.4786 7612083.7956, -13291472.9982 7612196.3718, -13291512.7113 7612343.8427, -13291492.0565 7612495.3434, -13291404.2846 7612701.5981, -13291330.6718 7613162.9732, -13291269.7513 7613290.3951, -13291230.1538 7613417.476, -13291169.287 7613830.6611, -13291102.4806 7613973.5971, -13291061.6857 7614117.6637, -13291007.9243 7614498.2449, -13290920.3627 7614648.5021, -13290800.5317 7614806.1051, -13290621.5607 7615130.0476, -13290320.3686 7615365.4568, -13290166.9898 7615540.1142, -13290054.6818 7615762.44, -13289998.3127 7616032.5026, -13289926.944 7616154.9373, -13289814.8208 7616241.4334, -13289667.5697 7616281.2183, -13289429.4756 7616252.905, -13289247.1361 7616262.9473, -13288762.4985 7616405.5813, -13288546.7997 7616375.973, -13288407.4121 7616325.6178, -13288277.1084 7616299.3804, -13288127.8055 7616291.8992, -13287979.1724 7616307.9116, -13287850.5761 7616341.5626, -13287713.1061 7616400.41749999, -13287599.9429 7616470.2714, -13287315.6008 7616688.7901, -13287168.3269 7616728.5298, -13286968.6819 7616701.0833, -13286811.8483 7616632.0012, -13286668.0527 7616591.0268, -13286341.474 7616560.0244, -13286177.026 7616463.6605, -13286058.5204 7616321.1201, -13285918.3804 7616203.7882, -13285773.6805 7616122.1504, -13285633.1033 7616071.2082, -13285469.7667 7616041.2196, -13285233.1328 7616048.5096, -13284842.2829 7615997.5628, -13284595.8066 7616015.1196, -13284440.066 7615993.65559999, -13284317.9371 7615922.0493, -13284231.7043 7615809.6324, -13284142.5907 7615494.76829999, -13284035.0018 7615288.5981, -13283917.3756 7615148.6496, -13283761.3079 7615024.7148, -13283598.4716 7614941.9432, -13283439.1929 7614894.9735, -13283073.3676 7614845.5263, -13282822.8994 7614863.8581, -13282667.7944 7614842.4442, -13282545.6997 7614770.8192, -13282459.5057 7614658.3981, -13282419.9522 7614510.8314, -13282433.5692 7614367.7012, -13282425.5032 7614218.1557, -13282394.1921 7614071.7182, -13282340.4079 7613931.9943, -13282265.4761 7613802.4233, -13282083.6839 7613564.24140001, -13281901.5966 7613394.6262, -13281697.4382 7613283.9572, -13281472.6302 7613226.0626, -13281240.5237 7613224.3797, -13280981.9847 7613283.2147, -13280830.9612 7613262.3263, -13280474.3073 7613043.82240001, -13280239.1472 7612963.0405, -13280074.1975 7612944.4311, -13279892.1167 7612957.4303, -13279731.4652 7612999.2854, -13279566.1215 7613076.8024, -13279443.821 7613162.8446, -13279336.4554 7613266.9988, -13279255.7038 7613372.7224, -13279138.5343 7613570.3874, -13279026.3218 7613656.6986, -13278841.2501 7613715.0066, -13278694.0862 7613791.9911, -13278574.8352 7613882.2532, -13278466.1118 7613996.3347, -13278515.6827 7614280.8266, -13278566.4129 7614403.0379, -13278633.9851 7614517.693, -13278716.8257 7614621.809, -13278826.2542 7614723.8272, -13278935.8573 7614799.122, -13279054.853 7614858.3973, -13279229.5279 7614911.6806, -13279610.0183 7614966.2384, -13279837.0012 7615086.0677, -13280078.3567 7615146.0315, -13280227.7438 7615151.0581, -13280376.0759 7615132.602, -13280519.6993 7615091.1181, -13280642.4109 7615034.6871, -13280818.1091 7614987.4393, -13280969.1667 7615008.3316, -13281091.2512 7615079.9843, -13281177.4304 7615192.4274, -13281216.9641 7615340.0142, -13281193.2433 7615512.2899, -13281148.0172 7615646.3313, -13281123.9903 7615777.3143, -13281118.993 7615927.0254, -13281134.2327 7616059.3293, -13281204.3844 7616281.14, -13281335.5564 7616492.0851, -13281377.8583 7616649.9896, -13281399.8166 7616900.05919999, -13281470.355 7617104.3363, -13281584.9477 7617287.4803, -13281750.843 7617450.3386, -13281951.1342 7617568.1396, -13282185.5678 7617635.7095, -13282308.01 7617707.5443, -13282394.2373 7617820.0107, -13282433.8091 7617967.6405, -13282406.2939 7618167.7215, -13282297.9685 7618427.994, -13282263.7481 7618674.9125, -13282283.1667 7618873.6035, -13282384.8919 7619259.7515, -13282357.3717 7619459.8661, -13282279.3723 7619627.1355, -13282232.447 7619786.838, -13282215.3053 7619918.9746, -13282218.1592 7620068.8223, -13282240.3206 7620200.2121, -13282334.8618 7620554.0878, -13282314.6313 7620722.1961, -13282316.0105 7620855.4537, -13282339.6537 7621003.4624, -13282386.1132 7621145.9452, -13282463.0863 7621293.517, -13282564.4658 7621425.454, -13282687.1721 7621537.7457, -13282841.3341 7621636.564, -13282927.6148 7621749.0803, -13282967.2193 7621896.7818, -13282946.396 7622048.2953, -13282870.5728 7622188.2598, -13282819.6454 7622329.2252, -13282785.6898 7622559.5981, -13282808.3606 7622791.3664, -13282929.4341 7623191.5625, -13282908.6073 7623343.1015, -13282837.0588 7623465.5908, -13282724.7479 7623552.0701, -13282463.6757 7623624.2615, -13282296.8073 7623699.0437, -13282147.2402 7623804.35589999, -13282020.4699 7623936.331, -13281936.9907 7624060.7826, -13281873.9652 7624196.79, -13281832.9462 7624341.005, -13281795.4539 7624600.0256, -13281723.876 7624722.5257, -13281611.5342 7624809.0035, -13281464.0728 7624848.6802, -13281310.1356 7624827.4054, -13281087.7258 7624743.7438, -13280906.6451 7624718.5168, -13280691.2623 7624733.9257, -13280395.353 7624810.5326, -13280241.3446 7624789.2262, -13280019.5438 7624705.8506, -13279838.4669 7624680.5983, -13279623.0821 7624695.977, -13279327.7468 7624772.3855, -13279176.4995 7624751.4394, -13279054.2755 7624679.66969999, -13278968.0163 7624567.0661, -13278928.4731 7624419.2909, -13278945.9176 7624234.0827, -13278932.6736 7624068.0328, -13278896.2955 7623922.5765, -13278837.6599 7623784.6158, -13278758.2115 7623657.5466, -13278671.6896 7623556.2755, -13278558.6435 7623458.0351, -13278399.7341 7623358.5172, -13278313.4995 7623245.9245, -13278270.4638 7623085.0394, -13278251.6495 7622862.3629, -13278198.0152 7622687.26959999, -13278083.3532 7622484.7077, -13277923.2012 7622315.9605, -13277786.1354 7622221.7781, -13277634.8339 7622152.8748, -13277373.1238 7622097.0049, -13277195.0534 7622024.0235, -13277015.6177 7621989.2531, -13276783.3215 7621995.5677, -13276368.417 7622099.7549, -13276185.5922 7622103.8617, -13276006.8547 7622142.089, -13275883.1343 7622191.0418, -13275759.1434 7622262.3712, -13275874.5994 7622389.153, -13276003.0847 7622488.1881, -13276090.5694 7622602.4851, -13276190.2589 7622971.9019, -13276274.4784 7623162.9469, -13276331.5661 7623376.5861, -13276310.608 7623528.1143, -13276238.9506 7623650.5479, -13276017.7739 7623835.5707, -13275933.2313 7623938.5149, -13275863.8068 7624052.2484, -13275686.1368 7624504.5933, -13275620.4806 7624901.5136, -13275548.7998 7625023.9633, -13275436.3819 7625110.3554, -13275265.5698 7625169.9057, -13275104.5739 7625263.613, -13274912.2613 7625346.3379, -13274641.9105 7625542.5113, -13274627.0694 7625722.2216, -13274542.3246 7625956.2264, -13274486.1847 7626339.4491, -13274385.895 7626566.3478, -13274347.0901 7626812.8589, -13274366.0503 7627028.4682, -13274504.3577 7627494.76959999, -13274519.5887 7627710.3975, -13274616.3708 7628083.9936, -13274595.3682 7628235.6111, -13274523.641 7628358.1054, -13274411.1629 7628444.52179999, -13274263.591 7628484.0809, -13273838.6029 7628413.7839, -13273587.3406 7628427.4745, -13273672.2705 7628538.2632, -13273808.2736 7628660.8384, -13273994.0852 7628761.5673, -13274112.2397 7628857.3645, -13274205.7874 7629160.9095, -13274104.1221 7629320.5357, -13274050.7407 7629495.8745, -13274036.1429 7629778.208, -13273996.2951 7630030.6139, -13273935.4121 7630185.7608, -13273896.5776 7630432.3864, -13273904.7205 7630651.4015, -13273858.0025 7630804.3062, -13273733.8354 7630915.1235, -13273550.009 7631007.7631, -13273331.2863 7630947.0659, -13273037.9269 7630834.5616, -13272453.5067 7630825.90519999, -13272216.1377 7630706.4067, -13272005.5541 7630657.766, -13271772.915 7630659.8744, -13271650.8036 7630684.2279, -13271101.1476 7630501.958, -13270512.2068 7630495.6945, -13270196.7544 7630325.6179, -13269951.9952 7630425.8286, -13269845.9469 7630421.7143, -13269640.1024 7630364.9406, -13269385.1673 7630152.7767, -13269359.0329 7629909.3886, -13269438.7107 7629730.7275, -13269551.2655 7629644.368, -13269698.8866 7629604.8925, -13269766.6963 7629399.144, -13269772.4992 7629265.8521, -13269752.7069 7629195.3081, -13269750.199 7629083.9052, -13269686.8906 7628894.3221, -13269585.6349 7628722.0744, -13269438.2892 7628563.7382, -13269253.9305 7628439.9912, -13269439.4368 7628417.5882, -13269613.4012 7628360.9468, -13269773.3805 7628272.0809, -13270025.067 7628049.3253, -13270174.6104 7627650.787, -13270213.4895 7627491.7716, -13270195.1215 7627467.7371, -13270191.5261 7627408.0209, -13270206.9348 7627297.2546, -13270069.0974 7627433.7737, -13269956.5628 7627605.2798, -13269922.0099 7627428.7519, -13269853.4901 7627258.8296, -13269753.8773 7627105.1324, -13269639.3995 7626984.2526, -13269519.838 7626893.9703, -13269387.6569 7626823.5402, -13269229.9542 7626770.6585, -13269039.2411 7626739.4506, -13268917.0755 7626667.4983, -13268830.939 7626554.7478, -13268791.5786 7626406.8769, -13268812.6923 7626255.3087, -13268845.5208 7626199.3415, -13268722.3507 7626158.21, -13268500.4393 7626120.8457, -13268325.1684 7626031.0708, -13268324.203 7626014.3428, -13268209.6576 7625993.7231, -13268126.0185 7625955.1187, -13268050.5697 7625896.6919, -13267990.8909 7625889.2073, -13267695.5275 7625739.1793, -13267693.0594 7625725.8254, -13267376.4747 7625666.5018, -13267210.3604 7625659.1837, -13267061.7868 7625677.4153, -13266831.1545 7625737.2158, -13266821.3635 7625941.9672, -13267865.2232 7627008.567, -13267870.5986 7627144.0353, -13267762.6213 7627188.8813, -13267675.3386 7627071.8008, -13267548.7712 7626999.1958, -13267417.6099 7626976.597, -13267377.1638 7627002.0157, -13267310.3931 7626845.4315, -13267360.9915 7626861.4708, -13267125.4989 7626692.2275, -13266879.3524 7626787.55699999, -13266827.0091 7626679.8196, -13266941.7684 7626558.0764, -13266866.0173 7626379.0958, -13266458.3731 7626140.0105, -13266200.3649 7626228.3841, -13266047.8113 7626482.4557, -13266186.4722 7626692.0441, -13265955.998 7626920.2684, -13266123.4884 7627227.5737, -13265957.9968 7627394.4789, -13265732.2075 7627385.255, -13265865.4306 7627189.7149, -13265777.7074 7626938.7593, -13265929.4759 7626734.4518, -13265918.6195 7626429.1142, -13265804.9757 7626191.2343, -13265693.072 7626045.0467, -13265509.0395 7626094.4765, -13265119.2981 7626339.9818, -13265109.2638 7626615.9841, -13264993.6649 7626787.4762, -13264906.3838 7626745.4674, -13264791.8895 7626837.8919, -13264679.4594 7626960.6861, -13264554.7879 7627176.7479, -13264508.4296 7627319.4003, -13264472.8972 7627541.0382, -13264401.0121 7627663.4303, -13264041.3342 7627950.8896, -13263935.4437 7628079.4208, -13263853.4319 7628224.4268, -13263789.9917 7628413.9516, -13263744.9113 7628714.2537, -13263647.0015 7628915.1818, -13263596.4816 7629142.7051, -13263593.7523 7629292.7447, -13263614.4802 7629441.3679, -13263703.8289 7629684.1841, -13263751.7227 7629864.5855, -13263730.5004 7630016.214, -13263658.581 7630138.6395, -13263545.9507 7630224.9195, -13263289.0282 7630296.5318, -13263137.5739 7630365.5463, -13263013.3321 7630449.3703, -13262892.545 7630564.0341, -13262793.4596 7630697.9746, -13262713.1029 7630862.7041, -13262671.6881 7631006.9513, -13262631.8189 7631278.2521, -13262559.8705 7631400.688, -13262447.2089 7631486.9669, -13262089.0697 7631583.3572, -13261866.9936 7631686.2081, -13261674.9789 7631737.3447, -13261475.0159 7631709.185, -13261125.8976 7631484.52269999, -13260911.0263 7631395.0581), (-13244910.9512 7624675.7687, -13245182.5062 7624140.3355, -13247480.7058 7624150.8689, -13247417.636 7624057.1158, -13247343.4544 7623834.1021, -13247266.0697 7623679.8424, -13247052.3904 7623410.8495, -13246926.2754 7623223.354, -13246815.107 7623107.154, -13246383.1863 7622861.7048, -13246197.4169 7622886.952, -13246060.6819 7622826.3557, -13245933.0008 7622797.7031, -13245780.4577 7622712.7658, -13245715.0815 7622640.7991, -13245657.1905 7622449.3361, -13245532.8466 7622478.2107, -13245369.4974 7622455.231, -13244964.4939 7622175.6914, -13243530.307 7622965.9512, -13243243.9036 7623307.2516, -13243219.1282 7623752.5122, -13243265.2367 7624052.9634, -13243256.7473 7624093.149, -13243631.9009 7624291.5768, -13243951.6362 7624402.9816, -13244155.3365 7624438.0961, -13244488.9687 7624602.8086, -13244910.9512 7624675.7687)), ((-13285296.2345 7619108.6392, -13285237.8767 7619035.5636, -13285187.4341 7618878.3733, -13285200.141 7618730.18, -13285367.4812 7618404.3722, -13285411.6035 7618278.7023, -13285444.7236 7618119.3872, -13285536.2007 7617944.3849, -13285651.1225 7617849.0546, -13285838.2925 7617763.9054, -13286069.1163 7617601.7587, -13286213.6638 7617568.0626, -13286359.9747 7617592.9656, -13286687.4033 7617783.8126, -13286829.7068 7617829.797, -13287005.6027 7617861.7795, -13287130.9517 7617941.40380001, -13287215.8518 7618063.3887, -13287247.1067 7618208.7789, -13287216.8552 7618371.0742, -13287168.1663 7618450.9347, -13287112.9167 7618493.7792, -13287243.5009 7618586.2733, -13287408.8399 7618637.8561, -13287405.0703 7618728.8545, -13287348.3982 7618737.2357, -13287254.8764 7618690.6383, -13287126.3853 7618694.0307, -13287102.5756 7618619.1161, -13287002.5722 7618620.6955, -13286917.8531 7618788.4893, -13286842.1886 7618798.07370001, -13286774.2137 7618778.5078, -13286607.7002 7618813.8882, -13286660.1641 7619010.26519999, -13286438.8769 7619129.4093, -13286176.83 7619131.7083, -13286050.9275 7619009.289, -13285865.4128 7619083.2462, -13285728.7014 7619174.01, -13285585.3129 7619212.4766, -13285438.2304 7619192.4164, -13285296.2345 7619108.6392)), ((-13267781.3577 7627818.7442, -13268165.6007 7627780.9276, -13268529.682 7628117.3291, -13268745.9245 7628376.6928, -13268311.559 7628532.3834, -13267968.3349 7628539.0095, -13267679.9228 7628269.6781, -13267781.3577 7627818.7442)), ((-13266755.3305 7630848.4916, -13266756.7392 7630541.2862, -13267038.8584 7630658.9922, -13267119.3437 7630899.4961, -13267001.1039 7631004.2983, -13266755.3305 7630848.4916)))"
39,20967,532,2023-10-15 06:33:14,WWF023,Eagle Complex,66443.3,2023-06-05,1852,0 - hand sketch of any type,Wildfire,Under Control,2023/07/19 12:30:00,E,66436.7,1683295380000,Lightning,3,d5108699-5cf5-4acd-889b-b403a6d01645,1968471879.35938,663154.793128531,"POLYGON ((-13010007.6297 7284856.159, -13009991.9007 7284978.2815, -13009330.1853 7284932.7514, -13009324.7115 7285008.4518, -13009390.578 7285190.2678, -13009471.8522 7285329.2286, -13009429.3248 7285465.5722, -13009323.2221 7285528.6128, -13009248.9807 7285607.0785, -13009269.2927 7285797.7699, -13009218.9404 7285913.85, -13009273.7448 7285965.9392, -13009345.2212 7286071.1319, -13009371.1392 7286185.1876, -13009312.7539 7286286.188, -13009122.0792 7286284.3102, -13008961.0847 7286427.0187, -13008795.3944 7286474.7986, -13008497.5175 7286668.6222, -13008420.2892 7286788.4231, -13008375.7521 7286975.5351, -13008386.5035 7287148.7913, -13008446.3671 7287308.3544, -13008551.2904 7287534.9068, -13008745.8499 7287876.8583, -13008799.5463 7288036.597, -13008814.3619 7288129.1844, -13008788.2051 7288309.644, -13008735.1974 7288410.2332, -13008589.9678 7288531.8658, -13008443.917 7288622.5237, -13008262.0829 7288763.7207, -13008050.3344 7288846.2983, -13007942.9552 7288858.9511, -13007719.4609 7288827.6587, -13007588.5205 7288787.7196, -13007450.2624 7288704.5772, -13007170.5075 7288414.3928, -13006969.9841 7288078.735, -13006831.118 7287735.2679, -13006777.1397 7287563.133, -13006594.8711 7287214.6267, -13006422.6797 7287014.6141, -13006233.5745 7286877.0231, -13006051.4624 7286770.2351, -13005589.6727 7286608.7801, -13005408.2191 7286526.7536, -13005118.991 7286342.1784, -13005055.4328 7286275.6648, -13004973.6595 7286222.0199, -13004724.5731 7286154.137, -13004077.055 7286220.5303, -13003940.4764 7286199.2815, -13003815.9373 7286165.3246, -13003659.0684 7286076.4285, -13003532.3006 7285955.7671, -13003325.053 7285830.9879, -13003150.4557 7285773.5276, -13002878.1018 7285600.846, -13002670.0764 7285364.5377, -13002458.2605 7285060.1694, -13002375.8835 7284981.7367, -13002244.5606 7284681.5039, -13002169.0053 7284386.0443, -13002091.7083 7284264.1155, -13001929.3519 7284200.1299, -13001811.5043 7284184.5651, -13001492.3228 7284273.2833, -13001124.8143 7284406.5943, -13000902.573 7284418.4644, -13000644.7294 7284245.3656, -13000479.7166 7284076.0942, -13000329.5747 7284005.5708, -13000021.6416 7284050.5724, -12999912.0118 7284115.3114, -12999771.348 7284175.1222, -12999507.5732 7284255.67629999, -12999411.3844 7284363.4389, -12999402.6193 7284506.1629, -12999480.9703 7284671.4662, -12999707.9121 7284845.3967, -12999845.3955 7284903.8689, -12999969.7416 7284931.6922, -13000108.4817 7285039.6981, -13000347.0205 7285182.3418, -13000513.6243 7285413.5643, -13000516.4506 7285525.0304, -13000452.7236 7285693.9635, -13000410.571 7285738.4139, -13000153.5687 7285844.1013, -12999900.3901 7285856.731, -12999738.1741 7285798.88, -12999632.977 7285795.3515, -12999429.8549 7285831.4838, -12999313.8603 7285890.193, -12999211.4699 7285998.1321, -12999104.4569 7286168.159, -12999004.7094 7286381.3852, -12998847.1607 7286509.3124, -12998607.8725 7286583.5241, -12998477.9469 7286580.6034, -12998302.7458 7286498.255, -12998232.5983 7286413.2591, -12998186.7039 7286309.0617, -12998137.3974 7286068.6156, -12998173.5128 7285782.6495, -12998152.6487 7285690.2233, -12998095.1779 7285617.3094, -12998038.4834 7285575.3592, -12997852.811 7285567.634, -12997705.9142 7285627.0937, -12997609.5289 7285728.6606, -12997520.7198 7286133.6871, -12997474.2243 7286252.5983, -12997402.8551 7286365.9375, -12997208.9754 7286525.7287, -12997129.7221 7286571.0951, -12997019.2615 7286604.847, -12996839.4367 7286584.5553, -12996646.7917 7286545.9875, -12996546.6875 7286498.9082, -12996140.2207 7286564.8206, -12995911.4225 7286564.3195, -12995743.6538 7286531.3079, -12995443.5142 7286396.22600001, -12995335.557 7286281.1582, -12995222.0351 7286191.0169, -12994989.1979 7285775.396, -12994929.9241 7285628.1432, -12994756.8429 7285378.3679, -12994616.6457 7285208.3359, -12994413.7571 7285002.676, -12994312.621 7284912.2308, -12994181.356 7284853.5082, -12993953.0626 7284871.526, -12993886.6188 7284935.1226, -12993847.0119 7285084.8048, -12993874.6092 7285201.854, -12993984.3524 7285391.2385, -12994079.4642 7285488.0386, -12994680.7049 7285801.6193, -12994757.2929 7285898.8744, -12994848.3769 7286082.5284, -12994899.7195 7286409.7049, -12994813.1286 7286659.7413, -12994785.7383 7286802.9615, -12994776.7343 7286939.5315, -12994818.0854 7287112.0448, -12994870.7306 7287240.897, -12995013.4139 7287510.0766, -12995383.1982 7287959.5822, -12995743.7775 7288285.3499, -12996000.2485 7288402.9445, -12996255.8416 7288483.361, -12996522.5519 7288513.9009, -12996738.1199 7288477.5222, -12996933.9045 7288371.8455, -12996940.6637 7288385.3251, -12997053.6693 7288234.0758, -12997082.7211 7288158.9644, -12997077.009 7287929.7609, -12997032.6462 7287757.5703, -12997031.8996 7287608.5765, -12997084.59 7287489.4926, -12997237.0887 7287405.0985, -12997411.5262 7287456.509, -12997518.6016 7287534.3988, -12997610.3885 7287742.8355, -12997608.3873 7287910.2421, -12997482.4768 7288564.2663, -12997402.127 7288814.244, -12997387.14 7288957.202, -12997334.1512 7290303.8881, -12997396.5834 7290469.9578, -12996935.4161 7290511.2591, -12997046.4445 7290614.7059, -12997103.1598 7290714.572, -12997146.8837 7290688.773, -12997179.7069 7290720.0661, -12997193.0699 7290860.5459, -12997256.8096 7290945.4151, -12997515.5872 7290943.8665, -12997928.5148 7290995.2556, -12998131.1425 7291113.6833, -12998176.536 7291154.5397, -12998231.6857 7291387.8567, -12998213.365 7291640.3258, -12998262.305 7291920.7583, -12998238.1017 7291938.6637, -12998137.8836 7291874.4761, -12997826.157 7291731.60189999, -12997690.1521 7291517.5979, -12997672.7838 7291513.0928, -12997649.7531 7291577.9087, -12997566.1197 7291683.7778, -12997480.6534 7291731.6999, -12997324.7414 7291662.1145, -12997165.1891 7291691.4766, -12997087.4392 7291764.9594, -12997023.5693 7291773.9708, -12996921.3843 7291927.2448, -12996856.1127 7292082.3036, -12996875.6343 7292262.5173, -12996848.1092 7292399.6481, -12996833.1911 7292421.725, -12996907.7521 7292468.7073, -12997022.8765 7292438.6456, -12997035.9343 7292467.9701, -12997007.4142 7292510.6905, -12996968.6689 7292538.841, -12996896.9704 7292530.7511, -12996744.0197 7292626.003, -12996649.1609 7292581.1946, -12996586.9676 7292598.4392, -12996462.8189 7292582.9327, -12996362.0224 7292511.0231, -12996266.9503 7292420.364, -12996212.3417 7292286.1084, -12996156.435 7292195.9002, -12996038.8003 7292124.7053, -12996025.4407 7292083.0337, -12996033.8876 7292025.9945, -12996110.1544 7291920.3209, -12996108.3782 7291848.7128, -12996153.0574 7291662.2946, -12996156.882 7291617.7266, -12996122.7727 7291534.5738, -12996194.0454 7291426.5598, -12996202.5515 7291371.994, -12996155.2078 7291116.8641, -12996122.7329 7291096.8442, -12995948.5294 7291057.7764, -12995681.3657 7291072.2574, -12995598.867 7291167.3231, -12995578.7648 7291348.5118, -12995524.2124 7291296.4811, -12995521.0664 7291169.256, -12995422.0821 7291142.9684, -12995118.0577 7291109.4453, -12994958.3629 7291113.40209999, -12994542.6729 7291037.4503, -12994417.1493 7291098.042, -12994266.3494 7291130.5104, -12994179.4524 7291095.6959, -12993863.7539 7291087.0509, -12993821.3982 7291030.6035, -12993823.0787 7290932.0081, -12993776.7301 7290879.7662, -12993669.7667 7290861.8666, -12993634.8993 7290776.4912, -12993632.2198 7290667.0565, -12993591.241 7290666.6955, -12993582.1237 7290461.6098, -12993592.4983 7290383.3383, -12993578.7084 7290322.0862, -12993549.0436 7290281.7548, -12993543.6436 7290228.5092, -12993571.2994 7290186.769, -12993582.2765 7290133.1214, -12993568.8888 7290088.2849, -12993579.3636 7290014.1205, -12993525.8378 7290003.1189, -12993489.7932 7290036.852, -12993363.1736 7290052.2807, -12993309.8484 7290049.4843, -12993280.487 7290021.46369999, -12993295.1588 7289951.3034, -12993327.6111 7289938.1889, -12993377.8448 7289982.1198, -12993500.8709 7289987.3089, -12993491.6787 7289946.47600001, -12993544.1998 7289916.4439, -12993553.9715 7289813.5579, -12993483.8701 7289794.752, -12993450.214 7289758.6269, -12993372.4268 7289760.5379, -12993334.6774 7289724.5131, -12993207.3608 7289711.2154, -12993169.3118 7289662.8801, -12993087.1309 7289652.579, -12993016.5311 7289613.2528, -12993028.012 7289580.126, -12993106.0981 7289590.5281, -12993162.3115 7289543.9868, -12993162.8979 7289400.2754, -12993132.3371 7289323.0194, -12993247.3656 7289336.6191, -12993276.4235 7289352.32810001, -12993281.3197 7289385.0525, -12993351.2163 7289395.653, -12993373.2717 7289292.4724, -12993355.7929 7289247.741, -12993322.4407 7289223.9268, -12993260.3321 7289196.7132, -12993182.2498 7289186.313, -12993129.5316 7289208.1337, -12993047.656 7289210.1416, -12993015.7067 7289243.7689, -12993012.8146 7289293.1061, -12992882.4123 7289320.935, -12992846.5681 7289362.8685, -12992843.5746 7289408.1031, -12992779.4726 7289467.1514, -12992730.5454 7289476.5606, -12992713.421 7289505.7811, -12992687.4312 7289492.5536, -12992670.3359 7289527.3017, -12992558.6002 7289480.7677, -12992424.4985 7289525.1025, -12992362.6899 7289510.1902, -12992281.5322 7289828.3134, -12992247.551 7289829.1432, -12992110.6507 7289758.5805, -12992071.6031 7289837.5431, -12992031.4589 7289871.3689, -12991952.7737 7289836.3353, -12991748.8781 7289705.8129, -12991695.357 7289694.7989, -12991628.6588 7289647.1537, -12991515.139 7289526.7455, -12991461.4206 7289507.5237, -12991423.7806 7289475.5938, -12991372.8661 7289402.9307, -12991239.5789 7289311.7412, -12991155.9873 7289412.3045, -12991032.3767 7289382.4597, -12990831.7747 7289387.3239, -12990675.2166 7289350.0609, -12990604.137 7289290.1987, -12990589.9771 7289212.537, -12990542.1774 7289098.7414, -12990440.3269 7289121.7323, -12990449.8975 7289178.977, -12990318.1579 7289321.749, -12990335.6195 7289366.4878, -12990406.2039 7289405.837, -12990419.5723 7289450.6753, -12990401.1765 7289537.338, -12990319.4938 7289547.5241, -12990220.1521 7289504.7624, -12990057.3355 7289728.9423, -12989826.9989 7289657.6711, -12989620.1638 7289544.86, -12989535.841 7289479.0364, -12989518.8326 7289483.3139, -12989406.1141 7289388.8216, -12988941.5415 7289102.4094, -12988772.8588 7289032.0632, -12988672.0299 7288953.8896, -12988589.0096 7288844.2935, -12988529.9617 7288701.9356, -12988582.1801 7288669.7068, -12988666.0906 7288581.4889, -12988695.6096 7288445.3134, -12988759.5388 7288378.1008, -12988834.474 7288257.2595, -12988809.2285 7288229.13, -12988743.2455 7288210.1869, -12988540.1293 7288108.3244, -12988396.4634 7287922.9398, -12988279.6229 7287909.6723, -12987744.0726 7287643.3512, -12987535.8521 7287468.5674, -12987326.9077 7287262.8099, -12986901.9937 7286814.2764, -12986806.0758 7286680.208, -12986502.869 7286408.5152, -12986379.5631 7286321.2922, -12986255.2216 7286330.475, -12986041.785 7286218.1459, -12985950.1862 7285895.5146, -12985838.4317 7285761.1484, -12985725.025 7285670.8736, -12985624.9961 7285623.6586, -12985479.9189 7285592.1564, -12985476.3953 7285512.5189, -12985451.1347 7285530.448, -12985379.6995 7285523.7246, -12985348.0544 7285537.6013, -12985320.7056 7285533.5171, -12985307.1923 7285515.9753, -12985288.4704 7285522.1937, -12985259.0586 7285497.1466, -12985231.9556 7285503.5619, -12985209.4732 7285528.2535, -12985185.877 7285527.7576, -12985176.7968 7285565.2662, -12985160.7305 7285572.998, -12985142.1515 7285562.9288, -12985120.4828 7285577.6208, -12985116.9185 7285604.4943, -12985085.2767 7285573.7202, -12985076.0567 7285582.8667, -12985036.4268 7285569.0896, -12985054.2815 7285615.4209, -12985014.9867 7285638.4061, -12984985.9765 7285608.0951, -12984964.2093 7285618.5866, -12984960.3906 7285657.0226, -12984973.4163 7285676.1527, -12984954.3293 7285689.2079, -12984955.3119 7285663.9707, -12984929.457 7285634.1107, -12984902.7667 7285635.7877, -12984848.5032 7285601.3412, -12984849.8172 7285590.2793, -12984807.1806 7285583.9396, -12984786.97 7285598.0612, -12984788.3838 7285619.0776, -12984782.2716 7285604.4168, -12984767.4781 7285613.3225, -12984766.0224 7285600.403, -12984730.6698 7285588.741, -12984731.1756 7285560.9716, -12984755.0945 7285525.2306, -12984687.8048 7285472.7127, -12984692.8685 7285435.558, -12984664.0424 7285392.7965, -12984743.1489 7285498.3921, -12984763.9256 7285511.9581, -12984781.6718 7285499.6462, -12984799.0144 7285461.5359, -12984768.6505 7285446.0563, -12984762.788 7285412.4227, -12984752.6065 7285411.2736, -12984759.7785 7285370.4339, -12984781.7359 7285353.4587, -12984763.1111 7285317.7745, -12984767.9959 7285292.5125, -12984673.37 7285284.2148, -12984675.5695 7285319.8269, -12984699.3773 7285343.0446, -12984678.9157 7285365.4714, -12984641.559 7285314.219, -12984643.2124 7285297.3583, -12984607.5123 7285284.1726, -12984595.1167 7285260.6232, -12984424.9335 7285208.579, -12984443.5647 7285195.6355, -12984473.2746 7285212.272, -12984509.4636 7285208.1559, -12984536.9699 7285232.1342, -12984568.5625 7285231.3104, -12984580.4438 7285226.9885, -12984570.9842 7285206.6906, -12984602.0678 7285199.0862, -12984633.5377 7285222.1638, -12984652.143 7285201.4381, -12984673.369 7285211.2382, -12984670.0719 7285239.64940001, -12984698.6093 7285255.6756, -12984792.8975 7285259.9212, -12984836.7586 7285253.6713, -12984845.1862 7285237.4041, -12984861.7679 7285251.8018, -12984879.3019 7285245.049, -12984901.6908 7285268.4258, -12984934.8407 7285243.9458, -12984939.2389 7285207.6049, -12984946.954 7285238.8788, -12984979.0624 7285255.7881, -12984990.989 7285291.8153, -12984987.2648 7285122.3696, -12985056.8526 7285122.7279, -12985243.8098 7285186.4923, -12985361.7873 7285208.5023, -12985685.8465 7285318.60010001, -12985827.9611 7285315.2493, -12985907.414 7285276.1973, -12985968.1839 7285231.3892, -12986015.5767 7285143.5235, -12986013.8301 7285069.2112, -12985967.9598 7284958.765, -12985809.8597 7284807.5963, -12985552.6213 7284646.3712, -12985440.5399 7284611.8354, -12985279.4678 7284597.0377, -12985094.2622 7284607.5865, -12984836.0723 7284669.4094, -12984736.6768 7284671.7405, -12984628.3894 7284866.5276, -12984279.5391 7284968.5671, -12984255.1373 7285017.4909, -12984197.3526 7285030.4857, -12984165.6567 7284833.2862, -12984187.7048 7284782.3163, -12984163.8516 7284755.7062, -12984150.9775 7284701.67189999, -12984107.2323 7284652.2404, -12984068.8011 7284664.78149999, -12984056.4689 7284634.0211, -12983984.9123 7284554.191, -12983988.068 7284689.9534, -12983965.478 7284717.6484, -12983888.0735 7284719.4552, -12983890.5919 7284661.1804, -12983839.919 7284646.8386, -12983784.4756 7284593.7977, -12983729.5731 7284564.03, -12983641.73 7284449.6486, -12983477.208 7284368.1009, -12983358.9501 7284277.7125, -12983325.0256 7284150.4346, -12983159.0663 7284173.6978, -12983159.9638 7284212.4851, -12983250.4101 7284272.4757, -12983385.1355 7284405.1723, -12983335.6331 7284441.2526, -12983298.7286 7284519.7302, -12983230.1436 7284567.8972, -12983158.315 7284499.5238, -12983154.3669 7284472.6344, -12983040.6088 7284409.3019, -12983031.9718 7284370.6934, -12983069.2371 7284307.7336, -12983014.5186 7284285.7195, -12982965.4635 7284341.1908, -12982900.6584 7284385.385, -12982886.7015 7284451.6847, -12982824.1528 7284425.9696, -12982775.9205 7284349.4703, -12982752.847 7284282.232, -12982710.3209 7284252.4668, -12982640.9405 7284248.9303, -12982566.129 7284149.7098, -12982578.4123 7284056.6676, -12982504.3438 7283944.6086, -12982522.8561 7283926.102, -12982517.5995 7283893.6835, -12982589.7354 7283854.0489, -12982543.0781 7283825.3016, -12982532.4966 7283796.6224, -12982500.3184 7283809.1182, -12982484.4536 7283785.9846, -12982423.9393 7283754.2974, -12982433.6089 7283732.0253, -12982419.1997 7283654.6259, -12982402.4696 7283672.1866, -12982371.6157 7283663.8621, -12982352.4442 7283614.5932, -12982327.4563 7283626.0177, -12982316.453 7283618.1374, -12982306.8295 7283631.0142, -12982282.9715 7283534.8533, -12982220.9116 7283502.846, -12982222.2016 7283441.3547, -12982197.8658 7283441.9174, -12982187.1458 7283392.9306, -12982210.7214 7283295.1992, -12982201.4454 7283244.7996, -12982179.1907 7283218.1996, -12982195.0397 7283201.5646, -12982208.871 7283214.8021, -12982222.2033 7283206.35939999, -12982229.0809 7283191.7395, -12982212.0469 7283156.8847, -12982230.7939 7283109.4532, -12982170.644 7283081.9222, -12982172.1423 7283029.4673, -12982125.6292 7283045.9068, -12982110.8141 7283029.0771, -12982115.4582 7283074.1597, -12982098.4118 7283077.9427, -12982100.5648 7283132.3471, -12982125.1075 7283140.818, -12982123.692 7283196.887, -12982101.7492 7283183.8368, -12982082.8013 7283183.3709, -12982080.3468 7283194.2733, -12982104.9103 7283203.6477, -12982103.7103 7283229.886, -12982123.0116 7283245.7088, -12982100.4584 7283245.3261, -12982089.5102 7283279.0205, -12982022.8798 7283165.77489999, -12982058.3705 7283140.5524, -12982062.3369 7283116.9618, -12982038.3088 7283076.9848, -12982027.0206 7283110.5472, -12981999.629 7283095.8151, -12982012.276 7283057.5636, -12981996.269 7283028.1079, -12981938.9438 7283123.4265, -12981958.1323 7283173.5968, -12981841.6905 7283207.9178, -12981823.7451 7283133.3156, -12981744.1623 7283123.4018, -12981770.5466 7283055.0083, -12981750.2002 7283032.8827, -12981722.302 7283035.3335, -12981694.7454 7283013.3741, -12981728.8376 7282966.4947, -12981736.8671 7282918.6207, -12981769.2212 7282892.4588, -12981779.3463 7282851.3816, -12981764.8735 7282834.5712, -12981725.427 7282847.5825, -12981709.7056 7282820.2118, -12981665.8258 7282793.4901, -12981683.338 7282767.37039999, -12981686.4817 7282728.976, -12981654.3927 7282689.8812, -12981616.5882 7282686.7187, -12981609.9297 7282571.9081, -12981584.5808 7282563.4162, -12981568.7388 7282596.5557, -12981538.2401 7282604.8216, -12981460.4189 7282567.7883, -12981450.2524 7282585.166, -12981443.427 7282572.7176, -12981426.539 7282582.1824, -12981403.3293 7282535.3197, -12981357.9628 7282520.0121, -12981229.8277 7282373.5122, -12981198.7244 7282410.8326, -12981186.5356 7282476.698, -12981203.7899 7282499.1799, -12981175.3443 7282519.6621, -12981054.8362 7282507.1787, -12981032.0337 7282574.8137, -12981010.7395 7282575.3028, -12980976.6969 7282617.2667, -12980953.8814 7282617.7905, -12980930.5087 7282593.9228, -12980876.7852 7282573.8022, -12980865.6158 7282551.1797, -12980837.5173 7282586.9053, -12980813.1461 7282585.9392, -12980817.187 7282562.9675, -12980777.3969 7282553.2035, -12980722.9434 7282501.0684, -12980772.1969 7282458.7574, -12980742.7411 7282435.0293, -12980749.9633 7282418.0861, -12980717.5255 7282330.367, -12980718.967 7282260.1744, -12980603.7306 7282345.177, -12980601.7665 7282392.5038, -12980579.986 7282371.6497, -12980532.9746 7282378.8274, -12980750.037 7282221.33209999, -12980871.667 7282149.90869999, -12980863.0527 7282105.8763, -12980833.0169 7282123.3423, -12980797.9659 7282121.0961, -12980800.3224 7282157.6462, -12980750.2009 7282161.8461, -12980714.8365 7282145.88, -12980775.0128 7282115.5218, -12980798.3731 7282072.2814, -12980786.0317 7282064.9386, -12980772.5173 7282072.8744, -12980747.6259 7282049.0426, -12980717.103 7282045.167, -12980676.247 7282055.2545, -12980659.03 7282034.297, -12980661.55 7282011.362, -12980611.1166 7282001.8416, -12980596.9763 7281982.3388, -12980581.9412 7281990.309, -12980488.0886 7281945.1791, -12980462.1291 7281941.198, -12980444.3298 7281961.4324, -12980462.7545 7281968.6363, -12980455.9142 7282002.3461, -12980395.0082 7282000.6899, -12980374.7321 7281969.6386, -12980434.0928 7281912.8623, -12980436.5789 7281888.4034, -12980413.6265 7281882.8282, -12980377.6809 7281908.0529, -12980331.7069 7281893.8535, -12980313.6298 7281901.8927, -12980288.879 7281884.1574, -12980257.4955 7281909.2772, -12980253.4822 7281866.6655, -12980231.8081 7281850.3847, -12980235.9891 7281833.5128, -12980206.121 7281791.4926, -12980174.4254 7281802.8928, -12980157.4183 7281791.0806, -12980162.4961 7281746.7367, -12980128.1009 7281706.3451, -12980046.941 7281683.7979, -12980023.539 7281658.4059, -12979974.9412 7281662.5659, -12979939.1649 7281628.3058, -12979887.8372 7281646.253, -12979840.1371 7281622.9403, -12979816.2882 7281644.8354, -12979768.0346 7281597.1336, -12979729.8061 7281588.8549, -12979708.1006 7281638.1521, -12979724.3483 7281750.638, -12979799.0458 7281823.66480001, -12979825.7986 7281795.6025, -12979898.5611 7281850.3716, -12979974.7439 7281854.7329, -12979989.3983 7281829.9964, -12980004.5725 7281828.1249, -12980008.4113 7281863.1149, -12980049.4752 7281862.177, -12980071.6993 7281835.7424, -12980088.8103 7281852.1278, -12980085.3224 7281899.4863, -12980097.8014 7281912.9274, -12980067.8732 7282002.0693, -12980092.1732 7281999.9889, -12980153.842 7282035.1834, -12980185.197 7282075.646, -12980187.273 7282100.001, -12980144.3748 7282087.2551, -12980129.3388 7282095.2246, -12980028.7188 7282153.9546, -12979955.8207 7282227.3028, -12979896.7774 7282173.7438, -12979877.2795 7282119.2825, -12979768.9813 7282108.0266, -12979732.8595 7282125.6271, -12979699.7149 7282119.7655, -12979669.9055 7282166.3185, -12979647.2446 7282137.428, -12979581.2963 7282140.401, -12979482.0573 7282098.5511, -12979432.8707 7282129.0777, -12979406.1117 7282113.5131, -12979386.7049 7282052.9381, -12979359.6526 7282037.289, -12979364.191 7282076.2384, -12979333.899 7282098.9826, -12979303.174 7282102.6221, -12979251.4224 7282068.8098, -12979230.6934 7282006.1187, -12979247.3896 7281980.5549, -12979221.4554 7281968.0279, -12979227.4144 7281930.6414, -12979212.8607 7281912.0845, -12979191.326 7281908.9014, -12979191.0639 7281920.4499, -12979170.1604 7281898.8892, -12979153.9279 7281921.8186, -12979125.0829 7281873.1561, -12979095.5804 7281887.9921, -12979056.0925 7281854.7863, -12979015.0811 7281846.7987, -12979007.1889 7281798.7096, -12978981.8009 7281810.3037, -12978977.5187 7281829.2886, -12978959.1118 7281825.5091, -12978955.9828 7281849.1897, -12978934.9361 7281844.4209, -12978914.3042 7281858.0056, -12978835.9676 7281842.9942, -12978805.5131 7281862.048, -12978817.831 7281874.3603, -12978813.0844 7281895.9791, -12978851.1344 7281911.9049, -12978941.1425 7282003.25249999, -12978892.1222 7282057.8814, -12978908.7755 7282123.0399, -12978945.9473 7282146.3789, -12978980.6069 7282197.5353, -12978976.1943 7282210.7525, -12978944.1351 7282205.1841, -12978872.845 7282142.3359, -12978853.8459 7282171.0304, -12978792.2446 7282175.5236, -12978772.4323 7282144.703, -12978716.8083 7282119.267, -12978667.3632 7282210.2692, -12978636.6434 7282226.094, -12978595.7802 7282225.2399, -12978554.6612 7282173.6663, -12978559.1235 7282135.2989, -12978468.5491 7282095.5243, -12978409.3507 7282108.4331, -12978360.1086 7282169.1713, -12978334.7791 7282148.3866, -12978217.6489 7282191.0815, -12978133.3076 7282152.0517, -12978108.8463 7282130.3565, -12978128.2701 7282125.4681, -12978151.658 7282059.9765, -12978120.8647 7282033.0854, -12978100.5736 7282038.8832, -12978087.9768 7281992.0033, -12978096.6985 7281945.5318, -12978115.4545 7281950.4475, -12978138.1025 7281914.7619, -12978168.6272 7281906.5313, -12978150.4985 7281890.0332, -12978180.998 7281864.4272, -12978174.793 7281825.4129, -12978128.2472 7281808.6672, -12978098.1825 7281774.6415, -12978131.684 7281764.096, -12978146.0498 7281731.7362, -12978194.3298 7281746.6626, -12978205.5658 7281733.0606, -12978245.0922 7281753.5239, -12978247.2538 7281731.2282, -12978266.6966 7281727.2292, -12978336.008 7281769.2652, -12978363.2253 7281834.5, -12978374.1549 7281846.711, -12978389.1407 7281841.9225, -12978404.473 7281813.0996, -12978395.7249 7281779.4823, -12978419.8452 7281786.0554, -12978424.0619 7281776.1713, -12978427.8089 7281666.6333, -12978402.7626 7281640.3337, -12978424.8919 7281615.9775, -12978441.2569 7281554.2075, -12978492.971 7281524.5618, -12978527.5186 7281521.1101, -12978519.2314 7281507.9501, -12978532.0208 7281484.5247, -12978551.0819 7281463.6268, -12978569.7769 7281465.8728, -12978584.8872 7281427.2676, -12978598.3582 7281434.0812, -12978613.0623 7281416.8413, -12978569.0399 7281393.8132, -12978591.3893 7281361.2731, -12978574.5745 7281324.28149999, -12978549.2422 7281342.6517, -12978533.1294 7281336.7879, -12978530.8736 7281315.4833, -12978549.5882 7281318.6187, -12978548.8663 7281286.6017, -12978566.7988 7281255.052, -12978589.9101 7281256.3082, -12978587.7342 7281238.5612, -12978602.8392 7281239.1088, -12978590.9225 7281222.4724, -12978601.8364 7281194.6412, -12978569.1451 7281201.6103, -12978544.6453 7281178.1405, -12978533.6513 7281202.4142, -12978496.4884 7281168.5534, -12978534.2734 7281072.4896, -12978524.9391 7281052.2358, -12978556.4217 7281031.0577, -12978524.7638 7281005.081, -12978525.3504 7280991.7211, -12978441.8421 7280989.1628, -12978445.9982 7280976.6118, -12978488.6898 7280980.0943, -12978543.8288 7280945.0341, -12978520.3578 7280927.77, -12978503.9907 7280871.1953, -12978439.4433 7280843.2942, -12978451.7253 7280836.7879, -12978428.9618 7280811.5, -12978440.3363 7280804.1245, -12978428.561 7280793.7138, -12978431.1885 7280752.7255, -12978413.1021 7280738.009, -12978415.8498 7280702.3567, -12978273.1567 7280712.70269999, -12978251.5148 7280737.2153, -12978204.8755 7280716.0258, -12978210.0459 7280669.6421, -12978194.7972 7280648.3093, -12978222.3746 7280625.7659, -12978248.1458 7280626.9629, -12978269.9808 7280650.4922, -12978270.9748 7280615.7697, -12978218.7523 7280583.1405, -12978215.7834 7280609.0099, -12978188.5579 7280622.0816, -12978183.7283 7280565.2476, -12978200.8536 7280537.2789, -12978125.0959 7280532.7123, -12978136.3623 7280507.2422, -12978053.977 7280400.9109, -12978029.9612 7280398.784, -12978056.5064 7280355.4785, -12978033.8854 7280336.4157, -12978056.4941 7280315.442, -12978055.027 7280289.6736, -12978074.5463 7280289.2328, -12978084.7059 7280306.7973, -12978097.682 7280252.2325, -12978118.1084 7280252.6607, -12978137.1876 7280232.6563, -12978126.7281 7280201.7534, -12978107.9562 7280195.9496, -12978124.4736 7280180.4517, -12978124.7609 7280153.7545, -12978025.1794 7280107.071, -12978020.2436 7280084.9406, -12978043.647 7280039.655, -12978000.3955 7279718.8597, -12977941 7279510.0302, -12977864.819 7279365.547, -12977652.3686 7279242.412, -12977488.35 7279246.1057, -12977249.5945 7279169.2401, -12976972.9674 7279029.2577, -12976073.0723 7278327.6004, -12975588.97 7277872.4553, -12975542.0005 7277809.5508, -12975426.8104 7277547.1827, -12975427.8336 7277181.7524, -12975594.2425 7276876.6011, -12975673.7985 7276765.2146, -12975771.9758 7276671.683, -12975814.6857 7276542.8507, -12975811.2417 7276387.6469, -12975717.723 7276280.1228, -12975460.0487 7276167.1188, -12975258.8504 7276135.0567, -12975087.4003 7276211.9349, -12974861.2936 7276290.0217, -12974567.1384 7276588.8284, -12974298.4818 7276804.8608, -12974117.0952 7276845.405, -12973952.9237 7276839.8927, -12973796.8607 7276788.5255, -12973418.7773 7276586.7558, -12973289.2517 7276498.2601, -12973193.7705 7276299.4081, -12972932.1466 7276003.7338, -12972694.9258 7275990.6631, -12972394.3431 7275997.2372, -12972146.8248 7275929.5739, -12971960.0985 7275723.5787, -12971929.011 7275550.7266, -12972016.5254 7275384.426, -12972159.6736 7275262.5776, -12972290.728 7275117.3058, -12972348.9663 7274550.2079, -12972412.887 7274546.1291, -12972476.974 7274513.8058, -12972448.144 7274464.9604, -12972468.7214 7274418.1273, -12972426.8173 7274335.5543, -12972447.7309 7274304.1755, -12972413.0706 7274270.9194, -12972382.1666 7274268.5024, -12972384.0402 7274212.8031, -12972343.6166 7274198.2255, -12972294.4125 7274205.4844, -12972259.5519 7274162.956, -12972297.6909 7274072.4529, -12972239.7681 7273962.404, -12972255.6501 7273841.4692, -12972220.6569 7273792.7617, -12972203.2923 7273703.4745, -12972153.8898 7273701.4605, -12972148.8599 7273611.9051, -12972085.1784 7273520.5382, -12972083.5011 7273443.279, -12972058.5659 7273431.4555, -12972063.6594 7273381.8756, -12972016.0679 7273321.0776, -12971979.0681 7273321.88409999, -12971973.9063 7273226.1522, -12971842.7338 7273151.717, -12971838.7798 7273111.6111, -12971792.0623 7273090.9865, -12971706.803 7273142.3092, -12971648.355 7273149.7643, -12971583.0047 7273123.3603, -12971566.1841 7273058.8008, -12971513.3013 7273038.3086, -12971464.1037 7273045.5612, -12971418.0745 7273075.8628, -12971316.5925 7273071.1206, -12971303.1086 7273018.14109999, -12971281.1924 7273003.1586, -12971238.428 7273022.6366, -12971226.5624 7273044.5356, -12971177.5647 7273061.057, -12971155.5817 7273042.9839, -12971090.5673 7273032.0272, -12971056.8521 7273042.033, -12970935.8069 7273007.5561, -12970802.9628 7272998.0659, -12970412.5328 7273129.4105, -12970291.6384 7273138.9559, -12970100.0344 7273124.8276, -12969860.5581 7273002.1637, -12969785.3712 7272894.2216, -12969764.4253 7272766.8541, -12969806.8227 7272619.8669, -12970078.9863 7272568.3583, -12970635.7461 7272620.247, -12970790.5263 7272616.8988, -12970989.2554 7272539.5588, -12971168.1951 7272389.6085, -12971211.3524 7272279.1207, -12971226.0135 7272114.478, -12971112.2342 7271906.9804, -12970963.2795 7271335.1145, -12970866.3481 7271063.3741, -12970751.8079 7270819.4055, -12970219.9275 7269799.5486, -12970054.2559 7269524.6464, -12969827.821 7269536.4062, -12969499.7748 7269496.6088, -12969239.8136 7269361.6433, -12968987.1388 7269092.0709, -12968966.767 7269105.5218, -12968775.8459 7269118.7314, -12968547.3581 7269077.9853, -12968437.3748 7269043.8307, -12968381.0278 7268962.904, -12968387.9981 7268862.3768, -12968422.4628 7268770.3898, -12968592.0731 7268611.6436, -12968726.4408 7268508.3993, -12968779.6823 7268443.3877, -12968768.4473 7268343.2559, -12968683.8329 7268217.3201, -12968610.2598 7268182.3938, -12968191.675 7268191.3221, -12968037.5599 7268221.9771, -12967899.3264 7268142.798, -12967824.7925 7268062.2633, -12967829.0673 7267834.0678, -12968077.0829 7267509.4568, -12968363.0207 7267257.0293, -12968841.1687 7267055.2301, -12969113.3409 7267012.9126, -12969459.0752 7267005.4996, -12969778.4901 7267044.253, -12970107.5931 7267110.1544, -12970597.652 7267464.5178, -12971068.3761 7267764.5415, -12971178.7464 7267816.8932, -12971388.8147 7267848.8314, -12971634.0972 7267825.2538, -12971949.2044 7267663.2881, -12972306.2253 7267336.1728, -12972443.671 7266959.1157, -12972310.9476 7266715.6942, -12972171.7086 7266591.0139, -12971498.0844 7266587.4314, -12971260.9533 7266565.2114, -12971112.8327 7266449.83, -12971037.1023 7266314.6348, -12971086.966 7266094.6215, -12971183.6889 7265937.4511, -12971397.8777 7265741.2465, -12971535.1428 7265355.1643, -12971532.7766 7265245.7617, -12971555.9238 7265053.718, -12971625.3374 7264897.1558, -12971740.6208 7264757.8398, -12971866.971 7264709.4877, -12972012.1036 7264688.086, -12972195.0028 7264729.7015, -12972305.5354 7264791.1339, -12972379.6871 7264853.3594, -12972482.9117 7264997.0369, -12972578.631 7265213.8478, -12972610.4832 7265422.939, -12972616.0397 7265678.2185, -12972772.1131 7266158.2646, -12972924.4277 7266465.0896, -12973066.0645 7266699.1748, -12973161.2239 7266888.669, -12973301.4802 7267058.9302, -12973468.0403 7267182.9975, -12973660.9022 7267260.86729999, -12974100.428 7267378.914, -12974264.2012 7267375.2997, -12974453.8653 7267307.2449, -12974681.5265 7267311.333, -12974836.1396 7267335.2801, -12975295.5268 7267497.1614, -12975450.203 7267493.7243, -12975540.6114 7267465.6207, -12975647.1677 7267344.64239999, -12975680.9343 7267225.2851, -12975677.9033 7267088.5022, -12975637.6725 7266916.057, -12975650.0096 7266651.2175, -12975692.0626 7266495.1956, -12975980.9438 7265977.9107, -12976160.2274 7265444.8527, -12976156.3789 7265271.6342, -12976058.5361 7264963.7028, -12975879.8545 7264703.1867, -12975647.4223 7264480.3524, -12975543.9455 7264327.6113, -12975350.5571 7263812.0813, -12975261.4557 7263485.7652, -12975184.8784 7263314.2037, -12975053.9441 7263152.9694, -12974922.01 7262946.1659, -12974797.9709 7262684.4817, -12974753.3652 7262311.6325, -12974822.4902 7262145.9844, -12974884.9316 7262089.8964, -12975030.007 7262068.4465, -12975121.534 7262093.7692, -12975251.6462 7262218.5281, -12975272.4494 7262336.5965, -12975278.2905 7262600.8871, -12975363.7544 7262763.1165, -12975510.4546 7262814.5661, -12975654.3303 7262738.4198, -12975743.8473 7262672.6, -12975776.9872 7262525.9726, -12975613.3276 7262119.3152, -12975529.2776 7262020.892, -12975459.9865 7261767.1485, -12975597.4135 7260578.9558, -12975968.4981 7259677.4009, -12976011.3176 7259557.956, -12976034.3401 7259366.0389, -12975985.8624 7259230.4052, -12975929.5098 7259149.6338, -12975882.6513 7259086.8791, -12975799.6402 7259034.0436, -12975749.7559 7258834.6492, -12975800.2496 7258651.2525, -12975860.8397 7258103.1105, -12975762.2938 7257759.0218, -12975614.4771 7257652.9612, -12975423.6458 7257657.2026, -12975261.4844 7257724.59, -12975135.8708 7257800.2769, -12974936.5506 7257832.0324, -12974718.4522 7257836.8606, -12974544.3878 7257776.9219, -12974344.8656 7257799.554, -12974219.2417 7257875.2268, -12974130.5656 7257977.422, -12973995.8493 7258053.29339999, -12973831.871 7258038.6787, -12973554.6566 7257835.1839, -12973344.6491 7257794.2333, -12973144.7251 7257798.6187, -12972727.2962 7257835.0961, -12972535.0715 7257775.51, -12971963.3574 7257405.2626, -12971725.9112 7257355.7564, -12971516.5164 7257342.0819, -12971259.9188 7257247.4538, -12971106.0298 7257278.08879999, -12970887.9431 7257282.8097, -12970770.4007 7257312.6872, -12970670.2479 7257305.73969999, -12970449.8125 7257201.157, -12970274.8169 7257095.5901, -12970094.7507 7256753.2335, -12970016.9872 7256518.0179, -12969860.9641 7256448.4864, -12969553.5969 7256501.2131, -12969410.161 7256622.1641, -12969242.5715 7256862.6483, -12969121.1821 7257138.594, -12968996.4874 7257259.7153, -12968804.4979 7257209.149, -12968692.938 7257093.0796, -12968519.3215 7257051.2266, -12968357.1119 7257118.4661, -12968238.0173 7257075.4447, -12968154.4996 7256995.2187, -12968088.1922 7256869.0693, -12968082.5992 7256604.9626, -12967962.5505 7256516.4054, -12967827.6056 7256583.0498, -12967803.8124 7256747.5557, -12967880.3565 7256928.1564, -12968039.4571 7257143.452, -12968096.8719 7257278.9071, -12968236.8458 7257449.0549, -12968412.7888 7257600.2127, -12968771.4585 7257793.0302, -12968974.2951 7257925.3824, -12969580.5703 7258641.4331, -12970110.335 7259176.8675, -12970116.3896 7259459.2782, -12969983.3648 7259617.0883, -12969731.9715 7259768.3289, -12969664.073 7259851.3037, -12969540.9874 7260126.3622, -12969482.6309 7260185.9907, -12969407.3065 7260244.1913, -12969330.4912 7260269.8689, -12969185.1544 7260282.7128, -12968999.4072 7260221.3629, -12968582.7792 7260039.0412, -12968489.4277 7259976.5169, -12968212.6597 7259741.971, -12967636.6673 7259594.3215, -12967516.9621 7259523.9449, -12967378.1191 7259408.401, -12967265.5884 7259246.7286, -12967123.3009 7258967.2072, -12967020.2542 7258823.567, -12966946.3935 7258770.4466, -12966810.4439 7258791.5452, -12966675.833 7258876.4088, -12966587.0466 7258978.5325, -12966546.6787 7259053.1991, -12966478.5766 7259111.6126, -12966408.3593 7259135.3274, -12966283.7399 7259143.5099, -12966062.3572 7259108.05830001, -12965942.0028 7259046.4664, -12965725.9516 7258859.2243, -12965517.7091 7258713.5063, -12965115.5499 7258617.5362, -12964923.1728 7258548.647, -12964784.0068 7258414.8524, -12964689.3421 7258234.5655, -12964635.0218 7257807.4021, -12964504.0176 7257627.884, -12964301.4515 7257504.5281, -12964108.9204 7257426.5204, -12963757.3383 7257396.7696, -12963640.8846 7257265.8393, -12963634.1036 7257329.202, -12963505.3193 7257141.7109, -12963404.2746 7256875.8651, -12963392.0147 7256666.9689, -12963428.7278 7256511.0456, -12963488.2268 7256399.7024, -12963534.949 7256215.8276, -12963553.7878 7256052.1439, -12963524.0923 7255934.3243, -12963449.5325 7255844.7647, -12963306.4711 7255813.0991, -12963177.5266 7255877.7153, -12963073.5366 7255955.9999, -12962962.0791 7256093.6698, -12962820.4842 7256203.6295, -12962520.4047 7256317.668, -12962300.4677 7256429.5345, -12962176.6604 7256516.1092, -12961604.1348 7256738.4446, -12961431.3441 7256722.192, -12961316.2518 7256733.9342, -12961196.2398 7256783.8831, -12961137.8616 7256882.5525, -12961122.9393 7257004.71989999, -12961153.9365 7257119.5265, -12961235.7923 7257260.3756, -12961373.3122 7257445.4156, -12961367.3716 7257600.4418, -12961432.4007 7257884.1307, -12961494.2182 7258026.1333, -12961561.8715 7258105.1446, -12961662.6268 7258259.6226, -12961658.3927 7258459.3939, -12961611.1075 7258788.6038, -12961617.8226 7258926.4056, -12961654.3564 7259070.0719, -12961736.7105 7259242.6569, -12961830.5716 7259368.139, -12962037.2289 7259580.5848, -12962056.4461 7259579.2507, -12962281.1369 7259713.1587, -12962662.8094 7259870.4561, -12962778.7115 7259939.5658, -12962931.2862 7260070.3938, -12963015.6155 7260174.3631, -12963112.6142 7260350.227, -12963207.5705 7260657.3452, -12963278.1966 7260826.1258, -12963291.3802 7260987.139, -12963216.419 7261109.4174, -12963132.4933 7261150.0544, -12963033.9509 7261155.4537, -12962935.8453 7261129.7112, -12962720.7331 7260983.4889, -12962611.2003 7260871.3814, -12962521.3711 7260819.9569, -12962304.2885 7260811.6378, -12962029.1176 7260887.2588, -12961930.4263 7260956.7023, -12961507.9924 7261367.8368, -12961366.6237 7261395.5589, -12961232.8814 7261323.62129999, -12961167.9238 7261229.3124, -12961125.4575 7261112.8764, -12961101.3856 7260983.3599, -12961101.9632 7260642.7208, -12961074.648 7260445.7428, -12960957.5364 7260027.5752, -12960916.5952 7259922.5677, -12960802.3147 7259813.55919999, -12960540.0336 7259826.4195, -12960445.4875 7259894.5926, -12960368.1628 7259990.956, -12960306.855 7260105.0345, -12960232.0945 7260363.6165, -12960222.6183 7260567.8293, -12960236.5997 7260704.681, -12960264.7208 7260839.9046, -12960335.9659 7261032.2642, -12960406.9873 7261150.4604, -12960495.2716 7261257.8862, -12960650.4841 7261399.3833, -12961141.4155 7261766.2708, -12961224.3573 7261863.3014, -12961242.4559 7262102.8514, -12961152.7244 7262268.6163, -12960941.4094 7262592.8679, -12960861.1309 7262637.5903, -12960691.5925 7262610.5796, -12960619.6631 7262485.8472, -12960620.1468 7262156.8729, -12960576.404 7262058.5785, -12960446.4542 7261965.9328, -12960280.2555 7261953.7716, -12959833.094 7262092.1759, -12959656.9827 7262083.9812, -12959375.2616 7261953.8302, -12959198.9779 7261889.0239, -12958652.0096 7261730.0659, -12958534.7709 7261682.5407, -12958377.1917 7261572.2254, -12958243.3019 7261428.6642, -12958138.8491 7261265.5445, -12958026.8029 7260968.0237, -12957932.9659 7260814.5211, -12957750.1893 7260659.7319, -12957621.5208 7260529.7863, -12957555.6422 7260425.3205, -12957478.1414 7260258.7952, -12957334.5244 7259829.7902, -12957308.689 7259782.913, -12957136.9678 7259657.6316, -12956968.4927 7259658.7459, -12956753.8738 7259727.7548, -12956586.1178 7259721.4043, -12956202.3472 7259504.3094, -12955795.4275 7259367.3124, -12955694.6267 7259303.0672, -12955506.6194 7259073.6065, -12955346.629 7258921.3763, -12955165.2628 7258507.2985, -12955194.8009 7258408.2639, -12955251.1695 7258317.4287, -12955332.9553 7258244.2416, -12955433.7191 7258201.2005, -12955549.141 7258199.84749999, -12955609.0091 7258217.1191, -12955722.9426 7258279.5565, -12955935.4357 7258423.7091, -12956159.3046 7258513.0194, -12956442.1926 7258526.0741, -12956548.2273 7258546.3881, -12956690.3356 7258643.2957, -12957045.1656 7259243.6773, -12957185.8176 7259445.6119, -12957269.4453 7259527.8884, -12957413.507 7259609.3315, -12957609.514 7259619.7261, -12957722.2111 7259528.2284, -12957750.8869 7259429.6418, -12957742.352 7259322.4506, -12957634.8875 7258983.1158, -12957594.383 7258791.2394, -12957566.0879 7258452.522, -12957538.2538 7258321.1516, -12957471.2921 7258136.0466, -12957407.0815 7258025.91570001, -12957289.5043 7257878.1137, -12956819.4723 7257360.5663, -12956569.7212 7257182.3193, -12956301.8847 7257013.385, -12956110.664 7256840.9437, -12955989.3179 7256686.7746, -12955789.8609 7256347.4397, -12955705.4078 7256254.2274, -12955603.8521 7256179.3045, -12955369.38 7256079.6147, -12954881.2081 7255916.9252, -12954164.1511 7255750.1129, -12953452.3641 7255637.3508, -12952881.8832 7255454.2283, -12952213.6228 7255336.1996, -12952025.1583 7255287.0045, -12951606.6835 7255130.6287, -12951483.6257 7255100.3124, -12951045.5527 7255032.951, -12950679.2081 7254920.3527, -12950259.1316 7254714.4326, -12949654.5349 7254312.1551, -12949384.6935 7254073.6608, -12949293.1394 7254009.534, -12948937.0095 7253882.1921, -12948848.3082 7253763.7455, -12948832.2689 7253702.7317, -12948863.1052 7253614.5839, -12948965.6225 7253560.6257, -12949111.0602 7253569.8562, -12949420.7853 7253647.3621, -12949946.8841 7253388.1948, -12950132.9708 7253353.3325, -12950391.3373 7253420.4349, -12950492.7927 7253428.43, -12950657.8619 7253332.174, -12950707.0935 7253246.8591, -12950750.0719 7253106.4156, -12950757.2262 7253012.5371, -12950702.2318 7252839.2496, -12950504.6503 7252726.9753, -12950000.2277 7252674.0339, -12949796.5531 7252611.2181, -12949654.8752 7252539.37, -12949370.271 7252267.1992, -12949167.4056 7252158.6744, -12949056.345 7252127.2191, -12948824.3361 7252100.1732, -12948644.2788 7252100.4268, -12948531.3128 7252071.785, -12948430.6585 7252011.9845, -12948190.5102 7251757.0623, -12948018.6642 7251606.4975, -12947649.8999 7251382.0415, -12947533.7436 7251269.6201, -12947405.3335 7251102.0647, -12947278.492 7251017.8356, -12946891.3269 7250930.9861, -12946647.2675 7250812.3559, -12946568.1317 7250719.6453, -12946533.9816 7250607.6213, -12946552.7813 7250493.5328, -12946647.3503 7250397.2914, -12946743.4342 7250355.9092, -12946989.3592 7250340.4722, -12947255.0209 7250389.0766, -12947445.5981 7250465.8454, -12947568.5084 7250535.1262, -12947739.4112 7250665.7961, -12948218.4791 7251109.508, -12948389.5257 7251235.9869, -12948511.6767 7251297.1997, -12948769.8462 7251324.3817, -12948894.7686 7251285.5745, -12949488.7001 7251047.1622, -12949583.7212 7250978.4323, -12949902.4619 7250657.8548, -12950045.2258 7250559.5397, -12950263.1823 7250457.847, -12950448.1145 7250420.7338, -12950708.5421 7250436.8752, -12951023.5167 7250505.4115, -12951332.0436 7250547.8361, -12951563.957 7250485.4279, -12951702.9114 7250370.4129, -12951780.7358 7250274.4385, -12951890.6667 7250119.9462, -12951977.9932 7249951.475, -12952024.1284 7249708.6112, -12952006.6478 7249523.8565, -12951960.2993 7249345.5367, -12951793.9122 7248970.7646, -12951545.2112 7248527.6813, -12951323.0151 7248067.3479, -12951030.957 7247581.7312, -12950989.7316 7247473.9046, -12950927.2208 7247132.1892, -12950813.1984 7246839.8093, -12950809.6595 7246732.9427, -12950851.4618 7246504.8886, -12950839.7947 7246393.2357, -12950701.3495 7246217.0103, -12950487.6306 7246131.2157, -12950312.1012 7246131.8561, -12950009.1888 7246196.2032, -12949411.5245 7246179.2355, -12949243.4107 7246125.6271, -12949094.3513 7246029.4082, -12948965.9594 7245908.6682, -12948692.329 7245537.6536, -12948687.3223 7245403.304, -12948772.3059 7245268.6394, -12948873.7978 7245204.4951, -12949065.2824 7245160.2636, -12949204.542 7245161.7572, -12949344.3933 7245178.8771, -12949674.3117 7245253.77049999, -12949870.7399 7245241.103, -12949988.9033 7245192.13579999, -12950125.4426 7245076.7077, -12950222.4365 7244941.1305, -12950259.1725 7244795.6137, -12950246.9161 7244708.5218, -12950264.9972 7244536.4903, -12950377.8074 7244423.3556, -12950596.8648 7244338.7406, -12950699.679 7244282.8629, -12950941.6591 7244051.6639, -12951112.6112 7243914.1537, -12951170.039 7243822.1366, -12951254.4272 7243546.0018, -12951438.7606 7243189.5043, -12951498.3033 7242998.7732, -12951521.3825 7242803.3567, -12951545.5827 7242282.0521, -12951493.687 7242042.5549, -12951288.204 7241750.6513, -12951202.5572 7241581.6082, -12951062.9173 7241070.3628, -12951006.9986 7240951.8702, -12950904.2373 7240790.1437, -12950603.4515 7240419.816, -12950421.5546 7239883.02049999, -12950399.6327 7239726.997, -12950415.9148 7239572.7522, -12950435.6694 7239522.9513, -12950595.6819 7239361.787, -12950778.0137 7239302.7179, -12951246.0337 7239290.9611, -12952086.0928 7239220.7065, -12952402.1929 7239237.5697, -12952870.4042 7239296.4344, -12953070.9289 7239256.1472, -12953210.5842 7239201.9872, -12953373.4537 7239195.4692, -12953541.7079 7239265.848, -12953646.4445 7239342.3001, -12953934.2559 7239615.0364, -12954043.4261 7239688.0447, -12954572.7371 7240106.9685, -12954819.6846 7240364.0296, -12954958.3246 7240403.2834, -12955058.5521 7240379.6391, -12955103.8274 7240353.2256, -12955169.7665 7240275.7712, -12955195.4986 7240180.84529999, -12955172.4185 7240031.1527, -12955116.5792 7239889.2609, -12955051.688 7239811.2178, -12954773.1949 7239630.3193, -12954772.4939 7239565.4716, -12954814.4064 7239506.3508, -12954850.7129 7239485.9264, -12954951.7705 7239477.5546, -12955357.4091 7239584.1332, -12955609.3672 7239666.4618, -12955836.7911 7239607.4401, -12956095.3543 7239471.4321, -12956316.9815 7239117.9656, -12956571.8707 7238796.5759, -12956721.6028 7238662.7125, -12956905.0426 7238582.7211, -12957188.3284 7238598.9176, -12957353.0244 7238672.0037, -12957475.07 7238789.5692, -12957479.6047 7239018.5607, -12957396.6685 7239227.4802, -12957142.8769 7239603.4406, -12956885.8339 7239815.8244, -12956717.7597 7240124.637, -12956777.326 7240385.3096, -12956902.6181 7240666.5099, -12956961.549 7240894.4776, -12956868.3427 7241136.3795, -12956888.055 7241412.6344, -12956714.1328 7241597.7402, -12956290.1155 7241627.9486, -12956087.1871 7241828.3785, -12956003.337 7242320.2839, -12956194.827 7242873.9411, -12956316.9216 7242991.5868, -12956926.9203 7243001.3438, -12957169.4131 7243149.3336, -12957316.9308 7243342.7933, -12957597.0438 7243586.1006, -12957938.4676 7243815.8472, -12958156.6343 7243924.1854, -12958307.5053 7243980.481, -12958537.6405 7244048.2403, -12958865.3349 7244121.81229999, -12959234.2036 7244024.9252, -12959576.2177 7243701.4846, -12959753.3855 7243304.9682, -12960521.1831 7243038.3934, -12960916.8614 7242681.1029, -12961158.9756 7242807.1432, -12961311.7738 7242989.1046, -12961343.5397 7243316.3605, -12961427.7152 7243707.5859, -12961562.1172 7243890.4054, -12962153.9775 7244074.779, -12962461.2507 7244188.5498, -12962791.8709 7244378.2436, -12963406.2433 7244594.8208, -12963916.0528 7245020.9478, -12964051.2108 7245236.4924, -12964273.1859 7245747.4879, -12964359.593 7245801.9485, -12964567.3642 7245890.2927, -12964770.6788 7245999.5928, -12964863.5013 7246024.7783, -12964859.7621 7246057.3001, -12965342.5932 7246392.2065, -12965693.4559 7246702.8422, -12965910.2665 7246928.0785, -12966085.5518 7247075.4615, -12966217.3642 7247149.817, -12966428.581 7247232.0617, -12967015.138 7247410.9729, -12967159.2134 7247470.7184, -12967563.2983 7247702.4165, -12967756.5473 7247826.0524, -12967996.26 7248004.8029, -12968092.7858 7248116.9771, -12968267.1999 7248441.928, -12968358.7865 7248560.9325, -12968528.3642 7248714.6093, -12968792.4855 7248866.6393, -12969280.9774 7249060.6606, -12969409.9111 7249133.6429, -12969574.8716 7249276.8736, -12969704.2396 7249443.1419, -12969900.0941 7249797.9447, -12970002.8161 7250014.2167, -12970415.5139 7250453.2329, -12970572.9691 7250679.2603, -12970693.5206 7250709.4328, -12970836.1244 7250668.8368, -12970942.2296 7250616.6562, -12971192.5811 7250600.312, -12971466.1366 7250649.0066, -12971753.1896 7250817.5762, -12971975.2403 7250987.1085, -12972360.3707 7251106.3809, -12972425.631 7251163.4756, -12972814.8049 7251427.2655, -12972917.1954 7251744.6572, -12973039.6585 7251827.4817, -12973233.4149 7251713.9692, -12973304.4444 7251472.0304, -12973331.8861 7251231.0545, -12973316.2212 7251012.88270001, -12973499.5355 7250921.4552, -12973720.0724 7251036.7909, -12973863.8673 7251131.9595, -12974054.1226 7251357.2156, -12974195.497 7251878.8774, -12974194.1674 7252033.7731, -12974229.8161 7252237.4878, -12974346.5271 7252353.8427, -12974549.74 7252422.3726, -12974769.1306 7252453.0269, -12974939.5943 7252506.2009, -12975225.5999 7252910.16570001, -12975326.5294 7252939.4878, -12975551.315 7252885.653, -12975736.6294 7252824.7997, -12975918.645 7252736.6445, -12976104.9533 7252584.5307, -12976127.8936 7252213.7537, -12976250.8811 7252166.0142, -12976762.0071 7252656.4513, -12976781.2816 7252695.7209, -12976799.0793 7252868.6768, -12976765.9903 7252987.0695, -12976682.9403 7253102.1258, -12976590.7227 7253153.5752, -12976350.4114 7253192.6508, -12976203.3759 7253248.1386, -12976134.1219 7253334.4679, -12976102.686 7253583.159, -12976030.6481 7253855.4134, -12976065.5211 7254014.7794, -12976180.2759 7254037.7257, -12976424.2114 7254017.0228, -12976530.1698 7254104.9173, -12976967.0785 7254357.4294, -12977134.6845 7254389.9872, -12977625.8961 7254266.8734, -12977747.7002 7254303.4533, -12977899.6965 7254428.1909, -12978054.187 7254479.3518, -12978296.0972 7254408.1065, -12978514.9163 7254272.5548, -12978775.1567 7254136.4134, -12979536.9326 7254099.40559999, -12979634.1668 7254007.2483, -12979738.0193 7253829.8802, -12979808.8133 7253643.4417, -12979832.3492 7253514.7186, -12979838.861 7253321.4448, -12979804.8994 7253077.4545, -12979753.2386 7252844.9722, -12979678.8123 7252695.2108, -12979555.117 7252586.5136, -12979039.0062 7252335.9736, -12978683.2286 7252137.9828, -12978364.5512 7251893.3055, -12977912.8866 7251584.6086, -12977834.6443 7251514.3001, -12977779.3161 7251425.0928, -12977755.8599 7251200.7707, -12977809.6096 7251022.7893, -12977941.4533 7250792.7385, -12977992.3815 7250671.2164, -12978094.287 7250295.4832, -12978425.5395 7249704.9414, -12978585.0976 7249371.9373, -12978594.3783 7249202.758, -12978514.9781 7249054.6562, -12978331.1566 7248932.2571, -12977966.1073 7248809.7305, -12977827.7 7248727.5795, -12977558.6134 7248454.0081, -12977392.1782 7248318.3296, -12977185.698 7248156.778, -12976935.6141 7248018.7778, -12976869.1661 7247957.943, -12976817.7863 7247727.4266, -12976878.0886 7247568.6322, -12977097.0338 7247258.1901, -12977176.8388 7247094.1758, -12977208.9361 7246923.954, -12977216.0058 7246688.9902, -12977242.567 7246505.5595, -12977298.6742 7246262.0398, -12977357.3584 7246079.9691, -12977467.8226 7245844.1504, -12977612.9575 7245683.3395, -12977705.4031 7245383.4643, -12977842.9825 7245306.8369, -12977953.767 7245290.9236, -12978212.5501 7245401.8553, -12978297.5503 7245494.1376, -12978390.2041 7245493.039, -12978913.8393 7245360.7397, -12979133.5808 7245348.5107, -12979435.3721 7245383.5504, -12979881.1386 7245484.1924, -12980673.1967 7245748.8992, -12981176.012 7245939.3961, -12981457.6116 7246072.4471, -12981834.1215 7246320.9198, -12981962.356 7246388.4375, -12982510.2916 7246563.3376, -12983367.3193 7246916.9117, -12983609.5071 7247004.0947, -12983773.3859 7247095.1424, -12983916.7576 7247290.4906, -12983984.0001 7247436.6247, -12984123.5172 7247555.263, -12984302.135 7247514.6395, -12984336.605 7247481.0401, -12984462.0043 7247256.1337, -12984606.8622 7247141.1743, -12984737.8661 7247103.1763, -12984884.6311 7247100.0151, -12985266.5756 7247183.1366, -12985782.6667 7247338.6506, -12986139.7872 7247412.3849, -12986410.7859 7247526.0821, -12986533.5966 7247615.0433, -12986644.1996 7247721.1645, -12986864.2183 7248032.4751, -12986965.6296 7248234.8177, -12987039.4238 7248525.5187, -12987165.5927 7248772.9481, -12987163.9446 7248943.6568, -12986905.3564 7249034.1328, -12986825.3694 7249230.2193, -12986824.7139 7249435.8384, -12986864.9643 7249571.8692, -12987077.1659 7249954.9288, -12987253.0495 7250220.0643, -12987427.997 7250144.0634, -12987564.8882 7250251.2144, -12987590.3762 7250293.8178, -12987568.5839 7250453.1755, -12987514.8991 7250580.4694, -12987652.7212 7250719.3067, -12987823.2518 7250815.5866, -12988090.2452 7250837.4736, -12988288.8483 7250783.6418, -12988473.4553 7250694.7169, -12988583.3916 7250620.9619, -12988865.4601 7250352.1841, -12988968.9026 7250200.3513, -12989022.9935 7249979.2909, -12989000.7418 7249702.4735, -12989008.3584 7249529.8022, -12988953.1575 7249261.1203, -12988863.4242 7249125.5292, -12988692.3119 7249001.2639, -12988529.6741 7248904.6719, -12988367.1119 7248974.3587, -12988131.1919 7248790.7602, -12988133.8635 7248515.3092, -12988009.928 7248429.3904, -12987859.5916 7248379.8084, -12987651.4009 7248383.6708, -12987504.437 7248409.7005, -12987288.2868 7248371.5238, -12987211.2818 7248278.75330001, -12987194.8236 7248200.8648, -12987233.8827 7248129.9703, -12987221.089 7247997.9771, -12987382.1916 7247896.7022, -12987610.5941 7247886.2969, -12987717.9564 7248015.2684, -12987851.46 7248040.2194, -12988013.479 7248043.5005, -12988106.8346 7247998.1604, -12988182.9518 7247863.6548, -12988152.316 7247711.7675, -12987999.0086 7247556.9892, -12987822.5656 7247415.1981, -12987536.4572 7247142.7975, -12987464.3346 7247059.5542, -12987311.3321 7246828.8067, -12987170.8164 7246525.2822, -12987151.3567 7246409.4032, -12987215.311 7246301.9515, -12987371.3871 7246248.0895, -12987578.0951 7246278.4828, -12987787.2679 7246366.9737, -12988239.7373 7246623.215, -12988557.9228 7246766.2574, -12988684.6584 7246792.8432, -12988867.2391 7246775.0839, -12989070.4778 7246687.4462, -12989281.3553 7246658.1803, -12989451.0347 7246751.344, -12989511.206 7246752.4119, -12989807.5548 7246843.5743, -12990059.0467 7246881.2056, -12990025.2116 7247138.2618, -12990076.2177 7247283.6631, -12990175.4749 7247381.427, -12990343.9346 7247637.7241, -12990430.8772 7247690.3806, -12990607.8035 7247737.4222, -12990681.5452 7247777.2644, -12990730.1034 7247846.8425, -12990698.0191 7248021.251, -12990491.4809 7248231.1448, -12990457.9191 7248333.6314, -12990474.1846 7248510.2588, -12990543.4089 7248683.7839, -12990696.2317 7248971.7669, -12990938.6116 7249299.0815, -12991077.0734 7249454.412, -12991337.9031 7249681.6918, -12991470.7806 7249824.5951, -12991528.913 7249935.9162, -12991562.296 7250053.7664, -12991560.2995 7250460.9174, -12991623.4811 7250616.3469, -12991747.7771 7250729.3326, -12991848.7896 7250773.1841, -12992007.6635 7250776.0261, -12992105.124 7250730.4413, -12992203.9245 7250595.7089, -12992233.0307 7250485.7238, -12992235.9506 7250368.7095, -12992150.9071 7249601.8593, -12992086.0222 7249232.3228, -12992105.6283 7249127.1525, -12992163.4406 7249032.8806, -12992259.8832 7248964.9867, -12992304.0881 7248954.8281, -12992610.9007 7248689.5832, -12992630.7061 7248637.3293, -12992632.1178 7248543.3692, -12992652.6314 7248498.0486, -12992885.013 7248304.6619, -12992887.3276 7248181.2835, -12992923.2464 7248151.5794, -12993009.4237 7248127.828, -12993071.1812 7248139.602, -12993156.7591 7248185.2871, -12993180.0669 7248213.2944, -12993177.4208 7248242.5198, -12993114.5382 7248320.0513, -12992836.8945 7248543.0825, -12992913.5894 7248702.2954, -12992846.0283 7248765.5135, -12992855.0277 7248788.179, -12992861.1531 7248766.1623, -12992871.6297 7248767.6097, -12992917.8847 7248813.6747, -12993049.1892 7248891.3993, -12993058.6564 7248877.8499, -12993110.4874 7248892.7661, -12993135.3408 7248955.1122, -12993145.7853 7248927.6894, -12993226.7728 7248929.8873, -12993252.6621 7248913.6579, -12993310.2434 7248924.6134, -12993314.1894 7248852.2007, -12993333.4599 7248875.2603, -12993350.5886 7248843.9103, -12993348.3196 7248817.4692, -12993377.2064 7248802.5029, -12993393.1626 7248817.5186, -12993399.984 7248809.2407, -12993429.5076 7248839.9397, -12993382.1876 7248864.1929, -12993397.0381 7248885.5374, -12993414.4378 7248880.3203, -12993424.4917 7248894.6125, -12993414.0512 7248929.1769, -12993398.8034 7248934.7521, -12993413.2313 7248971.4042, -12993398.4634 7248979.5792, -12993410.2295 7248991.4181, -12993405.1788 7249006.9865, -12993413.6602 7249020.7978, -12993433.7212 7249008.7072, -12993442.9126 7249015.9863, -12993433.6556 7249028.7576, -12993451.7184 7249049.7858, -12993508.2203 7249067.0424, -12993523.8207 7249045.291, -12993550.311 7249047.8425, -12993551.5459 7249036.3203, -12993595.9447 7249047.5837, -12993606.1147 7249019.0298, -12993642.3344 7248996.3173, -12993642.3128 7248975.81, -12993674.7746 7248946.0002, -12993727.3518 7249007.7397, -12993716.983 7249026.11860001, -12993701.053 7249025.0718, -12993708.4665 7249041.6007, -12993734.4361 7249038.5763, -12993738.0019 7249051.3566, -12993760.5991 7249055.7427, -12993766.0671 7249075.8743, -12993784.752 7249072.1396, -12993818.4488 7249016.6576, -12993821.6054 7248941.789, -12993837.2364 7248926.4709, -12993823.5259 7248913.6398, -12993865.0888 7248877.5202, -12993877.7177 7248890.5049, -12993876.8586 7248925.8508, -12993899.5157 7248920.41749999, -12993917.1439 7248941.2425, -12993911.973 7248956.2325, -12993898.7529 7248951.3704, -12993889.9436 7248983.0345, -12993936.8827 7248988.1366, -12993964.6858 7249016.7727, -12993984.7029 7248992.0333, -12994058.3681 7249019.8046, -12994091.8514 7249072.8975, -12994087.3916 7249095.97110001, -12994102.3392 7249099.9879, -12994148.8363 7249187.4814, -12994108.625 7249212.6008, -12994106.5437 7249232.6847, -12994147.1064 7249327.241, -12994167.2552 7249330.7155, -12994168.6559 7249373.1461, -12994144.0534 7249391.1087, -12994206.8879 7249418.9112, -12994179.1221 7249424.5161, -12994158.8608 7249450.5188, -12994216.5093 7249502.971, -12994189.6545 7249574.9562, -12994200.81 7249588.7546, -12994238.3891 7249590.8705, -12994227.5974 7249611.143, -12994236.1681 7249632.8384, -12994267.8973 7249630.0081, -12994314.4027 7249597.645, -12994335.327 7249636.9785, -12994312.8833 7249661.4131, -12994320.3972 7249683.6575, -12994400.3608 7249691.851, -12994493.8344 7249666.9935, -12994653.2611 7249494.592, -12994895.8757 7249494.5206, -12995035.9793 7249731.6508, -12995121.6259 7249912.7333, -12995278.8616 7250040.4204, -12995486.6034 7250068.8311, -12995898.3609 7249983.2946, -12996033.6494 7249943.2503, -12996257.9957 7249783.678, -12996623.1632 7249440.5889, -12997193.6285 7249475.9981, -12997356.5684 7249549.4355, -12997441.7116 7249630.6173, -12997528.081 7249870.2092, -12997579.2966 7250312.1608, -12997827.4008 7250588.0157, -12998209.6105 7250598.5727, -12998869.0367 7250440.9445, -12999957.9364 7250334.2132, -13000479.7848 7252758.3299, -13000598.7663 7253452.7933, -13000865.7578 7254199.464, -13000872.7315 7254588.5678, -13000966.2409 7254969.8522, -13001170.9485 7255390.0313, -13001298.3382 7255618.10239999, -13001583.0688 7256064.8493, -13001716.5789 7256318.1836, -13001821.3273 7256571.246, -13001869.2287 7256743.192, -13001928.678 7257400.5897, -13002053.692 7257446.8015, -13002138.8575 7257565.607, -13002152.259 7257603.0985, -13002178.0557 7257622.3941, -13002193.9371 7257610.7612, -13002192.2586 7257593.7576, -13002237.8605 7257576.3732, -13002240.4311 7257612.0636, -13002204.978 7257669.518, -13002252.0694 7257757.9707, -13002309.7469 7257783.8632, -13002295.3644 7257883.5616, -13002398.2322 7257991.6458, -13002475.0542 7258016.193, -13002498.8812 7258041.2802, -13002522.1383 7258022.73, -13002539.7823 7258030.023, -13002552.3936 7258053.849, -13002543.9149 7258077.8523, -13002513.1391 7258093.9529, -13002502.7354 7258122.9591, -13002511.5256 7258162.4352, -13002548.5472 7258216.3468, -13002578.1233 7258255.0938, -13002705.1666 7258320.6357, -13002775.2093 7258401.65429999, -13002845.9526 7258441.62089999, -13002853.8538 7258537.1116, -13002830.3775 7258586.2008, -13002845.9755 7258643.1679, -13002829.3452 7259146.62300001, -13003315.6601 7259215.0421, -13003974.4484 7259740.9985, -13004119.2552 7259840.928, -13004296.0738 7259844.9879, -13004479.2779 7259762.4805, -13004710.0349 7259518.9035, -13005009.8506 7259446.3172, -13005255.8833 7259516.4178, -13005371.3598 7259592.4189, -13005517.4133 7259739.8064, -13005934.9686 7260217.069, -13006158.1014 7260414.55439999, -13006923.9783 7260256.6758, -13007346.693 7260769.7448, -13007242.2693 7261160.7269, -13007775.6894 7261786.7989, -13007925.565 7262561.79689999, -13008508.1425 7263368.714, -13009354.3623 7264341.818, -13009244.3252 7265080.6548, -13009708.0436 7266280.5697, -13009741.8115 7266497.3474, -13010021.487 7266926.8515, -13010138.0932 7267065.2291, -13010467.6431 7267598.3179, -13010906.8465 7267837.7265, -13011346.9821 7267708.936, -13011757.9714 7267310.5174, -13011947.8069 7266924.2115, -13011534.7507 7265904.2634, -13011260.858 7265515.4532, -13010638.2671 7265224.012, -13010751.1806 7264516.7853, -13011206.8681 7263492.397, -13011133.6725 7262394.3027, -13010854.0692 7261785.8245, -13010071.0393 7260398.9953, -13009558.3634 7259269.0379, -13009258.3819 7258964.8973, -13008799.0004 7258931.1253, -13008613.2676 7258202.8104, -13009052.8555 7257814.0091, -13009260.8325 7257653.2738, -13009821.7283 7257761.9802, -13013266.2947 7255439.05919999, -13013189.2533 7255336.389, -13013232.3806 7255321.2293, -13013251.1128 7255296.9927, -13013254.9035 7255251.9818, -13013286.1988 7255225.9862, -13013289.7834 7255169.4174, -13013264.0545 7255114.4155, -13013264.1358 7255073.2394, -13013282.5524 7255046.1471, -13013300.635 7255060.8659, -13013298.4391 7255114.6886, -13013312.0931 7255150.953, -13013367.675 7255214.8451, -13013397.0783 7255223.6917, -13013400.8423 7255194.0102, -13013521.2751 7255267.3069, -13013739.732 7255120.1469, -13014127.2114 7255647.5555, -13014483.0581 7255384.2443, -13014269.5021 7255077.5322, -13014321.3689 7254704.2953, -13014475.3583 7254736.6459, -13015173.3246 7255304.022, -13015394.6641 7255400.28, -13015350.777 7255434.6259, -13015328.7773 7255629.8557, -13015399.3717 7255604.883, -13015672.7572 7255630.2056, -13016120.2423 7255639.8143, -13016330.9527 7255607.8334, -13016448.7271 7255685.4647, -13016496.508 7255837.2133, -13016575.1985 7255922.5162, -13016344.7925 7256065.3522, -13016443.7713 7256123.2312, -13016364.0879 7256246.1341, -13016342.9611 7256258.3198, -13016179.9478 7256228.5673, -13016025.2534 7256156.274, -13015950.142 7256202.0663, -13015887.4198 7256302.1869, -13015867.4057 7256368.3373, -13015824.9938 7256413.2338, -13015708.6387 7256302.8146, -13015564.5062 7256319.9987, -13015509.1383 7256379.5061, -13015509.9849 7256510.0233, -13015535.9855 7256552.5635, -13015619.8318 7256624.1541, -13015732.7127 7256663.9952, -13016169.7268 7256704.474, -13016294.2926 7256736.1354, -13016414.1239 7256785.7701, -13016576.7958 7256892.424, -13016759.8566 7257059.6315, -13016810.6477 7257088.5551, -13016977.8122 7257114.8706, -13017032.7449 7257099.9866, -13017131.6534 7257042.0659, -13017293.1852 7256882.7497, -13017399.6967 7256827.6325, -13017462.7187 7256816.5621, -13017599.9021 7256823.824, -13017694.2535 7256853.4752, -13017862.8629 7256952.0545, -13018410.092 7257510.9635, -13018467.5464 7257467.3303, -13018430.0541 7257513.5895, -13018433.9653 7257532.2125, -13018497.364 7257567.1996, -13018530.7737 7257554.0608, -13018539.9331 7257531.3085, -13018535.65 7257547.2974, -13018583.288 7257543.8726, -13018606.0198 7257562.1162, -13018622.6015 7257538.8976, -13018656.7945 7257552.0103, -13018671.5064 7257521.0087, -13018716.0538 7257545.7377, -13018712.4352 7257557.4477, -13018679.5499 7257562.3636, -13018717.6674 7257619.1863, -13018700.0256 7257653.0686, -13018709.8612 7257680.2752, -13018730.5492 7257680.767, -13018740.8796 7257700.4494, -13018766.4461 7257688.6066, -13018757.9955 7257672.7717, -13018785.9682 7257680.5295, -13018792.9226 7257669.1034, -13018787.5035 7257647.6982, -13018800.4827 7257635.3194, -13018779.1709 7257617.6058, -13018837.5531 7257635.5159, -13018840.8155 7257647.3383, -13018820.4312 7257653.4047, -13018836.1243 7257670.1901, -13018828.5695 7257698.31139999, -13018812.1958 7257695.9187, -13018815.2057 7257710.4671, -13018829.734 7257715.3877, -13018857.2158 7257686.8186, -13018856.3455 7257702.4745, -13018887.8535 7257701.6043, -13018919.4546 7257772.0924, -13019016.706 7257878.6031, -13018988.9547 7257911.2006, -13018996.1918 7257932.9582, -13019035.3703 7257937.5379, -13019045.0245 7257915.7216, -13019100.4327 7257876.5379, -13019097.9177 7257854.5113, -13019118.492 7257886.4421, -13019151.1233 7257880.4149, -13019177.9043 7257909.8299, -13019212.4281 7257909.3122, -13019260.6971 7257931.7745, -13019263.0199 7257966.0769, -13019236.87 7258003.7171, -13019259.948 7257988.688, -13019287.3987 7258001.4414, -13019308.8694 7257989.571, -13019341.9591 7257923.4935, -13019335.9464 7257912.4816, -13019402.3656 7257951.614, -13019424.0635 7257944.5571, -13019412.9715 7257996.5199, -13019434.1779 7258024.653, -13019426.2108 7258042.6141, -13019444.6231 7258053.6844, -13019458.9161 7258043.073, -13019461.6928 7258076.0466, -13019549.9849 7258120.1778, -13019555.0936 7258138.9554, -13019533.5836 7258139.4487, -13019534.0984 7258172.2033, -13019750.1003 7258219.9252, -13019754.4106 7258262.6387, -13019810.9071 7258294.471, -13019851.6482 7258291.6857, -13019908.5036 7258308.9498, -13019973.3927 7258274.5341, -13020009.8192 7258280.4102, -13020027.3605 7258301.059, -13019940.8772 7258405.2415, -13019944.18 7258420.4439, -13020020.7977 7258394.5625, -13020042.393 7258401.7893, -13020073.3667 7258426.3212, -13020082.4915 7258481.7016, -13020135.1617 7258482.0399, -13020161.1896 7258512.7921, -13020161.6312 7258537.5178, -13020191.3342 7258376.6392, -13020217.5455 7258377.296, -13020229.44 7258505.0453, -13020281.0338 7258539.4876, -13020262.7703 7258599.2357, -13020331.2269 7258629.7663, -13020376.9768 7258592.8962, -13020409.461 7258613.2402, -13020403.7084 7258644.998, -13020516.4905 7258715.1321, -13020567.9499 7258675.2469, -13020564.8091 7258639.2895, -13020618.4081 7258614.5981, -13020681.6928 7258515.2614, -13020658.6867 7258464.8726, -13020677.8211 7258431.616, -13020766.8984 7258466.2076, -13020833.8638 7258565.0864, -13021032.0586 7258599.1808, -13021119.7048 7258638.1321, -13021135.1097 7258695.37, -13021125.8098 7258732.7851, -13021083.607 7258775.03630001, -13020908.1212 7258780.7058, -13020867.6003 7258823.6564, -13020852.1165 7258908.3499, -13020834.1238 7258869.8941, -13020776.9354 7258856.0506, -13020734.4474 7258911.0178, -13020749.6058 7258955.8929, -13020747.2519 7259032.2088, -13020821.6113 7259044.4757, -13020776.902 7259125.896, -13020814.4919 7259163.1545, -13020845.5644 7259155.3142, -13020839.5877 7259190.3289, -13020887.5682 7259186.0912, -13020918.9086 7259167.1967, -13020999.9792 7259206.7399, -13021061.0539 7259152.7557, -13021060.9297 7259023.8261, -13021027.3159 7259016.8945, -13021025.2758 7258939.6685, -13021037.4109 7258899.7853, -13021077.6889 7258877.002, -13021123.0449 7258882.6985, -13021155.1859 7258913.1576, -13021142.944 7258972.7397, -13021232.0321 7259050.3855, -13021270.9032 7259115.46720001, -13021388.2978 7259167.9602, -13021464.4685 7259280.8158, -13021437.942 7259326.8634, -13021442.3904 7259361.5864, -13021537.6545 7259411.1804, -13021528.2038 7259443.4761, -13021539.8963 7259491.2687, -13021583.1802 7259554.3878, -13021584.7067 7259601.5247, -13021557.595 7259626.6816, -13021553.6683 7259734.8253, -13021573.9061 7259780.4522, -13021614.1952 7259760.0343, -13021649.2302 7259794.8669, -13021624.1659 7259893.1524, -13021703.2963 7259863.0457, -13021762.7696 7259726.5193, -13021779.4158 7259725.9613, -13021832.5502 7259679.1085, -13021942.1515 7259671.4216, -13021978.8117 7259695.4964, -13022003.5938 7259782.4046, -13021958.7782 7259837.3215, -13021855.7781 7259844.8132, -13021850.0841 7259887.6348, -13021879.3579 7259941.7302, -13021827.4765 7260075.6246, -13021912.133 7260118.5471, -13021942.3291 7260079.3599, -13022004.1855 7260053.2213, -13022042.6977 7260062.5913, -13022072.4701 7260092.7971, -13022239.3129 7260084.301, -13022286.8265 7260105.8049, -13022325.0614 7260155.9031, -13022319.2446 7260214.3415, -13022146.7003 7260254.1293, -13022075.5759 7260290.5422, -13022043.7528 7260337.7208, -13022032.3037 7260389.4685, -13021940.0197 7260454.2299, -13021939.3259 7260473.2571, -13021912.7188 7260503.1198, -13021880.3608 7260518.8595, -13021866.4353 7260544.9403, -13021876.9875 7260560.3203, -13021923.0394 7260547.6531, -13021969.6488 7260582.3538, -13021976.1337 7260562.4246, -13022041.6301 7260563.7625, -13022067.5466 7260511.2377, -13022060.89 7260485.5356, -13022093.0951 7260479.2527, -13022088.4074 7260452.9059, -13022125.4582 7260461.7831, -13022146.3436 7260491.5402, -13022186.4147 7260488.8942, -13022209.0411 7260503.8292, -13022227.743 7260494.9546, -13022239.0914 7260516.2038, -13022274.6135 7260527.9423, -13022308.5024 7260517.947, -13022311.2638 7260483.5767, -13022380.0589 7260458.7116, -13022409.8428 7260490.9697, -13022414.3918 7260542.4148, -13022400.3294 7260557.9074, -13022417.7343 7260574.2493, -13022453.1141 7260587.8873, -13022485.876 7260566.1865, -13022513.1226 7260573.3236, -13022547.6287 7260559.4669, -13022557.5149 7260545.1961, -13022683.5567 7260549.0418, -13022703.3965 7260556.8517, -13022723.7359 7260598.0245, -13022756.3053 7260595.0529, -13022775.7692 7260613.1926, -13022756.7468 7260645.2885, -13022838.9023 7260655.0763, -13022881.136 7260682.4599, -13022915.5109 7260686.359, -13022945.3058 7260719.8966, -13022938.7362 7260768.657, -13022964.8675 7260828.6547, -13022988.8273 7260827.4382, -13023000.3333 7260807.1527, -13023061.8254 7260870.9577, -13023061.699 7260916.0122, -13023022.3485 7260974.1599, -13023046.905 7261024.9069, -13023011.727 7261001.7681, -13023078.595 7261061.2505, -13023079.3954 7261096.664, -13023098.3168 7261118.0572, -13023156.3362 7261144.4796, -13023172.454 7261199.6833, -13023209.8554 7261205.3379, -13023225.7933 7261222.6473, -13023229.1217 7261233.0061, -13023211.4988 7261242.6117, -13023221.1002 7261272.4678, -13023251.9619 7261278.3984, -13023282.6349 7261313.2192, -13023326.1518 7261328.8823, -13023258.8541 7261374.5147, -13023283.95 7261382.2438, -13023324.1649 7261371.1668, -13023349.4191 7261383.1082, -13023373.6994 7261369.0431, -13023387.4103 7261375.0664, -13023388.63 7261404.126, -13023409.3607 7261402.6122, -13023419.308 7261424.827, -13023441.5015 7261432.2273, -13023445.7989 7261454.6011, -13023428.4636 7261461.682, -13023414.1524 7261513.9642, -13023382.4325 7261504.7195, -13023345.1718 7261513.8545, -13023294.7261 7261489.26079999, -13023268.5898 7261493.4472, -13023261.8108 7261575.6368, -13023235.5482 7261589.202, -13023254.2031 7261621.1211, -13023266.1732 7261631.0885, -13023292.4552 7261619.7258, -13023378.1074 7261628.6411, -13023376.8164 7261594.242, -13023400.042 7261562.812, -13023414.3004 7261563.464, -13023491.8463 7261617.543, -13023527.8126 7261676.1836, -13023543.3322 7261658.4183, -13023542.4637 7261603.4886, -13023563.8416 7261562.9886, -13023580.1113 7261559.7436, -13023618.0866 7261584.5441, -13023597.9759 7261630.7584, -13023611.143 7261636.7381, -13023612.627 7261661.6629, -13023647.7759 7261665.9276, -13023642.046 7261734.363, -13023591.6785 7261752.569, -13023585.9113 7261768.8692, -13023604.6619 7261803.2877, -13023595.5117 7261847.3552, -13023500.8335 7261850.1298, -13023552.4997 7261925.9916, -13023575.5491 7261937.5698, -13023608.6348 7261925.8079, -13023655.0307 7261974.7947, -13023643.0118 7262002.1102, -13023580.2617 7262032.0184, -13023560.9624 7262074.8258, -13023569.3664 7262101.5517, -13023537.9529 7262136.8507, -13023493.2188 7262146.602, -13023556.5981 7262167.8846, -13023568.9079 7262214.8386, -13023596.6209 7262234.7257, -13023582.411 7262252.5523, -13023479.8338 7262277.6463, -13023525.1599 7262356.5, -13023534.1176 7262423.2331, -13023583.6629 7262452.1706, -13023579.353 7262480.4781, -13023529.7672 7262499.3694, -13023487.7008 7262451.2603, -13023469.7651 7262460.6603, -13023456.5861 7262441.1026, -13023419.7414 7262434.828, -13023359.0228 7262472.3036, -13023320.9891 7262480.3543, -13023170.4618 7262446.2728, -13023151.8073 7262401.4812, -13023184.5275 7262353.5375, -13023322.105 7262396.6546, -13023358.7337 7262391.6692, -13023400.762 7262349.1041, -13023411.0978 7262237.5031, -13023440.5325 7262156.241, -13023398.2381 7262136.5245, -13023295.354 7262188.2465, -13023286.7955 7262254.7245, -13023177.8419 7262229.6385, -13023150.2985 7262153.4155, -13023082.5705 7262166.3874, -13023085.1239 7262256.953, -13023024.334 7262321.4243, -13022935.6815 7262350.7119, -13022838.5907 7262473.2157, -13022759.0776 7262765.082, -13022976.1585 7263186.6574, -13023066.8194 7263951.8934, -13023186.2863 7263993.838, -13023326.2181 7264021.2529, -13023372.1955 7264047.8441, -13023392.0158 7264047.2819, -13023421.0983 7264002.1513, -13023573.6175 7264035.1548, -13023997.9911 7264044.1202, -13024065.7316 7264090.907, -13024077.9364 7264153.3243, -13024051.6265 7264194.461, -13024064.7313 7264366.0937, -13024260.3839 7264381.005, -13024279.8576 7264515.6918, -13024265.08 7265058.5513, -13024287.3674 7265373.4198, -13024391.1619 7265605.421, -13024201.4602 7265664.0649, -13024177.0976 7265688.3904, -13024044.383 7265671.2418, -13024015.3838 7265630.2157, -13023998.1211 7265512.1297, -13024017.3044 7265452.296, -13023999.4271 7265435.3671, -13023941.5053 7265478.8646, -13023839.7902 7265450.3688, -13023832.4423 7265436.6277, -13023771.4585 7265450.807, -13023675.0656 7265450.0037, -13023597.7927 7265506.0691, -13023549.4125 7265517.9054, -13023512.169 7265495.9718, -13023413.8556 7265500.8791, -13023332.2095 7265342.7184, -13023289.8339 7265197.4482, -13023235.0918 7265230.3868, -13023153.9486 7265255.0289, -13023137.0555 7265208.7534, -13023084.0206 7265178.8694, -13023044.6776 7265191.6646, -13023071.7841 7265238.5018, -13023024.6818 7265295.6346, -13023049.412 7265308.884, -13023063.0244 7265298.036, -13023075.518 7265370.9186, -13023119.8218 7265322.8346, -13023154.9032 7265340.1718, -13023153.4356 7265411.9962, -13023118.6153 7265418.5224, -13023095.2604 7265454.0591, -13023092.9037 7265531.965, -13023188.8039 7265563.0093, -13023130.2764 7265581.375, -13023074.4602 7265580.1995, -13023048.2175 7265636.7441, -13023044.113 7265738.0009, -13022991.6641 7265729.0234, -13022971.7847 7265764.4627, -13023032.6614 7265825.5164, -13023005.3422 7265872.0814, -13023024.392 7265902.4797, -13022976.3031 7265924.7678, -13022993.0388 7265988.1557, -13023033.9008 7265992.8912, -13023042.2304 7266041.4838, -13023014.6102 7266049.2416, -13023005.358 7266091.3569, -13023082.8371 7266124.0404, -13023097.7283 7266158.4967, -13023071.2871 7266208.0753, -13023114.0943 7266245.2288, -13023111.4035 7266273.2079, -13023158.9012 7266280.1136, -13023166.1508 7266311.572, -13023151.6187 7266341.826, -13023186.9809 7266361.7512, -13023192.1379 7266404.683, -13023162.9137 7266438.4679, -13023183.9596 7266501.3545, -13023264.0214 7266546.027, -13023269.8737 7266586.1185, -13023305.2371 7266606.0438, -13023331.4479 7266671.5732, -13023445.1504 7266706.0094, -13023539.5163 7266784.1526, -13023623.9019 7266933.358, -13023741.3464 7267027.487, -13023751.0156 7267109.6324, -13023700.0354 7267152.9399, -13023687.308 7267195.1606, -13023607.9528 7267203.9798, -13023610.21 7267176.4209, -13023589.3192 7267126.4529, -13023546.136 7267125.9163, -13023515.1805 7267147.3478, -13023492.3555 7267118.1858, -13023440.629 7266981.6123, -13023394.7632 7266941.8493, -13023387.3529 7266954.4676, -13023401.7845 7267067.225, -13023459.7365 7267222.3992, -13023520.975 7267220.8138, -13023457.9533 7267330.7404, -13023490.6309 7267378.6498, -13023538.4838 7267433.5416, -13023608.5757 7267364.836, -13023706.2458 7267372.5269, -13023631.2155 7267426.9838, -13023683.8736 7267442.9299, -13023636.8613 7267503.5682, -13023566.7159 7267484.6298, -13023548.2102 7267498.1704, -13023554.5782 7267547.7659, -13023602.1537 7267630.1379, -13023594.9428 7267665.482, -13023638.607 7267688.4067, -13023661.1494 7267747.0711, -13023662.7265 7267802.8429, -13023737.4375 7267860.0257, -13023754.3075 7267964.2042, -13023792.5645 7267963.1169, -13023867.6726 7268034.243, -13023943.1018 7267993.723, -13023965.4856 7267960.6224, -13023982.1718 7267971.0784, -13024020.5404 7267951.6316, -13024029.7538 7267980.7919, -13023988.8084 7268009.866, -13024107.0241 7268056.9073, -13024163.4953 7268032.8036, -13024199.8753 7267965.4837, -13024318.0008 7267908.6395, -13024400.0341 7267933.8706, -13024401.7918 7267966.7085, -13024308.5801 7267993.785, -13024289.6897 7268064.0963, -13024183.2565 7268115.9691, -13024176.1934 7268160.6512, -13024245.7424 7268232.8059, -13024368.8966 7268250.3604, -13024188.5922 7268304.2086, -13024167.9635 7268350.7482, -13024140.1958 7268316.0529, -13024094.4869 7268299.9101, -13024081.4399 7268325.662, -13024102.9247 7268352.0017, -13024104.0112 7268390.3476, -13024062.7679 7268408.9655, -13023987.3673 7268375.2572, -13023922.9524 7268388.5216, -13023941.6262 7268433.3451, -13024015.2219 7268489.8299, -13024067.6999 7268493.9945, -13024083.6153 7268530.4818, -13024065.7092 7268635.6583, -13024036.754 7268670.1736, -13024060.7164 7268702.6119, -13024143.613 7268682.2858, -13024179.7786 7268730.1014, -13024203.2178 7268820.1474, -13024259.7599 7268849.9381, -13024311.8356 7268844.9655, -13024328.1423 7268814.7892, -13024345.7264 7268811.5867, -13024354.581 7268756.5228, -13024420.8658 7268761.6114, -13024472.7082 7268699.0904, -13024544.5387 7268752.9896, -13024533.1365 7268812.3227, -13024617.1521 7268833.4697, -13024670.3377 7268875.0951, -13024668.206 7268890.6282, -13024566.147 7268851.6718, -13024525.1003 7268877.2657, -13024543.7881 7268936.9113, -13024527.4757 7268960.9349, -13024433.956 7268977.5579, -13024396.2876 7268999.5661, -13024398.0918 7269019.6198, -13024470.6196 7269042.8052, -13024525.9769 7269030.7593, -13024670.0877 7268956.8664, -13024691.6511 7268980.6745, -13024758.5323 7269006.6781, -13024787.2391 7269064.1479, -13024822.6077 7269069.4726, -13024897.9558 7269135.2829, -13024878.1758 7269174.2285, -13024791.413 7269183.6848, -13024752.4609 7269163.255, -13024729.8029 7269098.2149, -13024671.7757 7269101.68069999, -13024522.5832 7269156.4646, -13024485.0132 7269181.96, -13024448.1355 7269231.8599, -13024450.7081 7269322.506, -13024549.9734 7269508.0956, -13024601.1373 7269568.6365, -13024667.9363 7269616.3888, -13024740.0959 7269582.9249, -13024773.8909 7269547.0666, -13024796.259 7269476.6418, -13024797.26 7269389.3813, -13024751.2464 7269362.7811, -13024728.6911 7269304.108, -13024730.1882 7269234.2812, -13024765.27 7269243.7473, -13024835.3257 7269381.3157, -13024842.7692 7269520.6745, -13024858.3185 7269546.5339, -13024899.5171 7269557.4361, -13024873.6713 7269627.9614, -13024882.15 7269678.1527, -13024914.2168 7269707.0589, -13024963.4141 7269723.1001, -13024979.7216 7269751.8214, -13024969.8684 7269827.5986, -13024883.0986 7269837.0568, -13024855.8637 7269858.7715, -13024835.6851 7269883.7741, -13024857.2517 7269907.5845, -13024851.3846 7269946.1364, -13024823.7527 7269953.9047, -13024728.923 7270047.34, -13024764.9004 7270088.1877, -13024814.0997 7270104.2306, -13024851.3914 7270087.9896, -13024871.5546 7270043.267, -13024905.5495 7270014.3795, -13024919.5639 7270017.4686, -13024912.7253 7270069.0807, -13024873.7359 7270119.9751, -13024864.3901 7270158.6277, -13024833.8733 7270187.4162, -13024747.5948 7270214.3072, -13024749.6448 7270264.3489, -13024909.5082 7270275.9859, -13024948.9665 7270316.7343, -13024943.4965 7270369.2359, -13024901.8481 7270373.9156, -13024874.8096 7270402.6057, -13024886.0399 7270430.2026, -13024970.7926 7270431.0359, -13025022.8862 7270412.0257, -13025132.538 7270402.2039, -13025166.0465 7270444.2262, -13025201.4324 7270501.4498, -13025176.7777 7270613.828, -13025255.1069 7270623.7896, -13025283.7325 7270701.5031, -13025270.5116 7270726.3104, -13025194.0719 7270740.6844, -13025188.2044 7270770.5439, -13025218.6728 7270803.6388, -13025229.3553 7270870.5734, -13025258.182 7270904.6477, -13025357.1896 7270957.6529, -13025420.213 7270969.8081, -13025397.0512 7271012.3511, -13025395.4606 7271078.7065, -13025434.528 7271105.5079, -13025386.7127 7271138.2875, -13025324.8537 7271156.453, -13025414.6194 7271244.6381, -13025511.6704 7271246.3903, -13025530.7927 7271219.1138, -13025553.8499 7271237.0885, -13025560.0473 7271268.9623, -13025606.05 7271272.3171, -13025652.617 7271245.8214, -13025641.1982 7271148.44659999, -13025647.0622 7271109.8882, -13025670.7205 7271084.7797, -13025695.7721 7271108.4917, -13025771.2208 7271067.9377, -13025830.9658 7271087.1639, -13025915.7553 7271007.9508, -13025917.4491 7271067.2322, -13025893.8913 7271095.8284, -13025977.7923 7271107.3801, -13026005.0284 7271085.6581, -13026042.1655 7270994.7575, -13026078.0824 7270961.4106, -13026126.3924 7270946.0631, -13026172.0208 7270958.7119, -13026227.6642 7270925.77399999, -13026280.9735 7270993.9701, -13026339.4626 7270989.7698, -13026393.7879 7271032.158, -13026422.1425 7271023.815, -13026433.959 7270986.08079999, -13026471.0318 7270943.1345, -13026458.1132 7270903.1014, -13026465.4552 7270870.0062, -13026537.2186 7270822.5723, -13026565.0338 7270699.6261, -13026484.0439 7270638.5408, -13026487.5812 7270599.7726, -13026520.1632 7270571.8717, -13026577.3312 7270610.0576, -13026581.6298 7270671.2296, -13026613.6409 7270694.737, -13026648.4316 7270693.7353, -13026657.1096 7270663.345, -13026683.9958 7270659.2931, -13026668.5455 7270909.5295, -13026768.5443 7271017.1611, -13026818.8717 7271051.7779, -13026856.6402 7271128.12, -13026851.0077 7271200.9235, -13026884.1224 7271262.7906, -13026861.268 7271315.8011, -13026890.5923 7271353.1352, -13026961.622 7271355.0986, -13026988.3263 7271374.9602, -13027043.0204 7271460.637, -13027184.4011 7271533.342, -13027216.195 7271588.8209, -13027218.6821 7271621.9694, -13027258.1348 7271648.58429999, -13027332.1602 7271658.4305, -13027388.8606 7271697.543, -13027464.5935 7271710.233, -13027491.5607 7271692.7674, -13027544.5658 7271846.09839999, -13027677.3627 7271797.4236, -13027823.9102 7271762.6881, -13027830.6505 7271942.4362, -13027899.4165 7272000.2255, -13027895.6258 7272127.3697, -13027846.2764 7272225.9438, -13027871.9894 7272297.5573, -13028025.0358 7272398.4857, -13028024.0556 7272412.8571, -13028070.7791 7272443.14, -13028004.8637 7272452.0313, -13027960.8327 7272495.1945, -13027993.4589 7272539.6279, -13027970.005 7272571.7235, -13028209.355 7272659.0356, -13028347.6908 7272745.7824, -13028372.4584 7272799.186, -13028433.1245 7272809.6277, -13028455.3147 7272854.364, -13028458.7418 7272972.9531, -13028443.6599 7273053.6813, -13028510.1847 7273065.7136, -13028565.1602 7273039.6808, -13028609.6436 7273080.2905, -13028616.3803 7273156.4526, -13028747.6892 7273218.7654, -13028735.2836 7273261.6492, -13028650.2655 7273357.53, -13028628.2564 7273414.6353, -13028711.0263 7273506.728, -13028716.626 7273579.8788, -13028751.4337 7273628.284, -13028789.3066 7273593.3958, -13028816.3433 7273535.0863, -13028850.9443 7273527.098, -13028863.1071 7273577.4475, -13028808.9316 7273640.0361, -13029070.3392 7273619.698, -13029154.7681 7273733.908, -13029184.1188 7273739.0141, -13029194.0392 7273758.1074, -13029194.1123 7273985.3025, -13029267.9306 7274213.2136, -13029321.5562 7274260.531, -13029331.6885 7274191.0312, -13029369.9344 7274169.4509, -13029356.3602 7274251.4328, -13029378.4605 7274300.7698, -13029413.6717 7274313.7091, -13029465.2735 7274291.2557, -13029504.3704 7274318.0472, -13029484.16 7274373.2971, -13029663.1083 7274539.6233, -13029791.4987 7274507.4194, -13029809.3753 7274578.3881, -13029651.3633 7274678.722, -13029510.1222 7274740.6257, -13029490.0568 7274867.195, -13029542.3832 7275167.7553, -13029583.8655 7275258.5129, -13029632.6731 7275257.0571, -13029666.7755 7275298.5843, -13029635.6688 7275421.3419, -13029708.885 7275481.8084, -13029700.7737 7275562.3614, -13029759.1423 7275532.721, -13029790.5362 7275557.2442, -13029807.8466 7275650.0278, -13029852.8993 7275641.7277, -13029919.8541 7275667.7078, -13029885.3982 7275937.307, -13029985.719 7276100.7174, -13030068.6223 7276110.3566, -13030094.4727 7276141.2085, -13030068.0866 7276211.6488, -13030100.183 7276250.9566, -13030147.6866 7276212.1704, -13030219.0087 7276249.1419, -13030215.6033 7276371.4741, -13030248.8936 7276318.1142, -13030315.5504 7276333.6249, -13030308.889 7276380.1002, -13030252.9601 7276457.6909, -13030279.1612 7276519.788, -13030323.5065 7276487.0578, -13030353.0099 7276423.3304, -13030405.8434 7276442.7377, -13030392.8761 7276551.693, -13030359.5269 7276652.513, -13030362.8605 7276710.3671, -13030467.3879 7276823.3161, -13030559.4191 7276781.6156, -13030664.2549 7276700.5935, -13030764.4078 7276669.7161, -13030872.8485 7276683.997, -13030943.909 7276730.8068, -13030991.4146 7276806.2486, -13030994.5471 7276880.3989, -13030953.9176 7276954.03939999, -13030841.7717 7277051.6332, -13030836.2351 7277100.6934, -13030868.5911 7277134.6711, -13030959.527 7277145.9728, -13030970.4723 7277190.727, -13030984.318 7277198.12389999, -13031146.9965 7277218.5419, -13031338.2362 7277320.0213, -13031394.2342 7277507.2806, -13031422.6235 7277795.4543, -13031533.2382 7278162.6466, -13031527.6134 7278199.3712, -13031598.5515 7278305.4107, -13031604.1612 7278404.9411, -13031552.7098 7278599.1116, -13031508.3109 7278662.178, -13031416.7839 7278718.3942, -13031337.0942 7278734.7122, -13031216.737 7278790.6527, -13031141.3673 7278880.0244, -13031136.5135 7279027.0762, -13031170.3755 7279124.4212, -13031173.6788 7279225.1199, -13031128.6981 7279355.7083, -13031148.7673 7279445.9556, -13031274.3414 7279604.827, -13031326.9906 7279699.2581, -13031360.893 7279785.608, -13031372.2097 7279914.0239, -13031463.7097 7280126.2001, -13031458.0608 7280172.0766, -13031435.2754 7280204.1014, -13031402.4942 7280217.0521, -13031303.0602 7280208.5404, -13031287.0162 7280228.5769, -13031295.6888 7280253.1946, -13031414.1793 7280339.132, -13031538.1328 7280395.503, -13031592.6813 7280405.6094, -13031700.7396 7280391.198, -13031773.7065 7280354.2726, -13032054.8462 7280371.1089, -13032118.1748 7280398.4784, -13032134.1521 7280434.4222, -13032117.4603 7280464.1961, -13031960.0121 7280595.5421, -13031931.0769 7280636.1451, -13031946.5304 7280667.6512, -13032008.1822 7280733.4089, -13032223.9493 7280857.6949, -13032279.9148 7280947.8505, -13032314.2517 7280974.7803, -13032471.2371 7281038.918, -13032490.1945 7281077.9813, -13032485.8957 7281097.9866, -13032458.4122 7281124.3377, -13032360.8067 7281135.078, -13032213.464 7281106.6575, -13032127.1097 7281061.1447, -13031571.6419 7280667.4778, -13031238.4395 7280582.241, -13031181.6171 7280584.5985, -13031108.7861 7280554.0786, -13030994.6235 7280445.8188, -13030965.5574 7280364.4333, -13030926.4798 7280308.5019, -13030932.0105 7280360.4424, -13030961.197 7280422.7898, -13030977.845 7280536.548, -13030961.6108 7280548.6029, -13030980.8459 7280617.8897, -13030915.7839 7280658.2374, -13030844.5608 7280633.3641, -13030773.7961 7280571.5537, -13030778.2132 7280484.0683, -13030849.119 7280405.1151, -13030840.7245 7280356.4432, -13030806.4813 7280227.6168, -13030594.3362 7280028.5285, -13030598.8433 7279886.1866, -13030742.342 7279852.6934, -13030707.1036 7279839.7514, -13030693.3929 7279728.3486, -13030733.4558 7279667.7779, -13030665.1392 7279596.4111, -13030646.5018 7279555.0318, -13030669.1498 7279494.9734, -13030703.469 7279476.4979, -13030832.7438 7279486.6803, -13030853.1312 7279468.6131, -13030834.595 7279430.7257, -13030773.9588 7279383.5927, -13030696.9285 7279371.8775, -13030644.9179 7279416.0454, -13030590.3441 7279404.284, -13030499.73 7279423.0773, -13030450.359 7279403.5615, -13030449.2391 7279365.1633, -13030482.4384 7279308.2912, -13030498.1214 7279248.4393, -13030479.6892 7279214.0428, -13030390.7877 7279153.7619, -13030389.4645 7279108.3837, -13030315.1062 7279068.638, -13030241.4606 7279053.3262, -13030228.9537 7279102.6025, -13030265.5102 7279160.9239, -13030226.0394 7279216.5876, -13030170.0266 7279233.5912, -13030060.5356 7279184.3896, -13030086.4665 7279117.2525, -13030041.4216 7279006.7754, -13030009.0614 7278972.7863, -13029944.951 7278925.7511, -13029890.8532 7278983.2289, -13029852.0203 7278872.7208, -13029875.2264 7278805.5169, -13029912.0117 7278752.0402, -13029920.8345 7278695.8875, -13030029.316 7278665.6849, -13030075.9233 7278635.4584, -13030090.8968 7278551.1795, -13030082.3057 7278495.5375, -13030024.5541 7278427.3601, -13030020.0557 7278392.5588, -13029974.3779 7278379.9212, -13029961.0578 7278401.2704, -13029916.6828 7278407.2054, -13029771.8672 7278364.6129, -13029710.7613 7278303.7855, -13029657.714 7278277.3884, -13029577.822 7278286.7069, -13029489.4555 7278265.0771, -13029418.2403 7278312.3219, -13029313.8696 7278318.8583, -13029275.0174 7278421.2955, -13029223.692 7278454.2308, -13029174.0645 7278451.1189, -13029089.9704 7278376.6043, -13029061.9808 7278406.5418, -13029003.0826 7278418.7365, -13028872.5457 7278337.856, -13028836.5341 7278331.3442, -13028830.5859 7278305.3363, -13028894.2113 7278239.6753, -13028863.3274 7278226.5808, -13028835.3574 7278149.1624, -13028806.7027 7278138.1488, -13028795.9486 7278116.1837, -13028689.3622 7278097.2464, -13028636.2145 7278019.3482, -13028584.3224 7278071.9978, -13028546.0946 7278078.8, -13028508.6383 7278051.1623, -13028431.2072 7278047.6176, -13028385.3322 7278027.9907, -13028312.7599 7277918.6998, -13028321.1922 7277858.692, -13028295.9093 7277827.9886, -13028211.2278 7277792.0223, -13028184.9815 7277722.6307, -13028183.0232 7277660.1074, -13028374.0237 7277587.3684, -13028419.3035 7277635.7861, -13028303.9362 7277743.9236, -13028310.5296 7277750.1601, -13028499.9196 7277771.8181, -13028801.4616 7277727.7002, -13028774.9603 7277372.763, -13028787.2529 7277352.4814, -13028863.6902 7277336.4558, -13028876.3041 7277290.6824, -13028787.0327 7277216.4381, -13028731.5238 7277225.0377, -13028668.9749 7277253.9105, -13028602.4407 7277340.5586, -13028561.3634 7277366.2017, -13028501.9676 7277360.9414, -13028496.5945 7277307.24, -13028471.993 7277288.4632, -13028409.5143 7277289.8323, -13028392.3114 7277304.7478, -13028350.3208 7277263.9029, -13028254.2969 7277231.91219999, -13028232.2967 7277194.1303, -13028267.6747 7277091.8152, -13028336.8083 7277072.3457, -13028387.5236 7277018.4835, -13028340.6463 7276963.9618, -13028337.5208 7276855.7816, -13028291.2498 7276822.1985, -13028258.4021 7276770.7631, -13028279.834 7276719.0303, -13028263.1483 7276693.7896, -13028222.1275 7276669.2135, -13028173.3858 7276602.096, -13028100.8751 7276625.1534, -13028026.3504 7276578.419, -13027977.5066 7276576.3419, -13027873.6822 7276601.0358, -13027806.704 7276574.3042, -13027808.4598 7276534.9357, -13027747.981 7276471.2313, -13027695.6194 7276347.0208, -13027710.916 7276273.239, -13027808.4992 7276273.9064, -13027871.2144 7276335.9698, -13027935.8467 7276340.0652, -13028035.9056 7276305.7346, -13028213.9226 7276195.8036, -13028132.5391 7276152.7641, -13027932.1234 7276210.9568, -13027802.7046 7276193.7512, -13027735.8525 7276171.2404, -13027705.4727 7276146.8372, -13027514.7111 7276114.7771, -13027370.7861 7276069.1675, -13027316.7027 7276045.49229999, -13027260.4339 7275996.4053, -13027237.5358 7275955.9202, -13027324.9409 7276257.8749, -13027363.867 7276321.6908, -13027457.5334 7276549.4818, -13027475.1091 7276796.9413, -13027514.9152 7276848.1789, -13027552.2449 7276934.4142, -13027508.689 7276995.0486, -13027419.1651 7277032.5632, -13027375.6976 7276945.7816, -13027148.2959 7276701.6071, -13027079.6521 7276594.0837, -13027007.2334 7276525.5635, -13026798.3458 7276262.2239, -13026513.7205 7275834.2716, -13026433.8726 7275745.7513, -13026338.7878 7275675.0247, -13026239.6672 7275622.3693, -13026139.1292 7275594.2256, -13026033.7034 7275610.6645, -13025936.3619 7275677.9709, -13025897.2971 7275729.3399, -13025831.2243 7275928.7556, -13025809.7044 7276419.0967, -13025729.0354 7277282.8992, -13025661.3317 7277525.1522, -13025619.1207 7277595.0812, -13025504.39 7277709.3132, -13025435.9406 7277752.1071, -13025210.0759 7277828.6693, -13024825.9051 7277860.5434, -13024678.6864 7277857.1947, -13024542.0056 7277825.9827, -13024423.2428 7277757.8056, -13024333.0206 7277652.9221, -13024275.5738 7277523.1638, -13024253.3063 7277380.2233, -13024254.2436 7277306.6088, -13024293.598 7277086.4529, -13024342.4024 7276945.2021, -13024549.6391 7276543.0311, -13024572.1041 7276472.92800001, -13024585.819 7276327.2049, -13024576.2605 7276254.4884, -13024499.9379 7276047.72339999, -13024383.3348 7275863.569, -13024229.8348 7275712.1691, -13024108.6875 7275634.1983, -13023907.5306 7275535.9728, -13023691.8387 7275400.5479, -13023587.2358 7275280.4813, -13023511.0099 7275163.0008, -13023374.5544 7274832.4445, -13023304.4386 7274708.4349, -13023259.0807 7274653.5185, -13023150.1948 7274564.1428, -13022953.9403 7274483.6977, -13022812.3375 7274459.6363, -13022453.632 7274430.859, -13022248.0635 7274389.3424, -13021986.6919 7274284.0987, -13021668.8309 7274121.8067, -13021471.4655 7274048.5078, -13021266.8161 7274008.5667, -13021055.2483 7274016.7526, -13020849.1412 7274075.2954, -13020719.5353 7274144.2383, -13020597.3334 7274236.0924, -13020377.3614 7274471.3318, -13019914.9506 7275042.0979, -13019748.6001 7275210.7115, -13019627.366 7275306.2116, -13019561.0111 7275343.6168, -13019421.7986 7275390.096, -13019281.1881 7275403.7774, -13019089.5626 7275355.895, -13019032.1232 7275326.0053, -13018938.2356 7275237.2507, -13018905.4447 7275180.3694, -13018870.2388 7274980.8774, -13018898.5562 7274840.9192, -13019010.2179 7274646.4375, -13019059.6488 7274589.3281, -13019406.1564 7274302.1143, -13019495.6208 7274193.8562, -13019547.9591 7274070.2342, -13019552.9909 7274004.0396, -13019518.5598 7273874.7499, -13019432.0163 7273766.6135, -13019301.0808 7273700.5623, -13019078.2285 7273667.5734, -13018701.9976 7273695.7629, -13018552.5845 7273693.5387, -13018266.8367 7273626.1014, -13018201.8856 7273593.7967, -13018083.0079 7273511.9369, -13017939.328 7273346.0655, -13017603.4 7272761.6056, -13017228.6869 7272239.259, -13017011.2254 7271999.6204, -13016793.6158 7271835.7537, -13016585.5494 7271711.345, -13016380.0607 7271613.3327, -13016199.4117 7271551.6654, -13015798.7722 7271456.7448, -13015605.3757 7271392.588, -13015482.8241 7271335.394, -13015192.9747 7271166.0035, -13015036.2762 7271110.9685, -13014934.9072 7271096.8371, -13014766.726 7271106.8084, -13014336.0473 7271207.5697, -13014215.1487 7271223.1117, -13014071.4582 7271215.7213, -13013908.2407 7271168.6765, -13013709.1282 7271045.2694, -13013465.4773 7270843.58, -13013319.9496 7270703.8962, -13013195.2051 7270549.6492, -13012946.6053 7270162.2125, -13012864.1603 7270066.0413, -13012735.0687 7269984.8873, -13012642.6341 7269967.0412, -13012577.6914 7269970.8615, -13012490.1327 7269996.9625, -13012414 7270042.2507, -13012329.0673 7270123.5788, -13012230.0093 7270285.646, -13012174.5126 7270525.5107, -13012172.4822 7270670.024, -13012189.6958 7270834.8, -13012264.5516 7271160.54469999, -13012378.3042 7271473.1478, -13012446.7903 7271623.4105, -13012617.7071 7271899.0852, -13012897.9538 7272261.0555, -13012969.5833 7272384.3585, -13013016.6616 7272516.6984, -13013038.9907 7272653.2415, -13013038.5351 7272918.96, -13013003.5644 7273172.7704, -13013021.6486 7273300.6551, -13013076.033 7273420.6801, -13013169.121 7273521.6119, -13013296.327 7273587.177, -13013441.5346 7273611.6859, -13013784.8579 7273511.6092, -13014226.9875 7273133.891, -13014380.9912 7273025.8072, -13014503.1884 7272967.2028, -13014635.2996 7272929.8411, -13014773.6865 7272911.2854, -13014981.5567 7272914.7502, -13015170.8888 7272948.9742, -13015226.5734 7272975.9017, -13015315.0334 7273058.1748, -13015360.8796 7273166.0748, -13015359.1601 7273284.574, -13015298.1138 7273515.814, -13015299.7891 7273698.4253, -13015326.2795 7273884.1703, -13015373.5389 7274062.4801, -13015435.9275 7274165.9374, -13015532.1607 7274244.496, -13015653.8991 7274286.6608, -13015788.8169 7274285.7474, -13015992.175 7274218.5252, -13016298.199 7274024.69609999, -13016646.6164 7273741.8274, -13016760.288 7273699.947, -13016885.4047 7273695.2055, -13017073.6582 7273767.7054, -13017127.9422 7273812.0111, -13017219.2397 7273921.5339, -13017468.5865 7274384.025, -13017627.8593 7274968.5858, -13017802.3888 7275298.2821, -13017844.8554 7275437.5981, -13017855.9953 7275579.2144, -13017811.4307 7275780.8525, -13017747.0343 7275895.3395, -13017652.1149 7275986.8415, -13017536.4269 7276055.6353, -13017279.1822 7276148.2008, -13016743.196 7276250.1697, -13016170.5561 7276400.5655, -13016121.4986 7276421.8328, -13016043.4144 7276487.8444, -13016005.783 7276586.7323, -13016020.6093 7276704.3691, -13016049.0208 7276762.7169, -13016143.8919 7276860.7779, -13016525.962 7277079.2922, -13016671.8448 7277237.588, -13016730.5992 7277369.192, -13016744.8815 7277441.4207, -13016748.2804 7277515.3969, -13016724.1764 7277662.5888, -13016642.3998 7277872.729, -13016573.018 7278007.5459, -13016436.561 7278179.979, -13016380.1139 7278223.1938, -13016256.4191 7278283.2441, -13016123.732 7278310.9978, -13015858.8696 7278321.7667, -13015730.2304 7278360.486, -13015670.434 7278396.4634, -13015615.8655 7278442.7136, -13015529.962 7278560.7662, -13015447.298 7278773.5396, -13015377.1695 7278904.9428, -13015271.8049 7279002.2114, -13015143.4175 7279059.4267, -13015075.4774 7279072.5893, -13015006.7511 7279073.2062, -13014873.9514 7279041.7347, -13014703.6467 7278934.5354, -13014431.7012 7278635.9833, -13014288.9534 7278571.9996, -13014169.5171 7278567.2303, -13014108.7451 7278583.0095, -13013993.188 7278645.3795, -13013830.342 7278762.4315, -13013603.0874 7278891.0392, -13013485.6564 7278939.7363, -13013193.8087 7279033.134, -13013028.9355 7279029.4182, -13012934.711 7278980.8609, -13012862.0886 7278902.9921, -13012819.6072 7278800.3039, -13012821.6431 7278625.3838, -13012936.172 7278282.7824, -13012941.8632 7278117.8538, -13012877.2514 7277987.2506, -13012842.9513 7277958.538, -13012765.0922 7277930.6113, -13012724.7628 7277934.2799, -13012653.2104 7277975.0678, -13012627.2571 7278011.2087, -13012602.7713 7278105.143, -13012614.7547 7278215.46, -13012707.5233 7278438.1236, -13012721.4251 7278557.1095, -13012672.7727 7278732.1791, -13012616.7888 7278840.0396, -13012485.7423 7279035.1452, -13012444.4993 7279147.1235, -13012443.5339 7279273.647, -13012484.2131 7279399.9489, -13012562.8076 7279511.9171, -13012665.3906 7279608.3325, -13012779.5315 7279686.0265, -13012906.1702 7279730.7091, -13013232.247 7279776.8823, -13013294.3352 7279802.53719999, -13013474.2305 7279941.2205, -13013626.2246 7280154.8361, -13013847.8055 7280546.6274, -13013924.2774 7280825.7549, -13013976.6083 7280962.3429, -13014391.5125 7281846.9188, -13014417.5796 7281932.9236, -13014433.1343 7282128.0457, -13014423.1001 7282254.6391, -13014435.578 7282410.827, -13014466.5624 7282494.9801, -13014498.0281 7282545.0554, -13014585.2032 7282623.1005, -13014695.814 7282661.60010001, -13014841.6815 7282648.294, -13014921.175 7282616.9687, -13015130.2992 7282497.4083, -13015311.1926 7282446.75599999, -13015439.7913 7282440.023, -13015850.1511 7282467.4013, -13015988.5031 7282464.6355, -13016117.1657 7282431.0384, -13016172.6922 7282400.7332, -13016219.1028 7282361.8136, -13016283.2016 7282262.7508, -13016306.2504 7282149.5116, -13016199.5776 7281483.2284, -13016203.7226 7281435.0925, -13016244.3276 7281343.6076, -13016325.1266 7281267.6535, -13016377.5029 7281238.2023, -13016694.5599 7281140.696, -13016820.2029 7281089.0779, -13016992.9831 7280981.8611, -13017710.4868 7280328.733, -13018149.2771 7279856.7954, -13018231.3083 7279814.6135, -13018277.5322 7279805.5628, -13018403.8104 7279831.8482, -13018523.1073 7279914.2519, -13018603.0193 7280004.8724, -13018712.4415 7280157.3014, -13018774.8478 7280297.1591, -13018791.5376 7280392.6874, -13018778.5535 7280553.5836, -13018650.7677 7280848.2063, -13018589.1817 7281079.0659, -13018613.5249 7281288.9644, -13018647.6513 7281405.6927, -13018706.3071 7281515.5472, -13018801.5004 7281605.8058, -13018859.303 7281684.7167, -13019208.8806 7281811.2492, -13019528.1088 7281957.197, -13019604.7911 7282047.9673, -13019794.6971 7282209.9058, -13019942.7603 7282422.5678, -13019980.0127 7282650.721, -13019970.9188 7282675.4888, -13020228.7078 7282855.2075, -13020437.9516 7283311.6019, -13020394.4299 7283430.1572, -13020141.645 7283601.5084, -13020054.6634 7283709.156, -13019800.3371 7283708.2048, -13019771.7649 7283741.2482, -13019859.5827 7283814.0331, -13019787.9226 7283840.2196, -13019775.6296 7283865.7921, -13019812.0432 7283936.2826, -13019777.5243 7284044.7338, -13019677.9598 7284128.131, -13019698.729 7284200.1062, -13019595.0649 7284232.5604, -13019552.0499 7284228.3866, -13019539.4004 7284255.6121, -13019538.8846 7284333.5575, -13019617.9231 7284379.7226, -13019665.3331 7284384.794, -13019686.0965 7284420.8159, -13019662.2826 7284432.2303, -13019617.9524 7284427.4834, -13019586.2209 7284396.7313, -13019551.4664 7284400.3888, -13019567.1594 7284446.2302, -13019646.4391 7284537.4789, -13019687.4487 7284565.8946, -13019707.2809 7284606.75639999, -13019739.2499 7284596.6963, -13019729.2976 7284651.7616, -13019743.7954 7284714.9388, -13019834.9755 7284760.6409, -13019872.6351 7284764.9632, -13019920.4138 7284747.5029, -13019929.0919 7284766.0249, -13019895.4718 7284791.2473, -13019894.8967 7284811.4728, -13019926.0078 7284852.157, -13019918.5679 7284873.8648, -13019930.3593 7284903.8445, -13019962.9321 7284926.374, -13019988.691 7284984.7788, -13020010.5264 7285071.4502, -13019989.1335 7285158.4368, -13020008.3285 7285168.7788, -13020013.1235 7285200.0989, -13020036.0076 7285216.3446, -13020080.9239 7285190.4729, -13020112.6451 7285205.1781, -13020123.3102 7285165.5619, -13020168.0573 7285117.4182, -13020217.7072 7285127.5341, -13020226.1308 7285148.2676, -13020172.9978 7285165.4819, -13020128.6597 7285263.7069, -13020074.365 7285286.1958, -13020082.7154 7285304.31050001, -13020132.4596 7285332.8285, -13020153.7114 7285318.0512, -13020161.4122 7285359.7754, -13020174.5516 7285362.0288, -13020155.6887 7285435.9518, -13020264.1776 7285434.2251, -13020291.4591 7285416.741, -13020369.7795 7285420.0642, -13020381.0824 7285406.0486, -13020366.2262 7285342.2445, -13020429.4477 7285311.6394, -13020425.7018 7285271.1156, -13020390.0577 7285259.0083, -13020409.4378 7285250.6017, -13020398.6927 7285240.4181, -13020404.6413 7285219.2819, -13020470.3009 7285229.2371, -13020497.0116 7285181.5749, -13020404.4502 7285165.553, -13020372.1787 7285134.77709999, -13020389.8865 7285112.2271, -13020442.3784 7285165.8006, -13020511.8491 7285156.8521, -13020592.8942 7285170.7551, -13020565.8387 7285091.5683, -13020593.7063 7285059.3332, -13020575.2123 7284958.9386, -13020612.5277 7284984.1033, -13020613.3686 7285014.2224, -13020648.8034 7285039.0631, -13020590.7006 7285092.1818, -13020587.7023 7285117.9151, -13020608.578 7285164.2532, -13020653.1897 7285204.0721, -13020666.8932 7285204.6888, -13020680.4957 7285182.9562, -13020694.3076 7285196.7433, -13020725.6662 7285195.8634, -13020751.1033 7285170.2483, -13020745.6103 7285114.0475, -13020797.8009 7285109.9614, -13020791.7112 7285062.6715, -13020713.8495 7285100.5223, -13020695.0452 7285082.7019, -13020698.27 7285057.7105, -13020667.4139 7285029.7438, -13020703.749 7284973.6869, -13020667.2109 7284928.8366, -13020602.0559 7284890.0374, -13020578.9032 7284903.7921, -13020527.8376 7284901.2923, -13020514.7446 7284947.5285, -13020525.0601 7284989.177, -13020454.0021 7285020.0012, -13020462.4078 7285042.8899, -13020418.9069 7285027.5374, -13020436.9069 7285016.5486, -13020430.548 7284976.0995, -13020380.7155 7284970.943, -13020413.7378 7284939.8543, -13020406.3237 7284916.3656, -13020351.4798 7284860.3658, -13020345.6329 7284838.2504, -13020303.385 7284823.7075, -13020293.8741 7284810.8685, -13020307.5888 7284786.895, -13020257.5989 7284742.1009, -13020279.9091 7284727.0601, -13020299.3691 7284679.663, -13020386.246 7284703.8547, -13020408.6593 7284753.9217, -13020421.6882 7284752.246, -13020461.851 7284722.5035, -13020455.7955 7284709.3537, -13020491.8305 7284688.6862, -13020499.8843 7284656.2138, -13020584.2719 7284620.841, -13020600.455 7284692.19300001, -13020632.7465 7284698.8058, -13020650.0456 7284680.51829999, -13020681.1041 7284724.0041, -13020721.5496 7284698.9612, -13020758.9579 7284741.8422, -13020799.3871 7284745.5846, -13020828.5803 7284725.2304, -13020823.1757 7284661.0441, -13020849.244 7284704.8696, -13020874.0314 7284702.8631, -13020873.5691 7284714.7726, -13020859.561 7284746.5164, -13020807.519 7284755.8406, -13020809.7771 7284789.8508, -13020834.3195 7284825.8565, -13020904.1682 7284838.1369, -13020928.2446 7284817.9768, -13020902.5782 7284788.5555, -13020955.5488 7284718.9209, -13020920.2244 7284671.42409999, -13020959.2002 7284662.4664, -13020977.8444 7284637.6203, -13020985.1842 7284656.4944, -13021029.9722 7284668.341, -13020967.0512 7284709.4242, -13020940.3984 7284763.5273, -13021040.864 7284823.9866, -13021079.6208 7284807.1711, -13021104.7382 7284816.9493, -13021134.6898 7284868.3037, -13021102.9312 7284845.8318, -13021021.449 7284831.0848, -13021004.6836 7284839.419, -13021049.5092 7284852.5754, -13021043.2818 7284910.4142, -13020987.1728 7284914.6119, -13020974.5468 7284930.6932, -13020995.6539 7284962.2062, -13021052.3762 7284944.9099, -13021074.3344 7284992.1064, -13021112.7038 7285001.8026, -13021136.3559 7284952.4095, -13021161.2884 7284968.693, -13021206.0651 7284933.3595, -13021279.5395 7284965.2553, -13021267.3773 7284974.8832, -13021359.4241 7284993.2622, -13021377.1756 7284987.5627, -13021355.8013 7284946.5233, -13021319.9929 7284939.3285, -13021343.2175 7284928.1906, -13021338.0873 7284885.08690001, -13021290.5012 7284866.7678, -13021274.066 7284886.8882, -13021220.9006 7284902.7997, -13021221.5839 7284880.5012, -13021249.6681 7284856.1217, -13021234.2719 7284833.0994, -13021219.7141 7284813.7165, -13021138.2075 7284790.2575, -13021171.7813 7284771.8326, -13021156.1807 7284739.4927, -13021107.7657 7284738.2328, -13021129.2072 7284710.1093, -13021113.536 7284667.7181, -13021150.5743 7284649.4305, -13021212.6284 7284654.0327, -13021237.0732 7284628.7201, -13021206.1192 7284608.3483, -13021227.3541 7284567.38319999, -13021203.9563 7284531.0904, -13021199.7539 7284427.6812, -13021251.6 7284504.8513, -13021243.5911 7284545.7015, -13021277.9635 7284559.15, -13021454.7231 7284494.4784, -13021843.1089 7284289.6904, -13022099.7574 7284183.3148, -13022236.7669 7284156.4321, -13022303.7688 7284183.7474, -13022373.8052 7284256.11729999, -13022393.6521 7284521.9816, -13022350.1587 7284733.8796, -13022325.3695 7284951.4507, -13022269.8651 7285176.0923, -13022107.8561 7285571.0618, -13021994.6499 7285722.984, -13021906.8479 7285898.9794, -13021770.1365 7286094.9485, -13021642.9956 7286191.4922, -13021454.4132 7286302.1601, -13021290.7136 7286418.3223, -13021194.4553 7286513.9934, -13021118.4646 7286671.0717, -13021123.6645 7286856.8593, -13021175.8706 7286954.55789999, -13021379.5022 7287159.5615, -13021587.7604 7287308.6507, -13021736.0572 7287541.0215, -13021902.0751 7287590.5848, -13021971.7584 7287634.3571, -13022014.5963 7287697.1825, -13022027.1846 7287820.3243, -13021985.0515 7287945.0127, -13022022.0465 7287962.2647, -13022162.4499 7288086.3747, -13022174.6556 7288195.8105, -13022199.7712 7288277.4373, -13022240.5754 7288319.5633, -13022341.5707 7288374.2394, -13022392.3077 7288344.4266, -13022418.4783 7288418.5245, -13022318.8539 7288438.8064, -13022300.0026 7288465.5364, -13022195.7283 7288423.43289999, -13022170.7951 7288440.8077, -13022158.2595 7288537.2181, -13022129.1998 7288588.2508, -13022152.5303 7288720.7634, -13022220.8328 7288825.8091, -13022252.5396 7288850.5926, -13022277.7631 7288913.7115, -13022345.8505 7288933.6187, -13022378.2535 7288923.9694, -13022413.9998 7288955.7069, -13022401.2715 7289005.686, -13022381.5188 7289024.4566, -13022405.7929 7289128.41579999, -13022516.5547 7289116.5491, -13022573.7865 7289060.3478, -13022563.9122 7289019.1454, -13022531.5801 7288983.2779, -13022553.4848 7288958.31, -13022552.6857 7288929.9507, -13022463.78 7288866.97, -13022428.8324 7288863.5922, -13022434.5033 7288832.8654, -13022462.8223 7288814.724, -13022546.8575 7288877.7185, -13022607.4322 7288862.9046, -13022657.6378 7288831.7156, -13022712.826 7288830.1527, -13022817.0374 7288791.7933, -13022894.2197 7288788.4161, -13022980.226 7288763.1049, -13023290.6366 7288758.3891, -13023346.3622 7288726.2421, -13023390.7731 7288679.1341, -13023445.0001 7288671.0439, -13023452.7632 7288650.0746, -13023483.2511 7288637.2097, -13023528.6642 7288548.5935, -13023560.7552 7288528.0331, -13023603.0955 7288561.7592, -13023639.3086 7288550.9523, -13023815.5141 7288442.0335, -13023810.0112 7288376.4416, -13023839.3006 7288326.5471, -13023833.1962 7288300.2479, -13023885.6505 7288232.8066, -13023921.4238 7288111.7222, -13023991.9435 7288063.8708, -13024065.5667 7288048.6753, -13024136.1468 7288003.0044, -13024168.6338 7288000.446, -13024244.0852 7288045.7695, -13024298.7404 7288052.9425, -13024330.8274 7288032.3803, -13024325.7314 7288006.33, -13024371.2476 7287998.4824, -13024415.3929 7288019.0524, -13024405.6269 7288058.6247, -13024490.8126 7288067.1082, -13024617.5289 7288157.3584, -13024646.9554 7288095.9896, -13024712.5373 7288104.1371, -13024739.7796 7288090.5581, -13024894.1109 7288079.5966, -13024906.4208 7288129.4534, -13024890.9357 7288197.5699, -13024855.8629 7288266.2471, -13024876.7542 7288311.4937, -13024870.1575 7288462.3148, -13024839.4352 7288525.4897, -13024898.1998 7288529.1893, -13024895.7723 7288596.9357, -13024919.5866 7288668.2983, -13024977.9163 7288651.3475, -13024924.8092 7288698.7131, -13024921.3881 7288731.5587, -13024884.1396 7288723.8913, -13024856.218 7288737.789, -13024872.5712 7288776.6185, -13024847.0889 7288783.3515, -13024842.4078 7288864.8092, -13024800.8708 7288875.9429, -13024716.3545 7288828.7597, -13024684.7054 7288834.3859, -13024634.0822 7288892.596, -13024637.0032 7288918.7112, -13024678.978 7288939.344, -13024684.1378 7288967.5788, -13024657.518 7289027.2871, -13024671.0117 7289042.18419999, -13024710.6866 7289058.5166, -13024718.8963 7289040.8158, -13024751.6689 7289044.2457, -13024785.7491 7289017.0724, -13024845.31 7289021.5487, -13024898.4644 7289088.4608, -13024977.7415 7289026.4296, -13025010.9629 7289047.7072, -13024992.4718 7289148.0998, -13024910.1072 7289215.9305, -13024846.3802 7289245.9027, -13024817.5709 7289446.2752, -13024755.1922 7289474.2591, -13024711.743 7289466.4105, -13024615.0733 7289416.2316, -13024574.8426 7289413.9115, -13024551.3333 7289429.8664, -13024554.7505 7289473.4363, -13024535.8427 7289497.9935, -13024435.6525 7289498.6708, -13024408.9113 7289483.3478, -13024354.3822 7289490.2733, -13024303.927 7289539.5474, -13024316.4215 7289595.9594, -13024297.6983 7289627.0615, -13024271.3651 7289602.3195, -13024222.9494 7289606.7317, -13024225.2818 7289584.3025, -13024200.3735 7289575.2519, -13024148.5036 7289589.8313, -13024096.1383 7289586.9572, -13024085.688 7289602.5389, -13024048.8074 7289607.9569, -13024017.6182 7289641.9074, -13024018.5186 7289615.3701, -13024001.7476 7289597.6274, -13023943.4572 7289617.9033, -13023870.0058 7289602.1328, -13023871.8621 7289618.667, -13023833.063 7289605.3679, -13023830.2486 7289655.514, -13023863.0302 7289663.4673, -13023883.383 7289725.8948, -13023897.0422 7289710.5342, -13023932.8998 7289704.4545, -13024026.152 7289730.8745, -13024056.1909 7289782.7697, -13024029.497 7289832.4289, -13024053.6241 7289854.5493, -13024116.795 7289845.9864, -13024148.6275 7289887.3305, -13024189.2892 7289872.4455, -13024254.8336 7289930.0543, -13024266.1629 7290007.5108, -13024178.3291 7289994.0351, -13024134.1392 7290005.4971, -13024110.4982 7290046.0516, -13024135.0984 7290099.4044, -13024012.9112 7290170.9974, -13023985.6609 7290212.8418, -13023929.3204 7290237.9815, -13023908.0218 7290197.2252, -13023869.9919 7290218.9662, -13023808.2902 7290228.0073, -13023765.5401 7290260.6733, -13023793.2579 7290329.6057, -13023794.3546 7290368.3087, -13023713.6344 7290392.6752, -13023780.2241 7290415.1924, -13023894.9734 7290425.25859999, -13023970.0585 7290476.9271, -13023980.7953 7290492.1151, -13023965.8609 7290510.6169, -13023930.3308 7290529.7053, -13023882.3085 7290471.6794, -13023848.7677 7290470.052, -13023838.8356 7290483.2464, -13023771.1692 7290459.3494, -13023719.7538 7290463.3948, -13023677.8884 7290531.7269, -13023655.0107 7290542.707, -13023565.1443 7290502.4301, -13023530.1038 7290590.1594, -13023493.9739 7290626.8396, -13023494.1152 7290684.1481, -13023352.732 7290807.767, -13023385.3165 7290880.181, -13023465.8843 7290961.2717, -13023469.2622 7290989.5829, -13023587.1094 7290965.5725, -13023612.4727 7291042.3262, -13023588.2262 7291058.3319, -13023580.9021 7291110.3696, -13023560.7431 7291126.438, -13023513.085 7291081.3076, -13023461.1541 7291067.2886, -13023454.5812 7291053.8657, -13023408.855 7291042.5692, -13023367.9565 7291051.8594, -13023353.668 7291017.4027, -13023308.9916 7291087.1625, -13023313.4306 7291128.3016, -13023270.1943 7291072.9047, -13023231.9387 7291071.2178, -13023185.9174 7291121.9565, -13023131.783 7291279.0868, -13023194.7334 7291304.7043, -13023272.1207 7291307.6722, -13023297.4708 7291279.493, -13023293.3231 7291237.3401, -13023310.858 7291262.6853, -13023439.6958 7291310.6591, -13023527.163 7291305.5902, -13023595.7303 7291270.0666, -13023642.5864 7291286.812, -13023659.349 7291309.738, -13023659.8617 7291350.8857, -13023684.0575 7291386.354, -13023669.8515 7291430.6629, -13023696.4761 7291460.8971, -13023647.1735 7291539.7797, -13023608.6247 7291543.4588, -13023599.1294 7291572.1385, -13023630.9038 7291602.2269, -13023666.8049 7291596.0402, -13023685.9038 7291570.2859, -13023764.4756 7291611.8927, -13023803.4395 7291588.5474, -13023855.5462 7291591.233, -13023867.2639 7291565.6988, -13023909.4174 7291558.0724, -13023919.4964 7291623.6828, -13024190.6599 7291525.3458, -13024282.4036 7291476.0522, -13024285.1649 7291523.7076, -13024268.16 7291538.1674, -13024183.0711 7291547.5278, -13024101.8081 7291580.0478, -13024077.8729 7291605.4415, -13024073.2545 7291635.7762, -13024137.9265 7291694.3392, -13024169.2424 7291746.14549999, -13024261.7207 7291808.8773, -13024306.0677 7291793.4573, -13024313.06 7291758.4177, -13024352.2107 7291764.7041, -13024435.3322 7291708.4384, -13024469.9788 7291748.7731, -13024537.9511 7291743.0553, -13024586.3603 7291763.5284, -13024615.5645 7291793.6871, -13024623.8028 7291811.531, -13024593.0513 7291817.5752, -13024514.8448 7291876.6305, -13024481.1512 7291869.8442, -13024422.8823 7291905.0843, -13024337.9862 7291909.0932, -13024312.7601 7291925.3666, -13024374.8883 7291962.43, -13024421.481 7291946.4492, -13024429.3059 7291977.587, -13024458.85 7291991.8729, -13024485.649 7292089.9289, -13024511.0856 7292092.7683, -13024522.9962 7292072.6921, -13024554.1157 7292079.5518, -13024593.7676 7292114.5791, -13024622.092 7292113.7698, -13024715.8278 7291966.4515, -13024714.7997 7291930.3215, -13024766.0812 7291830.7093, -13024796.1715 7291801.4385, -13024919.9113 7291803.0645, -13024961.9177 7291830.2731, -13024932.122 7291869.8674, -13024831.0405 7291849.5141, -13024778.5843 7291907.8355, -13024758.6964 7291971.9233, -13024819.5033 7291997.1813, -13024920.5487 7292068.7148, -13025003.4 7292153.1724, -13025017.5084 7292241.3359, -13024949.5376 7292324.4715, -13024967.8797 7292362.5938, -13025020.2848 7292374.8239, -13025021.9267 7292432.4432, -13025100.7698 7292507.075, -13025120.5361 7292506.4044, -13025162.5624 7292560.2263, -13025108.2006 7292575.5138, -13025024.6634 7292528.4763, -13024986.5709 7292537.8048, -13024921.1778 7292646.7733, -13024917.1874 7292699.0636, -13024941.3741 7292714.4855, -13025046.5633 7292720.0758, -13025119.0733 7292668.5695, -13025165.5421 7292714.7991, -13025179.5401 7292796.2995, -13025157.5446 7292867.4072, -13025045.3108 7292868.4038, -13025046.8153 7292906.6078, -13025078.0854 7292960.836, -13025102.1947 7292986.59880001, -13025130.573 7292975.8101, -13025140.3482 7292997.7865, -13025146.6874 7293060.4817, -13025116.6496 7293064.0883, -13025104.1508 7293089.624, -13025107.6539 7293133.0024, -13025154.9017 7293156.3656, -13025182.1237 7293150.0932, -13025191.3534 7293089.4111, -13025224.681 7293046.9906, -13025255.8089 7293043.6242, -13025267.6191 7292977.3762, -13025281.23 7292974.24, -13025287.5667 7293004.2669, -13025312.591 7293019.006, -13025333.9527 7292997.4448, -13025364.7949 7292935.9763, -13025363.5954 7292884.0005, -13025385.6056 7292873.28149999, -13025414.8065 7292942.3459, -13025409.9844 7292973.295, -13025339.3593 7293031.9629, -13025354.5004 7293107.8467, -13025337.9465 7293137.3889, -13025404.1088 7293235.2636, -13025354.3422 7293240.8206, -13025330.8322 7293272.1614, -13025355.355 7293287.5054, -13025289.8832 7293365.3901, -13025299.0294 7293403.2396, -13025330.3911 7293424.4262, -13025319.1816 7293440.0227, -13025299.6014 7293437.6757, -13025251.67 7293378.7912, -13025227.2635 7293387.7296, -13025201.3711 7293440.6526, -13025221.8676 7293486.7538, -13025200.9812 7293523.0555, -13025168.6732 7293543.2059, -13025152.684 7293547.0349, -13025117.9083 7293514.5568, -13025091.7746 7293537.1692, -13025064.0819 7293526.9766, -13025059.7795 7293472.1718, -13025092.124 7293433.4423, -13025098.5044 7293368.6192, -13025072.7655 7293350.9599, -13025051.3314 7293368.0516, -13025043.7896 7293339.7563, -13025073.8369 7293342.0345, -13025088.5672 7293328.5365, -13025071.5922 7293309.7983, -13025033.1832 7293308.1517, -13025022.8571 7293330.4179, -13024976.2614 7293262.2308, -13024951.2955 7293262.9415, -13024950.3422 7293285.806, -13024909.8988 7293308.9339, -13024923.2737 7293393.6879, -13024890.8873 7293411.0927, -13024881.2642 7293458.0564, -13025000.4564 7293572.493, -13025017.6924 7293533.7975, -13025048.3579 7293552.1445, -13025056.6081 7293577.7856, -13025117.9813 7293591.347, -13025126.8997 7293615.8096, -13025100.3017 7293644.0357, -13025106.3255 7293663.0884, -13025150.6819 7293681.0431, -13025185.8068 7293663.5581, -13025267.1834 7293656.1198, -13025274.8332 7293710.4435, -13025397.2322 7293761.4898, -13025423.8593 7293782.598, -13025427.6972 7293811.8487, -13025483.6352 7293825.3019, -13025556.5501 7293883.6334, -13025583.1472 7293855.4049, -13025711.0692 7293855.6156, -13025746.8051 7293828.7338, -13025828.4934 7293858.09790001, -13025875.4897 7293883.8866, -13025805.0702 7293958.0932, -13025846.877 7293974.1722, -13025899.2941 7293986.3987, -13025964.7737 7293976.2767, -13026110.1965 7293886.9514, -13026197.5797 7293876.1975, -13026268.8386 7293812.4313, -13026305.2155 7293807.1824, -13026335.2504 7293832.7573, -13026359.4415 7293910.4272, -13026331.3752 7293900.4372, -13026251.5695 7293943.3072, -13026254.575 7293962.8374, -13026306.3061 7293987.1253, -13026257.83 7294023.8035, -13026232.0015 7293999.0392, -13026180.3921 7294041.4859, -13026152.9318 7294039.5295, -13026139.7127 7294056.3894, -13026166.4001 7294127.0334, -13026155.7618 7294138.326, -13026164.4659 7294167.091, -13026140.4332 7294177.2198, -13026074.8366 7294110.4248, -13026017.9883 7294112.0763, -13025971.1911 7294130.0127, -13025943.5968 7294193.8675, -13025858.7123 7294196.3073, -13025842.9896 7294221.4789, -13025898.0052 7294237.1835, -13025969.2618 7294228.8361, -13026054.6181 7294242.8615, -13026155.5392 7294226.2249, -13026210.9327 7294246.604, -13026227.9911 7294268.0865, -13026260.9285 7294269.885, -13026327.4961 7294202.0485, -13026368.3332 7294192.6325, -13026415.1186 7294199.5248, -13026441.4938 7294230.4959, -13026430.2264 7294248.5293, -13026380.9385 7294249.9491, -13026355.5235 7294319.3481, -13026324.9862 7294291.1836, -13026291.0952 7294289.8815, -13026301.7024 7294353.8584, -13026288.8765 7294384.4414, -13026204.6173 7294347.2415, -13026168.1293 7294351.067, -13026113.3912 7294381.2519, -13026116.9941 7294411.3621, -13026089.8399 7294396.874, -13026069.0573 7294424.8728, -13026046.3487 7294432.6213, -13026043.2176 7294418.9777, -13026018.8691 7294416.9672, -13026008.4054 7294447.4463, -13025991.5829 7294434.1962, -13025976.3065 7294450.4114, -13025990.5436 7294447.6043, -13026036.9671 7294487.8259, -13026033.1406 7294545.6179, -13025975.2876 7294548.1667, -13025951.7761 7294575.4252, -13025966.3319 7294605.2212, -13025946.6297 7294609.2679, -13025954.5719 7294647.5651, -13025985.5115 7294700.8079, -13025963.98 7294708.43, -13026033.7929 7294759.8499, -13026021.0438 7294793.1788, -13026103.9036 7294815.5171, -13026120.8845 7294834.2566, -13026121.9065 7294869.9365, -13026155.7001 7294873.1069, -13026162.4326 7294849.5423, -13026202.9712 7294854.96190001, -13026221.6091 7294875.0901, -13026280.5 7294857.1313, -13026319.3888 7294875.2398, -13026320.9625 7294930.1323, -13026355.4084 7294944.558, -13026352.0765 7294979.8708, -13026317.3739 7294996.1616, -13026318.8644 7295015.5906, -13026359.4741 7295030.6592, -13026318.4122 7295127.9854, -13026301.5876 7295114.7349, -13026273.7154 7295002.9126, -13026226.9253 7294996.0188, -13026162.053 7294931.9599, -13026138.822 7294982.0729, -13026153.222 7295006.3808, -13026129.2045 7295029.0473, -13026127.1736 7295053.8283, -13026160.3501 7295063.8615, -13026175.8512 7295126.59529999, -13026218.345 7295174.818, -13026177.3453 7295178.745, -13026141.2855 7295098.7278, -13026099.1571 7295110.0608, -13026015.3778 7295169.6697, -13026007.9479 7295197.3532, -13026056.7891 7295251.2413, -13026062.7192 7295195.778, -13026100.8231 7295186.4409, -13026117.7262 7295202.4365, -13026089.0954 7295255.4534, -13026106.4442 7295276.2557, -13026169.2219 7295277.871, -13026191.7597 7295299.1986, -13026198.1019 7295329.2335, -13026254.6047 7295388.0423, -13026272.5311 7295439.7204, -13026304.6867 7295414.0709, -13026303.3644 7295463.5563, -13026275.1016 7295503.9395, -13026283.0287 7295519.084, -13026253.6114 7295544.6549, -13026259.1582 7295598.5051, -13026312.8665 7295606.0602, -13026338.6005 7295559.3995, -13026421.9379 7295504.6773, -13026479.9764 7295505.1694, -13026509.2224 7295482.3497, -13026550.8479 7295395.9903, -13026622.5844 7295317.0045, -13026636.8098 7295239.6775, -13026663.0235 7295229.6007, -13026691.6597 7295240.8426, -13026701.1952 7295191.1213, -13026734.452 7295203.8971, -13026741.5253 7295233.0971, -13026776.634 7295241.138, -13026860.3463 7295197.5169, -13026942.5233 7295189.9408, -13026966.5182 7295172.4753, -13026989.849 7295183.9685, -13026998.1417 7295223.755, -13027020.6026 7295242.33519999, -13027030.0813 7295286.0138, -13026977.4958 7295268.3035, -13026978.0483 7295287.5168, -13026941.1844 7295244.629, -13026916.3827 7295235.5466, -13026870.3481 7295254.7166, -13026858.502 7295295.0668, -13026886.4934 7295358.4926, -13026877.0588 7295397.5679, -13026960.322 7295433.6227, -13026979.9659 7295449.5378, -13026983.4938 7295476.907, -13026866.9982 7295419.6098, -13026800.5462 7295459.5085, -13026797.5488 7295552.3515, -13026889.8502 7295556.5303, -13026912.6276 7295586.091, -13026905.6737 7295630.2462, -13026892.5325 7295649.8556, -13026826.2517 7295632.539, -13026761.1705 7295647.7789, -13026719.6845 7295708.6429, -13026722.6363 7295812.6635, -13026730.9901 7295846.8214, -13026775.678 7295875.7514, -13026883.7303 7295820.4354, -13026908.7736 7295833.4484, -13026915.876 7295889.8118, -13026868.7177 7295870.3188, -13026836.7989 7295904.2072, -13026837.9821 7295945.3817, -13026865.8158 7295958.3087, -13026909.5065 7295954.3059, -13026981.3354 7296037.5655, -13027021.0568 7296115.9216, -13026988.7667 7296232.2429, -13027003.5115 7296363.6913, -13026943.9541 7296387.429, -13026918.4461 7296360.6534, -13026906.0929 7296407.7162, -13026887.1568 7296416.5052, -13026878.0968 7296440.8302, -13026885.8381 7296465.997, -13027005.5952 7296478.9773, -13027057.6046 7296433.5615, -13027094.08 7296462.7292, -13027142.1977 7296477.8655, -13027159.2886 7296537.7732, -13027220.5742 7296571.7186, -13027243.8298 7296617.7534, -13027220.917 7296678.8612, -13027256.4729 7296771.2491, -13027238.8799 7296826.709, -13027147.8042 7296900.7795, -13027129.7362 7296939.7683, -13027131.4742 7297000.1655, -13027097.6025 7297061.5927, -13027137.4523 7297112.6465, -13027071.4203 7297199.7332, -13027080.4566 7297263.6912, -13027141.2704 7297340.5959, -13027193.2378 7297336.3458, -13027248.9772 7297372.4611, -13027243.8354 7297398.0667, -13027152.4116 7297441.9414, -13027129.0216 7297486.5821, -13027190.7096 7297534.2594, -13027183.5905 7297578.5378, -13027203.7219 7297605.3266, -13027202.4422 7297634.6449, -13027268.704 7297672.1437, -13027284.083 7297663.4224, -13027425.6411 7297695.0817, -13027434.4132 7297714.0629, -13027481.1414 7297718.206, -13027508.0187 7297695.0486, -13027557.0535 7297688.5292, -13027629.4019 7297535.302, -13027684.3178 7297361.6297, -13027653.8333 7297336.7535, -13027574.2358 7297333.5637, -13027507.7807 7297310.7585, -13027412.826 7297250.3094, -13027409.1376 7297217.4436, -13027478.1726 7297234.6793, -13027615.4515 7297241.6947, -13027668.2892 7297267.6413, -13027680.7509 7297319.4871, -13027811.5227 7297290.9672, -13027835.5423 7297268.2889, -13027833.4456 7297221.3686, -13027814.4656 7297202.9548, -13027826.7355 7297153.1404, -13027853.5884 7297137.0743, -13027886.681 7297140.4114, -13027940.4346 7297103.1325, -13027999.9044 7297102.9903, -13028013.4742 7297122.6975, -13027982.9044 7297171.0474, -13028005.6773 7297175.9611, -13028081.2217 7297120.129, -13028135.1553 7297105.7244, -13028125.9855 7297073.0187, -13028140.1981 7297030.4348, -13028163.0154 7297022.9449, -13028177.7126 7297060.526, -13028202.3651 7297059.8101, -13028227.9585 7296970.5776, -13028212.4283 7296947.2935, -13028173.9032 7296928.7503, -13028176.0704 7296898.9009, -13028161.6769 7296885.1436, -13028109.475 7296881.164, -13028141.154 7296839.0306, -13028139.091 7296767.6537, -13028088.2805 7296716.9253, -13028095.0697 7296667.2729, -13028138.4182 7296649.5294, -13028169.1441 7296574.4547, -13028119.7767 7296568.6073, -13028041.0875 7296506.7377, -13027989.1262 7296510.9929, -13027925.6538 7296496.3495, -13027869.6501 7296440.1911, -13027850.9535 7296377.6285, -13027863.3806 7296349.6328, -13027810.9945 7296261.9251, -13027786.3063 7296132.2393, -13027802.1136 7296068.6325, -13027750.3996 7296048.3704, -13027746.1317 7296004.1405, -13027719.0141 7295987.0131, -13027729.2656 7295941.8258, -13027782.1653 7295880.1766, -13027796.0353 7295802.3262, -13027774.2805 7295749.3797, -13027673.9571 7295702.3303, -13027711.0549 7295636.0949, -13027727.4139 7295652.2729, -13027737.8281 7295712.7876, -13027756.737 7295728.4345, -13027779.3311 7295727.386, -13027780.9198 7295701.6163, -13027804.2225 7295685.5229, -13027833.0816 7295709.3025, -13027884.9033 7295702.7319, -13027921.2032 7295658.9628, -13027962.7 7295663.8389, -13027987.1047 7295639.6751, -13027980.9241 7295600.7584, -13027941.343 7295580.9107, -13027915.2851 7295604.1103, -13027933.8144 7295520.3135, -13027955.0761 7295519.1361, -13027969.5147 7295530.8617, -13027961.3549 7295548.4744, -13028004.596 7295595.0035, -13028047.1467 7295606.0959, -13028052.0846 7295638.5136, -13028099.4385 7295652.3432, -13028127.9319 7295688.4404, -13028105.3704 7295790.5641, -13028143.9094 7295891.0928, -13028180.1255 7295917.4122, -13028213.9985 7295916.9029, -13028226.7923 7295884.6741, -13028254.5153 7295869.3623, -13028276.0708 7295839.9639, -13028272.9346 7295806.5877, -13028307.7187 7295785.1512, -13028324.7147 7295798.567, -13028357.6519 7295788.6418, -13028365.8143 7295795.9248, -13028348.8579 7295834.0665, -13028279.7038 7295924.77929999, -13028280.8847 7295981.5709, -13028245.8931 7295995.6201, -13028234.3063 7296016.0293, -13028242.65 7296033.3641, -13028295.2998 7296030.3867, -13028308.2207 7296049.9429, -13028333.4612 7296050.999, -13028343.8258 7296099.8338, -13028389.7115 7296172.4522, -13028450.738 7296160.8778, -13028488.3391 7296185.514, -13028510.0758 7296137.8188, -13028472.4259 7296109.9516, -13028567.6863 7296104.9225, -13028642.6059 7296191.9944, -13028657.0462 7296198.70799999, -13028679.7879 7296185.7373, -13028672.6443 7296213.4592, -13028705.2439 7296214.4, -13028731.2631 7296232.2615, -13028712.5303 7296168.8551, -13028747.1275 7296167.8346, -13028740.3336 7296145.5402, -13028757.6121 7296079.2091, -13028774.3395 7296083.0664, -13028793.8581 7296058.6047, -13028826.2378 7296104.0007, -13028849.1889 7296098.2639, -13028882.2786 7296118.2975, -13028892.221 7296137.4776, -13028879.6765 7296153.1276, -13028883.2184 7296179.0289, -13028927.3459 7296178.0987, -13028958.8287 7296228.6633, -13028993.4671 7296215.7012, -13029006.6908 7296223.2805, -13029054.4937 7296177.7198, -13029097.2377 7296179.8348, -13029097.8497 7296227.86379999, -13029112.2362 7296250.6141, -13029085.1561 7296288.3309, -13029110.454 7296313.6595, -13029152.7343 7296311.7253, -13029154.8348 7296349.2928, -13029135.5001 7296330.3069, -13029082.7858 7296331.1198, -13029041.0215 7296410.537, -13028971.3634 7296433.9234, -13028920.1519 7296427.8167, -13028891.2403 7296477.1721, -13028861.372 7296468.6291, -13028841.6639 7296486.581, -13028825.6157 7296481.2558, -13028827.1939 7296460.9355, -13028796.3563 7296463.9198, -13028767.9132 7296534.3458, -13028794.3523 7296574.1249, -13028786.9362 7296592.4431, -13028800.3938 7296661.6729, -13028672.9289 7296620.2518, -13028649.0413 7296595.7328, -13028628.2333 7296600.6829, -13028565.5809 7296557.3463, -13028543.387 7296591.7858, -13028587.8324 7296652.5449, -13028607.772 7296642.5515, -13028697.9429 7296684.2164, -13028768.6446 7296684.2116, -13028755.9567 7296720.062, -13028787.7098 7296743.757, -13028761.558 7296788.689, -13028792.4849 7296808.7877, -13028826.2603 7296779.8507, -13028849.0735 7296778.409, -13028862.1498 7296794.4491, -13028861.3602 7296866.8833, -13028879.1344 7296856.9521, -13028881.4989 7296754.9428, -13028913.8057 7296732.11940001, -13028915.6013 7296716.1928, -13028937.6913 7296730.8183, -13028991.4956 7296727.0654, -13029025.9224 7296667.782, -13029038.9563 7296687.9226, -13029033.7011 7296709.0527, -13029016.4026 7296707.4067, -13029010.3677 7296723.5127, -13029054.1625 7296746.1347, -13029048.3252 7296764.942, -13029019.4685 7296781.076, -13029040.9978 7296808.0646, -13029018.3048 7296797.8644, -13029001.4125 7296838.1829, -13028955.8338 7296885.8546, -13028943.9523 7296924.5791, -13028920.0718 7296924.8138, -13028906.9096 7296967.6576, -13028925.9556 7297026.4812, -13028913.6539 7297050.7359, -13028929.4439 7297078.8304, -13028960.2458 7297087.7575, -13028970.2098 7297132.3639, -13029003.2786 7297101.7104, -13029016.9478 7297049.8984, -13029084.2939 7297055.1765, -13029093.3478 7297093.2917, -13029055.4782 7297132.7751, -13029087.4519 7297139.0844, -13029102.1185 7297221.2093, -13029089.7541 7297243.2944, -13029068.7766 7297242.4576, -13028972.4431 7297184.437, -13028935.0509 7297190.5957, -13028920.3446 7297228.8323, -13028900.4183 7297243.3022, -13028893.6439 7297372.3709, -13028925.4744 7297401.9912, -13028926.2495 7297440.0401, -13028944.9728 7297452.3836, -13028918.4956 7297480.5097, -13028928.6258 7297508.3662, -13028894.7547 7297528.6696, -13028933.9181 7297584.5062, -13028926.8411 7297597.1465, -13028879.233 7297581.1258, -13028864.8626 7297598.9521, -13028870.5635 7297680.9024, -13028900.4783 7297714.7963, -13028907.4834 7297699.6709, -13028939.6836 7297716.325, -13028979.9528 7297775.854, -13029040.0141 7297812.7321, -13029063.301 7297938.8456, -13029112.3285 7298009.76039999, -13029106.4766 7298144.0049, -13029131.814 7298160.5691, -13029169.712 7298099.8817, -13029206.8377 7298096.6043, -13029184.0567 7298166.6122, -13029152.3307 7298184.9468, -13029136.0576 7298222.7266, -13029139.5471 7298257.4433, -13029146.5135 7298277.0016, -13029242.6453 7298333.2381, -13029349.3524 7298475.1578, -13029398.6046 7298632.8961, -13029399.1102 7298650.2916, -13029363.3348 7298678.92849999, -13029361.1722 7298711.0913, -13029417.0171 7298804.7114, -13029448.0608 7298808.585, -13029463.9643 7298832.4495, -13029530.4777 7298815.5833, -13029539.6729 7298790.4426, -13029516.7069 7298768.7286, -13029502.2025 7298716.0632, -13029517.4518 7298709.0145, -13029570.2439 7298732.3438, -13029597.3013 7298724.0915, -13029564.4681 7298789.7181, -13029615.9988 7298795.8491, -13029623.6319 7298813.028, -13029630.5261 7298842.5063, -13029594.7357 7298832.5733, -13029597.3919 7298846.5417, -13029545.5031 7298852.1158, -13029521.2591 7298880.7232, -13029527.1062 7298933.7614, -13029552.4752 7298979.2598, -13029555.3522 7299073.531, -13029494.7354 7299122.5608, -13029501.6861 7299163.9171, -13029474.3701 7299190.3134, -13029506.8001 7299281.3978, -13029465.4406 7299309.9669, -13029456.4614 7299342.5651, -13029465.6879 7299384.2573, -13029423.6243 7299408.1963, -13029433.8932 7299464.2587, -13029418.067 7299515.0984, -13029446.3329 7299556.3069, -13029400.1534 7299625.2885, -13029360.9104 7299641.3591, -13029359.0085 7299661.3146, -13029408.1475 7299729.5296, -13029402.3599 7299778.9787, -13029425.1218 7299801.1717, -13029454.5681 7299874.9378, -13029367.2439 7299944.652, -13029372.8153 7300035.89329999, -13029290.9445 7300121.061, -13029199.6444 7300156.0148, -13029245.3664 7300191.9952, -13029241.4896 7300229.4232, -13029217.773 7300267.4303, -13029219.6502 7300332.0553, -13029154.9278 7300411.06229999, -13029158.5663 7300477.728, -13029126.7378 7300539.4671, -13029127.3787 7300573.5691, -13029173.103 7300609.552, -13029189.19 7300640.3123, -13029236.405 7300652.485, -13029282.3958 7300622.3242, -13029281.3602 7300576.5396, -13029320.6706 7300572.7586, -13029427.5171 7300651.8812, -13029567.7255 7300607.9805, -13029673.7699 7300669.5633, -13029753.0608 7300664.7567, -13029833.003 7300682.3205, -13029826.2867 7300707.3951, -13029859.0082 7300733.4959, -13029837.6552 7300756.8189, -13029809.8857 7300724.79, -13029762.0934 7300719.2244, -13029765.2249 7300741.5231, -13029731.3512 7300749.6263, -13029729.9046 7300807.2398, -13029814.3782 7300860.3317, -13029813.8488 7300876.9322, -13029786.7842 7300885.1876, -13029774.1482 7300909.5115, -13029828.3933 7300986.9463, -13029914.7703 7301026.4861, -13029889.7393 7301069.4699, -13029869.922 7301076.0907, -13029840.8646 7301049.1761, -13029821.3245 7301048.3781, -13029814.7507 7301067.6474, -13029813.0494 7301111.7392, -13029874.3124 7301247.9885, -13029886.9334 7301255.4466, -13029903.7884 7301237.53719999, -13029980.0973 7301215.3996, -13029995.1215 7301238.4745, -13030018.0984 7301241.6546, -13030045.2769 7301407.5554, -13029996.9746 7301453.7548, -13029959.4796 7301444.9002, -13029925.7294 7301474.7971, -13029932.2015 7301536.62960001, -13030009.6737 7301536.1567, -13030040.6463 7301589.3198, -13030044.7939 7301646.4246, -13030023.4158 7301698.6409, -13030025.3692 7301746.5187, -13030060.8025 7301786.50419999, -13030032.9941 7301892.9931, -13029975.4538 7301822.6249, -13029956.2623 7301845.5803, -13029924.2618 7301848.7354, -13029885.8524 7301964.5738, -13029899.3937 7302023.9074, -13029887.352 7302066.0054, -13029761.6535 7302101.3263, -13029675.9289 7302102.3257, -13029649.3136 7302090.168, -13029613.6957 7302044.3086, -13029559.3648 7302025.8184, -13029474.4905 7302159.48, -13029431.131 7302117.0192, -13029403.2256 7302148.9675, -13029339.3489 7302120.94829999, -13029279.6219 7302117.172, -13029262.8562 7302072.5796, -13029214.9076 7302079.6047, -13029193.961 7302135.71369999, -13029135.3207 7302143.6204, -13029121.1545 7302166.7792, -13029086.7999 7302175.3203, -13029023.9427 7302099.9769, -13028945.2277 7302066.3602, -13028906.2936 7302020.7524, -13028822.3486 7301969.0121, -13028791.827 7301912.5096, -13028811.8226 7301875.74, -13028792.6907 7301826.3073, -13028760.5593 7301819.9373, -13028689.7629 7301868.7401, -13028700.4846 7301927.2319, -13028634.8454 7301894.4635, -13028607.9074 7301918.4114, -13028642.6727 7302008.8288, -13028627.6833 7302028.6663, -13028596.7827 7302017.4689, -13028494.5973 7301934.7315, -13028534.5474 7301859.6875, -13028508.4467 7301789.5811, -13028512.127 7301760.8264, -13028480.6252 7301711.9865, -13028453.1767 7301699.2151, -13028418.9544 7301712.2723, -13028391.639 7301692.7725, -13028357.6757 7301726.1162, -13028330.6198 7301726.9027, -13028256.3137 7301706.4457, -13028255.0219 7301644.3523, -13028293.7157 7301595.2933, -13028297.0482 7301554.4878, -13028340.2557 7301494.9588, -13028335.1304 7301464.3804, -13028296.8725 7301444.4295, -13028245.2695 7301376.5713, -13028167.6622 7301352.6636, -13028121.639 7301361.1172, -13028091.1606 7301351.1466, -13028061.6256 7301375.788, -13028055.8818 7301486.107, -13028000.2966 7301473.1941, -13028000.8138 7301454.5358, -13027954.808 7301424.2093, -13027921.9412 7301375.1361, -13027793.0489 7301344.4708, -13027748.5476 7301314.0997, -13027766.9922 7301289.7461, -13027826.9472 7301268.1036, -13027768.9601 7301177.2613, -13027711.5251 7301177.9752, -13027600.7686 7301278.1531, -13027583.4132 7301273.6552, -13027574.0486 7301240.3939, -13027528.6962 7301254.1329, -13027517.1931 7301272.5581, -13027510.0563 7301353.6078, -13027537.1273 7301400.0713, -13027504.4384 7301404.096, -13027526.4802 7301438.1347, -13027497.6351 7301481.1859, -13027526.9318 7301505.9685, -13027558.5397 7301506.5607, -13027579.0179 7301486.3672, -13027633.3891 7301493.8381, -13027647.6303 7301570.3192, -13027599.8356 7301582.2583, -13027587.3072 7301617.2991, -13027629.4707 7301642.7902, -13027679.2022 7301650.7517, -13027687.3839 7301667.487, -13027742.7894 7301688.4496, -13027749.9848 7301707.6968, -13027734.7345 7301721.5843, -13027744.7533 7301755.9724, -13027732.9177 7301789.8353, -13027712.8151 7301796.1003, -13027656.0258 7301757.0366, -13027632.5408 7301777.3182, -13027642.6026 7301813.2131, -13027682.3795 7301836.1847, -13027688.2935 7301957.6187, -13027670.093 7301996.4471, -13027672.7818 7302024.9377, -13027608.1198 7302078.0774, -13027537.3832 7302077.1112, -13027493.2696 7302060.2949, -13027463.4063 7302015.9252, -13027423.6291 7301992.9518, -13027387.2512 7302000.9533, -13027367.1147 7301990.6206, -13027374.703 7301965.7199, -13027357.8047 7301901.3737, -13027315.5684 7301896.5305, -13027288.6875 7301852.1091, -13027290.1749 7301799.2939, -13027227.7375 7301825.2246, -13027209.3528 7301813.6941, -13027214.4978 7301783.3899, -13027184.8974 7301748.0596, -13027197.161 7301718.8177, -13027133.4729 7301686.2209, -13027122.4373 7301652.2289, -13027194.4415 7301579.2578, -13027168.3519 7301535.9713, -13027164.2024 7301469.7735, -13027121.5562 7301425.3027, -13027116.1728 7301398.7461, -13026987.8062 7301381.3486, -13026975.8385 7301435.9715, -13026986.0752 7301448.9182, -13026902.0281 7301484.8427, -13026778.0381 7301467.3743, -13026900.2824 7301371.8156, -13026907.4512 7301359.547, -13026880.8072 7301327.0792, -13026902.6692 7301297.8703, -13026940.6823 7301293.6117, -13026943.8444 7301265.0197, -13026929.754 7301245.8271, -13026875.3418 7301236.8451, -13026836.8567 7301206.2956, -13026786.3733 7301237.1451, -13026793.1541 7301179.8786, -13026746.7067 7301157.6379, -13026695.1399 7301195.3098, -13026636.3056 7301189.46899999, -13026619.0337 7301109.9918, -13026588.9578 7301093.6433, -13026542.1117 7301117.0617, -13026504.7974 7301114.8643, -13026514.5513 7301064.9174, -13026499.6585 7300988.6514, -13026528.9439 7300960.3903, -13026544.4073 7300879.8062, -13026521.5812 7300861.101, -13026520.3869 7300839.0739, -13026472.1465 7300815.7911, -13026451.0661 7300763.1458, -13026467.5843 7300761.6499, -13026472.9044 7300737.3755, -13026463.8206 7300701.2886, -13026423.0176 7300700.4609, -13026417.728 7300754.0415, -13026395.8226 7300724.5215, -13026394.6669 7300699.6356, -13026420.1623 7300681.6085, -13026409.2961 7300669.8611, -13026425.462 7300653.4448, -13026410.1413 7300594.4595, -13026424.4055 7300549.6263, -13026399.2262 7300509.7274, -13026377.9812 7300513.9428, -13026359.3262 7300500.9494, -13026307.4252 7300579.3285, -13026300.636 7300552.3885, -13026273.6226 7300529.7224, -13026230.5935 7300517.979, -13026172.7158 7300477.28, -13026173.1322 7300459.5788, -13026067.017 7300378.2128, -13026031.0775 7300383.7692, -13025987.0629 7300369.96060001, -13025917.8602 7300266.0415, -13025893.5588 7300151.051, -13025873.0306 7300116.9698, -13025860.6084 7299990.4836, -13025845.9625 7299959.4678, -13025779.8904 7299894.8205, -13025758.5102 7299771.162, -13025688.4091 7299762.004, -13025714.61 7299666.462, -13025650.0816 7299630.4017, -13025688.8259 7299618.7926, -13025696.8904 7299557.5267, -13025613.6381 7299513.9308, -13025612.7771 7299483.809, -13025586.2802 7299459.7296, -13025568.1226 7299447.4081, -13025546.8789 7299453.2943, -13025558.5038 7299426.5817, -13025602.8998 7299453.9462, -13025644.4728 7299458.9842, -13025656.3553 7299482.5575, -13025697.2298 7299491.9348, -13025710.2708 7299369.4678, -13025690.9606 7299313.82, -13025708.2854 7299214.3843, -13025697.8477 7299197.994, -13025598.755 7299151.1002, -13025602.1437 7299111.8143, -13025583.0521 7299109.8473, -13025566.7262 7299135.4399, -13025528.9882 7299130.4941, -13025511.4729 7299149.0839, -13025416.0755 7299126.1981, -13025405.534 7299110.552, -13025430.8007 7299115.22469999, -13025443.5302 7299100.1061, -13025451.7944 7299113.1151, -13025477.2812 7299114.4445, -13025514.2165 7299087.2079, -13025527.2066 7299049.7107, -13025499.1381 7299056.7359, -13025511.3428 7299025.376, -13025449.3902 7298957.1329, -13025527.3028 7298966.2534, -13025532.1872 7298947.50299999, -13025552.2876 7298945.9424, -13025592.3021 7298977.9525, -13025573.1557 7298992.0673, -13025576.6142 7299037.8512, -13025598.9623 7299053.1229, -13025613.8982 7298996.9263, -13025627.594 7299002.562, -13025628.7994 7299044.7299, -13025664.2098 7299040.3245, -13025694.4885 7299080.5244, -13025722.8174 7299038.9026, -13025675.5913 7298998.16920001, -13025689.8423 7298970.6298, -13025739.5142 7298972.2173, -13025721.1188 7298927.8679, -13025743.1176 7298940.4621, -13025773.8536 7298910.94169999, -13025844.907 7298911.9782, -13025888.0425 7298892.4778, -13025912.1719 7298857.2282, -13025904.0124 7298834.8549, -13025873.8317 7298831.2008, -13025894.1349 7298804.9948, -13025921.0149 7298850.9451, -13025944.9457 7298838.3362, -13025951.1894 7298801.8471, -13025894.6031 7298768.8087, -13025883.0077 7298731.4625, -13025935.9358 7298689.2471, -13025947.0939 7298658.7829, -13025934.2977 7298632.0219, -13025861.0555 7298594.9415, -13025838.8623 7298607.6366, -13025808.9031 7298664.2626, -13025786.6235 7298673.9458, -13025719.3057 7298633.6793, -13025704.8401 7298653.6879, -13025716.3053 7298686.5163, -13025823.8965 7298767.8268, -13025824.2751 7298782.8827, -13025799.0423 7298792.6562, -13025734.1734 7298785.477, -13025689.0918 7298734.0204, -13025626.4579 7298752.3983, -13025626.8883 7298767.4576, -13025604.0826 7298771.2615, -13025588.12 7298758.3247, -13025527.8053 7298773.31669999, -13025364.023 7298725.2645, -13025377.9306 7298685.6791, -13025367.4592 7298632.8166, -13025397.9315 7298596.1828, -13025400.2486 7298572.00199999, -13025437.3068 7298573.7866, -13025461.508 7298558.1872, -13025436.8627 7298485.0445, -13025379.1198 7298411.3448, -13025394.5723 7298373.2237, -13025446.6002 7298352.1388, -13025487.1689 7298307.7948, -13025498.4923 7298221.0397, -13025519.2687 7298211.401, -13025512.1833 7298173.9274, -13025523.1703 7298137.4424, -13025555.4962 7298163.6418, -13025588.6791 7298167.2104, -13025626.0251 7298158.6029, -13025650.7488 7298129.2587, -13025688.5682 7298137.2149, -13025717.5452 7298151.4532, -13025727.4642 7298182.8168, -13025764.4706 7298214.9093, -13025847.7543 7298243.7783, -13025910.0221 7298299.4636, -13025958.5093 7298269.6153, -13025908.491 7298203.2346, -13025919.433 7298165.2431, -13025908.3987 7298147.4755, -13025850.1051 7298159.7007, -13025792.807 7298148.0414, -13025822.2856 7298133.3732, -13025821.7255 7298113.7973, -13025801.1342 7298079.7734, -13025797.0781 7298040.6599, -13025739.3173 7297958.0732, -13025748.5217 7297945.1749, -13025784.1811 7297955.4965, -13025803.2927 7297942.52399999, -13025821.7075 7297884.7646, -13025788.603 7297849.5109, -13025758.3399 7297842.8453, -13025680.6893 7297861.653, -13025662.8213 7297851.9567, -13025632.9064 7297782.1444, -13025594.158 7297775.6942, -13025606.3634 7297742.0455, -13025594.3137 7297733.0243, -13025559.5032 7297724.7286, -13025511.1579 7297739.0595, -13025511.2534 7297720.3385, -13025539.1099 7297695.4272, -13025089.0314 7297708.3323, -13025036.9452 7297456.7814, -13024976.8414 7297303.3474, -13024878.9114 7297126.1741, -13024769.4948 7296980.3618, -13024716.1164 7296845.35980001, -13024632.1593 7296723.6455, -13024558.6377 7296533.3728, -13024441.9914 7296350.5411, -13024035.3276 7295983.6243, -13023957.2247 7295849.3395, -13023807.3086 7295741.921, -13023659.5966 7295682.4347, -13023509.9784 7295872.7357, -13023498.2919 7295835.7465, -13023416.9784 7295782.0762, -13023418.9577 7295758.0277, -13023388.8334 7295722.4897, -13023339.5871 7295722.5014, -13023285.8485 7295753.8131, -13023264.3491 7295782.90999999, -13023258.6804 7295809.2496, -13023295.9896 7295832.9567, -13023299.794 7295870.7127, -13023178.3694 7295900.9655, -13023183.4137 7295928.1366, -13023245.6414 7295928.0361, -13023244.6062 7295942.55619999, -13023218.6435 7295944.7426, -13023195.2194 7295966.2645, -13023187.2979 7296031.1939, -13023133.3899 7296006.0656, -13023091.7925 7295945.9315, -13023065.8409 7295874.6901, -13023035.701 7295855.9644, -13023077.0753 7295760.7426, -13023070.2015 7295746.6074, -13023090.3793 7295732.1994, -13023119.1732 7295735.1275, -13023127.0764 7295701.5379, -13023097.8551 7295689.8411, -13023109.4751 7295642.9613, -13023124.612 7295635.8703, -13023093.2121 7295599.0875, -13023121.2915 7295566.4439, -13023113.8887 7295533.8389, -13023060.7897 7295526.1092, -13023024.0899 7295557.5795, -13022976.5826 7295564.7234, -13022967.5899 7295586.9396, -13022893.6709 7295640.2037, -13022889.8391 7295667.1647, -13022849.5592 7295697.4486, -13022846.487 7295719.1095, -13022869.0911 7295750.2557, -13022901.0001 7295755.2384, -13022885.3228 7295828.4013, -13022836.6322 7295830.9642, -13022809.8816 7295857.87039999, -13022771.4378 7295864.9379, -13022790.9354 7295851.0972, -13022794.207 7295813.3294, -13022752.3993 7295806.2593, -13022801.0644 7295736.0478, -13022763.8541 7295729.2056, -13022740.1323 7295690.2459, -13022723.1648 7295703.76780001, -13022691.2202 7295698.8769, -13022668.2445 7295653.1595, -13022628.4282 7295628.9726, -13022542.8097 7295665.40600001, -13022509.4617 7295662.0031, -13022599.0015 7295607.3038, -13022664.0079 7295605.4625, -13022638.7967 7295582.9926, -13022638.3204 7295566.1012, -13022663.2475 7295527.2384, -13022620.8687 7295513.2777, -13022554.5622 7295569.4392, -13022529.9635 7295568.6868, -13022517.3703 7295583.5331, -13022497.7933 7295574.6798, -13022440.6376 7295585.6787, -13022437.9352 7295535.0669, -13022406.5389 7295498.282, -13022329.9945 7295449.7334, -13022242.9269 7295444.804, -13022252.5771 7295421.4945, -13022302.8919 7295411.3778, -13022316.6443 7295386.3566, -13022285.6929 7295354.3569, -13022281.6671 7295325.0409, -13022315.7359 7295242.5962, -13022316.2485 7295208.2035, -13022267.4798 7295180.5489, -13022251.9163 7295192.5802, -13022205.6511 7295192.4394, -13022157.086 7295161.936, -13022198.1211 7295130.3489, -13022240.46 7295145.0899, -13022264.8126 7295137.1568, -13022294.0467 7295097.2097, -13022337.0961 7295085.8498, -13022352.1977 7295063.1752, -13022380.1045 7295073.0419, -13022390.9265 7295046.6556, -13022347.6597 7295001.2338, -13022339.4879 7295023.3835, -13022276.6056 7295007.1777, -13022273.3627 7294996.0174, -13022296.5232 7294979.7793, -13022284.519 7294964.1811, -13022321.3822 7294938.5076, -13022331.6298 7294864.0504, -13022317.3289 7294845.8948, -13022276.966 7294849.934, -13022179.4327 7294774.4534, -13022187.6918 7294759.7316, -13022210.4044 7294759.2393, -13022225.0832 7294724.0293, -13022215.1473 7294717.7162, -13022221.7961 7294694.1917, -13022187.559 7294672.4756, -13022207.5611 7294647.9303, -13022235.8916 7294666.5726, -13022280.1853 7294659.5868, -13022273.72 7294609.1177, -13022209.4332 7294576.5858, -13022152.7 7294502.7384, -13022159.0325 7294485.9806, -13022216.8736 7294473.3282, -13022239.0949 7294435.7587, -13022237.2278 7294392.3896, -13022162.1557 7294370.7452, -13022123.4164 7294410.4948, -13022082.2141 7294352.7009, -13022083.0876 7294337.7703, -13022125.198 7294308.987, -13022122.4803 7294265.3679, -13022102.3199 7294232.9854, -13022081.6478 7294240.5993, -13022085.4429 7294260.5825, -13021971.9016 7294246.9395, -13021904.4338 7294285.1366, -13021871.5644 7294265.974, -13021815.2894 7294288.3007, -13021803.396 7294256.2324, -13021767.8155 7294232.6095, -13021767.5523 7294200.2134, -13021746.2769 7294179.42719999, -13021749.9242 7294224.4582, -13021695.2241 7294249.5627, -13021678.7109 7294275.5967, -13021656.985 7294269.4352, -13021612.3574 7294292.0799, -13021557.1881 7294277.1235, -13021546.5111 7294249.867, -13021568.8886 7294240.8113, -13021596.2449 7294201.804, -13021532.3917 7294143.0075, -13021520.9522 7294119.7518, -13021528.7568 7294106.1831, -13021484.7396 7294099.3117, -13021443.7377 7294066.7678, -13021442.1425 7293963.7722, -13021357.937 7293972.4145, -13021336.9654 7293961.2363, -13021334.824 7293918.1909, -13021314.371 7293880.5322, -13021322.1784 7293829.0931, -13021302.9678 7293801.217, -13021242.6468 7293789.8815, -13021247.1017 7293759.4333, -13021220.1976 7293796.3454, -13021129.2834 7293805.3838, -13021065.8688 7293740.8154, -13021063.3403 7293713.2737, -13021084.2614 7293698.4286, -13021079.9501 7293682.9973, -13020997.9667 7293664.5655, -13020992.3933 7293627.1369, -13021007.8743 7293602.725, -13020997.7478 7293518.1196, -13021006.3031 7293500.38270001, -13021033.9212 7293493.0236, -13020994.1249 7293487.1883, -13020971.1252 7293444.9966, -13020926.1568 7293453.629, -13020848.8744 7293440.5989, -13020843.1558 7293492.6552, -13020812.7251 7293514.24629999, -13020677.5407 7293442.8731, -13020642.8174 7293449.67979999, -13020628.7001 7293476.6444, -13020675.5771 7293488.2889, -13020617.5932 7293565.0858, -13020593.413 7293532.7155, -13020568.7596 7293552.8476, -13020541.471 7293501.7723, -13020479.0408 7293447.2525, -13020253.0314 7293522.1707, -13020083.4794 7293660.6562, -13019752.0879 7293666.4406, -13019315.606 7293455.0638, -13019229.6824 7293482.3858, -13019107.8876 7293554.0151, -13018974.581 7293656.9797, -13018794.1986 7293848.10010001, -13018497.1543 7294073.4812, -13018314.0088 7294165.4189, -13018190.4823 7294175.0517, -13018109.0515 7294140.0895, -13018019.7253 7294043.3107, -13017973.1811 7293926.73569999, -13017957.9036 7293821.702, -13017967.7067 7293728.3809, -13018060.1562 7293490.0976, -13018124.5892 7293358.047, -13018514.2181 7292900.628, -13018583.6219 7292725.028, -13018585.1745 7292557.5201, -13018482.2936 7292417.7273, -13018362.751 7292346.6216, -13018320.187 7292334.7783, -13018336.785 7292221.7538, -13018222.7657 7291840.308, -13018423.3166 7291487.5728, -13018909.5392 7291657.7792, -13019090.6884 7292482.2625, -13019519.8453 7292817.5497, -13019948.4163 7292872.301, -13020745.5631 7292675.1044, -13020841.003 7292487.4176, -13020727.1392 7292130.3541, -13020758.2787 7291773.2145, -13020599.3593 7291424.5654, -13020493.9028 7291398.8937, -13020217.7028 7291282.5729, -13020015.7639 7291097.3662, -13019955.8477 7290997.2524, -13019880.696 7290919.8319, -13019796.3862 7290855.3907, -13019658.9626 7290821.0605, -13019499.96 7290809.5963, -13019156.5661 7290842.686, -13018990.9926 7290757.4516, -13018838.3514 7290654.5709, -13018488.9412 7290340.3125, -13018145.7664 7290639.9272, -13017183.0609 7290600.106, -13017140.3812 7290612.061, -13017159.9223 7291322.9298, -13017281.1081 7291884.7785, -13017175.7836 7292362.6206, -13017056.5033 7292326.969, -13016983.4932 7292372.3991, -13016935.5569 7292429.5414, -13016951.1584 7292546.9539, -13017011.2384 7292706.5576, -13017177.8105 7292912.8442, -13017219.5162 7293079.164, -13017198.0183 7293197.6106, -13017132.3781 7293286.2636, -13017029.2899 7293363.5447, -13016875.0228 7293380.2071, -13016570.2914 7293326.5769, -13016361.5539 7293388.1499, -13016257.6081 7293434.4303, -13016119.2681 7293580.904, -13015985.5821 7293671.4214, -13015831.6452 7293700.461, -13015731.3371 7293653.5884, -13015641.0303 7293519.597, -13015362.3382 7292862.1996, -13015305.3012 7292683.38610001, -13015293.5896 7292580.1063, -13015307.9176 7292424.6577, -13015347.9928 7292305.7196, -13015532.9177 7292052.5735, -13015672.4266 7291949.5189, -13015768.6498 7291847.6508, -13015802.7012 7291735.0859, -13015800.5005 7291654.5253, -13015716.9065 7291538.9894, -13015623.4864 7291516.7454, -13015417.0855 7291435.5817, -13015196.6351 7291292.7845, -13015124.4067 7291139.7296, -13015109.5105 7291047.1199, -13015063.0279 7290930.571, -13014993.7839 7290659.6244, -13014803.4314 7290485.0045, -13014489.7846 7290326.1483, -13014388.3509 7290235.90649999, -13014273.0436 7290090.2391, -13014227.251 7289998.4818, -13014199.6687 7289893.8292, -13014121.0927 7289505.3666, -13014133.6988 7288829.2658, -13014110.2885 7288650.1241, -13014038.6094 7288515.6936, -13013784.3477 7288262.2499, -13013613.7935 7288130.5085, -13013174.9883 7287683.7144, -13012709.3477 7287157.0728, -13012266.1577 7286543.0677, -13012151.6096 7286422.2077, -13011988.6307 7286339.8372, -13011889.1038 7286317.7286, -13011455.5855 7286292.2073, -13011163.6879 7286244.2708, -13011056.828 7286178.9681, -13010942.6343 7286070.4811, -13010799.6001 7285807.8417, -13010645.447 7285359.6069, -13010627.9757 7285167.9831, -13010671.789 7284956.1346, -13010722.9332 7284787.468, -13010905.8527 7284460.3756, -13010986.3881 7284235.1686, -13010982.7528 7284098.962, -13010950.0496 7284031.6876, -13010935.8782 7283963.9168, -13010759.2886 7283832.3487, -13010678.3277 7283809.735, -13010536.4223 7283819.7281, -13010294.367 7283782.8325, -13009886.6182 7283558.2983, -13009611.392 7283435.5361, -13009418.1102 7283372.5362, -13009246.9164 7283209.8263, -13009035.7251 7282936.6739, -13008833.8311 7282780.9739, -13008728.3453 7282765.1885, -13008555.7378 7282782.153, -13008464.7266 7282846.5095, -13008384.1853 7282940.901, -13008417.2057 7283005.9197, -13008496.0462 7283093.5258, -13008520.9536 7283179.0464, -13008476.8202 7283241.3901, -13008357.2482 7283336.3192, -13008213.1901 7283370.7194, -13008256.5455 7283568.3964, -13008213.4141 7283668.9514, -13008225.2654 7283829.2323, -13008274.7707 7283922.3007, -13008219.7233 7283968.6797, -13008215.6787 7284023.943, -13008266.3514 7284184.5945, -13008357.1316 7284200.4754, -13008445.7631 7284156.3219, -13008437.3821 7284060.6914, -13008412.2909 7283977.232, -13008446.0007 7283935.9595, -13008540.4811 7283932.8881, -13008711.6827 7284045.7744, -13008827.0678 7284080.952, -13008904.732 7284132.4248, -13009057.8768 7284183.467, -13009190.9841 7284182.8262, -13009265.7422 7284222.2549, -13009364.8697 7284219.6184, -13009488.0879 7284262.2265, -13009539.6414 7284192.0236, -13009586.0001 7284213.7325, -13009714.9222 7284320.874, -13009622.5804 7284442.1962, -13009714.4309 7284483.9618, -13009753.4288 7284484.5981, -13009830.6129 7284575.7445, -13009857.0229 7284650.096, -13009852.1216 7284691.1259, -13009909.325 7284757.822, -13009979.8636 7284764.8341, -13010007.6297 7284856.159))"
40,20988,989,2023-10-15 06:33:14,MWF049, ,90.1,2023-07-06,1356,2 - non-corrected airborne GPS,Wildfire,Being Held,2023/07/06 14:15:00,C,20.0,1688580060000,Lightning,5,f564d449-330d-4499-8a5c-b49af0a6c464,3565184.6015625,11627.9434202486,"POLYGON ((-12257547.9607 8380285.4258, -12257640.7257 8380346.6443, -12257710.6527 8380282.6892, -12257749.2986 8380186.7321, -12257834.3654 8379818.1005, -12257851.7204 8379708.0102, -12257839.9067 8379596.4185, -12257794.9592 8379492.5167, -12257666.0996 8379327.2141, -12257642.8777 8379242.9714, -12257668.6836 8379162.7102, -12257853.3445 8379007.4257, -12257910.3099 8378919.552, -12257937.8565 8378750.5329, -12257937.2437 8378401.276, -12257954.2982 8378298.7763, -12257991.5487 8378208.3866, -12258087.2379 8378110.7691, -12258371.6102 8377979.6326, -12258436.3133 8377991.5138, -12258568.2645 8378094.8144, -12258697.3073 8378142.9198, -12258836.7894 8378143.1048, -12259007.0979 8378087.1351, -12259072.2456 8378096.3819, -12259115.1423 8378150.003, -12259110.9563 8378290.887, -12259068.3125 8378393.139, -12258938.0107 8378602.7562, -12258869.5835 8378773.9926, -12258810.1502 8378874.5966, -12258713.7896 8378941.98439999, -12258599.3917 8378946.7042, -12258549.1174 8378925.3423, -12258425.9401 8378826.5864, -12258334.8578 8378798.3056, -12258243.4878 8378833.5052, -12258188.1322 8378925.1901, -12258160.3521 8379151.5782, -12258194.632 8379252.09619999, -12258228.9559 8379293.2604, -12258322.7812 8379331.9999, -12258375.7647 8379326.6023, -12258658.2184 8379157.372, -12258757.2196 8379133.8004, -12258859.0083 8379141.5272, -12258957.1108 8379177.66309999, -12259036.0661 8379250.1901, -12259079.785 8379355.6573, -12259084.7537 8379477.8821, -12259049.633 8379596.2372, -12258821.9876 8379999.1685, -12258787.1361 8380128.0522, -12258772.4126 8380400.3124, -12258726.9872 8380527.91480001, -12258601.3665 8380694.0531, -12258386.0489 8380877.4704, -12258292.2295 8380985.5358, -12258224.5907 8381111.4041, -12258113.0812 8381426.8034, -12257880.0235 8381817.3732, -12257744.9227 8381931.7838, -12257641.1325 8381963.4298, -12257538.8601 8381949.64, -12257460.0987 8381893.3883, -12257431.6736 8381850.0427, -12257403.8798 8381742.6008, -12257456.5836 8380978.8872, -12257524.5529 8380716.9192, -12257547.9607 8380285.4258))"
41,20999,1072,2023-10-15 06:33:14,MWF039,Mikkwa River Complex,15191.9,2023-07-14,0901,0 - hand sketch of any type,Wildfire,Under Control,2023/08/09 15:00:00,E,15200.0,1688047800000,Lightning,5,66ef9fd4-3f6b-433e-8b2b-d8f5fc5ea47c,520537331.585938,181943.437707898,"POLYGON ((-12625671.6115 7829580.4323, -12625684.6389 7829597.3402, -12625844.4464 7829643.6271, -12625979.4184 7829665.84529999, -12626133.2482 7829668.075, -12626285.5319 7829646.1624, -12626525.7695 7829557.7232, -12626911.659 7829314.1372, -12627248.2305 7829259.3948, -12627485.2171 7829162.5835, -12627612.4775 7829075.9843, -12627724.6476 7828970.50370001, -12627818.965 7828848.7406, -12627893.108 7828713.6946, -12627957.5057 7828518.7574, -12627979.801 7828331.81, -12627966.0855 7828144.0396, -12627910.6836 7827946.3628, -12627842.8112 7827808.0667, -12627541.2471 7827323.4381, -12627432.1575 7827191.698, -12627271.7685 7827051.4548, -12627130.6427 7826806.8852, -12627117.8537 7826618.954, -12627079.4489 7826373.1832, -12627145.0149 7826035.0615, -12627140.008 7825863.9842, -12627097.1314 7825650.4276, -12627148.2532 7825349.7359, -12627155.5904 7825172.9215, -12627128.8667 7824986.6417, -12627052.8971 7824779.1453, -12627010.356 7824592.8797, -12627045.0239 7824392.7661, -12627066.0945 7824351.1516, -12627120.601 7824282.7026, -12627305.7963 7824171.6876, -12627456.8485 7824149.9983, -12627604.529 7824188.4877, -12627730.4593 7824284.66570001, -12627824.4511 7824404.1978, -12627923.9049 7824498.1506, -12628035.4433 7824577.32, -12628172.6575 7824646.8068, -12628613.3635 7824776.6941, -12628816.5325 7824802.8019, -12629037.4541 7824782.68289999, -12629263.6667 7824705.9858, -12629614.3761 7824487.993, -12629795.7475 7824354.6199, -12629967.3753 7824264.3819, -12630269.6454 7824055.3776, -12630418.9218 7824023.675, -12630568.8282 7824052.2417, -12630796.1026 7824193.6792, -12631004.8162 7824268.9343, -12631242.1774 7824295.1489, -12631472.6257 7824264.6129, -12631483.3655 7824510.3386, -12631552.0416 7824739.51, -12631704.6968 7825002.8443, -12631883.0719 7825186.5359, -12632056.2516 7825296.1616, -12632248.3987 7825367.3112, -12632502.4086 7825397.5724, -12632753.1724 7825363.5682, -12632903.1142 7825392.0939, -12633030.402 7825476.4668, -12633115.2558 7825603.5781, -12633180.7351 7825893.779, -12633293.7847 7826123.7159, -12633462.386 7826316.5035, -12633702.7845 7826486.6874, -12633787.6606 7826613.8082, -12633850.9364 7826892.5577, -12633964.021 7827122.5151, -12634119.9026 7827303.89639999, -12634391.6026 7827515.7278, -12634467.9302 7827648.2017, -12634487.2269 7827799.9431, -12634442.0054 7827963.598, -12634385.1084 7828041.1546, -12634236.0937 7828137.5208, -12634073.1337 7828195.8646, -12633924.7585 7828280.7705, -12633793.3487 7828390.2012, -12633675.996 7828529.9584, -12633533.5784 7828622.0392, -12633359.5528 7828653.0849, -12633163.4411 7828656.4234, -12633012.5562 7828686.4254, -12632822.1702 7828762.4275, -12632651.7105 7828876.4271, -12632552.8651 7828971.1401, -12632458.6215 7829092.965, -12632384.5557 7829228.0632, -12632329.7188 7829383.6414, -12632241.4165 7829512.6657, -12632095.8267 7829606.7583, -12631963.0307 7829659.2451, -12631828.397 7829738.2012, -12631785.2468 7829881.5357, -12631777.2719 7830137.8685, -12631800.3543 7830272.9637, -12631848.4483 7830419.4017, -12631918.8156 7830556.5005, -12632009.7243 7830680.883, -12632132.0884 7830800.4578, -12632330.8285 7830933.312, -12632510.4373 7831094.3205, -12632814.6616 7831298.5721, -12632899.576 7831425.7836, -12632928.8222 7831575.9943, -12632842.6388 7831946.5679, -12632825.3062 7832082.5569, -12632828.5889 7832236.7216, -12632851.6961 7832371.8511, -12632906.5732 7832534.085, -12632988.7359 7832684.3084, -12633095.6892 7832817.9555, -12633212.5901 7832922.2813, -12633300.3956 7833053.8096, -12633329.6557 7833204.051, -12633191.8459 7833958.6547, -12633105.4488 7834084.9245, -12632982.3083 7834164.5274, -12633242.7963 7834233.1074, -12633412.08 7834345.30789999, -12633445.5825 7834395.4901, -12633484.4608 7834595.0985, -12633443.319 7834794.2574, -12633348.3466 7834948.9505, -12633286.2818 7835090.11819999, -12633244.1124 7835256.1872, -12633231.2966 7835409.9159, -12633245.3857 7835580.7003, -12633283.2214 7835730.2405, -12633336.106 7835856.7534, -12633440.875 7836041.841, -12633460.1709 7836193.7524, -12633385.0779 7836475.294, -12633366.1533 7836662.8176, -12633380.2475 7836833.63, -12633429.654 7837015.5019, -12633495.2881 7837155.0857, -12633581.9101 7837282.6647, -12633687.3874 7837395.0965, -12633812.0332 7837494.8399, -12633888.7574 7837628.0291, -12633961.0977 7837879.5616, -12634062.857 7838058.0907, -12634212.2209 7838222.9547, -12634405.6168 7838361.9813, -12634518.5518 7838531.09579999, -12634530.1079 7838590.3833, -12634505.1852 7838725.1215, -12634739.7405 7838760.2654, -12634910.4821 7838749.0916, -12635239.921 7838680.5482, -12635390.1359 7838709.0771, -12635517.674 7838793.558, -12635538.6813 7838825.0057, -12635602.7169 7838920.8655, -12635632.0443 7839071.2144, -12635601.0956 7839221.2409, -12635530.262 7839342.4444, -12635478.3851 7839469.4463, -12635436.8263 7839653.3454, -12635429.4122 7839807.5202, -12635443.1146 7839944.0672, -12635481.0148 7840093.6826, -12635549.3468 7840249.577, -12635568.7852 7840402.2762, -12635523.1431 7840567.5346, -12635429.6183 7840737.1481, -12635372.2099 7840916.7474, -12635349.8298 7841121.1965, -12635371.7978 7841360.8097, -12635326.5116 7841524.7619, -12635269.5208 7841602.4624, -12635126.8752 7841694.7294, -12634764.8664 7841759.78410001, -12634632.9994 7841797.0119, -12634462.7212 7841877.42149999, -12634301.5614 7841994.3651, -12634153.7875 7842052.5965, -12633858.3766 7841992.631, -12634066.2491 7842208.0479, -12634239.8475 7842317.87259999, -12634440.5126 7842391.2354, -12634619.4934 7842509.8241, -12634669.1683 7842584.2066, -12634918.7746 7842540.3493, -12635159.4648 7842425.0511, -12635219.5168 7842412.1472, -12635419.1514 7842450.0626, -12635546.7523 7842534.585, -12635631.837 7842661.9551, -12635661.1788 7842812.3783, -12635597.9184 7843127.6968, -12635588.1897 7843298.9609, -12635611.9263 7843486.105, -12635698.445 7843722.8694, -12635718.1312 7843877.4949, -12635672.8369 7844041.5029, -12635615.8305 7844119.2316, -12635473.1415 7844211.5353, -12635284.6216 7844248.4774, -12635139.0863 7844299.37, -12634988.9464 7844381.8609, -12634855.3801 7844489.2201, -12634742.4454 7844618.1872, -12634653.5743 7844764.8456, -12634591.4675 7844924.7411, -12634550.4943 7845107.706, -12634469.7607 7845225.7397, -12634505.8151 7845422.6383, -12634474.8171 7845572.7848, -12634375.8759 7845717.435, -12634200.2017 7845913.2014, -12634131.1075 7846031.8226, -12634079.1605 7846158.926, -12634031.2309 7846411.4061, -12634034.5417 7846565.8609, -12634067.2841 7846756.0086, -12634036.2718 7846906.1793, -12633949.7391 7847032.6724, -12633821.134 7847115.8246, -12633670.4459 7847142.7096, -12633466.4072 7847096.8566, -12633222.6117 7847013.6688, -12633086.6199 7846996.2712, -12632949.5353 7846998.0038, -12632797.3287 7847022.7631, -12632635.0984 7847077.8469, -12632267.2827 7847300.8026, -12632040.6449 7847341.1887, -12631662.3431 7847257.8275, -12631440.1161 7847246.9827, -12631221.1483 7847286.4973, -12631001.8376 7847382.9939, -12630862.7392 7847483.1669, -12630732.3649 7847619.4134, -12630630.3279 7847778.0835, -12630555.9681 7847968.9699, -12630509.4417 7848036.9152, -12630631.2641 7848117.7249, -12630716.3275 7848245.2438, -12630745.5921 7848395.7954, -12630711.9618 7848558.2813, -12630651.5042 7848690.8701, -12630613.0276 7848822.7453, -12630591.3112 7849072.0628, -12630554.2366 7849251.171, -12630317.206 7849607.354, -12630260.7737 7849732.593, -12630222.2848 7849864.4842, -12630202.4895 7850000.4612, -12630201.7743 7850137.8778, -12630267.0265 7850515.6483, -12630235.9229 7850665.8771, -12630146.8699 7850795.9127, -12629980.5691 7850949.6497, -12629839.1169 7851041.0019, -12629688.3372 7851067.8204, -12629506.132 7851026.7726, -12629440.9054 7850986.5348, -12629363.2961 7851176.089, -12629326.5242 7851378.7174, -12629332.6026 7851584.5839, -12629396.4072 7851881.8248, -12629359.8857 7852058.1174, -12629273.2159 7852184.6413, -12629144.4724 7852267.7688, -12628993.6656 7852294.5775, -12628844.2379 7852260.8996, -12628705.6733 7852162.17979999, -12628652.1432 7852081.8862, -12628542.4786 7851642.8314, -12628410.6061 7851399.188, -12628372.6592 7851233.1518, -12628442.3967 7850812.2728, -12628437.7826 7850589.2953, -12628409.2578 7850463.9412, -12628341.5339 7850510.9047, -12628197.9536 7850658.2548, -12627957.7869 7851000.3722, -12627827.478 7851084.4787, -12627676.6907 7851111.2571, -12627504.7053 7851072.4636, -12627290.8059 7850990.1042, -12627087.4291 7850960.2979, -12626925.1623 7850967.1916, -12626455.5995 7850849.3822, -12626301.511 7850841.756, -12626144.856 7850858.89239999, -12625995.4697 7850825.1648, -12625856.9689 7850726.412, -12625803.4791 7850646.1136, -12625724.1898 7850339.4122, -12625666.9496 7850214.5307, -12625592.9222 7850098.8476, -12625440.6596 7849936.1928, -12625208.3676 7849766.1297, -12625127.638 7849635.7786, -12625103.4659 7849484.2972, -12625215.5345 7849086.4867, -12625241.7741 7848882.2845, -12625219.0802 7848647.8293, -12625250.7788 7848438.4243, -12625246.3651 7848246.7132, -12625180.0248 7848364.9847, -12625123.2962 7848526.9579, -12625084.3304 7848746.95369999, -12625061.4063 7848806.07209999, -12624974.5968 7848924.088, -12624809.3773 7849030.6349, -12624408.6223 7849101.7346, -12624250.5069 7849167.8644, -12624064.6657 7849283.038, -12623913.9018 7849309.7352, -12623544.2075 7849227.8925, -12623321.9368 7849216.8055, -12623119.3507 7849251.3136, -12622990.1994 7849297.512, -12622864.9314 7849363.6543, -12622713.816 7849390.3889, -12622564.4743 7849356.6004, -12622423.0824 7849262.5483, -12622266.995 7849191.7429, -12622101.0098 7849149.1673, -12621930.1686 7849136.1142, -12621759.6601 7849152.9796, -12621589.1259 7849201.3965, -12621385.7065 7849237.3483, -12621236.3741 7849203.5343, -12621097.9658 7849104.7164, -12620929.7385 7848856.0399, -12620813.7025 7848729.7407, -12620662.9764 7848616.47339999, -12620493.4532 7848534.1008, -12620345.106 7848491.8367, -12620174.8431 7848472.7797, -12620037.8669 7848479.0715, -12619832.7215 7848513.5578, -12619678.4202 7848478.5855, -12619517.5869 7848397.7368, -12619353.2211 7848349.3287, -12619182.9641 7848330.2497, -12619006.0529 7848342.0335, -12618856.2716 7848308.0685, -12618731.4692 7848218.9059, -12618636.3394 7848092.3858, -12618511.8415 7847974.4788, -12617825.4885 7847480.8251, -12617744.9107 7847350.4359, -12617720.8932 7847198.978, -12617757.9391 7847046.814, -12617870.9247 7846815.5352, -12618128.9948 7846447.3464, -12618015.7838 7846421.6609, -12617829.7554 7846285.6003, -12617660.3154 7846203.1902, -12617495.1908 7846157.6366, -12617294.4102 7846141.7853, -12617091.8227 7846095.7974, -12616953.5251 7845996.94479999, -12616900.1632 7845916.6347, -12616862.4951 7845750.66309999, -12616889.8486 7845594.04429999, -12616961.762 7845429.4821, -12617001.445 7845262.5673, -12617010.9672 7845074.1197, -12616984.0794 7844865.0849, -12617020.3543 7844716.149, -12617111.2597 7844592.8346, -12617242.6646 7844514.3064, -12617394.1496 7844492.765, -12617617.7454 7844538.0952, -12617840.1109 7844533.7895, -12618071.8022 7844473.2822, -12618267.9713 7844368.2866, -12618446.9802 7844208.9776, -12618582.1992 7844011.0117, -12618665.5973 7843786.1549, -12618692.2238 7843547.769, -12618656.0326 7843293.436, -12618555.3822 7843057.1614, -12618444.4213 7842904.7715, -12618203.3974 7842691.21019999, -12618131.5395 7842583.103, -12618033.5871 7842192.752, -12617968.1965 7842052.944, -12617776.3511 7841741.1912, -12617730.456 7841493.0763, -12617654.8641 7841301.8486, -12617541.2482 7841130.5496, -12617357.8717 7840958.9238, -12617304.4959 7840878.603, -12617232.2714 7840570.1524, -12617153.3821 7840380.2937, -12617047.8625 7840224.1527, -12616872.6602 7840058.4515, -12616819.1738 7839977.9535, -12616781.5356 7839812.1112, -12616817.2289 7839607.7422, -12616863.714 7839481.9548, -12616893.1208 7839347.9315, -12616903.5943 7839193.9479, -12616889.8981 7839040.2215, -12616852.3707 7838890.5375, -12616791.9372 7838748.5808, -12616557.6397 7838408.2969, -12616520.0148 7838242.4877, -12616555.0253 7838042.0668, -12616677.4338 7837791.5128, -12616778.0206 7837398.9657, -12616868.8408 7837275.7723, -12617000.1206 7837197.3226, -12617098.8031 7837183.2924, -12617023.2374 7837129.2811, -12616942.7817 7836999.062, -12616918.8109 7836847.8078, -12616955.0471 7836699.0282, -12617045.8559 7836575.8436, -12617196.4819 7836485.8278, -12617339.3028 7836433.3105, -12617459.4939 7836367.6375, -12617582.2954 7836274.5607, -12617695.0933 7836155.8754, -12617828.3163 7836076.2443, -12617979.6311 7836054.7133, -12618127.4928 7836093.4501, -12618429.3462 7836323.8332, -12618546.2149 7836395.272, -12618720.7628 7836465.5257, -12618922.5492 7836502.5747, -12619093.5907 7836500.7279, -12619245.1786 7836473.622, -12619527.1603 7836373.0624, -12619378.9058 7836260.3263, -12619225.6727 7836184.1774, -12619078.3315 7836139.3762, -12618908.7065 7836117.3548, -12618754.836 7836123.0515, -12618571.4283 7836153.6745, -12618422.3657 7836119.8657, -12618284.2312 7836021.1685, -12618230.9244 7835940.9739, -12618152.722 7835661.2037, -12618054.4985 7835480.7758, -12617908.4413 7835313.0766, -12617680.8945 7835141.7375, -12617627.5998 7835061.5474, -12617589.9671 7834895.8161, -12617616.2902 7834744.9977, -12617698.7422 7834616.0954, -12617824.507 7834529.1394, -12618063.1831 7834464.394, -12618273.0985 7834349.6666, -12618414.7799 7834225.7729, -12618530.2598 7834077.0691, -12618632.7639 7833860.6324, -12618704.7614 7833510.1103, -12618797.9917 7833276.0524, -12618864.2494 7832811.2337, -12618891.4713 7832768.6608, -12618696.8994 7832717.9839, -12618509.1255 7832708.5013, -12618373.2007 7832724.2915, -12618008.1286 7832801.6784, -12617859.1345 7832767.87399999, -12617721.0679 7832669.2106, -12617667.7901 7832589.0472, -12617625.7037 7832403.7089, -12617606.7795 7832159.474, -12617535.8698 7831943.9492, -12617491.0535 7831746.573, -12617517.367 7831595.8171, -12617599.7859 7831466.9688, -12617725.4991 7831380.0501, -12617874.9698 7831348.5668, -12618024.9708 7831377.4109, -12618244.2538 7831511.2927, -12618471.0746 7831586.8373, -12618709.4 7831605.15, -12618957.799 7831559.4309, -12619023.0481 7831504.3438, -12619149.8911 7831348.0662, -12619281.0446 7831269.6365, -12619411.5903 7831251.0345, -12619527.359 7831090.6672, -12619614.4809 7830867.6688, -12619664.7534 7830591.0166, -12619670.9102 7830402.79119999, -12619636.6457 7830200.2992, -12619561.1152 7830009.3745, -12619447.6225 7829838.3592, -12619301.1289 7829694.7243, -12619143.2989 7829592.4957, -12618978.7654 7829524.9456, -12618799.9189 7829397.1809, -12618746.6521 7829317.0595, -12618709.0221 7829151.4587, -12618735.302 7829000.7496, -12618808.5688 7828867.265, -12618856.2039 7828738.81229999, -12618895.1576 7828502.6146, -12618872.3339 7828247.2384, -12618795.3585 7828028.3589, -12618752.5036 7827839.7702, -12618778.7778 7827689.0868, -12618861.1323 7827560.2902, -12619028.0171 7827444.8621, -12619086.9274 7827432.4434, -12619293.1451 7827472.0614, -12619264.6474 7827330.418, -12619218.734 7827201.3667, -12619155.3441 7827079.9754, -12619006.2507 7826892.9675, -12618801.4622 7826732.1684, -12618721.0842 7826602.14639999, -12618674.8446 7826340.1829, -12618589.204 7826391.3879, -12618387.2524 7826470.1104, -12618224.1536 7826570.4664, -12618073.8214 7826596.9722, -12617924.9484 7826563.1979, -12617786.9929 7826464.6171, -12617733.7573 7826384.5199, -12617642.3107 7826004.4079, -12617539.0807 7825788.5997, -12617434.8471 7825653.0166, -12617302.4524 7825532.9271, -12617177.4292 7825370.2907, -12617035.4499 7825247.0797, -12616872.62 7825153.2745, -12616694.921 7825092.3202, -12616508.8808 7825066.4544, -12616355.233 7825072.09619999, -12616092.2357 7825116.676, -12615943.4009 7825082.8696, -12615805.4984 7824984.2724, -12615724.6841 7824862.6118, -12615664.2561 7824650.4817, -12615603.9555 7824508.782, -12615511.9645 7824364.6137, -12615408.913 7824250.3062, -12615099.4026 7824024.3856, -12614943.901 7823953.6694, -12614744.0487 7823899.9558, -12614579.0789 7823781.9665, -12614472.447 7823609.2612, -12614419.9907 7823363.1559, -12614341.3462 7823173.6988, -12614236.1201 7823017.8738, -12614102.3057 7822881.4529, -12613993.9887 7822718.3098, -12613915.6648 7822404.4613, -12613842.0634 7822231.3956, -12613758.179 7822102.3613, -12613603.6068 7821939.6726, -12613513.7517 7821804.3176, -12613476.2718 7821638.8557, -12613511.5256 7821437.4901, -12613567.7038 7821235.4295, -12613579.0083 7821013.5618, -12613535.194 7820778.46899999, -12613435.924 7820560.9854, -12613311.0874 7820398.4222, -12613169.2637 7820275.2206, -12612959.3742 7820161.3855, -12612720.6587 7820095.6645, -12612582.8883 7819997.0746, -12612529.7526 7819917.0098, -12612447.8369 7819564.8561, -12612360.978 7819360.5088, -12612241.922 7819193.6893, -12612088.8056 7819053.8239, -12612007.9584 7818931.9861, -12611932.4401 7818686.535, -12611834.5804 7818506.4318, -12611725.8907 7818374.622, -12611609.0522 7818273.1949, -12611528.2022 7818151.3364, -12611467.1259 7817753.8995, -12611405.3809 7817558.4167, -12611284.075 7817352.5752, -12611095.0552 7817165.5873, -12611041.5082 7817084.8691, -12610949.0646 7816717.0893, -12610884.019 7816577.6905, -12610808.5427 7816463.6812, -12610680.46 7816326.3305, -12610528.5791 7816215.99, -12610326.0753 7816125.8812, -12609992.1778 7816046.4879, -12609854.5165 7815947.9016, -12609801.4374 7815867.8605, -12609755.274 7815623.4272, -12609814.254 7815406.9381, -12609864.1331 7815144.0981, -12609934.0499 7815001.2034, -12609982.348 7814837.2985, -12610001.773 7814633.2648, -12609980.3137 7814429.3015, -12610016.574 7814280.9925, -12610108.3871 7814156.6748, -12610237.7316 7814056.3479, -12610352.8318 7813930.2555, -12610436.3251 7813801.1676, -12610498.6338 7813660.5837, -12610546.1883 7813461.2714, -12610547.6713 7813219.3793, -12610576.4926 7813055.1168, -12610668.7326 7812903.5475, -12610723.0293 7812778.0904, -12610842.6724 7812308.7928, -12610914.5717 7812098.8917, -12610937.5136 7811895.2984, -12610920.9826 7811708.1672, -12610881.1095 7811559.6668, -12610818.5446 7811419.24669999, -12610540.1312 7810993.4043, -12610488.3816 7810751.6839, -12610409.9627 7810562.5014, -12610315.7432 7810420.1623, -12610181.6493 7810280.1792, -12610029.8743 7810034.0458, -12609949.7242 7809870.9652, -12609694.7336 7809494.6719, -12609581.6881 7809366.8639, -12609448.2139 7809260.666, -12609250.8886 7809160.1275, -12609028.2547 7809100.4504, -12608890.7311 7809001.9382, -12608837.71 7808921.9638, -12608789.3551 7808707.8962, -12608912.2021 7808049.2513, -12608914.7636 7807895.5664, -12608889.4492 7807726.7206, -12608813.5959 7807518.389, -12608681.9444 7807319.4101, -12608533.6097 7807178.5699, -12608201.9972 7806948.6786, -12608122.0071 7806818.8853, -12608092.6677 7806632.4012, -12608086.7444 7806434.1254, -12608035.7574 7806189.9647, -12608070.8546 7805990.309, -12608124.323 7805861.3287, -12608161.3263 7805712.2064, -12608174.5913 7805559.12300001, -12608163.7928 7805405.8484, -12608134.1957 7805272.4958, -12608079.1473 7805129.0866, -12608002.3893 7804996.0734, -12607807.0616 7804730.7286, -12607769.7862 7804565.6106, -12607796.1921 7804415.4261, -12607878.475 7804287.1406, -12608003.8452 7804200.6886, -12608153.8512 7804169.2877, -12608287.1293 7804181.9052, -12608423.3154 7804175.8536, -12608645.8981 7804124.8404, -12608770.8707 7804070.2841, -12608887.0471 7803998.8303, -12608992.1657 7803911.8707, -12609084.1802 7803811.0988, -12609208.4504 7803607.5458, -12609282.8247 7803363.0932, -12609294.2221 7803141.7523, -12609241.7457 7802780.4602, -12609277.9624 7802632.3804, -12609358.3042 7802511.1639, -12609416.8767 7802387.8597, -12609461.5721 7802240.9409, -12609508.3679 7801979.6963, -12609590.5953 7801851.4324, -12609715.9061 7801764.979, -12610006.588 7801702.917, -12610167.036 7801645.8206, -12610301.024 7801571.2383, -12610421.7152 7801476.5713, -12610526.1375 7801364.1522, -12610619.9697 7801221.803, -12610687.7032 7801065.2928, -12610728.4573 7800894.6823, -12610811.8889 7800764.4937, -12610910.1148 7800679.7264, -12611005.8684 7800569.9618, -12611136.697 7800491.9089, -12611410.2804 7800450.1281, -12611603.83 7800385.0002, -12611779.6315 7800280.9716, -12611929.9999 7800142.5916, -12612056.6086 7799960.96509999, -12612134.5125 7799771.8821, -12612171.4766 7799570.7067, -12612171.2931 7799417.1702, -12612150.4786 7799279.888, -12612185.4151 7799080.5026, -12612324.7652 7798817.9312, -12612426.2004 7798430.4291, -12612516.6192 7798307.9115, -12612647.267 7798229.9304, -12612797.8421 7798208.6017, -12612944.9433 7798247.2396, -12613065.7121 7798339.8411, -12613141.3791 7798472.0165, -12613160.1825 7798623.2272, -12613101.3 7798834.0454, -12612986.752 7799070.9898, -12612933.0388 7799337.1972, -12612842.2624 7799561.246, -12612805.3818 7799710.2723, -12612793.1792 7799914.4668, -12612831.8708 7800250.4236, -12612761.8465 7800503.79, -12612739.5287 7800638.472, -12612737.0484 7800792.0129, -12612762.4269 7800960.6931, -12612846.0839 7801184.0157, -12612981.1822 7801380.4296, -12613131.9154 7801518.4605, -12613434.6706 7801721.6584, -12613519.0549 7801848.7693, -12613555.5057 7801979.606, -12613610.0207 7802104.7574, -12613764.969 7802347.9994, -12613793.7312 7802497.7069, -12613759.8107 7802659.8223, -12613694.9424 7802805.1497, -12613652.5334 7802970.4052, -12613639.4074 7803140.5323, -12613654.6859 7803303.15200001, -12613620.1526 7803468.1798, -12613554.3534 7803621.1807, -12613517.4662 7803770.2898, -12613504.3357 7803940.4345, -12613521.0865 7804111.3109, -12613489.8463 7804260.5878, -12613403.4673 7804386.1421, -12613232.4006 7804497.5908, -12613115.0693 7804596.5033, -12612944.6109 7804807.4655, -12612827.5893 7805015.3314, -12612764.2271 7805245.3945, -12612755.574 7805449.9196, -12612789.5504 7805651.7834, -12612849.4142 7805811.592, -12612980.4099 7806045.8799, -12613017.2927 7806211.0258, -12613083.5453 7806370.2492, -12613114.8867 7806533.4651, -12613041.6628 7806913.1794, -12613039.1853 7807066.8468, -12613057.1618 7807202.2979, -12613093.7783 7807333.9259, -12613148.3232 7807459.1688, -12613307.133 7807691.8618, -12613457.9962 7807830.0018, -12613768.3051 7808039.0236, -12613941.5629 7808318.7213, -12614036.1855 7808439.716, -12614175.6406 7808565.1661, -12614365.6545 7808685.0042, -12614477.7075 7808853.7509, -12614529.1784 7809110.8254, -12614586.3119 7809271.717, -12614660.8994 7809406.0644, -12614744.1083 7809514.3777, -12614867.9239 7809631.7459, -12615022.9225 7809735.2911, -12615160.9398 7809802.4714, -12615359.2243 7809865.2221, -12615527.7019 7809977.4558, -12615612.0907 7810104.5001, -12615641.1235 7810255.4256, -12615606.6281 7810420.4792, -12615539.5067 7810576.0972, -12615502.6232 7810725.35189999, -12615489.5235 7810895.6556, -12615507.4387 7811090.6197, -12615426.7415 7811394.9058, -12615412.5707 7811633.3465, -12615434.1757 7811785.5985, -12615479.2865 7811932.5923, -12615555.6103 7812085.3553, -12615735.7596 7812357.6944, -12615764.5967 7812507.5916, -12615733.3707 7812657.0119, -12615644.5384 7812786.2103, -12615532.323 7812881.45799999, -12615418.9882 7813017.9257, -12615510.0042 7813078.5573, -12615594.4266 7813205.6538, -12615623.2639 7813355.5683, -12615592.0315 7813505.0045, -12615505.1308 7813631.3881, -12615319.0049 7813795.2741, -12615184.2469 7813992.4028, -12615105.1873 7814199.7379, -12615074.6999 7814419.5846, -12615097.9284 7814657.4061, -12615149.4715 7814820.3126, -12615232.725 7814981.458, -12615273.8809 7815304.3565, -12615311.2655 7815453.5842, -12615414.2944 7815669.1284, -12615566.3123 7815853.2984, -12615758.2892 7815995.1475, -12616060.5972 7816138.0025, -12616244.1658 7816176.7715, -12616417.2742 7816181.0633, -12616629.4613 7816236.6923, -12616757.7026 7816301.0808, -12616920.7834 7816350.8747, -12617072.6139 7816373.3291, -12617227.1078 7816370.2607, -12617376.7841 7816409.48480001, -12617497.8945 7816502.2395, -12617574.1184 7816635.2138, -12617604.6709 7816773.9835, -12617659.9822 7816917.5451, -12617788.5471 7817118.9011, -12617921.4748 7817251.5794, -12618329.8909 7817558.4599, -12618548.8775 7817653.3445, -12618767.2096 7817691.4608, -12618954.722 7817684.5134, -12619358.7461 7817610.5163, -12619506.2571 7817649.129, -12619627.4135 7817741.8652, -12619703.6362 7817874.7514, -12619734.5623 7818015.8501, -12619782.6688 7818143.9207, -12619899.5989 7818334.1759, -12620040.1759 7818481.8885, -12620367.178 7818727.1096, -12620561.284 7818834.3411, -12620757.6592 7818892.1347, -12620961.7373 7818907.7512, -12621185.4417 7818876.5666, -12621335.2101 7818905.2956, -12621462.2595 7818989.7889, -12621546.847 7819116.9191, -12621584.1671 7819299.4532, -12621634.537 7819444.8841, -12621706.9949 7819580.6311, -12621842.1458 7819748.1447, -12621928.7254 7819898.9856, -12621947.7531 7820050.6017, -12621902.31 7820214.0131, -12621748.5934 7820426.9555, -12621663.7805 7820594.743, -12621564.7286 7821003.5303, -12621501.9415 7821139.9209, -12621463.4509 7821271.2733, -12621441.2186 7821511.5029, -12621366.9386 7821869.7232, -12621351.7932 7822005.79, -12621355.6949 7822142.647, -12621378.5688 7822277.6303, -12621419.9703 7822408.1124, -12621479.0948 7822531.5531, -12621617.6525 7822715.6103, -12621918.6602 7822963.8179, -12622081.5068 7823057.4877, -12622226.0789 7823109.8041, -12622505.8416 7823166.5448, -12622669.8117 7823234.8193, -12622836.612 7823271.42189999, -12623075.3721 7823272.89060001, -12623395.021 7823209.5479, -12623544.8836 7823238.2503, -12623672.0299 7823322.7555, -12623756.7023 7823449.93429999, -12623785.7382 7823600.0211, -12623754.1716 7823751.8594, -12623671.1742 7823916.8243, -12623623.1114 7824081.0142, -12623603.9801 7824268.2065, -12623618.8929 7824444.6798, -12623587.6787 7824594.8059, -12623490.5784 7824736.33739999, -12623381.3496 7824842.7257, -12623298.4211 7824951.6058, -12623224.2343 7825086.5396, -12623176.6964 7825214.9592, -12623147.4573 7825348.7601, -12623137.0873 7825485.3387, -12623168.9248 7825739.6523, -12623265.3745 7825977.051, -12623423.2339 7826184.706, -12623511.2174 7826337.92149999, -12623563.4516 7826539.3895, -12623655.3584 7826722.8599, -12623807.7969 7826907.1354, -12624021.697 7827066.4465, -12624106.4162 7827193.6839, -12624135.4726 7827343.8434, -12624079.0587 7827621.7931, -12624370.1281 7827576.541, -12624517.8588 7827615.1084, -12624639.2352 7827707.8877, -12624715.3934 7827840.4618, -12624734.4954 7827992.2295, -12624689.6031 7828211.9067, -12624694.0999 7828434.231, -12624742.5011 7828633.7573, -12624840.3587 7828833.3568, -12624956.4731 7828981.4007, -12625084.7805 7829094.4882, -12625230.7411 7829183.532, -12625397.8317 7829248.0734, -12625559.6724 7829371.7532, -12625671.6115 7829580.4323))"
42,21000,1035,2023-10-15 06:33:14,GWF038, ,7180.6,2023-07-09,0005,0 - hand sketch of any type,Wildfire,Under Control,2023/07/31 15:53:00,E,7148.0,1686059160000,Under Investigation,3,a0f6dce3-4590-427f-9d5b-13163001c585,225204154.796875,153727.171656581,"MULTIPOLYGON (((-13290604.791 7503851.2748, -13290544.0766 7503797.2493, -13290526.7432 7503738.5828, -13290520.9929 7503655.1791, -13290481.0427 7503669.4845, -13290414.5261 7503724.069, -13290355.3915 7503732.0636, -13290341.5236 7503720.7091, -13290302.2039 7503626.2619, -13290329.9244 7503537.4377, -13290280.2387 7503486.947, -13290254.6148 7503438.2212, -13290286.0037 7503333.1659, -13290386.6778 7503232.1789, -13290393.3964 7503196.7873, -13290490.8237 7503126.7356, -13290549.061 7503126.8913, -13290535.8339 7503081.1451, -13290549.0161 7502955.60499999, -13290608.5079 7502829.5102, -13290587.2084 7502678.5216, -13290645.1708 7502500.1449, -13291175.8445 7502715.1161, -13291389.5754 7502662.2988, -13291618.6467 7502671.43, -13291880.7218 7502653.7996, -13291950.9016 7502617.0882, -13291984.3926 7502564.796, -13291976.9891 7502529.3731, -13291893.5497 7502459.8301, -13291867.3599 7502417.0638, -13291865.6245 7502389.7288, -13291930.4394 7502342.4675, -13292064.7366 7502342.7482, -13292182.281 7502398.1823, -13292217.35 7502342.4645, -13292274.087 7502332.3097, -13292318.9349 7502360.8142, -13292352.5015 7502452.677, -13292441.0221 7502357.6264, -13292334.8031 7502323.2076, -13292302.3653 7502284.763, -13292279.9389 7502198.6309, -13292286.8805 7502164.2084, -13292348.7288 7502152.4203, -13292391.2844 7502165.3872, -13292441.9806 7502265.3971, -13292493.3913 7502294.3248, -13292676.1468 7502104.9087, -13292749.8866 7502074.7433, -13292814.7181 7502088.2221, -13292840.356 7502070.061, -13292850.3637 7502022.374, -13292901.8193 7502011.2453, -13292922.9009 7502055.6393, -13292910.6841 7502089.0921, -13292837.1906 7502122.5292, -13292802.5249 7502190.1802, -13292811.6311 7502217.9609, -13292865.9777 7502237.3863, -13292994.8577 7502237.5726, -13293156.4442 7502329.9927, -13293222.2056 7502353.03, -13293414.1394 7502356.7199, -13293472.8779 7502372.2152, -13293479.4882 7502338.3517, -13293568.8834 7502193.8255, -13293654.3868 7502135.6556, -13293727.6233 7502128.1458, -13293755.31 7502068.9699, -13293784.7592 7502059.5566, -13293780.6728 7501947.5525, -13293801.0365 7501898.7272, -13293904.653 7501859.6292, -13293946.3394 7501865.4295, -13293992.869 7501844.1003, -13294042.1743 7501851.5766, -13294067.1943 7501831.6244, -13294082.7411 7501788.2832, -13294000.9218 7501631.67019999, -13293995.6859 7501586.3675, -13294011.9899 7501562.2694, -13294014.0366 7501520.7351, -13293972.0534 7501510.2497, -13293820.4128 7501606.0573, -13293765.656 7501616.149, -13293695.599 7501658.7426, -13293622.6353 7501648.3554, -13293554.0963 7501610.6898, -13293487.4904 7501545.3177, -13293393.3681 7501490.1741, -13293377.6109 7501419.6681, -13293432.3079 7501342.3049, -13293425.1553 7501325.8252, -13293358.6616 7501299.026, -13293313.498 7501245.9276, -13293294.0321 7501154.0195, -13293245.0481 7501151.5057, -13293150.6926 7501114.7251, -13293098.5851 7501114.7623, -13292778.2201 7500882.8782, -13292756.2912 7500825.9434, -13292835.6599 7500752.66, -13292856.7029 7500707.0945, -13292853.0949 7500672.5127, -13292627.4983 7500516.9064, -13292605.087 7500518.8077, -13292514.3995 7500583.8709, -13292497.3748 7500618.8288, -13292495.731 7500637.2804, -13292569.5846 7500765.2291, -13292571.5504 7500796.1527, -13292473.7001 7500837.2118, -13292402.5175 7500817.7624, -13292357.6635 7500891.2858, -13292373.4136 7500939.6778, -13292368.9576 7501002.5325, -13292308.389 7501039.3295, -13292268.3577 7501044.7065, -13292267.864 7501022.1559, -13292252.2771 7501013.2709, -13292263.0258 7500982.9465, -13292211.1396 7500971.67279999, -13292194.8549 7500914.8462, -13292195.015 7500850.8552, -13292209.5512 7500835.8146, -13292191.6482 7500820.0206, -13292191.673 7500790.8516, -13292214.0079 7500706.4415, -13292196.8913 7500688.2454, -13292168.3293 7500704.1805, -13292140.808 7500684.7665, -13292180.6072 7500631.4209, -13292199.7166 7500629.261, -13292274.3243 7500554.8777, -13292272.4998 7500518.7714, -13292235.2664 7500464.696, -13292200.6227 7500451.3821, -13292171.1256 7500415.6302, -13292130.4004 7500424.8138, -13292115.0741 7500412.6197, -13292086.9426 7500328.1396, -13292043.3191 7500306.4601, -13291994.3193 7500310.996, -13291934.222 7500347.7567, -13291787.391 7500368.1011, -13291736.8225 7500059.4452, -13291682.4948 7499902.3156, -13291553.7151 7499759.0577, -13291148.4542 7499474.689, -13290987.036 7499460.5031, -13290968.7826 7499468.72, -13290943.0938 7499522.5644, -13290945.023 7499553.0153, -13290919.0001 7499564.5485, -13290848.634 7499557.7363, -13290772.1343 7499583.7687, -13290724.5855 7499574.0928, -13290595.3977 7499594.5371, -13290524.0599 7499579.7875, -13290445.382 7499589.9626, -13290310.7502 7499568.8856, -13290201.1261 7499575.8506, -13290164.0338 7499560.8035, -13290089.7538 7499588.5694, -13290063.0415 7499581.7994, -13290030.0344 7499594.2435, -13289987.9239 7499655.7134, -13289891.5328 7499633.2391, -13289854.134 7499647.6278, -13289835.8448 7499639.2531, -13289770.576 7499696.0408, -13289713.1697 7499708.6213, -13289696.1032 7499705.9416, -13289677.4318 7499670.4376, -13289626.1438 7499660.9923, -13289576.7448 7499711.1634, -13289508.2836 7499712.2143, -13289488.3653 7499760.9853, -13289490.5851 7499833.2822, -13289439.0064 7499900.9961, -13289448.629 7499949.3057, -13289406.7722 7500007.4662, -13289314.7433 7500029.2957, -13289203.1459 7499949.3502, -13289161.3728 7499927.0681, -13289142.5599 7499933.9054, -13289137.8003 7499977.4825, -13289178.0575 7500042.6661, -13289170.534 7500101.942, -13289332.6135 7500200.79730001, -13289348.5149 7500244.4768, -13289316.4031 7500286.0273, -13289241.9419 7500281.3407, -13289119.6423 7500351.6583, -13289142.2885 7500427.8404, -13289130.8831 7500455.3771, -13289002.3133 7500508.2158, -13288949.357 7500502.1634, -13288905.1925 7500449.4528, -13288901.1643 7500415.3679, -13288865.0561 7500348.9758, -13288840.97 7500339.212, -13288755.2066 7500386.0409, -13288595.329 7500426.2724, -13288565.9035 7500428.606, -13288534.0953 7500408.0403, -13288524.4931 7500382.3053, -13288534.4237 7500331.3429, -13288574.6458 7500306.6872, -13288576.1217 7500285.4256, -13288605.3837 7500258.171, -13288655.1197 7500131.3068, -13288629.2194 7499988.5374, -13288562.2396 7499893.9983, -13288556.5296 7499833.2107, -13288590.1156 7499807.5654, -13288596.8419 7499772.8023, -13288645.2346 7499736.3416, -13288715.7466 7499574.3037, -13288652.1653 7499488.9624, -13288650.344 7499474.9671, -13288687.5689 7499432.6297, -13288675.5502 7499376.0082, -13288654.6268 7499371.689, -13288639.6483 7499387.2183, -13288639.6253 7499438.9583, -13288624.2434 7499462.9795, -13288564.3862 7499481.3505, -13288535.0723 7499470.507, -13288543.0626 7499403.6814, -13288490.2374 7499407.0256, -13288468.8365 7499387.6852, -13288570.1593 7499290.0236, -13288562.6729 7499193.6076, -13288523.7927 7499075.6637, -13288553.7735 7499037.5504, -13288554.1617 7499006.4842, -13288427.0775 7498844.273, -13288379.4917 7498811.5408, -13288352.0953 7498734.2623, -13288294.7407 7498668.2355, -13288252.3421 7498658.2199, -13288203.2955 7498669.3181, -13288182.7189 7498655.5701, -13288127.2791 7498580.0664, -13288074.1797 7498459.7375, -13288044.6638 7498445.6142, -13287977.1846 7498465.8669, -13287994.8585 7498539.5491, -13287809.4655 7499111.3132, -13287695.7649 7499054.159, -13287632.9085 7498941.3028, -13287687.473 7498816.1135, -13287581.775 7498666.7634, -13287522.1876 7498476.3086, -13287340.9649 7498347.8783, -13287335.9844 7498294.6768, -13287274.5731 7498265.0482, -13287237.8377 7498197.8903, -13287241.7339 7498162.9947, -13287285.5012 7498146.3457, -13287386.4492 7498138.3046, -13287379.028 7497957.9043, -13287396.0968 7497871.3268, -13287390.3454 7497846.6375, -13287356.4777 7497820.2867, -13287500.2583 7497701.6299, -13287540.7529 7497740.4817, -13287558.3399 7497025.4285, -13287591.0907 7497023.9474, -13287609.6155 7497048.0503, -13287633.6232 7497149.9793, -13287749.1024 7497326.0663, -13287861.2215 7497364.8263, -13287973.2678 7497216.0889, -13288000.2094 7497139.8449, -13287988.6934 7497115.2993, -13288002.418 7496923.4112, -13288072.1296 7496819.67450001, -13288116.4461 7496806.2924, -13288241.8979 7496805.41, -13288318.5519 7496774.7, -13288389.0498 7496767.3004, -13288439.6618 7496779.3787, -13288493.5083 7496824.1652, -13288568.2125 7496827.665, -13288646.544 7496795.6698, -13288697.938 7496829.4433, -13288717.6451 7496816.4406, -13288745.0829 7496842.3269, -13288750.4988 7496807.3071, -13288784.1147 7496791.6602, -13288799.9887 7496727.1793, -13288845.1376 7496685.1767, -13288896.6831 7496674.8588, -13288960.3511 7496614.9913, -13289061.8126 7496615.0275, -13289038.5457 7496701.7228, -13288991.6021 7496700.7135, -13288985.9934 7496755.8612, -13288999.0048 7496820.6303, -13289081.604 7496840.402, -13289107.1183 7496833.0127, -13289097.9587 7496787.8112, -13289114.2405 7496703.2373, -13289125.6363 7496724.0958, -13289157.0135 7496686.0832, -13289142.195 7496757.7012, -13289154.6203 7496791.5733, -13289206.4506 7496821.8348, -13289239.555 7496784.2136, -13289301.6602 7496795.2794, -13289296.51 7496885.2186, -13289314.9035 7496906.1359, -13289346.3608 7496911.307, -13289417.8552 7496888.8284, -13289422.787 7496862.7477, -13289445.5796 7496855.694, -13289440.0364 7496816.1773, -13289454.474 7496775.5867, -13289559.3223 7496817.253, -13289594.5506 7496809.3346, -13289607.1631 7496829.3044, -13289793.4387 7496734.2504, -13289900.6059 7496646.8968, -13289893.4049 7496613.8245, -13289848.9792 7496620.3051, -13289813.2179 7496606.6262, -13289778.2709 7496642.49889999, -13289785.3731 7496657.7742, -13289748.3872 7496633.2797, -13289737.7951 7496607.3996, -13289698.4214 7496607.2317, -13289696.1486 7496587.296, -13289758.1629 7496568.0219, -13289872.8072 7496559.5203, -13289900.2975 7496507.6752, -13290025.5426 7496503.9148, -13290072.3562 7496444.95970001, -13290189.5435 7496347.7165, -13290329.3266 7496305.1825, -13290474.652 7496320.093, -13290602.9343 7496390.1306, -13290694.2396 7496504.4137, -13290706.9673 7496549.0543, -13290731.7854 7496534.6015, -13290763.697 7496558.6284, -13290861.287 7496693.9038, -13290932.1604 7496761.7067, -13290973.5343 7496759.7319, -13291009.7132 7496781.4555, -13291025.4835 7496811.7366, -13291011.0118 7496841.03059999, -13291029.0086 7496871.6413, -13291124.1866 7496921.6718, -13291137.3596 7496887.4404, -13291117.8785 7496718.26, -13291122.3312 7496229.8304, -13290925.4814 7496200.5388, -13290846.2591 7496209.75419999, -13290781.1371 7496256.8183, -13290762.955 7496246.9447, -13290725.8484 7496164.0067, -13290735.6816 7496088.6392, -13290712.3044 7496046.5127, -13290703.028 7495963.5768, -13290457.5511 7495963.7751, -13290471.6587 7495900.779, -13290390.0346 7495909.2742, -13290294.1143 7495791.1258, -13290300.7936 7495738.1407, -13290277.6019 7495728.5968, -13290295.0421 7495648.9553, -13290274.4479 7495605.1857, -13290282.0546 7495589.0601, -13290239.2821 7495546.1543, -13290188.4221 7495546.1061, -13290156.6496 7495488.7717, -13290099.0562 7495458.9334, -13290086.5209 7495399.79, -13290094.0491 7495324.0949, -13290125.5832 7495275.6697, -13290166.8765 7495242.4909, -13290252.0741 7495282.327, -13290280.8971 7495265.2178, -13290190.8101 7495101.70489999, -13290136.9536 7495084.5587, -13290030.1033 7495119.5487, -13289908.3727 7495001.5608, -13289809.8783 7494937.8537, -13289626.1373 7494767.3571, -13289622.0045 7494711.2111, -13289767.9349 7494710.1789, -13289832.8187 7494558.5795, -13289883.0388 7494508.9742, -13289876.6646 7494454.5001, -13289853.4307 7494430.1218, -13289852.7881 7494403.2522, -13289824.6147 7494416.2944, -13289788.9276 7494402.1342, -13289774.3975 7494380.0238, -13289785.3953 7494331.3814, -13289846.2612 7494277.6945, -13289847.9781 7494249.1951, -13289830.6511 7494234.7833, -13289753.3036 7494235.4611, -13289702.6081 7494264.5296, -13289678.1387 7494300.3949, -13289608.6257 7494313.7353, -13289554.5532 7494207.6459, -13289451.2939 7494154.4997, -13289363.9078 7494256.3898, -13289295.2182 7494260.2821, -13289260.1401 7494246.9944, -13289137.6885 7494380.2561, -13288983.3707 7494424.8172, -13288985.0081 7494510.2626, -13288949.4055 7494540.7211, -13288922.2097 7494525.9919, -13288795.5191 7494369.0284, -13288752.5456 7494338.3764, -13288627.7165 7494292.6949, -13288417.2735 7494287.68199999, -13288387.3906 7494222.8275, -13288350.2639 7494199.3246, -13288361.6339 7494171.3434, -13288395.8748 7494156.4861, -13288422.8332 7494122.8183, -13288361.6114 7494089.0897, -13288346.4666 7494057.1462, -13288358.1809 7494019.7431, -13288349.837 7493984.0795, -13288389.6251 7493923.2799, -13288366.5094 7493891.3713, -13288330.893 7493899.2647, -13288252.9105 7493860.0163, -13288237.4725 7493920.21459999, -13288181.0334 7493969.8459, -13288200.9263 7494032.5106, -13288165.937 7494065.275, -13288086.8853 7494046.3027, -13288049.4125 7494076.8734, -13288003.8369 7494083.0451, -13287511.6052 7493541.4111, -13287373.197 7493421.1393, -13287368.0113 7493472.9301, -13287266.9071 7493509.6269, -13287176.6408 7493604.6812, -13287094.2172 7493553.1693, -13286912.6344 7493524.8038, -13286863.1919 7493476.5114, -13286828.6003 7493411.5089, -13286756.7333 7493158.1716, -13286714.1278 7493106.5506, -13286685.6177 7493092.9736, -13286624.7906 7493089.8223, -13286543.0658 7493118.4907, -13286302.8713 7493291.5757, -13286294.0141 7493329.45130001, -13286268.802 7493350.9099, -13286236.7423 7493362.8341, -13286185.0237 7493350.7593, -13286168.355 7493366.9246, -13286122.3323 7493333.7436, -13286111.4584 7493343.6906, -13286072.3845 7493337.1746, -13286063.8255 7493323.1686, -13286074.6036 7493310.9327, -13286045.3962 7493298.375, -13286037.2042 7493320.5809, -13286017.4111 7493264.6922, -13286041.6078 7493243.1014, -13286001.3201 7493257.7649, -13286012.6933 7493231.8292, -13285970.3683 7493219.7451, -13285961.2888 7493200.2205, -13285980.8444 7493183.0107, -13285948.0148 7493138.0808, -13285591.317 7493178.3847, -13285551.5474 7493157.3879, -13285528.5902 7493120.2948, -13285494.6303 7492982.3832, -13285531.7259 7492825.9071, -13285532.293 7492760.0796, -13285480.189 7492437.2248, -13285482.1217 7492296.5678, -13285508.7661 7492245.6495, -13285545.3356 7492215.3416, -13285531.6711 7492136.4301, -13285480.3491 7491930.2051, -13285406.9322 7491730.193, -13285320.9348 7491539.7585, -13285238.7412 7491415.6907, -13285129.2672 7491318.2797, -13285043.4205 7491273.9662, -13284806.7326 7491222.5994, -13284663.2268 7491165.7496, -13284573.649 7491104.8624, -13284454.5439 7490988.8226, -13284025.3615 7490386.5399, -13283869.7345 7490086.5, -13283771.0626 7489801.4574, -13283677.1701 7489695.4491, -13283554.4183 7489636.7151, -13283467.7057 7489627.678, -13283303.1867 7489679.3119, -13283160.3937 7489768.53549999, -13282976.5704 7489855.7836, -13282874.7572 7489858.0408, -13282749.2738 7489818.9111, -13282649.3707 7489720.0491, -13282549.8615 7489434.4417, -13282512.1179 7489364.5792, -13282406.9682 7489284.8368, -13282399.0931 7489261.8426, -13282413.6868 7489242.1422, -13282369.8546 7489168.5511, -13282324.1382 7489026.9706, -13282309.7131 7488917.491, -13282316.9656 7488826.8561, -13282426.4049 7488542.4376, -13282432.0362 7488406.935, -13282406.0552 7488262.3748, -13282363.1049 7488184.0415, -13282316.6495 7488134.1071, -13282288.8577 7488139.365, -13282273.4328 7488126.8258, -13282268.8458 7488081.3213, -13282230.6994 7488070.7882, -13282235.1549 7488025.8673, -13282197.5721 7487943.1173, -13282196.2849 7487809.3511, -13282162.1286 7487731.0595, -13282192.9697 7487676.1495, -13282182.5884 7487648.6091, -13282057.2551 7487504.5568, -13282069.1914 7487451.5674, -13282085.2404 7487436.4773, -13282181.4381 7487457.4742, -13282212.5831 7487449.6595, -13282225.8288 7487408.3287, -13282291.6227 7487373.6956, -13282286.2396 7487296.5471, -13282349.0455 7487242.1426, -13282305.9337 7487085.76, -13282252.7366 7487049.754, -13282214.5409 7486944.1349, -13282360.057 7486835.2625, -13282467.8834 7486836.1579, -13282543.8316 7486889.523, -13282586.1938 7486958.4871, -13282674.6222 7487339.4366, -13282670.3145 7487373.7522, -13282686.3937 7487396.8147, -13282667.9434 7487458.4881, -13282664.2337 7487577.2402, -13282697.852 7487618.5789, -13282732.6437 7487612.8822, -13282767.5025 7487655.3173, -13282923.1023 7487774.1496, -13283230.4636 7488161.5173, -13283389.3265 7488285.428, -13283516.319 7488349.10189999, -13283574.8193 7488394.7541, -13283647.2162 7488400.2007, -13283689.6332 7488422.7889, -13283701.9611 7488451.37139999, -13283692.077 7488490.1516, -13283711.517 7488520.0501, -13283763.7822 7488503.2728, -13283841.068 7488530.7212, -13283844.1322 7488551.6648, -13283728.0402 7488662.8556, -13283809.7787 7488761.6541, -13283836.7686 7488734.13, -13283851.1738 7488655.1413, -13284014.4976 7488577.9759, -13284142.6294 7488622.1962, -13284229.1438 7488628.5138, -13284269.8145 7488669.9965, -13284276.6802 7488779.9437, -13284306.7402 7488848.5132, -13284304.6671 7488918.5114, -13284268.1976 7488981.8604, -13284169.6464 7489036.1857, -13284150.3494 7489121.2395, -13284391.2328 7489122.5726, -13284458.6067 7489160.0334, -13284516.0193 7489159.9541, -13284565.155 7489186.8155, -13284648.613 7489200.3668, -13284645.5062 7489150.654, -13284678.8055 7489130.3622, -13284708.2807 7489151.998, -13284678.7424 7489204.3472, -13284718.7632 7489254.092, -13284720.305 7489325.6286, -13284757.5495 7489340.3183, -13284783.1809 7489262.9654, -13284871.2971 7489201.0658, -13284835.9081 7489150.4444, -13284811.6079 7488855.4652, -13284846.6083 7488759.3278, -13284879.3256 7488740.1916, -13284900.7587 7488707.1247, -13284917.8603 7488652.6956, -13284909.2853 7488627.9884, -13284949.3285 7488603.1635, -13285065.4185 7488585.8912, -13285111.9288 7488627.0026, -13285143.9879 7488624.4015, -13285228.7965 7488668.9774, -13285284.9105 7488582.6684, -13285280.1611 7488544.2179, -13285173.8721 7488502.7543, -13285162.8837 7488448.8446, -13285112.0697 7488404.4821, -13285169.9561 7488243.506, -13285250.4429 7488219.0751, -13285331.6996 7488216.3168, -13285381.6026 7488264.8435, -13285368.6673 7488320.2556, -13285389.5753 7488364.1473, -13285483.8609 7488391.6844, -13285565.989 7488365.3852, -13285613.7337 7488379.4086, -13285627.4988 7488440.1879, -13285578.5545 7488444.44, -13285554.4164 7488470.6159, -13285559.8193 7488491.4119, -13285593.4524 7488513.9551, -13285592.6928 7488539.2484, -13285521.694 7488593.617, -13285459.908 7488589.282, -13285436.988 7488681.7254, -13285458.9304 7488714.0464, -13285537.0958 7488727.3326, -13285562.3769 7488747.4663, -13285560.4919 7488778.0922, -13285593.1897 7488865.3023, -13285549.3919 7488895.6516, -13285548.8152 7488923.8702, -13285615.9658 7488929.6287, -13285652.2722 7488985.472, -13285726.4263 7488990.7891, -13285734.6798 7489029.0212, -13285653.7369 7489149.1934, -13285470.9768 7489224.6856, -13285289.2477 7489363.5232, -13285208.0786 7489498.9762, -13285209.9835 7489538.7848, -13285117.1857 7489731.9282, -13285109.3915 7489794.6606, -13285073.9038 7489826.8374, -13285055.6731 7489872.61, -13285093.4785 7489943.0488, -13285106.2254 7490025.045, -13285187.6261 7490099.2052, -13285217.3181 7490086.7692, -13285246.9428 7490101.3498, -13285264.4875 7490091.4388, -13285299.0542 7490016.4511, -13285277.5931 7489963.7763, -13285282.1365 7489886.5663, -13285330.9659 7489814.7944, -13285374.4121 7489816.1739, -13285409.1466 7489846.8736, -13285436.4881 7489927.951, -13285478.5958 7489973.4549, -13285481.3423 7490017.3233, -13285514.9154 7490066.8877, -13285552.7439 7490062.7472, -13285553.9472 7489973.41439999, -13285579.9118 7489938.8978, -13285617.3518 7489930.4362, -13285654.3759 7489982.4036, -13285692.0169 7489984.9309, -13285744.2371 7490025.3348, -13285774.8512 7490132.3973, -13285772.9457 7490206.743, -13285791.8117 7490253.4742, -13285897.9045 7490278.2743, -13286062.4331 7490390.498, -13286164.3646 7490405.6127, -13286227.7663 7490379.8865, -13286251.067 7490354.7201, -13286275.6806 7490288.8544, -13286276.0368 7490214.8419, -13286197.8102 7489756.0897, -13286216.5821 7489657.0016, -13286291.5921 7489520.7378, -13286307.0839 7489456.2351, -13286280.4979 7489193.1939, -13286282.9719 7489131.7392, -13286296.9742 7489119.5841, -13286392.6544 7489116.30390001, -13286478.8692 7489082.7616, -13286532.27 7489110.2576, -13286800.2746 7489112.3899, -13286812.2145 7489089.795, -13286781.608 7489061.4278, -13286752.4191 7488966.0367, -13286756.9074 7488918.1469, -13286777.0514 7488902.6053, -13286842.5175 7488911.7416, -13286856.7227 7488970.0296, -13286903.8766 7489004.3986, -13286930.8843 7489009.0365, -13286995.605 7488976.0675, -13287038.7681 7488991.664, -13287049.6742 7489008.5904, -13287026.075 7489091.8098, -13287040.6588 7489111.3229, -13287091.7026 7489129.2406, -13287175.954 7489116.1748, -13287221.1804 7489142.2092, -13287273.5707 7489136.7895, -13287348.6295 7489122.8928, -13287466.5165 7489063.3123, -13287509.9787 7489061.273, -13287542.3358 7489083.8904, -13287641.5466 7489100.1582, -13287682.7265 7489125.05, -13287728.2459 7489122.1749, -13287739.1595 7489150.3736, -13287712.2951 7489170.3898, -13287751.8328 7489195.3715, -13287755.9141 7489215.5469, -13287736.8472 7489247.7535, -13287682.3617 7489264.5823, -13287648.0199 7489299.8675, -13287664.2563 7489379.167, -13287704.7719 7489430.8632, -13287762.9669 7489472.9871, -13287821.4411 7489463.6561, -13287866.5011 7489498.1539, -13287870.9362 7489523.9446, -13287851.251 7489546.3272, -13287867.9512 7489588.2542, -13287989.9609 7489616.4802, -13288029.0916 7489612.5976, -13288057.9627 7489579.769, -13287964.345 7489522.2698, -13287951.2156 7489447.7053, -13288000.1814 7489421.3584, -13288015.0328 7489366.8692, -13288012.8372 7489354.325, -13287937.9669 7489315.3711, -13287967.2601 7489255.7426, -13288020.0603 7489200.9702, -13288112.9792 7489191.5738, -13288191.2468 7489128.1446, -13288221.6288 7489063.5156, -13288173.9709 7488970.9881, -13288180.3269 7488837.4231, -13288197.3851 7488818.0259, -13288245.7474 7488815.6726, -13288284.4618 7488928.0687, -13288329.1366 7488978.7908, -13288368.6616 7488981.223, -13288415.729 7488935.9716, -13288459.9929 7488957.8317, -13288472.7445 7488981.685, -13288448.2092 7489083.2875, -13288456.501 7489114.4693, -13288503.3673 7489166.4624, -13288638.7369 7489217.0828, -13288628.9108 7489183.8839, -13288571.6792 7489145.9345, -13288598.3128 7489111.1336, -13288651.3874 7489083.1144, -13288682.6426 7488954.3121, -13288713.1303 7488924.9041, -13288740.6618 7488926.6844, -13288787.1088 7489005.475, -13288797.856 7488975.2024, -13288794.0075 7488914.1482, -13288818.0962 7488872.4629, -13288746.9073 7488775.7801, -13288779.0762 7488709.1128, -13288778.6783 7488601.6711, -13288723.351 7488556.7008, -13288693.8439 7488552.5562, -13288670.5915 7488510.8163, -13288585.696 7488500.8768, -13288553.608 7488512.3009, -13288503.2267 7488478.8527, -13288437.4533 7488372.1682, -13288388.1341 7488355.5613, -13288363.1686 7488323.7933, -13288340.0637 7488232.2591, -13288377.5484 7488172.5886, -13288324.5369 7488127.096, -13288266.2752 7488132.1893, -13288229.214 7488168.8182, -13288194.9607 7488168.1659, -13288147.9972 7488196.403, -13288048.0084 7488193.7996, -13287998.2462 7488170.5259, -13287903.4754 7488166.6514, -13287918.5146 7488137.5213, -13287951.3672 7488138.2634, -13288000.3563 7488090.0798, -13287976.8528 7488007.0265, -13287994.2632 7487888.9825, -13288104.6311 7487885.2946, -13288197.685 7487859.6869, -13288290.9181 7487869.9715, -13288341.7296 7487832.6382, -13288380.8556 7487836.2692, -13288396.0832 7487929.2361, -13288435.8467 7487972.7472, -13288405.9179 7488009.1832, -13288415.9339 7488043.516, -13288482.1862 7488128.0913, -13288575.5911 7488174.9726, -13288668.8327 7488256.4311, -13288830.6377 7488287.9905, -13288875.5437 7488249.4524, -13288952.3112 7488255.3942, -13288994.1798 7488213.2903, -13289015.8176 7488155.0901, -13289046.0015 7488135.8008, -13289128.7183 7488139.4853, -13289191.5828 7488125.6398, -13289257.5749 7488079.6587, -13289261.1805 7488062.5222, -13289304.1453 7488064.7296, -13289337.894 7488004.9654, -13289480.1332 7487963.199, -13289545.8457 7487891.8105, -13289553.0173 7487830.4735, -13289532.3726 7487770.3259, -13289439.272 7487633.41040001, -13289420.6395 7487530.5118, -13289452.9832 7487421.6938, -13289574.1281 7487195.8971, -13289567.4327 7487131.7544, -13289641.1511 7486495.8138, -13289715.6858 7486295.9843, -13289826.6702 7486217.1038, -13289917.5068 7486178.1209, -13290602.7354 7485900.0836, -13290823.5818 7485841.6796, -13290922.2254 7485779.0659, -13290965.1186 7485657.3147, -13290962.0282 7485551.4141, -13290917.1554 7485345.8051, -13290761.1389 7484849.6147, -13290804.4201 7484852.4979, -13290820.7302 7484828.9268, -13290761.7811 7484785.7261, -13290741.466 7484701.5745, -13290716.467 7484661.8504, -13290700.8856 7484652.5122, -13290621.8765 7484677.2491, -13290585.1152 7484658.9281, -13290553.0856 7484582.0938, -13290492.898 7484519.2543, -13290100.6976 7484272.8143, -13290116.877 7483802.367, -13290105.4419 7483725.1716, -13290111.6657 7483705.0619, -13290166.547 7483714.3165, -13290221.1866 7483703.7441, -13290187.5473 7483645.7962, -13290129.4135 7483585.6477, -13290151.6512 7483537.2973, -13290243.464 7483492.9804, -13290302.3711 7483431.9762, -13290446.7822 7483523.25639999, -13290496.4285 7483612.1048, -13290598.2733 7483637.5554, -13290623.1563 7483616.26, -13290644.4507 7483493.8041, -13290625.5143 7483446.1908, -13290547.628 7483340.3636, -13290537.8581 7483304.3725, -13290571.249 7483210.2545, -13290533.3785 7483115.0311, -13290532.1701 7483066.2939, -13290577.0514 7482842.8462, -13290790.6482 7482843.3574, -13290831.1601 7482891.4732, -13290899.4242 7482934.0703, -13290881.0704 7483014.0889, -13290919.0411 7483214.4418, -13290905.1288 7483305.446, -13290914.068 7483387.4889, -13290948.3762 7483470.7362, -13291072.6552 7483539.8156, -13291039.958 7483659.6189, -13291099.4867 7483830.4526, -13291120.324 7483848.8428, -13291263.0229 7483779.6833, -13291271.4954 7483735.959, -13291352.5218 7483698.8853, -13291350.7895 7483656.7493, -13291306.7012 7483596.6546, -13291344.8519 7483548.2271, -13291380.4396 7483562.8612, -13291417.5676 7483601.8058, -13291438.8198 7483685.8842, -13291406.5487 7483723.6122, -13291415.1533 7483755.9231, -13291463.4193 7483734.0757, -13291489.7216 7483676.0737, -13291564.8219 7483604.6396, -13291562.7469 7483512.7702, -13291522.9825 7483461.7905, -13291514.2593 7483427.611, -13291512.7036 7483329.1393, -13291420.0271 7483256.181, -13291416.8581 7483235.7301, -13291448.5941 7483189.5898, -13291485.039 7483188.2094, -13291528.2662 7483146.0315, -13291586.7909 7483123.532, -13291628.2711 7483142.4829, -13291615.5072 7483207.1298, -13291634.4339 7483239.72, -13291683.1473 7483202.8242, -13291741.0946 7483185.9928, -13291765.3646 7483140.3267, -13291771.241 7483070.4862, -13291808.7807 7483056.8312, -13291963.8753 7483094.8292, -13292063.27 7483066.9069, -13292116.7607 7483083.2123, -13292150.2173 7483123.3235, -13292172.905 7483126.5717, -13292220.4693 7483108.5208, -13292276.5752 7483062.7019, -13292406.6958 7483031.878, -13292504.7901 7483042.5207, -13292535.9164 7483031.1485, -13292601.29 7483087.0583, -13292702.2778 7483128.4924, -13292883.089 7483261.5237, -13292936.642 7483278.7587, -13293108.4806 7483249.2348, -13293397.2932 7483272.0464, -13296256.6919 7483246.7031, -13296282.3216 7483245.3154, -13296415.2871 7483126.9865, -13296478.2629 7483232.7737, -13296536.984 7483250.121, -13296564.9717 7483248.3215, -13296602.3584 7483217.7546, -13296624.8466 7483064.2295, -13296727.0654 7482992.8823, -13296748.5045 7482998.544, -13296824.2842 7483070.1775, -13296846.3557 7483122.2666, -13296894.3091 7483168.9358, -13296916.4438 7483602.1716, -13296975.0748 7483581.5001, -13297089.7158 7483440.8116, -13297175.7256 7483438.0915, -13297266.1527 7483460.4337, -13297334.7177 7483419.4053, -13297368.5841 7483377.7951, -13297466.2482 7483337.7083, -13297521.6638 7483281.5667, -13297671.6554 7483254.066, -13297688.094 7483218.272, -13297650.4966 7483025.2759, -13297730.3819 7482983.7514, -13297811.7627 7482983.7867, -13297873.2212 7483010.921, -13297934.8854 7483150.6927, -13298019.3852 7483181.0347, -13298068.298 7483340.9934, -13298113.8643 7483384.9942, -13298258.1938 7483444.3335, -13298285.7486 7483444.9027, -13298376.5626 7483400.3171, -13298427.9282 7483406.9769, -13298473.7618 7483436.8768, -13298497.0179 7483534.5373, -13298485.0323 7483575.7975, -13298386.5351 7483683.0784, -13298252.3057 7483726.3594, -13298235.6186 7483749.1466, -13298235.7213 7483823.6608, -13298287.824 7483969.3428, -13298324.9488 7484018.5851, -13298332.7058 7484111.9725, -13298360.4817 7484170.6208, -13298477.5612 7484252.1422, -13298554.9501 7484235.4101, -13298667.4544 7484263.9417, -13298712.3002 7484251.0698, -13298722.1994 7484186.46809999, -13298677.8677 7484125.369, -13298686.1108 7484071.4376, -13298655.1904 7484027.664, -13298649.1563 7483979.3496, -13298671.3161 7483959.7282, -13298722.0081 7483974.0584, -13298742.9638 7483953.9276, -13298766.669 7483885.5027, -13298761.2653 7483692.2146, -13298797.8545 7483614.745, -13298750.2332 7483566.1853, -13298738.9125 7483535.8182, -13298789.9771 7483337.4837, -13298808.486 7483315.7521, -13298886.4477 7483298.9814, -13298918.762 7483273.4241, -13298930.5743 7483256.8191, -13298930.3717 7483171.7554, -13298975.7194 7483139.489, -13298982.246 7483120.3946, -13299064.9278 7483071.8837, -13299107.2077 7483073.8451, -13299146.4186 7483057.2295, -13299342.4106 7483060.5187, -13299409.1547 7482991.4286, -13299426.1562 7482949.9629, -13299416.8872 7482893.2988, -13299462.6258 7482847.159, -13299512.368 7482877.7365, -13299632.2307 7483066.1819, -13299617.7286 7483131.895, -13299623.5146 7483205.4657, -13299712.6448 7483209.3049, -13299948.7048 7483614.92450001, -13300019.6163 7484031.8798, -13300289.4806 7484206.8742, -13300348.5122 7484294.1238, -13300360.4167 7484623.8576, -13300395.7558 7484648.7973, -13300652.3198 7484675.3595, -13300830.8543 7484625.285, -13301352.2714 7484603.65559999, -13301443.7423 7484612.7395, -13301555.6706 7485097.4997, -13301712.1784 7485662.7831, -13301746.0138 7485664.3409, -13301769.282 7485937.0469, -13301665.1208 7486021.7626, -13301787.2552 7486214.8024, -13302059.0455 7486301.9446, -13302277.9717 7486542.2235, -13302322.7168 7486712.1265, -13302384.954 7486877.1377, -13302668.8921 7486876.5023, -13302721.7604 7487142.6258, -13302738.1511 7487496.6107, -13302873.1095 7487640.9307, -13303167.8428 7487676.2088, -13303313.366 7487679.8736, -13303313.8846 7487861.1341, -13303405.4949 7487886.1599, -13303438.8514 7488038.9813, -13303768.2167 7487900.0741, -13304326.5287 7487808.1994, -13304325.3324 7487775.4002, -13304380.3407 7487770.8671, -13304378.4349 7487712.752, -13304416.3172 7487718.731, -13304427.1533 7487669.1772, -13304411.0839 7487638.2896, -13304357.8836 7487598.5559, -13304325.3378 7487602.5607, -13304290.7444 7487560.6719, -13304340.7207 7487507.62300001, -13304405.1017 7487474.298, -13304447.4882 7487419.8663, -13304486.8099 7487419.1755, -13304550.4589 7487461.0426, -13304580.8327 7487452.4822, -13304606.8847 7487420.7213, -13304651.015 7487407.5044, -13304671.4062 7487418.3824, -13304703.3028 7487476.4135, -13304764.2939 7487463.0328, -13304895.7558 7487553.0653, -13304905.2129 7487597.5348, -13304879.9981 7487742.9033, -13304863.3406 7487774.9914, -13304772.0952 7487842.0164, -13304735.1693 7487994.7303, -13304839.326 7488039.5859, -13304984.1007 7488679.2609, -13304953.8342 7488876.6522, -13304978.8904 7489117.4054, -13305077.8826 7489356.1473, -13305056.5032 7489517.271, -13305098.035 7489841.5456, -13305113.7461 7489882.36949999, -13305518.3675 7489871.3302, -13305524.0174 7489929.2164, -13305495.7206 7490056.0401, -13305443.2962 7490071.6883, -13305347.516 7490069.5028, -13305336.331 7490056.1404, -13305345.4 7490022.6597, -13305292.2348 7489940.6341, -13305270.0296 7489930.8122, -13305235.8513 7489938.6871, -13305167.9824 7489961.9216, -13305161.1458 7490000.8935, -13305185.3633 7490041.592, -13305146.8666 7490112.7048, -13305095.4775 7490144.257, -13305030.574 7490227.43419999, -13304989.7171 7490247.9607, -13304391.3138 7490317.4494, -13304331.8529 7490300.662, -13304320.8323 7490260.9768, -13304281.03 7490240.0858, -13304259.4558 7490182.2973, -13304128.077 7490094.0958, -13303980.3765 7490100.9218, -13303924.664 7490066.0341, -13303893.7926 7490067.1099, -13303742.7574 7490138.044, -13303573.4593 7490144.3921, -13303395.2212 7490215.2153, -13303330.6244 7490288.9618, -13303275.7435 7490318.8505, -13303199.3628 7490326.6491, -13303124.9327 7490436.7433, -13303008.78 7490481.9002, -13302895.5947 7490500.5511, -13302852.513 7490544.7038, -13302828.4696 7490593.2544, -13302794.916 7490596.3798, -13302769.9671 7490515.3126, -13302767.3215 7490272.1118, -13302753.6292 7490234.478, -13302710.9321 7490197.7937, -13302655.8918 7490173.1889, -13302548.1541 7490174.5659, -13302493.3827 7490211.9585, -13302153.3118 7490245.3641, -13302114.3009 7490308.9789, -13302146.8578 7490377.3353, -13302133.3844 7490429.89329999, -13302059.5103 7490461.9488, -13301801.9837 7490655.3545, -13301631.6614 7490704.0127, -13301520.2643 7490700.4985, -13301413.2304 7490748.27489999, -13301283.4625 7490742.6077, -13301226.7184 7490764.1468, -13301154.6824 7490763.1549, -13301113.0742 7490790.3195, -13301107.0975 7490857.4269, -13301082.4295 7490867.4856, -13300983.0105 7490809.0986, -13300922.9799 7490823.3312, -13300821.4386 7490964.2996, -13300709.0924 7491025.1525, -13300667.1283 7491159.4382, -13300668.3278 7491279.6491, -13300614.6932 7491363.948, -13300587.5512 7491364.7684, -13300582.4464 7491294.4289, -13300560.1549 7491297.7539, -13300546.768 7491235.6581, -13300502.7185 7491192.4665, -13300492.8692 7491199.6832, -13300482.3767 7491313.1349, -13300435.37 7491412.979, -13300369.3828 7491509.3558, -13300423.2155 7491675.03, -13300444.4257 7491683.9927, -13300476.9581 7491664.9668, -13300512.1767 7491673.021, -13300534.2934 7491696.022, -13300537.6117 7491718.3624, -13300522.4605 7491730.6226, -13300478.5673 7491733.4688, -13300436.0534 7491699.5725, -13300406.5968 7491737.1953, -13300415.5508 7491774.2075, -13300440.2276 7491793.2838, -13300435.596 7491837.7558, -13300474.5449 7491976.2063, -13300425.0623 7492066.8209, -13300336.4408 7492146.8153, -13300268.6296 7492185.9859, -13300244.0771 7492197.9157, -13300132.8718 7492175.0462, -13300090.9647 7492179.6414, -13300068.763 7492198.9374, -13300093.6254 7492249.9596, -13300053.8347 7492316.4496, -13300076.7127 7492394.858, -13300110.8939 7492406.3137, -13300105.0703 7492430.7255, -13300041.261 7492470.4671, -13300042.1706 7492513.6439, -13300005.0348 7492621.3204, -13299955.9263 7492645.1799, -13299948.9408 7492682.2895, -13299915.9515 7492708.8646, -13299920.838 7492755.545, -13299980.4097 7492792.1037, -13299968.6971 7492857.7189, -13299933.5373 7492879.7353, -13299942.5224 7492931.791, -13299911.1589 7492954.5016, -13299879.7601 7492933.0362, -13299812.362 7492978.7594, -13299831.8974 7493078.0713, -13299854.3467 7493091.6571, -13299850.8837 7493110.6809, -13299796.5897 7493141.4565, -13299777.2789 7493176.5465, -13299780.7192 7493229.9034, -13299758.2146 7493273.6605, -13299781.5303 7493387.9598, -13299754.5934 7493406.6243, -13299634.9962 7493399.3272, -13299584.2216 7493382.8737, -13299530.1036 7493387.3166, -13299476.3804 7493441.5545, -13299518.0593 7493520.6392, -13299486.7561 7493602.5682, -13299525.3008 7493662.1165, -13299553.1753 7493672.533, -13299541.487 7493724.0523, -13299566.1389 7493757.2387, -13299560.7817 7493848.7718, -13299584.7995 7493857.5579, -13299591.732 7493877.7907, -13299579.7108 7493909.5915, -13299546.3908 7493913.6531, -13299598.9261 7494118.3087, -13299656.8044 7494206.3461, -13299749.4235 7494265.6197, -13299827.4474 7494281.8672, -13299956.5615 7494279.2528, -13300527.1297 7494217.4936, -13300858.6161 7494152.9819, -13300932.6783 7494169.6929, -13300957.4034 7494192.0294, -13300967.5468 7494211.8034, -13300917.2805 7494222.5521, -13300884.9806 7494245.3312, -13300858.307 7494355.1774, -13300827.364 7494384.4495, -13300794.001 7494376.273, -13300740.6369 7494276.3209, -13300702.5097 7494252.4711, -13300670.4779 7494264.8907, -13300661.7137 7494288.9624, -13300678.3877 7494329.2465, -13300638.7798 7494427.7102, -13300635.0471 7494587.7787, -13300667.7645 7494673.092, -13300662.7181 7494914.4841, -13300680.9058 7494978.1784, -13300746.3193 7495032.2275, -13300878.6739 7495091.3343, -13300933.5288 7495098.1164, -13300985.6491 7495135.1629, -13301031.5403 7495206.4621, -13301000.2546 7495317.5622, -13301012.5903 7495348.73, -13300999.0937 7495372.1725, -13300978.5989 7495374.4433, -13300944.2632 7495351.2853, -13300919.1308 7495368.901, -13300863.4268 7495349.0101, -13300828.5274 7495360.6778, -13300784.2715 7495445.3529, -13300650.4236 7495610.1239, -13300638.0302 7495447.3194, -13300582.647 7495519.5522, -13300413.8295 7496003.6313, -13300351.5535 7495998.2661, -13300391.5684 7496080.302, -13300370.324 7496114.5918, -13300353.4438 7496114.7459, -13300325.3453 7496086.4768, -13300318.535 7496097.2621, -13300329.4944 7496194.3483, -13300278.5818 7496365.0347, -13300220.6673 7496427.2809, -13300235.0569 7496490.2946, -13300176.162 7496537.3708, -13300158.4441 7496582.7179, -13300040.1309 7496625.18069999, -13299903.6456 7496720.5423, -13299818.8369 7496642.3391, -13299733.0728 7496636.6087, -13299736.5028 7496573.3794, -13299721.7606 7496563.0493, -13299639.6147 7496555.2029, -13299555.2485 7496597.3408, -13299481.9041 7496580.4593, -13299404.3578 7496469.2455, -13299401.0698 7496432.7834, -13299364.8322 7496365.5402, -13299273.1321 7496340.4415, -13299249.5574 7496294.9483, -13299206.5119 7496296.7928, -13299107.7582 7496220.4288, -13299079.9945 7496153.5786, -13299059.7363 7496042.9882, -13299064.5889 7496016.345, -13299130.0578 7495954.7508, -13299138.2553 7495907.2045, -13299090.1451 7495772.0905, -13299058.3149 7495744.0595, -13299033.8696 7495728.7148, -13299009.8767 7495734.9679, -13298912.2769 7495851.294, -13298777.3593 7495883.5232, -13298716.9539 7495878.024, -13298704.6554 7495891.0429, -13298659.6479 7496022.7756, -13298660.279 7496076.3337, -13298692.5601 7496155.1172, -13298682.8827 7496194.2968, -13298695.6925 7496232.9639, -13298786.2429 7496327.7303, -13298857.8049 7496360.7193, -13298865.9739 7496385.5814, -13298869.9524 7496476.541, -13298844.2071 7496659.7022, -13298867.1476 7496680.789, -13298890.209 7496674.5961, -13298993.6376 7496604.90119999, -13299008.1369 7496553.1821, -13299003.6147 7496512.0972, -13299026.1926 7496469.26, -13299047.2637 7496461.3148, -13299136.7939 7496481.8551, -13299193.7085 7496520.49099999, -13299253.6404 7496605.9515, -13299258.4348 7496636.6749, -13299240.3493 7496676.4016, -13299248.2182 7496696.5817, -13299306.0695 7496735.1574, -13299358.0712 7496741.1967, -13299370.5251 7496803.3991, -13299415.6274 7496862.5488, -13299350.5137 7496900.6184, -13299315.3913 7496865.2737, -13299310.3551 7496830.8035, -13299282.2282 7496816.6361, -13299228.5391 7496842.6802, -13299145.9691 7496857.4259, -13299122.3349 7496869.2996, -13299102.108 7496919.5106, -13299052.2466 7496961.2937, -13299052.3388 7497021.0171, -13299040.2334 7497030.47249999, -13299002.3242 7497002.1402, -13298989.7826 7496953.1074, -13298967.1726 7496951.7481, -13298926.5954 7496991.9897, -13298896.8406 7496981.6877, -13298874.8332 7497048.0017, -13298751.8924 7497120.8408, -13298762.5018 7497256.5235, -13298794.9399 7497323.0821, -13298795.7529 7497408.6146, -13298790.1752 7497424.0232, -13298762.7101 7497420.1555, -13298712.1805 7497451.6365, -13298730.4196 7497487.1375, -13298731.6246 7497535.0256, -13298703.1235 7497564.062, -13298650.4684 7497577.0414, -13298621.3366 7497629.6215, -13298527.7221 7497647.8972, -13298468.2686 7497628.225, -13298443.9096 7497599.7017, -13298400.0422 7497603.4758, -13298364.3495 7497544.6475, -13298364.3826 7497501.3819, -13298287.5701 7497416.0541, -13298234.3362 7497317.9184, -13298168.9028 7497265.3907, -13298107.9421 7497280.6118, -13298072.2222 7497513.3388, -13297993.4379 7497557.9252, -13297878.3466 7497650.9394, -13297869.9311 7497680.6387, -13297958.9028 7497677.7192, -13297986.4857 7497712.6199, -13297964.741 7497768.5743, -13297913.9086 7497766.2113, -13297892.56 7497784.5186, -13297891.4188 7497985.8707, -13297931.4119 7498126.2573, -13297919.4094 7498143.9623, -13297942.4974 7498211.1354, -13297942.4869 7498298.6117, -13297982.3052 7498407.0341, -13297969.5132 7498470.8814, -13298016.6621 7498561.9013, -13298014.641 7498734.9228, -13298057.4479 7498845.9801, -13298059.6127 7498908.8655, -13298078.2137 7498949.9955, -13298066.087 7498994.9904, -13298076.8172 7499045.0952, -13298142.3977 7499116.1174, -13298242.4251 7499080.4969, -13298278.135 7498993.5283, -13298411.8078 7499043.2174, -13298408.8177 7499128.0737, -13298390.8118 7499183.798, -13298258.0381 7499177.3222, -13298219.2358 7499230.81449999, -13298157.0265 7499212.2542, -13298139.7753 7499235.94520001, -13298160.9625 7499375.6864, -13298151.0669 7499426.1845, -13298182.9386 7499469.2823, -13298152.895 7499556.8307, -13298077.3455 7499622.8578, -13298070.6467 7499664.684, -13298086.7175 7499695.6328, -13298174.6859 7499705.9463, -13298173.775 7499779.3861, -13298143.7039 7499822.7224, -13298070.5981 7499853.7844, -13297969.7993 7499950.6077, -13297966.7504 7499976.2062, -13298010.0865 7499993.1661, -13298020.58 7500010.364, -13298029.1404 7500055.9115, -13298018.1876 7500104.6003, -13297797.3259 7500159.3095, -13297764.9881 7500211.26, -13297771.7978 7500258.8035, -13297735.266 7500318.552, -13297712.9795 7500307.7587, -13297703.3372 7500245.3443, -13297662.7214 7500183.0466, -13297609.9107 7500193.9797, -13297571.4804 7500238.7958, -13297486.3389 7500243.3454, -13297457.4602 7500334.5878, -13297465.5642 7500387.6938, -13297446.2803 7500452.9156, -13297493.0977 7500582.5598, -13297402.4743 7500691.9004, -13297347.2592 7500797.0772, -13297309.0756 7500948.2031, -13297237.5735 7501033.7319, -13297149.618 7501038.4593, -13297150.866 7500984.7458, -13297125.6859 7500958.14060001, -13297124.0879 7500816.1655, -13297084.635 7500684.159, -13297060.3912 7500657.4944, -13296920.7664 7500690.9519, -13296897.5253 7500635.9957, -13296796.4877 7500509.8388, -13296728.9536 7500525.4776, -13296636.9192 7500466.483, -13296529.5405 7500490.32989999, -13296480.9038 7500476.2018, -13296431.5634 7500441.12399999, -13296394.3 7500489.6238, -13296381.3972 7500566.6643, -13296279.2157 7500554.4203, -13296244.3453 7500567.01299999, -13296196.3401 7500623.7304, -13296161.3092 7500575.1761, -13296150.2891 7500520.3735, -13296103.6088 7500495.1492, -13296110.9394 7500404.3554, -13296094.9098 7500359.2846, -13296044.8364 7500295.7043, -13296031.2383 7500200.6136, -13296010.4042 7500183.1366, -13295884.039 7500174.3245, -13295902.4411 7500241.8222, -13295888.25 7500284.1311, -13295894.1268 7500375.9558, -13295856.3339 7500460.2391, -13295780.9824 7500485.7804, -13295761.6713 7500506.7794, -13295711.6495 7500620.0753, -13295688.2738 7500621.5772, -13295647.0846 7500594.1155, -13295612.7884 7500601.023, -13295610.6906 7500641.6155, -13295556.9017 7500740.1001, -13295466.8254 7500770.34839999, -13295488.0306 7500837.6722, -13295533.4879 7500902.4978, -13295612.093 7500971.781, -13295609.2998 7501016.1838, -13295528.4268 7501102.2985, -13295365.3236 7501194.6346, -13295362.8415 7501214.5538, -13295293.9171 7501282.0227, -13295270.8389 7501288.2092, -13295249.9437 7501269.7905, -13295235.4611 7501278.2478, -13295164.9045 7501349.5847, -13295141.9046 7501445.1578, -13295122.9855 7501457.6637, -13295010.9489 7501467.676, -13294907.8526 7501514.7524, -13294800.3859 7501493.4163, -13294798.6801 7501525.519, -13294824.8119 7501567.1283, -13294815.311 7501624.1973, -13294825.7623 7501655.5208, -13294865.877 7501666.1217, -13294924.8294 7501648.225, -13294991.8841 7501654.2739, -13295011.3057 7501664.3199, -13295008.8312 7501728.467, -13294858.1944 7501766.3612, -13294785.7969 7501823.7017, -13294677.3005 7501859.831, -13294556.6869 7501764.993, -13294519.4593 7501770.2024, -13294473.3147 7501753.3989, -13294388.3167 7501789.8997, -13294318.2163 7501780.2764, -13294252.4761 7501794.8394, -13294235.5873 7501839.2083, -13294273.5374 7501889.4742, -13294282.5826 7501943.2317, -13294211.324 7502007.5298, -13294250.1108 7502022.7196, -13294285.8328 7502067.4832, -13294231.8166 7502148.1102, -13294153.5564 7502157.8287, -13294106.6191 7502202.2417, -13294061.967 7502208.8657, -13294034.6382 7502246.2909, -13293976.7757 7502284.8217, -13293924.8689 7502282.5781, -13293888.2542 7502267.983, -13293845.1114 7502224.6326, -13293785.9915 7502210.5366, -13293754.9903 7502239.8117, -13293729.303 7502308.2717, -13293688.3718 7502343.8288, -13293643.2011 7502357.0711, -13293608.6756 7502331.048, -13293568.3587 7502214.1117, -13293490.7139 7502336.71239999, -13293474.2375 7502431.8746, -13293508.2456 7502464.5194, -13293630.3885 7502480.2322, -13293667.6193 7502566.2994, -13293663.4654 7502589.5124, -13293604.1147 7502645.8164, -13293593.7835 7502711.8457, -13293496.5022 7502754.7734, -13293486.4701 7502805.5304, -13293446.4146 7502822.7771, -13293471.5948 7502874.2437, -13293480.3535 7503055.9847, -13293457.6166 7503126.6151, -13293416.9287 7503129.2176, -13293396.9112 7503079.9282, -13293357.5126 7503046.4989, -13293315.2742 7503052.3714, -13293249.0978 7503017.7896, -13293245.6629 7502998.5248, -13293265.2363 7502966.6858, -13293255.2412 7502949.7715, -13293112.8994 7503022.6355, -13293087.09 7503056.9202, -13293083.6322 7503086.623, -13293046.9339 7503100.2626, -13293035.5771 7503157.9291, -13292919.8919 7503147.9102, -13292783.1389 7503245.4358, -13292762.4924 7503281.6591, -13292751.4958 7503276.3158, -13292726.0595 7503297.2348, -13292644.8441 7503268.0684, -13292595.269 7503271.2342, -13292542.9109 7503245.4006, -13292336.361 7503327.7628, -13292293.517 7503378.6263, -13292234.284 7503338.8775, -13292111.7215 7503338.8614, -13292084.5124 7503321.0469, -13291968.4614 7503329.2518, -13291901.4948 7503312.6038, -13291814.7778 7503448.4853, -13291727.8615 7503452.3671, -13291558.9984 7503432.2099, -13291260.6713 7503446.1977, -13291048.9494 7503533.6058, -13291070.7101 7503550.5167, -13291046.2 7503571.6463, -13291063.8327 7503577.3779, -13291062.2318 7503588.6134, -13291038.4009 7503599.9214, -13291040.8291 7503537.2869, -13291001.7442 7503550.0689, -13290941.8401 7503544.299, -13290886.062 7503583.9551, -13290868.0841 7503653.9912, -13290879.1729 7503712.4001, -13290867.7619 7503732.4216, -13290837.6046 7503745.6352, -13290764.4314 7503717.3474, -13290629.4928 7503818.6426, -13290604.791 7503851.2748)), ((-13287803.036 7488358.0477, -13287717.3005 7488388.3564, -13287663.9538 7488367.3023, -13287611.0742 7488346.2186, -13287536.4447 7488240.088, -13287520.9736 7488225.0959, -13287480.0082 7488222.0461, -13287421.7124 7488159.5031, -13287398.6486 7488068.4355, -13287298.9367 7487906.1226, -13287217.58 7487925.61, -13287207.4467 7487979.0557, -13287135.7596 7488038.9975, -13287107.8036 7488026.6714, -13287112.8403 7488002.4014, -13287092.0856 7487977.8794, -13287019.2619 7487974.9583, -13286991.2639 7487932.1071, -13286936.6593 7487890.934, -13286936.0393 7487873.59619999, -13286979.6406 7487836.5624, -13287056.1157 7487718.5559, -13287548.5269 7487720.3572, -13287601.8469 7487755.9707, -13287671.9857 7487760.9342, -13287662.9472 7487825.4196, -13287620.5204 7487874.0812, -13287614.2154 7487982.4992, -13287644.3257 7488001.528, -13287675.4083 7487981.0493, -13287764.4548 7488009.174, -13287789.4558 7488004.3071, -13287811.7857 7488024.03109999, -13287834.2081 7488052.6728, -13287828.2662 7488125.8457, -13287841.8196 7488155.0479, -13287805.433 7488202.4347, -13287796.3857 7488252.3215, -13287819.5443 7488292.6593, -13287868.5008 7488288.6271, -13287886.1007 7488300.1962, -13287841.319 7488363.1442, -13287803.036 7488358.0477)), ((-13287065.2925 7498195.5858, -13287053.7692 7498195.6488, -13287054.5316 7498194.9274, -13287052.4908 7498195.5857, -13287053.7692 7498195.6488, -13286964.1772 7498255.8305, -13286947.4794 7498247.2709, -13286907.9608 7498270.974, -13286873.0808 7498338.7907, -13286823.9148 7498392.4523, -13286791.8175 7498381.259, -13286750.8148 7498397.3905, -13286714.0795 7498366.7736, -13286617.0459 7498235.0903, -13286584.9489 7498226.5311, -13286530.5879 7498236.4072, -13286485.689 7498263.7313, -13286423.7212 7498246.6127, -13286387.7279 7498193.6106, -13286357.3005 7498173.2, -13286342.2723 7498123.8198, -13286350.6213 7498099.4589, -13286442.4599 7498084.6449, -13286517.6006 7498109.6641, -13286569.7352 7498108.3473, -13286587.5462 7498061.2719, -13286617.6026 7498028.3521, -13286673.6334 7498082.66969999, -13286752.1137 7498087.9369, -13286815.3802 7498029.6689, -13286816.679 7498127.77, -13286836.16 7498157.7274, -13286873.0809 7498118.8817, -13286912.0427 7497959.5502, -13286957.6835 7497919.0595, -13286980.8752 7497943.0905, -13287003.1391 7498087.2784, -13287065.2925 7498195.5858)), ((-13286769.7214 7497160.3111, -13286641.757 7497159.8336, -13286619.0734 7497090.3538, -13286654.0408 7497048.579, -13286700.1603 7497058.6497, -13286692.4426 7496991.0764, -13286708.894 7496971.3621, -13286719.7255 7497008.0328, -13286766.6831 7497046.5405, -13286758.9182 7497098.9462, -13286739.1089 7497130.5854, -13286769.7214 7497160.3111)))"
43,21001,414,2023-10-15 06:33:14,GWF023, ,3850.5,2023-05-25,1305,1 - non-corrected ground GPS,Wildfire,Under Control,2023/06/01 19:00:00,E,3851.0,1683386040000,Under Investigation,3,5cfa8fe0-ec6c-40d7-979c-c08620409ebf,117848039.039063,82983.5884350257,"POLYGON ((-13061670.5046 7395161.0976, -13061628.4105 7395161.0221, -13061640.4366 7394545.3015, -13061541.5705 7394509.8033, -13061463.4401 7394338.2877, -13061438.4417 7394231.6887, -13061498.2544 7394186.6163, -13061505.9646 7394084.9704, -13061337.906 7394020.1285, -13061178.4299 7394023.78320001, -13061205.1877 7393920.1029, -13061111.3056 7393766.8938, -13061032.9773 7393687.4318, -13060952.8231 7393522.6305, -13061092.0371 7393536.862, -13061377.2319 7393648.9416, -13061770.0299 7393715.6721, -13061812.8808 7393717.4511, -13061917.9366 7393641.351, -13061982.0768 7393631.4188, -13062203.1891 7393673.8931, -13062210.6193 7393648.1416, -13062152.9868 7393623.6731, -13062139.2589 7393591.048, -13062169.3423 7393581.1827, -13062169.0487 7393544.5752, -13062189.7032 7393526.7665, -13062230.6136 7393521.4726, -13062241.1935 7393478.4247, -13062228.36 7393443.8303, -13062212.0352 7393430.9161, -13062166.0452 7393434.8651, -13062109.8011 7393479.5336, -13062050.0017 7393441.6115, -13062099.4696 7393376.7742, -13062188.0827 7393354.0492, -13062187.8506 7393342.085, -13062142.9783 7393334.2277, -13062138.9063 7393287.8062, -13062176.0685 7393262.4101, -13062181.171 7393253.503, -13062165.2675 7393254.0086, -13062172.7062 7393245.3055, -13062197.6715 7393237.9501, -13062207.755 7393194.9085, -13062190.1965 7393185.4379, -13062134.485 7393211.9007, -13062132.2791 7393157.33649999, -13062124.1125 7393165.8957, -13062084.8188 7393146.7251, -13062038.0161 7393152.4899, -13062008.9962 7393136.3985, -13061995.3643 7393119.2995, -13062026.0651 7393054.8117, -13061991.3075 7393054.1766, -13062004.6229 7393036.766, -13061997.4926 7393027.0786, -13061919.0623 7393005.4112, -13062017.3095 7392953.5673, -13061982.0728 7392962.7385, -13061916.0669 7392914.985, -13061935.3948 7392888.4622, -13061918.6885 7392873.5238, -13061915.3133 7392839.1257, -13061955.7736 7392790.8917, -13061983.0498 7392710.838, -13061611.8457 7392855.8102, -13061575.0031 7392847.4668, -13061555.2689 7392758.6926, -13061531.0068 7392762.3504, -13061531.1 7392734.6722, -13061508.8922 7392714.0975, -13061496.6936 7392662.2197, -13061529.9363 7392616.4225, -13061514.5891 7392594.0312, -13061483.6845 7392605.8038, -13061480.2652 7392584.8941, -13061380.5179 7392590.6586, -13061368.4059 7392639.45049999, -13061402.3191 7392637.3326, -13061441.2536 7392660.8683, -13061427.8214 7392673.7326, -13061360.2758 7392641.9984, -13061207.1984 7392632.3711, -13061282.9394 7392562.1508, -13061268.0157 7392538.8966, -13061236.0781 7392543.6154, -13061217.4705 7392561.8465, -13061214.9886 7392512.2349, -13061202.4086 7392519.6333, -13061187.5163 7392490.4523, -13061169.521 7392585.3464, -13061074.1734 7392582.0056, -13061036.8987 7392549.2311, -13061056.8679 7392446.8355, -13061044.0787 7392405.1928, -13060922.8402 7392315.4093, -13060764.68 7392313.7065, -13060983.4438 7392713.5209, -13060949.1576 7392809.3689, -13060965.5787 7392858.6475, -13060923.3221 7392891.919, -13060925.1053 7392906.9235, -13060958.0848 7392934.4459, -13061016.4393 7392939.5833, -13061041.2365 7393048.1368, -13061083.6148 7393110.6824, -13060787.9829 7392982.1442, -13060615.3945 7393180.2728, -13060606.9204 7393156.1828, -13060563.0079 7393150.1023, -13060612.284 7393127.0509, -13060567.7216 7393098.4635, -13060570.712 7393083.4121, -13060613.2136 7393041.8224, -13060630.3299 7393062.4617, -13060637.5834 7393011.3952, -13060664.9177 7392978.5488, -13060645.4749 7392950.8094, -13060653.4156 7392936.0566, -13060729.7668 7392912.5536, -13060742.2053 7392878.76780001, -13060784.6748 7392850.651, -13060801.6044 7392815.5731, -13060753.5062 7392790.7822, -13060716.2841 7392794.8312, -13060675.0651 7392773.1026, -13060657.6942 7392780.3041, -13060647.3542 7392741.7812, -13060671.972 7392735.1408, -13060682.845 7392708.4908, -13060664.876 7392709.3818, -13060641.4472 7392682.503, -13060609.0159 7392694.8131, -13060578.1899 7392686.5449, -13060578.3215 7392628.2088, -13060515.8239 7392595.0161, -13060514.9019 7392577.7941, -13060542.1571 7392549.3247, -13060527.5858 7392487.4772, -13060556.5301 7392421.8171, -13060551.6317 7392378.4703, -13060577.249 7392374.5647, -13060568.0827 7392336.6211, -13060583.6532 7392319.7089, -13060583.4349 7392270.7943, -13060541.4086 7392268.1789, -13060504.4273 7392247.7859, -13060415.1386 7392270.2604, -13060400.0442 7392246.3716, -13060328.4274 7392208.4933, -13060311.8096 7392216.3173, -13060285.7749 7392195.2523, -13060247.164 7392207.899, -13060229.7164 7392196.0009, -13060239.7983 7391835.0209, -13060221.2032 7391696.909, -13060245.0698 7391331.5807, -13060239.0688 7391114.7659, -13060246.2311 7391043.6828, -13060293.8867 7390918.8689, -13060302.0799 7390848.7299, -13060333.4842 7390824.8159, -13060367.9222 7390862.7206, -13060400.3479 7390859.2923, -13060422.4329 7390833.4332, -13060427.1257 7390750.9503, -13060450.4975 7390711.7339, -13060554.057 7390657.4371, -13060666.5802 7390641.8683, -13060714.9319 7390620.662, -13060805.4508 7390551.9445, -13060842.4308 7390485.7368, -13060934.5925 7390467.2909, -13060975.9633 7390438.7634, -13061057.7383 7390470.9416, -13061126.9969 7390384.1038, -13061294.5298 7390383.7946, -13061328.6154 7390474.8226, -13061383.0899 7390507.1246, -13061405.2144 7390493.3318, -13061395.8748 7390440.0824, -13061404.5775 7390413.2829, -13061451.3421 7390441.5235, -13061510.1842 7390415.22, -13061481.5796 7390467.4984, -13061497.4687 7390470.4663, -13061496.9796 7390487.9373, -13061549.2199 7390483.017, -13061555.7907 7390559.4528, -13061588.4855 7390551.1329, -13061601.496 7390506.0377, -13061676.2684 7390501.369, -13061691.9342 7390507.1137, -13061686.1475 7390527.8646, -13061714.9803 7390541.8682, -13061688.4961 7390550.8298, -13061712.8204 7390575.9987, -13061668.7085 7390593.3591, -13061701.1158 7390599.9503, -13061754.1019 7390568.6968, -13061776.9852 7390594.1234, -13061755.1953 7390593.10059999, -13061746.4302 7390610.0921, -13061724.1341 7390598.5421, -13061721.8959 7390611.2048, -13061702.7928 7390605.7076, -13061683.7179 7390618.6918, -13061765.1163 7390686.8251, -13061757.6158 7390709.2509, -13061726.968 7390703.3271, -13061778.2909 7390752.1082, -13061755.3971 7390781.6029, -13061761.3079 7390796.9031, -13061791.8309 7390780.7211, -13061828.8706 7390782.8912, -13061820.6731 7390839.4457, -13061794.9512 7390831.7943, -13061777.5997 7390860.1074, -13061732.4864 7390874.1936, -13061707.7578 7390842.6655, -13061711.6846 7390858.1007, -13061681.2128 7390881.9567, -13061667.8889 7390874.4938, -13061666.8584 7390822.5625, -13061653.1609 7390805.9242, -13061626.035 7390807.1824, -13061613.7138 7390832.0124, -13061627.3113 7391734.978, -13061715.2879 7391737.6645, -13061748.1102 7391757.4179, -13061775.2467 7391796.9942, -13061812.71 7391814.9883, -13061841.5194 7391811.9393, -13061867.2095 7391748.3994, -13061943.7528 7391688.6298, -13062249.7126 7391588.4155, -13062315.2147 7391585.2312, -13062369.3717 7391612.6809, -13062484.753 7391759.8694, -13062650.1469 7391860.0894, -13062613.8158 7391714.0734, -13062650.2744 7391559.8803, -13062749.5649 7391417.4797, -13062893.2249 7391357.0181, -13063095.0661 7391322.3787, -13063106.0125 7391256.917, -13063178.9191 7391140.0454, -13063290.3664 7391059.2863, -13063434.5753 7391024.936, -13063569.005 7391047.507, -13063580.2379 7390980.3065, -13063653.1348 7390863.4347, -13063764.5731 7390782.6717, -13063908.7747 7390748.314, -13064054.9595 7390772.8496, -13064190.484 7390857.74099999, -13064264.3083 7390950.6035, -13064292.7799 7391042.9935, -13064470.4737 7391152.8502, -13064602.6178 7391213.3781, -13064838.5441 7391266.0608, -13065080.0371 7391255.7441, -13065235.9766 7391214.037, -13065396.25 7391137.6166, -13065780.4827 7390833.3628, -13066087.8523 7390758.2006, -13066266.0869 7390682.5628, -13066424.7307 7390571.43729999, -13066516.1405 7390479.9799, -13066592.513 7390378.8477, -13066704.4067 7390297.6901, -13066848.5855 7390263.2802, -13066994.7697 7390287.7588, -13067111.4069 7390360.7583, -13067192.0371 7390472.3997, -13067226.3809 7390616.8988, -13067193.8779 7390888.1821, -13067202.7924 7391017.3291, -13067229.3704 7391143.3075, -13067473.614 7391201.32810001, -13067572.7586 7391260.5027, -13067734.0322 7391310.5915, -13067851.4028 7391327.4645, -13068223.7458 7391288.1302, -13068416.0402 7391204.4716, -13068560.0077 7391106.151, -13068704.1923 7391071.7028, -13068852.2219 7391093.4943, -13068967.0638 7391169.1276, -13069113.9575 7391353.6645, -13069176.7903 7391393.0912, -13069344.1288 7391333.7936, -13069497.0996 7391243.5831, -13069630.0809 7391125.7768, -13069729.4913 7390998.3521, -13069841.2445 7390917.2138, -13070156.1385 7390838.9034, -13070366.9009 7390762.5287, -13070496.9394 7390697.6046, -13070615.2404 7390613.0917, -13070754.5301 7390467.3352, -13070875.37 7390379.5899, -13071019.5307 7390345.1022, -13071326.2316 7390394.59089999, -13071519.7762 7390394.63, -13071662.6228 7390368.1235, -13071830.6746 7390304.9574, -13072029.1512 7390257.4491, -13072175.3497 7390281.8297, -13072292.0347 7390354.7506, -13072468.6985 7390564.1256, -13072733.21 7390746.2207, -13072820.2513 7390861.7683, -13072864.3043 7391027.7452, -13072917.4856 7391152.1306, -13073074.7778 7391114.4572, -13073314.9823 7391079.7832, -13073536.6309 7390983.1805, -13073667.1889 7390888.1001, -13073769.0089 7390784.2397, -13073853.3608 7390665.6958, -13073924.0887 7390520.3204, -13073974.1586 7390332.9532, -13073984.9701 7390155.4296, -13073961.785 7389979.104, -13073869.3244 7389655.2965, -13073885.6961 7389511.7316, -13073956.1592 7389385.667, -13074109.573 7389265.5106, -13074297.9258 7389155.4841, -13074460.1911 7388998.3863, -13074586.4044 7388791.8814, -13074654.9826 7388559.6805, -13074662.8085 7388333.7247, -13074577.0922 7387907.9816, -13074585.4996 7387766.1151, -13074576.4675 7387637.0324, -13074463.8874 7387215.1858, -13074499.4642 7386852.7184, -13074756.3502 7386812.465, -13074946.1843 7386837.3785, -13075111.6614 7386933.8849, -13075256.9516 7387077.2075, -13075419.2335 7387182.7585, -13075646.9839 7387263.5047, -13076042.639 7387318.2953, -13076174.6288 7387396.3063, -13076255.3558 7387507.8092, -13076304.2089 7387702.5228, -13076291.4187 7387871.0009, -13076444.6716 7387891.0826, -13076628.3674 7388013.0596, -13076758.3685 7388077.9419, -13076928.5006 7388128.3573, -13077182.5117 7388163.3903, -13077307.1266 7388236.0177, -13077394.0524 7388351.2719, -13077432.4379 7388501.7982, -13077434.7337 7388631.1984, -13077458.7871 7388774.7493, -13078757.5064 7388855.5698, -13078659.7109 7389262.6894, -13078707.9299 7389503.7849, -13078682.213 7389699.8759, -13078781.8659 7390008.4783, -13078605.0624 7390294.5783, -13078373.6109 7390455.3085, -13077669.612 7390648.1848, -13077528.1692 7390869.9929, -13077332.0782 7391673.6446, -13077377.0826 7391953.3153, -13077367.439 7392220.1277, -13077332.0782 7392236.2005, -13077734.6907 7392275.3626, -13077859.3771 7392348.018, -13077946.3579 7392463.3258, -13077982.1124 7392603.3661, -13077966.1322 7392765.3475, -13077977.4968 7392926.7272, -13078103.4862 7393367.2013, -13078041.3438 7393723.1825, -13078032.4148 7393852.3725, -13078049.5481 7394029.4786, -13078129.1355 7394347.4431, -13078108.1031 7394490.4855, -13078033.5382 7394614.2673, -13077875.4134 7394740.9026, -13077751.0298 7394889.65339999, -13077672.835 7395031.237, -13077609.5872 7395215.4467, -13077536.8626 7395332.5119, -13077425.5064 7395413.5186, -13077260.5599 7395444.7076, -13077072.1397 7395408.2402, -13076782.2441 7395047.7618, -13076720.4471 7395200.5004, -13076679.569 7395388.5959, -13076601.7557 7395513.819, -13076490.3869 7395594.8144, -13076346.1555 7395629.4283, -13076014.4301 7395587.0389, -13075885.5026 7395596.1251, -13075745.0019 7395625.5313, -13075598.6922 7395601.2033, -13075483.0965 7395539.52179999, -13075361.6318 7395495.2596, -13075170.8944 7395461.6134, -13074993.3746 7395466.322, -13074796.0782 7395509.44609999, -13074617.8202 7395585.3273, -13074471.4881 7395686.16529999, -13074367.8202 7395788.3032, -13074288.767 7395893.7945, -13073940.1299 7396158.5099, -13073853.6526 7396254.7888, -13073779.7471 7396363.8198, -13073629.763 7396472.8154, -13073454.3767 7396536.1139, -13073339.2065 7396594.9345, -13073172.787 7396722.9256, -13073039.3559 7396885.15559999, -13072840.2111 7397229.4444, -13072728.778 7397310.4045, -13072666.9666 7397325.2074, -13072692.1694 7397525.8308, -13072795.6792 7397683.9828, -13072822.0461 7397826.1998, -13072788.1562 7397983.1453, -13072641.0419 7398212.1294, -13072554.5057 7398413.4875, -13072479.2553 7398529.3728, -13072349.7855 7398623.9982, -13072225.9589 7398653.4808, -13072227.2627 7399263.132, -13072297.6763 7400125.9281, -13072288.7298 7400195.3524, -13072233.9908 7400244.5904, -13072109.7438 7400269.4397, -13071897.3332 7400349.7748, -13071833.5034 7400346.0812, -13071809.1026 7400331.9323, -13071790.3566 7400277.3027, -13071817.099 7400121.1923, -13071721.8351 7400000.6762, -13071669.7502 7399958.5078, -13071527.626 7399928.6564, -13071367.0667 7399846.8077, -13071053.1713 7399890.2564, -13070638.7821 7399731.506, -13070356.8756 7399652.1578, -13070255.7491 7399636.4771, -13069673.451 7399710.802, -13069565.9159 7399703.7032, -13069525.0052 7399662.055, -13069522.0569 7399635.981, -13069613.5812 7399470.2492, -13069618.4886 7399438.3312, -13069591.3265 7399385.8934, -13069445.4717 7399274.3561, -13069351.2165 7399174.2898, -13069301.02 7399145.34610001, -13068918.1751 7399093.21720001, -13068856.7767 7399071.0869, -13068809.9213 7399024.9305, -13068797.5935 7398993.24979999, -13068801.5432 7398874.029, -13068736.273 7398825.7308, -13068651.9715 7398986.295, -13068709.5374 7399180.7527, -13068687.3372 7399330.4874, -13068637.5383 7399448.1651, -13068601.3915 7399584.4067, -13068509.7904 7399769.2132, -13068463.6358 7399940.0392, -13068390.7292 7400057.0923, -13068279.2087 7400138.0191, -13068134.8544 7400172.5021, -13067991.505 7400148.52310001, -13067856.7132 7400063.6463, -13067773.6389 7399953.2235, -13067751.96 7399883.8813, -13067761.9939 7399785.80699999, -13067682.9475 7399772.6834, -13067560.7058 7399695.7025, -13067450.3843 7399538.49449999, -13067434.7103 7399490.336, -13067414.5819 7399305.8612, -13067448.1681 7399104.2993, -13067521.0803 7398987.2694, -13067632.5927 7398906.3653, -13067776.9259 7398871.8976, -13067893.0551 7398891.3272, -13067900.129 7398848.8589, -13067973.0321 7398731.8286, -13067961.0997 7398603.0525, -13067726.8408 7398527.8342, -13067660.1121 7398478.8324, -13067637.5553 7398442.8787, -13067581.4537 7398234.9097, -13067547.613 7398180.7448, -13067501.7103 7398173.8834, -13067409.7423 7398228.3522, -13067339.6669 7398217.8017, -13067282.6631 7398170.6549, -13067220.2102 7398009.1974, -13067141.7952 7397917.7253, -13067067.3434 7397878.4493, -13066887.3219 7397824.2623, -13066811.3946 7397760.9047, -13066708.8776 7397535.8087, -13066660.1971 7397471.5033, -13066590.426 7397435.7136, -13066490.7686 7397412.0739, -13066434.7854 7397414.8842, -13066378.6878 7397377.1619, -13066254.2958 7397348.545, -13066274.0736 7397185.0289, -13066306.1267 7397084.4085, -13066290.7804 7397057.4199, -13066244.0256 7397084.5795, -13066192.6447 7397180.8052, -13066123.6299 7397245.4131, -13066106.482 7397243.117, -13066053.8533 7397178.5675, -13065978.1808 7397228.8644, -13065976.7068 7397324.3844, -13065998.1694 7397368.0839, -13065972.3409 7397392.1542, -13065915.1691 7397400.2589, -13065922.8787 7397331.471, -13065905.2792 7397082.3771, -13065880.0573 7397034.5345, -13065896.6806 7396788.1403, -13065890.5445 7396704.1853, -13065858.9806 7396628.9505, -13065802.0005 7396574.1974, -13065684.5119 7396555.1609, -13064812.3417 7396543.7125, -13064792.6672 7396692.2753, -13064733.9283 7396708.2047, -13064654.9374 7396663.9567, -13064622.5012 7396695.9974, -13064615.8731 7396679.6393, -13064564.6706 7396668.35149999, -13064537.6155 7396635.0806, -13064521.9056 7396643.2605, -13064509.7786 7396621.3786, -13064527.9326 7396573.2757, -13064551.6427 7396573.8062, -13064498.3526 7396543.6302, -13064488.8454 7396523.7867, -13064492.6806 7396134.1041, -13064468.8273 7396013.0166, -13064451.2866 7396006.534, -13064420.2246 7396024.3825, -13064334.1105 7396000.2236, -13064334.1196 7396018.9725, -13064363.2149 7396055.2727, -13064324.5592 7396024.496, -13064308.8218 7396049.7504, -13064265.6471 7396006.3076, -13064254.3018 7396012.3783, -13064236.1403 7395957.1271, -13064223.2496 7395963.3924, -13064192.1889 7395925.4098, -13064156.5962 7395912.745, -13064045.8396 7395918.5309, -13064021.8611 7395937.6547, -13064024.4659 7395959.0245, -13063989.9376 7395931.4211, -13063867.7629 7395927.1874, -13063852.3822 7395916.2085, -13063720.5362 7395923.0837, -13063705.9228 7395975.2624, -13063686.667 7395992.3377, -13063704.6877 7395995.9747, -13063707.4238 7396019.9569, -13063698.0946 7396101.9082, -13063721.622 7396090.9478, -13063752.6908 7396104.7327, -13063734.4536 7396174.994, -13063721.5214 7396177.3865, -13063711.8648 7396161.9957, -13063688.0006 7396166.2872, -13063662.8997 7396102.2505, -13063674.2414 7396080.2911, -13063644.2398 7396055.1327, -13063632.7661 7396000.9759, -13063591.1474 7395921.1849, -13063463.0899 7395922.8972, -13063423.6879 7395903.1407, -13063468.1282 7395884.2219, -13063911.9742 7395902.7954, -13063983.6839 7395870.1789, -13064105.0307 7395861.6359, -13064209.1515 7395892.9988, -13064260.9528 7395893.3645, -13064380.7329 7395860.3672, -13064390.8248 7395830.7833, -13064376.595 7395564.9107, -13064365.4061 7395464.3801, -13064348.1558 7395427.7508, -13064299.1453 7395411.2909, -13064160.8383 7395442.0294, -13063934.6087 7395425.6084, -13063851.7206 7395455.3913, -13063763.2741 7395454.62259999, -13063705.8207 7395440.479, -13063690.0761 7395408.0743, -13063712.0476 7395392.8381, -13063772.8332 7395403.8121, -13063891.7208 7395385.7333, -13063946.8482 7395397.2701, -13063964.7487 7395384.1167, -13063961.0598 7395355.4105, -13063926.0054 7395365.1863, -13063875.8361 7395353.6683, -13063847.3248 7395309.9494, -13064086.2934 7395313.9694, -13064271.3443 7395291.2303, -13064293.9461 7395261.4287, -13064285.0974 7395217.6552, -13064293.9153 7395196.1081, -13064321.8918 7395187.0353, -13064359.7319 7395220.7136, -13064377.0174 7395202.5216, -13064373.4435 7395181.8989, -13064320.1373 7395169.8913, -13064290.2219 7395128.7039, -13064239.7777 7395163.504, -13064115.7014 7395155.5202, -13064080.2971 7395099.6864, -13064035.2369 7395076.422, -13064026.9141 7395000.4764, -13063970.5979 7394975.3586, -13063789.7392 7395158.2756, -13063659.5427 7395367.1189, -13063542.8615 7395452.1932, -13063459.1136 7395472.0323, -13063475.5556 7395561.31710001, -13063441.4857 7395718.1789, -13063391.8712 7395794.3889, -13063262.3334 7395888.8304, -13062914.0455 7395973.2333, -13062695.3668 7396072.5247, -13062548.5777 7396107.2804, -13062406.2285 7396083.5468, -13062283.1377 7396005.9127, -13062204.9886 7395897.5655, -13062140.034 7395679.0223, -13062049.3459 7395507.5124, -13061947.8964 7395381.5959, -13061813.5743 7395266.2129, -13061717.8439 7395161.1822, -13061670.5046 7395161.0976))"
44,21005,1222,2023-10-15 06:33:14,HWF102, ,1158.0,2023-07-24,1440,1 - non-corrected ground GPS,Wildfire,Under Control,2023/08/03 18:00:00,E,1166.5,1688380260000,Lightning,5,d7734c0a-6163-4f91-b751-663a44b58976,42843626.640625,37399.9961386896,"MULTIPOLYGON (((-12898203.1326 8123881.5909, -12898088.6667 8123894.6192, -12897991.459 8123859.3544, -12897897.1203 8123850.49319999, -12897840.6351 8123879.74369999, -12897807.2141 8123964.324, -12897761.0879 8124002.3695, -12897680.1259 8124009.5628, -12897589.3224 8123973.7444, -12897547.3448 8123983.7634, -12897513.7825 8124041.1958, -12897551.9298 8124163.56759999, -12897551.6544 8124218.2557, -12897508.2039 8124276.3524, -12897456.5408 8124286.207, -12897375.6341 8124258.9045, -12897245.2302 8124093.1474, -12897207.1356 8124107.6666, -12897092.4629 8124064.1289, -12896948.2148 8123976.2034, -12896823.3727 8123924.66489999, -12896693.7351 8123909.4833, -12896544.786 8123930.171, -12896557.669 8123896.9993, -12896451.1762 8123929.7893, -12896340.3066 8123989.8686, -12896263.729 8123991.1485, -12896179.6295 8123948.2629, -12896065.7659 8123858.36640001, -12895973.5357 8123666.2326, -12895906.7301 8123587.3759, -12895847.1324 8123568.5917, -12895692.1299 8123619.8787, -12895607.7138 8123570.0898, -12895571.7945 8123501.7319, -12895474.2596 8123207.3087, -12895465.2101 8123116.29420001, -12895486.6881 8122853.6739, -12895460.9419 8122738.9925, -12895307.46 8122477.0213, -12895142.3688 8122331.42629999, -12895101.5682 8122265.5464, -12895065.4228 8121943.0465, -12894958.8009 8121718.9632, -12894948.8804 8121638.3417, -12894958.9435 8121469.5185, -12895024.1721 8121226.4477, -12895036.3306 8120987.1054, -12895067.4053 8120877.4548, -12895117.714 8120772.9749, -12895121.1243 8120698.8767, -12895133.019 8120701.1179, -12895097.8545 8120626.2731, -12894984.94 8120514.4965, -12894970.0415 8120442.5493, -12895014.9818 8120345.3713, -12895156.0723 8120210.7729, -12895164.8346 8120141.792, -12895092.699 8119994.5771, -12895052.0248 8119865.4046, -12895021.1798 8119597.4014, -12895039.7994 8119303.1935, -12894998.7886 8119238.0125, -12894779.6935 8119046.2697, -12894728.5225 8118950.9584, -12894713.0407 8118866.5629, -12894787.631 8118622.1406, -12894743.6139 8118494.9748, -12894745.6419 8118451.6123, -12894794.8786 8118377.9583, -12894986.8341 8118222.7524, -12895008.6202 8118165.0637, -12895023.2262 8117950.5082, -12895082.4624 8117824.3436, -12895189.5427 8117713.5194, -12895423.4003 8117568.3921, -12895601.0663 8117429.8654, -12895675.2511 8117346.9713, -12895755.5971 8117204.2058, -12895780.532 8117100.9582, -12895776.2634 8116997.1571, -12895672.5923 8116697.547, -12895664.5501 8116595.7095, -12895676.9402 8116547.6035, -12895759.9134 8116424.9334, -12895919.2861 8116295.74, -12895975.8328 8116217.889, -12895987.8771 8116120.8962, -12895967.0426 8115916.5308, -12896001.7936 8115829.2217, -12896184.4107 8115676.6624, -12896274.3314 8115563.8423, -12896315.6069 8115416.2591, -12896306.899 8115093.3861, -12896357.5691 8114947.5086, -12896450.014 8114835.0288, -12896593.3591 8114715.9833, -12896680.3088 8114690.451, -12896851.8647 8114683.7391, -12896961.3274 8114625.9176, -12897127.4791 8114276.6743, -12897075.5781 8114308.8272, -12897094.5162 8114269.6257, -12897225.9882 8114090.1198, -12897254.9005 8113918.8386, -12897289.6025 8113830.4047, -12897382.3704 8113716.4009, -12897512.9867 8113639.1459, -12897973.6075 8113430.2274, -12898115.087 8113321.3216, -12898282.5657 8113114.9175, -12898455.4853 8113014.9607, -12898648.715 8112860.4973, -12898747.7974 8112851.18419999, -12898857.8862 8112868.5341, -12898956.2218 8112918.1961, -12899042.0197 8113048.1372, -12899062.2433 8113200.5375, -12899019.0957 8113413.8746, -12899016.4961 8113523.949, -12899054.2649 8113621.33649999, -12899127.9221 8113691.7201, -12899280.1388 8113730.3527, -12899837.1367 8113693.2848, -12900083.1228 8113721.1546, -12900329.2745 8113704.88759999, -12900390.7985 8113737.7856, -12900444.1554 8113823.6319, -12900517.3719 8114146.7368, -12900614.565 8114318.0702, -12900642.8453 8114407.281, -12900593.4571 8114727.337, -12900559.6647 8115077.8135, -12900527.2899 8115213.5351, -12900480.3768 8115289.4709, -12900413.5156 8115338.298, -12900335.6168 8115359.2817, -12900153.6128 8115351.549, -12900047.7175 8115365.8853, -12899969.4188 8115403.5789, -12899906.5247 8115463.0603, -12899861.8211 8115585.6977, -12899874.7658 8115769.8651, -12899858.7666 8115860.021, -12899810.0157 8115936.4172, -12899634.461 8116093.40609999, -12899552.5779 8116209.9241, -12899482.3125 8116574.1946, -12899417.9975 8116803.2933, -12899450.7343 8116894.7266, -12899541.4501 8116950.7094, -12899660.0343 8116957.7881, -12899906.6356 8116895.5701, -12900038.1521 8116889.4159, -12900124.5766 8116908.1145, -12900272.587 8116993.8976, -12900349.1466 8117087.7456, -12900362.506 8117158.4465, -12900333.8355 8117300.7975, -12900240.5181 8117565.6461, -12900249.6565 8117639.8164, -12900296.4459 8117694.2344, -12900328.9545 8117708.43, -12900609.5663 8117733.4686, -12900641.2314 8117773.5848, -12900662.2367 8117890.3952, -12900613.7241 8118015.6313, -12900621.3213 8118031.7248, -12900558.2694 8118063.3393, -12900536.2395 8118099.1002, -12900536.3451 8118167.6464, -12900557.2572 8118234.7253, -12900539.0606 8118342.1594, -12900505.9077 8118407.6116, -12900447.6151 8118453.3399, -12900425.0091 8118598.098, -12900389.2796 8118668.5303, -12900398.7579 8118699.5967, -12900455.7625 8118748.1899, -12900555.8035 8118757.1083, -12900569.9244 8118772.9173, -12900602.2868 8118871.5112, -12900559.8619 8118921.3949, -12900559.834 8118953.9504, -12900531.0341 8118986.0925, -12900487.5423 8119004.2425, -12900378.0502 8118972.3747, -12900290.6345 8119014.1082, -12900224.5972 8119068.2037, -12900179.6341 8119074.6842, -12900109.0771 8119028.8061, -12900023.5424 8118852.9978, -12899864.7177 8118911.9141, -12899881.9334 8119028.8284, -12899798.8869 8119206.596, -12899784.2444 8119268.4895, -12899743.8756 8119306.2189, -12899615.1144 8119263.2759, -12899589.6032 8119297.8038, -12899602.8355 8119343.5529, -12899642.5698 8119381.2503, -12899613.8677 8119442.3017, -12899614.1656 8119509.7548, -12899582.4809 8119520.9797, -12899440.7412 8119493.744, -12899407.1786 8119550.3535, -12899322.9097 8119577.6388, -12899289.9979 8119613.7939, -12899307.9399 8119826.9433, -12899266.5636 8119955.7861, -12899054.6471 8120181.9918, -12899073.1518 8120260.8552, -12899035.3478 8120362.3247, -12899107.7899 8120416.3853, -12899082.7689 8120506.6576, -12899116.7752 8120582.7757, -12899044.7528 8120634.1404, -12899021.4977 8120696.6096, -12898950.6001 8120776.5605, -12898787.6548 8120839.0753, -12898759.8482 8120880.47469999, -12898810.4675 8120950.73619999, -12898797.7843 8121014.7604, -12898819.7768 8121030.82, -12898851.1304 8121013.9817, -12898875.147 8121019.2565, -12898965.9171 8121133.1345, -12899023.1715 8121256.0055, -12898947.8822 8121446.6416, -12898957.9016 8121491.3129, -12899036.2086 8121570.1165, -12899060.7141 8121642.3596, -12899050.6312 8121734.9467, -12899085.9369 8121812.8476, -12899066.2158 8121869.3091, -12899067.6678 8121930.0234, -12899010.2463 8122022.196, -12898991.5337 8122035.7842, -12898953.9886 8122004.8379, -12898908.2243 8122014.1438, -12898796.0408 8122200.09089999, -12898718.4334 8122247.54389999, -12898674.7242 8122304.6637, -12898654.1959 8122374.9724, -12898666.7347 8122402.6148, -12898735.6525 8122451.4217, -12898745.1574 8122551.3523, -12898775.3218 8122623.3128, -12898762 8122740.4227, -12898701.8616 8122874.7273, -12898646.57 8122948.381, -12898611.7621 8123066.0711, -12898613.3384 8123129.3025, -12898517.5513 8123139.014, -12898498.7443 8123157.8379, -12898544.8373 8123281.9628, -12898604.6093 8123290.795, -12898649.3694 8123315.27, -12898668.6885 8123305.304, -12898684.2408 8123329.6761, -12898718.4604 8123308.0684, -12898829.0592 8123480.3813, -12899170.7339 8123797.67, -12899292.0725 8123947.14280001, -12899189.7446 8123919.4325, -12898902.3729 8123708.1402, -12898796.4981 8123729.4211, -12898773.9121 8124055.86949999, -12898745.6854 8124169.34130001, -12898648.0166 8124309.0686, -12898611.4645 8124333.9499, -12898564.1963 8124342.0312, -12898489.3684 8124318.2099, -12898402.2724 8124216.7016, -12898338.4598 8124071.6177, -12898308.876 8123927.3573, -12898203.1326 8123881.5909)), ((-12894377.0623 8118270.9435, -12894318.8989 8118260.1569, -12894302.7968 8118241.6439, -12894293.8027 8118210.0996, -12894306.9253 8118095.94, -12894285.6735 8118058.3185, -12894302.0223 8118024.7152, -12894288.449 8118018.4996, -12894270.7603 8118035.5924, -12894262.7402 8117999.8763, -12894301.3877 8117957.0983, -12894333.9673 8117947.4927, -12894334.677 8117927.4217, -12894394.5278 8117895.1998, -12894407.649 8117907.5859, -12894437.0751 8117874.6148, -12894509.3286 8117868.7592, -12894549.7317 8117907.5641, -12894532.4261 8118023.7999, -12894496.604 8118062.9457, -12894487.8939 8118096.0041, -12894538.1564 8118196.1082, -12894477.4852 8118289.5145, -12894437.0799 8118314.6359, -12894377.0623 8118270.9435)))"
45,21007,151,2023-10-15 06:33:14,EWF037, ,578.4,2023-05-10,2000,0 - hand sketch of any type,Wildfire,Under Control,2023/06/24 16:34:00,E,578.0,1683370200000,Lightning,5,076f8a8c-2fa6-4d4f-9a6b-d60a4b0964d8,16642897.171875,33780.03528017,"POLYGON ((-13096555.3006 7154849.8464, -13096710.3104 7154728.5477, -13097111.9685 7154668.4966, -13097506.6184 7154721.1453, -13097712.0698 7154814.6315, -13097818.1056 7155249.2431, -13097797.1114 7155587.435, -13097629.1837 7155897.4265, -13097499.3416 7156026.0313, -13097352.2815 7156048.0282, -13097328.5842 7156100.3461, -13097115.9526 7156175.8187, -13096955.5952 7156208.8326, -13096486.4538 7156266.9153, -13096377.8711 7156243.9878, -13096320.5658 7156151.6523, -13096096.8797 7155930.5742, -13096001.2473 7155893.661, -13095840.8907 7155926.6509, -13095522.1766 7156046.5346, -13095235.7863 7155949.2478, -13095136.6557 7155817.9773, -13095089.8133 7155644.2692, -13095123.1487 7155454.0792, -13095103.7005 7155292.8534, -13094576.8199 7155245.0027, -13094278.5207 7155188.6214, -13094159.5044 7155247.0283, -13093785.5132 7155328.3981, -13093537.0191 7155162.1745, -13093389.1169 7155167.6584, -13093246.1846 7155307.9116, -13092969.282 7155466.6209, -13092787.9825 7155662.2762, -13092612.6811 7155655.2629, -13092489.1831 7155592.3463, -13092458.8203 7155498.9954, -13092386.633 7155366.7032, -13092288.5472 7155262.3599, -13092152.6024 7155226.8922, -13092034.1467 7154934.3663, -13091961.9718 7154802.0793, -13091827.52 7154807.0375, -13091670.6261 7154934.275, -13091661.1349 7155042.58600001, -13091478.3298 7155197.7692, -13091294.0366 7155312.5185, -13091134.6568 7155372.3654, -13090936.4149 7155474.1258, -13090834.7587 7155639.815, -13090869.54 7155854.4798, -13091049.7783 7155996.318, -13091428.2777 7156036.3781, -13091751.5073 7156037.9668, -13091983.5756 7156123.88799999, -13092096.6013 7156268.187, -13092077.628 7156484.8478, -13091971.0337 7156515.7764, -13091148.7221 7156492.0783, -13090921.5832 7156540.924, -13090638.1845 7156524.3403, -13090405.626 7156424.89549999, -13090322.4767 7156360.4584, -13090314.6028 7156144.791, -13090385.9364 7155885.7337, -13090431.3565 7155654.6274, -13090410.5265 7155452.9505, -13090336.8974 7155280.2066, -13090238.8393 7155175.8384, -13089936.1482 7154997.9975, -13089889.916 7154837.7509, -13089978.1371 7154672.583, -13089998.1475 7154482.9282, -13089817.9626 7154341.0917, -13089584.9882 7154228.1727, -13089301.184 7154198.0684, -13089084.1142 7154152.0235, -13088839.1792 7154080.0026, -13088517.0055 7154105.2445, -13088345.1605 7154192.4675, -13088182.85 7154171.3905, -13088056.4811 7154027.5606, -13087994.897 7153813.9093, -13087907.4049 7153628.1911, -13087780.0747 7153457.417, -13087587.4836 7153342.9843, -13087158.2758 7153385.5483, -13086798.709 7153493.0287, -13086423.7476 7153547.0806, -13086272.4734 7153458.1046, -13086050.1095 7153263.7581, -13086030.3675 7153089.0764, -13086184.4098 7152881.13610001, -13086461.8486 7152736.1899, -13086703.8077 7152727.4319, -13087136.3872 7152779.2117, -13087724.9176 7152676.8985, -13088235.7108 7152658.319, -13088539.4976 7152498.8527, -13088789.0175 7152327.8668, -13089161.4541 7152206.3495, -13089460.098 7152276.3789, -13090620.3068 7152719.5457, -13090722.2788 7152931.6648, -13090946.7169 7153179.7646, -13091124.9218 7153267.658, -13091563.0945 7153103.1191, -13091858.3308 7153078.7477, -13092131.6296 7153190.0951, -13092253.5275 7153576.8765, -13092532.7968 7153849.9143, -13092842.943 7154229.75990001, -13092911.6526 7154267.6995, -13093038.6088 7154424.9297, -13093328.8946 7154630.088, -13093575.8748 7154755.8783, -13093896.5605 7154689.9981, -13094135.0773 7154586.6755, -13094545.9017 7154773.8186, -13095455.7167 7154982.8185, -13095699.2324 7155014.21, -13095899.4054 7154966.2426, -13096555.3006 7154849.8464))"
46,21018,419,2023-10-15 06:33:14,WCU002, ,2477.3,2023-05-25,1600,2 - non-corrected airborne GPS,Mutual Aid,Under Control,2023/06/27 20:00:00,E,2478.0,1682797020000,,3,dbfc70d0-b727-468b-852a-7afc002ea620,70446512.0078125,53452.0746449197,"POLYGON ((-12814882.6244 7101237.9881, -12815094.75 7101398.8291, -12815239.246 7101483.2435, -12815553.031 7101615.1816, -12815927.5417 7101713.6844, -12816266.7949 7102043.8977, -12816255.5935 7102150.4692, -12816286.5914 7102280.0454, -12816357.3774 7102401.5023, -12816454.1782 7102523.8855, -12816575.0633 7102643.2576, -12816715.7883 7102756.3001, -12817042.028 7102963.7469, -12817286.7117 7103074.2627, -12817744.5114 7103206.4581, -12818403.5395 7103485.1696, -12818589.3183 7103600.0162, -12819049.7671 7103946.3544, -12819762.064 7104373.5338, -12819882.5487 7104413.0554, -12820120.6534 7104449.5292, -12820235.3138 7104480.5794, -12820339.7866 7104535.8176, -12820622.2814 7104754.0936, -12820781.3294 7104816.1369, -12820888.3631 7104819.5005, -12821231.3136 7104738.1038, -12821379.4539 7104754.7764, -12821471.0295 7104805.0701, -12821680.1122 7104991.3101, -12821821.7013 7105090.7801, -12822225.391 7105277.4802, -12822313.907 7105344.2107, -12822387.037 7105430.9221, -12822445.7657 7105533.2565, -12822488.1976 7105648.1551, -12822566.369 7105950.4953, -12822629.8789 7106126.3544, -12823069.8583 7107062.2466, -12823160.2475 7107295.6834, -12823213.6506 7107547.4537, -12823231.4722 7107743.2766, -12823209.8903 7108222.7406, -12823210.8604 7108505.2374, -12823232.9422 7108637.2739, -12823305.5353 7108811.6282, -12823376.4566 7108909.1566, -12823467.9453 7108973.391, -12823569.9854 7109001.0948, -12823847.4538 7109029.0764, -12824023.5912 7109065.4894, -12824197.6944 7109125.19430001, -12824365.23 7109203.5065, -12824799.6072 7109449.5344, -12825063.008 7109630.7204, -12825208.5974 7109759.404, -12825332.7161 7109914.482, -12825400.0556 7110031.1428, -12825478.8661 7110221.0897, -12825524.2447 7110423.537, -12825525.2563 7110562.8022, -12825498.308 7110696.9597, -12825445.4881 7110821.9013, -12825367.2465 7110932.6284, -12825268.7619 7111019.7353, -12825157.5852 7111079.8281, -12825039.5183 7111117.62919999, -12824916.1142 7111134.9641, -12824198.8178 7111114.7655, -12823853.8769 7111060.2175, -12823465.0731 7110890.2494, -12823096.9245 7110584.6678, -12822925.7888 7110482.0407, -12822740.7549 7110422.0411, -12821861.0021 7110080.9759, -12821836.2401 7109906.8904, -12821819.2218 7109481.0192, -12821792.1299 7109359.4487, -12821742.6546 7109243.5626, -12821630.6949 7109083.6181, -12821225.4107 7108647.7594, -12821127.9147 7108558.2781, -12821017.8834 7108482.6822, -12820893.6405 7108425.2989, -12820758.8285 7108388.4727, -12820473.226 7108369.5993, -12820328.9176 7108383.6509, -12820115.6235 7108427.6139, -12819780.6651 7108539.2426, -12819467.3237 7108673.8451, -12819298.8711 7108782.7296, -12819209.3686 7108877.9059, -12819175.4265 7108932.4977, -12819130.0992 7109049.8884, -12819106.7815 7109173.6483, -12819090.2341 7109566.9193, -12819120.5039 7112009.6999, -12819113.9684 7113034.1338, -12819149.7855 7113556.2507, -12819137.2683 7113766.3168, -12819091.3176 7114034.5648, -12818919.3213 7114383.0907, -12818876.6625 7114427.5326, -12818731.6437 7114518.9035, -12818680.5842 7114531.8057, -12818581.4634 7114530.6668, -12818491.6815 7114498.2694, -12818416.2193 7114438.8901, -12818249.6573 7114190.3154, -12818171.591 7114114.0586, -12818031.7033 7114017.6576, -12817827.1957 7113920.6275, -12817741.4153 7113863.2517, -12817684.6705 7113790.6817, -12817666.6652 7113708.582, -12817751.1496 7113335.3199, -12817754.2645 7113173.9032, -12817712.676 7113007.4114, -12817633.871 7112845.0938, -12817512.4093 7112707.9089, -12817270.1381 7112521.9697, -12817070.78 7112322.5584, -12816675.8602 7112086.8141, -12816601.3339 7112008.4619, -12816520.6991 7111871.0044, -12816455.405 7111666.0258, -12816394.6152 7111350.9141, -12816377.2362 7111138.4863, -12816362.8998 7110503.0392, -12816330.0451 7110320.7316, -12816289.9446 7110199.3739, -12816170.0753 7109963.9513, -12815537.471 7108985.351, -12815320.4797 7108555.879, -12815239.1936 7108297.4782, -12815123.279 7107692.6712, -12815012.8134 7107224.6315, -12814849.8653 7106695.5987, -12814729.4042 7106364.2368, -12814543.9196 7105901.9715, -12814395.2901 7105582.8783, -12814218.7264 7105270.93069999, -12813854.9826 7104717.3522, -12813743.1699 7104457.4627, -12813686.3257 7104189.473, -12813660.6727 7103542.5222, -12813638.6947 7103360.7336, -12813448.3115 7103044.2775, -12813255.075 7102865.4365, -12813142.2124 7102711.1126, -12813064.491 7102541.2063, -12812942.1394 7102134.9367, -12812871.6185 7101968.2928, -12812754.7632 7101819.2895, -12812646.1471 7101738.5581, -12812518.8721 7101675.5827, -12811871.3253 7101473.8191, -12811662.915 7101395.4634, -12811407.0601 7101271.4588, -12810999.6894 7101028.4541, -12810817.5131 7100944.8508, -12810625.0877 7100882.5493, -12810186.4444 7100791.1275, -12810083.6161 7100748.5979, -12810009.0412 7100685.6615, -12809970.4393 7100608.6513, -12809958.6008 7100527.1727, -12809970.9791 7100403.2299, -12810030.6458 7100189.438, -12810125.3193 7100033.7427, -12810273.2125 7099921.9617, -12810413.6859 7099879.4378, -12810565.7743 7099899.0004, -12810869.6976 7100014.043, -12811088.7266 7100071.8905, -12811376.3781 7100111.3791, -12811856.0365 7100139.7131, -12812404.0988 7100249.6476, -12812522.4531 7100248.1481, -12812951.7465 7100191.2544, -12813302.0109 7100201.4708, -12813650.3776 7100185.9155, -12813800.8835 7100198.0328, -12813898.01 7100239.5286, -12813939.3061 7100274.8913, -12814000.9978 7100369.3795, -12814041.0219 7100539.4988, -12814046.3151 7100777.474, -12814062.7381 7100890.5656, -12814104.551 7100989.5475, -12814137.4636 7101029.0358, -12814268.3778 7101106.2284, -12814368.0105 7101127.4349, -12814677.4039 7101153.5863, -12814778.271 7101181.5712, -12814882.6244 7101237.9881))"
47,21020,609,2023-10-15 06:33:14,EWF035, ,19672.4,2023-06-10,0900,0 - hand sketch of any type,Wildfire,Under Control,2023/06/27 20:00:00,E,19672.0,1683295380000,Under Investigation,3,25f483de-6b24-4ae0-b779-f3447ef05d68,562717996.632813,254463.792717166,"POLYGON ((-12899268.4472 7149218.853, -12899246.1832 7149199.9646, -12899235.0512 7149181.0761, -12899235.0513 7149199.9645, -12899246.1832 7149199.9646, -12899223.9193 7149218.8529, -12899190.5235 7149218.853, -12899201.6555 7149256.6303, -12899190.5236 7149275.5189, -12899157.1277 7149275.5189, -12899145.9957 7149237.7416, -12899134.8637 7149237.7415, -12899123.7318 7149275.5189, -12899056.9402 7149199.9645, -12899045.8082 7149218.8531, -12899056.9402 7149237.7416, -12899012.4122 7149237.7417, -12898956.7525 7149332.1856, -12898500.3426 7149067.7455, -12898166.3842 7148897.7529, -12897865.8215 7148784.4269, -12897609.7867 7148897.753, -12896997.5296 7148973.3051, -12896507.7237 7148822.2021, -12895928.8624 7148406.6846, -12895539.2442 7148217.8203, -12894982.6467 7148123.3898, -12894537.3686 7147802.3345, -12894103.2227 7147519.0612, -12894103.2228 7147462.4081, -12893936.2435 7147367.9864, -12893435.3058 7146895.896, -12893401.91 7146895.896, -12893246.0625 7146763.7156, -12893223.7987 7146763.7156, -12893201.5349 7146744.8331, -12893134.7433 7146744.833, -12893123.6112 7146763.7156, -12893101.3473 7146763.7156, -12893056.8195 7146801.4813, -12893023.4236 7146801.4812, -12892990.0277 7146839.2472, -12892967.7639 7146839.2471, -12892945.5 7146858.1301, -12892856.4444 7146858.13, -12892845.3125 7146839.2472, -12892811.9165 7146839.2472, -12892800.7846 7146820.364, -12892767.3887 7146820.3641, -12892756.2569 7146801.4812, -12892700.5971 7146782.5985, -12892667.2013 7146744.833, -12892622.6736 7146574.8905, -12892600.4096 7146537.126, -12892578.1456 7146537.1261, -12892567.0137 7146518.244, -12892511.3539 7146518.2441, -12892489.0902 7146499.3619, -12892466.8263 7146518.2441, -12892388.9026 7146518.244, -12892355.5068 7146499.3619, -12892322.1109 7146404.9517, -12892255.3192 7146329.4246, -12892188.5275 7146291.6615, -12892132.8677 7146291.6615, -12892121.7358 7146272.78, -12892099.4719 7146272.7798, -12892099.4721 7146235.017, -12892143.9997 7146178.3724, -12892166.2637 7146178.3726, -12892177.3955 7146121.7288, -12891910.2286 7145914.0383, -12891876.8329 7145838.516, -12891676.4579 7145744.1138, -12891620.7982 7145668.593, -12891565.1383 7145630.833, -12891542.8744 7145630.833, -12891520.6105 7145611.953, -12891476.0827 7145611.9531, -12891453.8189 7145593.0731, -12891331.3674 7145593.0731, -12891309.1035 7145574.1928, -12891264.5758 7145574.1928, -12891242.3117 7145555.313, -12891220.0478 7145555.313, -12891097.5965 7145442.0349, -12890919.4852 7145215.4833, -12890874.9575 7145083.3309, -12890819.2978 7144988.9381, -12890752.5059 7144913.4243, -12890685.7143 7144800.1554, -12890674.5823 7144800.1555, -12890641.1865 7144705.7656, -12890652.3185 7144611.3773, -12890618.9225 7144535.8671, -12890585.5268 7144535.8671, -12890552.1311 7144498.1125, -12890529.8671 7144498.1123, -12890463.0753 7144403.7266, -12890396.2837 7144347.0957, -12890374.0199 7144309.3413, -12890351.7559 7144309.3414, -12890262.7003 7144233.8346, -12890218.1725 7144177.2047, -12890195.9086 7144177.2047, -12890040.0613 7143988.4414, -12889895.3459 7143856.3097, -12889839.6863 7143780.807, -12889806.2905 7143705.3047, -12889806.2904 7143610.9284, -12889784.0264 7143478.8029, -12889706.1028 7143327.8056, -12889628.1792 7143233.4333, -12889605.9153 7143233.4333, -12889572.5194 7143195.6848, -12889550.2556 7143195.6848, -12889539.1237 7143176.8108, -12889516.8596 7143176.8108, -12889494.5959 7143157.9367, -12889305.3527 7143157.9366, -12889283.0887 7143139.0626, -12889260.8249 7143139.0625, -12889160.6373 7142988.0715, -12889127.2415 7142969.1978, -12889071.5818 7142969.1976, -12889049.3178 7142950.3241, -12888815.547 7142950.3241, -12888793.283 7142931.45049999, -12888782.151 7142912.577, -12888782.1511 7142837.083, -12888837.8108 7142667.22469999, -12888837.8108 7142610.6061, -12888815.547 7142591.7333, -12888815.547 7142572.8608, -12888771.0191 7142535.1154, -12888715.3593 7142516.2427, -12888648.5676 7142459.625, -12888615.1718 7142384.1357, -12888615.1717 7142289.7752, -12888047.4425 7141836.8588, -12887913.8591 7141478.319, -12887457.4491 7140968.8424, -12887501.9768 7140855.6301, -12887780.2757 7140723.5507, -12887963.0415 7140661.596, -12887810.5263 7140538.2369, -12887735.8434 7140524.1113, -12887615.6384 7140435.7775, -12887539.8237 7140317.0789, -12887508.7217 7140197.8949, -12887610.7779 7139987.6231, -12887702.3521 7139912.2556, -12887557.6366 7139780.192, -12887056.699 7139421.7456, -12887001.0391 7139214.2311, -12887056.6991 7139063.3149, -12887312.7338 7138931.2656, -12887357.2617 7138780.3552, -12887334.9976 7138572.8574, -12887352.6155 7138529.7368, -12889827.8466 7137146.6104, -12889902.3894 7136974.9215, -12890026.2338 7136845.8558, -12889997.718 7136834.2107, -12889993.5575 7136805.2035, -12889961.1185 7136806.8985, -12889936.3205 7136770.1477, -12889901.059 7136755.10239999, -12889899.3964 7136724.1199, -12889834.9658 7136709.306, -12889782.1032 7136667.0777, -12889735.4646 7136668.9899, -12889641.5171 7136627.9994, -12889620.5326 7136639.3545, -12889595.9464 7136615.7734, -12889590.9635 7136624.0537, -12889568.7644 7136569.3682, -12889524.0886 7136539.7969, -12889508.5926 7136547.0949, -12889505.1689 7136575.8599, -12889546.6096 7136660.1367, -12889542.3275 7136701.0964, -12889587.6347 7136768.1247, -12889581.8772 7136798.0323, -12889543.9368 7136829.2861, -12889540.6315 7136855.2948, -12889509.3031 7136852.8131, -12889530.8776 7136899.8643, -12889515.368 7136932.5565, -12889504.1556 7136935.666, -12889480.6062 7136904.6541, -12889466.3606 7136906.9722, -12889469.2597 7136889.3863, -12889449.5974 7136871.4616, -12889441.4211 7136917.9637, -12889403.1159 7136916.2186, -12889357.2397 7136891.2574, -12889364.1805 7136847.6728, -12889313.6843 7136850.3668, -12889215.2405 7136802.6527, -12889160.4057 7136737.3981, -12889166.0542 7136715.2375, -12889201.3556 7136692.4937, -12889184.5355 7136632.9708, -12889293.0623 7136593.3237, -12889311.0862 7136569.6835, -12889282.1257 7136546.7051, -12889264.3646 7136550.2068, -12889247.9028 7136578.5381, -12889208.2983 7136562.1293, -12889162.3413 7136573.2781, -12889101.4221 7136562.7844, -12889091.1949 7136555.8782, -12889111.3458 7136502.3267, -12889073.9605 7136471.63, -12889065.6238 7136415.2373, -12889015.3957 7136429.1075, -12888995.9898 7136408.0522, -12888997.7749 7136426.2721, -12888966.2681 7136453.5233, -12888995.0275 7136495.4228, -12888978.8325 7136531.8316, -12888962.1866 7136549.54, -12888891.796 7136553.3799, -12888880.4893 7136584.6048, -12888841.2613 7136581.6802, -12888829.6835 7136549.6414, -12888781.2778 7136533.3041, -12888758.1619 7136565.0498, -12888710.2087 7136511.5985, -12888679.7113 7136573.0198, -12888688.4135 7136622.9826, -12888648.7062 7136604.4724, -12888587.2306 7136603.0552, -12888546.814 7136574.0817, -12888563.2427 7136516.5072, -12888545.9836 7136518.8485, -12888543.721 7136489.1971, -12888529.9405 7136496.7677, -12888496.5864 7136484.3076, -12888496.1953 7136455.8959, -12888472.2056 7136436.2485, -12888523.7577 7136414.1885, -12888521.98 7136392.9628, -12888494.3588 7136374.1111, -12888502.9416 7136358.3952, -12888489.4514 7136359.1686, -12888465.5977 7136310.2952, -12888436.7156 7136287.9104, -12888432.9068 7136259.513, -12888457.8097 7136250.2581, -12888454.1887 7136234.8676, -12888556.653 7136255.443, -12888582.8211 7136226.677, -12888575.142 7136182.1, -12888513.0784 7136144.1335, -12888525.2062 7136114.8841, -12888517.3563 7136069.6468, -12888558.7929 7136053.2888, -12888549.524 7135998.1501, -12888522.3226 7135959.4033, -12888532.8428 7135907.7375, -12888551.4022 7135898.8751, -12888581.3072 7135913.7217, -12888599.1485 7135895.0175, -12888656.7677 7135910.6238, -12888664.6937 7135928.1947, -12888676.3059 7135920.8279, -12888704.5805 7135933.8114, -12888716.3685 7135933.9903, -12888721.1235 7135916.6731, -12888654.0944 7135843.1959, -12888588.8178 7135843.8882, -12888543.112 7135824.0778, -12888503.336 7135840.663, -12888501.3793 7135791.9426, -12888481.4935 7135770.3782, -12888462.3572 7135785.1961, -12888461.1152 7135817.7815, -12888436.3437 7135835.078, -12888346.5514 7135803.3549, -12888415.5409 7135776.7315, -12888434.6116 7135787.8766, -12888466.6897 7135761.5535, -12888418.6203 7135727.3902, -12888407.1527 7135676.4836, -12888425.4859 7135675.1623, -12888440.9048 7135693.1714, -12888469.8986 7135696.0354, -12888479.7975 7135684.2971, -12888473.1305 7135668.5788, -12888429.1027 7135649.4484, -12888451.0197 7135626.1798, -12888431.0883 7135610.036, -12888447.4563 7135586.2526, -12888433.6609 7135576.6479, -12888438.4645 7135555.0266, -12888459.1245 7135551.4414, -12888454.6261 7135540.6852, -12888430.8878 7135528.2895, -12888393.7285 7135549.0212, -12888347.0052 7135538.1971, -12888334.739 7135549.4395, -12888335.5663 7135611.1043, -12888295.6524 7135611.58, -12888325.3024 7135667.0454, -12888303.0173 7135656.7146, -12888284.2327 7135677.0437, -12888222.8996 7135664.888, -12888202.4746 7135675.1845, -12888167.2894 7135660.535, -12888169.6433 7135600.6855, -12888157.8507 7135591.882, -12888137.9105 7135614.2288, -12888120.1734 7135610.4066, -12888130.2615 7135563.5784, -12888115.6725 7135552.9893, -12888076.399 7135575.61289999, -12888049.4754 7135625.7232, -12888023.9982 7135613.2425, -12888031.1888 7135564.027, -12887990.9213 7135568.9486, -12887974.3378 7135553.5048, -12887953.3264 7135474.6794, -12887962.5467 7135416.5393, -12887947.0968 7135364.6335, -12887985.9246 7135358.3961, -12887990.5819 7135342.51299999, -12887967.1408 7135340.1472, -12887995.5528 7135315.5094, -12887964.9107 7135278.6029, -12887935.8083 7135278.1837, -12887953.3429 7135202.8595, -12888104.309 7135119.4853, -12888135.1429 7135041.2576, -12888107.0435 7135012.8935, -12888088.5391 7135016.4468, -12888070.7819 7134972.4777, -12888035.2678 7134940.25, -12888040.1236 7134912.0297, -12888068.5686 7134889.8787, -12887998.4738 7134810.8679, -12888065.3892 7134783.1929, -12888100.9535 7134794.1562, -12888129.2616 7134724.4369, -12888152.6693 7134723.9617, -12888167.3053 7134749.4132, -12888191.2653 7134716.9229, -12888239.523 7134702.0982, -12888241.8328 7134679.46459999, -12888273.1968 7134655.0112, -12888194.7783 7134598.6853, -12888184.7509 7134611.0523, -12888149.912 7134610.5225, -12888087.2059 7134587.2665, -12888071.6193 7134555.4988, -12888079.0255 7134544.3237, -12888045.4371 7134513.3549, -12888051.137 7134486.9931, -12888036.0543 7134477.2698, -12888017.6586 7134520.9223, -12887998.4349 7134506.0546, -12888023.1282 7134485.4535, -12888024.737 7134428.2593, -12887971.8275 7134394.2916, -12888026.239 7134371.6919, -12888087.2796 7134416.5855, -12888108.2526 7134388.6385, -12888181.3675 7134372.4682, -12888194.4514 7134355.9122, -12888219.1604 7134357.1412, -12888253.2435 7134335.6668, -12888282.7904 7134336.8515, -12888313.3123 7134311.5784, -12888324.8475 7134335.1285, -12888369.5992 7134321.4452, -12888433.9681 7134334.606, -12888469.076 7134311.0694, -12888480.7226 7134264.4812, -12888437.6107 7134276.6796, -12888434.9917 7134250.34000001, -12888377.6948 7134189.8923, -12888313.1102 7134180.7506, -12888327.6639 7134153.9277, -12888322.2643 7134135.5109, -12888289.5691 7134144.0755, -12888268.0153 7134117.9043, -12888220.1903 7134095.159, -12888208.9979 7134084.9453, -12888219.0292 7134081.3234, -12888212.0986 7134053.7394, -12888184.7174 7134016.7179, -12888145.5344 7134001.5251, -12888113.0249 7134010.5668, -12888111.8736 7133985.3435, -12888086.6301 7133987.6439, -12888101.2142 7133968.4565, -12888092.8503 7133947.3553, -12888071.0184 7133947.8322, -12888060.5092 7133987.2384, -12888038.6075 7133991.2722, -12887980.939 7133964.1523, -12887959.8246 7133970.3385, -12887945.461 7133956.4747, -12887943.4339 7133927.1004, -12887923.6386 7133943.088, -12887911.3274 7133927.3232, -12887886.0933 7133930.7436, -12887884.2864 7133918.4729, -12887857.1545 7133919.564, -12887795.7429 7133877.1065, -12887755.918 7133892.9976, -12887709.0333 7133882.4689, -12887717.3453 7133907.7823, -12887692.5658 7133921.5044, -12887675.955 7133958.9663, -12887694.6907 7133953.1359, -12887661.6144 7133992.212, -12887666.2752 7134031.7831, -12887747.7936 7134129.3175, -12887793.3807 7134140.7862, -12887798.4082 7134166.923, -12887788.0795 7134191.9189, -12887763.9084 7134206.9804, -12887759.5824 7134196.815, -12887671.8159 7134181.8418, -12887683.0898 7134229.8386, -12887696.3959 7134229.6659, -12887678.9849 7134260.8962, -12887657.9315 7134274.6789, -12887641.3362 7134261.7159, -12887598.3303 7134262.2767, -12887594.1631 7134287.0689, -12887568.6283 7134306.0748, -12887527.2877 7134305.3772, -12887524.7208 7134334.7969, -12887395.4137 7134315.6494, -12887368.9666 7134331.8832, -12887298.6448 7134323.5294, -12887294.1608 7134312.6861, -12887308.3166 7134312.3699, -12887287.6302 7134291.6525, -12887251.6979 7134281.0075, -12887246.4306 7134226.5625, -12887219.3133 7134196.1769, -12887206.5022 7134209.1748, -12887151.4337 7134210.2203, -12887144.4849 7134230.1378, -12887123.7661 7134199.6341, -12887110.5593 7134217.2002, -12887111.1237 7134259.2891, -12887086.7771 7134263.1952, -12887055.0892 7134295.7279, -12887020.4558 7134282.0984, -12887003.5533 7134270.2079, -12887006.8243 7134241.9667, -12886976.0872 7134239.8197, -12886978.5347 7134211.3152, -12886966.0548 7134199.5661, -12886933.689 7134197.2756, -12886926.6692 7134170.1484, -12886893.955 7134178.3069, -12886887.0965 7134165.4218, -12886906.117 7134144.5439, -12886842.9186 7134054.5294, -12886844.7855 7134042.8075, -12886875.6968 7134044.75240001, -12886857.1674 7134041.8019, -12886859.4988 7133989.6142, -12886879.7976 7133975.9127, -12886878.795 7133949.0298, -12886918.5353 7133909.268, -12886919.6265 7133887.1854, -12886892.3925 7133884.3359, -12886893.2771 7133868.7824, -12886925.4036 7133836.8403, -12886947.556 7133842.0726, -12886958.0501 7133824.0816, -12886921.9858 7133785.3327, -12886956.132 7133719.2543, -12886974.523 7133656.863, -12886958.3332 7133650.7289, -12886956.9843 7133631.467, -12886978.52 7133603.0345, -12886943.5804 7133576.8498, -12886891.1024 7133573.8638, -12886873.8048 7133545.405, -12886758.9823 7133484.1849, -12886753.1516 7133465.734, -12886737.4181 7133464.5684, -12886714.1252 7133426.8554, -12886675.5698 7133399.6283, -12886684.0364 7133385.0232, -12886664.5981 7133362.1963, -12886626.4194 7133345.4325, -12886562.3059 7133368.5711, -12886564.8081 7133406.1073, -12886548.0374 7133397.6756, -12886496.8839 7133411.5194, -12886507.1355 7133489.1384, -12886536.7127 7133483.0785, -12886543.1829 7133444.1075, -12886574.3075 7133443.054, -12886559.2525 7133483.5999, -12886565.8525 7133511.3573, -12886577.3919 7133501.2729, -12886576.1399 7133534.8999, -12886542.3633 7133587.7248, -12886558.674 7133584.8753, -12886547.0954 7133590.6992, -12886557.5594 7133647.141, -12886577.101 7133664.2631, -12886578.2462 7133704.0898, -12886637.8829 7133812.099, -12886599.3156 7133913.5531, -12886622.8997 7133947.788, -12886623.0431 7134021.3128, -12886634.8236 7134045.8115, -12886614.091 7134054.0495, -12886579.3097 7134144.2188, -12886602.914 7134232.5361, -12886591.1545 7134233.0543, -12886577.7235 7134270.7583, -12886550.2546 7134279.7886, -12886550.0192 7134318.4592, -12886440.6956 7134318.6458, -12886441.9468 7132703.5184, -12886997.1389 7132476.2875, -12887034.2359 7132383.3109, -12887551.977 7131918.3927, -12888002.7641 7131829.3797, -12888197.0937 7131668.2673, -12888388.6528 7131771.1501, -12888872.1849 7131781.4528, -12889198.7601 7131699.6837, -12889421.8378 7131586.6847, -12890057.7266 7132094.2048, -12890576.2529 7132056.9908, -12890673.5028 7131952.7599, -12890582.0303 7131924.052, -12890488.1172 7131964.2121, -12890409.5225 7131900.287, -12890271.1059 7131886.2872, -12890255.5845 7131898.6477, -12890209.9976 7131896.9556, -12890174.0006 7131936.8016, -12890118.0357 7131954.2693, -12889995.4122 7131894.4314, -12889943.6381 7131890.1888, -12889933.8924 7131907.7362, -12889855.51 7131903.2872, -12889787.163 7131828.3905, -12889801.5617 7131797.658, -12889793.5966 7131758.9038, -12889816.4985 7131741.1853, -12889797.0438 7131709.1116, -12889801.7732 7131695.4886, -12889767.0521 7131665.9885, -12889745.4399 7131609.4073, -12889753.3306 7131592.6611, -12889720.8221 7131549.5149, -12889742.8934 7131550.3749, -12889760.661 7131518.985, -12889752.4939 7131497.5907, -12889761.3869 7131467.6837, -12889783.6407 7131433.4727, -12889821.2197 7131422.7794, -12889862.1027 7131454.3164, -12889854.8516 7131462.0607, -12889866.9754 7131461.949, -12889871.8413 7131434.2202, -12889892.3599 7131427.9101, -12889965.3928 7131435.9596, -12889977.6143 7131459.8651, -12889989.7529 7131456.728, -12889980.5423 7131430.2545, -12889991.4252 7131298.1272, -12890113.6376 7131236.2067, -12890201.9499 7130766.3366, -12890058.5022 7130486.6298, -12889764.8037 7130284.3388, -12889784.8475 7130267.1854, -12889731.8899 7130198.4618, -12889413.7907 7129993.7333, -12889208.6908 7129603.554, -12889194.4916 7129604.3588, -12888985.496 7129326.5356, -12887691.3956 7129309.4934, -12887116.0056 7129440.752, -12886808.0824 7129657.0793, -12886791.1912 7129646.9811, -12886465.1625 7129807.1826, -12885402.3393 7129552.8752, -12885126.2619 7129292.7793, -12885224.9448 7129186.5612, -12885205.9563 7129136.0539, -12885152.4544 7129091.1282, -12885068.9073 7129070.6719, -12885090.7088 7129030.912, -12885133.4985 7129032.7846, -12885234.8401 7128955.1208, -12885318.8363 7128962.9134, -12885329.1852 7128953.0588, -12885280.8707 7128884.3564, -12885318.904 7128863.2835, -12885328.2028 7128778.1691, -12885391.2994 7128667.5465, -12885401.2274 7128625.066, -12885444.0261 7128621.7713, -12885462.2828 7128583.0363, -12885504.8162 7128574.6301, -12885517.7949 7128533.9513, -12885690.3005 7128527.3637, -12885691.9612 7128484.889, -12885627.5383 7128429.3086, -12885664.4468 7128405.2369, -12885678.2795 7128363.8973, -12885652.1917 7128329.4934, -12885525.2874 7128297.374, -12885487.369 7128321.0294, -12885176.6519 7128619.9447, -12885244.7314 7128673.9427, -12885259.8839 7128714.5692, -12885252.7143 7128756.3, -12885212.2562 7128739.9212, -12885199.2577 7128698.8662, -12885073.1208 7128673.0578, -12885060.481 7128632.3285, -12885023.8967 7128609.6891, -12884943.2715 7128577.2134, -12884866.5427 7128564.7935, -12884751.2541 7128621.0216, -12884769.5126 7128659.5058, -12884809.4116 7128678.8361, -12884826.5625 7128718.958, -12884992.2528 7128751.9507, -12884964.0669 7128786.5013, -12884839.4707 7128819.1121, -12884796.9141 7128814.3688, -12884739.299 7128750.9626, -12884729.9865 7128793.3966, -12884701.9316 7128826.9658, -12884616.5632 7128838.0682, -12884566.3924 7128673.4639, -12884526.9469 7128655.6579, -12884443.3439 7128666.6323, -12884382.4965 7128605.5842, -12884361.8291 7128568.0578, -12884380.2263 7128499.2686, -12884340.4603 7128482.6391, -12884364.8407 7128447.1643, -12884281.3038 7128429.5229, -12884292.5394 7128342.0316, -12884277.0625 7128302.5331, -12884239.6776 7128282.0555, -12884223.2002 7128218.5037, -12884182.02 7128228.31889999, -12884148.5981 7128200.1463, -12884107.2014 7128189.9259, -12884086.1159 7128152.9956, -12884041.1708 7128143.5721, -12883954.3334 7128144.0811, -12883940.6635 7128188.2615, -12883901.053 7128203.42759999, -12883659.5866 7128123.5318, -12883672.3082 7127953.97, -12883664.4499 7127609.7634, -12883688.7637 7127573.6327, -12883546.012 7127661.4858, -12883323.4801 7127512.2289, -12883281.7968 7127387.9229, -12883344.6913 7127303.2702, -12883491.675 7127269.9722, -12883433.079 7126551.6666, -12883344.246 7126504.3665, -12883198.0065 7126604.0145, -12883100.8147 7126392.2444, -12883035.935 7126078.255, -12882669.2144 7126088.0269, -12882637.4448 7126191.7051, -12882592.708 7126155.3465, -12882546.6797 7126155.4261, -12882463.4626 7126262.9693, -12882406.3421 7126170.3182, -12882441.2006 7126081.5173, -12882418.5766 7126069.6181, -12882431.9438 7126054.0827, -12882463.7822 7126041.9815, -12882507.733 7126062.861, -12882515.2483 7126045.6323, -12882550.8547 7126087.1228, -12882582.2961 7126080.7422, -12882565.2193 7126067.7717, -12882582.6865 7126061.1573, -12882568.8688 7126053.7125, -12882578.6884 7126045.0775, -12882557.2585 7126036.0187, -12882570.1388 7126023.5999, -12882547.4397 7126018.5915, -12882596.2165 7125976.4102, -12882572.2556 7125953.8862, -12882618.7471 7125935.8841, -12882625.0755 7125913.8528, -12882613.3946 7125892.29, -12882645.7216 7125865.0199, -12882681.3159 7125861.2508, -12882708.5211 7125816.3407, -12882704.7444 7125798.0956, -12882672.1265 7125783.3942, -12882650.2677 7125699.0031, -12882523.5968 7125633.7134, -12882486.9544 7125627.6687, -12882438.7148 7125651.40600001, -12882273.921 7125848.9651, -12882264.2903 7125833.8768, -12882264.8439 7125868.1623, -12882231.0805 7125867.9314, -12882236.1622 7125837.5737, -12882177.5497 7125826.0892, -12882157.1198 7125803.6575, -12882100.7694 7125818.364, -12882049.8182 7125896.9956, -12882043.3655 7125880.6274, -12882033.7 7125914.5388, -12881905.6041 7126083.8258, -12881802.6382 7126103.0267, -12881553.9557 7126095.8918, -12881504.3595 7126023.0856, -12881485.4321 7125934.3659, -12881431.8201 7125863.3108, -12881290.7566 7125894.6208, -12881182.1514 7125899.1789, -12881085.5559 7125936.2472, -12881047.5408 7125927.0854, -12881025.1849 7125881.06139999, -12881006.8652 7125884.4116, -12880989.9988 7125852.9354, -12881014.1437 7125804.3964, -12880897.9236 7125718.1594, -12880844.8478 7125709.7002, -12880781.8772 7125678.5622, -12880780.7696 7125660.3414, -12880793.2241 7125645.2383, -12880828.5756 7125639.78, -12880882.9012 7125554.11020001, -12880818.8962 7125471.4307, -12880836.0803 7125441.4334, -12880870.7092 7125428.5472, -12880870.774 7125323.0436, -12880829.8548 7125297.1444, -12880761.0765 7125317.8004, -12880678.5884 7125280.1705, -12880657.3885 7125306.1711, -12880712.3853 7125394.1883, -12880684.6249 7125445.719, -12880693.8297 7125448.0213, -12880681.8076 7125480.5883, -12880667.0908 7125487.7332, -12880637.5764 7125469.7405, -12880599.7077 7125482.7804, -12880575.0101 7125727.5993, -12880329.4051 7125777.4885, -12880066.693 7125998.7701, -12879708.6766 7126045.4353, -12879630.4195 7126003.0899, -12879268.9958 7125694.268, -12878985.6528 7125400.2958, -12878172.9291 7125142.7063, -12877837.1249 7125103.925, -12877846.063 7125054.264, -12877836.6403 7124912.7001, -12877783.334 7124790.8386, -12877822.5897 7124775.2909, -12877814.576 7124764.7931, -12877857.3902 7124723.5408, -12877865.4392 7124677.1872, -12877901.2178 7124634.5807, -12877895.2244 7124588.9658, -12877935.8714 7124576.0097, -12877983.2359 7124528.549, -12877987.6324 7124442.3463, -12878027.1611 7124415.2487, -12878039.1519 7124361.5602, -12878113.8788 7124240.7675, -12878115.9352 7124182.6903, -12878090.8377 7124171.4211, -12878118.5391 7124148.9343, -12878120.1052 7124120.2738, -12878072.0293 7124098.7254, -12877965.9481 7124137.7721, -12877960.5289 7124117.0251, -12877939.6265 7124124.7286, -12877938.9912 7124108.8949, -12877903.7858 7124090.7529, -12877886.2159 7124149.5385, -12877860.7019 7124174.4894, -12877817.2198 7124265.0031, -12877843.6627 7124502.1759, -12877831.5254 7124471.51, -12877813.161 7124462.4243, -12877797.1414 7124472.2425, -12877777.9553 7124452.53980001, -12877619.6711 7124390.4203, -12877499.2855 7124381.1598, -12877393.4523 7124258.1287, -12877383.1723 7124186.1695, -12877412.5299 7124110.5245, -12877442.2822 7124110.0502, -12877471.4388 7124085.7615, -12877529.7823 7124093.4368, -12877544.1582 7124076.8947, -12877571.4725 7124091.7948, -12877621.5858 7124063.4516, -12877639.6524 7124010.16, -12877614.3104 7123990.4051, -12877556.5251 7123985.3944, -12877536.538 7123950.1961, -12877509.5878 7123937.0314, -12877504.2068 7123912.4697, -12877474.0623 7123907.2338, -12877491.171 7123852.5298, -12877483.8196 7123810.97779999, -12877555.3874 7123780.0693, -12877532.694 7123717.4684, -12877570.5718 7123672.1175, -12877561.8372 7123671.2279, -12877576.7169 7123593.0573, -12877535.6888 7123564.6772, -12877542.0181 7123543.9384, -12877525.7133 7123506.8575, -12877487.9429 7123476.14590001, -12877484.5006 7123441.4115, -12877461.4323 7123406.651, -12877466.1236 7123384.74539999, -12877485.703 7123376.99009999, -12877463.0827 7123325.5423, -12877445.6448 7123319.0073, -12877428.8608 7123230.5228, -12877415.021 7123213.8549, -12877421.7874 7123190.3098, -12877355.3068 7123140.5053, -12877340.4939 7123091.9079, -12877278.0555 7123067.913, -12877247.5452 7123030.5014, -12877316.22 7122997.2044, -12877409.7342 7122997.2045, -12877371.4785 7122918.5675, -12877445.8648 7122835.6797, -12877501.1235 7122742.1652, -12877658.3976 7122570.0139, -12877669.024 7122478.6249, -12877648.4433 7122402.4757, -12877589.4227 7122292.6619, -12877539.9926 7122246.3892, -12877541.053 7122213.262, -12877480.8904 7122201.8424, -12877429.0593 7122149.9094, -12877437.6446 7122106.7676, -12877420.3105 7122071.9654, -12877443.6921 7121996.8423, -12877426.0175 7121953.0036, -12877432.1585 7121901.0837, -12877389.7101 7121874.9535, -12877359.8389 7121806.3986, -12877300.1225 7121787.2841, -12877269.9898 7121683.9852, -12877239.945 7121650.6448, -12877223.8919 7121579.8286, -12877151.862 7121538.5098, -12877139.7161 7121517.1474, -12877145.7408 7121454.6083, -12877156.5214 7121446.7199, -12877186.3356 7121457.5899, -12877197.7865 7121443.717, -12877186.7415 7121390.8044, -12877210.1947 7121320.3329, -12877185.5171 7121239.40820001, -12877205.7959 7121203.901, -12877203.8563 7121181.1757, -12877160.1998 7121133.3137, -12877139.7066 7121044.2572, -12877046.5699 7121049.7937, -12877012.1882 7121033.5624, -12877014.0918 7121019.3872, -12876934.0769 7120926.6973, -12876921.5008 7120837.3853, -12876828.9999 7120743.0594, -12876827.3153 7120703.2213, -12876802.2163 7120663.0557, -12876805.1176 7120636.3559, -12876788.7506 7120628.6386, -12876807.5423 7120610.8043, -12876752.9195 7120592.2962, -12876677.4519 7120536.3738, -12876646.7069 7120479.6207, -12876585.1286 7120417.1242, -12876534.5494 7120391.8239, -12876461.6307 7120299.5288, -12876439.6183 7120236.8404, -12876451.2948 7120066.5251, -12876431.6415 7120065.8503, -12876424.2131 7120038.5652, -12876446.2588 7120025.9105, -12876456.4742 7119998.8809, -12876513.3854 7119971.7392, -12876646.3228 7120018.8023, -12876740.5679 7120075.826, -12876791.8375 7120083.3256, -12876923.2824 7120070.9586, -12876909.3244 7120141.5723, -12876927.0517 7120179.5501, -12877026.0269 7120220.2598, -12877102.0474 7120220.0543, -12877146.8054 7120365.887, -12877261.5176 7120446.3791, -12877327.1046 7120468.6257, -12877367.0276 7120520.6481, -12877413.2451 7120541.6641, -12877417.0227 7120563.00639999, -12877465.1974 7120588.0984, -12877557.5082 7120543.4681, -12877706.1768 7120542.0383, -12877810.1019 7120526.1341, -12878054.4129 7120791.1153, -12878103.9759 7120782.8468, -12878121.1318 7120567.429, -12878435.7212 7120097.2316, -12878487.1131 7120580.5892, -12878547.581 7120392.6978, -12878701.7684 7120235.1131, -12878843.2634 7120374.206, -12878938.9639 7120607.3995, -12879095.1269 7120652.6969, -12879327.7712 7120556.7599, -12879326.0913 7120385.0822, -12879542.2556 7120397.7188, -12879628.654 7120549.4002, -12879609.5732 7120710.0732, -12879705.1468 7120927.659, -12879833.8068 7121007.0926, -12880042.2629 7121595.0834, -12880032.634 7123433.1654, -12880219.0153 7124016.2164, -12880676.7796 7123942.0161, -12880896.4179 7123675.2138, -12880927.1053 7122574.8139, -12880674.4491 7122312.789, -12880826.5424 7120849.4023, -12881278.6722 7120232.3474, -12881190.6854 7119999.5889, -12881550.6347 7119814.6267, -12881508.0066 7119573.2906, -12881439.0575 7119379.2359, -12881525.0636 7119270.9197, -12881942.0937 7119434.5794, -12882060.8399 7119252.0543, -12882335.2212 7119222.3957, -12882364.2014 7119436.9939, -12882264.7386 7119538.7431, -12882280.7289 7119793.7777, -12882181.6012 7119929.1067, -12882262.8131 7120008.8703, -12882391.0603 7120101.5855, -12882425.2073 7120198.1673, -12882694.7577 7120190.1074, -12882819.1614 7120133.15, -12882942.7081 7119992.6809, -12883608.9259 7119957.9581, -12883740.3643 7117896.7443, -12884322.9668 7117848.9218, -12885059.7222 7117938.5914, -12885062.6464 7118216.8891, -12885134.985 7118494.4633, -12885246.9271 7118576.7832, -12885580.7075 7118628.9137, -12885843.3051 7118514.78149999, -12886020.8245 7118234.5487, -12885990.2507 7117970.462, -12885769.8248 7117646.5601, -12885774.2756 7117588.062, -12885569.4633 7117356.1987, -12885409.3199 7117283.8648, -12885546.9358 7117293.43199999, -12885208.2061 7117047.9829, -12884580.29 7116539.751, -12884708.9005 7116530.3369, -12884703.8182 7116516.3985, -12884772.6423 7116510.2452, -12885334.9324 7116514.7629, -12885513.7081 7116499.9287, -12885617.6564 7116416.7347, -12885746.4349 7116275.7782, -12885773.2499 7116221.6562, -12885774.0402 7116165.6966, -12885743.4747 7116126.8728, -12885719.6788 7116117.9913, -12885523.9234 7116091.7194, -12885477.7497 7116067.2362, -12885443.6069 7116030.6522, -12885431.019 7115968.8939, -12885500.1745 7115870.0974, -12885506.4661 7115797.736, -12885397.2609 7115658.6534, -12885331.1679 7115531.3489, -12885265.1112 7115371.6212, -12885240.134 7115204.1624, -12885037.752 7114942.6365, -12884969.4365 7114910.2857, -12884773.9809 7114869.527, -12884690.0281 7114820.062, -12884636.7719 7114768.4349, -12884603.1639 7114681.4195, -12884610.785 7114634.0507, -12884669.7463 7114502.5291, -12884653.9418 7114396.2466, -12884607.0919 7114324.4687, -12884452.1111 7114202.9682, -12884176.9278 7113923.9675, -12884110.4738 7113782.0201, -12884092.7796 7113596.9608, -12884133.0952 7113548.1094, -12884196.2573 7113559.9101, -12884328.7785 7113700.0979, -12884417.1768 7113765.8719, -12884562.5635 7113829.8492, -12884749.8736 7113857.7307, -12884792.6509 7113885.7821, -12884878.5066 7113985.0673, -12884948.7466 7114028.5019, -12885001.1107 7114037.3713, -12885052.0594 7114028.2167, -12885108.7333 7113977.3809, -12885121.9814 7113920.5269, -12885105.0476 7113822.4584, -12884880.176 7113368.5493, -12884817.0574 7113275.1677, -12884656.7822 7113114.7702, -12884597.3387 7113022.6136, -12884578.3306 7112954.069, -12884581.1046 7112885.5697, -12884645.1048 7112694.8988, -12884656.1515 7112567.011, -12884632.4279 7112512.0551, -12884505.1244 7112393.1977, -12884470.0032 7112324.2836, -12884479.7074 7112278.419, -12884512.8632 7112245.8136, -12884701.2508 7112183.15, -12884900.7079 7112082.5464, -12884962.3797 7112074.2504, -12885043.2434 7112113.162, -12885138.1258 7112292.8694, -12885173.5367 7112331.8672, -12885216.2339 7112350.7543, -12885282.5754 7112335.2384, -12885424.5833 7112204.4615, -12885533.439 7112180.1044, -12885615.2851 7112205.4051, -12885761.9328 7112304.6696, -12885931.3199 7112353.5168, -12885988.0422 7112412.9383, -12886002.1109 7112635.9386, -12886040.0569 7112732.0456, -12886109.5496 7112810.605, -12886233.5278 7112886.7324, -12886367.6528 7112933.7244, -12886508.3506 7112951.444, -12886607.6083 7112921.8625, -12886657.6377 7112875.8654, -12886689.5263 7112775.4076, -12886659.2673 7112622.0004, -12886584.5428 7112427.4347, -12886384.0929 7112037.1817, -12886335.5646 7111909.7553, -12886325.9421 7111779.0296, -12886354.9806 7111526.1206, -12886332.2681 7111402.0064, -12886299.0537 7111327.6948, -12886248.8218 7111269.4298, -12886069.6081 7111183.0245, -12886027.3095 7111142.254, -12886001.1002 7111061.0764, -12886012.5049 7110969.0902, -12886046.2763 7110872.6276, -12886081.3963 7110815.0874, -12886323.1098 7110568.0303, -12886469.3648 7110362.9902, -12886548.9655 7110308.5736, -12886605.5326 7110294.2883, -12886662.8264 7110302.554, -12886866.8004 7110425.4072, -12886971.4427 7110461.2155, -12887082.51 7110457.8501, -12887181.4303 7110403.8706, -12887228.2668 7110345.715, -12887255.5856 7110273.9541, -12887291.7714 7110065.0513, -12887282.1193 7110003.8679, -12887408.3181 7109956.6402, -12887417.4396 7109749.2691, -12887669.344 7109701.8827, -12887996.1233 7109713.2032, -12888264.1674 7109784.687, -12888412.7939 7109797.9404, -12888724.4053 7109779.631, -12888843.6663 7109822.9664, -12888947.2643 7109792.0563, -12889167.8283 7109596.1372, -12889451.2185 7109712.059, -12889586.4821 7109859.3884, -12889635.258 7110054.5666, -12889680.9887 7110011.0588, -12889784.7587 7110009.90250001, -12890582.6736 7110285.5093, -12890340.5442 7111041.7659, -12890479.5889 7111042.4047, -12890458.986 7111072.6001, -12890436.0177 7111190.2324, -12890475.8265 7111528.2223, -12890586.8815 7111542.8911, -12890595.7383 7111644.0664, -12890619.3868 7111696.6776, -12890654.0433 7111726.6267, -12890861.4158 7111724.0958, -12890884.0285 7111736.9133, -12890851.1436 7111875.8851, -12890759.7775 7111957.5175, -12890720.8533 7112032.7794, -12890720.0995 7112157.2934, -12890764.5419 7112309.9743, -12890833.6494 7112323.7709, -12890986.0325 7112283.1125, -12890993.7673 7112115.6589, -12891007.5884 7112091.6033, -12891063.8658 7112071.5825, -12891108.3857 7112150.6955, -12891184.3804 7112177.0229, -12891199.051 7112245.7039, -12891346.1857 7112244.5781, -12891414.6096 7112285.1769, -12891539.9254 7112300.068, -12891551.2405 7112249.1525, -12891522.9364 7112244.7558, -12891547.2053 7112236.1457, -12891530.4673 7112198.7246, -12891591.3408 7111988.677, -12891633.9925 7111963.8366, -12891681.4255 7111997.017, -12891679.1572 7112033.2631, -12891694.3805 7112049.0259, -12891846.891 7112087.0299, -12891892.4412 7112078.9679, -12891918.674 7112057.3357, -12891909.2437 7111919.0631, -12891933.6254 7111895.522, -12891987.8991 7111882.1388, -12892005.124 7111887.3071, -12892088.13 7111985.2554, -12892136.8287 7112153.7259, -12892157.2815 7112177.5327, -12892226.6167 7112192.5593, -12892251.7814 7112181.7243, -12892299.5128 7112108.9571, -12892314.6903 7112034.39989999, -12892330.9498 7112014.1972, -12892434.3527 7112013.0797, -12892478.1372 7112052.4632, -12892473.6862 7112105.8979, -12892377.4478 7112143.7773, -12892321.0058 7112192.9375, -12892325.0151 7112360.1338, -12892385.5457 7112359.4391, -12892409.0323 7112383.1, -12892385.4846 7112449.954, -12892382.4565 7112523.6056, -12892318.0487 7112532.1195, -12892244.8133 7112492.4029, -12892203.7543 7112487.6152, -12892138.6989 7112516.6128, -12892118.5675 7112566.0778, -12892145.0127 7112624.4057, -12892197.3982 7112679.8157, -12892304.6809 7112836.7785, -12892255.07 7113001.5228, -12892330.7308 7113109.5788, -12892292.3317 7113211.0835, -12892341.0133 7113330.763, -12892358.6025 7113464.9429, -12892431.2082 7113591.3422, -12892435.616 7113652.6664, -12892481.9063 7113778.5829, -12892476.5869 7113836.9305, -12892435.3629 7113871.922, -12892458.3876 7113946.0172, -12892426.3837 7113974.4023, -12892429.439 7114017.1293, -12892783.7563 7113468.0475, -12893043.9027 7113404.6993, -12893153.0818 7113063.3014, -12893170.8063 7112659.29559999, -12893261.5977 7112665.2389, -12893828.3518 7112772.0199, -12893870.6276 7112801.199, -12894231.0042 7112668.9489, -12894506.8858 7112764.0766, -12894987.5131 7112758.4148, -12895436.5202 7112469.6751, -12895474.9666 7112460.016, -12895465.6093 7112418.5013, -12895642.1081 7112332.1575, -12895648.0193 7112015.0811, -12895660.5719 7111998.59759999, -12895721.0205 7111980.9056, -12895731.3591 7111988.5175, -12895728.7743 7112399.537, -12895867.1382 7112377.7709, -12895945.7947 7112289.8067, -12896005.8443 7112266.8844, -12896110.1812 7112285.646, -12896192.4567 7112263.6475, -12896305.8181 7112256.7692, -12896335.3078 7112288.0352, -12896359.7634 7112349.9978, -12896368.7387 7112513.6415, -12896354.1933 7112570.6958, -12896294.8713 7112639.8419, -12896297.3144 7112735.5103, -12896533.7661 7112844.8269, -12896557.7203 7112832.4871, -12896689.7679 7112675.9427, -12896793.6132 7112692.5955, -12896840.6169 7112728.4797, -12896947.5772 7112918.3968, -12896978.3302 7112938.1905, -12897056.3274 7113031.6357, -12897128.0951 7113077.8553, -12897219.4065 7113172.3428, -12897330.936 7113206.1774, -12897450.1791 7113077.942, -12897557.8752 7113058.1862, -12897625.2615 7113081.9828, -12897732.7039 7113050.3014, -12897870.8134 7112938.9006, -12897909.4751 7112954.9514, -12897983.6757 7113016.2169, -12898047.7488 7113041.6959, -12898063.1958 7113034.562, -12898124.8481 7113079.8347, -12898185.9698 7113158.6418, -12898220.7087 7113248.7623, -12898368.9967 7113387.9788, -12898406.6549 7113598.2349, -12898459.2414 7113687.8387, -12898466.5844 7113818.2099, -12898509.4735 7113826.6937, -12898584.4242 7113922.7076, -12898583.6148 7113949.7366, -12898560.5751 7113976.5161, -12898471.0309 7114016.2662, -12898476.3629 7114183.7442, -12898548.5871 7114162.9622, -12898741.592 7114056.3964, -12898841.3005 7114084.6893, -12898953.7149 7114012.7218, -12899039.6635 7113986.6604, -12899112.4376 7114025.353, -12899160.2526 7114131.4326, -12899245.4106 7114207.0423, -12899323.4139 7114203.9417, -12899397.0204 7114238.9703, -12899456.7318 7114238.8728, -12899489.8753 7114234.0456, -12899527.0741 7114201.3363, -12899554.7824 7114194.5347, -12899595.1962 7114235.2281, -12899613.6374 7114280.609, -12899621.8304 7114356.9927, -12899605.5457 7114453.8135, -12899683.0304 7114514.7845, -12899719.5054 7114508.809, -12899880.5983 7114404.8894, -12899942.7989 7114394.508, -12900024.525 7114424.5571, -12900059.0295 7114449.1504, -12900073.8326 7114478.4086, -12900069.9786 7114602.3721, -12900166.4075 7114693.8351, -12899995.7579 7114715.3708, -12899935.9169 7114819.6943, -12899836.1145 7114885.0516, -12899770.4962 7114901.7545, -12899801.1929 7114922.5475, -12900009.6558 7114986.6899, -12900675.9961 7114707.1066, -12901051.669 7115012.1057, -12901184.4713 7115047.0536, -12901331.2525 7115109.9597, -12901234.554 7115404.9749, -12901361.7517 7115628.3713, -12901480.3515 7115654.5196, -12901864.287 7115700.4006, -12902006.7825 7115743.0588, -12902122.7769 7115833.0599, -12902297.8418 7116061.5928, -12902482.5845 7116059.2371, -12902730.8352 7115970.5497, -12902922.4624 7115848.9368, -12903545.7014 7115781.3446, -12903754.8499 7115868.0126, -12904128.9726 7116071.6985, -12904352.9928 7116158.161, -12904517.5862 7116245.3923, -12904653.6269 7116422.3679, -12904690.9715 7116589.3599, -12904861.1525 7116536.565, -12905116.9357 7116547.7233, -12905278.256 7116458.8868, -12905397.1223 7116457.3267, -12905594.0712 7116552.1514, -12905801.0389 7116535.5807, -12905995.1562 7116657.879, -12905998.1402 7116884.8629, -12905718.1994 7117126.9368, -12905289.0971 7117297.2826, -12905202.9021 7117517.5556, -12905101.2098 7117697.6648, -12905060.5096 7117996.1679, -12905227.4818 7118262.163, -12905216.1194 7118530.5039, -12905505.9089 7119092.9111, -12905419.6517 7119317.5607, -12905199.2239 7119514.1724, -12905037.2725 7119635.5079, -12904966.2488 7119889.773, -12904924.5632 7120113.8563, -12904762.9824 7120264.9964, -12904451.1938 7120298.8668, -12904259.2905 7120405.6847, -12903829.7189 7120530.4811, -12903590.1402 7120399.4464, -12903336.0856 7120298.3992, -12903275.6694 7120224.6616, -12903278.7226 7120463.073, -12903311.3178 7120686.2075, -12903283.1121 7120805.8017, -12903257.9584 7121163.8303, -12903261.3934 7121432.07509999, -12903415.2309 7121832.5448, -12903580.8898 7121994.3757, -12903626.8368 7122098.1268, -12903628.7524 7122247.1681, -12903542.4079 7122471.8867, -12903485.9903 7122711.1324, -12903459.1189 7122935.096, -12903179.0589 7123132.5083, -12902955.805 7123120.4671, -12902701.6711 7123019.3654, -12902553.1536 7123036.1727, -12902209.9931 7122951.1014, -12901673.8997 7122898.2779, -12901230.5904 7123127.5025, -12900983.388 7123002.6128, -12900679.8828 7123205.0203, -12900711.7739 7123330.5454, -12900797.259 7123938.457, -12900604.7025 7124372.1122, -12899967.7029 7124326.3112, -12899757.3039 7124248.1479, -12899408.8565 7124330.3105, -12899203.4398 7124817.2123, -12898944.7381 7125320.1732, -12898817.5813 7125764.8007, -12898737.667 7125794.1623, -12898616.1333 7125797.246, -12898576.3337 7125773.9298, -12898542.6179 7125793.7499, -12898482.7315 7125796.4471, -12898263.5431 7125721.6416, -12898167.2942 7125710.4903, -12898107.0713 7125724.6753, -12898043.8897 7125702.597, -12897967.8282 7125700.3559, -12897838.2331 7125602.42539999, -12897759.7313 7125591.3395, -12897707.8636 7125563.5762, -12897673.0912 7125567.3732, -12897624.5799 7125610.4397, -12897503.9764 7125651.5182, -12897395.6537 7125631.1175, -12897215.4111 7125702.8168, -12897088.3292 7125689.4284, -12896984.433 7125717.7341, -12896832.9001 7125695.163, -12896706.517 7125707.0142, -12896520.2306 7125699.3175, -12896471.2355 7125728.7072, -12896351.7765 7125716.1846, -12896280.1432 7125732.4962, -12896172.6834 7125691.9719, -12896137.165 7125690.4033, -12896236.5022 7125902.6915, -12896283.0878 7126066.1835, -12896285.4004 7126260.0376, -12896153.1061 7126395.8507, -12896034.6201 7126442.0114, -12895826.8683 7126489.2358, -12895632.0479 7126372.2412, -12895533.9802 7126032.4794, -12895443.2138 7126081.21589999, -12895381.4701 7126221.2477, -12895327 7126264.7461, -12895205.615 7126300.178, -12895065.4149 7126369.1364, -12894825.8943 7126396.1607, -12894501.4841 7126491.8121, -12894248.1137 7126456.8665, -12894052.6438 7126449.8804, -12893945.4743 7126421.8286, -12893858.7899 7126359.4417, -12893713.3901 7126193.8383, -12893614.5513 7126148.6334, -12893539.1385 7126148.7613, -12893461.3287 7126169.3447, -12893012.9881 7126355.2189, -12892887.4722 7126378.917, -12892805.0312 7126370.5453, -12892556.4168 7126310.4073, -12892313.8929 7126297.6874, -12892268.284 7126316.7911, -12892225.4785 7126317.1684, -12892176.6486 7126303.5197, -12892148.526 7126256.8517, -12892022.1171 7126188.9568, -12891872.0258 7126041.4955, -12891498.4971 7126008.2047, -12891418.1373 7126024.9337, -12891376.2787 7126065.4799, -12891324.0516 7126174.1624, -12891305.2711 7126267.0211, -12891305.9767 7126404.0017, -12891287.1509 7126463.4815, -12891246.7747 7126503.7077, -12891196.5683 7126521.521, -12891143.7449 7126519.0326, -12891074.235 7126489.3395, -12890890.1928 7126785.2125, -12890818.3162 7127009.7541, -12890820.3278 7127188.7195, -12890836.5482 7127307.8639, -12890867.3128 7127397.0133, -12890971.9719 7127440.5788, -12891077.8091 7127588.5455, -12891123.6257 7127692.4433, -12891110.7642 7127871.5926, -12890921.8536 7128276.5036, -12890924.0359 7128470.4139, -12890791.9478 7128636.0088, -12890614.3718 7128727.5237, -12890387.5436 7128756.5286, -12890399.2737 7128911.7474, -12890385.2645 7129300.3506, -12890409.322 7129363.7758, -12890507.6621 7129478.6753, -12890620.3823 7129666.5574, -12890698.05 7129750.5509, -12890875.4593 7129863.8508, -12891262.2597 7130029.9183, -12891350.1952 7130052.5149, -12891431.2591 7130034.5672, -12891478.7219 7129993.30399999, -12891566.0656 7129820.182, -12891606.8446 7129774.7414, -12891844.0586 7129640.3123, -12891923.0521 7129615.4784, -12892084.1061 7129624.6381, -12892182.2885 7129615.1445, -12892242.158 7129591.0918, -12892288.587 7129552.0292, -12892315.3741 7129469.5185, -12892248.622 7129244.3963, -12892245.6347 7129175.8276, -12892264.4683 7129105.4601, -12892300.2747 7129037.3454, -12892473.1588 7128810.961, -12892504.0046 7128787.3278, -12892576.7007 7128768.5537, -12892650.9382 7128791.4904, -12892711.5218 7128845.8275, -12892815.1841 7128974.3464, -12892854.1425 7129081.9322, -12892833.9928 7129274.3284, -12892693.8054 7129682.8733, -12892688.8498 7129754.523, -12892700.8111 7129825.2273, -12892737.9156 7129891.7691, -12892830.2722 7129972.382, -12892939.9089 7130037.0256, -12893093.6528 7130103.7668, -12892974.9507 7129789.6105, -12892893.729 7129683.6295, -12892898.942 7129646.8481, -12892865.3563 7129583.7649, -12892890.8096 7129409.1358, -12893125.9221 7129158.6826, -12893280.1347 7129037.6182, -12893379.2178 7128898.8439, -12893431.7947 7128696.389, -12893447.869 7128503.5377, -12893510.0181 7128337.6778, -12893627.6036 7128217.0451, -12893736.5671 7128142.3829, -12893831.9279 7128153.2025, -12894102.5382 7127911.7115, -12894354.8038 7127849.0846, -12894669.2089 7128009.4766, -12894833.0678 7128022.4618, -12895130.675 7128018.9435, -12895399.4025 7128090.3445, -12895551.3854 7128357.0592, -12895719.0041 7128743.4344, -12895829.4066 7128753.7538, -12896017.1414 7128845.0562, -12896271.3729 7128922.1947, -12896511.3201 7128919.315, -12896698.586 7128970.5173, -12897168.6992 7128899.7763, -12897269.7029 7128926.07810001, -12897407.9799 7129006.9765, -12897482.3053 7129097.825, -12897520.2448 7129207.466, -12897540.1022 7129335.679, -12897523.7935 7129501.0353, -12897525.6789 7129656.9984, -12897564.3984 7129830.8689, -12897621.3152 7129995.3457, -12897689.9012 7130121.1282, -12897725.9441 7130134.1779, -12897820.8914 7130266.68, -12897836.6553 7130466.9799, -12897879.0867 7130666.9595, -12897961.521 7130866.4559, -12897976.9652 7131040.0399, -12897912.2425 7131201.2382, -12897807.1896 7131336.195, -12897568.1399 7131419.3106, -12897461.3019 7131407.2404, -12897235.4199 7131476.8188, -12896995.8779 7131519.8201, -12896730.4648 7131629.9669, -12896417.4727 7131909.577, -12896291.0484 7132057.9483, -12896195.1683 7132423.0531, -12896184.9058 7132811.2542, -12896077.6783 7132954.9673, -12897103.7721 7132948.2073, -12897071.5803 7133108.1858, -12897158.096 7133226.5462, -12897412.0117 7133110.1936, -12897552.3377 7132957.0719, -12897764.9215 7132901.0448, -12897942.9192 7132884.3924, -12898129.1291 7132553.8183, -12898225.2275 7132509.5924, -12898473.7297 7132732.0601, -12898749.3634 7132746.4868, -12899094.2127 7132608.6384, -12899378.9469 7132640.7436, -12899542.2716 7132914.8257, -12899545.9001 7133208.7106, -12899610.6988 7133359.3143, -12899958.628 7133368.3383, -12900003.6876 7133406.899, -12900627.5197 7133008.1715, -12900875.6208 7132951.6146, -12901089.8557 7133029.0802, -12901198.9315 7133223.6602, -12901354.6779 7133595.80349999, -12901299.3092 7134139.884, -12901534.3519 7134373.6123, -12901231.0476 7135243.7826, -12901283.3299 7135479.9041, -12901361.2535 7136535.8984, -12901628.4203 7136799.91879999, -12901962.3787 7137705.1994, -12901873.3233 7138044.7064, -12901984.6427 7138497.4049, -12901661.8161 7139025.5864, -12901940.115 7139251.9605, -12902596.8999 7139308.555, -12902852.9347 7139176.5018, -12903175.7612 7139648.1309, -12902819.5389 7139780.1921, -12903008.782 7139855.6566, -12903198.025 7140251.8575, -12903298.2127 7140497.1345, -12903209.1572 7140553.73789999, -12902975.3862 7140572.6057, -12902930.8584 7140817.8927, -12902574.636 7140931.1047, -12902574.6359 7141119.7952, -12902797.275 7141233.0113, -12903342.7405 7141214.1417, -12903476.324 7141233.0112, -12903598.7752 7141327.3595, -12903943.8658 7141459.4489, -12904344.616 7141497.1891, -12905045.9286 7141534.9293, -12905224.04 7141629.281, -12905290.8316 7141874.6011, -12905235.1718 7142044.4422, -12905335.3594 7142421.8804, -12905457.8108 7142478.4974, -12905635.922 7142327.5192, -12905802.9012 7142346.3913, -12905814.0331 7142553.988, -12905891.957 7142667.2248, -12906125.7276 7142742.717, -12906459.6861 7142742.717, -12906726.853 7142874.8298, -12906715.721 7142950.3241, -12906370.6305 7143195.6849, -12906114.5958 7143157.9367, -12905880.8249 7143327.8055, -12905869.6928 7143573.1781, -12906170.2555 7143856.3097, -12906437.4224 7143610.9284, -12906771.3809 7143610.9283, -12907060.8115 7143705.3048, -12907272.3185 7143743.056, -12907684.2006 7143912.9371, -12907995.8952 7144082.8224, -12908129.4787 7144365.9724, -12908174.0064 7144611.37740001, -12908096.0828 7144837.9116, -12907984.7633 7144913.4243, -12907650.8046 7144781.2774, -12907550.6173 7144837.9116, -12907461.5616 7145064.4525, -12907439.2977 7145290.9997, -12907127.6033 7145649.7129, -12906838.1725 7145857.3965, -12906815.9086 7146027.3235, -12906604.4015 7146404.9516, -12906982.8878 7146499.362, -12908007.0271 7146631.5378, -12908374.3814 7146782.5985, -12908474.569 7147084.7289, -12908441.1732 7147349.1022, -12908352.1175 7147821.2195, -12908452.3052 7148066.7318, -12908329.8536 7148047.8459, -12907917.9716 7147556.8306, -12907661.9368 7147386.8705, -12907428.1659 7147386.8705, -12907172.131 7147216.9143, -12907016.2837 7146971.4284, -12906804.7766 7146858.1301, -12906292.707 7146839.2472, -12906070.068 7146744.833, -12906014.4082 7146763.7156, -12905936.4845 7147084.7288, -12905891.9568 7147349.1022, -12905680.4498 7147273.5662, -12905680.4498 7147311.3341, -12905424.415 7147198.0305, -12905424.4149 7147216.9143, -12905224.0399 7147084.7289, -12905179.5121 7147670.1392, -12905001.4009 7147934.5322, -12904522.7271 7148274.479, -12904378.0118 7148425.5713, -12904277.8242 7148463.3446, -12904211.0325 7148406.6845, -12904121.9769 7148444.458, -12903687.831 7148331.1384, -12902997.65 7148482.2315, -12902719.3514 7148406.6846, -12902396.5248 7148161.1617, -12901795.3995 7147991.189, -12901572.7605 7147896.7612, -12901494.8369 7147613.4844, -12901428.0451 7147254.6823, -12901194.2743 7147292.4501, -12901005.0311 7147594.5997, -12900993.8992 7147103.6124, -12900604.281 7146574.8906, -12900181.2669 7146688.1852, -12899802.7806 7146518.244, -12899591.2735 7146404.9517, -12899390.8985 7146102.8476, -12899045.8081 7145876.2771, -12898645.0581 7145762.994, -12898433.5508 7145895.15779999, -12898277.7037 7146102.8477, -12897888.0853 7146159.4913, -12897275.8282 7145951.7997, -12897075.4532 7145989.5613, -12897275.8283 7146235.0171, -12897609.7867 7146593.7727, -12897999.4049 7147254.6823, -12898099.5925 7147670.1391, -12898366.7591 7147877.8758, -12898856.5649 7147953.4178, -12899479.9541 7147896.7612, -12899969.7599 7148161.1617, -12900103.3433 7148520.0056, -12900069.9473 7148557.7796, -12900047.6836 7148520.0056, -12900003.1557 7148520.0055, -12899992.0238 7148482.2315, -12899980.8919 7148482.2316, -12899958.6279 7148520.0056, -12900014.2878 7148576.6665, -12900003.1557 7148595.5536, -12900014.2878 7148633.3279, -12899958.628 7148633.3279, -12899925.2321 7148671.1024, -12899925.2321 7148689.9896, -12899869.5724 7148746.6519, -12899825.0446 7148708.8771, -12899836.1766 7148689.9895, -12899825.0446 7148652.2149, -12899813.9126 7148671.1023, -12899791.6488 7148671.1023, -12899780.5167 7148708.8772, -12899747.1208 7148708.8772, -12899735.989 7148746.6521, -12899758.2528 7148765.5396, -12899758.253 7148784.427, -12899735.9891 7148803.3146, -12899769.3848 7148841.0898, -12899724.857 7148878.8653, -12899769.3848 7148878.8654, -12899780.5167 7148897.7531, -12899791.6487 7148973.3051, -12899769.3847 7148973.305, -12899758.2528 7149011.0811, -12899769.3849 7149011.081, -12899769.3849 7149029.9692, -12899735.989 7149029.9692, -12899724.8569 7149048.8573, -12899702.5931 7149048.8574, -12899691.4612 7149029.9692, -12899324.1069 7149011.081, -12899301.8431 7148973.305, -12899312.975 7148878.8652, -12899290.7111 7148878.8654, -12899290.7109 7148897.753, -12899268.4472 7148878.8653, -12899246.1832 7148935.5291, -12899212.7874 7148935.5291, -12899212.7874 7148916.6411, -12899168.2596 7148878.8652, -12899101.4678 7148897.7531, -12899079.2041 7148916.6412, -12899068.0722 7148897.753, -12899079.204 7148878.8653, -12899068.0721 7148822.2022, -12899034.6763 7148822.2021, -12899023.5443 7148803.3146, -12899045.8081 7148784.4269, -12899090.3359 7148784.427, -12899101.4677 7148803.3145, -12899123.7318 7148784.427, -12899145.9957 7148784.427, -12899168.2595 7148746.652, -12899101.4679 7148689.9896, -12899068.0721 7148689.9895, -12899034.6761 7148727.7647, -12899034.6762 7148746.652, -12899001.2804 7148746.6519, -12899001.2803 7148727.7646, -12898979.0165 7148859.9774, -12898923.3568 7148878.8654, -12898878.829 7148916.6411, -12898912.2247 7148954.4171, -12898945.6206 7148954.417, -12898967.8844 7148973.305, -12898979.0163 7149011.0812, -12899123.7317 7149029.9692, -12899179.3917 7149011.081, -12899190.5235 7149029.9692, -12899179.3915 7149048.8574, -12899201.6554 7149067.7455, -12899235.0512 7149048.8573, -12899301.843 7149048.8574, -12899312.975 7149105.522, -12899324.1068 7149105.522, -12899324.1069 7149086.6337, -12899346.3707 7149086.6337, -12899346.3707 7149105.522, -12899368.6347 7149105.522, -12899390.8985 7149124.4107, -12899379.7665 7149143.2991, -12899379.7666 7149237.7415, -12899357.5026 7149199.9644, -12899324.1068 7149218.853, -12899312.9748 7149181.076, -12899290.7109 7149181.0759, -12899279.579 7149162.1876, -12899268.4472 7149218.853))"
48,21023,1139,2023-10-15 06:33:14,PWF103, ,100.7,2023-07-16,2104,0 - hand sketch of any type,Wildfire,Under Control,2023/07/23 15:10:00,D,96.4,1689536460000,Lightning,5,a7f9a5cd-e31f-4ee5-ba8a-8cf28b068ec9,3375459.828125,8774.14856190608,"POLYGON ((-13175168.9048 7764967.6097, -13175192.2862 7764530.4759, -13175219.7609 7764405.0647, -13175324.3324 7764267.6673, -13175427.5378 7764184.2321, -13175506.9626 7764141.6971, -13175687.049 7764105.3771, -13175963.986 7764134.2797, -13176422.902 7764262.5556, -13176644.8179 7764348.782, -13176766.1576 7764415.2845, -13176911.9129 7764533.893, -13177347.1009 7765009.7962, -13177545.6409 7765172.2817, -13177646.917 7765282.6225, -13177770.0931 7765484.0392, -13177863.4464 7765750.074, -13178054.4513 7765956.5141, -13178163.5921 7766103.8161, -13178315.0402 7766356.6759, -13178329.9492 7766390.6806, -13178319.1739 7766449.3637, -13178300.2854 7766475.605, -13178238.9513 7766507.0909, -13178091.539 7766525.0041, -13177815.2536 7766495.8835, -13177541.0486 7766392.1024, -13177423.9643 7766319.6371, -13177326.5403 7766217.4037, -13177015.911 7765729.6802, -13176897.6695 7765597.5533, -13176783.4248 7765559.0879, -13176398.8212 7765644.8708, -13175986.618 7765634.3612, -13175917.4317 7765602.0673, -13175861.6008 7765546.2024, -13175720.7465 7765294.6132, -13175638.5783 7765202.9092, -13175521.1944 7765138.6812, -13175177.2718 7764994.9843, -13175168.9048 7764967.6097))"
49,21026,515,2023-10-15 06:33:14,MSZ001, ,80.0,2023-06-03,1447,1 - non-corrected ground GPS,Mutual Aid,Being Held,2023/06/03 15:00:00,D,75.0,,,5,bd2e78be-a973-4c51-9f00-617efbfc8b8f,2991522.171875,7000.9540497625,"POLYGON ((-12245590.7029 8169812.1441, -12245446.9029 8169778.2095, -12245367.0147 8169724.72609999, -12245278.6272 8169613.4449, -12245247.9788 8169524.134, -12245237.1611 8169339.0942, -12245244.7015 8168487.3472, -12245274.5482 8167802.43289999, -12245504.2182 8167724.8208, -12245997.0984 8167625.54909999, -12246271.4361 8167542.9165, -12246369.6757 8167547.2538, -12246452.1642 8167610.20489999, -12246510.3847 8167749.6791, -12246515.907 8167873.2074, -12246477.6706 8168298.9426, -12246497.1623 8168458.1465, -12246529.8559 8168569.6467, -12246589.3963 8168671.5287, -12246646.0654 8168729.88139999, -12246923.2431 8168906.9633, -12247039.9785 8169020.9441, -12247085.6299 8169134.6003, -12247076.5891 8169262.0772, -12247039.9491 8169341.9863, -12246983.7302 8169412.5939, -12246870.0058 8169500.1911, -12246781.5295 8169544.1422, -12245799.3051 8169794.5639, -12245590.7029 8169812.1441))"
50,21032,1419,2023-10-15 06:33:14,SWF068, ,141757.2,2023-08-19,1800,1 - non-corrected ground GPS,Wildfire,Under Control,2023/08/13 12:00:00,E,143039.0,1683292320000,Lightning,3,c49e175d-713c-4ba1-9e09-bd4c6c73e164,4526469005.13281,1150389.2332324,"MULTIPOLYGON (((-12997960.1621 7582489.5374, -12997925.1462 7582474.9287, -12997901.6085 7582514.7036, -12997846.5968 7582547.9948, -12997604.458 7582635.5826, -12997491.0009 7582641.4382, -12997119.1116 7582756.8952, -12996897.3852 7582855.4404, -12996781.6178 7582924.3057, -12996705.3499 7583101.1224, -12996604.0738 7583422.2512, -12996439.6632 7583441.5506, -12996324.1185 7583497.0647, -12996339.5565 7583552.6619, -12996384.687 7583572, -12996379.1787 7583599.81319999, -12996332.697 7583614.1399, -12996301.2542 7583665.7528, -12996203.9431 7583683.496, -12996157.4003 7583726.8591, -12996151.6303 7583770.7226, -12996196.4501 7583804.5854, -12996247.9197 7583807.3577, -12996301.1773 7583773.3363, -12996335.8255 7583774.1338, -12996344.3318 7583754.166, -12996389.7551 7583725.944, -12996408.1512 7583727.888, -12996432.655 7583742.8524, -12996487.8726 7583836.5164, -12996484.1493 7583852.6308, -12996452.7176 7583867.1888, -12996466.5436 7583869.0738, -12996464.2442 7583895.3267, -12996440.3732 7583957.0006, -12996455.5586 7583986.2702, -12996424.6344 7584007.2134, -12996447.756 7584038.2198, -12996432.4708 7584049.3418, -12996466.4401 7584069.9188, -12996449.0375 7584078.1597, -12996444.875 7584101.8011, -12996460.2979 7584130.7512, -12996457.1519 7584199.7694, -12996384.7373 7584242.2549, -12996382.5486 7584241.3455, -12996382.5984 7584243.3173, -12996384.7373 7584242.2549, -12996411.5515 7584275.8482, -12996357.6651 7584317.1171, -12996268.0143 7584278.0861, -12996279.942 7584297.4474, -12996275.4346 7584315.9919, -12996262.9132 7584315.3141, -12996226.8047 7584277.9957, -12996171.4637 7584291.6975, -12996143.0275 7584262.8658, -12996096.1609 7584267.3166, -12996051.9819 7584296.6491, -12995967.4797 7584237.2738, -12996022.5662 7584307.9856, -12996096.8363 7584344.1308, -12996050.3742 7584401.0595, -12996069.1782 7584422.8266, -12996122.9434 7584404.0671, -12996120.823 7584391.748, -12996155.0846 7584402.5887, -12996153.0252 7584385.1878, -12996164.8305 7584382.0137, -12996212.287 7584403.6293, -12996217.6354 7584428.338, -12996243.6004 7584420.7214, -12996259.4606 7584467.5958, -12996589.7966 7584475.9718, -12996569.0038 7584509.1441, -12996445.1407 7584615.086, -12996352.91 7584736.6732, -12996249.0329 7584813.83429999, -12996217.3452 7584877.90209999, -12996182.9028 7584890.3864, -12996009.4055 7585061.0887, -12995871.1414 7585219.0193, -12995765.7183 7585269.2059, -12995389.3092 7585385.6405, -12995230.2254 7585555.7777, -12995140.4331 7585674.9392, -12995070.3457 7585806.711, -12995021.6898 7585947.8498, -12994952.3728 7586252.259, -12994900.8521 7586329.9325, -12994767.2496 7586425.5911, -12994541.4083 7586488.094, -12994351.4497 7586589.0426, -12994177.91 7586742.5543, -12994054.3775 7586918.9215, -12993978.185 7587102.657, -12993914.1039 7587455.462, -12993834.5449 7587669.2001, -12993767.4746 7588074.6763, -12993705.333 7588203.037, -12993665.3324 7588329.64500001, -12993641.8392 7588477.1505, -12993640.72 7588612.7921, -12993601.0373 7588788.1206, -12993549.4862 7588865.8109, -12993415.8228 7588961.4782, -12993271.5324 7588994.3236, -12993125.3133 7588968.6458, -12992913.1949 7589060.128, -12992295.3776 7589016.095, -12992087.2685 7588694.2499, -12991872.5013 7588682.6675, -12991660.637 7588719.7891, -12991477.0452 7588795.6798, -12991338.8243 7588887.063, -12991195.2981 7589028.3965, -12991056.8616 7589127.4159, -12990912.5575 7589160.2177, -12990546.9042 7589096.7091, -12990398.0463 7589088.6518, -12990233.4818 7589107.1698, -12990074.6245 7589154.0394, -12989857.5116 7589274.1648, -12989819.0542 7589309.8208, -12989844.4608 7589336.2522, -12989845.1747 7589357.39, -12989791.015 7589405.6237, -12989817.2603 7589437.61379999, -12989765.707 7589464.564, -12989766.1892 7589495.0042, -12989732.5852 7589503.9887, -12989683.3662 7589468.8792, -12989649.463 7589482.8757, -12989625.8137 7589471.2635, -12989561.4619 7589522.494, -12989534.9016 7589523.3077, -12989565.2906 7589632.414, -12989477.4404 7589926.4514, -12989396.5628 7589900.0156, -12989293.1142 7589894.0572, -12989273.3369 7589878.809, -12989212.417 7589970.5455, -12989184.5678 7589982.444, -12989116.558 7589966.1425, -12989048.9866 7589994.6194, -12989039.5187 7589986.1442, -12989053.5318 7589891.729, -12989034.1768 7589859.5782, -12989012.475 7589853.2674, -12988951.4991 7589924.1009, -12988928.0666 7589917.9544, -12988913.1101 7589971.9688, -12988929.1581 7590016.1087, -12989027.1216 7590078.1217, -12989023.7374 7590143.4077, -12989001.9287 7590150.9793, -12988982.7563 7590137.0458, -12988974.7195 7590152.4106, -12988920.3811 7590155.4487, -12988916.4071 7590185.8417, -12988929.8899 7590201.2814, -12988876.1311 7590214.4296, -12988876.1433 7590266.1442, -12988806.4392 7590276.7641, -12988799.1147 7590292.4825, -12988753.1043 7590312.1521, -12988732.4216 7590291.2144, -12988691.0933 7590300.7741, -12988686.8022 7590282.69, -12988667.6206 7590284.2688, -12988671.2665 7590257.5465, -12988653.9922 7590232.7289, -12988619.5587 7590233.0353, -12988595.66 7590259.8587, -12988596.3888 7590286.5119, -12988637.3357 7590322.6667, -12988593.32 7590332.0692, -12988590.223 7590551.7991, -12988565.3332 7590537.134, -12988533.6875 7590558.5845, -12988535.429 7590573.5764, -12988477.2636 7590590.1086, -12988434.0323 7590569.137, -12988429.8375 7590540.42979999, -12988410.6004 7590526.9366, -12988399.191 7590547.5321, -12988367.8792 7590536.2673, -12988369.9765 7590490.0585, -12988338.2829 7590476.8089, -12988310.4516 7590498.6559, -12988331.1308 7590519.1061, -12988329.5132 7590547.3208, -12988224.1186 7590601.6892, -12988132.4093 7590682.6123, -12988273.7963 7590767.3282, -12988310.1236 7590845.9279, -12988288.8094 7590954.4268, -12988336.9673 7590973.0717, -12988341.6091 7590917.5526, -12988385.5158 7590888.7163, -12988385.0467 7590864.7238, -12988392.0722 7590873.8365, -12988409.1523 7590858.1508, -12988405.1173 7590825.132, -12988446.0789 7590835.247, -12988465.4306 7590866.7852, -12988487.5343 7590858.6306, -12988538.7737 7590758.6913, -12988577.0359 7590815.7484, -12988616.6131 7590842.7692, -12988628.8473 7590837.8586, -12988639.8802 7590873.1324, -12988685.0343 7590900.12479999, -12988769.3788 7590754.862, -12988935.8908 7590715.3609, -12989002.1193 7590685.0728, -12989137.3862 7590708.7593, -12989180.0666 7590679.2211, -12989261.0104 7590561.7658, -12989384.1214 7590455.2755, -12989416.1143 7590478.486, -12989416.8821 7590509.9599, -12989368.0079 7590653.6249, -12989441.3719 7590716.3139, -12989728.1546 7590877.2486, -12989845.9452 7590983.108, -12989859.7233 7591373.0969, -12990074.7239 7591540.6645, -12990158.1446 7591824.8209, -12990083.3536 7591948.8197, -12989907.8821 7592072.8204, -12989755.4234 7592124.488, -12989539.6798 7592310.4941, -12989282.7946 7592463.8406, -12989291.8225 7592469.14, -12989226.3058 7592781.4292, -12988765.8899 7592783.4154, -12988492.6043 7592997.7228, -12988372.4025 7593214.7634, -12987821.6084 7593004.3988, -12987650.1227 7592782.6392, -12987514.6579 7592700.8016, -12987455.5851 7592742.8378, -12987401.265 7592832.3255, -12987267.4555 7592927.9363, -12987105.1427 7592964.7479, -12986867.9036 7592982.1474, -12986648.0582 7593055.3994, -12986466.2464 7593096.6647, -12986377.5888 7593081.0151, -12986282.1841 7593119.9329, -12986232.6933 7593125.6462, -12986207.9501 7593076.9673, -12986113.6143 7593038.0963, -12986035.0682 7592929.9317, -12985977.2944 7592874.752, -12986020.1147 7592777.04029999, -12985936.4352 7592754.3685, -12985862.9249 7592641.9713, -12985766.9977 7592536.2843, -12985741.8033 7592598.5991, -12985699.3431 7592624.5458, -12985688.2342 7592669.2958, -12985620.6859 7592703.715, -12985612.8093 7592764.7922, -12985585.9797 7592781.6194, -12985592.4631 7592812.8863, -12985549.8674 7592813.0236, -12985551.4091 7592834.5858, -12985276.7328 7592854.8541, -12985208.7228 7592891.0016, -12984989.316 7593062.3385, -12984869.9531 7593237.5385, -12984678.0418 7593389.848, -12984537.6263 7593553.2522, -12984442.7967 7593638.2622, -12984424.5015 7593665.9389, -12984454.3186 7593676.4865, -12984455.38 7593716.7922, -12984426.6932 7593720.9497, -12984394.1232 7593824.482, -12984325.5311 7593818.0994, -12984281.9244 7593829.4236, -12984162.1649 7594141.4983, -12984002.8761 7594288.7144, -12983876.1693 7594460.9191, -12983639.929 7594614.1204, -12983548.5067 7594710.2191, -12983376.6908 7594743.5418, -12983434.7394 7594878.5318, -12983437.5952 7594999.4144, -12983291.3547 7595077.2946, -12983283.6261 7595126.7894, -12983252.1142 7595157.6227, -12983247.7888 7595181.1672, -12983176.2166 7595218.1445, -12983161.2652 7595330.0263, -12983129.0598 7595396.7106, -12983035.5065 7595452.3666, -12982999.1562 7595502.6525, -12982980.799 7595493.9669, -12982957.8857 7595409.6278, -12982921.3046 7595418.6337, -12982876.9789 7595383.4934, -12982851.2217 7595383.3768, -12982639.3761 7595596.1023, -12982564.5687 7595631.7416, -12982514.3975 7595707.0281, -12982380.204 7595814.138, -12982238.6022 7595845.1261, -12982159.0557 7595840.53, -12981961.0354 7595873.3443, -12981807.9567 7595937.5895, -12981672.3158 7595935.6607, -12981624.6309 7595951.7512, -12981543.146 7595938.7102, -12981482.4407 7595960.341, -12981454.7241 7596013.7052, -12981418.8706 7596031.8395, -12981310.4903 7596045.222, -12981217.8265 7596033.5757, -12981058.1405 7596061.9235, -12981044.9929 7596130.746, -12980996.1338 7596137.4698, -12980903.3495 7596208.8314, -12980838.076 7596222.5826, -12980806.2737 7596201.1547, -12980763.475 7596200.1048, -12980683.0623 7596237.8883, -12980665.6026 7596285.1288, -12980570.1489 7596266.3205, -12980554.3507 7596313.1781, -12980512.5166 7596323.1973, -12980485.223 7596322.546, -12980487.1496 7596307.4111, -12980469.4887 7596326.6255, -12980432.6141 7596321.8574, -12980416.2755 7596313.2311, -12980432.427 7596295.0302, -12980388.3477 7596295.3812, -12980367.6835 7596276.9767, -12980358.0243 7596299.5738, -12980332.0473 7596279.1322, -12980320.9167 7596285.458, -12980328.7463 7596305.6848, -12980317.8408 7596336.9176, -12980263.1953 7596354.2988, -12980256.7174 7596306.8841, -12980240.435 7596355.8807, -12980114.0009 7596285.0277, -12980108.5848 7596296.1599, -12980159.8648 7596330.4674, -12980101.4308 7596343.4802, -12980004.5524 7596304.6503, -12979958.6677 7596338.1765, -12979910.7594 7596334.7799, -12979888.5497 7596352.2579, -12979867.3655 7596442.939, -12979904.1432 7596453.763, -12979932.8313 7596495.365, -12979926.4594 7596523.8171, -12979887.9879 7596546.8458, -12979806.1894 7596534.442, -12979778.1395 7596479.1566, -12979747.4904 7596456.5615, -12979745.9745 7596429.2442, -12979737.5002 7596441.3448, -12979705.153 7596434.7923, -12979648.0248 7596456.59839999, -12979625.0227 7596448.3565, -12979582.7067 7596391.5984, -12979562.3769 7596405.9267, -12979494.7636 7596409.6482, -12979455.968 7596464.3781, -12979433.3052 7596446.0913, -12979225.2743 7596382.8415, -12979208.0802 7596483.4592, -12979184.9774 7596507.563, -12979150.9482 7596498.7467, -12979127.0382 7596538.1643, -12979107.3841 7596529.6997, -12979028.7801 7596560.8906, -12978965.0428 7596621.2133, -12978956.6815 7596676.6128, -12978917.4861 7596733.2924, -12978871.7114 7596724.2385, -12978852.413 7596705.8287, -12978849.8343 7596679.8482, -12978806.9299 7596682.164, -12978801.6191 7596649.4033, -12978691.4681 7596716.1104, -12978470.8189 7596743.9681, -12978466.2392 7596790.0375, -12978481.4718 7596806.38, -12978471.9646 7596828.8374, -12978484.8077 7596838.736, -12978463.8479 7596879.3653, -12978466.9797 7596943.971, -12978528.3241 7596973.8665, -12978483.525 7597040.1719, -12978448.7304 7597058.7856, -12978339.3783 7597038.0277, -12978273.4663 7597005.4748, -12978232.623 7597023.1063, -12978202.7767 7597073.0044, -12978161.9911 7597074.0116, -12978104.8539 7597049.2815, -12978038.0387 7597058.6312, -12978008.2943 7596996.8294, -12977966.5981 7597036.1047, -12977983.7412 7597044.0607, -12977965.3701 7597068.6779, -12977937.179 7597030.679, -12977898.8579 7597032.3373, -12977873.2961 7597049.167, -12977843.4837 7597040.0266, -12977831.4549 7597012.8933, -12977850.699 7596980.6279, -12977806.4537 7596965.5177, -12977806.6882 7596935.2905, -12977845.3024 7596889.7533, -12977893.613 7596886.5728, -12977934.9553 7596863.2498, -12977936.8203 7596832.9115, -12977922.6274 7596814.7089, -12977933.909 7596784.2024, -12977885.5118 7596748.0802, -12977873.9456 7596758.2418, -12977882.9468 7596780.5841, -12977849.2275 7596795.984, -12977764.2118 7596771.0529, -12977735.0373 7596732.75859999, -12977719.966 7596677.7722, -12977736.6615 7596624.0859, -12977678.7148 7596576.9994, -12977637.7217 7596578.4732, -12977592.2807 7596556.9446, -12977547.7311 7596527.3235, -12977514.138 7596476.408, -12977544.2838 7596436.9606, -12977612.8352 7596452.79159999, -12977624.3273 7596439.3818, -12977616.477 7596400.4232, -12977545.7595 7596354.64239999, -12977460.0718 7596330.688, -12977402.0278 7596290.3597, -12977398.8976 7596275.1026, -12977392.6333 7596289.0174, -12977416.9158 7596313.1796, -12977399.6335 7596331.362, -12977405.5757 7596353.8805, -12977341.1518 7596353.6774, -12977345.7247 7596392.6664, -12977315.0314 7596480.2843, -12977260.3298 7596514.3482, -12977322.9993 7596572.8324, -12977363.4149 7596560.739, -12977371.037 7596577.6884, -12977382.4906 7596571.4247, -12977397.7907 7596625.5926, -12977357.5323 7596652.9675, -12977361.1081 7596691.9865, -12977329.3323 7596699.4115, -12977297.3133 7596675.7104, -12977250.178 7596669.1527, -12977230.6449 7596687.3159, -12977160.4007 7596706.9703, -12977144.1105 7596736.4694, -12977165.7066 7596766.6355, -12977165.3594 7596791.5731, -12977134.9055 7596803.4683, -12977108.5854 7596790.2046, -12977092.4715 7596813.1334, -12977046.3477 7596805.228, -12977039.0435 7596819.0559, -12976949.2402 7596834.6092, -12976956.4075 7596803.5959, -12977000.3693 7596749.2822, -12977031.9984 7596743.52929999, -12977030.1062 7596726.5067, -12977010.8921 7596686.2893, -12976947.228 7596663.4836, -12976937.4248 7596608.842, -12976896.281 7596589.49050001, -12976889.4197 7596639.3364, -12976908.3708 7596679.2506, -12976892.1663 7596705.6946, -12976905.7803 7596748.8688, -12976883.0419 7596823.7416, -12976900.8304 7596909.4691, -12976888.3346 7596936.4508, -12976800.2685 7596961.5535, -12976796.25 7596986.6447, -12976775.8137 7597002.9846, -12976744.5725 7597001.932, -12976733.2079 7597024.7125, -12976668.6663 7597021.1512, -12976626.9796 7597053.188, -12976589.2946 7597027.3722, -12976582.4388 7597004.2023, -12976598.9292 7596965.136, -12976578.5936 7596938.1102, -12976571.4968 7596881.928, -12976587.1205 7596836.9943, -12976565.9795 7596774.8618, -12976501.5656 7596797.8276, -12976455.3372 7596773.8567, -12976433.9126 7596784.4256, -12976350.0966 7596771.9369, -12976332.1819 7596787.2896, -12976286.5235 7596782.3155, -12976213.3349 7596821.4976, -12976188.9575 7596783.8329, -12976208.2582 7596748.3964, -12976203.4695 7596719.0576, -12976177.0534 7596719.4089, -12976163.9386 7596702.768, -12976164.1668 7596664.0399, -12976196.8567 7596648.4711, -12976174.0127 7596608.9221, -12976136.1395 7596624.604, -12976095.7462 7596670.91570001, -12976048.2272 7596662.6983, -12976056.0381 7596668.72299999, -12976028.8874 7596690.4332, -12976028.0542 7596722.03, -12975862.2226 7596863.3534, -12975861.9205 7596882.817, -12975910.4478 7596911.4302, -12975895.2776 7596938.99, -12975821.5852 7596963.7091, -12975763.6245 7597028.1862, -12975697.458 7597068.9281, -12975679.6316 7597054.7909, -12975680.7661 7597086.6134, -12975658.6611 7597111.1872, -12975583.672 7597093.3912, -12975560.4347 7597067.3213, -12975543.7963 7597082.6549, -12975474.1473 7597086.1627, -12975436.0901 7597102.0604, -12975370.9033 7597169.0798, -12975295.908 7597209.0229, -12975229.8995 7597194.9928, -12975143.9724 7597202.6076, -12975146.5444 7597175.8975, -12975131.4286 7597155.4749, -12975090.1756 7597167.51560001, -12975038.4797 7597143.7598, -12974994.3698 7597144.0638, -12974960.069 7597192.1774, -12974991.2566 7597207.2031, -12975000.2771 7597231.2059, -12974965.4169 7597240.7461, -12974899.2239 7597208.3503, -12974880.5597 7597248.67, -12974901.7716 7597271.858, -12974926.8876 7597267.6755, -12974943.397 7597321.4453, -12974980.4686 7597339.9836, -12974983.3569 7597390.206, -12975001.5358 7597416.136, -12975023.8947 7597427.0228, -12975044.4961 7597411.8187, -12975128.2017 7597414.5325, -12975134.8659 7597468.2897, -12975051.6042 7597482.1062, -12974976.7192 7597544.4007, -12974947.8112 7597527.6568, -12974912.2909 7597608.4657, -12974834.5912 7597677.6501, -12974801.8526 7597684.0969, -12974759.2804 7597650.0225, -12974697.0662 7597725.1397, -12974646.5714 7597757.3143, -12974617.452 7597759.8036, -12974608.8795 7597781.3347, -12974590.6094 7597780.7272, -12974589.479 7597809.5263, -12974553.6754 7597788.1365, -12974523.7643 7597830.6701, -12974538.2111 7597861.5524, -12974497.9688 7597886.4599, -12974411.5755 7597847.6007, -12974401.8884 7597830.2848, -12974411.9798 7597798.5816, -12974378.0605 7597825.7529, -12974353.4578 7597805.56, -12974346.6692 7597779.3446, -12974301.9328 7597755.6789, -12974256.5946 7597747.4682, -12974202.7057 7597793.0295, -12974181.8675 7597788.0015, -12974153.9015 7597752.27839999, -12974185.173 7597583.7133, -12974179.2995 7597569.3857, -12974127.0716 7597548.052, -12974201.855 7597470.604, -12974238.7349 7597481.6295, -12974244.0007 7597509.7088, -12974224.02 7597537.9482, -12974242.78 7597546.1545, -12974236.7753 7597566.1278, -12974253.0004 7597544.3375, -12974279.9531 7597553.8406, -12974251.099 7597503.7885, -12974257.6335 7597487.2486, -12974282.8577 7597479.913, -12974267.0413 7597464.9797, -12974248.9841 7597470.48, -12974262.4515 7597437.1922, -12974234.7835 7597431.2557, -12974254.3697 7597419.8289, -12974262.1994 7597402.8807, -12974269.111 7597389.4777, -12974262.105 7597391.8747, -12974262.1994 7597402.8807, -12974230.8341 7597423.8747, -12974234.7835 7597431.2557, -12974200.6143 7597455.6821, -12974171.3528 7597434.2259, -12974146.3385 7597461.7932, -12974115.2952 7597451.6721, -12974081.2976 7597489.676, -12974063.2664 7597488.2041, -12974022.9702 7597440.5194, -12973982.1275 7597471.2605, -12973964.4457 7597464.3568, -12973956.7896 7597407.5859, -12973967.5279 7597391.8078, -12974043.1951 7597352.8769, -12974046.603 7597334.76, -12974091.4313 7597302.5351, -12974110.3032 7597300.0617, -12974140.4719 7597324.6263, -12974155.3198 7597358.6834, -12974168.1417 7597359.5377, -12974178.8149 7597338.37300001, -12974151.5664 7597287.6849, -12974158.1319 7597271.8065, -12974139.1914 7597256.11, -12974144.5566 7597241.0619, -12974122.9878 7597227.9653, -12974123.7241 7597173.4089, -12974102.4745 7597108.2215, -12974079.7412 7597126.6827, -12974046.5531 7597097.6807, -12974071.2789 7597053.7754, -12974133.1679 7597030.9284, -12974128.0117 7597005.0747, -12974095.4959 7596993.2978, -12974067.3886 7597003.6201, -12974036.4471 7596969.1069, -12974009.7555 7596984.087, -12974008.1183 7597025.1198, -12973990.7768 7597040.4298, -12973956.6069 7597018.8533, -12973947.2027 7596983.7962, -12973928.0122 7597021.4965, -12973746.6617 7597057.4016, -12973737.1628 7597110.2877, -12973780.3475 7597073.644, -12973814.0628 7597087.7521, -12973824.1849 7597072.8481, -12973831.2656 7597112.7017, -12973798.4893 7597136.1548, -12973773.2469 7597182.4499, -12973708.8294 7597200.9862, -12973674.5628 7597237.0136, -12973674.6977 7597259.3923, -12973642.0722 7597252.6482, -12973615.3779 7597266.823, -12973630.8767 7597291.1118, -12973622.2386 7597314.0471, -12973632.7349 7597342.9852, -12973615.4486 7597404.6925, -12973593.0737 7597413.7877, -12973543.0597 7597393.4499, -12973501.0404 7597401.4812, -12973476.5436 7597436.4244, -12973411.8844 7597481.2694, -12973383.9808 7597526.6177, -12973262.5004 7597519.025, -12973280.8788 7597549.39500001, -12973314.6828 7597563.6306, -12973311.8378 7597580.6948, -12973348.3656 7597572.5888, -12973352.2317 7597593.9248, -12973324.0207 7597624.605, -12973281.0461 7597616.2717, -12973286.364 7597680.3983, -12973242.9707 7597756.7417, -12973215.5401 7597766.9058, -12973204.0108 7597734.1446, -12973125.4166 7597721.6763, -12973117.1637 7597709.2814, -12973087.3201 7597738.9671, -12973096.8734 7597761.6025, -12973079.6283 7597825.7976, -12973029.3841 7597900.7411, -12973001.4637 7597904.7936, -12972994.2494 7597880.2863, -12972957.1063 7597860.7151, -12972938.4105 7597892.2458, -12972927.2667 7597891.9916, -12972924.136 7597869.2966, -12972908.205 7597874.8488, -12972916.3173 7597863.3305, -12972838.7437 7597872.9796, -12972888.597 7598020.6494, -12972853.5101 7598101.5811, -12972733.368 7598203.3136, -12972658.6136 7598191.5875, -12972633.2445 7598250.4493, -12972573.6064 7598239.3976, -12972566.0774 7598254.656, -12972542.304 7598258.5589, -12972517.733 7598243.1076, -12972460.7551 7598250.53719999, -12972474.9543 7598279.0818, -12972517.5214 7598279.9358, -12972523.1751 7598304.1756, -12972506.0278 7598363.9146, -12972481.7719 7598358.6493, -12972467.2064 7598375.6931, -12972489.1464 7598394.4813, -12972449.8894 7598431.3218, -12972437.8316 7598430.8582, -12972429.0639 7598402.824, -12972375.4602 7598396.4238, -12972313.5838 7598427.4559, -12972310.2414 7598476.2983, -12972319.5681 7598476.3991, -12972291.7655 7598496.1711, -12972239.8511 7598415.5284, -12972188.3585 7598393.9341, -12972171.8856 7598399.8469, -12972170.0909 7598362.026, -12972116.8297 7598320.692, -12972054.3623 7598296.4451, -12972027.285 7598263.82020001, -12971997.0904 7598271.1549, -12972022.3517 7598313.834, -12972002.1014 7598340.4936, -12971979.4909 7598320.8733, -12971980.6435 7598295.6378, -12971924.9495 7598296.9202, -12971911.7187 7598227.6958, -12971966.223 7598228.2358, -12971945.6864 7598188.8078, -12971993.7279 7598174.1231, -12972041.8709 7598127.622, -12972030.2265 7598118.4598, -12972047.1489 7598079.0123, -12972004.9742 7598041.7198, -12971985.2618 7598000.7022, -12971941.7742 7598007.3833, -12971939.2296 7598031.9825, -12971907.0498 7598065.8335, -12971904.4771 7598107.4076, -12971865.4664 7598147.3397, -12971786.0313 7598167.0558, -12971732.7813 7598157.335, -12971700.9311 7598165.3332, -12971705.542 7598175.4928, -12971686.3116 7598185.3935, -12971616.7537 7598202.9647, -12971612.6747 7598183.9996, -12971575.7726 7598187.1373, -12971571.9933 7598175.3496, -12971538.5782 7598187.0446, -12971527.3845 7598156.9031, -12971476.8488 7598154.9079, -12971465.7406 7598178.9305, -12971411.5082 7598183.6389, -12971388.5229 7598160.1029, -12971403.3793 7598144.6731, -12971400.7897 7598124.7623, -12971366.4112 7598077.3859, -12971334.2581 7598072.7459, -12971280.9857 7598104.9206, -12971281.124 7598089.7658, -12971244.7615 7598071.5153, -12971230.1838 7598083.2157, -12971199.801 7598031.1611, -12971207.1075 7597999.9156, -12971155.2892 7598004.2312, -12971126.6948 7597983.9518, -12971112.6127 7597984.68, -12971125.8056 7598032.1603, -12971172.1142 7598033.7715, -12971182.1948 7598050.0729, -12971173.4729 7598080.8574, -12971198.1509 7598122.4804, -12971239.8894 7598124.5967, -12971248.939 7598137.6717, -12971186.1508 7598182.9587, -12971197.0441 7598195.0138, -12971182.0583 7598227.6872, -12971160.5824 7598241.2823, -12971154.1947 7598272.516, -12971130.9704 7598269.5128, -12971104.1995 7598293.1344, -12971116.4855 7598303.9611, -12971103.4703 7598320.5662, -12971049.1696 7598343.4628, -12971001.2207 7598395.4529, -12970939.1164 7598409.3671, -12970927.9471 7598383.489, -12970947.1643 7598363.7408, -12970926.2802 7598336.699, -12970944.9151 7598298.5072, -12970929.6903 7598288.9416, -12970896.9909 7598311.9108, -12970852.4814 7598306.6758, -12970836.7635 7598288.0766, -12970822.4002 7598290.8218, -12970825.7655 7598307.3794, -12970793.0428 7598298.8998, -12970768.4922 7598281.6888, -12970783.788 7598257.9352, -12970763.1583 7598233.6002, -12970712.2556 7598237.6661, -12970721.8759 7598264.766, -12970670.3385 7598287.3116, -12970659.9226 7598279.4462, -12970667.0075 7598260.275, -12970653.8878 7598271.4037, -12970633.7316 7598263.8017, -12970634.1597 7598283.7492, -12970610.6999 7598293.3706, -12970559.4841 7598271.9626, -12970544.4209 7598212.5297, -12970580.1319 7598186.427, -12970586.1159 7598157.8337, -12970618.3548 7598154.56360001, -12970622.3027 7598137.8626, -12970677.4847 7598105.5207, -12970627.7677 7598098.6843, -12970566.8185 7598150.2792, -12970535.9165 7598150.2454, -12970495.0297 7598183.1101, -12970451.8708 7598185.6708, -12970386.3933 7598133.0198, -12970345.5557 7598058.1642, -12970339.1098 7598004.7499, -12970299.0552 7597977.52, -12970263.33 7597980.65999999, -12970266.9919 7598014.4274, -12970235.9517 7598048.74140001, -12970171.3664 7598058.9284, -12970192.2207 7598100.1997, -12970152.3064 7598118.1285, -12970147.0954 7598174.0903, -12970116.915 7598155.2152, -12970111.9664 7598122.4605, -12970082.915 7598120.5565, -12970072.8081 7598078.4828, -12970030.3482 7598097.837, -12970014.0094 7598086.415, -12970028.3051 7598065.999, -12970018.7262 7598052.0794, -12969993.2127 7598050.4367, -12969963.9255 7598074.3825, -12969937.077 7598049.9754, -12969906.8625 7598069.8311, -12969901.8412 7598044.9996, -12969856.148 7598029.26070001, -12969859.175 7598050.181, -12969840.0988 7598063.6837, -12969817.5445 7598045.0332, -12969830.0529 7598004.1281, -12969810.6227 7597983.3356, -12969790.0931 7597999.8561, -12969789.0739 7598024.1459, -12969737.5062 7598027.4728, -12969740.1831 7598000.8769, -12969690.1661 7598016.8535, -12969674.3517 7598060.0137, -12969689.0571 7598100.8029, -12969674.11 7598121.518, -12969638.2808 7598121.1476, -12969578.9692 7598073.6107, -12969564.9548 7598096.2192, -12969531.0467 7598080.8372, -12969532.0582 7598134.9513, -12969491.9011 7598163.8625, -12969476.9102 7598146.6991, -12969484.2975 7598167.3354, -12969458.3203 7598125.0809, -12969443.9593 7598136.4183, -12969371.4261 7598104.0031, -12969353.0875 7598121.6744, -12969337.6812 7598111.7031, -12969331.4255 7598087.6245, -12969350.8214 7598069.8149, -12969346.3571 7598046.4979, -12969364.3156 7598055.6088, -12969370.7915 7598045.0577, -12969346.7883 7597969.9875, -12969369.2733 7597966.0892, -12969358.9296 7597932.0375, -12969377.8877 7597843.6919, -12969366.7939 7597821.4993, -12969354.2764 7597865.6806, -12969335.3419 7597868.732, -12969302.9706 7597839.714, -12969276.3389 7597878.7261, -12969242.9393 7597879.3461, -12969254.6549 7597922.2004, -12969241.0497 7597930.2845, -12969242.9122 7597949.1263, -12969289.7815 7597979.055, -12969261.1675 7598024.8451, -12969220.189 7598030.97389999, -12969205.9068 7598019.0261, -12969208.0419 7597955.89, -12969182.1966 7597937.7098, -12969175.1112 7597953.0951, -12969155.8018 7597952.0785, -12969100.5068 7597885.2077, -12969123.3365 7597849.4017, -12969167.1342 7597854.7753, -12969181.4136 7597829.4253, -12969179.5 7597805.012, -12969154.0431 7597783.402, -12969176.781 7597689.2185, -12969300.9835 7597649.0309, -12969275.802 7597615.6693, -12969405.1137 7597571.0626, -12969462.0348 7597498.4853, -12969541.7345 7597429.408, -12969674.6706 7597238.6082, -12969662.3796 7597128.5094, -12969673.9009 7597111.3653, -12969721.9947 7597133.7996, -12969738.6431 7597180.7864, -12969755.7512 7597184.9671, -12969780.8639 7597167.7021, -12969840.9991 7597195.7482, -12969864.4945 7597191.2275, -12969828.5587 7597134.65869999, -12969858.4338 7597120.4449, -12969874.933 7597128.16979999, -12969869.5394 7597136.5155, -12969875.5444 7597147.3922, -12969874.933 7597128.16979999, -12969917.2063 7597133.4005, -12969923.0043 7597113.2323, -12969906.7404 7597077.537, -12969944.6437 7597069.0576, -12969960.7823 7597081.742, -12969958.173 7597037.8866, -12969998.3765 7596994.355, -12970030.0157 7597038.4735, -12970102.3375 7597020.2005, -12970102.4264 7596994.5832, -12970079.3847 7596984.4759, -12970074.8589 7596964.5475, -12970015.7628 7596951.2548, -12970044.8082 7596937.45090001, -12970027.3204 7596901.1911, -12970007.4934 7596924.1808, -12969959.0904 7596913.1761, -12969976.5463 7596892.5761, -12969986.1642 7596897.5334, -12969987.5347 7596855.64500001, -12969970.4601 7596836.0246, -12969988.7782 7596825.944, -12969992.998 7596799.0157, -12969996.8755 7596829.7268, -12970008.5476 7596818.7438, -12970025.3588 7596837.375, -12970031.5835 7596812.3236, -12970068.3329 7596804.8289, -12970107.6101 7596847.4467, -12970130.1081 7596843.9178, -12970128.1856 7596815.2096, -12970184.7476 7596822.3863, -12970197.9322 7596796.8341, -12970224.9512 7596798.7373, -12970239.9455 7596829.3478, -12970271.5845 7596836.6994, -12970262.483 7596851.8401, -12970271.195 7596847.0091, -12970277.522 7596862.8111, -12970326.1219 7596861.5828, -12970323.1206 7596875.1708, -12970351.3715 7596857.9365, -12970411.6396 7596866.0435, -12970358.0119 7596905.5, -12970429.4116 7596888.8701, -12970427.5265 7596894.9881, -12970427.7977 7596895.7235, -12970424.5061 7596899.3681, -12970434.2119 7596921.1466, -12970427.7977 7596895.7235, -12970432.1295 7596889.641, -12970429.4116 7596888.8701, -12970449.0317 7596880.3604, -12970445.0386 7596848.1661, -12970488.884 7596832.1349, -12970501.404 7596856.7271, -12970488.195 7596885.14989999, -12970565.7042 7596882.7528, -12970607.9683 7596903.1298, -12970628.1999 7596923.5562, -12970640.6263 7597020.21809999, -12970667.6057 7596998.6711, -12970716.5695 7597011.9822, -12970735.9574 7596983.7975, -12970754.3492 7596983.6846, -12970755.8944 7596962.5528, -12970777.1819 7596957.8026, -12970781.9681 7596936.6244, -12970812.3957 7596930.9612, -12970853.0439 7597003.5799, -12970859.9229 7596968.4537, -12970873.5876 7596969.7834, -12970909.7913 7596919.5866, -12970938.8677 7596915.77220001, -12970973.8663 7596953.28, -12970988.2733 7596924.4114, -12971072.1979 7596887.0165, -12971145.9758 7596908.476, -12971176.4378 7596892.6707, -12971214.0825 7596846.5495, -12971213.6185 7596827.674, -12971274.0422 7596827.7265, -12971375.4891 7596776.3725, -12971374.442 7596737.2017, -12971352.204 7596723.9389, -12971334.6401 7596742.5735, -12971323.973 7596713.3371, -12971345.3302 7596685.2831, -12971330.9071 7596672.0945, -12971350.4648 7596637.2855, -12971369.8793 7596662.1703, -12971389.8353 7596639.2209, -12971366.7044 7596611.0309, -12971335.4521 7596612.3042, -12971355.2922 7596593.6857, -12971342.5615 7596581.7209, -12971366.49 7596595.4196, -12971401.4326 7596555.8471, -12971464.7395 7596573.3021, -12971478.9368 7596554.648, -12971489.5796 7596567.0556, -12971525.6095 7596553.2935, -12971545.2926 7596572.8405, -12971552.0669 7596562.0494, -12971557.0162 7596578.5324, -12971595.8683 7596564.5839, -12971636.3909 7596576.5523, -12971661.6815 7596543.0818, -12971734.0351 7596561.1856, -12971795.5321 7596545.2936, -12971813.48 7596571.9163, -12971910.8312 7596554.9522, -12972004.6032 7596608.8174, -12972024.9667 7596256.332, -12971948.2995 7596261.5622, -12971921.642 7596283.0487, -12971860.5337 7596295.3326, -12971837.9773 7596259.1607, -12971804.6881 7596290.2971, -12971789.9688 7596280.0728, -12971763.5212 7596304.8904, -12971721.097 7596286.1304, -12971681.528 7596305.6749, -12971659.6714 7596270.6195, -12971580.6157 7596304.7141, -12971572.2768 7596337.3479, -12971554.9591 7596336.9185, -12971516.8922 7596408.455, -12971502.0273 7596383.8332, -12971489.3292 7596387.8187, -12971482.6936 7596354.3346, -12971511.4109 7596347.8265, -12971501.7911 7596310.0174, -12971492.8727 7596302.3645, -12971431.7845 7596347.1567, -12971400.8711 7596285.444, -12971408.9274 7596267.4874, -12971385.7174 7596200.8843, -12971405.4942 7596115.0559, -12971384.4669 7596091.2339, -12971300.4606 7596054.5637, -12971309.3193 7596017.7179, -12971334.9224 7596012.5193, -12971346.4166 7595952.6064, -12971317.7702 7595939.4987, -12971287.5039 7595945.1626, -12971235.7223 7595980.3456, -12971220.5394 7595958.4693, -12971203.9694 7596005.1283, -12971209.1235 7596031.6703, -12971175.6919 7596033.15649999, -12971165.3736 7596006.1565, -12971009.7491 7596022.9824, -12970980.5631 7596009.5206, -12970952.6041 7596021.6575, -12970939.9473 7596049.6388, -12970914.2858 7596043.3749, -12970882.0336 7596006.45369999, -12970895.8546 7595998.4453, -12970891.9265 7595973.5041, -12970843.756 7595978.2915, -12970826.8851 7595956.6371, -12970855.347 7595937.0898, -12970847.5708 7595875.8289, -12970859.4727 7595843.0014, -12970834.4911 7595843.1816, -12970819.5079 7595811.3616, -12970886.641 7595808.6432, -12970905.1223 7595786.0293, -12970894.2447 7595743.1626, -12970864.5655 7595705.6083, -12970823.6729 7595738.73, -12970797.0025 7595718.7442, -12970729.5848 7595733.3048, -12970723.8512 7595716.5221, -12970694.3373 7595712.9637, -12970667.3998 7595739.0121, -12970639.6014 7595729.0629, -12970627.1011 7595742.9505, -12970593.4127 7595732.9086, -12970544.3 7595748.801, -12970535.8561 7595764.8337, -12970549.0213 7595797.5246, -12970577.728 7595817.2894, -12970549.2505 7595841.3891, -12970505.1831 7595827.4277, -12970487.058 7595852.4089, -12970462.893 7595851.1638, -12970446.874 7595831.5209, -12970414.7272 7595831.6705, -12970409.1425 7595859.7367, -12970426.7213 7595870.06229999, -12970408.446 7595901.0403, -12970417.368 7595909.3957, -12970395.5112 7595915.736, -12970400.7351 7595944.6483, -12970347.9265 7595899.8307, -12970312.44 7595902.2146, -12970300.7576 7595868.39, -12970278.4653 7595875.7783, -12970259.4364 7595923.8355, -12970265.9731 7595937.1991, -12970251.2195 7595950.2061, -12970261.7857 7595965.7106, -12970247.2151 7595965.8492, -12970263.948 7596017.4807, -12970252.2188 7596023.0791, -12970257.9394 7596040.7647, -12970235.6455 7596059.1974, -12970218.8393 7596046.2424, -12970217.0363 7596067.0069, -12970173.3303 7596030.1254, -12970161.1479 7596059.6238, -12970144.6171 7596040.3135, -12970120.5317 7596042.1017, -12970091.1697 7596089.8123, -12970058.8402 7596073.5344, -12970041.6859 7596102.8983, -12970044.6852 7596166.3489, -12970075.5268 7596187.99449999, -12970064.5579 7596219.8776, -12970044.2141 7596224.41570001, -12970065.6077 7596258.46679999, -12970015.1689 7596237.7328, -12969998.3131 7596253.1131, -12969951.9204 7596258.5489, -12969947.3392 7596316.0157, -12969982.1882 7596333.7512, -12969984.4625 7596356.4781, -12969960.1763 7596353.0512, -12969943.0126 7596369.8346, -12969922.7014 7596345.6498, -12969901.5917 7596373.4623, -12969891.3353 7596370.2592, -12969896.6683 7596350.6138, -12969831.5661 7596354.9103, -12969807.983 7596384.5225, -12969848.6404 7596444.8259, -12969796.0175 7596448.7152, -12969773.933 7596496.8456, -12969727.7544 7596519.2695, -12969706.3167 7596509.3552, -12969716.8665 7596472.5536, -12969674.316 7596472.5413, -12969636.8402 7596449.0177, -12969643.3778 7596436.4113, -12969729.2178 7596419.5, -12969790.5441 7596369.174, -12969800.3867 7596328.5377, -12969771.2939 7596263.978, -12969562.8051 7596126.7552, -12969398.5423 7596053.675, -12969322.9079 7595969.90470001, -12969302.5341 7595963.5651, -12969279.3123 7595988.1164, -12969262.1767 7596048.6301, -12969288.1012 7596126.3806, -12969347.6701 7596169.7325, -12969602.0794 7596278.6831, -12969628.1932 7596305.5919, -12969626.501 7596326.19, -12969597.5529 7596341.9704, -12969516.9016 7596330.8394, -12969422.7386 7596341.2987, -12969261.9381 7596397.8294, -12969175.2585 7596488.6538, -12969031.1015 7596577.3882, -12968918.3804 7596576.4523, -12968857.3531 7596561.2124, -12968835.5633 7596516.2621, -12968836.1517 7596445.5932, -12968816.6734 7596425.9012, -12968782.107 7596437.3482, -12968683.5226 7596516.6924, -12968561.4669 7596503.6848, -12968553.8076 7596473.772, -12968580.8698 7596390.6717, -12968562.3535 7596314.0684, -12968619.4435 7596249.9153, -12968673.9471 7596156.5589, -12968679.8669 7596120.5756, -12968658.0891 7596093.1755, -12968183.3725 7596179.4862, -12968148.7366 7596167.7391, -12968108.4719 7596106.6604, -12968083.0813 7596103.2328, -12967995.1497 7596139.8125, -12967953.6506 7596242.5476, -12967845.2257 7596284.4196, -12967821.5293 7596429.0684, -12967643.926 7596445.9144, -12967547.5743 7596489.8434, -12967479.4165 7596547.8735, -12967439.4456 7596663.4337, -12967325.4958 7596691.0382, -12967253.0215 7596758.2906, -12967240.6194 7596787.7106, -12966856.3327 7596764.5365, -12966834.9956 7596784.7139, -12966827.0382 7596775.8091, -12966830.6319 7596796.607, -12966743.1163 7596809.2633, -12966627.1264 7596729.4694, -12966518.4305 7596679.5599, -12966460.9776 7596746.53809999, -12966256.37 7596685.1665, -12966170.7953 7596752.4639, -12966099.846 7596716.9079, -12966057.715 7596773.4479, -12966175.6433 7596800.3782, -12966427.9962 7596827.1731, -12966503.047 7596967.3037, -12966497.5379 7597016.1798, -12966478.0008 7597037.8879, -12966367.4023 7597067.2197, -12966338.3857 7597098.309, -12966305.9144 7597138.3799, -12966268.6071 7597254.4469, -12966241.6631 7597281.3911, -12966210.5735 7597298.663, -12966184.3204 7597298.6629, -12966172.5754 7597267.57370001, -12966128.3594 7597284.8454, -12966102.1061 7597349.0968, -12966127.6685 7597419.5662, -12966153.9217 7597455.4917, -12966267.2254 7597441.6742, -12966396.2177 7597391.2066, -12966369.475 7597333.2068, -12966573.9741 7597287.6088, -12966662.4062 7597331.1342, -12966612.7612 7597469.7769, -12966569.2955 7597507.3764, -12966548.4125 7597583.6989, -12966528.1519 7597602.3969, -12966507.5826 7597595.6599, -12966470.4668 7597656.7074, -12966361.2047 7597717.2905, -12966339.6561 7597755.6355, -12966270.6595 7597744.6043, -12966267.0058 7597711.5845, -12966246.6237 7597697.6815, -12966206.408 7597733.5991, -12966179.9117 7597716.958, -12966134.6708 7597729.5153, -12966089.8815 7597707.2919, -12965962.0113 7597730.0978, -12965928.7291 7597715.2632, -12965850.1296 7597779.0589, -12965771.9563 7597796.9483, -12965706.9623 7597834.3305, -12965678.6674 7597810.2235, -12965671.9308 7597829.5089, -12965597.2778 7597803.3811, -12965626.314 7597787.87699999, -12965654.0465 7597748.123, -12965677.0578 7597746.0869, -12965771.1383 7597683.8227, -12965768.9051 7597628.7416, -12965799.1884 7597637.2991, -12965808.7854 7597621.2798, -12965782.4427 7597562.8763, -12965721.8817 7597564.9491, -12965709.5816 7597595.8108, -12965645.3895 7597627.5498, -12965609.3664 7597719.8375, -12965592.2062 7597716.358, -12965579.6935 7597739.735, -12965515.1367 7597736.1413, -12965500.2809 7597775.9313, -12965480.7822 7597774.8415, -12965476.7981 7597790.60989999, -12965443.4219 7597802.65609999, -12965406.3454 7597791.8157, -12965405.105 7597747.0798, -12965385.7602 7597741.5357, -12965402.9285 7597729.0459, -12965392.86 7597693.3136, -12965339.5412 7597671.3981, -12965319.1755 7597688.9971, -12965297.3434 7597681.8932, -12965276.2125 7597711.3173, -12965181.3877 7597615.00720001, -12965186.2375 7598018.5186, -12965139.2054 7598050.0935, -12965098.4251 7598135.9653, -12965063.834 7598160.7816, -12965056.3974 7598225.2803, -12965012.2315 7598339.6143, -12964947.8212 7598441.0408, -12964863.3072 7598536.226, -12964818.4298 7598617.2265, -12964688.75 7598780.0788, -12964576.908 7598842.4932, -12964517.0244 7598843.7664, -12964449.9226 7598818.51, -12964363.4243 7598820.3475, -12964145.9987 7598611.5058, -12964049.8358 7598556.1061, -12964050.8539 7598491.8303, -12964382.6602 7598471.4409, -12964338.9624 7598402.0102, -12964365.7689 7598391.0075, -12964402.5277 7598296.2529, -12964389.5026 7598278.3592, -12964270.7329 7598291.5467, -12964250.8022 7598268.4174, -12964322.7515 7598113.8668, -12964302.7678 7597732.965, -12964068.5265 7597569.9343, -12963985.8036 7597526.0337, -12963913.8149 7597507.3328, -12963799.024 7597722.4745, -12963569.6345 7597710.8075, -12963535.5248 7597723.4002, -12963517.6654 7597762.3181, -12963489.0938 7597778.4548, -12963416.5965 7597789.5554, -12963335.6102 7597777.4691, -12963258.6435 7597737.1107, -12963165.8061 7597786.1705, -12963063.9892 7597792.7878, -12963026.6804 7597846.5573, -12962976.2835 7597859.0313, -12962941.5503 7597919.3415, -12962924.1697 7598174.5512, -12962882.4319 7598284.2526, -12962862.8938 7598402.0492, -12962682.9704 7598620.3738, -12962830.5271 7598714.5304, -12962859.2537 7598936.9972, -12962735.6583 7599103.8794, -12962823.2825 7599223.6115, -12962857.9188 7599367.9773, -12962829.596 7599514.1061, -12963104.1189 7599709.6542, -12963183.6668 7599834.93289999, -12963208.715 7599981.2884, -12963171.6961 7600141.9037, -12963119.7606 7600219.5063, -12962985.5178 7600314.7876, -12962878.4447 7600339.9713, -12962899.2701 7600461.6822, -12962862.2426 7600622.3055, -12962810.3006 7600699.9111, -12962676.0456 7600795.193, -12962531.3973 7600827.5121, -12962385.5241 7600801.2939, -12962261.1018 7600720.6143, -12962223.8519 7600666.0093, -12962172.9303 7600677.3841, -12961995.0403 7600645.4022, -12961752.4336 7600484.4874, -12961587.5497 7600406.3638, -12961195.5833 7600352.5031, -12960889.5751 7600243.7155, -12960884.5518 7600394.9556, -12960693.5281 7600474.8817, -12960456.1472 7600550.0124, -12960201.982 7600574.78939999, -12959953.4115 7600682.6899, -12959915.0468 7600789.791, -12959921.441 7600847.3379, -12959899.0615 7600908.0818, -12959847.9087 7600973.6213, -12959660.0821 7601048.7519, -12959588.1486 7601061.5402, -12959511.4193 7601112.6931, -12959377.1432 7601096.7076, -12959290.0238 7601130.2767, -12959090.0426 7601278.8803, -12959046.3057 7601013.3467, -12958981.2721 7600906.4959, -12958871.7733 7600811.3836, -12958871.7732 7600749.0411, -12958955.6958 7600674.7098, -12958965.2868 7600442.9239, -12959061.1983 7600409.3547, -12959077.9828 7600197.5504, -12959221.0711 7599959.7371, -12959197.0931 7599859.03, -12959114.7691 7599836.6508, -12959201.7485 7599527.3815, -12959384.7796 7599223.6616, -12959431.9362 7599036.6344, -12959507.0668 7598919.1427, -12959358.404 7598829.6255, -12959029.9072 7598518.7124, -12958834.6195 7598377.1253, -12958653.6584 7598174.3463, -12958580.5039 7597894.5625, -12958507.3493 7597786.7559, -12958366.174 7597788.0392, -12958194.1969 7597853.49319999, -12958091.5241 7597911.2468, -12957890.0283 7597829.1085, -12957827.1412 7597744.4031, -12957697.5167 7597764.9378, -12957602.5441 7597825.2581, -12957503.189 7598052.318, -12957545.4447 7598156.1808, -12957450.4724 7598222.9184, -12957231.0089 7598307.6236, -12957076.9996 7598174.1488, -12957005.1284 7598213.9345, -12956938.391 7598316.6073, -12956745.8792 7598396.179, -12956545.6669 7598319.1742, -12956545.6669 7598266.5543, -12956473.7959 7598289.6557, -12956444.2774 7598249.8701, -12956285.1344 7598149.764, -12956040.0027 7598108.6948, -12955868.0254 7598188.26619999, -12955801.288 7598296.0727, -12955902.6778 7598465.4831, -12956183.745 7598720.8822, -12956281.2842 7598840.2394, -12956351.8718 7598945.4792, -12956346.7382 7599068.6867, -12956161.9269 7599064.8364, -12956081.072 7599104.6222, -12955873.1592 7599253.49809999, -12956023.3183 7599480.662, -12956122.141 7599700.12529999, -12955905.2444 7599841.3006, -12955865.4586 7599931.1395, -12955960.4312 7600227.6076, -12955850.0577 7600440.654, -12955642.1451 7600538.1933, -12955530.4882 7600608.7809, -12955439.3661 7600465.0388, -12955196.8012 7600592.0966, -12955067.1765 7600601.0803, -12954860.5474 7600714.0207, -12954307.3968 7600733.2719, -12953823.5505 7600642.1496, -12953515.5318 7600621.615, -12953343.5544 7600656.2672, -12953335.854 7600821.8272, -12953406.4416 7600960.4359, -12953301.2019 7601117.012, -12953022.7016 7601256.9039, -12952702.4238 7601305.6053, -12952507.3452 7601317.1559, -12952325.1007 7601218.3331, -12952226.278 7601191.3817, -12952032.4828 7601332.5569, -12951240.1994 7601367.686, -12951108.5302 7601209.8285, -12951121.2646 7601060.9404, -12951097.2586 7600774.3238, -12951057.2486 7600659.386, -12950912.4855 7600487.707, -12950801.1849 7600387.3184, -12950644.7825 7600300.0239, -12950431.6386 7600327.6672, -12950377.8072 7600139.2569, -12950090.7635 7600115.4006, -12950046.3887 7599947.3588, -12949845.6116 7599829.5113, -12949699.3933 7599777.8622, -12949585.1832 7599683.2932, -12949444.7846 7599650.0614, -12949364.7648 7599543.8531, -12949248.3723 7599341.6212, -12949267.2861 7599189.5833, -12949385.861 7599170.6695, -12949518.9848 7598961.1629, -12949609.9166 7598925.5177, -12949621.556 7598795.3035, -12949721.9444 7598761.8407, -12949815.4888 7598863.585, -12949906.2729 7598885.3595, -12950065.2919 7598888.9451, -12950212.965 7598822.7468, -12950343.9067 7598692.5327, -12950484.3051 7598293.8881, -12950689.9098 7598333.9383, -12950707.3687 7598253.4335, -12950680.4527 7598150.135, -12950694.1015 7598014.8286, -12950666.5878 7597875.885, -12950683.9451 7597679.9984, -12950758.6928 7597553.4883, -12950756.5105 7597195.5811, -12950830.3061 7597171.8259, -12950914.1869 7597004.0645, -12951069.5217 7596497.6734, -12951255.9232 7596500.78, -12951592.2517 7596736.9579, -12951779.4444 7596837.4499, -12951974.2525 7596819.74, -12952017.5433 7596647.561, -12951850.6054 7596621.98, -12951764.0239 7596577.7055, -12951701.0557 7596486.2047, -12951606.6032 7596408.4782, -12951619.3936 7596306.15470001, -12951576.1029 7596252.0413, -12951647.9262 7596173.331, -12951702.0397 7595764.0367, -12951766.2136 7595615.4708, -12951544.2485 7595544.6316, -12951462.5864 7595323.25859999, -12951571.9265 7595175.7497, -12951742.1377 7595157.056, -12951978.7918 7595218.0565, -12952148.7872 7594675.4472, -12952162.3657 7594661.2963, -12952191.8672 7594660.7169, -12952249.713 7594600.432, -12952468.3645 7594463.0502, -12952642.4683 7594311.7558, -12952714.4775 7594221.6182, -12952815.9844 7594130.8995, -12952844.3222 7594071.1961, -12952931.6573 7594010.3287, -12952974.7432 7593950.3347, -12953105.4508 7593844.2529, -12953207.5302 7593783.0929, -12953237.0281 7593782.5096, -12953295.1502 7593737.0034, -12953412.2668 7593690.3293, -12953662.9957 7593685.3607, -12953885.1035 7593725.3084, -12954257.0469 7593880.5531, -12954347.5939 7593982.2502, -12954377.3859 7593996.4427, -12954543.7386 7594200.13180001, -12954573.5316 7594214.3239, -12954574.1189 7594243.8849, -12954619.5434 7594302.1242, -12954697.9955 7594537.1461, -12954731.9188 7594573.4363, -12954843.4392 7594430.7322, -12954901.8509 7594399.991, -12954916.0122 7594370.1344, -12955091.2439 7594277.9087, -12955105.4043 7594248.0523, -12955252.0166 7594200.7563, -12955485.0564 7594048.2202, -12955721.0456 7594043.48, -12955840.5206 7594115.008, -12955900.9996 7594187.7225, -12955888.6197 7594306.2633, -12955831.9892 7594425.69609999, -12955832.6132 7594456.8422, -12956009.7918 7594562.0456, -12956099.2707 7594449.9395, -12956809.0998 7594336.4913, -12957332.139 7593790.709, -12957918.838 7593461.6459, -12958036.816 7593475.323, -12958285.9715 7593249.6535, -12958577.4681 7592512.1092, -12958438.0111 7592226.0901, -12958322.4484 7592151.0686, -12958130.3396 7592198.3342, -12958015.0762 7592068.6, -12957893.1366 7591925.98659999, -12957879.3976 7591653.4172, -12957667.0952 7591514.1221, -12957583.6362 7591391.6172, -12957544.0443 7591198.061, -12957557.2255 7590986.2779, -12957655.8274 7590815.8259, -12957812.9213 7590696.4917, -12958034.0079 7590180.9842, -12957968.766 7590204.2655, -12957859.2863 7590206.4972, -12957800.1538 7590189.2249, -12957369.2807 7590331.7538, -12957159.9691 7590436.7628, -12957103.1945 7590508.1703, -12957094.9807 7590862.6243, -12957280.4616 7591235.3192, -12957387.2992 7591629.4411, -12957414.6803 7592005.3808, -12957200.85 7592188.0696, -12956985.4105 7592291.5218, -12956724.8426 7592118.4488, -12956384.8218 7591927.1595, -12956109.6806 7592011.9723, -12955755.0686 7592078.5582, -12955926.2218 7591738.2474, -12955821.8375 7591462.9379, -12955484.6388 7591410.2686, -12955434.6469 7591380.6271, -12955269.6951 7591444.6611, -12954815.453 7591962.8235, -12954303.4927 7592168.9356, -12953969.0278 7592498.2777, -12953710.0866 7592472.3244, -12953226.5339 7593016.5789, -12952530.5905 7593568.3044, -12952461.9317 7593811.5849, -12952385.3629 7593950.8253, -12952292.3159 7594058.6057, -12952213.6695 7594091.9368, -12952113.2632 7594093.9085, -12951948.7182 7594060.0538, -12951832.4583 7594057.0351, -12951581.8094 7594247.5355, -12950958.5669 7594604.0302, -12950797.3649 7594632.336, -12950622.1092 7594582.1916, -12950599.6246 7594604.3599, -12950601.6418 7594623.8809, -12950652.661 7594760.73749999, -12950659.3406 7594826.2226, -12950637.3034 7594882.8377, -12950589.7397 7594911.4183, -12950493.8081 7594900.5459, -12950336.8862 7594804.9416, -12950275.2307 7594783.0081, -12950220.8171 7594795.8833, -12950119.8222 7594848.0752, -12950068.5051 7594848.6845, -12949924.4121 7594752.0011, -12949864.8971 7594740.6116, -12949436.4514 7594993.2486, -12949342.8325 7595016.6395, -12949208.6215 7594986.1137, -12949063.0733 7594871.8062, -12949004.0115 7594759.165, -12949015.3699 7594682.559, -12949038.0382 7594649.8568, -12949110.2808 7594605.6681, -12948575.5666 7593937.0102, -12948048.8393 7593748.868, -12947961.4355 7593220.69430001, -12947810.8179 7593251.2019, -12947664.2192 7593389.361, -12947547.4604 7593534.5768, -12947376.2652 7593620.0963, -12947385.375 7593628.8854, -12947372.4917 7593676.8824, -12947399.3659 7593732.2892, -12947546.9552 7593832.1539, -12947608.558 7593894.87969999, -12947607.3183 7593934.7537, -12947570.9786 7593957.6002, -12947458.6337 7593955.4894, -12947313.3226 7593909.7128, -12947200.2593 7593856.5908, -12947139.241 7593788.7985, -12947059.6631 7593603.0117, -12947002.3182 7593546.0604, -12946956.0767 7593527.1426, -12946888.4488 7593538.23, -12946753.901 7593627.9795, -12946456.6064 7593913.7476, -12946305.214 7593917.579, -12946215.0394 7593815.5816, -12946216.2233 7593715.8392, -12945901.9023 7593752.5356, -12945863.0393 7593742.6702, -12945877.6104 7593767.601, -12945871.6514 7593816.7783, -12945834.5011 7593827.8936, -12945810.353 7593902.5836, -12945780.8648 7593915.2844, -12945772.4801 7593893.5093, -12945746.2401 7593933.3366, -12945757.7793 7594006.1896, -12945720.1018 7594032.5379, -12945739.8536 7594091.8176, -12945725.1164 7594107.0558, -12945731.139 7594137.6341, -12945671.316 7594171.8833, -12945625.4085 7594175.09, -12945614.4657 7594236.8539, -12945589.9653 7594247.4069, -12945591.6604 7594259.2756, -12945627.708 7594268.225, -12945625.913 7594284.5428, -12945601.5535 7594282.0993, -12945563.2961 7594309.492, -12945540.2431 7594291.3042, -12945537.9425 7594323.0399, -12945525.7845 7594326.18419999, -12945503.4626 7594319.7323, -12945492.6295 7594298.7919, -12945460.8447 7594316.7607, -12945454.1664 7594283.6667, -12945408.8844 7594289.6354, -12945374.9652 7594268.3779, -12945380.1165 7594223.7064, -12945324.5373 7594225.4147, -12945297.0613 7594481.7918, -12945304.9065 7594562.5885, -12945285.5631 7594573.7375, -12945284.0326 7594598.1768, -12945218.304 7594626.9657, -12945215.4441 7594646.0618, -12945188.0574 7594611.5639, -12945140.795 7594609.2289, -12945127.2981 7594628.5945, -12945094.509 7594638.9189, -12945090.712 7594692.5163, -12945072.1997 7594697.9341, -12945059.6804 7594677.6812, -12945028.3374 7594707.6457, -12945003.3024 7594700.1955, -12945002.5162 7594727.6506, -12944941.5224 7594764.8404, -12944895.13 7594769.6705, -12944851.3926 7594811.8784, -12944819.6731 7594793.9874, -12944810.1359 7594759.4628, -12944796.5256 7594767.4559, -12944798.6295 7594795.2386, -12944761.1025 7594822.1559, -12944718.569 7594831.2383, -12944702.627 7594808.3883, -12944723.8184 7594781.0704, -12944712.8192 7594763.7177, -12944688.7565 7594760.7516, -12944671.8367 7594800.847, -12944635.4846 7594789.6746, -12944461.3741 7595151.3803, -12944263.6177 7595155.0625, -12944110.1807 7595415.6295, -12943677.2948 7595542.6111, -12943500.02 7595341.1527, -12943371.0406 7595334.5995, -12943330.1254 7595319.2517, -12943100.4913 7595374.8572, -12942822.8958 7595340.3268, -12942449.322 7595466.1449, -12942391.4419 7595546.5065, -12942070.6737 7595314.4967, -12942181.6479 7595199.1474, -12942200.5917 7595049.383, -12942231.9459 7594999.4248, -12942229.6399 7594924.8747, -12942260.1352 7594864.7782, -12942334.8612 7594797.2208, -12942480.3881 7594739.5253, -12942648.2217 7594600.0735, -12942841.6063 7594287.8985, -12942841.4023 7594185.5815, -12942870.9847 7594112.1971, -12942917.7323 7593901.0962, -12942950.0543 7593689.74099999, -12943182.1967 7593479.5432, -12943266.5661 7593356.2712, -12943332.9025 7593203.9024, -12943313.5543 7592745.6298, -12943250.9876 7592746.7858, -12943187.2693 7592716.3176, -12943170.9035 7592684.9749, -12943113.3965 7592657.4761, -12942941.6274 7592677.0937, -12942884.1604 7592668.2935, -12942852.543 7592628.1302, -12942851.8851 7592603.8908, -12942876.2246 7592556.014, -12942927.7159 7592512.2337, -12942863.8429 7592466.0751, -12942690.4383 7592434.4464, -12942601.8216 7592384.6859, -12942538.2837 7592306.2722, -12942508.8517 7592224.2619, -12942274.3126 7592310.879, -12941957.6223 7592525.4091, -12941817.4819 7592580.7188, -12941674.5233 7592666.91, -12941529.936 7592698.7982, -12941384.2863 7592672.206, -12941260.2137 7592591.2676, -12941177.0028 7592468.5649, -12941123.4371 7592235.3834, -12941034.0641 7592039.2236, -12940925.5939 7591892.5375, -12940881.5396 7591853.536, -12940823.1547 7591880.2961, -12940600.5758 7591848.3971, -12940476.5248 7591767.4544, -12940392.145 7591638.8706, -12940285.5781 7591553.9754, -12940060.9863 7591445.3613, -12940030.9017 7591385.19, -12940034.502 7591317.518, -12940106.2272 7591231.3082, -12940219.3405 7591179.795, -12940344.1055 7591167.8524, -12940511.2013 7591204.35, -12940588.9095 7591146.0905, -12940693.3635 7591039.4396, -12940731.1935 7590981.7156, -12940722.8978 7591407.1605, -12940801.7491 7591485.1329, -12940985.6117 7591478.1354, -12941014.9261 7591498.4617, -12941168.0064 7591230.1818, -12941173.1853 7591238.5564, -12941344.2585 7591133.2183, -12941361.8717 7591220.2301, -12941377.0855 7591233.5582, -12941416.6038 7591220.2301, -12941404.1731 7591240.5557, -12941682.1007 7591095.6122, -12941707.5188 7591093.28, -12941722.7324 7591139.2616, -12941718.8362 7591201.5706, -12941739.7957 7591254.2701, -12941708.4464 7591246.8866, -12941820.5079 7591457.476, -12941983.8983 7591341.3276, -12942096.472 7591191.3628, -12942109.3257 7590631.8934, -12942019.3989 7590540.1882, -12941906.2573 7590463.2568, -12941987.7391 7590275.2913, -12942076.46 7590143.5113, -12942200.2165 7590062.1782, -12942345.7251 7590035.0948, -12942490.3718 7590066.4696, -12942651.5112 7590179.3232, -12942797.1274 7590438.9154, -12942892.5325 7590453.0686, -12942962.074 7590495.201, -12943035.5293 7590472.6528, -12943224.8838 7590469.1584, -12943383.8435 7590529.493, -12943573.199 7590525.99, -12943604.4666 7590509.5931, -12943920.0582 7590503.7431, -12944045.7098 7590469.7745, -12944202.3333 7590403.5926, -12944233.892 7590403.0057, -12944296.1303 7590354.3948, -12944366.9137 7590238.547, -12944182.9608 7590201.2119, -12943961.1446 7590172.7739, -12943875.8308 7590178.46149999, -12943659.7021 7590144.3359, -12943511.8247 7590155.711, -12943329.8218 7590138.6483, -12943238.8202 7590172.7739, -12943028.3793 7590076.0848, -12942903.2523 7589996.4584, -12942869.1267 7589888.3941, -12942926.0026 7589689.3285, -12942903.2522 7589518.7007, -12943034.067 7589149.0071, -12943130.7559 7589001.1297, -12943261.5708 7588955.629, -12943540.2628 7588773.6261, -12943591.4511 7588580.2478, -12943727.9532 7588500.6215, -12944080.584 7588551.8099, -12945929.052 7588551.8097, -12945803.925 7588438.0581, -12946002.9906 7588358.4317, -12946145.1805 7588347.0565, -12946138.6683 7588323.5213, -12946202.3978 7588330.2871, -12946204.4508 7585743.7085, -12946472.6296 7585722.3654, -12946510.0866 7585656.7157, -12946497.3477 7585654.9829, -12946504.6628 7585640.6806, -12946487.371 7585621.2296, -12946503.4598 7585602.5744, -12946533.7052 7585603.4059, -12946536.3129 7585564.597, -12946576.7477 7585558.2026, -12946569.7482 7585533.3973, -12946583.4961 7585526.757, -12946619.4405 7585595.8651, -12946637.9329 7585600.1879, -12946654.4192 7585579.2016, -12946644.3464 7585544.9159, -12946675.4293 7585543.9496, -12946709.6134 7585560.6879, -12946731.4664 7585608.7711, -12946749.2663 7585605.4634, -12946773.5008 7585624.3491, -12946786.6696 7585609.2009, -12946809.9833 7585622.0643, -12946844.1747 7585617.493, -12946893.1625 7585688.3423, -12946950.1161 7585645.9147, -12946940.2564 7585604.059, -12946910.9129 7585601.83299999, -12946902.519 7585581.1428, -12946916.7268 7585569.5143, -12946952.8495 7585574.5601, -12946975.6925 7585533.1691, -12947016.73 7585589.3489, -12947016.2489 7585621.1947, -12946979.5923 7585624.9347, -12946953.8756 7585719.6239, -12946974.4286 7585758.2265, -12947003.9552 7585767.96, -12947017.4752 7585761.7674, -12947025.9824 7585727.0155, -12947016.9377 7585684.0431, -12947039.4366 7585689.03719999, -12947046.4647 7585638.3641, -12947070.8792 7585628.2939, -12947091.6067 7585593.0306, -12947106.1894 7585508.5211, -12947077.3915 7585497.6704, -12947053.4073 7585452.5195, -12947050.7978 7585409.8496, -12947024.0253 7585401.5734, -12947020.1938 7585382.1317, -12946963.5697 7585381.479, -12946954.8196 7585372.1871, -12946964.7678 7585342.1379, -12946934.8222 7585335.8982, -12946933.3076 7585307.8275, -12946961.8275 7585298.3644, -12946959.9815 7585210.3139, -12946858.4508 7585174.3074, -12946838.8836 7585183.7279, -12946846.6155 7585157.49759999, -12946827.8749 7585151.4041, -12946833.9037 7585126.5035, -12946868.9441 7585084.47, -12946881.0138 7585017.4092, -12946825.9214 7585008.7584, -12946786.027 7584977.4086, -12946725.8603 7584982.42, -12946572.9741 7584960.2065, -12946546.0053 7584922.5641, -12946504.087 7584907.0257, -12946504.8346 7584880.4737, -12946475.7902 7584868.4766, -12946423.0709 7584888.999, -12946387.2455 7584881.5119, -12946382.2503 7584847.166, -12946357.6821 7584849.0421, -12946352.6795 7584830.2334, -12946309.2459 7584808.3523, -12946305.2532 7584777.0756, -12946324.028 7584720.8558, -12946360.5251 7584666.9789, -12946351.975 7584595.6926, -12946366.8144 7584584.5756, -12946400.6652 7584595.5008, -12946392.1305 7584645.4265, -12946427.3494 7584660.1676, -12946455.8197 7584587.7254, -12946487.4751 7584584.1228, -12946521.9324 7584555.9764, -12946503.9904 7584504.94, -12946446.3517 7584498.1119, -12946491.4208 7584466.9038, -12946503.9874 7584277.4261, -12946490.631 7584218.6641, -12946418.3695 7584181.46809999, -12946375.7979 7584194.5968, -12946374.5193 7584116.1379, -12946408.5092 7584077.9199, -12946399.8784 7584058.7008, -12946418.0067 7584004.0933, -12946391.8602 7583988.6473, -12946388.4434 7583943.4411, -12946355.6688 7583904.0629, -12946375.0589 7583873.4787, -12946369.8828 7583828.2121, -12946392.9142 7583828.7711, -12946399.1723 7583809.0372, -12946380.0348 7583784.922, -12946336.9059 7583782.1855, -12946325.2528 7583761.8958, -12946401.3517 7583756.5608, -12946525.5366 7583815.3158, -12946547.0103 7583815.2227, -12946554.2902 7583800.1092, -12946517.8424 7583749.5194, -12946410.8973 7583707.5176, -12946376.8762 7583655.6883, -12946353.3497 7583642.9383, -12946325.7055 7583641.4675, -12946308.9814 7583700.8513, -12946280.8947 7583690.8641, -12946279.9626 7583674.199, -12946306.7074 7583663.2683, -12946306.1114 7583552.4885, -12946284.5257 7583522.8367, -12946270.4137 7583529.7891, -12946111.7592 7583492.3558, -12946186.109 7583364.271, -12946245.9678 7583318.9421, -12946212.3747 7583146.6738, -12946215.9385 7582905.0692, -12946129.5904 7582877.9667, -12945997.8577 7582864.2699, -12945865.5047 7582869.07639999, -12945655.731 7582915.965, -12945461.8552 7583008.9353, -12945216.667 7583209.2468, -12945169.9804 7583261.984, -12945144.1142 7583344.5424, -12945132.2842 7583576.1235, -12945171.7129 7583787.8696, -12945257.6681 7583985.3049, -12945435.994 7584239.1459, -12945470.2353 7584383.3139, -12945446.211 7584529.5442, -12945383.4747 7584678.2606, -12945395.5399 7584805.7562, -12945425.0328 7584928.4428, -12945422.3516 7585043.9143, -12945469.2719 7585173.8219, -12945406.2645 7585212.3132, -12945359.3441 7585214.71899999, -12945252.0974 7585060.7539, -12945186.4089 7584935.6597, -12945134.126 7584870.7076, -12945055.0317 7584815.3787, -12944935.7197 7584875.5188, -12944887.4587 7584981.367, -12944831.1541 7585027.0745, -12944765.4656 7585027.0745, -12944717.2044 7585051.1312, -12944647.4942 7585116.0845, -12944554.9939 7585173.8217, -12944419.595 7585132.9244, -12944315.0294 7585128.113, -12944231.9133 7585082.4048, -12944202.4205 7584995.8007, -12944130.029 7584942.8763, -12943826.3463 7584923.9577, -12943395.8616 7585025.8142, -12943218.0209 7585089.8969, -12943019.3477 7585133.7537, -12942916.007 7585114.9063, -12942458.3967 7585619.3234, -12941757.2311 7586321.6855, -12941720.2547 7586663.3726, -12941683.3565 7586719.2277, -12941687.3441 7586811.3603, -12941619.4983 7587101.6333, -12941540.4112 7587219.0886, -12941366.4034 7587341.8555, -12941139.6544 7587389.9716, -12940959.2963 7587468.5009, -12940755.3222 7587782.7704, -12940593.2995 7587972.8033, -12940529.1202 7588088.9986, -12940481.3464 7588214.2186, -12940426.1076 7588296.22999999, -12940291.7877 7588390.9676, -12940147.275 7588422.8115, -12939756.3879 7588338.2739, -12939497.2386 7588328.5136, -12939257.8574 7588284.7401, -12939052.216 7588219.7971, -12938854.3671 7588202.534, -12938602.5586 7588238.9059, -12938401.2235 7588310.26169999, -12938225.8069 7588348.8695, -12938080.25 7588322.2288, -12937956.2822 7588241.2818, -12937873.1713 7588118.6115, -12937828.222 7587911.2769, -12937768.8418 7587756.3847, -12937702.5505 7587641.3923, -12937544.9791 7587423.5516, -12937473.5563 7587203.1157, -12937364.3714 7587017.4594, -12937253.5633 7586894.1863, -12937123.0806 7586792.0673, -12936976.8877 7586714.2033, -12936817.8589 7586661.6514, -12936680.2871 7586571.7887, -12936600.2159 7586469.2657, -12936500.2555 7586238.3727, -12936464.8968 7586219.8967, -12935685.6965 7586214.209, -12935276.1898 7586185.771, -12934946.3095 7586219.8965, -12934633.4918 7586458.7755, -12934815.4948 7586532.7141, -12934815.4948 7586652.1538, -12934690.3677 7586873.9698, -12934553.8656 7586999.0969, -12934400.3005 7587038.91, -12934212.6098 7587033.2224, -12933962.3558 7586976.3465, -12933780.3529 7587158.3495, -12933569.9118 7587266.4138, -12933598.3499 7587152.6619, -12933655.2257 7587084.4107, -12933751.9148 7586919.4707, -12933820.1659 7586771.5933, -12933979.4185 7586714.7172, -12934155.7338 7586697.6544, -12934218.2975 7586595.2778, -12934241.0478 7586401.8995, -12934343.4245 7586282.46019999, -12934405.988 7586094.7695, -12934515.3848 7586046.1497, -12934552.4264 7586065.0537, -12934617.9912 7586072.4703, -12934694.3421 7586045.4869, -12934811.3349 7585900.9068, -12934857.2209 7585757.5628, -12935084.0085 7585710.8569, -12935089.1536 7585679.4074, -12935024.1653 7585540.8458, -12934957.8154 7585487.8337, -12934748.5282 7585394.5415, -12934618.1973 7585425.3101, -12934563.6699 7585397.7475, -12934343.3537 7585159.24979999, -12934179.6827 7585070.8582, -12933945.8052 7584869.6514, -12933834.115 7584825.9679, -12933782.9855 7584785.6846, -12933558.2948 7584500.05789999, -12933379.7462 7584372.007, -12933256.4484 7584314.2657, -12933040.0926 7584303.723, -12932743.4864 7584257.4919, -12932592.7769 7584260.0663, -12932286.009 7584285.2498, -12932166.4333 7584278.7345, -12931963.2861 7584376.2511, -12931701.5764 7584374.99229999, -12931643.0205 7584276.2219, -12931573.4767 7584200.4409, -12931495.9598 7584174.7791, -12931412.4767 7584120.2602, -12931141.1281 7584031.0339, -12931034.5782 7583953.0249, -12930886.3576 7583764.5603, -12930776.6363 7583666.6531, -12930644.6003 7583594.7717, -12930567.4961 7583576.1173, -12930493.6647 7583583.0581, -12930328.0494 7583714.0936, -12930261.6158 7583823.5142, -12930179.6411 7584024.4038, -12930160.221 7584224.2499, -12930217.4359 7584414.2656, -12930445.1341 7584592.8734, -12930477.6065 7584663.5901, -12930479.5608 7584780.4284, -12930500.421 7584837.0891, -12930473.2697 7584914.5107, -12930408.3855 7584946.9567, -12930232.1144 7584952.7645, -12930174.8095 7584928.0696, -12930103.3541 7585068.4707, -12929787.6623 7585031.1896, -12929486.2198 7585139.2539, -12929201.8403 7585275.7562, -12928837.8344 7585378.1328, -12928570.7176 7585397.6824, -12928580.0944 7585421.9311, -12928529.5231 7585554.1076, -12928383.0574 7585567.2824, -12928252.2497 7585612.1496, -12928134.6023 7585631.3329, -12928001.085 7585567.9418, -12927882.9242 7585331.3858, -12927914.8103 7585223.545, -12927910.883 7585188.2476, -12928087.072 7585133.5663, -12928365.7639 7585076.6904, -12928593.2678 7584985.6888, -12928860.5848 7584735.4348, -12929105.1512 7584547.7442, -12927905.0942 7583816.6298, -12927886.2418 7583389.4256, -12927668.9159 7583143.6267, -12927301.8617 7583161.5227, -12925369.983 7583697.0463, -12925047.1075 7583610.2029, -12924624.9795 7583714.9876, -12924464.1016 7583848.2412, -12924284.3215 7583818.44829999, -12924168.1692 7583689.6288, -12923809.3968 7583679.0164, -12923630.3989 7583698.1993, -12923499.7718 7583683.941, -12923154.6049 7583483.7834, -12923154.8673 7583436.1481, -12922971.3864 7583128.3389, -12922792.0383 7582946.3281, -12922732.6448 7582864.2741, -12922646.0184 7582544.6103, -12922496.8552 7582249.9928, -12922336.1349 7582082.7002, -12922246.117 7581949.2499, -12922217.0981 7581803.9794, -12922247.2534 7581654.3438, -12922347.6938 7581416.2752, -12922412.9028 7581134.9057, -12922472.4058 7581001.0088, -12922565.7387 7580909.3169, -12922768.9188 7580853.5385, -12922930.3668 7580894.06449999, -12923203.3184 7580936.2241, -12923368.6632 7580930.709, -12923548.4814 7580892.5623, -12923513.7129 7580748.6933, -12923534.2239 7580595.019, -12923649.909 7580245.2659, -12923679.1309 7579991.0276, -12923837.2317 7579715.2749, -12923908.6991 7579500.155, -12923861.3857 7579439.061, -12923864.088 7578948.7733, -12923799.1493 7578808.6482, -12923645.2652 7578614.1545, -12923411.8986 7578430.4515, -12923374.053 7578376.2259, -12923331.2712 7578217.528, -12923350.8651 7578070.7545, -12923557.4507 7577743.5695, -12923627.5766 7577593.4945, -12923670.6294 7577433.4997, -12923688.8269 7577300.4735, -12923646.939 7577191.7165, -12923644.345 7577027.8628, -12923672.1313 7576959.9358, -12923709.993 7576920.7711, -12923767.2429 7576890.9384, -12924026.6227 7576867.525, -12924142.3447 7576884.96, -12924171.6584 7576913.4139, -12924255.3885 7576944.1439, -12924419.4697 7576967.6152, -12924634.0467 7576958.5448, -12924958.0204 7576899.91480001, -12925100.8002 7576857.7522, -12925235.2382 7576793.7241, -12925456.5435 7576650.759, -12925601.8597 7576624.0415, -12925746.1882 7576655.6798, -12925867.1009 7576740.758, -12925946.5359 7576867.2176, -12925994.7391 7577015.3912, -12926421.2473 7577008.3155, -12926510.2285 7576962.4847, -12926576.6171 7576903.5601, -12926710.1733 7576833.9004, -12927017.0032 7576771.0505, -12927440.3415 7576773.76299999, -12927707.613 7576863.9922, -12927726.7738 7576719.6317, -12927926.6794 7576719.8435, -12927983.1035 7576707.2552, -12928036.4672 7576717.0786, -12928080.0428 7576763.7877, -12928070.3864 7576954.2621, -12928083.809 7576972.841, -12928226.2172 7576975.5759, -12928227.0638 7576936.1126, -12928312.6457 7576911.2914, -12928315.2021 7576881.7864, -12928356.574 7576869.928, -12928416.4403 7576873.003, -12928509.2149 7576965.9539, -12928643.0386 7576965.77229999, -12928738.8077 7576932.6919, -12928927.9833 7576969.1789, -12929174.9075 7576973.1101, -12929192.9441 7576957.9218, -12929174.4967 7576909.4909, -12929177.1399 7576870.1615, -12929212.8481 7576831.0208, -12929233.9372 7576737.2677, -12929270.9129 7576673.5363, -12929394.6388 7576676.0855, -12929461.4792 7576660.7901, -12929519.787 7576546.0753, -12929612.5599 7576613.0762, -12929678.3632 7576590.5346, -12929802.7654 7576519.2981, -12929850.8461 7576435.2244, -12929900.05 7576384.2574, -12930062.1421 7576298.6554, -12930085.6391 7576298.1466, -12930136.6908 7576258.021, -12930146.8678 7576235.1425, -12930138.6322 7576194.385, -12930064.3592 7576148.8853, -12930075.2872 7576108.1266, -12930132.6145 7576017.1837, -12930119.3731 7575984.5258, -12930131.5914 7575918.2784, -12930190.0954 7575904.3517, -12930220.2735 7575924.7225, -12930319.1868 7575884.8005, -12930331.787 7575800.5067, -12930360.7888 7575751.3264, -12930445.8447 7575777.178, -12930476.0824 7575748.0773, -12930542.2014 7575734.0019, -12930606.4344 7575690.1621, -12930613.1497 7575629.8343, -12930536.0915 7575560.9736, -12930529.6364 7575540.7198, -12930571.9679 7575460.1232, -12930633.8566 7575439.4541, -12930612.3086 7575387.5652, -12930626.2813 7575369.8463, -12930650.4538 7575365.739, -12930708.8023 7575392.9607, -12930783.6296 7575383.592, -12930893.493 7575312.5857, -12930895.305 7575263.9992, -12930850.7762 7575213.1119, -12930856.4846 7575133.2605, -12930832.0299 7575113.9322, -12930772.9851 7575119.1819, -12930746.8202 7575105.8976, -12930723.565 7575033.0249, -12930561.5589 7574874.2129, -12930591.1077 7574752.3785, -12930933.1111 7574817.7959, -12931290.0389 7574925.6504, -12931527.8534 7574708.1141, -12931910.5394 7574658.9257, -12932413.3402 7574991.9999, -12932816.2902 7575298.2925, -12932975.4664 7575230.4345, -12932924.3915 7575159.5473, -12932895.1981 7575014.4461, -12932912.4385 7574928.2827, -12932868.4941 7574751.1066, -12932897.5324 7574605.9825, -12933101.4687 7574302.7558, -12933195.9503 7574131.5808, -12933378.8426 7574001.4119, -12933524.0804 7573974.554, -12933668.3905 7574006.0325, -12933789.3479 7574090.9564, -12933862.4396 7574207.0526, -12934026.9391 7574154.5107, -12934118.6411 7574168.2235, -12934207.502 7574052.4564, -12934327.94 7573961.5493, -12934471.0828 7573925.11379999, -12934617.1559 7573946.9478, -12934743.4575 7574023.65820001, -12934830.3612 7574143.3267, -12934864.3582 7574287.3553, -12934842.0515 7574421.9634, -12934957.7855 7574441.654, -12935084.0989 7574518.3639, -12935171.0136 7574638.0361, -12935205.0192 7574782.0724, -12935179.6133 7574930.0264, -12935398.066 7575086.62089999, -12935701.0269 7575043.2603, -12935771.5041 7574919.8587, -12935804.2133 7574792.4266, -12935868.2094 7574817.9129, -12936086.3734 7575070.6942, -12936288.1357 7575122.7334, -12936436.4921 7575134.42450001, -12936568.4774 7575125.165, -12936725.9651 7575087.3431, -12936930.1666 7574748.3851, -12936665.5455 7574462.8702, -12936760.9511 7574233.4539, -12937185.925 7574169.0268, -12937235.5535 7574149.1532, -12937319.3852 7574020.7352, -12937442.9348 7573939.64989999, -12937539.5985 7573921.7218, -12937316.7645 7573585.4414, -12937371.9874 7573496.8044, -12937415.5655 7573390.7174, -12937477.1322 7573338.3935, -12937589.6393 7573371.4512, -12937685.7872 7573519.7125, -12937799.8724 7573546.1535, -12937882.796 7573416.594, -12938123.6515 7573383.8511, -12938312.2562 7573608.2073, -12938285.8784 7573722.536, -12938500.3666 7573804.1092, -12938680.4398 7573786.9917, -12938713.8249 7573729.6073, -12938831.0535 7573641.0145, -12938793.4667 7573514.2301, -12938788.9095 7573258.1382, -12938970.1786 7573069.8882, -12939266.0277 7572936.5087, -12939491.1088 7573017.411, -12939495.516 7572983.8626, -12939569.8763 7572856.0156, -12939123.6791 7572613.10189999, -12938979.4564 7572644.8566, -12938749.2515 7572618.5105, -12938519.9078 7572646.8126, -12938304.2053 7572729.8679, -12938063.8763 7572890.349, -12937919.6437 7572922.0849, -12937774.38 7572895.4892, -12937637.0441 7572805.8012, -12937582.3442 7572730.536, -12937539.3029 7572572.0356, -12937574.4628 7572385.5529, -12937464.0146 7572387.5081, -12937243.3581 7572352.4975, -12937113.9634 7572354.7824, -12936999.4513 7572319.1956, -12936909.808 7572396.9486, -12936852.8782 7572423.0096, -12936728.5244 7572449.028, -12936340.085 7572453.6259, -12936095.653 7572439.8945, -12935979.1796 7572419.3731, -12935867.7561 7572381.6157, -12935563.0578 7572150.1909, -12935441.3118 7572112.6043, -12935377.8455 7572109.8068, -12935251.3579 7572128.9664, -12935070.3944 7572195.2589, -12934905.1288 7572297.1916, -12934810.208 7572387.839, -12934739.9294 7572498.3527, -12934690.8128 7572733.686, -12934649.7521 7572819.6656, -12934590.3649 7573076.504, -12934549.3013 7573162.4868, -12934476.7032 7573270.3346, -12934382.4683 7573357.2387, -12934319.3993 7573400.9665, -12934245.3291 7573423.5653, -12934011.3834 7573427.60360001, -12933883.228 7573397.8346, -12933766.0729 7573389.193, -12933701.722 7573358.3225, -12933658.4567 7573316.42979999, -12933603.646 7573221.44, -12933580.9194 7573136.5585, -12933548.2893 7573094.4836, -12933547.7423 7573062.5164, -12933417.2266 7572894.2182, -12933416.8623 7572872.9072, -12933384.2342 7572830.833, -12933240.9101 7572534.858, -12933143.0343 7572408.6389, -12933109.4161 7572308.2987, -12932791.2311 7572364.1846, -12932222.2613 7572594.9221, -12931991.1744 7572659.1129, -12931712.8604 7572712.8417, -12931614.3143 7572758.3146, -12931365.3835 7572915.3143, -12931250.4159 7572960.7886, -12931179.5956 7572966.5562, -12931117.7486 7572944.6409, -12930998.3811 7572779.2033, -12930936.2858 7572761.2617, -12930902.6882 7572767.9617, -12930812.5845 7572836.8848, -12930710.8909 7572969.3018, -12930461.2779 7573210.4093, -12930320.2709 7573386.1458, -12930242.4413 7573420.9076, -12930001.444 7573463.1556, -12929763.6029 7573563.1529, -12929497.6315 7573569.681, -12929242.5664 7573619.6014, -12929171.9416 7573617.7356, -12929027.825 7573594.3118, -12928825.9082 7573516.3105, -12928506.9872 7573483.8056, -12928395.1142 7573438.2205, -12928308.6897 7573372.6263, -12928302.0202 7573337.7292, -12928330.35 7573299.1765, -12928640.9674 7573138.442, -12928781.6542 7573121.8801, -12928980.2172 7573157.7289, -12929181.276 7573160.2596, -12929284.9535 7573142.5006, -12929339.0165 7573106.5818, -12929355.7147 7573060.937, -12929331.5805 7573021.7401, -12929154.1375 7572955.0733, -12929107.7064 7572913.5339, -12929085.2857 7572857.0645, -12929094.8042 7572732.4307, -12929080.991 7572679.4782, -12929027.3938 7572660.5923, -12928815.5036 7572706.4254, -12928752.1461 7572707.4159, -12928707.7721 7572683.7026, -12928693.0632 7572632.8563, -12928712.032 7572567.0322, -12928836.7682 7572340.3363, -12928883.4059 7572095.9581, -12928922.0168 7572027.0008, -12929232.2378 7571781.4827, -12929499.2349 7571522.5316, -12929604.744 7571469.8419, -12929662.2904 7571456.0597, -12929782.073 7571447.99319999, -12929902.3063 7571467.377, -12930074.8477 7571549.1506, -12930334.1667 7571737.061, -12930442.9254 7571797.5045, -12930619.4943 7571838.3026, -12930742.0209 7571819.0295, -12930858.7892 7571759.7556, -12930962.5909 7571667.5868, -12931051.3242 7571554.8516, -12931320.2236 7571128.6721, -12931411.0705 7571018.9515, -12931522.2955 7570929.7176, -12931658.9326 7570871.6169, -12932223.3598 7570756.1557, -12932533.0512 7570649.9634, -12933066.8199 7570376.0914, -12933388.1082 7570260.761, -12933512.5277 7570201.0309, -12933722.3513 7570020.0993, -12933837.0627 7569949.1082, -12933904.6108 7569932.6573, -12934044.8022 7569931.3327, -12934392.3424 7569998.1613, -12934504.6507 7569955.5605, -12934705.8678 7569909.4571, -12934897.1901 7569906.1384, -12935289.909 7569867.3478, -12935416.9015 7569833.1725, -12935522.0806 7569767.41260001, -12935563.8556 7569724.0666, -12935585.1131 7569723.6957, -12935595.3718 7569702.2082, -12935616.6292 7569701.8372, -12935815.0522 7569495.9435, -12935942.5931 7569493.7133, -12936070.8768 7569534.084, -12936082.1252 7569569.457, -12936220.5515 7569584.7835, -12936339.6676 7569632.2129, -12936403.0316 7569689.6267, -12936488.316 7569818.634, -12936566.8559 7569903.2931, -12936735.4158 7569999.8952, -12937126.5947 7570078.0999, -12937216.1591 7570070.4756, -12937320.3287 7570107.5359, -12937397.9429 7570106.1638, -12937513.4503 7570052.2526, -12937653.3155 7570031.5147, -12937900.6733 7569831.025, -12938032.1135 7569779.3518, -12938171.0251 7569759.4229, -12938307.4924 7569758.408, -12938435.1402 7569780.1967, -12938569.9131 7569832.8439, -12938699.1426 7569784.8091, -12938916.7309 7569651.2584, -12938967.7778 7569611.447, -12939132.6935 7569426.97169999, -12939223.0036 7569412.3879, -12939464.8032 7569408.0506, -12939513.7209 7569318.2277, -12939955.0671 7567995.902, -12939878.4103 7567945.8716, -12939665.3242 7567604.6661, -12939523.1147 7567443.7437, -12939348.4322 7567319.0019, -12939130.8061 7567231.9512, -12939130.5489 7567054.9924, -12939009.6988 7567010.3694, -12938916.7099 7567032.0837, -12938857.4152 7567073.2461, -12938831.5769 7567120.4943, -12938852.3355 7567205.0209, -12938643.8926 7567232.5986, -12938429.8208 7567319.3551, -12938148.3751 7567511.1582, -12938004.2439 7567542.8728, -12937857.6431 7567516.0328, -12937722.3161 7567448.2011, -12937580.5212 7567403.4343, -12937257.2805 7567367.3512, -12937177.6244 7567423.4829, -12937033.4904 7567455.179, -12936888.333 7567428.5844, -12936751.1052 7567338.9431, -12936696.4532 7567263.7244, -12936653.0875 7567103.953, -12936656.3841 7566961.0851, -12936636.9673 7566813.3933, -12936559.9886 7566558.5967, -12936351.608 7566444.324, -12936209.0811 7566402.0237, -12935875.299 7566340.4377, -12935738.1023 7566250.7906, -12935683.4679 7566175.5751, -12935640.5033 7566017.1975, -12935718.5537 7565560.5726, -12935714.6678 7565411.6825, -12935683.1707 7565249.2742, -12935631.1274 7565109.7687, -12935548.5876 7564966.489, -12935454.0622 7564851.5652, -12935347.3003 7564756.36379999, -12935288.3381 7564675.18119999, -12935245.3902 7564516.8321, -12935322.92 7564076.006, -12935320.053 7563910.6127, -12935292.9859 7563764.1946, -12935243.397 7563623.824, -12935172.5083 7563492.9577, -12935082.066 7563374.816, -12934966.1521 7563265.8126, -12934877.5099 7563134.8597, -12934848.3271 7562989.9912, -12934859.9332 7562931.9139, -12934727.5595 7562764.5278, -12934641.8095 7562505.3716, -12934558.5911 7562392.7843, -12934556.9072 7562295.0765, -12934587.4429 7562180.523, -12934928.6943 7562174.6083, -12935070.091 7562130.2523, -12935102.0495 7562075.3804, -12935219.8259 7561986.4624, -12935362.7426 7561950.0685, -12935508.5909 7561971.8535, -12935605.0087 7562030.4006, -12935776.2589 7562080.933, -12935892.2686 7562170.6577, -12935924.1101 7562246.5616, -12935941.4951 7562368.5961, -12935944.2905 7562529.1196, -12935905.6397 7562615.9204, -12936012.6142 7562748.3015, -12936189.0826 7562882.964, -12936275.8814 7563002.4444, -12936335.4297 7563226.5236, -12936413.5817 7563390.6957, -12936532.7278 7563549.1192, -12936629.3544 7563639.4001, -12936744.574 7563719.5779, -12936831.391 7563839.0651, -12936892.8343 7564040.3936, -12936988.8377 7564213.9008, -12937071.9986 7564316.7832, -12937181.5782 7564417.3751, -12937291.1269 7564491.3957, -12937409.8914 7564549.4164, -12937583.9687 7564601.0508, -12937950.0155 7564656.5443, -12938075.6618 7564715.2921, -12938202.0288 7564753.9685, -12938600.9501 7564816.3883, -12938738.0611 7564888.1968, -12938895.0901 7564939.2612, -12939042.0839 7564961.2169, -12939180.9138 7564960.6318, -12939401.526 7565008.585, -12939646.6839 7565095.0016, -12939670.7091 7565187.443, -12939739.5222 7565306.4852, -12940058.5829 7565621.4943, -12940119.2998 7565660.4947, -12940224.8809 7565598.4472, -12940286.973 7565405.2722, -12940366.4958 7565562.8181, -12940447.9122 7565667.1212, -12940543.0243 7565759.0544, -12940649.9807 7565836.8273, -12940836.2868 7565924.2566, -12940940.848 7565780.17189999, -12941035.3229 7565551.1857, -12941087.1424 7565240.2761, -12941121.1276 7565183.3875, -12941083.5691 7565118.5284, -12941000.7966 7565188.4544, -12940672.2945 7565144.954, -12940480.392 7564980.2374, -12940456.5716 7564675.3518, -12940618.3946 7564437.192, -12940765.6387 7564073.6907, -12940771.8198 7563931.1059, -12940657.8258 7563526.16529999, -12940482.7073 7563445.5855, -12940396.2414 7563380.43729999, -12940379.8583 7563292.4881, -12940381.8006 7563198.824, -12940044.5468 7563195.345, -12940034.6621 7563176.3939, -12939976.8986 7563148.7407, -12939887.1775 7563046.9294, -12939839.6429 7563070.0475, -12939449.8221 7563047.0351, -12939380.6768 7562868.4002, -12939341.6582 7562814.736, -12939298.6379 7562656.4483, -12939318.5587 7562504.8463, -12939372.3434 7562373.3293, -12939403.4562 7562248.0439, -12939378.4203 7562209.2371, -12939414.9121 7561997.4392, -12939394.192 7561866.7185, -12939355.5202 7561740.1617, -12939237.5032 7561522.5672, -12939129.1911 7561397.8108, -12939000.9098 7561293.7971, -12938856.5568 7561213.6847, -12938712.4131 7561162.9845, -12938569.2368 7561069.5044, -12938514.6123 7560994.3596, -12938465.5588 7560847.1183, -12938388.0493 7560701.1483, -12938091.5869 7560329.0102, -12937917.4319 7560177.3808, -12937714.3856 7560073.4217, -12937560.9263 7559973.1987, -12937478.1297 7559850.9694, -12937448.911 7559706.1728, -12937477.8085 7559561.3143, -12937511.7837 7559510.91700001, -12937525.466 7559406.9812, -12937577.3435 7559278.2394, -12937588.311 7559194.623, -12937506.3576 7558997.5951, -12937506.3575 7558911.6856, -12937402.6996 7558816.734, -12937279.3761 7558610.3963, -12937174.6267 7558692.4659, -12936983.3834 7558734.5193, -12936838.3906 7558707.9524, -12936701.3197 7558618.41, -12936511.745 7558377.085, -12936315.7544 7558226.3953, -12936087.5288 7558131.6686, -12935697.3255 7558056.9705, -12935560.2791 7557967.4151, -12935505.7057 7557892.2782, -12935458.3821 7557717.81, -12935436.1232 7557509.6249, -12935382.8933 7557333.8889, -12934997.3458 7557432.6492, -12934852.3841 7557406.049, -12934728.9487 7557325.3686, -12934646.2255 7557203.1498, -12934612.134 7557033.8811, -12934592.938 7556784.8971, -12934475.4501 7556380.5715, -12934506.1439 7556214.6773, -12934320.0674 7556226.5485, -12933787.0612 7556334.4282, -12933542.0486 7556404.4319, -12933349.521 7556369.0649, -12933212.5318 7556279.4865, -12933152.05 7556196.1613, -12933066.526 7556020.9647, -12932974.325 7555889.9045, -12932834.9373 7555450.6349, -12932736.1273 7555260.226, -12932714.5558 7555233.9796, -12932699.4341 7555237.5083, -12932619.8999 7554937.4181, -12932553.0349 7554797.9906, -12932457.7062 7554689.8853, -12932399.9124 7554587.7628, -12932438.5336 7554489.4256, -12932541.1507 7554419.161, -12932693.6601 7554366.9565, -12932855.9015 7554285.024, -12933249.3969 7553826.6497, -12933308.7644 7553729.8757, -12933348.9102 7553625.0955, -12933361.8668 7553515.9027, -12933339.6957 7553408.9792, -12933227.3336 7553279.6429, -12933066.4914 7553186.8425, -12932923.0071 7553078.0386, -12932819.2855 7552944.0395, -12932756.6836 7552808.071, -12932742.6385 7552689.7965, -12932807.8177 7552617.4103, -12932927.6486 7552610.009, -12933216.2084 7552645.3658, -12933359.3691 7552635.8202, -12933492.5277 7552651.1345, -12933609.8007 7552735.0938, -12933716.2217 7552841.843, -12933848.114 7552883.7836, -12933976.004 7552843.9012, -12934277.0268 7552615.7374, -12934341.9599 7552546.2799, -12934351.4757 7552465.9506, -12934290.4821 7552383.1496, -12934107.2714 7552192.1378, -12934060.1949 7552116.0453, -12934261.3353 7552096.6871, -12934629.1734 7551994.9264, -12934817.3192 7551892.5984, -12934977.6669 7551750.4787, -12935093.8689 7551590.248, -12935179.2477 7551393.5405, -12935239.7348 7551033.7154, -12935344.0886 7550818.3374, -12935392.0163 7550592.4808, -12935393.324 7550443.8329, -12935374.9809 7550312.9548, -12935251.3331 7549886.9115, -12935199.3462 7549832.0009, -12935077.117 7549747.7956, -12934958.5984 7549689.84790001, -12934817.1462 7549645.1299, -12934670.4559 7549623.1344, -12934538.5846 7549623.109, -12934407.9927 7549641.4735, -12934183.8847 7549719.7113, -12933976.4869 7549765.2303, -12933831.6728 7549738.6361, -12933694.7966 7549649.1422, -12933640.3006 7549574.0721, -12933597.4727 7549416.0213, -12933616.8025 7549269.769, -12933691.0352 7549142.3712, -12933808.6319 7549053.6244, -12933951.3165 7549017.3195, -12934102.824 7549039.9804, -12934243.1525 7549098.6239, -12934387.3601 7549133.3534, -12934535.2142 7549145.0459, -12934699.3435 7549130.6876, -12934858.4895 7549087.9834, -12935007.8156 7549018.2316, -12935387.0804 7548727.5844, -12935529.7513 7548691.2518, -12935675.3491 7548712.9982, -12935801.2462 7548789.4447, -12935887.8791 7548908.7138, -12935956.3838 7549127.4932, -12936075.0346 7549325.3822, -12936199.7557 7549457.0868, -12936347.2669 7549562.5221, -12936413.6738 7549590.0838, -12936573.6604 7549545.3379, -12936737.1929 7549467.1573, -12936802.9528 7549419.2699, -12936777.3255 7549414.5736, -12936609.1778 7549304.7247, -12936594.3309 7549281.1597, -12936537.9753 7549073.5004, -12936505.8077 7548822.4386, -12936462.8731 7548697.5049, -12936397.0503 7548570.0357, -12936367.4318 7548423.1412, -12936396.3091 7548278.4982, -12936478.7269 7548156.2808, -12936601.8737 7548075.483, -12936982.8185 7548001.8714, -12937200.5003 7547913.0345, -12937392.0385 7547864.2085, -12937537.6257 7547885.9175, -12937663.5274 7547962.3253, -12937759.7196 7548094.6879, -12937797.1035 7548232.3543, -12938189.4806 7548178.2121, -12938889.8428 7547957.2019, -12939151.4676 7547621.3666, -12939575.1036 7547160.0552, -12939999.2415 7547456.8721, -12940544.1646 7547063.7802, -12940738.4695 7546993.7286, -12940905.9254 7546888.7263, -12941068.6705 7546725.4301, -12941202.3652 7546476.3073, -12941253.3606 7546285.0786, -12941262.5483 7546070.916, -12941228.1211 7545876.0173, -12941147.6959 7545680.9131, -12941132.7717 7545657.014, -12940997.0527 7545602.1657, -12940723.0734 7545547.4613, -12940662.023 7545505.7356, -12940579.1894 7545391.8446, -12940508.6473 7545083.6782, -12940467.1037 7545077.7789, -12940303.3258 7544970.8957, -12940220.6489 7544848.9313, -12940160.5416 7544574.164, -12940068.0084 7544365.5125, -12940305.6906 7544374.711, -12940400.7006 7544358.3923, -12940425.1613 7544111.2788, -12940583.683 7544149.2574, -12940453.4559 7543967.9944, -12940357.0331 7543877.9889, -12940249.0511 7543802.3067, -12940041.2273 7543711.8805, -12939964.5272 7543881.0814, -12939905.0273 7543924.9728, -12939714.1648 7543967.0108, -12939475.0774 7543872.8052, -12939403.6518 7543810.0364, -12939376.9602 7543852.57150001, -12939412.2903 7543917.634, -12939291.3385 7543912.9396, -12939217.191 7543965.2172, -12939160.53 7543977.6921, -12938982.001 7543945.0292, -12938908.1726 7543959.0641, -12938492.6866 7543857.9634, -12938409.9331 7544004.8487, -12938334.6276 7544331.2155, -12938208.665 7544544.7292, -12938046.5373 7544547.6075, -12937929.0327 7544322.1644, -12937853.1686 7543928.6991, -12937629.8899 7543853.1358, -12937569.0522 7543813.401, -12937514.5604 7543738.4148, -12937473.2407 7543568.7017, -12937272.668 7543494.3929, -12937021.0073 7543471.0176, -12936839.772 7543437.8073, -12936716.5408 7543357.3025, -12936633.9378 7543235.3245, -12936604.8003 7543090.8341, -12936635.8094 7542935.4918, -12936723.8555 7542703.4899, -12936782.9998 7542303.889, -12936845.9967 7542176.1764, -12936890.5413 7542034.5531, -12936914.4948 7541802.0414, -12936950.968 7541619.2889, -12937033.3069 7541497.1714, -12937156.3423 7541416.4347, -12937369.0972 7541375.1668, -12937524.7078 7541321.443, -12937654.9022 7541250.5718, -12937958.927 7541035.0842, -12938103.5295 7541008.259, -12938247.2407 7541039.523, -12938367.7287 7541124.0176, -12938619.1661 7541522.0572, -12938733.5399 7541640.6675, -12938852.6776 7541728.9478, -12938980.5856 7541796.893, -12939179.1366 7541856.0232, -12939200.8669 7541839.6, -12939453.0706 7541133.4946, -12939730.8318 7540792.0859, -12940243.147 7540726.0088, -12940705.2977 7540571.4047, -12940650.0247 7540366.5507, -12940669.1996 7540220.4524, -12940743.2295 7540093.1369, -12940860.6073 7540004.3877, -12941049.8743 7539956.0461, -12941107.2302 7539964.5717, -12941274.3457 7540065.8875, -12941365.2938 7540205.8173, -12941425.1837 7539999.927, -12941428.7337 7539759.9372, -12941113.8046 7539064.7519, -12941070.8844 7538906.9581, -12941470.6365 7538496.5101, -12941950.1021 7538428.9926, -12942023.4019 7538388.338, -12942137.4229 7538306.0489, -12942242.9768 7538201.939, -12942465.0739 7537875.0319, -12942579.9221 7537794.4801, -12942715.1079 7537761.9234, -12942876.045 7537789.0479, -12942993.7581 7537865.3332, -12943074.1479 7537980.4205, -12943148.2479 7538268.5799, -12943243.7707 7538460.1372, -12943390.4175 7538634.9445, -12943585.9874 7538778.6561, -12943666.3958 7538893.7508, -12943699.0934 7539041.5943, -12943632.0767 7539412.8182, -12943623.1771 7539560.9908, -12943640.5359 7539724.9682, -12943686.0469 7539883.437, -12943784.9256 7540073.327, -12943911.9381 7540224.7078, -12944067.5874 7540346.3165, -12944260.608 7540438.3307, -12944404.074 7540475.3494, -12944594.0723 7540498.046, -12944745.3848 7540562.0919, -12944889.4781 7540596.5873, -12945037.1826 7540608.066, -12945253.0118 7540595.8037, -12945318.3677 7540512.6394, -12945343.5 7540508.2825, -12945314.1413 7540489.1493, -12945231.4343 7540367.31, -12945202.1474 7540222.9068, -12945435.9434 7539875.3525, -12945542.5495 7539877.2354, -12945489.5553 7539651.45049999, -12945594.4019 7539453.8535, -12945711.7135 7539365.0381, -12945878.516 7539322.3226, -12946127.0325 7539289.8089, -12946251.4945 7539246.68069999, -12946370.4658 7539185.5581, -12946525.3859 7539145.8713, -12946670.8328 7539167.38440001, -12946796.6806 7539243.5571, -12946883.3738 7539362.5549, -12946926.7623 7539582.0824, -12946789.9916 7539819.6027, -12946944.5829 7539679.5787, -12947165.3688 7539545.1041, -12947216.2812 7539562.39019999, -12947316.6762 7539492.5372, -12947601.8713 7539619.382, -12947901.9879 7539538.106, -12947955.1002 7539537.0958, -12947971.1267 7539381.795, -12947961.8576 7539233.6493, -12947924.5993 7539073.046, -12947827.052 7538864.2413, -12947682.001 7538685.29, -12947581.001 7538600.6178, -12947469.2267 7538530.8551, -12947317.6879 7538466.6553, -12947156.3032 7538428.7907, -12947037.8565 7538351.6369, -12946838.4069 7538492.9127, -12946781.7985 7538505.4347, -12946589.6603 7538470.4775, -12946452.8392 7538381.3403, -12946398.3005 7538306.47, -12946355.2766 7538148.7218, -12946374.3382 7538002.6524, -12946448.2527 7537875.3194, -12946565.5305 7537786.5094, -12946754.7063 7537738.0419, -12946827.4912 7537750.4029, -12947002.962 7537854.1339, -12947014.8524 7537833.6465, -12947360.0104 7537589.5848, -12947465.4834 7537485.4135, -12947544.5643 7537379.9247, -12947615.0314 7537249.4051, -12947665.1817 7537105.83250001, -12947839.858 7536824.9057, -12947886.8508 7536701.668, -12947916.2698 7536573.0776, -12947918.7758 7536471.2465, -12947848.7424 7536472.8851, -12947542.5634 7536530.2267, -12947403.6634 7536594.3487, -12947068.3883 7536610.2352, -12946900.3319 7536480.5733, -12946832.5447 7536116.3538, -12946692.9412 7535567.1729, -12946766.3689 7535368.923, -12947118.5722 7535060.147, -12947228.562 7534897.5682, -12947304.8226 7534702.5812, -12947291.6464 7534633.2774, -12947275.8264 7534096.2245, -12947206.3447 7533452.1308, -12947125.2786 7533136.6845, -12947138.7141 7533216.225, -12947093.2151 7533411.7052, -12947047.1162 7533471.3447, -12946963.828 7533535.9628, -12946773.2616 7533578.1171, -12946628.7096 7533551.8169, -12946505.5364 7533471.571, -12946422.8869 7533349.8542, -12946393.6055 7533205.5864, -12946412.9805 7533107.8852, -12946233.7208 7533036.1196, -12946123.5189 7532757.0318, -12946077.4623 7532164.3216, -12945968.9724 7532023.472, -12945968.429 7531876.2594, -12946083.1106 7531501.455, -12946109.5999 7531322.2644, -12946103.6529 7531157.6538, -12946053.0793 7530894.3114, -12946070.6475 7530694.2082, -12945988.8086 7530326.4862, -12945957.4838 7530271.1648, -12945693.9875 7530274.5607, -12945616.8279 7530298.1711, -12945553.27 7530289.2891, -12945512.1442 7530262.6428, -12945505.9129 7530191.5872, -12945540.8077 7530100.5483, -12945601.8731 7530100.5481, -12945691.6022 7530076.1231, -12945732.728 7530047.2575, -12945747.363 7529999.9353, -12945516.9118 7529838.2823, -12945462.4432 7529763.4873, -12945419.4875 7529605.907, -12945422.9277 7529347.0488, -12945519.0858 7529049.2235, -12945636.2412 7528960.5297, -12945923.75 7528945.6037, -12946049.4232 7529021.6898, -12946169.998 7529283.715, -12946157.9956 7529435.1676, -12946203.8528 7529733.42499999, -12946328.8612 7530001.1653, -12946568.0885 7530293.9185, -12946638.4099 7530290.2601, -12946850.7039 7530485.2104, -12946866.9525 7530872.8938, -12947000.9497 7531309.937, -12947237.694 7531644.5753, -12947246.3277 7531804.4211, -12947265.6324 7531788.9496, -12947546.7372 7531805.3872, -12947677.4283 7531723.7602, -12947974.0401 7531584.609, -12948118.2947 7531434.4485, -12948061.8252 7530932.675, -12947891.4735 7530789.2524, -12947835.7862 7530674.1291, -12947852.0943 7530593.3869, -12947905.4137 7530583.4364, -12948054.2732 7530607.4157, -12948104.0917 7530388.3718, -12948019.0088 7530080.911, -12947954.5643 7529929.4098, -12947844.1017 7529765.8289, -12947682.7736 7529614.1795, -12947625.4429 7529535.5008, -12947524.6821 7529216.8841, -12947407.5799 7529301.1484, -12947264.1987 7529332.8736, -12947119.7247 7529306.5965, -12946983.0608 7529217.5726, -12946862.0719 7529057.4672, -12946674.8553 7528892.5307, -12946620.2336 7528817.5491, -12946577.2599 7528659.9947, -12946589.7392 7528586.3835, -12946540.2114 7528554.1161, -12946457.6145 7528432.4763, -12946428.352 7528288.2999, -12946456.9687 7528143.9968, -12946539.0146 7528021.9921, -12946661.736 7527941.2465, -12946806.0622 7527914.3059, -12946949.5631 7527945.356, -12947069.9395 7528029.573, -12947148.4834 7528153.87, -12947181.0732 7528293.503, -12947302.3221 7528308.7903, -12947433.6374 7528301.7034, -12947562.6899 7528276.3689, -12947686.9668 7528233.2803, -12947804.0484 7528173.2771, -12947991.9506 7528024.0208, -12948147.7851 7527921.4455, -12948292.1055 7527894.477, -12948320.1023 7527900.5293, -12948449.9133 7527794.1968, -12948485.5593 7527793.5167, -12948522.054 7527837.4886, -12948523.7514 7527926.7939, -12948509.3547 7527977.0701, -12948541.4309 7527999.5016, -12948649.9352 7527906.2531, -12948944.6114 7527931.2811, -12949002.4255 7527783.6359, -12949073.3765 7527764.4094, -12949136.6089 7527807.8661, -12949194.2287 7527886.4337, -12949723.3281 7527815.4291, -12949705.5747 7527725.4701, -12949622.8071 7527593.0592, -12949683.475 7527502.5584, -12949788.8023 7527461.8649, -12949857.6974 7527294.3801, -12949892.3817 7527126.0309, -12949897.09 7526970.4561, -12949874.8765 7526805.3672, -12949902.2666 7526662.795, -12949985.3992 7526539.0618, -12950092.7754 7526464.3919, -12950287.1123 7526394.0103, -12950324.4532 7526315.4186, -12950508.2359 7526085.5358, -12950654.382 7525856.3845, -12950649.6566 7525611.2998, -12950835.2325 7525475.6901, -12951000.8974 7525283.8883, -12951037.5538 7525269.9611, -12951266.8886 7524772.8374, -12951220.1331 7524601.82020001, -12951187.6092 7524350.0677, -12951144.5777 7524225.6106, -12951079.2587 7524099.536, -12951049.4353 7523953.043, -12951077.9503 7523808.8046, -12951159.8775 7523686.82, -12951282.4815 7523606.0467, -12951649.6079 7523535.4663, -12951774.5175 7523494.5173, -12951901.9041 7523432.6136, -12952093.4814 7523396.7179, -12952236.9185 7523427.652, -12952357.281 7523511.7372, -12952435.8629 7523635.9077, -12952503.6692 7524009.9875, -12952600.3901 7524241.0854, -12952637.4038 7524396.3355, -12952613.6909 7524541.4565, -12952503.9008 7524717.2794, -12952421.7165 7524763.9543, -12952327.7965 7524794.8488, -12952140.4832 7524802.7836, -12951951.7731 7524844.9082, -12951998.8989 7524916.3035, -12952341.8532 7525708.1027, -12952504.369 7525846.61, -12952671.3378 7525944.2532, -12952795.612 7525990.513, -12953018.8892 7526036.7747, -12953255.8185 7526026.5894, -12953391.7878 7526048.7008, -12953524.9336 7526130.2237, -12953605.3557 7526245.0271, -12953679.635 7526532.2451, -12953775.2699 7526723.381, -12953921.6357 7526897.3757, -12954119.3892 7527042.1567, -12954199.8296 7527156.9667, -12954232.7484 7527298.3678, -12954215.6205 7527403.3273, -12954252.2698 7527408.7114, -12954377.9986 7527484.6458, -12954464.6742 7527603.3779, -12954508.0799 7527785.2405, -12954532.5681 7527982.1442, -12954604.2818 7528183.5649, -12954775.7526 7528452.6811, -12954865.6724 7528548.8473, -12954968.0745 7528631.5362, -12955186.6266 7528744.8695, -12955410.626 7528796.1094, -12955640.3423 7528791.5152, -12955918.102 7528725.8251, -12956063.3765 7528747.1332, -12956361.0854 7528926.0139, -12956447.061 7528961.2192, -12956441.2993 7528926.3275, -12956454.341 7528883.1755, -12956537.2633 7528750.2282, -12956681.1427 7528655.2931, -12956825.4453 7528628.1619, -12956968.9983 7528659.0278, -12957089.4937 7528743.0943, -12957168.205 7528867.2986, -12957197.2739 7529088.879, -12957167.6186 7529176.4815, -12957132.5746 7529227.0918, -12957189.5171 7529251.6534, -12957733.98 7529629.1743, -12957835.8245 7530025.7125, -12958026.1797 7530182.0622, -12958250.4357 7530283.7083, -12958460.4365 7530322.0876, -12958673.6701 7530312.1372, -12958879.2025 7530254.36729999, -12959059.9065 7530156.644, -12959204.228 7530129.4627, -12959348.6585 7530160.4699, -12959423.2031 7530200.3918, -12959575.8797 7530155.7527, -12959768.9027 7530183.9696, -12960016.7708 7530299.9963, -12960080.5038 7530292.8428, -12960386.0586 7530378.0112, -12960464.3536 7530390.888, -12960764.8796 7530387.3745, -12960911.8235 7530370.12, -12961069.6585 7530324.2152, -12961105.2008 7530205.6075, -12961223.9827 7530070.2982, -12961292.1361 7530021.7262, -12961356.3952 7530080.7065, -12961395.34 7530139.6874, -12961620.784 7530287.0165, -12961561.5891 7529995.2745, -12961577.2467 7529966.4434, -12961582.0889 7529786.814, -12961535.2062 7529578.1378, -12961380.5562 7529198.1321, -12961284.1985 7529057.6238, -12961166.3968 7528920.3066, -12961051.9548 7528826.3874, -12960779.3709 7528648.9076, -12960675.5905 7528718.8512, -12960556.9304 7528773.0519, -12960465.6534 7528783.8921, -12960410.8872 7528735.1113, -12960413.9298 7528610.4509, -12960499.1217 7528399.0745, -12960581.2711 7528225.6419, -12960702.9738 7528019.6959, -12960943.3369 7527488.5969, -12960970.72 7527125.5196, -12960906.8261 7527000.8853, -12960827.7194 7526919.6029, -12960696.889 7526881.67149999, -12960639.0803 7526822.0651, -12960736.4424 7526692.017, -12960906.8261 7526686.5984, -12961081.9833 7526612.7308, -12961049.9589 7526544.1664, -12961004.3413 7526330.4573, -12961066.2986 7526140.5623, -12961206.9813 7526024.4117, -12961672.8037 7526027.7033, -12961873.7702 7526090.2198, -12961992.6915 7526047.7234, -12962213.6231 7525789.6668, -12962743.6058 7525671.8764, -12963029.3532 7525332.42, -12963116.355 7525037.1541, -12963338.0569 7524819.0946, -12963206.6203 7524261.6965, -12963200.4896 7523968.4248, -12963397.5085 7523844.2621, -12963634.9844 7523745.9163, -12963710.8806 7523557.62, -12963573.6789 7523360.4793, -12963396.5823 7523164.1797, -12963313.433 7523005.9113, -12963376.309 7522831.2442, -12963612.6369 7522679.5999, -12963916.5722 7522579.8608, -12964316.961 7522638.0774, -12964515.3322 7522580.5469, -12964802.0135 7522294.4707, -12965098.872 7521861.519, -12965244.0247 7521805.105, -12965498.3844 7521879.6893, -12965607.3149 7521997.3636, -12965689.6513 7522115.6051, -12965721.6238 7522368.2544, -12965789.5344 7522433.4739, -12965866.7811 7522311.8251, -12965965.5231 7521949.7261, -12966321.7394 7521808.7866, -12966788.8808 7521878.7728, -12967198.841 7521763.3053, -12967460.7982 7521571.0146, -12967699.5829 7521539.2025, -12968129.9838 7521756.5525, -12968291.8574 7521859.7093, -12968519.651 7521934.7698, -12969088.5857 7521789.087, -12969253.3674 7521412.1993, -12969504.2789 7521326.7406, -12969732.0682 7521401.7599, -12970034.1301 7521221.8453, -12970286.4801 7521202.9888, -12970430.1266 7521079.8573, -12970574.6421 7520996.6994, -12970735.0743 7521033.1701, -12970897.2585 7521149.5873, -12971007.7198 7521333.7998, -12970950.575 7521761.6849, -12970955.5375 7521988.2314, -12971052.4217 7522159.4286, -12971304.5071 7522127.2094, -12971476.5074 7522083.4166, -12972107.6984 7522349.4612, -12972232.0932 7522560.0442, -12972395.2153 7522716.4351, -12972541.8027 7522726.5155, -12972596.7688 7522805.3001, -12972678.3353 7522883.4941, -12973107.1748 7523020.6318, -12973188.4527 7523085.4943, -12973463.9332 7523506.0742, -12973479.9011 7523625.7384, -12973627.3967 7523675.7866, -12974042.1264 7524025.9932, -12974269.9692 7524165.6172, -12974356.9098 7524284.0711, -12974409.3676 7524444.1646, -12974496.325 7524602.7824, -12974600.3069 7524730.1639, -12974738.2196 7524847.0174, -12974895.8516 7524935.3511, -12975052.5788 7524988.4281, -12975512.2895 7525239.832, -12975651.9076 7525288.5769, -12975990.3638 7525361.5812, -12976111.0111 7525445.3122, -12976189.9921 7525569.2663, -12976215.0305 7525714.1818, -12976193.4418 7525808.5401, -12976653.5943 7525700.0895, -12976710.8804 7525708.3351, -12976878.143 7525808.689, -12976993.7087 7525966.0305, -12977057.9552 7526294.0771, -12977116.6819 7526351.1226, -12977185.225 7526388.8523, -12977240.0593 7526362.2195, -12977301.1249 7526302.2968, -12977311.0947 7526189.1103, -12977273.7077 7525913.9186, -12977348.4818 7525887.2877, -12977404.5625 7525909.4803, -12977532.9246 7525902.8226, -12977582.7255 7525859.9751, -12977688.4527 7525806.1099, -12977718.8772 7525806.8891, -12977744.2244 7525768.8657, -12977871.5674 7525684.3383, -12978092.6527 7525594.6864, -12978384.1965 7525404.1995, -12978528.3575 7525376.6742, -12978670.594 7525406.8378, -12978737.4283 7525264.406, -12978779.0602 7525105.1985, -12978792.2371 7524924.6914, -12978759.0245 7524696.9864, -12978643.4334 7524372.5958, -12978524.7352 7524195.0062, -12978432.9201 7524100.7647, -12978312.8858 7524006.5503, -12978220.3575 7523880.6186, -12978176.77 7523723.3483, -12978195.1969 7523577.4791, -12978256.9278 7523450.4915, -12978300.607 7523308.9806, -12978322.9323 7523066.4743, -12978357.4542 7522888.5507, -12978438.9377 7522766.2953, -12978561.237 7522685.1003, -12978599.59 7522677.0308, -12978698.156 7522372.8142, -12978784.1463 7522264.1219, -12978832.7494 7522150.9946, -12979158.0169 7522275.2129, -12979331.3274 7522257.0827, -12979411.4843 7522195.8455, -12979688.8428 7522122.4125, -12979840.7076 7522059.9241, -12980005.2237 7521951.5276, -12980150.6318 7521802.3231, -12980286.4285 7521698.5546, -12980543.4588 7521620.1877, -12980741.5823 7521504.0301, -12980895.3916 7521356.0592, -12981004.5331 7521191.8626, -12981077.2201 7521008.5174, -12981134.9225 7520727.1007, -12981216.3395 7520604.8502, -12981338.575 7520523.63449999, -12981482.6341 7520496.0722, -12981630.701 7520527.414, -12981770.1535 7520596.8432, -12981911.3331 7520640.5347, -12982041.2048 7520660.3585, -12982185.4381 7520661.0084, -12982407.8806 7520708.071, -12982640.0438 7520793.62, -12983042.5254 7520854.1968, -12983168.4242 7520929.5946, -12983255.4635 7521047.8977, -12983292.4316 7521200.2757, -12983294.2679 7521353.2321, -12983319.5457 7521499.1375, -12983373.9358 7521654.3508, -12983445.2422 7521784.0639, -12983547.1005 7521913.078, -12983669.7705 7522022.4069, -12983824.2797 7522115.9859, -12983977.9045 7522173.994, -12984204.8534 7522208.5718, -12984417.321 7522190.4796, -12984605.2463 7522131.6124, -12984785.9583 7522029.3669, -12985084.0358 7521958.9431, -12985203.7265 7521904.6271, -12985327.8572 7521824.2634, -12985426.4664 7521737.2507, -12984512.352 7521146.082, -12983853.7418 7520382.2125, -12982652.7965 7520103.90690001, -12982334.8271 7519993.9194, -12982497.0069 7519791.3626, -12983011.4545 7519081.9856, -12983273.2493 7519043.4729, -12983354.6148 7518921.2268, -12983697.3598 7518931.1606, -12983841.3806 7518903.5602, -12983984.0087 7518933.7055, -12984055.4043 7518871.1584, -12984114.6011 7518877.9157, -12984152.2356 7518919.8659, -12984169.3716 7519060.7033, -12984287.7928 7519142.0908, -12984465.2245 7519227.4466, -12984672.7943 7519276.01120001, -12984743.157 7518895.4163, -12984688.3906 7518821.0081, -12984644.7014 7518663.8779, -12984662.9951 7518518.0898, -12984736.0921 7518390.7187, -12984852.6303 7518301.5574, -12984994.4979 7518264.4607, -12985187.3087 7518291.9994, -12985448.1002 7518421.666, -12985688.6259 7518468.1407, -12985764.2569 7518411.9431, -12985797.4358 7518248.2715, -12985839.5762 7518222.78369999, -12985854.2724 7518406.5654, -12985918.2677 7518455.7146, -12986311.3435 7518355.5626, -12986456.4999 7518376.27, -12986582.3907 7518451.5878, -12986816.3595 7518477.725, -12986922.3954 7518580.7877, -12987029.1518 7518657.4472, -12987145.5174 7518718.4703, -12987285.0882 7518766.9637, -12987461.6174 7518916.6467, -12987486.3227 7518897.7314, -12987628.188 7518860.5834, -12987773.3571 7518881.267, -12987863.6327 7518939.0303, -12987936.7908 7518949.4518, -12988194.1711 7519056.132, -12988432.9244 7519090.05919999, -12988543.3877 7519069.6802, -12988736.23 7519097.1323, -12988845.2175 7519162.2934, -12988946.6509 7519126.5156, -12989106.3449 7519030.8532, -12989143.2593 7519021.179, -12989176.4661 7518963.2388, -12989292.9606 7518874.0043, -12989434.8164 7518836.8231, -12989579.9895 7518857.47249999, -12989705.918 7518932.7437, -12990374.3966 7518811.7331, -12990531.2802 7518880.2408, -12990737.5665 7518898.0965, -12991115.4948 7519355.8974, -12991224.6626 7519835.3659, -12991319.8037 7520022.7296, -12991441.3635 7520095.3516, -12991528.5187 7520213.5469, -12991563.3172 7520356.3158, -12991532.8063 7520549.1338, -12991476.4328 7520628.1108, -12991394.2918 7520896.1414, -12991381.1545 7521060.1048, -12991394.3645 7521210.9596, -12991358.2744 7521370.1332, -12991307.142 7521447.1301, -12991174.605 7521541.9164, -12991031.5581 7521574.4212, -12990839.656 7521540.6418, -12990818.1877 7521612.9727, -12991016.8063 7521827.8454, -12991374.7662 7522130.1968, -12991410.7403 7522108.7275, -12991561.9642 7522257.6669, -12991571.9859 7522205.5381, -12991653.2514 7522083.1557, -12991775.3986 7522001.7597, -12991919.4459 7521973.9968, -12992063.0065 7522004.181, -12992183.7721 7522087.6225, -12992262.9741 7522211.3552, -12992288.3017 7522356.152, -12992266.8455 7522450.8355, -12992438.8589 7522655.6625, -12992555.3956 7522644.54510001, -12992632.2427 7522653.6076, -12992668.4058 7522677.3914, -12992694.5103 7522737.0758, -12992663.5885 7522814.6311, -12992625.7736 7522834.7667, -12992505.5718 7522843.2339, -12992271.5838 7522898.398, -12992131.1574 7522907.3605, -12992329.6943 7523165.4851, -12992503.3543 7523317.2644, -12992732.2228 7523410.9125, -12992946.2437 7523476.5441, -12993284.8158 7523425.5495, -12993522.5661 7523306.1062, -12993733.4179 7523244.087, -12993959.8283 7523238.4317, -12994103.1959 7523409.1146, -12994239.6897 7523301.8555, -12994381.6018 7523264.5612, -12994526.8703 7523285.1278, -12994789.2158 7523433.0159, -12995009.279 7523498.6095, -12995135.0424 7523504.251, -12995139.7981 7523310.8871, -12995193.7348 7523165.2655, -12995270.4393 7523028.2022, -12995165.8645 7522902.3829, -12995121.939 7522745.2326, -12995140.0763 7522599.0794, -12995192.9165 7522484.812, -12995055.389 7522555.2696, -12994907.8912 7522588.8641, -12994763.3934 7522563.5048, -12994682.5734 7522511.5668, -12994504.2228 7522590.4463, -12994319.5823 7522736.5865, -12994001.9113 7522791.7064, -12993753.1171 7522672.1298, -12993685.0571 7522458.9387, -12993692.1465 7522112.8539, -12993652.719 7521788.9082, -12993776.2157 7521497.5931, -12993902.1783 7521305.7917, -12994168.4502 7521079.0426, -12994305.5504 7520996.3751, -12994350.272 7520845.7405, -12994380.9463 7520622.0445, -12994453.9015 7520494.5482, -12994570.3571 7520405.2166, -12994712.2144 7520367.9307, -12994857.4292 7520388.4841, -12995045.9479 7520496.4519, -12995215.4911 7520558.503, -12995377.3431 7520585.8247, -12995538.9802 7520584.7785, -12995694.0607 7520617.3088, -12995814.843 7520700.6782, -12995894.0882 7520824.3508, -12995901.1592 7520864.6645, -12995947.0233 7520898.0982, -12996051.3167 7521094.5909, -12996103.7513 7521308.1191, -12996231.9915 7521624.548, -12996230.354 7521822.8843, -12996490.4345 7521862.3987, -12996616.4784 7521937.5844, -12996703.7334 7522055.7483, -12996738.636 7522198.5261, -12996680.9842 7522569.8573, -12996675.6944 7522717.8707, -12996696.9789 7522881.0106, -12996746.2107 7523037.9711, -12996837.8076 7523203.9111, -12997006.4715 7523210.5311, -12997177.3048 7523298.8463, -12997200.4241 7523352.7618, -12997202.3539 7523429.0177, -12997167.6144 7523560.7109, -12997137.3335 7523615.0045, -12997185.8294 7523798.7722, -12997285.8022 7523987.5663, -12997425.5977 7524148.9861, -12997602.808 7524277.8358, -12997690.1046 7524396.0233, -12997725.0365 7524538.8393, -12997702.1722 7524684.0907, -12997625.0621 7524809.2004, -12997505.6898 7524894.7209, -12997362.6084 7524927.3579, -12997218.0592 7524902.03769999, -12997080.9083 7524813.9611, -12997010.572 7524718.7201, -12996961.3106 7524754.0064, -12996818.2297 7524786.6326, -12996626.2245 7524752.985, -12996565.044 7524711.8162, -12996453.1215 7524560.2422, -12996385.9515 7524288.2436, -12996304.4489 7524108.5778, -12996198.4463 7523962.076, -12996085.431 7523854.5178, -12996008.17 7523875.7068, -12995872.6148 7523879.1298, -12995911.9533 7524076.1206, -12996008.2576 7524303.8008, -12996046.3393 7524459.6419, -12996006.2206 7524723.2487, -12996087.4793 7524751.4656, -12996051.1557 7524929.584, -12996234.7183 7524949.891, -12996460.4356 7525052.5165, -12996637.339 7525529.4856, -12996586.2326 7525606.5586, -12996203.6088 7525936.7358, -12996095.8181 7526190.5335, -12996191.4826 7526502.3753, -12996167.142 7526675.7691, -12996112.5312 7526868.8785, -12996323.2973 7527194.7978, -12996862.5191 7527493.5786, -12996818.87 7527234.7248, -12996682.2025 7526940.77049999, -12996720.621 7526623.2055, -12996721.5104 7526486.0401, -12996849.0262 7526487.02489999, -12997257.1921 7526451.6646, -12997429.9751 7526398.8789, -12997585.7796 7526316.4583, -12997730.0417 7526288.5401, -12997873.7047 7526318.63139999, -12998222.5161 7526552.9577, -12998357.5604 7526613.3209, -12998484.2238 7526648.6128, -12998647.4167 7526667.3524, -12998795.0894 7526659.6889, -12999246.1401 7526552.208, -12999389.8131 7526582.2719, -12999510.7287 7526665.6457, -12999590.095 7526789.374, -12999626.8733 7526989.768, -12999729.3302 7527012.4811, -12999856.9276 7527087.0672, -12999992.0028 7527140.4808, -13000377.6156 7527207.7344, -13000546.0262 7527301.6257, -13000700.8576 7527356.6363, -13001124.0374 7527430.995, -13001292.2181 7527644.1078, -13001349.5474 7527897.0535, -13001439.6761 7528090.8841, -13001537.3663 7528223.2572, -13001668.3851 7528345.9193, -13001775.8065 7528513.2792, -13001825.7098 7528717.6587, -13001907.3902 7528897.3708, -13002048.4493 7529076.0676, -13002112.24 7528979.7165, -13002350.8169 7528819.7066, -13002452.3005 7528735.8966, -13002551.2846 7528625.7586, -13002639.5789 7528486.9053, -13002697.384 7528350.4768, -13002733.1788 7528206.6685, -13002746.0833 7528059.02179999, -13002735.7813 7527911.1728, -13002674.4148 7527689.3338, -13002607.2899 7527557.2772, -13002507.3748 7527416.0247, -13002463.2735 7527258.8273, -13002481.2622 7527112.7267, -13002542.5419 7526980.6566, -13002458.0089 7526830.34309999, -13002425.2361 7526821.65, -13002349.2158 7526832.7474, -13002305.5975 7526790.5769, -13002314.3212 7526652.9692, -13002368.7041 7526625.2526, -13002462.9588 7526500.6687, -13002631.7025 7526467.242, -13002707.7697 7526315.0727, -13002824.2151 7526225.5491, -13002966.1373 7526188.0822, -13003013.4991 7526194.7338, -13002968.7494 7526166.044, -13002913.7567 7526091.6989, -13002869.6551 7525934.5304, -13002890.5732 7525764.567, -13003006.125 7525541.9718, -13003122.5557 7525452.4526, -13003264.4619 7525414.9841, -13003409.7927 7525435.388, -13003535.9613 7525510.4933, -13003623.3623 7525628.6313, -13003658.4094 7525771.4416, -13003630.9199 7525946.9546, -13003512.9899 7526160.8646, -13003491.8188 7526176.0568, -13003393.172 7526643.8138, -13003493.3333 7526832.5941, -13003616.1443 7526974.1704, -13003626.7911 7526961.1038, -13003938.992 7527296.2383, -13003865.1587 7527819.0587, -13003938.9093 7528147.584, -13004750.1657 7528201.2208, -13005045.1681 7528536.4507, -13004696.5289 7528744.2933, -13004307.6623 7528797.9301, -13004408.2313 7529059.4094, -13004167.5573 7529277.7982, -13003702.67 7529350.4369, -13003077.9776 7529989.6569, -13003348.9045 7530755.673, -13003449.4736 7531540.111, -13003760.781 7532009.0112, -13004228.0237 7532126.091, -13004203.9868 7532166.9741, -13004327.6147 7532347.3859, -13004468.2478 7532485.8445, -13004619.8721 7532584.4884, -13004787.4962 7532652.3248, -13004964.9587 7532686.8588, -13005145.7366 7532686.8207, -13005323.1847 7532652.2123, -13005490.7802 7532584.3057, -13005642.3632 7532485.5981, -13005761.5684 7532372.1702, -13005850.5868 7532253.7124, -13005988.0429 7532014.8258, -13006104.5351 7531925.1858, -13006246.545 7531887.62960001, -13006392.0046 7531907.9924, -13006571.1381 7531997.1264, -13006778.3154 7532048.7989, -13006909.6324 7532056.7893, -13007042.6311 7532046.0908, -13007304.3469 7531771.8043, -13007530.9737 7531794.0544, -13007767.5163 7531964.2254, -13008206.8694 7531872.345, -13008344.0277 7531816.7116, -13008462.3777 7531746.4603, -13008907.1676 7531651.423, -13009072.2396 7531577.6298, -13009225.809 7531470.9588, -13009367.7944 7531433.3475, -13009382.6525 7530781.6357, -13010006.7674 7530877.9952, -13011274.7355 7530234.8752, -13011744.6052 7529854.0488, -13012108.0797 7529716.7286, -13012754.567 7529599.9369, -13012861.4704 7528861.0678, -13013357.461 7528408.7347, -13013766.2752 7528383.3199, -13014028.4562 7529023.1935, -13014052.7621 7529033.5598, -13014040.4946 7528975.7209, -13014067.8464 7528831.1724, -13014148.8204 7528708.4515, -13014270.8294 7528626.6303, -13014414.9134 7528598.4215, -13014558.6799 7528628.2085, -13014679.7885 7528711.3632, -13014759.4173 7528834.9639, -13014773.2306 7528912.596, -13015024.8921 7528893.3641, -13015190.7516 7528738.2075, -13015333.5112 7528524.2771, -13015612.9032 7528402.1199, -13015853.4774 7528489.5271, -13015948.0836 7528665.3879, -13015956.3609 7528908.1847, -13015836.3847 7529060.1081, -13015764.3574 7529098.0725, -13016231.308 7529178.2012, -13016441.4559 7529625.2306, -13016101.7389 7530631.7427, -13016128.2267 7530641.6224, -13016290.3587 7530668.5353, -13016492.6582 7530655.2978, -13016750.0022 7530536.5236, -13017175.6093 7530204.9459, -13017633.1393 7530256.7438, -13017837.9532 7530329.7925, -13018199.114 7530382.4694, -13018384.6844 7530463.2996, -13018541.5113 7530512.5159, -13018688.0514 7530532.86, -13018836.7123 7530529.8978, -13018991.2591 7530561.825, -13019112.4451 7530644.9295, -13019271.4139 7530881.6198, -13019219.1497 7531003.5699, -13019262.7032 7531076.1594, -13019220.6016 7531112.4541, -13019298.998 7531142.9416, -13019486.2788 7531089.2255, -13019600.9701 7531100.8398, -13019603.8735 7531029.7022, -13019804.2203 7530855.4877, -13019628.554 7530714.6642, -13019534.1877 7530608.6835, -13019544.3503 7530531.7388, -13019435.4661 7530447.535, -13019585.0003 7530226.8632, -13019827.449 7530321.2294, -13019927.6224 7530505.60670001, -13020132.3245 7530565.13, -13020313.2065 7530727.5671, -13020258.8115 7530850.3755, -13020397.7077 7530943.0185, -13020456.3347 7531017.9595, -13020345.3022 7531087.735, -13020230.3572 7531254.2173, -13020198.9102 7531434.9837, -13020070.4153 7531475.276, -13020086.3367 7531568.09309999, -13020430.4153 7531628.2639, -13020498.0525 7531768.7377, -13020562.8178 7531997.1421, -13020612.8768 7532090.9847, -13019265.1346 7532775.8871, -13019236.0304 7532904.2101, -13019286.3012 7533064.283, -13019373.6136 7533101.3247, -13019495.3221 7533111.908, -13019619.1182 7533104.2399, -13019648.4538 7533074.9605, -13019714.1139 7533047.802, -13019719.4231 7533011.6294, -13019827.5565 7532968.6132, -13019898.5071 7533107.1502, -13019957.5143 7533088.2573, -13020011.5296 7533135.0574, -13020023.1749 7533216.9144, -13020057.943 7533260.0527, -13020143.5758 7533236.8739, -13020178.3586 7533270.7498, -13020206.0443 7533344.7932, -13020155.1799 7533409.1787, -13020082.4757 7533414.143, -13019893.6135 7533686.3122, -13019946.7911 7533887.7968, -13019934.1294 7533909.3325, -13019946.4341 7534027.9041, -13019844.6629 7534141.4183, -13019750.7201 7534051.3899, -13019560.8776 7534080.747, -13019410.1779 7534155.1183, -13019263.3924 7534366.4895, -13019219.1008 7534483.2135, -13019146.2838 7534560.8212, -13019073.6024 7534610.8593, -13019304.5912 7534768.4075, -13019304.9712 7534821.6005, -13019333.8474 7534871.3741, -13019388.9403 7534902.5301, -13019400.4296 7535040.7208, -13019246.041 7535102.1839, -13019263.1804 7535072.8974, -13019213.6436 7534914.2131, -13019161.7931 7534870.3299, -13019107.0684 7534881.8912, -13019064.2126 7534799.50639999, -13018885.4832 7534721.115, -13018797.7187 7534760.3314, -13018664.579 7534766.4447, -13018589.6069 7534751.5648, -13018506.713 7534815.2596, -13018434.2043 7534799.6893, -13018417.0358 7534854.9589, -13018392.1042 7534880.8432, -13018394.4556 7534916.5005, -13018432.2915 7534958.5876, -13018363.6362 7535066.1268, -13018416.7651 7535088.5015, -13018458.884 7535054.8894, -13018610.3492 7535067.258, -13018659.2884 7534999.868, -13018750.8039 7535076.5323, -13018771.6953 7535170.8643, -13018820.4763 7535131.9786, -13018908.3247 7535129.6913, -13018939.5078 7535195.1525, -13018930.7277 7535224.2984, -13018888.413 7535254.2845, -13018884.9782 7535402.0856, -13018815.6156 7535452.0706, -13018672.4349 7535485.1504, -13018527.1918 7535460.126, -13018394.6409 7535392.7115, -13018256.86 7535348.14459999, -13018219.3781 7535378.0008, -13017931.5529 7535516.0201, -13018118.7365 7535633.8587, -13017534.9936 7536038.1429, -13017455.3994 7536411.5406, -13017327.7486 7536609.4433, -13017205.2846 7536758.5809, -13017121.867 7536913.1638, -13016980.1383 7537069.2973, -13016834.3946 7537196.36159999, -13016776.3707 7536873.2682, -13015928.7482 7535564.7343, -13015909.3999 7535480.0965, -13015851.3807 7535470.079, -13015713.8322 7535382.2205, -13015658.6509 7535307.8805, -13015614.2353 7535150.6022, -13015631.9774 7535004.4376, -13015685.4997 7534910.2977, -13015603.3048 7534831.4324, -13015307.0829 7534891.7259, -13015019.708 7534848, -13014790.2352 7534862.4094, -13014662.8704 7534895.6181, -13014541.3554 7534946.2653, -13014379.9067 7535053.3625, -13014358.6515 7535209.4028, -13013983.123 7535469.5285, -13013827.034 7535553.2283, -13013646.0616 7535578.1121, -13013523.905 7535779.444, -13013446.9918 7536053.1649, -13013446.9918 7536272.5943, -13013406.0172 7536481.8716, -13013302.8803 7536516.8478, -13013245.0716 7536560.2521, -13013175.0925 7536565.6778, -13013135.5392 7536489.72, -13013120.3264 7536419.1885, -13013205.5183 7536071.9659, -13013214.6459 7535925.4861, -13013197.5563 7535641.5114, -13013186.1297 7535615.5766, -13012807.0278 7535382.4052, -13012433.7077 7535360.1708, -13012078.7935 7535418.611, -13011780.6963 7535183.178, -13011338.2115 7535000.3952, -13010967.5525 7535075.4494, -13010801.7653 7535131.5462, -13010730.1488 7535200.4102, -13010691.5154 7535455.9355, -13010632.9423 7535533.7058, -13010540.7209 7535595.9224, -13010548.1983 7535644.8075, -13010598.0476 7535709.2473, -13010600.5401 7535787.02009999, -13010664.0982 7535880.3485, -13010684.0379 7535973.6782, -13010616.7411 7536058.1202, -13010528.2584 7536095.8972, -13010519.5347 7536187.007, -13010694.0077 7536275.896, -13010737.6258 7536258.1181, -13010762.5507 7536309.2297, -13010747.5958 7536342.5632, -13010645.4045 7536331.452, -13010583.0926 7536307.0072, -13010467.1928 7536344.7856, -13010404.881 7536289.2293, -13010389.9262 7536251.4513, -13010306.4283 7536242.5626, -13010272.78 7536215.8958, -13010236.6391 7536251.4513, -13010082.1059 7536331.452, -13010008.5779 7536442.5651, -13009989.8846 7536435.8983, -13009908.8791 7536333.6741, -13009923.834 7536282.5624, -13009887.6932 7536249.2289, -13009888.9394 7536095.8969, -13009791.7331 7536042.5648, -13009764.6972 7536060.6367, -13009701.1646 7536056.2795, -13009619.7526 7535995.8993, -13009520.0537 7535991.4551, -13009358.0432 7535558.1477, -13009279.0633 7535451.8725, -13009092.8573 7535378.487, -13008930.6494 7535351.4067, -13008782.6148 7535351.5117, -13008636.4186 7535374.8193, -13008495.6591 7535420.7563, -13008349.8435 7535496.9447, -13008231.6714 7535586.3005, -13008136.55 7535683.9335, -13007989.3274 7535789.7137, -13007846.0919 7535822.5941, -13007609.8266 7535803.8138, -13007383.0461 7535841.9685, -13007345.4481 7535858.3743, -13007339.0611 7536183.7371, -13007124.0843 7536213.5108, -13006906.5526 7536147.2462, -13006613.9667 7535962.854, -13006561.2525 7535655.9981, -13006303.9533 7535670.3323, -13006263.0663 7535687.9976, -13006120.4197 7535644.5277, -13006010.2667 7535581.286, -13005902.6143 7535612.5054, -13005886.5103 7535716.9159, -13005921.2523 7535782.1647, -13005914.2 7535872.1573, -13005785.0996 7535984.2991, -13005900.0949 7536052.1455, -13006050.5492 7536033.9669, -13006122.0007 7536060.4275, -13006252.2671 7536170.4041, -13006337.1097 7536168.1455, -13006457.3272 7536254.754, -13006445.5673 7536344.878, -13006300.0722 7536372.387, -13006254.0628 7536416.154, -13006293.9003 7536495.4523, -13006388.4243 7536502.3896, -13006486.9104 7536480.8581, -13006472.0174 7536452.893, -13006537.3818 7536427.5165, -13006745.457 7536447.6702, -13006720.3169 7536566.7127, -13006606.7583 7536553.2964, -13006590.4113 7536648.2735, -13006615.2342 7536694.8829, -13006621.8292 7536765.6142, -13006605.3565 7536855.8703, -13006582.5394 7536884.8419, -13006460.1029 7536892.832, -13006395.3609 7536941.8291, -13006359.6534 7537018.4167, -13006398.8688 7537074.10059999, -13006502.4522 7537066.61379999, -13006496.5336 7537199.1384, -13006360.8267 7537240.5729, -13006333.7146 7537463.4885, -13006490.7895 7537516.036, -13006618.201 7537517.3676, -13006852.9685 7537652.9347, -13006679.4148 7537690.6595, -13006713.796 7537741.7477, -13006817.8975 7537837.1443, -13006953.9147 7537900.8123, -13007019.4679 7537984.7211, -13007029.3413 7538026.1559, -13006983.4591 7538060.3398, -13006897.5024 7538053.0886, -13006803.4148 7538148.3896, -13006752.8862 7538149.4254, -13006724.2126 7538133.8845, -13006585.0302 7538222.7008, -13006529.9797 7538240.2526, -13006392.4493 7538193.1814, -13006382.3903 7538169.6794, -13006323.0893 7538130.391, -13006106.2139 7538136.1622, -13006082.6803 7538316.454, -13005975.6528 7538550.9808, -13006211.8182 7538738.5606, -13006322.8497 7538655.223, -13006542.2655 7538791.1269, -13006648.3442 7538807.2423, -13006675.1896 7539100.9418, -13006658.5537 7539180.7346, -13006655.0287 7539379.2346, -13006726.8765 7539558.0942, -13006801.7611 7539662.3271, -13006874.3445 7539721.9034, -13006986.3455 7539736.3027, -13007048.6381 7539773.9949, -13007376.6485 7539535.2294, -13007637.3387 7539567.3016, -13007758.6943 7539815.8671, -13007700.2638 7540064.4401, -13007610.3705 7540224.8143, -13007491.463 7540731.8953, -13007484.9401 7540780.9392, -13007502.4411 7540824.1587, -13007795.5756 7540985.5956, -13007848.7205 7540935.0198, -13008078.9983 7541190.9759, -13008048.2205 7541262.7996, -13007983.5992 7541291.8414, -13007947.5201 7541369.2692, -13008019.6309 7541416.4863, -13008138.2112 7541430.709, -13008203.1079 7541517.3294, -13008325.9385 7541562.6151, -13008428.4469 7541656.6689, -13008512.4633 7541668.6975, -13008617.4295 7541758.3152, -13008694.5408 7541746.8689, -13008745.3709 7541780.5589, -13008784.8079 7541787.2738, -13008805.6846 7541811.0722, -13008781.2509 7541885.9358, -13008728.3244 7541919.124, -13008753.6526 7542002.957, -13008778.1813 7542018.1861, -13008816.8596 7542129.1522, -13008852.1842 7542180.5855, -13008850.2212 7542285.1953, -13008903.0963 7542307.0367, -13008985.8396 7542377.9032, -13008899.6239 7542442.9806, -13008778.8852 7542448.8974, -13008759.8326 7542476.335, -13008758.5746 7542595.521, -13008774.9197 7542691.1904, -13008852.7057 7542781.1498, -13008838.1099 7542862.7248, -13008797.6136 7542899.4151, -13008741.1564 7542870.9646, -13008595.1656 7542878.8657, -13008542.8977 7542818.1966, -13008450.6566 7542771.9836, -13008226.1037 7542734.9269, -13008135.3367 7542672.643, -13008083.5524 7542657.7172, -13008014.0278 7542641.2118, -13007918.7047 7542661.1308, -13007822.0791 7542638.3678, -13007752.4877 7542577.6496, -13007698.7871 7542567.271, -13007624.18 7542431.0894, -13007559.1408 7542395.2464, -13007430.8522 7542458.6536, -13007037.948 7542497.7943, -13006875.9265 7542608.6622, -13006774.1842 7542737.0204, -13006601.9271 7543053.9437, -13006513.329 7543033.2267, -13006299.6539 7543025.8351, -13006089.7946 7543066.7957, -13005894.5045 7543154.01, -13005785.951 7543228.8272, -13005688.8423 7543318.0553, -13005595.6186 7543433.492, -13005528.7815 7543547.2753, -13005468.4913 7543700.7821, -13005424.5158 7543906.9644, -13005381.0564 7544019.4707, -13005526.925 7544152.7944, -13005757.4308 7544307.2541, -13005876.3819 7544364.0631, -13006018.1294 7544407.4378, -13006423.4636 7544458.2393, -13006559.6218 7544657.8779, -13006595.4462 7544803.596, -13006591.5714 7544965.0481, -13006612.2628 7545112.1283, -13006655.6608 7545254.1563, -13006720.6979 7545387.6343, -13006795.392 7545496.4398, -13006884.4722 7545593.7691, -13006999.7149 7545687.1973, -13007217.8114 7545819.2814, -13007305.5024 7545937.6835, -13007340.7146 7546080.8501, -13007310.5057 7546274.3677, -13007203.8535 7546523.5577, -13007181.8588 7546649.3877, -13007227.6643 7546684.6923, -13007233.7277 7546912.2597, -13007085.1767 7547200.9049, -13006776.3177 7547337.263, -13006652.351 7547482.9141, -13006538.5196 7547535.4377, -13006558.8825 7547591.6267, -13006315.771 7547948.3278, -13006015.5396 7548147.8981, -13005970.1912 7548411.2788, -13005836.3025 7548624.5846, -13005700.1847 7548797.2769, -13005348.4077 7548944.1642, -13005302.2665 7549067.9365, -13005271.4718 7549213.3106, -13005263.4569 7549345.1981, -13005276.4215 7549493.248, -13005312.3391 7549637.4455, -13005370.3262 7549774.239, -13005511.9076 7549976.7419, -13005614.0873 7550072.1692, -13005734.1236 7550140.929, -13005863.5169 7550322.9847, -13005917.9106 7550473.65999999, -13005978.8447 7550590.8596, -13006099.2021 7550747.9247, -13006263.2027 7550885.7205, -13006438.5318 7550977.093, -13006612.7407 7551027.0709, -13007028.5717 7551090.7133, -13007139.4316 7551159.1875, -13007283.8129 7551375.2054, -13007300.3092 7551457.8349, -13007274.0125 7551599.4043, -13007248.6437 7551658.6022, -13007230.6337 7551694.5015, -13007179.5797 7551730.9551, -13007206.2676 7551847.0717, -13007196.6171 7551902.4199, -13007499.058 7551927.9202, -13007804.3941 7552159.556, -13007905.291 7552576.5587, -13007791.3135 7552789.4829, -13007406.6553 7552949.704, -13007055.8683 7553258.9155, -13006993.2176 7553373.4586, -13007112.9297 7553711.6109, -13006903.1054 7555349.9821, -13007463.1997 7556258.021, -13010252.813 7557364.6649, -13011014.1179 7558723.3546, -13010317.5997 7559758.8825, -13009618.9374 7560721.9152, -13009755.9745 7561771.3438, -13009662.8729 7563162.9904, -13009662.8729 7563832.3134, -13009355.5894 7564397.508, -13008767.9037 7564899.2384, -13008965.7171 7565656.0629, -13010309.2785 7567208.2332, -13010897.1519 7568186.0452, -13011237.6258 7569695.8554, -13012018.3933 7570644.3941, -13012283.3337 7572092.0908, -13012154.7791 7573122.652, -13011259.1945 7574611.2547, -13011408.3625 7576746.1096, -13011674.4162 7578194.9564, -13011674.4161 7578837.2309, -13011550.1145 7579108.65429999, -13010598.8585 7579332.2555, -13008569.6134 7578931.4691, -13007949.423 7578065.1217, -13007360.8141 7577311.9005, -13006531.8736 7577134.7228, -13006187.2848 7577001.5188, -13005606.4649 7576532.84, -13005503.1922 7575852.1368, -13004929.2593 7575639.5656, -13004291.8822 7576254.4288, -13003303.1689 7576479.8296, -13002761.361 7576408.6216, -13002066.4633 7575914.2286, -13001426.231 7575332.9607, -13000593.224 7574984.4614, -13000300.4818 7574650.3877, -12999461.0235 7574045.7415, -12998654.4496 7573611.0093, -12997965.14 7573315.54689999, -12997248.2181 7573049.2037, -12996764.1972 7573004.599, -12995649.9397 7572748.2125, -12995361.4744 7572495.548, -12994884.9482 7571993.7257, -12994856.6992 7572002.5889, -12994644.2956 7572176.8892, -12994504.0968 7572349.3727, -12994338.6133 7572474.2174, -12994254.6387 7572476.3259, -12994045.3858 7572803.643, -12994110.8425 7572928.546, -12994136.4351 7573074.5829, -12994100.1847 7573234.77939999, -12994048.7411 7573312.3154, -12993915.3517 7573407.7959, -12993592.6249 7573485.9728, -12993383.9266 7573585.4096, -12993188.256 7573757.2624, -12993197.63 7573795.6721, -12993166.9635 7573989.8329, -12993041.7789 7574176.3522, -12992983.4165 7574191.6874, -12992927.8543 7574504.6265, -12993434.1091 7575060.4134, -12993412.6473 7575387.2011, -12993241.8065 7575658.413, -12992417.1987 7575942.6046, -12992293.5595 7576097.9275, -12992193.7493 7576306.8747, -12992145.1503 7576529.6185, -12992094.6584 7576611.4206, -12992132.8241 7576695.228, -12992179.4193 7576886.255, -12992156.3052 7577032.478, -12992072.5296 7577168.2029, -12991914.5519 7577345.4447, -12991813.4538 7577535.3222, -12991769.7279 7577677.9055, -12991748.7973 7577825.5907, -12991752.886 7577991.2446, -12991789.8647 7578175.4777, -12991766.7396 7578321.724, -12991689.0037 7578447.6506, -12991568.7375 7578533.683, -12991424.6334 7578566.4472, -12991279.0915 7578540.8498, -12991139.8861 7578463.1565, -12990949.3898 7578643.67, -12990805.4336 7578671.3786, -12990724.6195 7578551.6855, -12990704.4159 7578555.393, -12990717.537 7578523.0876, -12990673.3651 7578349.6562, -12990553.3428 7578326.8499, -12990507.252 7578303.3029, -12990474.3276 7578259.6607, -12990432.161 7578327.9421, -12990311.8824 7578413.9536, -12990167.7749 7578446.6938, -12990022.2392 7578421.0728, -12989884.2076 7578332.2661, -12989828.9616 7578257.3269, -12989784.8158 7578099.0206, -12989803.1404 7577952.0966, -12989876.7059 7577823.6898, -12989994.0772 7577733.7539, -12990137.0129 7577696.2639, -12990196.8207 7577704.7603, -12990010.7888 7577526.839, -12989894.8541 7577455.9496, -12989835.7183 7577556.1636, -12989761.9182 7577758.2792, -12989735.3786 7577971.8565, -12989748.0702 7578137.076, -12989821.9528 7578501.7888, -12989774.2957 7578711.8523, -12989702.5544 7578918.2465, -12989640.5473 7579297.8673, -12989562.7665 7579423.7887, -12989458.3306 7579939.8239, -12989232.9645 7580025.1119, -12988691.341 7579917.5717, -12988603.8687 7579980.0937, -12988573.616 7580078.9966, -12988481.3315 7580250.3746, -12988240.3632 7580256.2413, -12988126.6148 7580147.6567, -12987931.8774 7580275.5389, -12987791.6068 7580430.0318, -12987660.8334 7580536.2262, -12987418.1681 7580577.1565, -12987204.2941 7580665.4234, -12987030.2124 7580791.6203, -12986879.6246 7580967.566, -12986778.3629 7581148.7109, -12986718.3042 7581338.2046, -12986698.872 7581536.0752, -12986724.6113 7581749.858, -12986790.4535 7581937.4287, -12986903.9497 7582120.288, -12987042.7384 7582262.4028, -12987207.9848 7582372.4942, -12987344.9719 7582431.0924, -12987489.4217 7582467.4923, -12987654.3425 7582480.8299, -12987802.7482 7582468.1137, -12988039.8517 7582395.9769, -12988184.0119 7582314.6097, -12988363.5084 7582170.8806, -12988467.4932 7582160.2593, -12988689.8106 7582191.8876, -12988814.0353 7581972.9325, -12988995.9299 7581968.4907, -12989091.5347 7582284.3646, -12989276.4804 7582271.0254, -12989420.4154 7582232.6491, -12989556.5856 7582172.1796, -12989681.6369 7582091.1067, -12989837.0409 7581941.0797, -12989970.9753 7581851.8608, -12990116.1494 7581823.9036, -12990282.1207 7581858.8239, -12990425.7576 7581917.8479, -12990532.1039 7581941.6536, -12990757.6761 7581460.4556, -12990770.7433 7581269.6047, -12990826.7457 7581125.6327, -12990938.7503 7580988.3594, -12991092.0967 7580708.7972, -12991330.2303 7580680.1164, -12991642.7426 7580900.3262, -12991987.4026 7581039.9478, -12992452.9456 7581017.4785, -12992595.9297 7580979.92629999, -12992742.2871 7581000.6684, -12992876.1026 7581080.5599, -12992987.0024 7581188.8823, -12993123.2171 7581282.953, -12993273.6663 7581351.8894, -12993417.4686 7581390.6933, -12993565.5588 7581406.474, -12993697.8462 7581400.8456, -12994061.935 7581315.3621, -12994209.5256 7581336.2501, -12994367.8599 7581406.2536, -12994545.0798 7581447.4583, -12994710.348 7581454.8673, -12994890.5318 7581429.6842, -12995032.2151 7581383.7134, -12995179.0313 7581307.3145, -12995538.5876 7581013.5533, -12995853.3202 7580928.6646, -12996033.9253 7580846.3826, -12996193.5075 7580728.2683, -12996325.3265 7580579.1503, -12996449.504 7580496.2794, -12996705.24 7580442.30349999, -12996903.072 7580358.3377, -12997076.9795 7580231.9257, -12997216.6124 7580071.6005, -12997340.0298 7579989.21630001, -12997485.1406 7579961.1272, -12997629.8082 7579991.4207, -12997751.5523 7580075.3901, -12997831.8851 7580200.662, -12997878.8092 7580359.877, -12997961.2871 7580522.347, -12998061.9017 7580653.9175, -12998197.0119 7580775.9775, -12998338.0029 7580862.6743, -12998491.8778 7580923.5176, -12998943.3378 7581003.5927, -12999065.1121 7581087.5517, -12999145.0438 7581212.1508, -12999170.7088 7581358.0287, -12999121.1346 7581575.4435, -12999129.7831 7581583.6758, -12999556.8625 7581589.1504, -12999546.4138 7581608.492, -12999501.6224 7581613.0418, -12999484.2836 7581640.9323, -12999451.8545 7581639.4915, -12999469.4434 7581623.6386, -12999390.8428 7581611.0019, -12999360.0601 7581690.6561, -12999371.0032 7581693.3013, -12999343.224 7581713.1555, -12999346.734 7581788.8137, -12999374.1991 7581837.4212, -12999348.5811 7581862.6553, -12999396.8565 7581874.8313, -12999414.0704 7581898.2087, -12999401.675 7581912.6255, -12999376.2627 7581902.9264, -12999364.4839 7581916.5227, -12999376.7278 7581926.9473, -12999369.298 7581949.2835, -12999346.8313 7581954.3481, -12999359.8342 7581970.0004, -12999347.4139 7581983.3744, -12999338.3164 7581965.2651, -12999288.3663 7581966.9496, -12999319.4757 7581977.5634, -12999316.2182 7582005.8413, -12999356.313 7582046.1022, -12999340.2012 7582054.0279, -12999342.8359 7582092.8746, -12999378.3738 7582188.418, -12999433.6098 7582202.8217, -12999409.8137 7582359.0052, -12999320.2381 7582376.926, -12999280.8353 7582376.7141, -12999261.7666 7582362.2116, -12999224.4976 7582402.1662, -12999149.5 7582409.7405, -12999025.8179 7582380.734, -12999030.6083 7582331.48430001, -12999010.4134 7582315.9348, -12999037.9898 7582296.1811, -12999009.7377 7582236.8374, -12999030.606 7582162.6135, -12999016.4824 7582124.8984, -12998983.6098 7582106.898, -12998971.7978 7582129.3629, -12998952.3579 7582130.8848, -12998958.6081 7582165.9407, -12998935.9648 7582187.0901, -12998958.562 7582295.2396, -12998945.1622 7582417.761, -12998693.0193 7582420.11, -12998347.0153 7582471.8943, -12998007.0814 7582477.07329999, -12997960.1621 7582489.5374, -12997960.5015 7582487.2995, -12997959.8872 7582489.1331, -12997960.1621 7582489.5374), (-12964516.9619 7593298.0838, -12964612.7042 7593390.0404, -12964730.5451 7593473.601, -12964873.0125 7593466.9867, -12965110.6124 7593412.3397, -12964987.6904 7593146.3444, -12964744.1833 7592854.2688, -12964504.4666 7592740.4647, -12963812.5034 7592279.5488, -12963668.3231 7592430.2599, -12963804.688 7592687.6202, -12963838.175 7592813.4211, -12963914.3942 7592859.4269, -12964202.3156 7592935.0569, -12964323.905 7593019.6996, -12964516.9619 7593298.0838), (-12959190.2092 7592089.2115, -12959200.5218 7592108.8619, -12959908.5829 7591828.9153, -12960136.4313 7591755.0494, -12960177.2175 7591607.7968, -12960229.7061 7591496.9378, -12960261.877 7591463.3405, -12960435.2605 7591371.9337, -12960567.5567 7591241.3466, -12960441.7781 7591186.4659, -12960263.8043 7591147.52660001, -12960081.6866 7591143.3285, -12959886.1459 7591178.5178, -12959702.1759 7591253.6742, -12959537.8149 7591365.5153, -12959410.5303 7591496.1166, -12959269.8892 7591699.6699, -12959149.462 7591789.3076, -12959029.0283 7591915.6708, -12959168.0834 7592078.6882, -12959190.2092 7592089.2115), (-12952303.6562 7550932.2648, -12952258.1869 7550715.9057, -12952198.751 7550579.7063, -12952128.7915 7550472.2435, -12952021.3461 7550525.846, -12951832.4173 7550642.2599, -12951728.655 7550723.8414, -12951616.5161 7550844.8404, -12951534.8883 7550968.9696, -12951448.9972 7551183.2421, -12951371.4065 7551593.253, -12951293.4279 7551735.6175, -12951240.0797 7551891.881, -12951213.6436 7552071.5653, -12951220.0923 7552239.4088, -12951176.7294 7552421.1535, -12951316.9563 7552285.7013, -12951455.5482 7552080.1794, -12951571.5233 7551998.6326, -12951798.8866 7551907.6904, -12951919.0744 7551821.1288, -12951916.3477 7551681.1151, -12951893.0315 7551636.5785, -12951891.28 7551546.6284, -12951867.9644 7551502.0924, -12951864.4622 7551322.1963, -12951907.5895 7551231.3723, -12952017.1558 7551094.2598, -12952038.718 7551048.8486, -12952171.5948 7550956.2692, -12952261.348 7550954.5105, -12952303.6562 7550932.2648), (-12949141.1308 7548942.8444, -12949280.7015 7548745.556, -12949368.2079 7548506.9829, -12949445.3157 7548387.273, -12949531.568 7548326.6599, -12949462.2678 7547954.213, -12949027.1448 7547479.9265, -12949073.4798 7546996.4248, -12949029.0085 7546607.4969, -12948704.3625 7546094.0378, -12948627.0495 7546063.8518, -12948534.8333 7546223.9144, -12948476.5074 7546380.4165, -12948448.1691 7546542.9969, -12948449.3563 7546724.2607, -12948498.921 7546966.4012, -12948600.2163 7547173.6746, -12948747.5377 7547349.0339, -12948933.8771 7547486.4815, -12949052.5508 7547672.4897, -12949047.4355 7547768.1858, -12949007.2319 7547969.5847, -12948940.9016 7548199.0091, -12948931.9253 7548413.2378, -12948950.4933 7548544.0493, -12948992.8511 7548686.4732, -12949056.9227 7548820.5055, -12949141.1308 7548942.8444), (-12938687.2904 7551960.5102, -12938631.4632 7551736.4488, -12938523.2083 7551532.5817, -12938483.4273 7551487.5514, -12938387.4053 7551555.2369, -12938035.1139 7551633.7789, -12937895.2742 7551683.4421, -12937764.9065 7551754.4141, -12937647.2203 7551844.9487, -12937514.9862 7551992.1781, -12937416.1832 7552163.7434, -12937355.1313 7552352.1489, -12937334.6425 7552532.6249, -12937362.7346 7552773.6637, -12937536.7411 7552711.954, -12937624.8713 7552649.0757, -12937751.3777 7552592.0126, -12937981.2598 7552697.8827, -12938215.615 7552778.0078, -12938441.4717 7552721.0231, -12938583.8474 7552520.8633, -12938642.9674 7552384.4859, -12938680.0688 7552240.5219, -12938693.8129 7552109.0486, -12938687.2904 7551960.5102), (-12962685.2671 7594686.4642, -12962603.9718 7594791.4919, -12962519.6273 7594953.5736, -12962625.0694 7595069.344, -12963017.4914 7595388.1715, -12963168.9116 7595533.6592, -12963351.8723 7595767.6907, -12963590.4161 7595822.1271, -12964064.3767 7595782.3597, -12964580.7738 7595480.3577, -12964463.2029 7595363.4224, -12964184.0825 7595187.6816, -12964040.9572 7595133.3821, -12963839.8116 7595089.9715, -12963712.1309 7595022.4645, -12963551.0205 7594876.9767, -12963442.0909 7594801.1312, -12963308.3365 7594734.9063, -12963131.0277 7594674.4179, -12962979.9141 7594564.8429, -12962889.8437 7594517.2996, -12962793.122 7594583.1747, -12962685.2671 7594686.4642), (-12986310.8385 7527339.9657, -12986393.1045 7527394.7964, -12986420.8988 7527298.6386, -12986498.8262 7527132.6211, -12986521.9316 7527120.3415, -12986521.3708 7527096.9059, -12986690.8706 7526846.6205, -12986813.3102 7526585.7484, -12986948.2762 7526359.7514, -12986971.6598 7526359.1882, -12987087.1712 7526297.7881, -12987192.115 7526283.5347, -12987331.0067 7526221.5676, -12987488.6975 7526214.867, -12987708 7525676.1728, -12987645.9895 7525257.0584, -12987573.2088 7525365.3176, -12987434.1565 7525427.7028, -12987183.4073 7525485.1226, -12987010.4375 7525788.7729, -12986890.9306 7525874.1409, -12986700.7823 7525917.2377, -12986629.8251 7525901.4015, -12986447.7245 7525985.6649, -12986258.9367 7526143.6965, -12986167.6408 7526260.2576, -12985982.9524 7526557.9805, -12985957.5781 7526576.8048, -12985917.2133 7526690.118, -12985953.5667 7526817.8586, -12986083.4178 7526884.6557, -12986095.6698 7526907.8102, -12986166.9451 7526952.998, -12986298.6454 7527078.8059, -12986323.1516 7527125.1158, -12986324.272 7527171.9871, -12986313.6992 7527219.1395, -12986251.9581 7527299.4174, -12986310.8385 7527339.9657), (-12987632.5196 7527934.7809, -12987773.4573 7527454.0941, -12987659.9741 7527426.6096, -12987453.8551 7527461.9252, -12987363.6767 7527580.7871, -12987340.5711 7527593.0701, -12987306.8983 7527652.5094, -12987283.7924 7527664.7922, -12987261.5313 7527712.2311, -12987238.4252 7527724.5139, -12987238.9882 7527747.9514, -12987148.8139 7527890.8334, -12987125.7071 7527903.1162, -12987126.2698 7527926.5542, -12987102.8816 7527927.118, -12987086.9888 7527953.3688, -12987077.8178 7528011.1146, -12987000.502 7528136.1734, -12986880.9589 7528221.5674, -12986737.7696 7528254.0219, -12986437.3404 7528208.8878, -12986208.2738 7528226.4393, -12985975.4428 7528306.1907, -12985861.9869 7528372.8144, -12985758.8854 7528454.6126, -12985647.6043 7528575.75, -12985551.4984 7528729.085, -12985516.9341 7528814.2447, -12985637.9938 7528901.9056, -12985818.5433 7528922.3283, -12986014.7904 7528982.0269, -12986161.8625 7528997.8543, -12986380.3109 7528977.2846, -12986468.0186 7528827.6032, -12986531.8837 7528831.1584, -12986546.905 7528767.5542, -12986576.9096 7528766.8329, -12986639.7991 7528885.6642, -12986640.6671 7528921.9131, -12986760.5524 7528939.0085, -12986886.6196 7529014.4219, -12986990.1997 7529155.061, -12987084.893 7529157.943, -12987395.4112 7528680.9764, -12987632.5196 7527934.7809), (-12990474.4329 7570307.7656, -12990318.2335 7570286.1551, -12990161.4288 7570292.9372, -12990017.4721 7570325.6383, -12989953.7598 7570314.4204, -12989917.7718 7570443.2361, -12989853.8841 7570802.8889, -12989778.1644 7570921.8166, -12989663.3293 7571003.4213, -12989515.3922 7571037.2134, -12989390.1492 7571014.9893, -12989281.4212 7571273.3598, -12989200.9206 7571682.3405, -12989354.9371 7571760.4277, -12989529.9183 7571810.9972, -12989677.2859 7571826.7584, -12989890.6603 7571804.6557, -12990121.3028 7571730.0144, -12990338.4191 7571611.6957, -12990481.7798 7571499.8326, -12990610.7129 7571349.0489, -12990764.1859 7571082.4495, -12990833.3113 7570848.5293, -12990843.8938 7570716.4519, -12990836.0305 7570584.1865, -12990809.8752 7570454.30699999, -12990765.9379 7570329.341, -12990759.2874 7570314.3076, -12990474.4329 7570307.7656), (-12951559.9467 7547226.7547, -12951272.8555 7546749.7503, -12951026.418 7546457.5747, -12950578.1411 7546262.114, -12950134.8834 7546326.3693, -12950286.9311 7546636.8048, -12950413.7763 7546649.6907, -12950521.4803 7546678.285, -12950722.4771 7546781.7692, -12950862.5666 7546901.7725, -12950917.6074 7546977.4058, -12950918.4971 7547023.4102, -12950882.0199 7547116.1626, -12950770.657 7547294.7452, -12950697.2515 7547457.2526, -12950539.3766 7547606.0577, -12950448.4415 7547653.8443, -12950220.2134 7547727.2982, -12950021.115 7547723.4735, -12949944.3006 7547709.6142, -12949884.688 7547682.2365, -12949777.4263 7547966.7089, -12949913.8242 7548316.799, -12950714.4248 7548524.0906, -12951175.6034 7548422.30619999, -12951467.5809 7548193.8438, -12951681.5023 7547762.7016, -12951559.9467 7547226.7547), (-12960715.2174 7532957.7835, -12960887.109 7532756.1156, -12961091.5695 7532769.9984, -12961216.1931 7532825.5292, -12961323.5409 7532910.5663, -12961513.9525 7532657.1801, -12961629.0097 7532540.5783, -12961826.0862 7532435.2721, -12962061.9912 7532379.184, -12962011.7532 7532120.526, -12961927.2069 7532098.1079, -12961834.2531 7532037.1759, -12961770.0423 7531965.9731, -12961758.9923 7531898.5, -12961877.6519 7531838.243, -12961942.5151 7531742.7518, -12962024.956 7531693.7791, -12962044.6386 7531463.5238, -12961770.4533 7531512.6073, -12961497.2893 7531747.5469, -12961389.5296 7531932.2548, -12961324.0244 7532147.3512, -12961126.1457 7532357.5967, -12960701.3172 7532274.7487, -12960595.2835 7532065.47160001, -12960622.1841 7531896.5109, -12960804.6068 7531711.9574, -12961085.3594 7531552.8778, -12961008.7508 7531448.756, -12960974.2138 7531497.6597, -12960873.6188 7531565.1631, -12960771.9582 7531592.6759, -12960579.9324 7531558.0981, -12960473.8457 7531705.0875, -12960459.13 7531787.961, -12960432.6773 7531832.3857, -12960319.7024 7531927.96, -12960254.1631 7531934.7965, -12960114.8015 7531811.5167, -12960086.3225 7531757.2551, -12960049.2762 7531285.1638, -12959971.4345 7531162.8762, -12959909.9682 7531143.0723, -12959740.5963 7531125.758, -12959495.5055 7531177.5113, -12959300.4721 7531260.36819999, -12959300.3868 7531310.9657, -12959340.5516 7531387.5113, -12959346.8549 7531459.9162, -12959242.8116 7531563.5973, -12959190.2466 7531588.8525, -12959084.2292 7531595.8589, -12959021.8461 7531551.7126, -12958857.3409 7531671.212, -12958666.8877 7531713.65, -12958564.1852 7531690.33649999, -12958460.9115 7531627.0211, -12958338.9876 7531469.5211, -12958097.4442 7531370.8662, -12958150.594 7531550.3426, -12958210.6548 7531667.6413, -12958364.4544 7531860.2693, -12958562.7714 7532006.4416, -12958633.0746 7532033.9574, -12958672.0643 7531929.3364, -12958709.4545 7531889.9707, -12958795.3273 7531855.8959, -12958926.8914 7531837.5504, -12959053.5908 7531838.1993, -12959144.6827 7531872.8372, -12959256.7861 7531948.4402, -12959332.0346 7532067.0895, -12959433.4368 7532026.7079, -12959575.5549 7531942.1298, -12959710.5642 7531909.3001, -12959871.4352 7531936.0494, -12959989.2238 7532012.016, -12960069.8035 7532126.8374, -12960080.0988 7532172.9246, -12960206.3708 7532337.8819, -12960326.6092 7532615.155, -12960715.2174 7532957.7835), (-12953881.284 7548428.8588, -12953667.3776 7548423.7385, -12953457.8023 7548466.9637, -12953335.6652 7548516.7351, -12953221.6271 7548583.0549, -12953117.9071 7548664.6331, -12953016.0597 7548772.6609, -12953220.2268 7548848.7575, -12953433.3399 7548968.0731, -12953539.3429 7549108.9411, -12953591.4249 7549284.2706, -12953537.7331 7549595.9185, -12953538.1814 7549793.9392, -12953658.2649 7550282.4867, -12953631.1805 7550431.6905, -12953555.0974 7550549.9513, -12953440.1765 7550630.8008, -12953292.4653 7550663.8049, -12953143.5717 7550636.6541, -12952887.4712 7550483.12039999, -12952858.1712 7550533.8747, -12952792.5619 7550698.2492, -12952758.8392 7550869.3898, -12952756.1406 7551031.6613, -12952778.377 7551179.258, -12952823.2947 7551320.9445, -12952895.3363 7551464.8121, -12952929.2607 7551610.8053, -12952887.4557 7551798.5749, -12953072.7727 7551693.9603, -12953101.7536 7551693.3891, -12953201.7613 7551618.7838, -12953230.742 7551618.2121, -12953388.4227 7551527.9408, -12953460.588 7551511.9888, -12953546.6714 7551466.7084, -12953720.5522 7551463.269, -12953835.5938 7551157.2938, -12953823.9642 7551100.2836, -12953861.8998 7550907.9991, -12953944.067 7550785.5549, -12954052.222 7550703.7773, -12954155.9466 7550597.5067, -12954280.9806 7550403.5651, -12954335.0179 7550265.1327, -12954366.7785 7550119.9361, -12954375.4818 7549971.5509, -12954361.6274 7549827.8377, -12954382.0048 7549670.3969, -12954744.2077 7549443.9153, -12954730.3156 7548743.6239, -12954717.1054 7548718.4129, -12954715.6044 7548642.7353, -12954594.6632 7548581.0079, -12954453.9151 7548534.19, -12953881.284 7548428.8588), (-12958143.953 7589662.9164, -12958167.6318 7589750.23040001, -12958224.1532 7589836.8746, -12958225.9382 7589924.6376, -12958205.3819 7589990.9075, -12958372.6272 7590107.1614, -12958471.1561 7590206.0834, -12958591.2764 7590294.6022, -12958708.5106 7590356.6184, -12958835.1892 7590402.2207, -12958979.595 7590489.2998, -12959122.1209 7590664.6479, -12959276.8881 7590789.4557, -12959469.7252 7590885.0605, -12959662.6346 7590932.6224, -12959794.9166 7590941.476, -12959927.1408 7590931.79249999, -12960056.7323 7590903.7606, -12960181.1682 7590857.9264, -12960325.7854 7590776.9906, -12960594.4943 7590574.3579, -12960687.618 7590539.1655, -12960658.0174 7590489.1996, -12960635.8942 7590478.6827, -12960616.2678 7590420.2228, -12960467.7132 7590323.8429, -12960412.6651 7590248.5735, -12960254.223 7589707.1317, -12960180.2025 7589579.5612, -12960116.0089 7589350.3511, -12959868.4307 7589201.1919, -12959447.3984 7588912.7411, -12958875.2091 7588964.1136, -12958585.9383 7589036.2566, -12958537.1086 7589197.127, -12958350.0863 7589348.0662, -12958131.0295 7589565.9084, -12958143.953 7589662.9164), (-12987638.4444 7534853.7111, -12987482.9396 7534829.9124, -12987351.3324 7534830.7893, -12987205.0771 7534853.6885, -12987041.2891 7534904.5168, -12986870.9078 7534906.8418, -12986780.6501 7534848.7105, -12986710.6576 7534916.5346, -12986642.3149 7534914.4336, -12986563.7264 7534986.2839, -12986471.78 7535103.81229999, -12986338.6331 7535198.9118, -12986157.1467 7535263.3395, -12985988.7511 7535366.2295, -12985830.1315 7535521.7267, -12985760.7573 7535628.8626, -12985860.1066 7535911.9995, -12985727.6737 7536075.2047, -12985443.4524 7536014.0635, -12985313.6115 7536199.0375, -12985252.1887 7536340.0615, -12985215.7477 7536479.9215, -12985203.3258 7536699.903, -12985246.0341 7536937.4766, -12985297.546 7537066.203, -12985433.4811 7537268.358, -12986050.0531 7537039.1765, -12986093.6084 7536966.6152, -12986039.8775 7536888.3556, -12986009.8432 7536744.1822, -12986037.7473 7536599.583, -12986119.2504 7536477.0292, -12986241.6832 7536395.5669, -12986386.0197 7536367.853, -12986551.2809 7536402.7199, -12986567.8563 7536377.7927, -12986690.2827 7536296.3243, -12986834.6157 7536268.60230001, -12986978.4241 7536298.9346, -12987099.3611 7536382.6082, -12987178.6313 7536506.6209, -12987192.1998 7536584.4839, -12987249.8585 7536624.3745, -12987284.2507 7536564.3968, -12987358.0296 7536488.18509999, -12987525.3094 7536475.7966, -12987629.0481 7536497.6678, -12987782.9519 7536589.7068, -12987870.2408 7536708.1941, -12987893.7658 7536823.9866, -12988090.4203 7536845.6789, -12988178.0369 7536506.0666, -12988158.9377 7536292.7187, -12987977.5246 7536225.5741, -12987629.4756 7536050.2402, -12987553.6434 7535994.6498, -12987447.6587 7535876.622, -12987417.6438 7535819.9243, -12987391.6997 7535694.2221, -12987324.5661 7535523.5799, -12987330.4994 7535293.758, -12987346.5747 7535247.4348, -12987385.555 7535200.5588, -12987509.6407 7535162.1702, -12987608.0981 7534893.0876, -12987638.4444 7534853.7111), (-12942906.8722 7551417.8289, -12942971.7844 7551443.3854, -12943204.8579 7551244.4147, -12943372.7755 7551142.0625, -12943484.1104 7551040.7526, -12943526.2835 7551025.7948, -12943665.9034 7550923.9615, -12943764.131 7550879.6083, -12943875.718 7550792.4704, -12943987.8255 7550733.6795, -12944270.1819 7550700.0867, -12944396.9532 7550669.3754, -12944664.1109 7550579.3368, -12944762.3151 7550513.5128, -12944843.736 7550281.6991, -12944863.5552 7550051.6665, -12944827.2542 7549823.6684, -12944736.9945 7549611.2491, -12944205.5188 7549733.9986, -12943953.9918 7549435.6217, -12943855.0936 7549046.1998, -12943717.0489 7548991.8675, -12943490.1432 7548952.0026, -12943292.8369 7548962.553, -12943086.6866 7549020.0497, -12942912.3083 7549113.1655, -12942749.71 7549252.5782, -12942614.4571 7549439.4679, -12942524.2169 7549669.6088, -12942496.8786 7549865.73, -12942513.086 7550076.8757, -12942436.329 7550408.8754, -12942419.2401 7550573.1139, -12942436.6273 7550770.3945, -12942494.5676 7550959.7457, -12942590.5311 7551132.8905, -12942720.3256 7551282.2588, -12942906.8722 7551417.8289), (-12973669.272 7527777.8693, -12974052.8351 7527250.5058, -12974338.5616 7526980.006, -12974561.375 7526842.9594, -12974481.2708 7526627.8373, -12974356.6681 7526526.8921, -12973995.8598 7526384.086, -12973404.7312 7526463.3219, -12972594.4075 7526621.5868, -12972433.1697 7526679.9338, -12971574.9397 7526785.1743, -12971515.6642 7526698.4863, -12971457.4881 7526517.3995, -12971401.3832 7526398.2491, -12971308.911 7526262.2023, -12971243.1071 7526193.3412, -12970822.392 7526236.448, -12970517.2174 7526152.0854, -12970408.1198 7526495.7357, -12970392.0307 7526643.0446, -12970399.1353 7526791.0651, -12970457.1153 7527100.5569, -12970510.0591 7527251.2987, -12970581.5825 7527381.7949, -12970717.6646 7527545.6185, -12970891.5284 7527674.3726, -12971059.1474 7527591.7113, -12971274.3568 7527318.1147, -12971529.3783 7527368.7832, -12971820.2471 7527541.8322, -12972197.4719 7527648.3341, -12972646.1859 7527566.8679, -12972906.5978 7527766.5868, -12973341.6688 7527860.649, -12973669.272 7527777.8693), (-12987705.1069 7571267.55259999, -12987605.808 7571156.5942, -12987490.4132 7571062.5679, -12987346.7858 7570980.7516, -12987191.1654 7570925.1685, -12987044.7547 7570898.9856, -12986879.5557 7570897.1957, -12986716.5554 7570924.1765, -12986575.831 7570972.3984, -12986458.4117 7571033.3313, -12986298.0751 7571144.4136, -12986280.485 7571243.7214, -12986185.4017 7571397.081, -12986130.3008 7571517.5437, -12986069.6646 7571767.8017, -12986140.1352 7571812.8051, -12986152.0722 7571835.3596, -12986174.8529 7571834.8118, -12986233.1716 7571890.5135, -12986292.3119 7571980.4582, -12986304.7967 7572025.8422, -12986309.7208 7572231.3063, -12986288.0332 7572277.5141, -12986198.2723 7572336.7811, -12986153.0565 7572349.25199999, -12986053.0135 7572484.7328, -12985738.3377 7572419.8779, -12985581.9723 7572249.217, -12985174.728 7572345.5144, -12984963.4741 7572441.5274, -12984499.9434 7572550.1831, -12984284.0966 7572649.0317, -12984076.0601 7572696.3983, -12983905.0604 7572665.9297, -12983809.8763 7572891.8059, -12983707.7866 7573051.8739, -12983592.8545 7573133.4109, -12983316.3399 7573199.424, -12983148.8682 7573270.153, -12982997.9372 7573371.6026, -12982869.6166 7573498.3403, -12982875.584 7573579.524, -12983018.7713 7573982.023, -12983013.9542 7574015.8883, -12983163.6359 7573967.57989999, -12983295.1823 7573897.9221, -12983414.2323 7573808.4993, -12983509.0789 7573707.0922, -12983514.9228 7573577.3686, -12983556.4516 7573405.0358, -12983611.2585 7573312.35189999, -12983689.1186 7573230.5446, -12983778.9095 7573171.2998, -12984200.9696 7573184.1148, -12984338.2202 7573203.6935, -12984384.3314 7573225.441, -12984442.6482 7573281.1663, -12984511.8163 7573313.7868, -12984559.0129 7573381.2, -12984573.1727 7573497.4724, -12984582.6152 7573494.8661, -12984717.552 7573691.22, -12984893.0681 7573831.2265, -12984998.8716 7573755.9484, -12985101.8973 7573735.0973, -12985156.4312 7573693.3652, -12985299.3165 7573655.9855, -12985531.7889 7573669.9805, -12985780.388 7573630.4437, -12986040.3286 7573357.1649, -12986197.0902 7573239.166, -12986207.9357 7573216.0594, -12986331.3361 7573133.1303, -12986568.1069 7573024.6233, -12986736.912 7573020.5529, -12986779.5714 7572884.0076, -12986792.8486 7572735.5295, -12986778.3354 7572494.2877, -12986791.2226 7572368.5984, -12986879.9066 7572223.8244, -12986960.2278 7572157.1737, -12987046.7847 7572117.163, -12987149.6806 7572099.4054, -12987292.1877 7572124.6557, -12987295.4928 7572068.5853, -12987509.8074 7571966.8537, -12987844.4695 7571862.1977, -12988060.5215 7571832.8164, -12988186.2432 7571719.416, -12988046.7766 7571694.6432, -12987906.129 7571604.6711, -12987845.9024 7571528.4667, -12987785.8647 7571392.7122, -12987705.1069 7571267.55259999), (-12969849.9334 7584273.5256, -12969905.8467 7584117.4328, -12969949.0789 7583893.3452, -12970057.7858 7583723.5685, -12970092.8392 7583703.7141, -12970372.0859 7583639.6916, -12970512.2882 7583589.2255, -12970642.8839 7583517.4005, -12970872.9252 7583355.4442, -12971107.2822 7583301.5332, -12971247.4734 7583251.0558, -12971364.1242 7583188.2071, -12971574.4796 7583041.0032, -12971440.4955 7582893.1269, -12971292.0035 7582784.3388, -12971428.4571 7582681.0437, -12971441.1385 7582442.429, -12971590.0899 7582359.0639, -12971713.7066 7582331.0846, -12971762.8066 7582202.4605, -12971648.0911 7582119.5806, -12971548.9552 7582010.98659999, -12971490.6501 7581873.7916, -12971475.6163 7581818.7306, -12971472.5641 7581680.3152, -12971458.1412 7581652.9382, -12971453.8686 7581459.1614, -12971505.7592 7581305.6882, -12971533.0775 7581291.2356, -12971585.8813 7581179.2868, -12971584.9651 7581137.7655, -12971675.8403 7580872.6588, -12971784.1883 7580773.3296, -12971838.8199 7580744.4244, -12971948.6076 7580725.6433, -12971930.4918 7580659.1446, -12971864.9408 7580617.0193, -12971763.7424 7580477.4465, -12971672.9987 7580380.8405, -12971528.168 7580270.5449, -12971365.0004 7580189.9662, -12971222.0328 7580148.2467, -12971074.3134 7580129.45, -12970925.4787 7580134.0388, -12970760.4991 7580165.1495, -12970610.9753 7580138.2413, -12970489.0845 7580059.8798, -12970068.0583 7580149.1798, -12969732.8668 7580089.1291, -12969584.3713 7580078.0766, -12969419.6556 7580093.2469, -12969061.6807 7580173.1376, -12968903.665 7580144.6651, -12968701.6065 7580461.1359, -12968629.7275 7580610.4347, -12968588.0425 7580753.6973, -12968569.2342 7580901.7337, -12968573.7668 7581050.8983, -12968603.9621 7581206.1625, -12968699.0417 7581133.4171, -12968790.6094 7581037.5787, -12969026.2995 7580674.642, -12969066.6304 7580649.8137, -12969269.1049 7580600.2814, -12969611.5447 7580644.3693, -12969709.4964 7580507.6943, -12969827.147 7580418.0332, -12969970.2341 7580380.9047, -12970116.523 7580402.0781, -12970243.2787 7580478.2624, -12970330.8037 7580597.6213, -12970376.8836 7580788.8821, -12970367.6011 7580846.5483, -12970228.6878 7581072.8113, -12970151.4234 7581249.2288, -12970106.1259 7581449.2736, -12970100.3376 7581651.047, -12969851.8857 7581807.0032, -12969787.5647 7581825.9876, -12969944.8147 7581963.2644, -12970014.7878 7582003.2747, -12970099.7861 7582098.3498, -12970141.8317 7582125.124, -12970142.4374 7582152.8087, -12970198.9029 7582206.9639, -12970271.0012 7582343.8712, -12970272.8198 7582426.9278, -12970208.4511 7582621.2758, -12970381.6153 7582751.8097, -12970254.4884 7582830.6111, -12970095.6304 7582974.8498, -12969910.1258 7583105.9621, -12969712.0591 7583217.67010001, -12969587.6506 7583327.0111, -12969493.4006 7583442.6154, -12969418.355 7583571.5724, -12969364.3626 7583710.7081, -12969332.7537 7583856.5972, -12969328.0649 7584071.9485, -12969371.8402 7584282.8432, -12969461.8395 7584478.469, -12969585.6233 7584640.6004, -12969758.255 7584431.0813, -12969849.9334 7584273.5256), (-12948941.761 7552844.3085, -12948864.5651 7551838.3675, -12949216.1095 7551695.4288, -12949254.4289 7551641.0698, -12949282.4487 7551626.3511, -12949309.6543 7551569.1066, -12949365.4216 7551525.4937, -12949503.8857 7551366.8489, -12949585.4942 7551195.12, -12949613.2399 7551166.2264, -12949612.6963 7551137.8777, -12949833.8361 7550864.2087, -12949889.8674 7550834.7699, -12949973.3687 7550762.2636, -12950057.9587 7550746.4514, -12950113.9885 7550717.0115, -12950212.7214 7550700.9243, -12950383.7497 7550697.6157, -12950232.0488 7550360.2638, -12950097.008 7550215.6761, -12949930.2345 7550099.8413, -12949824.4346 7550254.4819, -12949668.7056 7550368.2556, -12949368.7806 7550374.02709999, -12948975.1118 7550513.7449, -12948822.1214 7550404.6561, -12948739.6397 7549749.7092, -12948592.6043 7549739.8403, -12948439.0495 7549755.5344, -12948292.7289 7549728.9484, -12948130.0017 7549611.9236, -12947973.3391 7549751.4388, -12947959.7343 7549780.0519, -12947889.8296 7549823.9138, -12947876.2246 7549852.5272, -12947680.3788 7549969.6698, -12947553.6325 7550000.4321, -12947398.3325 7550017.5568, -12947257.7092 7550062.7553, -12946918.2856 7550069.1792, -12946862.2483 7550098.5935, -12946779.2576 7550199.4054, -12946779.7907 7550227.7511, -12946738.4277 7550285.2438, -12946657.564 7550499.4427, -12946644.7521 7550570.5765, -12946640.1957 7551081.105, -12946626.9854 7551131.0978, -12946731.9279 7551230.2198, -12946870.5018 7551327.4226, -12946941.7127 7551411.3894, -12946981.6681 7551498.3416, -12946999.0405 7551607.1548, -12946985.7779 7551716.549, -12946944.6464 7551823.8609, -12946907.7203 7552008.1814, -12946908.0452 7552239.1275, -12946937.8092 7552384.6782, -12946978.1168 7552495.2169, -12947061.7805 7552647.2144, -12947462.2875 7552653.8066, -12947718.8189 7552748.2108, -12947775.946 7552775.4895, -12947891.0076 7552872.5788, -12947963.8972 7552984.6537, -12948081.1318 7553113.2147, -12948150.6488 7553124.7139, -12948397.4976 7553122.1622, -12948589.2397 7553073.9244, -12948766.7803 7552986.7878, -12948941.761 7552844.3085), (-12951118.3616 7541663.4805, -12951730.2658 7540869.3383, -12951983.0902 7540833.2508, -12952847.7499 7541090.378, -12952937.6729 7541173.8109, -12953008.5033 7540797.4273, -12953084.4999 7540679.3216, -12953199.2775 7540598.5826, -12953398.501 7540547.72779999, -12953548.6885 7540480.31229999, -12953672.0377 7540398.0928, -12953781.0306 7540297.5482, -12953899.4432 7540139.322, -12953982.4365 7539959.8848, -12954053.4501 7539627.3231, -12954067.4102 7539463.0242, -12954046.3266 7539266.3988, -12953984.9121 7539078.4675, -12953885.8531 7538907.4416, -12953765.6516 7538771.9181, -12953621.8583 7538661.8679, -12953475.0968 7538587.3486, -12953272.7813 7538530.9585, -12953149.0546 7538464.61779999, -12953025.2194 7538419.7585, -12952603.8683 7538338.3738, -12952476.8048 7538249.0245, -12952347.546 7538260.3896, -12951979.9545 7538253.768, -12951522.9503 7538713.4082, -12950999.6256 7538978.8652, -12950986.7932 7539032.1588, -12950916.381 7539148.8273, -12950668.5584 7539329.6235, -12950544.182 7539474.6481, -12950467.7055 7539591.4364, -12950043.5984 7539897.0137, -12949960.9395 7540007.8532, -12949831.9983 7540231.8681, -12949798.1694 7540321.6797, -12949779.056 7540458.4404, -12949772.8558 7540606.77, -12949793.201 7540770.4237, -12949835.5304 7540912.7003, -12949907.9395 7541060.8049, -12949994.191 7541181.5226, -12950119.4045 7541311.506, -12950221.9269 7541394.3934, -12950334.9651 7541462.1747, -12950456.3181 7541513.5296, -12950583.6237 7541547.4581, -12950817.5116 7541562.8409, -12951019.8806 7541599.808, -12951118.3616 7541663.4805), (-12966222.5326 7573808.1278, -12966216.8169 7574008.633, -12966651.2453 7573987.6817, -12967237.9762 7573473.1577, -12967658.344 7573207.8926, -12967905.8854 7572832.5075, -12967898.5198 7572491.1208, -12968094.1678 7572344.5731, -12968550.8413 7572448.4985, -12969491.374 7572598.754, -12970815.0275 7572085.8484, -12971458.5202 7571644.7444, -12971670.5389 7570957.0737, -12971285.913 7570254.2161, -12970095.1906 7570337.351, -12969663.9026 7570090.726, -12968753.2858 7569996.7972, -12967679.1545 7570219.2797, -12967348.9856 7570710.1352, -12967367.334 7571563.4354, -12967349.3467 7572047.6273, -12966991.3007 7572567.6458, -12966306.8813 7572578.9906, -12966083.0054 7572735.5891, -12965826.1161 7573120.5975, -12966222.5326 7573808.1278), (-12954028.9425 7556674.4449, -12953944.6669 7556445.7328, -12953876.0049 7556308.8306, -12953855.491 7556213.6871, -12953859.5127 7556113.3214, -12953881.1846 7556039.6309, -12953948.0005 7555931.1082, -12954022.7452 7555863.8105, -12954129.2396 7555812.8141, -12954388.831 7555769.6322, -12954515.6043 7555732.8744, -12954636.0375 7555678.7923, -12954909.4035 7555520.505, -12955029.727 7555497.7764, -12955150.8585 7555515.6839, -12955268.928 7555578.1723, -12955356.922 7555674.9785, -12955510.6177 7556024.2642, -12955595.0075 7556146.6447, -12955698.485 7556255.1887, -12955762.6845 7556343.2015, -12955779.5834 7556391.1505, -12956522.7672 7556195.4865, -12956555.5065 7556014.738, -12956647.8465 7555864.5786, -12956705.2715 7555731.9999, -12956201.2718 7555742.1569, -12956079.6807 7555690.9051, -12955970.1396 7555572.289, -12955969.6027 7555545.4518, -12955735.5333 7555227.9808, -12955596.0117 7554948.8906, -12955591.1922 7554707.3775, -12955639.9272 7554464.7985, -12955691.338 7554356.3914, -12955743.8194 7554301.6513, -12955929.6446 7554217.391, -12955996.3166 7554202.63, -12956210.5252 7554198.3233, -12956384.0314 7554167.9873, -12956785.6698 7554159.887, -12956812.7156 7554172.7623, -12956893.0433 7554171.1394, -12957176.0832 7554259.3667, -12957229.3687 7554258.2877, -12957277.0002 7553996.3527, -12957348.142 7553809.6403, -12957379.2032 7553597.3453, -12957363.6145 7553393.087, -12957220.505 7553324.9691, -12956703.9118 7553335.4127, -12956432.3255 7553291.566, -12956013.8851 7553287.65429999, -12955914.5007 7553240.3278, -12955801.5865 7553131.6192, -12955749.9264 7553009.3517, -12955747.957 7552910.7497, -12955759.7637 7552885.8526, -12955976.7113 7552659.5596, -12956049.5176 7552608.7781, -12956121.8295 7552533.34700001, -12956205.2041 7552396.0466, -12956229.5538 7552383.2275, -12956288.8226 7552271.072, -12956337.274 7552233.1094, -12956396.7872 7552133.27929999, -12956444.001 7552033.6976, -12956466.6184 7551934.6125, -12956471.003 7551540.0198, -12956505.4208 7551416.0477, -12956505.1047 7551400.2955, -12956302.0786 7551238.1241, -12956288.9997 7551173.8552, -12956229.9534 7551175.0434, -12956143.385 7551152.1299, -12956068.6201 7551104.3236, -12955968.2778 7551007.7223, -12955903.8409 7550861.0924, -12955897.4367 7550540.7292, -12955955.2181 7550354.676, -12955954.2325 7550305.3918, -12956038.8188 7550229.7372, -12956062.4225 7550179.9597, -12956084.3997 7550168.3902, -12955893.7596 7549231.39940001, -12956197.5084 7548383.0319, -12956057.5907 7548333.7903, -12955845.8961 7548302.6446, -12955632.6354 7548320.0134, -12955428.7364 7548385.0059, -12955245.7146 7548492.7956, -12955209.8174 7548568.4776, -12955186.6873 7548683.5714, -12955178.5415 7548913.0024, -12955166.3427 7548938.7207, -12955174.4483 7549346.165, -12955219.4084 7549689.2008, -12955224.4767 7549943.8757, -12955175.675 7550046.7635, -12955150.5138 7550060.0054, -12955138.3129 7550085.7277, -12955062.8284 7550125.4528, -12955037.4136 7550125.9602, -12954986.0778 7550101.5062, -12954972.8644 7550076.2913, -12954869.7213 7550153.4031, -12954767.8792 7550261.4748, -12954639.4511 7550472.6388, -12954590.272 7550612.8824, -12954563.5898 7550759.1113, -12954560.0631 7550907.7257, -12954580.1794 7551062.6779, -12954543.2063 7551222.2383, -12954491.5083 7551299.2911, -12954001.9756 7551606.149, -12954043.3482 7551660.2445, -12954045.6426 7551776.4134, -12954032.299 7551834.7859, -12954003.6042 7551849.882, -12954004.1777 7551878.9247, -12953904.4612 7551968.0646, -12953761.2689 7552058.0648, -12953747.3502 7552087.3952, -12953718.3678 7552087.9689, -12953403.5591 7552297.5808, -12953331.6718 7552328.05610001, -12953245.8629 7552387.8616, -12953189.0365 7552447.095, -12952987.2888 7552509.1844, -12952789.1909 7552527.612, -12952778.5547 7552581.7619, -12952702.4376 7552700.0472, -12952587.4757 7552780.9067, -12952408.9795 7552827.1236, -12952244.1952 7552902.8009, -12952109.3714 7552997.8271, -12951991.675 7553116.5603, -12952026.9182 7553261.369, -12952180.7145 7553593.8639, -12952332.1656 7553805.6269, -12952359.2027 7553818.5175, -12952414.3259 7553897.962, -12952482.3136 7553950.312, -12952564.7399 7554056.0635, -12952565.2648 7554082.896, -12952592.5657 7554109.2025, -12952648.4813 7554228.8978, -12952653.7334 7554497.2326, -12952642.1828 7554591.4151, -12952565.5241 7554780.8359, -12952461.0333 7554917.1153, -12952447.7097 7554972.6385, -12952548.8853 7554943.0277, -12952767.7681 7554975.2215, -12952993.8188 7555057.812, -12953378.8925 7555117.4109, -12953505.0676 7555193.6276, -12953592.0454 7555312.7924, -12953626.3054 7555456.3854, -12953595.2049 7555646.9105, -12953550.8032 7555708.5668, -12953404.041 7555812.4499, -12953183.8593 7555852.5665, -12953121.833 7555826.6712, -12953124.8037 7555977.9581, -12953074.3997 7556140.05, -12952845.8399 7556364.5823, -12952879.5236 7556404.3281, -12952944.8189 7556566.5895, -12952933.2035 7556700.2871, -12952824.818 7557040.0967, -12953276.0969 7557153.0211, -12953697.9934 7556907.1051, -12953915.1118 7556696.911, -12954028.9425 7556674.4449), (-12975746.1708 7537352.2062, -12976284.9932 7537791.0782, -12976315.9606 7537532.0417, -12976709.8775 7537447.5267, -12977015.5932 7537629.4518, -12977047.6446 7537802.8006, -12977482.7319 7537737.6836, -12977601.3919 7537694.2725, -12977835.6697 7537829.933, -12977900.5943 7537957.7071, -12977960.8265 7537745.8809, -12977971.0327 7537587.2513, -12977950.6026 7537389.2351, -12977977.1796 7537240.1659, -12978052.7572 7537121.8721, -12978159.9871 7537044.6899, -12978302.232 7537007.6232, -12978457.16 7537029.8848, -12978611.2974 7537085.785, -12978751.9408 7537116.512, -12978890.1422 7537124.2131, -12979051.5451 7537110.2307, -12979202.3994 7537137.2166, -12979320.455 7537212.935, -12979401.3752 7537327.6265, -12979430.8761 7537497.0242, -12979500.2341 7537477.9338, -12979798.8189 7537619.0002, -12979851.3099 7537512.3831, -12979938.9358 7537415.1453, -12979995.1289 7537408.67979999, -12980180.2831 7537234.346, -12980124.0749 7537180.5695, -12980118.8934 7536956.3936, -12980147.103 7536838.8405, -12980220.4455 7536711.2085, -12980337.3114 7536621.9013, -12980479.5374 7536584.7966, -12980538.9478 7536593.3164, -12980651.9995 7536578.0581, -12981021.8956 7536781.9188, -12981108.696 7536968.7697, -12981112.5276 7537088.7313, -12981065.1373 7537302.8366, -12981242.4752 7537430.0526, -12981345.9336 7537684.7692, -12981500.1713 7537654.3916, -12981473.5324 7537526.1399, -12981501.5243 7537381.5417, -12981583.108 7537259.0228, -12981719.4079 7537174.9814, -12981691.7355 7537038.3804, -12981653.686 7536938.4772, -12981240.5594 7536856.9833, -12981058.4917 7536729.8282, -12980967.7048 7536404.4639, -12980905.2079 7536252.0073, -12980775.5053 7536061.6968, -12980564.463 7535863.3008, -12980466.065 7535578.1428, -12980384.8125 7535423.8964, -12980306.827 7535319.5594, -12980216.0565 7535228.014, -12980002.7659 7535086.7336, -12979870.9772 7535034.2487, -12979639.0323 7534974.9026, -12979488.8746 7534886.6268, -12979350.841 7534833.0333, -12978932.0303 7534752.2352, -12978711.7438 7534663.3997, -12978504.1564 7534631.5809, -12978435.8861 7534635.543, -12978299.6154 7534647.043, -12978107.5984 7534703.2646, -12978132.0032 7534979.5725, -12978161.4038 7535078.611, -12978204.9193 7535399.3326, -12978221.3537 7535398.9553, -12978478.9807 7535578.6884, -12978529.4978 7535655.6976, -12978566.9276 7535829.368, -12978762.2475 7535862.7442, -12978901.3879 7536037.648, -12978936.0276 7536180.767, -12978912.7767 7536326.1846, -12978835.2455 7536451.2979, -12978715.4831 7536536.6588, -12978572.1033 7536568.9978, -12978427.3938 7536543.2875, -12978072.3714 7536335.3118, -12977923.6117 7536451.365, -12977769.4473 7536533.0774, -12977594.0055 7536537.0939, -12977338.8113 7536464.7492, -12977199.9148 7536360.4257, -12977060.3567 7536226.7995, -12977009.8501 7536149.7749, -12976907.2887 7535927.3598, -12976895.7695 7535849.4488, -12976843.4946 7535694.2952, -12976840.1712 7535547.8004, -12976895.5416 7535409.7423, -12976972.1744 7535349.3691, -12977116.8617 7535326.527, -12977078.1264 7535175.92, -12977074.7997 7535029.476, -12976760.2945 7535173.0663, -12976625.9369 7535267.3136, -12976400.8828 7535375.0201, -12976232.6677 7535481.4312, -12975995.4611 7535555.2072, -12975029.079 7535577.0569, -12974914.8754 7535556.8328, -12974891.6258 7535534.5584, -12974868.8873 7535535.0706, -12974788.026 7535479.8968, -12974706.1443 7535379.15, -12974580.558 7535149.9193, -12974445.4254 7535068.0327, -12974362.3213 7534946.5962, -12974336.8609 7534780.0601, -12973952.8553 7534244.8698, -12973821.7197 7533974.2804, -12973796.9547 7533883.6615, -12973791.8769 7533655.8467, -12973698.1539 7533532.5859, -12973593.5751 7533432.3607, -12973522.8434 7533319.9834, -12973450.3405 7533127.8778, -12973440.7093 7533114.0773, -12973372.2063 7533101.8592, -12973235.1769 7533013.2626, -12973180.4195 7532938.6372, -12973109.0044 7532684.5121, -12973059.1323 7532562.4969, -12972849.2681 7532252.1909, -12972751.4319 7532149.8518, -12972459.631 7531946.9416, -12972242.9662 7531592.9748, -12972174.7515 7531205.8328, -12971842.8045 7531033.8122, -12971829.3183 7530881.7461, -12971460.1697 7530935.0814, -12971316.7832 7531015.59, -12971235.4587 7531121.02, -12971074.7261 7531282.2681, -12971010.6319 7531327.8535, -12970985.5129 7531586.5966, -12970991.6618 7531641.3865, -12971138.6324 7531721.5219, -12971243.8319 7531759.0495, -12971345.0486 7531841.4916, -12971445.7204 7531899.0408, -12971551.0331 7531941.5436, -12971630.6304 7531944.7659, -12971775.6889 7531986.3874, -12972046.8168 7532109.8922, -12972108.1917 7532188.2296, -12972131.2511 7532332.1721, -12972133.339 7532426.7692, -12972075.6968 7532517.7099, -12972001.7207 7532544.2556, -12971764.0065 7532584.3864, -12971376.471 7532592.9481, -12971181.8286 7532557.39, -12970896.2299 7532454.0912, -12970725.1268 7532358.2296, -12970659.1231 7532294.9246, -12970520.8445 7532108.6799, -12970293.9869 7531865.9114, -12970095.0159 7531870.2715, -12970009.9859 7531927.149, -12970040.0117 7532066.9624, -12969969.3771 7532182.54469999, -12969874.3669 7532298.6612, -12969804.2596 7532438.6712, -12969709.5982 7532571.0735, -12969634.5478 7532857.825, -12969628.2492 7533099.3063, -12971433.2444 7532900.9939, -12972300.519 7533532.74319999, -12972663.4805 7533818.2615, -12972719.7611 7534633.9883, -12973039.5767 7535745.3594, -12973118.316 7535762.66260001, -12975746.1708 7537352.2062), (-12995742.5946 7544978.8297, -12996388.0228 7546194.69210001, -12997602.9553 7546787.306, -12997825.7124 7546668.4953, -12997891.2775 7546616.5505, -12998037.8367 7546461.9965, -12998199.8204 7546256.7799, -12998379.7856 7546101.3719, -12998476.6252 7545964.8477, -12998542.1799 7545912.9023, -12998558.0344 7545878.9855, -12998691.278 7545858.8147, -12998724.2682 7545841.2135, -12999244.6341 7545827.8499, -12999271.4008 7545699.1227, -12999705.7704 7545759.323, -12999622.6287 7545395.7666, -12999713.7916 7545121.4884, -12999972.8364 7544994.2821, -13000152.4321 7545010.4433, -13000190.2356 7544982.5199, -13000221.9262 7544914.688, -13000254.9086 7544897.0826, -13000319.5801 7544811.6457, -13000385.1126 7544759.6924, -13000546.1351 7544520.9903, -13000611.6635 7544469.0372, -13000627.506 7544435.1226, -13000677.191 7544417.0838, -13000709.7384 7544382.7367, -13000743.1495 7544381.8712, -13000775.6967 7544347.5238, -13000841.6541 7544312.3107, -13000704.1249 7544165.1089, -13000534.9175 7544085.7326, -13000211.9249 7543876.3199, -12999937.3418 7543598.6493, -12999815.2567 7543400.7971, -12999813.5376 7543333.8422, -12999795.9747 7543300.7956, -12999792.567 7543168.0648, -12999765.6649 7543150.8028, -12999682.0769 7543029.5197, -12999651.7629 7542885.2888, -12999678.1377 7542767.6951, -12999594.6389 7542636.0372, -12999586.3409 7542559.60450001, -12999601.5303 7542455.0363, -12999651.5459 7542379.541, -12999604.0416 7542334.3221, -12999451.1574 7542237.7738, -12999382.6384 7542172.5478, -12999230.1887 7542092.7328, -12999127.4154 7541994.8926, -12999093.5864 7541979.0149, -12999076.0298 7541945.9723, -12999008.3725 7541914.2167, -12998990.8163 7541881.1742, -12998956.988 7541865.2961, -12998956.1324 7541831.8252, -12998904.3212 7541766.1696, -12998867.5003 7541633.145, -12998852.9631 7541064.174, -12998883.367 7540946.1813, -12998881.2292 7540862.5139, -12998911.8527 7540753.1656, -12998577.7201 7540596.3201, -12997897.239 7540853.1947, -12997420.3701 7540895.2896, -12997215.1963 7541050.1862, -12996985.1032 7541159.753, -12996952.2859 7541229.919, -12996953.9796 7541296.8566, -12996907.2688 7541432.00639999, -12996908.1155 7541465.4761, -12996828.8497 7541634.9473, -12996763.3191 7541686.8491, -12996747.4653 7541720.7438, -12996681.9336 7541772.64549999, -12996648.5332 7541773.493, -12996615.9782 7541807.8115, -12996549.1771 7541809.5058, -12996516.1992 7541827.0883, -12996299.0948 7541832.5896, -12996265.2722 7541816.6997, -12995907.2401 7541825.7571, -12995888.844 7541852.4004, -12995756.0164 7541947.5191, -12995612.6122 7541980.1991, -12995420.1825 7541946.4514, -12995334.0503 7541885.5052, -12995284.9267 7541827.4219, -12994914.9193 7542585.5562, -12994861.6091 7542635.49759999, -12995019.5218 7542785.996, -12995140.2159 7542933.6954, -12995175.7201 7543016.5456, -12995209.9655 7543049.18110001, -12995263.434 7543181.8272, -12995271.4127 7543499.8688, -12995241.3637 7543634.6268, -12995114.443 7543905.8314, -12995116.1216 7543972.7929, -12995084.3898 7544040.5958, -12995054.3354 7544175.3623, -12995055.5941 7544225.5851, -12995023.4413 7544276.6489, -12995018.8445 7544315.8591, -12995742.5946 7544978.8297), (-12963109.2273 7583233.1627, -12962984.677 7583118.11379999, -12962804.2485 7582890.4732, -12962668.8731 7582913.8658, -12962617.0471 7582991.2911, -12962483.0962 7583086.3486, -12962338.7786 7583118.58690001, -12962293.7721 7583110.4959, -12961987.1274 7582896.6792, -12961955.9038 7582744.4692, -12961984.4208 7582599.0904, -12962066.7913 7582476.0546, -12962190.2111 7582394.4829, -12962335.5007 7582367.0492, -12962480.0809 7582398.0165, -12962545.3421 7582443.471, -12962461.0046 7582327.9926, -12962297.1065 7582188.6963, -12962090.6081 7582084.1532, -12961945.933 7582048.5308, -12961734.237 7582160.1857, -12961350.5515 7582264.8515, -12961214.8999 7582346.3197, -12961184.7581 7582531.8219, -12961010.2647 7582629.0528, -12960865.9491 7582661.26129999, -12960582.6525 7582545.6848, -12960499.1218 7582431.4702, -12960502.9844 7582164.9864, -12960601.4093 7581994.693, -12960761.0366 7581907.7431, -12961018.7464 7581953.4557, -12961010.9925 7581615.2144, -12960590.2733 7581552.0342, -12960408.9419 7581566.9225, -12960049.9309 7581646.6044, -12959743.303 7581600.0234, -12959583.7071 7581497.102, -12959502.6102 7581381.5464, -12959184.1215 7581054.9061, -12959088.6907 7581336.5008, -12959036.8387 7581413.8865, -12958906.5826 7581507.7145, -12958815.3358 7581541.2643, -12958765.8434 7581664.162, -12959058.5709 7581886.7817, -12959079.7391 7582176.5986, -12958930.7857 7582347.6997, -12958799.8694 7582655.9297, -12958360.7253 7582802.4153, -12957768.5457 7582921.4389, -12957522.8525 7582834.7681, -12957325.6619 7582884.6074, -12957115.8987 7582805.4227, -12957053.7536 7582965.8121, -12956883.4767 7583086.462, -12956858.2073 7583092.0877, -12956889.2811 7583329.3387, -12956893.6362 7583550.86, -12956871.4617 7583674.9458, -12956461.6016 7583766.9065, -12956388.7 7583768.3778, -12956022.1903 7583534.0544, -12955892.7715 7583368.17939999, -12955842.0749 7583100.141, -12955804.0055 7583108.611, -12955658.4908 7583082.3217, -12955609.2291 7583050.3158, -12955201.7376 7583104.6175, -12955124.9581 7583054.7263, -12954751.6218 7583489.933, -12954607.2634 7583522.0278, -12954433.5142 7583490.9978, -12954181.4728 7583673.3784, -12953565.4571 7583685.6057, -12953140.8514 7583789.0129, -12953339.7512 7584260.1388, -12953675.2272 7584443.5267, -12953875.1156 7584962.171, -12954121.4876 7585432.4062, -12954272.1497 7585857.051, -12954611.4918 7586230.4352, -12955281.7442 7586549.6782, -12955574.71 7586971.5071, -12955242.6768 7586994.8252, -12955244.4422 7587083.3235, -12955169.7241 7587161.2517, -12954880.0034 7587167.0471, -12954788.2085 7587153.5946, -12954662.8805 7586987.9478, -12954445.4648 7586793.5667, -12954338.1244 7586765.1337, -12954232.0056 7586755.4519, -12954141.5901 7586878.925, -12954190.0017 7587043.9546, -12954166.1355 7587190.261, -12954087.6926 7587315.9559, -12953966.8634 7587401.501, -12953898.6698 7587418.6974, -12953852.3245 7587600.5577, -12954136.9919 7588213.92979999, -12954166.75 7588670.1569, -12953759.2246 7588718.4673, -12953541.9643 7588980.2753, -12953185.2944 7589145.579, -12952722.9591 7589433.0637, -12952589.7029 7589642.335, -12952709.8966 7589759.2631, -12952920.404 7589776.2577, -12953294.1087 7589630.9971, -12953579.614 7589470.6776, -12953921.8229 7589333.9495, -12954548.327 7588995.1719, -12954786.6203 7588941.00330001, -12955135.1405 7588828.0782, -12955654.3433 7588754.9538, -12956053.3711 7588650.5763, -12956078.5622 7588607.0491, -12956196.4964 7588517.5012, -12956339.8018 7588480.5867, -12956406.2341 7588490.322, -12956528.5785 7588427.12919999, -12956770.8531 7588233.5889, -12957035.1828 7587879.9862, -12957148.2592 7587542.9661, -12957200.696 7587572.5325, -12957878.4164 7587607.6045, -12958057.8062 7587330.1535, -12958175.698 7587240.59, -12958309.596 7587206.0621, -12958251.1677 7587195.5268, -12958127.0093 7587114.92, -12958043.5913 7586992.4892, -12958013.8779 7586847.2665, -12958089.5473 7586422.4696, -12958089.1626 7586289.6949, -12958066.7075 7586142.0628, -12958008.4437 7585969.2315, -12957927.772 7585824.3794, -12957823.2287 7585695.7668, -12957706.8137 7585593.8033, -12957648.7373 7585514.3321, -12957605.2094 7585355.6867, -12957624.1654 7585208.6968, -12957698.3389 7585080.4733, -12957816.2003 7584990.9418, -12958012.7464 7584936.9128, -12958149.2156 7584876.9781, -12958287.7637 7584786.2382, -12958408.4795 7584672.7676, -12958507.6951 7584540.0156, -12958588.4239 7584376.5491, -12958633.57 7584216.9899, -12958664.5784 7583989.9438, -12958685.0453 7583946.0487, -12958791.0818 7583336.6897, -12958853.2672 7583277.9707, -12959265.6535 7583401.2812, -12959504.2013 7583416.3945, -12959539.4417 7583370.0773, -12959614.1119 7583222.0919, -12959662.0017 7583063.3641, -12959425.706 7582920.1716, -12959375.8949 7582802.4485, -12959361.8623 7582695.86599999, -12959501.8092 7582586.1171, -12959619.5238 7582548.0704, -12959920.9289 7582618.7465, -12959993.1381 7582598.0488, -12960132.7646 7582609.06889999, -12960298.4294 7582708.9312, -12960385.827 7582828.43949999, -12960452.3291 7583069.4405, -12960552.1862 7583260.1666, -12960692.3043 7583423.496, -12960866.1658 7583551.7006, -12960953.5817 7583671.215, -12961019.5829 7583910.0414, -12961119.4651 7584100.7809, -12961259.6105 7584264.1174, -12961439.2915 7584391.883, -12961768.5559 7584466.9715, -12961851.4025 7584434.6417, -12961925.9087 7584513.0665, -12962128.8387 7584450.347, -12962166.942 7584471.6162, -12962254.283 7584562.7941, -12962390.2125 7584582.6069, -12962544.3524 7584769.7201, -12962569.553 7584977.7489, -12962750.9656 7585124.7702, -12962705.6536 7584903.9954, -12963199.9213 7584419.6352, -12963572.0666 7583915.9916, -12963209.2856 7583365.2416, -12963109.2273 7583233.1627), (-12953775.5903 7581198.5852, -12953445.2398 7580967.6916, -12953234.4963 7580793.7851, -12952995.9065 7580709.4611, -12952669.0897 7580656.546, -12952608.1363 7580568.71190001, -12952602.9039 7580301.7195, -12952656.8763 7580033.5708, -12952649.8983 7579677.6077, -12952617.3909 7579529.877, -12952260.4468 7579447.8725, -12952133.3549 7579005.2773, -12952275.5473 7578705.7748, -12952241.3118 7578469.0856, -12951998.1742 7578147.49449999, -12952078.2731 7577700.9101, -12952012.7197 7577375.8678, -12951868.2284 7577556.6935, -12951455.0817 7577624.1046, -12951127.8309 7577541.4887, -12950761.8113 7576984.9756, -12950642.8748 7576957.6225, -12950139.833 7576967.3749, -12950039.6386 7576376.0587, -12950152.8491 7576106.9187, -12950288.2028 7575451.7931, -12950189.1606 7574919.8843, -12950063.4064 7574536.7992, -12949822.7647 7574333.8707, -12949755.0575 7573890.3843, -12949338.6791 7573779.8021, -12949141.2733 7574287.6925, -12948820.416 7574531.0851, -12948826.0779 7574827.5268, -12948868.6876 7575508.8183, -12948877.185 7575953.5413, -12948734.9101 7576252.875, -12948714.377 7576727.8601, -12948637.9158 7576868.1064, -12948774.3695 7576946.7258, -12948928.2904 7577002.7053, -12949051.9497 7577089.159, -12949131.0337 7577214.221, -12949155.7385 7577360.1974, -12949118.531 7577520.2763, -12949066.6037 7577597.557, -12948932.5768 7577692.3123, -12948788.3016 7577724.2728, -12948592.6796 7577688.744, -12948427.3377 7577640.8517, -12948246.298 7577623.6802, -12948134.0506 7577630.5639, -12947977.1923 7577602.062, -12947853.2955 7577521.3863, -12947770.1451 7577398.9938, -12947740.6636 7577253.9098, -12947772.6243 7576997.6487, -12947736.6884 7576748.4928, -12947479.4507 7577166.7237, -12947152.8206 7577113.5962, -12946970.237 7576850.0825, -12947048.377 7576285.0203, -12947069.0117 7575810.0658, -12946947.8698 7575664.0656, -12946294.7486 7575557.7715, -12945967.6393 7575474.9563, -12945994.4479 7575326.1635, -12945636.659 7575184.6002, -12945222.4772 7575192.361, -12944902.5596 7575494.9145, -12944702.6154 7575884.2085, -12944471.9633 7576214.7665, -12944179.9179 7576427.8251, -12944190.889 7577020.8752, -12944255.0118 7577286.6627, -12944408.4693 7577580.4631, -12944652.3747 7577961.5882, -12945101.2711 7578220.2195, -12945340.2524 7578334.4221, -12945642.8692 7578684.7834, -12945885.7599 7579006.6004, -12946127.5584 7579269.0987, -12946277.2291 7579355.2966, -12946634.1075 7579437.5793, -12947020.0345 7579489.6222, -12947199.3203 7579575.2434, -12947676.3107 7579744.2231, -12948091.2977 7579765.9867, -12948459.6129 7579855.625, -12948487.1552 7579716.5097, -12948580.9931 7579496.4935, -12948619.9437 7579277.4928, -12949070.3971 7578522.6036, -12949178.7486 7578292.605, -12949287.944 7578200.2566, -12949725.3181 7578375.8293, -12949882.8858 7578751.5416, -12950009.4168 7578828.0462, -12950205.465 7579090.8738, -12950311.8564 7579195.2511, -12950425.6947 7579277.0706, -12950512.9568 7579396.7168, -12950547.2707 7579540.7708, -12950523.3572 7579686.9242, -12950444.9299 7579812.4598, -12950090.9639 7580045.90919999, -12950144.6682 7580290.348, -12950149.8154 7580557.3425, -12950247.7861 7581030.3021, -12950272.975 7582335.8208, -12950571.9572 7582478.4452, -12951047.4733 7582558.253, -12951372.6296 7582522.2271, -12951524.1541 7582697.3812, -12951792.9814 7582810.8677, -12952056.6008 7582657.2722, -12952229.0537 7582386.721, -12952463.0391 7582233.7012, -12953232.9164 7582218.5243, -12953409.995 7582185.3384, -12953554.5359 7582004.375, -12953575.3665 7581558.7251, -12953720.4774 7581407.4426, -12953775.5903 7581198.5852), (-12983252.2549 7582873.9081, -12983412.0777 7582756.0264, -12983543.9558 7582607.4069, -12983668.3368 7582524.6905, -12983813.5478 7582496.8501, -12983958.212 7582527.4117, -12984079.8496 7582611.6268, -12984160.9837 7582730.136, -12984261.8099 7582727.7355, -12984448.0242 7582647.8977, -12984485.6243 7582647.0013, -12984597.0822 7582587.7928, -12984633.7867 7582549.2171, -12984741.2106 7582320.4574, -12984726.4306 7581698.8065, -12984778.7922 7581527.9275, -12984777.8963 7581490.25419999, -12984902.7533 7581204.5669, -12984901.8569 7581166.895, -12984919.7569 7581128.7744, -12984956.4528 7581090.2044, -12985010.1509 7580975.8434, -12985064.7444 7580899.154, -12985193.1725 7580764.16099999, -12985230.3145 7580744.4266, -12985266.5579 7580687.0224, -12985395.8777 7580589.69879999, -12985542.6398 7580435.4213, -12985615.1188 7580320.6151, -12985743.0776 7580166.79, -12985798.5588 7580127.7699, -12985864.0135 7580039.6503, -12985804.1328 7579967.8147, -12985626.6494 7579831.8669, -12985546.5935 7579813.4736, -12985471.4211 7579815.2757, -12985357.764 7579780.3125, -12985301.3848 7579781.6628, -12985225.3148 7579745.7978, -12985186.8314 7579709.0326, -12985127.7609 7579597.3889, -12985126.8636 7579559.7249, -12985107.1739 7579522.5109, -12985102.2396 7579315.3637, -12985137.5802 7579220.3087, -12985136.2343 7579163.8157, -12985277.5874 7578783.6085, -12985332.1631 7578706.9391, -12985378.7435 7578586.90779999, -12985222.9116 7578415.7049, -12985030.3842 7578287.364, -12984828.7214 7578213.275, -12984529.0837 7578189.5591, -12984359.1628 7578159.516, -12984221.2002 7578070.6096, -12984166.0108 7577995.6315, -12984121.9827 7577837.2967, -12984140.4149 7577690.3903, -12984214.0728 7577562.0412, -12984374.922 7577408.3252, -12984499.6161 7577213.2212, -12984557.8907 7577058.1634, -12984599.1543 7576861.2003, -12984633.5159 7576785.9791, -12984447.8571 7576724.9953, -12984238.9765 7576591.1519, -12984105.3654 7576525.4438, -12983930.7184 7576474.7934, -12983749.637 7576458.4633, -12983601.3395 7576471.0899, -12983482.593 7576497.00680001, -12983406.9234 7576540.0646, -12983335.0517 7576506.928, -12983245.9459 7576491.1594, -12983108.0257 7576402.2515, -12983052.8594 7576327.2815, -12983034.6063 7576261.6024, -12982810.9683 7576368.8737, -12982608.4006 7576314.329, -12982437.9969 7576116.6423, -12982432.7094 7575891.3386, -12982466.5627 7575705.4414, -12982324.1351 7575760.231, -12982181.8967 7575860.1694, -12981988.6615 7575840.5668, -12981934.846 7575600.3604, -12981955.5397 7575454.9948, -12982164.931 7575136.1747, -12982302.2315 7574967.8086, -12982133.6004 7574747.6124, -12981880.7039 7574563.7565, -12981355.7102 7574386.2751, -12981222.8077 7574270.7666, -12981192.7918 7573998.6489, -12981258.5603 7573825.4068, -12981216.0935 7573855.5144, -12981045.6596 7573897.3314, -12980907.5512 7573952.7879, -12980793.3811 7574019.738, -12980677.4824 7574113.2334, -12980567.6052 7574236.9615, -12980480.8341 7574377.9314, -12980415.1982 7574547.7895, -12980373.9267 7574754.3011, -12980298.0216 7574873.1976, -12980183.0259 7574954.7036, -12980005.9411 7574998.5943, -12980002.7701 7575084.3271, -12979984.8594 7575122.4066, -12979986.6022 7575197.6931, -12979915.8283 7575387.65879999, -12979918.4416 7575500.5927, -12979883.4884 7575614.40119999, -12979885.2304 7575689.6925, -12979850.2757 7575803.5035, -12979851.1466 7575841.1501, -12979797.4067 7575955.3995, -12979760.7087 7575993.9191, -12979612.6088 7576091.5258, -12979538.3401 7576130.9164, -12979500.7709 7576131.7875, -12979352.2308 7576210.5666, -12979314.661 7576211.4368, -12979277.5255 7576231.1311, -12979089.6766 7576235.4785, -12979051.6732 7576217.523, -12978976.5337 7576219.2603, -12978824.5228 7576147.4358, -12978747.6529 7576073.8747, -12978709.6513 7576055.9179, -12978690.0015 7576018.7038, -12978652.0001 7576000.7469, -12978570.1111 7575845.6547, -12978426.4079 7575759.9997, -12978255.7743 7575697.1436, -12978125.7569 7575672.5616, -12977714.8112 7575862.6242, -12977638.7223 7575985.6134, -12977544.7512 7576408.6793, -12977821.9212 7576524.9514, -12977861.5074 7576944.7152, -12977504.5363 7577148.773, -12977147.0337 7577612.6413, -12976774.8394 7577769.4413, -12976807.3939 7577940.9833, -12976788.792 7578182.9506, -12976741.7064 7578232.335, -12976500.7887 7578237.8306, -12976253.8507 7577977.7573, -12976218.0019 7577918.0784, -12976037.7914 7577934.2608, -12975922.7047 7578015.7363, -12975774.5759 7578049.5418, -12975741.0249 7578044.32109999, -12975575.9148 7578280.8246, -12975540.137 7578336.6627, -12975448.9517 7578816.8643, -12976001.1159 7578650.0512, -12976022.8703 7578681.197, -12976129.5983 7579444.55349999, -12976269.825 7579825.2623, -12976203.1083 7580132.689, -12976067.3107 7580257.3262, -12976215.76 7580325.7464, -12976459.2144 7580374.0273, -12976586.0311 7580450.1058, -12976673.6536 7580569.3908, -12976708.4612 7580713.344, -12976685.0419 7580859.5957, -12976607.0325 7580985.4133, -12976256.0755 7581234.3412, -12976150.4035 7581339.502, -12976070.0323 7581447.8624, -12975942.2173 7581373.4033, -12975819.1929 7581324.3402, -12975477.7161 7581255.0067, -12975425.64 7581226.2334, -12975348.7058 7581121.4635, -12975311.3632 7581442.6696, -12975233.3253 7581568.483, -12975112.8243 7581654.2941, -12974910.4929 7581699.8408, -12974863.8337 7581687.2027, -12974685.1221 7581571.724, -12974629.9995 7581496.6428, -12974573.1757 7581291.3103, -12974584.7034 7581201.1086, -12974667.8806 7581053.4428, -12974768.8902 7580968.0631, -12974907.067 7580926.5484, -12975278.3118 7580982.4408, -12975266.4247 7580816.6303, -12975240.4952 7580686.5234, -12975196.7499 7580561.3008, -12975123.9385 7580415.3438, -12974503.5891 7580271.83470001, -12974513.475 7580407.9179, -12974542.1253 7580547.9681, -12974515.3468 7580697.8275, -12974439.2927 7580816.7591, -12974324.1461 7580898.2415, -12974175.9489 7580931.7831, -12973967.3567 7580913.5373, -12973770.5564 7580938.7438, -12973568.3686 7581011.6172, -12973381.2331 7581129.8638, -12973233.0272 7581163.3884, -12973083.4759 7581136.5252, -12972944.3024 7581047.1163, -12972831.9924 7580944.9421, -12972787.4349 7581112.1037, -12972777.8188 7581360.1924, -12972832.6087 7581602.3294, -12972938.6276 7581808.3757, -12973108.2266 7582000.451, -12973162.4718 7581733.7378, -12973500.6412 7581543.4362, -12973972.4869 7581188.7816, -12974380.2546 7581237.2999, -12974562.8078 7581689.2628, -12974813.1961 7582094.1034, -12975120.5623 7582391.3425, -12975263.2918 7582865.3668, -12975759.5694 7583387.8481, -12975756.8538 7583460.5022, -12975851.0005 7583395.5414, -12975987.8042 7583184.5545, -12976136.4084 7582766.1265, -12976246.997 7582611.579, -12976434.6067 7582551.9865, -12976588.252 7582579.0794, -12976717.5276 7582677.4815, -12976794.8734 7582769.9658, -12976856.4205 7582994.7656, -12976941.7854 7583094.001, -12977334.1894 7583175.4888, -12977493.6181 7583269.3654, -12977630.549 7583328.14459999, -12978051.8827 7583424.2153, -12978173.4707 7583508.5342, -12978301.4154 7583700.3228, -12978427.4165 7583831.9104, -12978576.1623 7583936.9867, -12978742.1864 7584011.6885, -12978935.8267 7584055.3438, -12979117.782 7584059.0919, -12979297.1068 7584027.9754, -12979458.4642 7583967.3803, -12979650.0941 7583917.3975, -12979873.1501 7583955.5929, -12979931.4195 7584025.2516, -12979957.3293 7583860.8673, -12979955.0915 7583764.2299, -12980041.915 7583603.4193, -12980261.8192 7583688.1509, -12980482.116 7583606.9247, -12980527.8387 7583858.8959, -12980700.7851 7583943.1692, -12980859.3252 7583990.7257, -12980990.596 7584008.426, -12981138.5855 7584006.326, -12981530.9912 7584083.5569, -12981778.7087 7584075.5733, -12981907.5875 7584044.9407, -12982030.9563 7583996.6304, -12982239.1758 7583861.9259, -12982405.5013 7583677.8073, -12982494.1501 7583518.5442, -12982538.691 7583393.5532, -12982566.1087 7583258.4077, -12982639.8598 7583129.9553, -12982757.3971 7583040.0665, -12983071.4627 7582955.9123, -12983252.2549 7582873.9081)), ((-12926511.6087 7583671.8549, -12926739.1124 7583620.6665, -12926955.2409 7583552.4154, -12927285.1214 7583421.6008, -12927450.0615 7583438.6635, -12927393.1855 7583541.0402, -12927233.933 7583626.3541, -12927233.933 7583614.9789, -12927086.0556 7583671.8549, -12926761.8629 7583711.6679, -12926528.6714 7583785.6066, -12926164.6655 7583842.4827, -12926028.1632 7583802.6695, -12926261.3547 7583768.5438, -12926511.6087 7583671.8549)), ((-12924156.945 7584257.677, -12924316.1977 7584212.1762, -12924378.7613 7584234.9266, -12924350.3232 7584342.9908, -12924333.2605 7584348.67849999, -12924156.9451 7584360.0536, -12924083.0064 7584286.1149, -12924156.945 7584257.677)))"
51,21033,1233,2023-10-15 06:33:14,HWF130, ,6291.2,2023-07-25,1630,0 - hand sketch of any type,Wildfire,Being Held,2023/10/10 16:49:24,E,5555.0,1689263400000,Lightning,5,a7162502-0f4d-46e4-a99e-9ce79e765b4a,242936607.757813,74652.8610529916,"POLYGON ((-13347450.2045 8281085.4748, -13347415.3389 8280870.42239999, -13347275.3978 8280444.6872, -13347268.5779 8280258.5146, -13347245.3167 8280115.0153, -13347124.1685 8279737.2824, -13347136.3275 8279575.4476, -13347209.9795 8279430.9, -13347333.675 8279326.1011, -13347488.1898 8279277.3353, -13347665.9703 8279287.0223, -13347846.2033 8279267.3228, -13348191.2779 8279166.9622, -13348238.6647 8279126.8041, -13348565.8742 8279015.0366, -13348637.6217 8278975.633, -13348893.1895 8278752.9572, -13348967.6925 8278596.47609999, -13349245.3509 8278314.2319, -13349346.4051 8278185.8744, -13349460.5338 8277959.1566, -13349517.9173 8277707.6798, -13349600.8798 8277568.3333, -13349731.1541 8277471.9367, -13349888.4961 8277433.467, -13350083.0167 8277464.397, -13350251.5821 8277518.1026, -13350425.6643 8277547.0575, -13350409.9284 8277334.7959, -13350352.6035 8277129.0238, -13350364.6891 8276967.2421, -13350468.7058 8276718.72249999, -13350507.2675 8276467.8174, -13350495.8172 8276192.0196, -13350270.9052 8276157.1602, -13350068.9002 8276040.9867, -13350004.37 8275961.9992, -13349866.7304 8275510.0469, -13349795.881 8275362.8542, -13349708.3597 8275235.3676, -13349651.3982 8275064.3506, -13349663.497 8274902.6151, -13349737.0548 8274758.1356, -13349860.6372 8274653.3632, -13350328.4094 8274515.3877, -13350474.0628 8274441.8556, -13350686.7407 8274294.3584, -13350903.3205 8274225.8994, -13351030.8251 8274237.5748, -13351096.9858 8274079.5124, -13351138.8508 8273847.5477, -13351130.3128 8273630.0609, -13351082.9546 8273436.21159999, -13350967.8036 8273154.1283, -13350983.8338 8272939.3423, -13351057.3471 8272794.889, -13351181.6937 8272689.4319, -13351408.52 8272578.2725, -13351594.5512 8272532.7464, -13351819.7764 8272513.004, -13352010.5107 8272455.4709, -13352201.8556 8272352.4383, -13352426.4976 8272169.332, -13352580.8282 8272120.5115, -13352742.0024 8272135.2339, -13353213.5365 8272370.6119, -13353536.9325 8272437.0688, -13353750.5953 8272564.7514, -13353918.862 8272631.9225, -13354060.9208 8272658.8788, -13354135.4542 8272564.6452, -13354266.209 8272467.7724, -13354423.4193 8272429.2353, -13354590.6515 8272455.72429999, -13354748.2292 8272521.4528, -13354910.9995 8272375.3158, -13354999.6889 8272260.4423, -13355071.5533 8272134.3234, -13355130.5621 8271982.0625, -13355164.8733 8271823.766, -13355240.6435 8271674.6705, -13355364.0957 8271569.85279999, -13355518.3923 8271520.9756, -13355679.5578 8271535.633, -13355822.5449 8271611.54689999, -13356074.3734 8271899.5903, -13356216.6791 8271864.67019999, -13356429.0213 8271898.2514, -13356623.9446 8272004.9076, -13356794.4579 8272066.0839, -13356954.927 8272095.0184, -13357117.939 8272098.4464, -13357288.5409 8272071.9937, -13357551.2454 8271964.6438, -13357685.1256 8271871.4258, -13357802.7968 8271758.3751, -13357911.0236 8271612.905, -13358029.1168 8271388.1557, -13358152.5234 8271283.2965, -13358306.7942 8271234.3636, -13358467.9573 8271248.9596, -13358610.9659 8271324.816, -13358713.5983 8271450.14769999, -13358759.9009 8271605.4777, -13358735.0967 8271855.0049, -13358742.3986 8272036.2896, -13358775.7713 8272196.1635, -13358833.7015 8272348.8422, -13358990.5654 8272587.3514, -13359226.6675 8272660.7481, -13359476.4784 8272686.5982, -13359666.4942 8272787.3534, -13359724.5942 8272866.265, -13359891.6806 8272881.3641, -13360562.3759 8273237.3236, -13360680.4008 8273381.3724, -13360749.4609 8273509.6169, -13360801.6016 8273684.3503, -13360784.4164 8273845.5901, -13360717.5381 8273998.75199999, -13360759.839 8274025.6363, -13360854.0508 8274157.5069, -13360890.0645 8274315.6095, -13360854.3481 8274498.4823, -13360892.3558 8274400.1809, -13360926.3914 8274216.4675, -13361000.0161 8274071.3116, -13361123.423 8273966.3648, -13361277.728 8273917.3512, -13361438.9538 8273931.8858, -13361582.0439 8274007.7098, -13361684.7638 8274133.04339999, -13361731.1465 8274288.4084, -13361713.9009 8274449.9166, -13361653.3327 8274581.9173, -13361611.7438 8274721.0783, -13361561.5069 8275128.273, -13361483.4465 8275270.3642, -13361348.4749 8275377.671, -13361040.0127 8275535.5464, -13361145.6701 8275628.1073, -13361369.154 8275752.838, -13361505.6302 8275919.3656, -13361552.0214 8276074.7693, -13361533.3487 8276312.7823, -13361721.8942 8276350.7199, -13361859.7184 8276435.8733, -13361953.9813 8276567.7713, -13362041.9664 8276939.4909, -13362128.0749 8277139.42, -13362207.7971 8277260.8203, -13362237.549 8277293.3827, -13362364.9278 8277335.017, -13362522.7681 8277418.6292, -13362792.4516 8277722.9079, -13363119.8581 8277940.185, -13363214.1628 8278072.0925, -13363250.2478 8278230.2649, -13363226.3668 8278403.5377, -13363227.1776 8278537.7725, -13363466.2881 8278626.8868, -13363942.4627 8278678.6646, -13364105.7795 8278760.2628, -13364246.9574 8278807.6664, -13364395.5616 8278899.4077, -13364489.9013 8279031.31499999, -13364555.8647 8279290.4231, -13364648.9832 8279487.248, -13364795.63 8279686.757, -13364866.4206 8279443.3771, -13364878.1595 8279298.4994, -13364869.6564 8279153.3981, -13364836.1174 8278993.4064, -13364747.3596 8278726.3072, -13364759.1317 8278564.4757, -13364832.4252 8278419.7817, -13364955.8472 8278314.7089, -13365110.2145 8278265.5846, -13365271.5405 8278280.0413, -13365414.7531 8278355.8321, -13365518.1706 8278481.8791, -13365583.0782 8278637.1687, -13365669.2296 8278776.0047, -13365763.2 8278886.7447, -13365871.6442 8278983.306, -13365941.9731 8279025.1612, -13366023.0822 8278979.4385, -13366296.0571 8278757.1575, -13366450.4239 8278708.0022, -13366611.7615 8278722.4302, -13366754.9958 8278798.1988, -13366880.176 8278950.7132, -13367011.3948 8279155.8441, -13367204.0303 8279337.7141, -13367324.313 8279484.2428, -13367370.8497 8279639.6802, -13367346.9257 8279866.0974, -13367276.1225 8280075.4883, -13367201.5372 8280499.3612, -13367149.5277 8280587.1952, -13367008.7347 8280699.31059999, -13366852.7912 8280743.3508, -13366687.2376 8280734.18419999, -13366507.0318 8280754.3475, -13366350.0212 8280799.0679, -13366201.9247 8280867.8399, -13366052.252 8280970.3847, -13365910.2409 8281103.4505, -13365719.0359 8281192.3791, -13365663.8998 8281292.88099999, -13365537.0377 8281393.862, -13365420.2526 8281431.4925, -13365376.1469 8281477.8306, -13365262.0646 8281663.3268, -13365198.1476 8281833.3367, -13365164.6705 8282011.8863, -13365164.1916 8282211.67629999, -13365200.7915 8282412.155, -13365160.9709 8282641.9476, -13365017.6854 8282849.4597, -13364936.1138 8283031.8004, -13364893.3417 8283208.3773, -13364855.7835 8283561.5494, -13364858.2355 8283725.1128, -13364890.8594 8283903.8681, -13364953.977 8284074.2361, -13365038.4139 8284220.9107, -13365100.2108 8284427.5378, -13365084.5507 8284575.3369, -13365123.6032 8284705.9116, -13365106.4935 8284867.3988, -13365023.2507 8285035.97739999, -13364975.1208 8285192.3266, -13364951.9982 8285354.2967, -13364952.9145 8285499.7661, -13364974.0328 8285643.6949, -13365021.4133 8285800.2878, -13365101.9871 8285963.153, -13365202.9412 8286102.3948, -13365249.4789 8286257.9842, -13365232.3692 8286419.5055, -13365153.2466 8286576.2056, -13365098.2636 8286749.4484, -13365076.4507 8286893.298, -13365074.8352 8287038.7915, -13365097.1853 8287200.9112, -13365151.3462 8287374.42979999, -13365225.1736 8287520.4333, -13365335.2285 8287679.2205, -13365371.411 8287837.5849, -13365340.6267 8288015.2771, -13365288.3948 8288103.4413, -13365180.523 8288205.1898, -13365079.6173 8288333.9339, -13364893.3728 8288677.7896, -13364752.3936 8288789.9892, -13364596.2665 8288834.0346, -13364206.715 8288786.3477, -13364043.3357 8288783.0787, -13363881.4566 8288805.4491, -13363708.1925 8288859.6853, -13363531.6898 8288953.111, -13363376.2204 8289078.5551, -13363247.4963 8289231.4118, -13363140.5517 8289414.9621, -13363013.5174 8289516.015, -13362857.3638 8289560.0285, -13362696.363 8289540.1602, -13362537.0864 8289464.071, -13362380.114 8289418.5149, -13362108.9496 8289398.764, -13361828.7143 8289452.558, -13361614.8556 8289426.1355, -13361357.9339 8289337.83529999, -13361141.2713 8289316.3005, -13360752.994 8289369.9101, -13360516.7232 8289434.9784, -13360250.0077 8289401.9763, -13360125.133 8289320.6602, -13360031.7142 8289226.1083, -13359982.5068 8289157.2238, -13359909.5164 8288993.9687, -13359749.8539 8288972.4078, -13359515.284 8288996.3628, -13359375.8445 8289037.2602, -13359243.442 8289097.1975, -13359120.6527 8289175.009, -13359009.8661 8289269.1812, -13358902.2522 8289392.3894, -13358806.8958 8289547.1432, -13358739.8112 8289716.1363, -13358698.1504 8289912.771, -13358645.975 8290000.6607, -13358504.8734 8290112.7638, -13358348.6777 8290156.68639999, -13358187.6738 8290136.718, -13358046.8885 8290055.9631, -13357762.9083 8289651.5957, -13357647.7351 8289535.4392, -13357515.8439 8289438.7601, -13357285.2104 8289332.5147, -13357144.0426 8289298.0479, -13356894.0861 8289265.8948, -13356630.3053 8289141.2591, -13356489.1438 8289106.7805, -13356021.298 8289068.4837, -13355799.5759 8288959.8666, -13355570.0273 8288905.892, -13355386.7282 8288900.58389999, -13354879.9349 8288829.8274, -13354635.1407 8288838.589, -13354354.5917 8288805.5109, -13354304.3393 8288867.8112, -13354175.4162 8288970.1146, -13354019.2164 8289013.9388, -13353858.2467 8288993.8781, -13353702.0358 8288904.1521, -13353637.3518 8288825.0635, -13353623.3142 8288782.9998, -13353412.6595 8288758.1398, -13353267.4037 8288761.371, -13353107.9865 8288785.8626, -13352894.1723 8288759.1885, -13352737.9776 8288669.4446, -13352673.3058 8288590.34969999, -13352614.9869 8288415.5188, -13352604.4334 8288243.7818, -13352568.3254 8288084.1394, -13352499.5498 8287915.8688, -13352413.531 8287776.7044, -13352306.8424 8287652.7337, -13352196.7692 8287557.7689, -13352094.9918 8287494.5385, -13351930.115 8287480.6612, -13351789.4461 8287399.8126, -13351649.5967 8287216.693, -13351539.0726 8287035.3296, -13351417.0287 8286900.7709, -13351273.5178 8286789.4849, -13350995.4113 8286626.63579999, -13350765.6416 8286396.0737, -13350521.2581 8286240.2359, -13350339.4702 8286187.2261, -13350121.9591 8286062.1478, -13350057.338 8285983.0563, -13350000.3542 8285812.0214, -13350018.0502 8285484.6606, -13349972.0517 8285216.3737, -13349903.3628 8285048.1416, -13349796.3169 8284880.9914, -13349701.1028 8284543.629, -13349581.0559 8284319.7527, -13349431.7459 8284155.0403, -13349213.8296 8284104.4776, -13349057.7773 8284014.7083, -13348968.8226 8283909.3611, -13348585.9583 8283852.4147, -13348429.9187 8283762.635, -13348365.3362 8283683.5523, -13348307.1847 8283508.8747, -13348293.9964 8283318.6782, -13348249.4006 8283142.5407, -13348127.2077 8282899.4925, -13347960.0418 8282708.4094, -13347730.8494 8282550.6987, -13347550.0744 8282345.1007, -13347370.1764 8282211.33, -13347271.6637 8282082.1727, -13347230.6909 8281925.10329999, -13347253.5035 8281764.3809, -13347341.0433 8281610.1494, -13347298.8456 8281483.333, -13347311.0027 8281321.4601, -13347384.6677 8281176.8764, -13347449.0648 8281122.3144, -13347450.2045 8281085.4748))"
52,21036,883,2023-10-15 06:33:14,PWF074, ,101.2,2023-07-03,1840,1 - non-corrected ground GPS,Wildfire,Under Control,2023/07/28 19:00:00,D,101.2,1687967160000,Human,5,ddecfef9-62de-485f-bc68-d4f70d98a548,3310062.7890625,12696.8551774759,"MULTIPOLYGON (((-12932115.3127 7650121.7458, -12932104.7672 7650101.5909, -12932119.2366 7650033.3909, -12932096 7650027.2354, -12932040.2704 7650096.1322, -12932011.5372 7650100.7047, -12931951.1948 7650017.0662, -12931906.0106 7649985.2273, -12931813.6408 7650060.727, -12931758.0674 7650057.2441, -12931732.0137 7650021.2437, -12931678.2846 7649998.0163, -12931649.4647 7649966.1562, -12931598.2364 7649950.6753, -12931587.0832 7649952.197, -12931571.3177 7650014.3797, -12931507.5432 7650008.2394, -12931375.6403 7650030.9709, -12931265.3451 7649942.9649, -12931261.1549 7649900.437, -12931313.9761 7649828.6123, -12931444.9567 7649812.4642, -12931538.129 7649777.3583, -12931549.1007 7649763.6283, -12931543.7763 7649728.3096, -12931491.4716 7649689.5076, -12931459.4561 7649729.8182, -12931424.9307 7649747.6587, -12931284.9075 7649738.8388, -12931255.9991 7649716.1309, -12931227.6818 7649645.8586, -12931183.238 7649633.6923, -12931108.2085 7649697.8436, -12931080.7676 7649664.26, -12931051.3506 7649661.4867, -12931006.8783 7649722.6194, -12930936.136 7649685.771, -12930913.5813 7649881.1126, -12930822.956 7650059.3484, -12930807.4523 7650118.5145, -12930688.3613 7650119.1043, -12930637.8848 7650095.4406, -12930542.7562 7650136.0498, -12930378.4456 7650055.0101, -12930573.2529 7649436.8362, -12930720.9253 7649366.7294, -12930821.2495 7649296.9739, -12930748.8443 7649206.7764, -12930746.4061 7649139.4434, -12930713.8811 7649106.1501, -12930711.8269 7649071.4096, -12930688.2575 7649033.7181, -12930680.9239 7648993.3976, -12930701.6948 7648899.7694, -12930713.1464 7648895.3524, -12930787.1293 7648959.6392, -12930865.9356 7648993.32639999, -12930929.3373 7649059.5981, -12930943.3322 7649101.6022, -12930932.6204 7649205.0464, -12930968.4961 7649216.0986, -12931069.866 7649178.4723, -12931084.6841 7649189.7721, -12931136.7102 7649076.9313, -12931182.0141 7649031.7923, -12931197.6694 7648989.7842, -12931270.8456 7648950.1141, -12931255.4167 7648881.2744, -12931320.4905 7648798.0145, -12931276.3881 7648762.7169, -12931269.4696 7648736.9162, -12931306.2313 7648739.494, -12931315.4223 7648783.0493, -12931381.3453 7648827.6487, -12931437.3913 7648762.0213, -12931494.6602 7648750.0543, -12931550.1088 7648705.5916, -12931628.9208 7648751.3736, -12931655.4489 7648743.5774, -12931672.304 7648713.3312, -12931667.144 7648679.9739, -12931619.4288 7648632.5604, -12931551.29 7648629.82, -12931497.1281 7648524.7822, -12931417.5915 7648537.6092, -12931365.666 7648516.0246, -12931324.6391 7648567.209, -12931282.6869 7648579.7982, -12931267.4632 7648570.7994, -12931267.2674 7648524.3188, -12931358.6808 7648513.3139, -12931410.2343 7648532.9357, -12931488.1251 7648520.9116, -12931539.9432 7648467.9894, -12931622.4168 7648486.1082, -12931618.7353 7648447.352, -12931641.466 7648425.6841, -12931878.5215 7648414.6466, -12931964.47 7648440.8144, -12932024.1023 7648390.5907, -12932068.1152 7648291.5625, -12932108.7033 7648292.3275, -12932171.222 7648327.4788, -12932270.1697 7648332.931, -12932314.9629 7648321.0379, -12932342.6459 7648292.2905, -12932446.7525 7648361.1169, -12932574.3862 7648417.53939999, -12932605.8218 7648442.6399, -12932627.1926 7648508.9102, -12932652.8749 7648537.2606, -12932764.8736 7648570.6661, -12932761.2641 7648626.5461, -12932795.2338 7648672.3958, -12932822.3667 7648674.366, -12932857.8373 7648721.3372, -12932957.2719 7648803.1197, -12933022.0949 7648817.905, -12933041.5779 7648878.7484, -12933083.4577 7648932.4855, -12933169.0625 7648961.72429999, -12933216.549 7648995.3521, -12933248.9021 7649048.1313, -12933254.3429 7649110.807, -12933346.1855 7649133.984, -12933413.3383 7649182.9675, -12933393.6252 7649281.4752, -12933455.6747 7649301.4652, -12933475.7003 7649318.4304, -12933480.8658 7649346.2085, -12933313.286 7649518.6702, -12933258.4267 7649533.3667, -12933228.2663 7649569.2151, -12933134.857 7649611.4641, -12933112.0058 7649679.8954, -12933067.2798 7649741.2118, -12933043.5966 7649743.8352, -12933029.7701 7649774.2406, -12932943.4486 7649769.9717, -12932760.0842 7649835.1498, -12932679.7705 7649786.8632, -12932571.5007 7649777.3163, -12932514.4269 7649800.9129, -12932455.1773 7649801.4243, -12932437.4142 7649812.6158, -12932429.0356 7649860.3399, -12932352.2574 7649895.8869, -12932367.7032 7649945.9411, -12932348.6901 7649999.1698, -12932384.9437 7650047.2227, -12932369.7903 7650072.8129, -12932298.4405 7650090.9217, -12932253.2438 7650055.2931, -12932231.1391 7650092.2461, -12932115.3127 7650121.7458)), ((-12931856.8439 7650328.0325, -12931802.5092 7650322.2796, -12931787.7856 7650277.1528, -12931870.0466 7650265.7666, -12931912.3835 7650323.7787, -12931875.6047 7650319.9328, -12931866.2059 7650336.8333, -12931856.8439 7650328.0325)), ((-12932077.1552 7650313.8909, -12932048.204 7650306.974, -12932028.9474 7650318.8323, -12931994.0889 7650303.2644, -12932005.0466 7650238.0398, -12932023.2484 7650240.2238, -12932026.7124 7650210.9423, -12932066.6782 7650229.6472, -12932089.8356 7650270.1353, -12932116.2085 7650251.6901, -12932146.4974 7650291.7995, -12932133.8729 7650301.8952, -12932140.1857 7650315.2937, -12932121.9632 7650310.9294, -12932111.4812 7650333.7308, -12932077.1552 7650313.8909)))"
53,21037,696,2023-10-15 06:33:14,RWF034,OChiese,87519.5,2023-06-14,1145,0 - hand sketch of any type,Wildfire,Under Control,2023/07/17 11:00:00,E,87492.0,1683219540000,Lightning,1,b6b2f355-ec87-4dca-9d03-bace336e88bd,2407535950.47656,611397.834974959,"POLYGON ((-12941018.6936 6960392.0038, -12940936.3427 6960347.846, -12940930.9891 6960327.7215, -12940920.2649 6960342.8853, -12940936.3427 6960347.846, -12940961.18 6960461.4439, -12940936.015 6960533.3438, -12940962.1502 6960614.0415, -12940899.3081 6960692.9929, -12940855.2246 6960693.1559, -12940757.1591 6960640.7467, -12940662.4857 6960504.7802, -12940578.2111 6960429.5876, -12940578.6682 6960356.5909, -12940609.2915 6960281.6238, -12940591.0593 6960234.0219, -12940597.0498 6960136.322, -12940618.7995 6960117.9092, -12940753.5907 6960088.2493, -12940786.1921 6960010.757, -12940754.2438 6959957.939, -12940731.2997 6959949.0885, -12940682.2482 6959962.1596, -12940563.0207 6960016.4694, -12940560.8433 6960036.6061, -12940218.272 6960182.8383, -12940232.5463 6960269.0393, -12940213.577 6960352.7567, -12940271.8937 6960438.0289, -12940298.5514 6960506.2644, -12940213.9688 6960687.4114, -12940264.3638 6960751.9925, -12940336.6487 6960801.4761, -12940355.8233 6960858.9691, -12940327.2154 6960903.3202, -12940298.4302 6960915.1867, -12940264.2706 6960904.7349, -12940245.3293 6960868.2536, -12940188.7479 6960852.5217, -12940176.7114 6960873.0233, -12940176.534 6960971.0337, -12940095.5157 6961056.707, -12940117.7788 6961076.2815, -12940215.1724 6961019.6375, -12940305.2416 6961008.3041, -12940433.9399 6961109.3311, -12940453.9728 6961170.5603, -12940524.5316 6961204.9322, -12940525.959 6961303.2714, -12940458.1343 6961393.1694, -12940435.7407 6961384.5258, -12940372.0213 6961411.3453, -12940305.4654 6961365.8087, -12940281.1218 6961326.3643, -12940250.9649 6961322.4447, -12940173.8468 6961384.263, -12940156.9862 6961412.7061, -12940218.1116 6961481.1586, -12940212.027 6961519.4366, -12940155.9552 6961566.0801, -12940164.9551 6961596.8733, -12940297.6578 6961782.7675, -12940325.5572 6961798.3509, -12940406.7597 6961797.9298, -12940440.0676 6961822.8135, -12940441.168 6961974.0945, -12940453.3528 6962008.8323, -12940469.373 6961997.8448, -12940488.7777 6961919.0272, -12940527.7017 6961907.7407, -12940594.5928 6961924.517, -12940650.074 6961963.8804, -12940687.936 6962078.5464, -12940776.1208 6962214.8927, -12940790.0902 6962222.6246, -12940940.0792 6962184.8193, -12941030.183 6962205.4089, -12941071.1196 6962235.3683, -12941082.6313 6962352.8566, -12941058.4455 6962389.6609, -12940989.0286 6962416.8043, -12940978.8328 6962435.4571, -12941110.2696 6962613.0823, -12941155.0827 6962737.9088, -12941210.1325 6962832.5157, -12941194.334 6962869.4251, -12941117.9416 6962859.865, -12940958.4565 6962767.6874, -12940859.3277 6962735.7729, -12940695.794 6962776.9943, -12940514.2967 6962767.3243, -12940339.6241 6962705.303, -12940300.7905 6962670.5059, -12940264.7062 6962610.2054, -12939987.2259 6962774.3253, -12939877.4603 6962733.8187, -12939765.7812 6962670.8294, -12939466.1468 6962435.3784, -12939356.6585 6962389.2335, -12939254.7335 6962381.9633, -12939169.1761 6962410.8228, -12939102.4253 6962469.2917, -12939067.9915 6962542.8584, -12939061.117 6962622.0895, -12939095.7332 6962742.9616, -12939141.1827 6962824.8088, -12939306.583 6962997.6538, -12939408.0781 6963139.9277, -12939411.0338 6963182.6174, -12939388.1258 6963250.6809, -12939296.2271 6963333.6221, -12939254.8723 6963349.9684, -12939231.1559 6963340.2205, -12939170.3195 6963262.14590001, -12939093.0372 6963227.6834, -12939018.4451 6963248.729, -12938972.6805 6963232.9352, -12938905.9974 6963247.1776, -12938847.2241 6963308.511, -12938819.8843 6963310.0185, -12938710.8263 6963217.6799, -12938649.376 6963196.1062, -12938569.2709 6963097.892, -12938591.3413 6962969.9735, -12938581.235 6962908.4674, -12938568.679 6962878.3707, -12938444.0575 6962733.4327, -12938488.9537 6962589.5908, -12938486.1232 6962554.4972, -12938426.8675 6962520.0496, -12938373.5258 6962406.0008, -12938363.4227 6962350.6768, -12938247.256 6962298.4926, -12938256.2185 6962268.3578, -12938243.9473 6962244.0956, -12938199.5522 6962217.0933, -12938179.8792 6962159.5584, -12938124.5104 6962141.0464, -12938112.7025 6962115.7555, -12938105.531 6962063.8253, -12938124.2272 6962042.2738, -12938146.2522 6962043.3436, -12938195.0996 6961960.5842, -12938207.558 6961894.73789999, -12938190.8034 6961846.3286, -12938196.2756 6961820.2259, -12938156.6283 6961732.893, -12938122.374 6961712.4273, -12938037.0972 6961693.8657, -12937957.8667 6961693.0061, -12937922.5431 6961722.7465, -12937868.3686 6961734.4136, -12937864.2078 6961767.9558, -12937834.7625 6961800.2643, -12937829.3327 6961843.5492, -12937782.1498 6961889.1297, -12937699.8254 6961863.713, -12937626.1847 6961879.7381, -12937607.2895 6961856.9442, -12937564.35 6961848.9712, -12937539.1453 6961860.7798, -12937516.1197 6961901.8235, -12937468.6721 6961907.6958, -12937385.8218 6961843.9556, -12937389.5643 6961763.9986, -12937373.4097 6961737.4057, -12937343.2348 6961720.4853, -12937231.2919 6961698.3343, -12936692.2377 6961968.1, -12936698.8282 6962012.2063, -12936656.829 6962072.9914, -12936738.8657 6962152.9981, -12936766.2926 6962204.7064, -12936809.7499 6962229.49979999, -12936859.4801 6962300.8452, -12936926.012 6962269.1137, -12936975.9153 6962233.6407, -12937002.929 6962192.6176, -12937025.0904 6962187.1265, -12937162.3286 6962291.2467, -12937204.7834 6962299.7642, -12937223.0121 6962327.8061, -12937241.543 6962332.4453, -12937284.7948 6962299.8455, -12937295.0554 6962242.9227, -12937368.6259 6962140.3938, -12937443.2247 6962156.4459, -12937522.85 6962216.5337, -12937510.6821 6962236.3761, -12937422.5406 6962221.823, -12937399.2966 6962257.7639, -12937432.0916 6962328.4971, -12937424.0473 6962367.4322, -12937456.1489 6962452.9158, -12937445.7994 6962508.9567, -12937459.9392 6962548.1043, -12937542.6076 6962653.6583, -12937536.6382 6962709.4613, -12937577.0953 6962833.156, -12937565.5441 6962844.6448, -12937376.5725 6962853.638, -12937306.5077 6962897.3403, -12937320.7784 6962933.6144, -12937356.2183 6962958.8462, -12937383.0533 6963007.2351, -12937389.3101 6963036.3672, -12937373.0295 6963089.1002, -12937381.9387 6963125.99, -12937439.4286 6963128.3953, -12937449.051 6963187.2301, -12937492.3589 6963206.1131, -12937501.5113 6963239.6149, -12937479.2827 6963266.9895, -12937431.4312 6963270.26519999, -12937418.9626 6963301.9172, -12937391.9022 6963310.1288, -12937324.5747 6963427.6143, -12937351.9931 6963549.9057, -12937426.9641 6963666.5158, -12937424.6134 6963682.4095, -12937461.7314 6963738.1851, -12937468.1427 6963782.4717, -12937449.3856 6963809.3633, -12937423.6768 6963819.0263, -12937343.7713 6963745.064, -12937280.2876 6963742.4557, -12937217.8296 6963670.0976, -12937224.874 6963646.7071, -12937200.6357 6963555.5768, -12937210.8788 6963527.3457, -12937254.1127 6963498.7102, -12937262.6489 6963467.3582, -12937243.5844 6963447.6627, -12937227.1306 6963487.2144, -12937201.6202 6963491.8991, -12937181.7743 6963473.8453, -12937190.1029 6963426.7122, -12937162.4899 6963350.8442, -12937153.7976 6963280.714, -12937206.4031 6963219.4914, -12937221.2163 6963162.6185, -12937158.3056 6963137.0892, -12937133.1145 6963080.116, -12937090.576 6963095.9808, -12937016.239 6963049.9202, -12936927.5994 6962933.6569, -12936941.346 6962880.3193, -12936837.1625 6962861.5666, -12936573.652 6962874.8253, -12936513.9819 6962794.5607, -12936437.6621 6962779.7175, -12936420.5354 6962800.7156, -12936419.1938 6962873.1981, -12936434.3003 6962942.298, -12936513.9631 6963000.767, -12936554.9346 6962995.2701, -12936586.1789 6963008.1581, -12936632.425 6963095.8009, -12936631.5245 6963124.9475, -12936586.0677 6963138.0328, -12936529.7892 6963102.9676, -12936503.6962 6963115.2718, -12936442.0652 6963186.8613, -12936408.0078 6963186.566, -12936349.259 6963160.2497, -12936289.7296 6963189.8897, -12936238.6253 6963236.604, -12936248.252 6963264.7739, -12936242.6745 6963342.6614, -12936179.3639 6963398.1595, -12936232.0041 6963521.7464, -12936298.6472 6963586.9491, -12936349.5631 6963590.5994, -12936344.2427 6963661.6334, -12936381.7724 6963682.7802, -12936521.1377 6963604.996, -12936541.8625 6963575.8323, -12936618.5602 6963559.1203, -12936629.7832 6963487.6844, -12936663.9434 6963447.7036, -12936737.306 6963431.8356, -12936896.1622 6963452.5083, -12936869.472 6963504.5528, -12936896.9033 6963535.2195, -12936872.0787 6963561, -12936859.1785 6963621.1879, -12936875.2015 6963640.4361, -12936914.4239 6963640.5994, -12936927.7403 6963665.3964, -12936976.8527 6963665.3952, -12937008.1961 6963687.5265, -12937017.4019 6963775.3835, -12936991.5756 6963805.8401, -12936989.5586 6963827.0804, -12937086.3984 6963876.00639999, -12937096.7591 6963898.8572, -12937067.9431 6963936.9422, -12937013.1791 6963961.7761, -12936983.334 6963957.2579, -12936946.7114 6964024.025, -12936947.6964 6964048.292, -12937076.3637 6964097.0506, -12937075.3274 6964153.1049, -12937040.244 6964172.2507, -12936963.5418 6964168.6367, -12936959.0091 6964224.6265, -12936945.0881 6964231.7336, -12936901.9622 6964224.0689, -12936900.366 6964177.5711, -12936740.9058 6964168.9663, -12936737.2065 6964230.1074, -12936773.8585 6964280.4478, -12936983.6393 6964316.0539, -12937096.1227 6964305.6561, -12937200.3861 6964334.1353, -12937252.5422 6964330.948, -12937327.1911 6964362.082, -12937450.175 6964483.8661, -12937575.7923 6964577.731, -12937708.0342 6964573.5205, -12937868.0153 6964595.5653, -12937907.3292 6964617.5848, -12938220.8235 6964628.1738, -12938283.5525 6964710.4039, -12938305.906 6964898.0688, -12938373.2196 6965041.8261, -12938376.1983 6965120.4149, -12938363.5231 6965161.6177, -12938311.3467 6965237.2294, -12938274.6009 6965267.6718, -12938064.7974 6965383.9739, -12937957.7014 6965477.9135, -12937934.4022 6965515.3052, -12937916.4494 6965595.741, -12937962.7578 6965835.7373, -12937949.2698 6965923.7931, -12937928.0913 6965967.7568, -12937867.9239 6966049.1405, -12937790.6126 6966123.2259, -12937599.3856 6966243.1928, -12937506.0195 6966319.0005, -12937441.3419 6966415.1695, -12937418.6704 6966525.4905, -12937422.7875 6966580.3242, -12937452.7103 6966684.3649, -12937501.5967 6966785.1099, -12937660.2614 6967028.394, -12937890.1711 6967303.5981, -12938071.0187 6967458.7681, -12938180.6061 6967501.3839, -12938298.187 6967517.3175, -12938410.7492 6967496.4168, -12938623.2391 6967424.7572, -12938731.8234 6967410.5799, -12938829.8737 6967429.3244, -12938947.9519 6967509.5854, -12938977.9617 6967597.7804, -12938974.0662 6967697.1702, -12938953.5693 6967800.3783, -12938912.5455 6967903.9281, -12938879.2555 6967949.8322, -12938791.0311 6968026.0958, -12938739.6481 6968054.9134, -12938619.7457 6968072.4767, -12938501.8371 6968052.3379, -12938391.5067 6968001.0864, -12938232.4639 6967899.8111, -12937916.9216 6967666.04, -12937737.9457 6967579.4066, -12936953.4663 6967398.32, -12936291.1816 6967160.4588, -12936000.4843 6967126.5656, -12935243.6464 6967201.5243, -12934932.4987 6967211.6096, -12934090.2577 6967109.9539, -12933718.2858 6967029.9219, -12933025.9044 6966781.2684, -12932290.0635 6966480.7736, -12931594.9056 6966283.8334, -12931323.0768 6966192.5138, -12931125.843 6966104.1432, -12930201.6558 6965610.5985, -12929913.0834 6965503.187, -12929683.842 6965451.3899, -12929530.3119 6965451.2637, -12929461.4539 6965467.8624, -12929344.2476 6965528.4736, -12929266.9306 6965626.5225, -12929194.9123 6965792.2938, -12929182.4528 6965849.90869999, -12929171.5133 6966026.37389999, -12929176.1457 6966377.0344, -12929149.2907 6966548.8023, -12929087.4832 6966644.8905, -12928997.6993 6966718.9377, -12928946.7636 6966743.5011, -12928836.508 6966762.1054, -12928722.0853 6966754.0529, -12928563.6192 6966698.4976, -12928469.5565 6966637.8852, -12928385.4502 6966558.8209, -12928072.8004 6966181.5817, -12927871.8331 6966002.396, -12927693.0635 6965899.9281, -12927563.6491 6965856.2353, -12927430.1081 6965834.3031, -12927296.2182 6965839.5237, -12927169.7536 6965873.31050001, -12926991.1663 6965952.86599999, -12926821.6345 6966061.0594, -12926666.156 6966194.7547, -12926525.59 6966348.5582, -12926398.7326 6966512.29029999, -12926220.2531 6966814.084, -12925818.561 6967303.2818, -12925457.2562 6967395.4711, -12925416.1322 6967391.6823, -12924942.791 6967044.1506, -12924152.6705 6966663.2511, -12923989.5986 6966663.5757, -12923827.8091 6966631.9851, -12923752.8598 6966603.5425, -12923544.8129 6966479.9391, -12923428.646 6966373.509, -12923287.1422 6966185.59790001, -12923017.5796 6965628.8455, -12922927.8561 6965494.3905, -12922819.3316 6965373.9473, -12922555.5712 6965166.3622, -12921821.9192 6964711.64019999, -12921542.1045 6964488.7943, -12921141.6405 6964120.1858, -12920840.1281 6963917.0409, -12920596.8681 6963798.1246, -12920340.3681 6963697.3052, -12919474.2613 6963425.5646, -12919139.7549 6963304.0429, -12918898.908 6963191.747, -12918126.6126 6962778.0245, -12917240.0461 6962331.5006, -12915361.0518 6961584.4662, -12915178.9573 6961599.6417, -12915094.7846 6961622.3856, -12914943.641 6961689.3552, -12914825.9965 6961786.2287, -12914783.2238 6961843.3385, -12914730.7079 6961960.4838, -12914722.0899 6962020.0148, -12914731.4075 6962121.0318, -12914758.674 6962164.6183, -12915138.3544 6962457.3331, -12915235.0489 6962578.9233, -12915265.9658 6962676.2251, -12915268.1798 6962726.7644, -12915244.1574 6962827.1432, -12915219.0916 6962873.7552, -12915141.5027 6962954.652, -12915036.8557 6963006.7032, -12914917.9925 6963029.2518, -12914798.6758 6963009.0832, -12914745.4153 6962986.1627, -12914656.9595 6962905.9032, -12914592.2732 6962807.3788, -12914519.0575 6962587.6668, -12914475.887 6962230.9753, -12914448.818 6962103.758, -12914398.271 6961979.6751, -12914320.698 6961863.6904, -12914220.1368 6961758.1138, -12914030.549 6961635.4005, -12913891.9042 6961571.1866, -12913591.1386 6961466.7131, -12913262.2583 6961418.2471, -12912866.4005 6961390.4953, -12912716.169 6961401.3495, -12912363.1811 6961490.304, -12912144.6086 6961485.8135, -12910993.9619 6961072.746, -12910697.0319 6961150.7209, -12910170.7137 6961358.0317, -12910108.041 6961403.2662, -12910016.1861 6961515.0478, -12909984.2501 6961636.7576, -12910005.7447 6961791.093, -12910028.3684 6961841.7389, -12910168.6893 6962030.1723, -12910496.7019 6962320.6933, -12910844.2247 6962591.1634, -12911059.9484 6962730.5552, -12911242.6961 6962803.3661, -12911375.6113 6962820.4947, -12911948.1809 6962741.6192, -12912093.3026 6962745.2852, -12912162.8325 6962758.5811, -12912293.6452 6962809.1639, -12912420.0146 6962872.4628, -12912537.6165 6962950.9259, -12912757.9123 6963136.1468, -12912906.6034 6963296.3262, -12912987.356 6963421.7557, -12913239.089 6963894.6554, -12913374.3803 6964071.8557, -12913575.4971 6964286.8472, -12913747.788 6964416.4967, -12913812.1226 6964445.1853, -12913947.2093 6964477.8881, -12915199.1389 6964241.9504, -12915343.0243 6964265.4933, -12915625.2992 6964357.207, -12915949.3083 6964527.6339, -12916398.6257 6964862.702, -12916534.909 6965008.9424, -12916593.4171 6965124.4543, -12916607.0929 6965188.8474, -12916609.1714 6965254.6752, -12916574.5102 6965385.6386, -12915070.0161 6965178.8979, -12914925.0109 6965124.3472, -12914782.9012 6965109.4323, -12914656.9724 6965140.6725, -12914582.73 6965182.1858, -12914434.9189 6965489.2851, -12913868.3161 6965639.7978, -12913812.9166 6965642.044, -12913669.9539 6965613.5322, -12913541.3738 6965546.5466, -12913386.9712 6965400.1884, -12913116.9181 6965071.2646, -12913060.7406 6965028.9666, -12912934.6604 6964976.6023, -12912805.2423 6964966.5747, -12912416.202 6965024.8779, -12912266.8318 6965018.6845, -12912119.5057 6964993.5248, -12911821.0235 6964908.2534, -12911602.0659 6964813.2802, -12911243.6686 6964630.2934, -12911100.342 6964584.8938, -12911035.7977 6964578.27, -12910927.4426 6964593.2054, -12910780.0984 6964689.4241, -12910956.559 6965084.0889, -12911039.8882 6965170.0781, -12911108.7756 6965273.2179, -12911287.5115 6965842.4536, -12911354.85 6965960.7895, -12911437.3862 6966067.393, -12911590.1085 6966198.2116, -12912098.2656 6966540.984, -12912686.6926 6966875.99669999, -12912838.3573 6967002.0306, -12912996.8488 6967197.348, -12913001.1248 6969411.1156, -12913096.0144 6969488.5793, -12913251.1865 6969583.2301, -12913694.432 6969776.1901, -12914296.373 6969932.2174, -12914480.5148 6969961.5298, -12915124.5838 6970434.6821, -12915290.8062 6970637.8802, -12915588.3475 6971043.0845, -12915794.0947 6971245.7956, -12915918.7281 6971325.727, -12916263.7231 6971463.5381, -12916464.7909 6971558.5616, -12916948.7397 6971857.7914, -12917129.9199 6972160.798, -12917312.5319 6972275.8813, -12917515.809 6972318.3632, -12917728.9276 6972305.5319, -12917802.1809 6972291.4353, -12917936 6972235.0854, -12918052.252 6972144.11, -12917332.8219 6969577.5094, -12916651.915 6968807.3973, -12916542.6523 6968647.4397, -12916468.8839 6968477.1801, -12916439.2516 6968311.7507, -12916466.1482 6968160.5886, -12916534.7537 6968043.2683, -12916627.3496 6967961.9002, -12916734.1475 6967908.515, -12916905.7942 6967851.49, -12917482.7039 6967740.2665, -12917690.0793 6967715.9019, -12917827.2838 6967714.8741, -12918025.8072 6967758.8279, -12918139.9715 6967825.0753, -12918240.9669 6967906.3776, -12918329.2644 6967996.6361, -12918402.0853 6968100.3356, -12918506.3622 6968338.2901, -12918607.6431 6968806.7453, -12918670.3281 6968927.587, -12918766.3231 6969023.2346, -12918884.9188 6969089.6367, -12919015.7232 6969128.6583, -12919155.8417 6969129.6378, -12919340.0014 6969104.0883, -12919963.1308 6969179.9017, -12920151.6663 6969230.0508, -12920911.9167 6969719.4415, -12921456.3219 6969627.1591, -12922356.4202 6969212.7606, -12923115.2067 6968932.1214, -12923410.8703 6968798.9926, -12923684.9972 6968623.9978, -12923806.2042 6968513.968, -12923914.5176 6968389.5101, -12924058.1247 6968186.3884, -12924274.0803 6967832.4243, -12924438.9152 6967617.4966, -12924497.007 6967484.6525, -12924659.8531 6967363.8963, -12924741.5994 6967324.7079, -12925016.8498 6967370.256, -12925094.4647 6967411.5435, -12925333.669 6967853.7207, -12925313.0049 6968000.111, -12925267.1345 6968144.11, -12925120.4574 6968419.4102, -12924929.2444 6968685.5444, -12924816.9356 6968809.4764, -12924497.0797 6969101.9469, -12924320.3476 6969288.3573, -12924195.0149 6969501.5793, -12924158.7365 6969650.0725, -12924163.7853 6969725.469, -12924202.9455 6969861.6411, -12924232.2417 6969923.0708, -12924315.7812 6970031.4716, -12924477.1058 6970149.6718, -12924847.4136 6970351.0841, -12925083.5927 6970532.95, -12925300.2275 6970739.3988, -12925416.423 6970930.4174, -12925459.2283 6971078.0263, -12925461.6465 6971240.305, -12925415.7 6971737.1193, -12925325.8867 6972430.526, -12925370.1353 6972863.0121, -12925809.1865 6973067.138, -12925823.1198 6973125.0238, -12925860.8036 6973129.0249, -12926022.3088 6973094.9041, -12926140.5943 6973213.1896, -12926197.4624 6973188.1677, -12926324.847 6973210.915, -12926411.2865 6973413.3654, -12926511.3743 6973438.3872, -12926588.7148 6973413.3652, -12926779.7915 6973631.7388, -12926948.121 6973613.5409, -12926891.2529 6973845.5628, -12927027.7363 6974061.6614, -12927196.0659 6974241.3644, -12927430.3621 6974530.2543, -12927651.0103 6974628.0673, -12927794.3178 6974905.5836, -12928069.5593 6975089.836, -12928733.7783 6975410.5719, -12929122.7559 6976054.3183, -12929495.8104 6976434.1971, -12930082.7738 6977141.7206, -12930289.2622 6977294.6627, -12930480.6651 6977397.8938, -12930686.9256 6977467.0869, -12930825.8319 6977374.4827, -12930919.7591 6977353.3161, -12931042.7903 6977252.7744, -12931091.7382 6977078.1494, -12931313.7605 6976911.9149, -12931487.285 6976749.2158, -12931623.879 6976675.8235, -12931719.9209 6976669.9227, -12931803.9285 6976707.2014, -12931869.3261 6976777.853, -12931929.8502 6976916.7342, -12931926.2025 6977077.7299, -12931889.6738 6977185.4567, -12931776.1157 6977330.3064, -12931461.6772 6977640.8459, -12931334.0499 6977795.0867, -12931278.939 6977908.1268, -12931279.2194 6978022.2583, -12931290.7642 6978072.6332, -12931318.1885 6978112.1533, -12931398.1351 6978168.9511, -12931558.8984 6978227.7774, -12931557.7606 6978250.1509, -12931879.2294 6978297.776, -12932079.7594 6978422.5748, -12932137.9151 6978470.985, -12932252.7095 6978691.1719, -12932096.5239 6978865.959, -12931989.7422 6978926.3257, -12931871.8672 6978965.6608, -12931213.9366 6979093.9868, -12931080.1087 6979138.6971, -12930953.2321 6979200.3782, -12930785.9471 6979322.6355, -12930689.8744 6979485.3312, -12930676.2015 6979647.3898, -12930752.4707 6979842.4134, -12930886.8857 6980028.026, -12931022.6925 6980141.0519, -12931134.4249 6980187.7707, -12931195.056 6980195.422, -12931319.3114 6980177.5323, -12931495.4589 6980092.7169, -12931713.4167 6979945.7328, -12931963.2498 6979735.1863, -12932111.6093 6979650.5061, -12932162.0749 6979635.1163, -12932256.5531 6979630.8422, -12932334.857 6979674.2262, -12932363.6022 6979710.2956, -12932393.6694 6979801.5911, -12932409.1798 6979903.5495, -12932415.2349 6980240.4501, -12932431.7118 6980413.2272, -12932544.8048 6980597.0457, -12932675.7084 6980773.5345, -12932715.9293 6980873.7373, -12932718.9591 6980928.5619, -12932684.7694 6981037.9085, -12932648.3086 6981081.1974, -12932409.4674 6981265.7299, -12932335.4967 6981349.9442, -12932295.7017 6981448.6819, -12932273.0666 6981549.89, -12932267.45 6981699.2343, -12932277.969 6981797.4943, -12932375.1963 6982254.9528, -12932348.2881 6982428.1713, -12932273.7159 6982601.7823, -12932228.4306 6982777.1457, -12932222.1398 6982892.2931, -12932242.5937 6983113.6482, -12932229.396 6983221.5564, -12932211.444 6983277.0119, -12932149.9478 6983379.4147, -12931732.1749 6983513.185, -12931466.1058 6983484.1242, -12931013.4685 6983351.5958, -12930881.106 6983325.4307, -12930694.9116 6983328.6644, -12930533.1224 6983386.4504, -12930449.3364 6983455.9039, -12930369.531 6983590.4514, -12930325.6993 6983740.243, -12930265.5202 6984058.0066, -12930201.3024 6984222.6198, -12930127.873 6984321.4661, -12930080.6802 6984363.4764, -12929801.2746 6984560.8854, -12929711.4087 6984657.956, -12929672.5354 6984774.2598, -12929695.5173 6984881.1329, -12929760.313 6984956.1985, -12929896.2169 6985034.0452, -12930268.5763 6985158.3568, -12930428.0359 6985231.486, -12930572.1755 6985334.6349, -12930651.8527 6985421.5538, -12930710.892 6985527.5724, -12930732.0568 6985644.1781, -12930710.0235 6985767.0124, -12930650.7399 6985905.1797, -12930677.3431 6985941.2587, -12930633.2882 6985944.8486, -12930606.9384 6986162.5923, -12930654.8691 6986232.804, -12930723.0376 6986280.3914, -12930845.8797 6986324.8733, -12930984.3526 6986351.3932, -12931510.8488 6986350.8518, -12931726.9002 6986369.4201, -12931887.4522 6986399.0678, -12932097.7299 6986455.3787, -12932297.6003 6986526.8518, -12932439.6002 6986598.4092, -12932621.372 6986713.1461, -12932721.4407 6986741.3386, -12932874.318 6986727.3596, -12933229.8013 6986663.0835, -12933372.1033 6986673.604, -12933538.1076 6986749.5316, -12933638.6156 6986844.9686, -12933687.1848 6986932.1902, -12933713.9819 6987034.7826, -12933730.2242 6987399.9923, -12933760.086 6987592.2061, -12933718.6542 6988213.52619999, -12933664.8083 6988422.0061, -12933627.6715 6988634.064, -12933607.8463 6989146.072, -12933589.5896 6989296.8968, -12933553.8997 6989445.559, -12933419.8372 6989795.6286, -12933388.9403 6989934.9354, -12933396.8389 6990064.5301, -12933429.1736 6990186.2318, -12933487.9749 6990287.6717, -12933526.2378 6990328.9604, -12933613.3238 6990400.0251, -12933772.0434 6990476.0857, -12933999.7443 6990487.9952, -12934319.548 6990479.15160001, -12934415.7882 6990519.2045, -12934742.9122 6990421.7238, -12935129.9675 6990255.9305, -12935235.2207 6990237.5585, -12935333.3654 6990251.1314, -12935376.3819 6990271.3802, -12935447.1453 6990334.8401, -12935486.8783 6990425.4253, -12935492.5357 6990475.4786, -12935474.4203 6990579.8531, -12935284.0798 6991133.9657, -12935233.4946 6991447.7582, -12935224.7493 6991684.8715, -12935256.2768 6991791.9978, -12935316.7855 6991876.7851, -12935398.2827 6991931.1587, -12935618.8824 6992004.3736, -12935696.5887 6992043.0634, -12935936.4043 6992239.4201, -12936016.6758 6992278.3046, -12936103.1446 6992283.9296, -12936382.6871 6992266.2047, -12936635.3435 6992295.973, -12936785.3463 6992341.2715, -12936975.2088 6992421.8411, -12937317.0258 6992498.3393, -12937455.3487 6992554.2001, -12937537.3906 6992609.5689, -12937606.3051 6992680.4544, -12937780.1977 6992993.4682, -12937867.4696 6993123.1957, -12937936.9503 6993194.28, -12938019.5194 6993240.0004, -12938106.8815 6993240.3833, -12938147.3612 6993222.3652, -12938217.0467 6993161.6671, -12938296.6271 6993033.3033, -12938395.8932 6992772.2542, -12938459.0229 6992686.7156, -12938498.4065 6992654.3908, -12938591.2597 6992618.42899999, -12938690.4533 6992612.2892, -12938782.7386 6992621.8046, -12938874.8087 6992650.8595, -12938997.9886 6992736.4879, -12939086.1804 6992870.0147, -12939130.1745 6993034.0866, -12939170.7288 6993314.035, -12939196.7354 6993390.1238, -12939242.8665 6993426.4956, -12939265.2087 6993503.6822, -12939572.1649 6993824.7078, -12939650.9008 6993983.3667, -12939669.5613 6994111.4435, -12939610.4004 6994517.0868, -12939592.9513 6994941.5209, -12939544.1845 6995079.6346, -12939502.4507 6995142.1454, -12939382.9414 6995243.8514, -12939310.252 6995277.5684, -12938519.7546 6995131.5302, -12938272.1228 6995046.0349, -12936418.7112 6994604.7834, -12936238.7583 6994551.0377, -12936054.6606 6994533.5846, -12935808.2046 6994603.5345, -12935695.7293 6994701.2417, -12935657.438 6994758.7667, -12935632.336 6994817.6092, -12935622.207 6994938.6182, -12935656.1055 6995046.9103, -12935749.1979 6995194.3328, -12935867.716 6995324.5766, -12936044.8896 6995476.1604, -12936373.7721 6995707.22029999, -12936624.6811 6995851.0822, -12936785.9615 6995922.1416, -12937185.7078 6996045.3176, -12937354.1462 6996116.4593, -12937957.7764 6996453.6701, -12938700.8664 6996793.3632, -12938884.8045 6996906.5558, -12939165.631 6997017.7804, -12940156.5741 6997522.7259, -12940266.4943 6997541.2715, -12940367.9302 6997522.3708, -12940724.7803 6997407.0222, -12941141.8603 6997299.5923, -12941305.2384 6997276.9231, -12941471.7418 6997287.0686, -12941672.2908 6997354.1603, -12942102.6799 6997624.6473, -12942144.355 6997681.8962, -12942441.038 6997915.0452, -12942602.2213 6998020.7815, -12942775.6873 6998110.4807, -12942895.2299 6998157.1768, -12943140.199 6998211.9179, -12943619.5701 6998244.5741, -12943791.7536 6998288.8834, -12943944.4494 6998383.4455, -12944255.4647 6998674.6196, -12944602.7134 6998916.6045, -12944734.6527 6999036.445, -12944827.6774 6999191.0453, -12944951.739 6999545.4211, -12945006.9363 6999650.6895, -12945123.3955 6999773.511, -12945217.4935 6999817.6773, -12945321.5953 6999822.9576, -12945426.6824 6999796.6126, -12945578.9775 6999720.7654, -12945670.3668 6999647.7227, -12945750.2714 6999552.8698, -12945899.9254 6999258.9834, -12946031.1285 6999062.5625, -12946060.5592 6999062.6188, -12946227.9552 6998874.5633, -12946418.854 6998734.7795, -12946624.679 6998625.707, -12946788.764 6998569.5286, -12946958.4943 6998537.5176, -12947188.08 6998529.318, -12947243.3615 6998518.9833, -12947342.7895 6998470.1007, -12947420.7288 6998388.145, -12947571.8915 6998116.5997, -12947642.7675 6998015.8863, -12947686.2031 6997974.3091, -12947790.3368 6997917.1502, -12947963.7328 6997887.5848, -12948131.5879 6997951.7809, -12948807.9544 6997769.1441, -12948993.9105 6997754.7401, -12949424.2362 6997769.1443, -12949896.3625 6997757.7113, -12950283.187 6997672.5761, -12950297.5695 6997820.5103, -12950408.7882 6997954.6166, -12950333.7077 6998793.6042, -12950387.7683 6998959.17230001, -12950556.8436 6999296.8711, -12950612.295 6999483.913, -12950625.0737 6999683.8188, -12950599.6727 7000036.4004, -12950621.1636 7000170.684, -12950691.4301 7000356.4895, -12950749.8149 7000465.1431, -12951271.5544 7000369.664, -12951557.6852 7000295.9334, -12951639.3238 7000379.3026, -12951762.1513 7000550.6751, -12951925.8797 7000696.2917, -12951966.425 7000762.4187, -12951966.2772 7000856.6227, -12951869.3536 7001090.6576, -12951884.7764 7001139.5649, -12951931.1996 7001168.8881, -12952003.4826 7001182.4373, -12952200.8961 7001141.8157, -12952328.3939 7001165.1571, -12952377.2562 7001187.2296, -12952418.3036 7001224.2712, -12952522.2374 7001369.3433, -12952555.7279 7001343.529, -12952550.4479 7001328.1999, -12952694.0068 7001249.7211, -12952952.4125 7001274.6046, -12953371.6041 7001544.4949, -12953647.2369 7001611.4891, -12954278.2927 7001353.2469, -12954283.3474 7001342.0186, -12954457.5096 7001293.2225, -12954636.6205 7001282.1469, -12955064.8484 7001309.2326, -12955183.9696 7001291.774, -12955300.5911 7001255.81669999, -12955554.1116 7001110.9448, -12955782.5355 7000950.2134, -12956040.1262 7000737.2654, -12956182.7055 7000657.8701, -12956766.5274 7000458.6729, -12956880.101 7000455.5885, -12956988.6398 7000495.5883, -12957076.0563 7000576.0707, -12957123.8387 7000688.2853, -12957136.4432 7000750.0584, -12957153.5157 7000948.2329, -12957150.6388 7001160.2153, -12957091.2911 7001608.8497, -12957091.828 7001682.0435, -12957131.8556 7001812.3762, -12957203.2713 7001908.6831, -12957258.2311 7001934.4138, -12957928.939 7001637.9988, -12958039.7878 7001624.4693, -12958145.7432 7001660.1607, -12958235.3732 7001739.6359, -12958312.4354 7001830.7074, -12958487.0545 7002102.4051, -12958580.6815 7002192.5118, -12958633.7243 7002225.4509, -12958870.3107 7002301.6909, -12959593.8086 7002433.9267, -12959765.5009 7002494.5753, -12959869.9998 7002557.3319, -12960233.6646 7002912.6585, -12960683.7198 7003207.74369999, -12960838.6173 7003331.898, -12960918.6621 7003431.9354, -12960967.0606 7003551.2946, -12960963.8322 7003680.2514, -12960945.1764 7003744.2519, -12960814.6022 7003896.2289, -12960233.1687 7003831.892, -12959353.1149 7003359.9175, -12959015.9638 7003212.8483, -12958794.2865 7003150.9268, -12958568.2731 7003112.0426, -12958326.5779 7003095.8213, -12958162.6351 7003102.5485, -12958001.3785 7003134.1111, -12957867.1014 7003204.985, -12957758.0784 7003302.40600001, -12957523.2857 7003600.5849, -12957419.5228 7004036.6972, -12957561.2555 7004185.24759999, -12957405.5844 7004318.6192, -12957297.6756 7004292.3991, -12957149.1135 7004210.31, -12956887.4391 7004124.7601, -12956606.5393 7004112.6504, -12956629.4977 7004398.4269, -12956705.4653 7004621.5506, -12957052.4813 7005232.9505, -12957197.8989 7005410.3838, -12957447.1672 7005292.4635, -12957874.7743 7004898.7361, -12958220.4707 7004942.9422, -12958623.9024 7005048.3294, -12958637.8733 7005184.058, -12958494.2811 7005356.8982, -12958466.9293 7005691.7981, -12959069.0936 7005838.5925, -12959571.0051 7006633.4517, -12959603.6303 7006853.856, -12959548.046 7007010.4098, -12959652.8948 7007777.1332, -12959588.3821 7007847.3996, -12959361.9206 7007842.4772, -12959246.1559 7007863.2418, -12959141.893 7007918.1852, -12959050.7365 7007998.6938, -12958479.5839 7008693.4966, -12958423.4294 7008912.2398, -12958327.8776 7009066.6721, -12958366.1727 7009080.7389, -12958289.0194 7009116.5982, -12958075.9645 7009407.8802, -12957967.9063 7009469.6967, -12957929.7985 7009475.1685, -12957853.6274 7009453.1488, -12957796.2206 7009387.7156, -12957767.8628 7009293.8804, -12957745.5307 7009025.1838, -12957687.4889 7008928.2303, -12957596.7935 7008856.7918, -12957479.7929 7008826.0838, -12957116.7688 7008796.2795, -12956330.0417 7008527.5236, -12956159.8831 7008518.0145, -12955776.6825 7008559.0518, -12955567.8674 7008526.3236, -12955404.6512 7008442.0069, -12955234.3347 7008462.7074, -12955178.402 7008438.4686, -12955179.5903 7008280.2911, -12955126.4156 7008244.2338, -12955073.6772 7008231.918, -12954962.0449 7008236.9241, -12954465.7245 7008572.1526, -12954363.2416 7008619.5744, -12954151.8312 7008652.4143, -12954005.7514 7008649.8869, -12953920.969 7008630.9941, -12953849.2486 7008577.498, -12953800.7648 7008490.404, -12953755.51 7008221.0139, -12953712.6084 7008117.1161, -12953490.689 7007863.2336, -12953336.406 7007597.1997, -12953302.1202 7007562.6878, -12953217.9413 7007517.5649, -12953122.228 7007507.3183, -12953027.0574 7007528.539, -12952945.6749 7007573.13, -12952885.4295 7007639.5464, -12952853.5783 7007722.6528, -12952851.659 7007817.298, -12952892.9919 7007960.5405, -12953013.4937 7008211.3018, -12953021.9308 7008295.9986, -12952986.4007 7008379.8699, -12952950.852 7008412.0692, -12952861.5377 7008443.6034, -12952762.7219 7008426.8937, -12952675.2988 7008364.1161, -12952585.4971 7008222.6469, -12952543.4281 7008056.5483, -12952498.5387 7007667.7475, -12952284.3897 7007361.50859999, -12952170.5467 7007356.7651, -12951925.516 7007383.221, -12951745.0919 7007357.0633, -12951637.7567 7007300.7704, -12951544.2776 7007222.244, -12951269.1171 7006915.435, -12951177.82 7006844.1572, -12951123.9141 7006821.9449, -12951006.3836 7006808.5012, -12950686.1246 7006825.8749, -12950624.1322 7006816.9533, -12950507.0759 7006772.9703, -12950405.0967 7006691.3759, -12950197.5423 7006425.4357, -12950013.2522 7006144.2231, -12949861.8616 7005856.7557, -12949791.5141 7005754.5009, -12949702.0705 7005674.2882, -12949602.1736 7005613.7004, -12949399.4241 7005517.2036, -12949251.5854 7005463.8322, -12949100.5087 7005432.7142, -12949002.6809 7005427.8715, -12948905.8281 7005455.5583, -12948860.714 7005484.6841, -12948756.2379 7005616.6318, -12948593.8567 7005928.9937, -12948474.3939 7006126.8756, -12948344.0122 7006311.0337, -12948266.5761 7006383.8094, -12948167.1497 7006420.7465, -12947892.7866 7006480.4282, -12947565.1611 7006601.975, -12947450.4548 7006608.5923, -12947278.906 7006554.1164, -12947134.8784 7006438.6425, -12947023.352 7006292.2476, -12946853.1181 7005973.5564, -12946770.4094 7005891.5555, -12946613.327 7005813.9537, -12946318.0614 7005751.3454, -12946208.8391 7005711.6465, -12946062.8496 7005624.5348, -12945981.9127 7005548.4012, -12945901.026 7005404.4029, -12945883.1839 7005293.5376, -12945899.0432 7005183.2594, -12946025.698 7004839.31139999, -12946002.1071 7004721.4089, -12945919.347 7004634.1243, -12945818.2171 7004580.6046, -12945644.8467 7004538.6251, -12945346.2317 7004496.1272, -12944953.1703 7004562.5497, -12944432.1938 7005165.5556, -12944087.3478 7005217.4282, -12943683.4084 7005320.2282, -12943524.0788 7005262.96, -12942218.0893 7004423.677, -12942020.2753 7004391.5419, -12941538.8389 7004370.9072, -12941284.4066 7004322.86599999, -12940925.8185 7004206.262, -12940839.685 7004200.6965, -12940765.4492 7004221.9023, -12940699.2258 7004301.9407, -12940693.4354 7004381.0633, -12940706.5416 7004424.2869, -12940751.2849 7004519.3869, -12940974.8454 7004814.668, -12941036.7914 7004930.2771, -12941083.0322 7005116.2985, -12941072.866 7005365.4362, -12941146.6094 7005590.1905, -12941268.6919 7005731.0609, -12941386.1986 7005802.0238, -12941590.7115 7005867.394, -12941744.1486 7005885.3646, -12942232.0336 7005898.6252, -12944482.6902 7007533.0616, -12944588.5582 7007596.8406, -12944674.7149 7007675.7787, -12944740.6155 7007772.0389, -12944756.2682 7007824.7982, -12944755.4863 7008140.4112, -12944776.5253 7008294.6487, -12944831.9826 7008378.9985, -12944951.3276 7008477.6862, -12944999.2649 7008497.9739, -12945103.8601 7008514.4314, -12945258.7806 7008491.0061, -12945399.0999 7008419.2654, -12945631.1033 7008236.6708, -12945882.9776 7008225.7514, -12945985.2066 7008306.6191, -12946033.5419 7008380.9851, -12946057.3172 7008474.6483, -12946052.3089 7008527.6642, -12945994.6806 7008653.4297, -12945954.5148 7008800.0758, -12945677.0335 7008992.8632, -12945505.0744 7009028.4151, -12945246.6311 7009180.2956, -12944929.3426 7009312.8652, -12944747.3836 7009415.2478, -12944587.5122 7009558.185, -12944360.777 7009836.9971, -12944175.9578 7010009.9268, -12944057.137 7010041.4949, -12943927.1043 7010010.0921, -12943502.4398 7009724.8538, -12942872.9314 7009358.0229, -12942701.53 7009236.5885, -12942394.4592 7008970.8699, -12942131.7936 7008892.524, -12941819.4725 7008838.6755, -12941601.9248 7008737.4404, -12941272.3723 7008476.8138, -12940979.8664 7008129.7065, -12940900.8638 7008058.69, -12940805.243 7008017.8897, -12940555.836 7007980.5961, -12940467.867 7007952.9608, -12940397.3099 7007901.7388, -12940251.8252 7007761.9645, -12940180.2419 7007747.2406, -12940015.6298 7007791.1518, -12939787.1088 7007830.59, -12939429.8798 7008013.5834, -12939347.5242 7008026.0125, -12939275.1738 7008002.413, -12939217.5636 7007941.6489, -12939199.5285 7007899.4789, -12939118.4056 7007601.63, -12939007.343 7007432.2728, -12938937.6298 7007362.4674, -12938895.2398 7007338.1556, -12938802.1202 7007321.6343, -12938704.5924 7007340.2068, -12938465.9266 7007423.8266, -12938373.9049 7007439.5237, -12938331.7254 7007429.7381, -12938257.4386 7007384.2321, -12938227.1235 7007241.3816, -12938276.2976 7007088.6601, -12938253.5648 7006594.5658, -12938159.892 7006572.6309, -12938059.4075 7006599.622, -12937966.3979 7006662.2703, -12937671.2586 7006995.9872, -12937547.3902 7007051.9569, -12937467.0785 7007038.9735, -12937436.2304 7007013.078, -12937385.9588 7006935.768, -12937325.3893 7006677.1266, -12937229.1139 7006483.2545, -12937198.9034 7006377.9678, -12937198.5578 7006211.3582, -12937225.6963 7006031.5056, -12937211.7733 7006015.8363, -12937277.619 7005709.3128, -12937139.1159 7005420.9536, -12936814.4281 7004955.4922, -12936846.3083 7004469.6163, -12936830.0717 7004280.9647, -12936780.444 7004155.1823, -12936615.1526 7003855.0278, -12936469.0571 7003467.2995, -12936390.33 7003334.9242, -12936402.7121 7003312.7617, -12936232.7206 7003206.2612, -12936048.3923 7003146.8663, -12935358.0567 7003254.2513, -12935146.2125 7003082.0197, -12934767.4981 7002729.9754, -12934561.2498 7002562.8433, -12934290.9935 7002431.271, -12933981.621 7002248.1367, -12933700.6968 7002178.79469999, -12933524.6746 7002258.8049, -12933057.2198 7002238.1363, -12932945.5022 7002250.2247, -12932835.4873 7002290.7177, -12932621.7593 7002400.871, -12932450.8532 7002458.1899, -12932331.9394 7002468.2988, -12932269.9975 7002459.219, -12932149.9237 7002415.462, -12931862.1053 7002245.8209, -12931509.4455 7002079.2028, -12931409.9575 7002006.57109999, -12931328.9908 7001910.5597, -12931273.9777 7001791.1675, -12931117.5277 7001249.4005, -12930717.7813 7000972.6193, -12930752.2833 7000923.3069, -12930632.1864 7000900.4462, -12930340.8026 7000874.2696, -12930234.9547 7000828.7721, -12930055.0768 7000693.9425, -12929863.5561 7000592.0173, -12929434.6538 7000522.6807, -12929400.6195 7000493.49009999, -12929347.4998 7000415.4964, -12929207.4741 7000096.9287, -12929133.2086 7000045.0918, -12929086.0337 7000042.7404, -12929036.6256 7000047.8216, -12928989.3627 7000089.5167, -12928960.8877 6999444.1028, -12928787.6501 6999334.5418, -12928629.0607 6999264.6517, -12928513.5754 6999246.0528, -12928179.824 6999283.3132, -12928045.6317 6999248.5598, -12928003.8315 6999250.7272, -12927916.1912 6999277.1796, -12927839.2816 6999334.8271, -12927780.1543 6999414.7795, -12927755.9545 6999550.7769, -12927767.763 6999706.9526, -12927734.4294 6999789.193, -12927675.9967 6999821.2642, -12927548.6053 6999823.5993, -12927407.9812 6999793.1068, -12927212.8007 6999684.6238, -12926860.3269 6999353.3886, -12926344.4615 6999208.379, -12926079.6511 6999179.2028, -12925952.3176 6999149.8513, -12925729.0757 6999040.7215, -12925591.6584 6998932.7896, -12925600.235 6998204.7979, -12925431.3486 6998052.6733, -12925172.8564 6997923.0741, -12925081.2877 6997862.798, -12925035.4365 6997916.2619, -12924758.8546 6997677.8981, -12924387.1986 6997439.7473, -12924243.6671 6997304.4315, -12924024.3723 6996979.8723, -12923901.5095 6996829.7306, -12923753.4628 6996705.3618, -12923589.7101 6996607.6185, -12923362.6019 6996516.0673, -12923187.7772 6996476.3865, -12922946.1863 6996456.7598, -12922768.9937 6996469.9305, -12922518.5769 6996539.3048, -12922259.0893 6996641.6972, -12922017.836 6996784.766, -12922025.7299 6996797.5171, -12921766.5048 6996928.6187, -12921593.0333 6996965.9408, -12921478.5586 6996945.4862, -12921372.3213 6996889.2083, -12921289.1481 6996798.6937, -12921224.4807 6996696.798, -12921068.3015 6996376.5963, -12921000.207 6996283.5368, -12920917.9884 6996200.3102, -12920824.4081 6996135.5212, -12920719.2552 6996089.6536, -12920608.6093 6996061.9779, -12920332.9415 6996029.9916, -12920190.4129 6995971.482, -12920091.2438 6995850.65160001, -12920010.1261 6995654.4391, -12919953.5526 6995571.7986, -12919573.3366 6995241.0405, -12919486.9862 6995198.7422, -12919389.8126 6995186.7252, -12919286.7648 6995195.9901, -12919019.6129 6995251.6978, -12918851.6922 6995262.178, -12918684.4244 6995234.1445, -12918580.8527 6995194.2413, -12918490.4884 6995126.9181, -12918261.1249 6994859.0078, -12918126.874 6994750.1955, -12918027.4181 6994692.3296, -12917865.2252 6994649.3866, -12917519.1017 6994645.2939, -12917415.9789 6994599.2296, -12917370.2077 6994559.798, -12917296.347 6994457.8479, -12917173.9448 6994172.5053, -12917080.8414 6994028.7263, -12917003.4073 6993948.6475, -12916915.6873 6993883.8265, -12916826.3459 6993832.1386, -12916728.4205 6993800.3761, -12916624.3937 6993801.4449, -12916573.7253 6993818.7097, -12916481.8676 6993882.2004, -12916408.2451 6993971.741, -12916223.6228 6994287.2288, -12916144.5922 6994367.829, -12916059.1007 6994431.1582, -12915914.2583 6994497.6892, -12915566.8193 6994590.1861, -12915466.9261 6994632.4837, -12915325.3929 6994742.1095, -12915084.9859 6995036.066, -12914981.8215 6995106.7906, -12914925.8398 6995127.7285, -12914807.6357 6995135.4721, -12914748.6012 6995123.0759, -12914667.822 6995082.3559, -12914585.9342 6995020.8794, -12914286.95 6994675.7189, -12914163.6854 6994562.2374, -12913706.6515 6994248.8058, -12913603.4349 6994159.164, -12913513.1471 6994054.7636, -12913362.9622 6993817.4414, -12913272.8713 6993624.1659, -12913131.3959 6993213.0854, -12913010.2422 6992947.0405, -12912830.1847 6992628.4075, -12912557.5653 6992198.2868, -12912207.6278 6991542.3637, -12912090.9368 6991381.18, -12911951.4954 6991235.0791, -12911788.2673 6991112.5367, -12911605.238 6991019.151, -12911410.6035 6990961.8413, -12911275.6062 6990955.0738, -12911139.3022 6990970.5056, -12910353.8247 6991140.6439, -12910111.4434 6991224.5151, -12909822.8232 6991350.6057, -12909655.2453 6991404.8681, -12909491.6693 6991428.9905, -12909384.8605 6991411.0165, -12909243.5665 6991336.8027, -12909170.5894 6991255.0637, -12909097.3426 6991110.7976, -12909022.9411 6990854.2534, -12908958.3052 6990715.7672, -12908859.2575 6990613.2858, -12908767.1725 6990573.8503, -12908664.446 6990559.856, -12908508.8266 6990591.3842, -12908015.1857 6990832.0219, -12907921.5057 6990865.7364, -12907778.0946 6990892.8077, -12907585.763 6990870.7717, -12907286.6241 6990777.1999, -12907012.5753 6990763.2737, -12906859.9557 6990720.5103, -12906812.2516 6990692.2166, -12906734.0727 6990614.1099, -12906653.6464 6990463.444, -12906620.3367 6990351.4831, -12906555.2248 6990016.5246, -12906495.1085 6989865.7669, -12906397.234 6989745.16309999, -12906355.93 6989719.1407, -12906254.9152 6989698.2573, -12906146.056 6989708.3774, -12905868.0153 6989785.5774, -12905757.1737 6989791.2469, -12905170.1052 6989646.1058, -12905055.1793 6989637.7955, -12904899.8546 6989680.59790001, -12904839.5932 6989715.9333, -12904513.9373 6990007.2412, -12904325.9872 6990129.7253, -12904174.8637 6990184.1627, -12904068.3271 6990177.8858, -12903970.4743 6990123.0366, -12903727.2041 6989849.9264, -12903475.1146 6989688.7175, -12903351.9232 6989562.9527, -12903257.9181 6989411.7353, -12903205.2169 6989358.5829, -12903181.7896 6989304.1586, -12902995.1192 6988668.0425, -12902895.7473 6988530.2148, -12902804.8286 6988466.211, -12902644.4358 6988424.0803, -12902470.1557 6988435.5028, -12902295.7889 6988486.3119, -12902027.1167 6988589.6205, -12901921.5411 6988611.7258, -12901820.598 6988615.6059, -12901725.6104 6988595.581, -12901682.7841 6988572.4839, -12901460.9471 6988383.7354, -12901377.0197 6988351.643, -12901243.9031 6988336.7769, -12901160.0719 6988354.7559, -12901085.1719 6988400.4805, -12901003.5711 6988518.9463, -12900962.805 6988618.6875, -12898731.2691 6987533.0033, -12898382.2982 6987538.5016, -12898096.6386 6987525.4759, -12897528.9027 6987578.534, -12897412.5168 6987577.8636, -12896860.0446 6987484.0545, -12896753.8837 6987443.9141, -12896496.5514 6987218.0982, -12896348.3996 6987132.0769, -12895714.7926 6986911.273, -12895358.0388 6986757.6863, -12894975.9518 6986632.3143, -12894666.9742 6986470.5491, -12894213.3886 6986164.3276, -12894053.3529 6986074.5543, -12893769.4628 6985958.7736, -12893057.8302 6985713.5057, -12892939.6614 6985658.7088, -12892788.49 6985531.3875, -12892378.6559 6985041.4797, -12892309.8096 6984873.7775, -12892228.8572 6984459.2391, -12892156.8882 6984226.0335, -12892078.4076 6984069.505, -12891911.6726 6983834.2943, -12891790.2123 6983577.1824, -12891587.6663 6983382.1411, -12891429.0144 6983430.3213, -12891326.3091 6983504.9555, -12890929.3822 6983556.3504, -12890878.1804 6983524.289, -12890804.8699 6983427.5227, -12890782.9999 6983368.4756, -12890765.8934 6983236.623, -12890800.4509 6982829.1356, -12890846.9385 6982779.1407, -12891128.7367 6982350.2061, -12890932.9916 6982285.8136, -12890938.9156 6982214.6136, -12890907.4579 6982110.0562, -12890877.4783 6982065.6637, -12890797.4179 6982000.551, -12890692.5296 6981950.5524, -12890364.9642 6981850.1033, -12890278.4222 6981787.922, -12890247.0731 6981742.8022, -12890225.5935 6981688.8102, -12890208.6629 6981570.6855, -12890201.2426 6981124.0731, -12890167.7157 6980720.0751, -12890150.9484 6980587.5904, -12890115.909 6980461.591, -12890053.9157 6980352.0032, -12889964.1489 6980264.9079, -12889911.8639 6980229.8397, -12889568.7172 6980069.9607, -12889474.7154 6979999.0834, -12889403.3431 6979910.5574, -12889361.1657 6979799.0498, -12889311.1095 6979495.3398, -12889236.9659 6979197.5756, -12889154.6175 6979042.733, -12889076.115 6978959.4927, -12888981.7223 6978900.5461, -12888816.1179 6978875.9321, -12888196.3817 6978977.9857, -12888073.6696 6978982.7235, -12887948.2216 6978939.7241, -12887897.8609 6978873.4117, -12887834.2308 6978734.803, -12887783.1676 6978688.31009999, -12887749.6723 6978688.5368, -12887677.3665 6978718.8743, -12887646.7599 6978750.5068, -12887490.7351 6978990.3264, -12887378.4396 6979046.9077, -12887338.9058 6979047.7425, -12887304.9959 6979031.6464, -12887243.1095 6978975.0677, -12887251.5562 6978617.2093, -12887293.2798 6978400.4666, -12887291.0007 6978241.8756, -12887253.2226 6978149.8552, -12887181.9051 6978079.7625, -12887095.047 6978031.6607, -12887044.584 6978024.6421, -12886938.7792 6978042.6157, -12886834.7341 6978097.2076, -12886465.5787 6978346.5008, -12886347.0701 6978377.5055, -12886232.3447 6978356.2959, -12886119.7261 6978281.2025, -12885786.5864 6977890.5789, -12885557.5648 6977693.36289999, -12885175.0291 6977435.7171, -12884252.6723 6976610.7004, -12883885.2281 6976240.5624, -12883733.885 6976232.0082, -12883718.212 6976169.3053, -12883565.1602 6976122.7905, -12883111.3484 6976043.1665, -12882551.1968 6975872.9914, -12881810.2048 6975741.3985, -12881688.6606 6975693.6828, -12881633.5286 6975658.5526, -12881541.338 6975565.4233, -12881275.5101 6975192.8239, -12881173.6679 6975116.6972, -12880897.564 6974955.2583, -12880764.2461 6974861.7488, -12880621.7259 6974683.0332, -12880347.9968 6974189.8683, -12880196.4279 6974008.8904, -12880076.5299 6973909.3525, -12879924.9609 6973891.2548, -12879490.6139 6973954.597, -12879370.7159 6973947.8103, -12879293.8004 6973886.7304, -12879158.0669 6973698.9657, -12878925.0579 6973420.7121, -12878814.2089 6973327.9609, -12878680.7377 6973284.9788, -12878542.742 6973309.8631, -12878447.7286 6973359.6321, -12878185.3106 6973560.9701, -12878015.6439 6973637.8856, -12877888.9592 6973626.5745, -12877735.128 6973520.2501, -12877484.0211 6973201.2764, -12877296.2566 6973054.2319, -12876459.2337 6972764.6672, -12876354.0121 6972681.6236, -12876275.3003 6972581.0807, -12876118.6714 6972304.8649, -12875696.4886 6971661.2655, -12875666.3002 6971551.7187, -12875664.3935 6971493.8441, -12875730.9099 6971069.4344, -12875728.3861 6970819.4474, -12875652.9035 6970466.5277, -12875611.3628 6970356.3005, -12875547.492 6970259.8516, -12875504.8201 6970221.1471, -12875402.7408 6970165.742, -12875229.7281 6970122.1139, -12874939.0714 6970088.1365, -12874500.9443 6970092.7083, -12874351.3502 6970071.2003, -12874220.271 6970001.9028, -12874095.1495 6969851.1538, -12874063.7523 6969753.1937, -12874077.1459 6969639.1485, -12874124.0644 6969521.4426, -12874277.6807 6969243.145, -12874330.142 6969059.3139, -12874329.3861 6968995.8502, -12874294.3036 6968872.1671, -12874221.156 6968761.7955, -12874123.079 6968669.3267, -12874033.4898 6968611.9788, -12874003.4092 6968616.5382, -12873956.733 6968570.7416, -12873583.9295 6968389.535, -12872985.9712 6968020.4411, -12872573.1769 6967819.9245, -12871260.8885 6967368.9623, -12871125.9511 6967334.5664, -12870883.8573 6967317.3684, -12870759.5032 6967345.1498, -12870557.0967 6967469.5039, -12870345.7602 6967793.86509999, -12869764.1728 6967415.5512, -12869543.9602 6967065.4693, -12869137.4136 6966664.5694, -12868696.9885 6966342.7202, -12868595.3519 6966026.5174, -12868617.9378 6965687.7289, -12868657.463 6965348.9401, -12868578.4123 6965106.1414, -12868318.6745 6964931.1008, -12867477.3491 6964914.1613, -12867330.5409 6964818.1711, -12867195.0252 6964818.171, -12867025.6309 6964756.0598, -12867011.3624 6964652.5906, -12867156.5124 6964566.0588, -12866930.4135 6964465.5704, -12866877.3778 6964300.8809, -12867008.5713 6964247.8454, -12867100.6855 6964099.9039, -12867120.2249 6964007.7894, -12867067.1894 6963857.0568, -12866919.248 6963940.7973, -12866841.0903 6963910.0925, -12866790.8462 6963725.8636, -12866832.7163 6963642.1232, -12866737.8106 6963552.8001, -12866626.1566 6963656.0799, -12866507.4145 6963645.0335, -12866461.5494 6963622.1345, -12866452.1969 6963594.5508, -12866507.0263 6963527.9058, -12866506.9745 6963493.0521, -12866468.9418 6963418.3629, -12866401.8506 6963340.9822, -12866418.6938 6963312.0821, -12866492.1984 6963284.5742, -12866503.6063 6963250.3506, -12866487.124 6963134.3961, -12866498.0894 6963075.8635, -12866452.995 6962993.3283, -12866465.8716 6962906.136, -12866450.59 6962819.958, -12866385.9305 6962799.7673, -12866292.8035 6962802.8919, -12866234.9519 6962820.1287, -12866204.8868 6962786.0144, -12866190.7022 6962743.6783, -12866167.5736 6962600.5121, -12865441.1937 6962346.0351, -12865680.0172 6961995.9729, -12865647.7345 6961656.523, -12865427.3219 6961579.0419, -12865021.0058 6961483.114, -12864490.0118 6961127.0838, -12864559.0299 6960712.0428, -12864976.478 6960199.2663, -12865436.2275 6960118.1105, -12865962.5562 6960441.7383, -12866454.2356 6960567.0757, -12866643.5062 6960444.0416, -12866597.8302 6960167.4359, -12866490.1038 6959996.9775, -12866332.9115 6959878.4447, -12866085.7794 6959787.7582, -12865640.5972 6959746.4083, -12865366.1438 6959613.0752, -12865211.5623 6959314.5274, -12865182.8913 6959304.0349, -12865160.4265 6959314.9786, -12865021.0061 6959474.3345, -12864889.6487 6959515.0007, -12864641.4063 6959450.4504, -12864117.0915 6959443.0731, -12863953.3441 6959138.7481, -12863892.2998 6958807.0667, -12864085.7488 6958651.8395, -12864159.5083 6958631.6487, -12864173.8231 6958311.4096, -12864235.0801 6958182.1964, -12864188.9646 6958129.2229, -12864111.8765 6957993.6281, -12864083.182 6957753.0358, -12864125.12 6957377.7997, -12864237.6908 6956995.9419, -12864217.8255 6956753.1422, -12864063.3166 6956539.0369, -12863807.2732 6956444.1242, -12863513.7062 6956459.5752, -12862072.0115 6956788.7381, -12861802.7244 6956773.2872, -12861590.8264 6956790.9455, -12861487.0847 6956863.7853, -12861458.3901 6957016.087, -12861657.0446 6957470.7847, -12862059.5992 6960182.5145, -12862178.7919 6960427.5215, -12862152.3046 6960582.0305, -12861922.8978 6960897.9848, -12861884.4229 6960911.2689, -12861731.6745 6961086.2882, -12861621.5354 6961147.1678, -12861546.9562 6961138.6225, -12861466.1099 6961076.1166, -12861373.399 6961032.351, -12861128.4441 6960994.18509999, -12861039.3568 6960958.2388, -12860893.8864 6960823.1645, -12860721.7847 6960579.1615, -12860445.0962 6960226.4767, -12860266.9123 6960049.0883, -12860182.4155 6959928.2174, -12860122.1342 6959885.8104, -12859951.6877 6959838.9063, -12859902.4017 6959810.6767, -12860025.8896 6959708.6154, -12860099.7622 6959588.5723, -12860061.7612 6959552.4426, -12859954.4885 6959491.083, -12859856.8979 6959322.6366, -12859798.1947 6959271.6438, -12859783.4691 6959135.1147, -12859759.5695 6959078.758, -12859759.0751 6959030.4666, -12859792.1575 6958966.7338, -12859623.5842 6958866.386, -12859351.0849 6958819.3771, -12859095.8639 6958448.1201, -12858597.5727 6957965.2762, -12857885.6944 6957518.7685, -12857833.2691 6957532.2993, -12857753.3901 6957374.9149, -12857673.973 6957283.3385, -12857672.6881 6957099.084, -12857606.2199 6956981.0964, -12857487.3322 6956876.6377, -12857289.5877 6956759.5666, -12857025.3023 6956511.3468, -12856733.9668 6956144.8719, -12856562.6851 6956053.9309, -12856365.512 6956015.8032, -12856141.3731 6955872.578, -12856101.3688 6955780.7344, -12856072.0856 6955333.5274, -12855953.3312 6955242.2248, -12855965.6563 6955123.7156, -12855925.1245 6954952.9347, -12855858.7 6954834.9639, -12855779.8615 6954822.3402, -12855700.7579 6954770.2442, -12855503.2676 6954679.4732, -12855278.6547 6954457.3072, -12855019.7079 6954068.9453, -12855026.6702 6954064.2864, -12854498.456 6953387.8525, -12854437.8189 6953352.9962, -12854286.5947 6953342.7767, -12854213.4211 6953316.1443, -12854109.362 6953213.071, -12854001.9325 6953190.1319, -12853966.603 6953158.5991, -12853862.1754 6952907.3739, -12853870.7789 6952748.8049, -12853841.6736 6952705.3942, -12853726.1831 6952618.6448, -12853696.1722 6952573.5892, -12853693.5764 6952521.219, -12853757.3884 6952423.4634, -12853771.1868 6952375.5934, -12853747.3103 6952331.05259999, -12853658.1358 6952233.5089, -12853501.0886 6951883.9412, -12853489.8136 6951813.4153, -12853524.5349 6951631.21239999, -12853505.4395 6951563.4908, -12853437.0988 6951435.7615, -12853458.4112 6951408.9098, -12853396.7474 6951267.853, -12853409.5169 6951120.4229, -12853389.7933 6951100.9044, -12853302.6436 6951151.2058, -12853193.8605 6951108.0631, -12853099.8329 6951123.7855, -12852995.5073 6951081.9847, -12852959.1227 6951011.5994, -12852964.3833 6950962.4883, -12853013.0998 6950845.6476, -12852996.5225 6950798.6517, -12852974.715 6950778.2485, -12852956.6267 6950785.4341, -12852943.9067 6950759.506, -12852683.0999 6950600.5233, -12852614.0493 6950578.0147, -12852576.196 6950579.1609, -12852306.9054 6950635.0498, -12852388.4851 6950698.8915, -12852431.9837 6950780.8382, -12852422.4135 6950848.4067, -12852369.2827 6950875.6197, -12852359.7941 6950924.7938, -12852252.3817 6950991.0512, -12852161.4617 6951007.118, -12852089.6808 6950977.5804, -12852065.6678 6950983.2107, -12851962.3941 6950936.8013, -12851878.4595 6950939.6352, -12851800.2088 6950999.7322, -12851666.7476 6951217.5844, -12851613.9577 6951282.3125, -12851516.4936 6951336.4762, -12851449.1249 6951334.5026, -12851392.5984 6951301.4247, -12851350.4548 6951257.1016, -12851319.2046 6951173.1086, -12851331.7987 6951074.0689, -12851412.0294 6950908.7172, -12851413.5854 6950819.7056, -12851382.4853 6950774.6677, -12851239.8547 6950715.1279, -12851208.3932 6950660.4004, -12851206.2999 6950592.4896, -12851236.0052 6950448.7385, -12851212.8703 6950220.0019, -12851231.6107 6950160.3852, -12851328.63 6950019.1633, -12851304.998 6949748.8012, -12851339.8318 6949514.8414, -12851551.6289 6949084.1608, -12851616.8825 6949022.3789, -12851596.2065 6948832.2302, -12851602.7914 6948747.0815, -12852201.9862 6948706.374, -12852288.5307 6948734.6863, -12852314.7726 6948330.4946, -12852788.9191 6948197.6169, -12852784.72 6947537.3946, -12852879.3792 6947549.935, -12852970.9192 6947509.9107, -12853001.0686 6947439.6061, -12853062.1501 6947421.6863, -12853202.1613 6947442.695, -12853258.8715 6947424.8016, -12853326.9765 6947139.5429, -12853383.6561 6947117.2679, -12853637.8704 6947225.1645, -12853894.3841 6947013.1698, -12853863.5613 6946978.3176, -12853740.8689 6946930.9192, -12853736.1861 6946882.7518, -12853823.2583 6946829.6052, -12854028.0502 6946731.8729, -12854067.4996 6946749.1406, -12854093.409 6946700.77399999, -12854141.3707 6946682.9334, -12854316.365 6946708.0727, -12854412.2301 6946663.6259, -12854488.363 6946576.0032, -12854526.7259 6946583.0826, -12854543.7175 6946565.0514, -12854576.5525 6946575.6722, -12854599.4152 6946597.9482, -12854608.5925 6946630.2153, -12854574.6198 6946658.2223, -12854542.6801 6946710.3036, -12854464.0818 6946764.7, -12854435.0503 6946829.9248, -12854354.8247 6946864.823, -12854314.2029 6946851.8723, -12854287.4681 6946859.4335, -12854271.0303 6946878.0025, -12854276.6298 6946929.0777, -12854354.8591 6946988.5416, -12854385.6935 6947029.2547, -12854506.9764 6947007.8181, -12854532.0627 6947016.2636, -12854575.6441 6946976.7412, -12854593.8933 6946938.9601, -12854629.1628 6946920.6653, -12854686.5048 6946919.6188, -12854722.6812 6946935.2881, -12854759.9854 6946991.9768, -12854774.6266 6947048.4876, -12854801.0513 6947071.2292, -12854829.399 6947054.1697, -12854860.9527 6947076.3131, -12854926.1973 6947220.551, -12854931.0951 6947261.288, -12854953.9326 6947272.7295, -12854986.9971 6947344.6215, -12855050.3183 6947405.3333, -12855107.1064 6947547.7448, -12855193.5921 6947529.6257, -12855239.896 6947539.5598, -12855257.1126 6947524.0048, -12855302.2236 6947517.0454, -12855376.4731 6947520.8916, -12855491.5664 6947482.1335, -12855691.8601 6947558.5779, -12855743.3699 6947554.5014, -12855789.4982 6947526.5226, -12855814.0041 6947492.8163, -12855857.827 6947542.6198, -12855883.6893 6947551.7534, -12855985.3547 6947475.1169, -12856026.7239 6947466.2163, -12856101.0956 6947534.0935, -12856142.5558 6947547.1108, -12856194.1805 6947530.5882, -12856220.319 6947537.5935, -12856239.1923 6947612.4637, -12856360.4998 6947723.3521, -12856456.6951 6947717.5965, -12856525.0017 6947754.6001, -12856559.13 6947747.0498, -12856605.0251 6947687.9054, -12856677.7923 6947661.2128, -12856727.3966 6947620.8657, -12856781.9839 6947475.4612, -12856855.9516 6947371.4932, -12856932.1184 6947344.7653, -12857022.9292 6947361.086, -12857077.8995 6947345.4423, -12857111.2152 6947312.812, -12857140.2067 6947328.8617, -12857173.4135 6947327.592, -12857270.7453 6947279.4803, -12857316.2771 6947205.4138, -12857321.9582 6947142.0939, -12857302.2217 6947029.1932, -12857318.8256 6946959.1119, -12857348.105 6946935.0905, -12857435.7202 6946907.9758, -12857464.5308 6946908.5154, -12857499.5945 6946933.5897, -12857533.7492 6946885.9333, -12857553.3336 6946896.7914, -12857558.8243 6946950.8915, -12857604.7928 6947087.0087, -12857571.9339 6947138.5095, -12857560.8174 6947194.8211, -12857578.3634 6947283.52, -12857572.1542 6947353.004, -12857594.7777 6947413.4672, -12857655.0301 6947435.877, -12857735.8733 6947433.2112, -12857801.1968 6947412.0596, -12857877.8119 6947434.2037, -12858001.8085 6947409.431, -12858148.5828 6947429.9862, -12858244.1427 6947471.5751, -12858324.5872 6947473.9186, -12858356.6604 6947492.1955, -12858392.7596 6947613.1124, -12858426.155 6947615.6885, -12858434.967 6947641.8207, -12858424.185 6947712.1671, -12858453.9669 6947861.9401, -12858444.5555 6947920.4873, -12858383.1634 6948045.1525, -12858375.4753 6948148.88359999, -12858415.3003 6948201.1826, -12858587.5778 6948322.5118, -12858643.0559 6948375.9019, -12858676.8977 6948446.7844, -12858710.4215 6948570.3034, -12858777.0095 6948676.3252, -12858843.8952 6948724.6771, -12858922.6785 6948756.6777, -12858989.6179 6948729.4575, -12859095.1323 6948811.9707, -12859163.5565 6948789.3811, -12859231.0509 6948561.1849, -12859287.8339 6948554.2022, -12859468.2966 6948723.8204, -12859484.4171 6948837.6529, -12859447.9825 6948938.7188, -12859350.0765 6949064.0365, -12859643.3338 6949561.6287, -12859632.5865 6949586.347, -12859797.5345 6949725.3509, -12859797.3387 6949751.073, -12859754.1096 6949752.6081, -12859713.1069 6949802.0366, -12859692.6982 6949799.2736, -12859654.2931 6949828.1326, -12859608.6522 6949837.036, -12859551.6938 6949823.5276, -12859499.0024 6949932.2103, -12859520.8953 6949945.105, -12859731.8457 6949950.3243, -12860016.8237 6949868.3513, -12859721.3735 6950065.2104, -12859644.9454 6950164.6819, -12859719.6962 6950240.9088, -12859822.2601 6950302.7715, -12859854.7894 6950360.2046, -12859702.5897 6950370.4341, -12859693.1592 6950517.79029999, -12859629.0608 6950557.9335, -12859604.3849 6950596.3135, -12859605.127 6950665.3981, -12859625.9065 6950691.8039, -12859650.5824 6950692.725, -12859656.7049 6950751.3709, -12859668.579 6950756.2836, -12859705.1354 6950722.8584, -12859936.222 6950629.1201, -12860489.4155 6950833.4197, -12860555.3062 6950970.9008, -12860950.5125 6951191.5594, -12861120.4367 6951184.0395, -12861426.7343 6951333.78369999, -12861733.6045 6951371.9219, -12861738.5651 6951399.2671, -12861662.8678 6951430.2813, -12861644.1289 6951469.2799, -12861655.261 6951486.7831, -12861870.1076 6951598.2524, -12861897.0099 6951596.4099, -12861922.6132 6951554.033, -12861933.0031 6951433.0451, -12861915.3775 6951409.4005, -12861907.7706 6951355.6629, -12861935.0439 6951336.9315, -12861971.5939 6951353.8205, -12862030.4076 6951445.9422, -12862061.7626 6951461.603, -12862188.6668 6951601.6301, -12862356.9448 6951707.8806, -12862429.8591 6951727.8411, -12862519.0248 6951702.1553, -12862615.5771 6951722.0064, -12862631.6823 6951840.3403, -12862680.1595 6951938.5678, -12862769.0812 6952022.8319, -12862893.7821 6951999.7707, -12862954.916 6951956.0083, -12862983.1171 6951912.0941, -12863040.2611 6951899.1962, -12863060.6695 6951863.8808, -12863092.3955 6951842.3846, -12863118.1846 6951846.0697, -12863113.3608 6951866.9517, -12863143.9735 6951894.2827, -12863227.8343 6951882.3063, -12863254.4943 6951899.8716, -12863236.0443 6951954.5778, -12863170.1149 6951993.8825, -12863170.3842 6952153.4468, -12863186.6976 6952272.6737, -12863237.482 6952362.3035, -12863315.22 6952395.7785, -12863343.05 6952395.4714, -12863396.8544 6952455.6653, -12863485.91 6952453.2083, -12863515.4096 6952424.6468, -12863532.4786 6952340.806, -12863519.4914 6952209.3647, -12863533.2208 6952156.85, -12863597.9717 6952038.92409999, -12863594.261 6951979.3474, -12863602.7955 6951972.8985, -12863695.3762 6952022.6479, -12863842.9734 6952198.3664, -12863857.6899 6952301.7343, -12863885.9435 6952380.6863, -12863860.6603 6952430.3657, -12863791.482 6952434.1675, -12863734.486 6952455.0982, -12863739.1075 6952542.153, -12863688.2784 6952607.8663, -12863636.9748 6952612.2228, -12863575.6468 6952596.8632, -12863479.0391 6952615.425, -12863459.4323 6952633.391, -12863503.7373 6952745.8729, -12863500.459 6952832.9921, -12863486.9121 6952868.7264, -12863428.7659 6952915.1191, -12863443.052 6952939.0753, -12863427.0962 6952979.9238, -12863423.5712 6953144.8559, -12863404.8323 6953210.2768, -12863421.3446 6953274.7769, -12863403.348 6953344.1917, -12863425.9829 6953385.0424, -12863420.9736 6953418.8288, -12863445.2783 6953479.9517, -12863515.1166 6953454.439, -12863644.0059 6953484.8763, -12863715.575 6953585.51739999, -12863784.0898 6953507.7813, -12863831.4497 6953503.4539, -12863933.6689 6953443.2711, -12864015.9717 6953361.4678, -12864106.7557 6953354.8204, -12864327.5367 6953305.5837, -12864360.656 6953247.9178, -12864415.7885 6953227.6901, -12864567.9053 6953236.392, -12864587.232 6953182.793, -12864709.2796 6953134.3234, -12864717.1569 6953096.8229, -12864883.4263 6953222.5573, -12864950.2103 6953383.2429, -12865076.8922 6953550.3831, -12865057.4093 6953709.6833, -12865010.7922 6953907.2684, -12865053.1406 6954170.878, -12865183.4049 6954357.8188, -12865348.5032 6954394.4868, -12865448.0903 6954390.4751, -12865574.6767 6954308.6246, -12865693.534 6954184.2753, -12865729.6474 6954019.625, -12865659.9384 6953776.0855, -12865645.8795 6953586.1256, -12865731.2101 6953383.0249, -12865802.4416 6953364.3412, -12866064.2165 6953444.0053, -12866272.275 6953437.5118, -12866435.3431 6953598.8227, -12866681.9597 6953743.893, -12866761.4962 6953711.0784, -12866793.7223 6953678.5484, -12866836.0728 6953592.2249, -12866830.3033 6953442.2398, -12866738.0276 6953247.3847, -12866523.2207 6952954.5251, -12866464.1682 6952834.4252, -12866449.5386 6952759.5848, -12866456.2795 6952696.1589, -12866506.266 6952636.4632, -12866623.0006 6952630.5913, -12867062.0521 6952911.6714, -12867250.9328 6952846.4281, -12867316.58 6952877.785, -12867374.2766 6952942.1546, -12867457.8704 6953139.3082, -12867570.2611 6953258.1948, -12867609.5732 6953372.3223, -12867709.4099 6953410.9067, -12867737.7173 6953441.8137, -12867756.0866 6953515.7857, -12867748.1144 6953622.4667, -12867775.6812 6953689.5127, -12867880.2245 6953775.9457, -12867926.1036 6953881.18, -12868024.2025 6953995.9943, -12868119.4418 6954078.0342, -12868217.2312 6954104.1124, -12868219.0775 6954671.0935, -12868246.7236 6954672.4532, -12868246.0582 6954600.8035, -12868487.546 6954598.788, -12868550.184 6954411.9626, -12868657.6616 6954432.458, -12868660.9019 6954456.6045, -12868736.5148 6954542.7191, -12869167.0872 6954828.3672, -12869721.5806 6955229.5348, -12870049.2358 6955429.0686, -12870487.3422 6955901.9125, -12870797.0984 6956682.2598, -12871202.1642 6956962.2316, -12871345.1286 6957593.6577, -12871565.5318 6957784.2767, -12871803.8057 6957790.23349999, -12872000.3818 6957546.0028, -12872077.8208 6957164.7644, -12871637.014 6956455.8994, -12871744.2372 6956217.6256, -12871905.0723 6956032.9633, -12872012.2956 6955598.11339999, -12872107.6051 6955478.9764, -12872376.0165 6955411.9871, -12872605.1882 6955324.1378, -12872792.345 6955087.3271, -12872937.487 6954972.7415, -12873136.1026 6954903.9898, -12873334.718 6954701.5549, -12873414.9281 6954499.1199, -12873553.9096 6954350.5342, -12873692.229 6954436.2921, -12874007.5973 6954881.6804, -12874289.7688 6954961.9057, -12874549.8093 6955094.6924, -12874854.1119 6955316.0033, -12875310.5659 6955346.4337, -12875667.4299 6955241.311, -12875863.8434 6955299.4051, -12876273.2689 6955728.1952, -12877086.5869 6956419.7922, -12877244.271 6956309.1367, -12877504.3115 6955991.0021, -12877756.0528 6955816.7195, -12878016.0933 6955827.7851, -12878159.9454 6956026.9652, -12878088.0192 6956364.4643, -12877902.6714 6956533.214, -12877714.557 6956735.1605, -12877700.7249 6956978.6025, -12877847.3437 6957103.09000001, -12878090.7858 6957122.4547, -12878425.5186 6956945.4059, -12878743.6533 6956854.1151, -12878987.0954 6957006.2665, -12879208.4064 6957346.5321, -12879487.8117 6957888.7442, -12879852.9749 6958226.2435, -12879905.5363 6958433.7225, -12879852.9747 6958904.0085, -12879971.9295 6959094.8891, -12880527.9734 6959211.0774, -12880857.1737 6959324.4993, -12880992.7265 6959296.8357, -12881036.9888 6959028.4959, -12880904.2021 6958632.9026, -12880823.9769 6958312.0016, -12880823.977 6958024.297, -12880923.5669 6957858.3138, -12881261.0661 6957592.7407, -12881435.3487 6957208.2127, -12881752.4503 6956661.486, -12881759.5076 6956677.0184, -12881833.4624 6956625.0292, -12881873.9615 6956635.8625, -12881931.2497 6956574.6062, -12882027.0158 6956676.5375, -12882071.9114 6956691.9158, -12882279.5164 6956660.8019, -12882376.4343 6956614.972, -12882476.381 6956608.685, -12882518.8581 6956645.1916, -12882519.4958 6956708.505, -12882539.0709 6956734.9218, -12882641.9472 6956750.5414, -12882676.0944 6956712.3836, -12882687.0891 6956538.919, -12882744.8546 6956466.3545, -12882741.5614 6956376.0771, -12882818.7449 6956306.814, -12882910.3256 6956343.286, -12883100.808 6956526.3456, -12883156.9168 6956607.8767, -12883229.4117 6956640.6069, -12883273.552 6956533.1667, -12883293.2162 6956444.7221, -12883357.7156 6956317.4274, -12883385.534 6956206.3388, -12883495.9353 6955963.425, -12883492.2563 6955893.2469, -12883468.4413 6955823.3983, -12883438.3907 6955787.16529999, -12883459.9274 6955722.8632, -12883424.869 6955654.8226, -12883504.0413 6955650.5919, -12883522.2253 6955682.2402, -12883563.076 6955687.1007, -12883622.4388 6955658.2574, -12883661.3115 6955707.2984, -12883673.1431 6955778.5041, -12883688.29 6955774.4087, -12883701.8115 6955891.4343, -12883724.324 6955933.8525, -12883755.7903 6955887.9839, -12883744.202 6955831.8167, -12883809.3424 6955874.3729, -12883814.7935 6955902.5072, -12883835.1499 6955920.9145, -12883842.037 6955973.3891, -12883855.5196 6955983.7217, -12883914.5652 6955987.3904, -12883918.3688 6955924.8041, -12883934.3431 6955904.4582, -12884000.196 6955902.9345, -12884041.5326 6955874.9905, -12884079.5352 6955876.4438, -12884130.1855 6955835.2517, -12884243.9913 6955826.8455, -12884299.6566 6955869.0854, -12884157.4673 6956032.202, -12884123.889 6956226.1976, -12884042.0111 6956530.2944, -12883748.104 6956832.5106, -12882942.4147 6957516.3348, -12882766.6473 6957626.1897, -12882080.0558 6958606.6422, -12882014.143 6958963.67, -12882027.8749 6959383.864, -12882187.1641 6959850.746, -12882225.6132 6960298.4038, -12882240.4742 6960303.621, -12882245.3024 6960361.4314, -12882164.85 6960782.1717, -12881906.8445 6960924.1898, -12881585.8957 6960909.3992, -12881523.538 6960890.84969999, -12881347.3227 6960741.7547, -12881143.4889 6960612.8443, -12880837.1413 6960484.7731, -12880633.2373 6960443.8198, -12880139.5298 6960415.3073, -12879793.3028 6960344.6937, -12879590.6215 6960327.4706, -12879380.4913 6960325.7784, -12879248.1161 6960352.1474, -12879134.1669 6960405.0351, -12879064.4832 6960482.296, -12879048.9508 6960523.8332, -12879051.2389 6960605.3392, -12879170.513 6960939.0756, -12879188.3726 6961108.9403, -12879181.3815 6961167.51789999, -12879139.7488 6961276.3275, -12878977.0253 6961514.6986, -12878964.5796 6961562.6035, -12878973.3722 6961638.6785, -12879079.2926 6961691.7423, -12879319.2649 6961751.1689, -12879432.826 6961823.6877, -12879751.3467 6962240.3299, -12879930.2652 6962536.6169, -12880007.1562 6962619.0326, -12880102.1202 6962670.1339, -12880154.7953 6962680.7031, -12880369.3761 6962673.2824, -12880532.1667 6962633.6328, -12880860.8187 6962521.912, -12880971.9645 6962507.6293, -12881026.7129 6962516.0498, -12881078.1433 6962534.068, -12881159.2637 6962597.9831, -12881277.904 6962842.2357, -12881381.3219 6963018.119, -12881450.1961 6963088.924, -12881531.6172 6963141.9294, -12881616.4365 6963159.8783, -12881652.939 6963148.896, -12881682.1005 6963129.2668, -12881797.1043 6962978.4019, -12881889.2166 6962948.3847, -12881953.3325 6962974.6743, -12882099.2058 6963108.8555, -12882200.8023 6963182.8421, -12882311.1939 6963233.8111, -12882429.8084 6963255.3786, -12882554.8122 6963232.3088, -12882684.9224 6963188.6262, -12882678.2433 6963126.5086, -12882780.4998 6962551.733, -12882927.8343 6962478.0192, -12883169.8536 6962664.1175, -12883498.0444 6962664.7732, -12883712.5024 6962502.0915, -12883624.2457 6962089.7739, -12883734.6888 6961932.1818, -12884108.9589 6961483.114, -12884166.7968 6961450.4633, -12884086.569 6961373.2221, -12884019.5929 6961224.7743, -12884003.3555 6961124.1844, -12884022.7878 6960734.7226, -12884011.0462 6960494.2438, -12883973.28 6960307.5921, -12883863.6246 6959938.0347, -12883823.968 6959697.9488, -12883829.2762 6959572.8949, -12883871.0082 6959392.9368, -12883916.3342 6959279.884, -12884003.5632 6959121.1159, -12884382.5307 6958618.2249, -12885039.4876 6957982.3297, -12885146.8593 6957907.751, -12885261.1475 6957848.45090001, -12885380.3906 6957814.7147, -12885674.8405 6957771.6091, -12885790.214 6957741.1081, -12885881.752 6957687.0716, -12885941.2277 6957611.3948, -12885959.1485 6957524.5873, -12885949.4268 6957445.0917, -12885925.9378 6957368.8667, -12885874.3751 6957300.1793, -12885372.2805 6957011.6663, -12885287.5864 6956943.5176, -12885230.7961 6956861.95929999, -12885202.7647 6956769.2687, -12885200.8186 6956675.1588, -12885241.5562 6956535.455, -12885306.3819 6956405.57370001, -12885370.6594 6956337.3225, -12885457.9012 6956308.2211, -12886037.9049 6956411.3776, -12886272.6179 6956404.6116, -12886573.051 6956356.2314, -12886876.3357 6956333.5114, -12886929.5074 6956315.8575, -12886978.9818 6956288.1082, -12887049.1569 6956211.0637, -12887171.2237 6955816.9508, -12887189.8472 6955555.4367, -12887081.6217 6955342.1814, -12887516.2747 6955143.8081, -12887803.8207 6955103.1165, -12887897.0269 6955019.4214, -12887976.7798 6954981.2918, -12887965.4763 6955010.5299, -12887988.6995 6955117.426, -12888069.2714 6955263.3022, -12888137.9833 6955494.3315, -12888171.1764 6955555.7018, -12888220.1444 6955571.4775, -12888403.0263 6955519.3998, -12888459.7889 6955527.2776, -12888550.5113 6955507.57, -12888623.753 6955451.5442, -12888736.4067 6955248.104, -12888795.5965 6955179.1485, -12888864.3076 6955143.5403, -12888941.1551 6955148.9149, -12888972.7369 6955166.3461, -12889035.3503 6955267.2646, -12889094.929 6955475.875, -12889148.1645 6955587.5004, -12889203.809 6955639.9612, -12889294.8887 6955695.242, -12889358.669 6955649.8176, -12889484.9236 6955647.4582, -12889545.2973 6955588.8039, -12889605.3829 6955585.9941, -12889711.8408 6955657.6474, -12889759.0575 6955740.2518, -12889787.2326 6955748.1736, -12889920.885 6955724.0833, -12890090.7735 6955895.955, -12890144.8193 6955934.3662, -12890185.7917 6955945.5724, -12890296.3534 6955942.3443, -12890486.9418 6956035.7811, -12890560.5135 6956032.7938, -12890587.0861 6955996.8131, -12890566.879 6955955.1871, -12890478.1529 6955871.9652, -12890474.7725 6955850.6548, -12890497.1654 6955824.8853, -12890548.4552 6955825.5883, -12890648.8477 6955867.3484, -12890670.1515 6955856.0392, -12890698.3279 6955808.7636, -12890744.0087 6955794.6909, -12890931.1419 6955861.2755, -12890935.7757 6955851.6576, -12890895.2844 6955825.9882, -12890880.1357 6955797.0615, -12890855.8181 6955672.7404, -12890796.7089 6955630.7577, -12890780.6038 6955570.6343, -12890810.7306 6955550.2803, -12890867.9748 6955554.6306, -12890890.6894 6955568.9631, -12890929.3044 6955562.3298, -12890971.0741 6955602.5485, -12890990.8703 6955428.4719, -12891086.2644 6955385.7574, -12891137.4553 6955405.5449, -12891154.0752 6955426.3473, -12891148.449 6955484.7907, -12891193.3709 6955558.7047, -12891186.8273 6955593.9657, -12891130.4496 6955632.4468, -12891099.2244 6955698.0232, -12891017.7533 6955809.5911, -12890973.2886 6955915.5224, -12890915.9228 6955970.1635, -12890896.3299 6955973.3339, -12890918.5418 6955980.9412, -12890548.3614 6956375.1638, -12890535.132 6956568.3094, -12890626.4133 6956728.3825, -12890778.5487 6956815.6949, -12890988.8926 6956826.2783, -12891125.1529 6956789.2366, -12891416.0632 6956610.2974, -12891596.3893 6956570.4851, -12891765.0059 6956607.9555, -12892001.5375 6956783.5977, -12892331.7449 6956994.3684, -12892476.9424 6957017.7874, -12892579.986 6956940.5048, -12892628.8465 6956558.756, -12892672.6385 6956505.6659, -12892742.2435 6956493.08519999, -12892807.7507 6956504.2672, -12892934.6324 6956598.9611, -12893045.8879 6956645.6922, -12893358.2334 6956680.0891, -12893488.5446 6956740.7863, -12893751.3734 6957047.7545, -12893875.7657 6957166.1278, -12893901.848 6957390.8363, -12893855.7024 6957645.6398, -12893799.5254 6957824.2029, -12893879.7784 6958048.9116, -12894112.5122 6958307.7277, -12894307.126 6958420.082, -12894543.8724 6958444.1579, -12894866.8913 6958363.9047, -12895079.5618 6958193.367, -12895023.0765 6957308.036, -12894641.8743 6957045.2073, -12894358.9824 6957045.2072, -12893873.4513 6956553.6571, -12893444.0972 6956244.6827, -12892763.9547 6955513.4095, -12892765.7499 6955443.9561, -12892825.455 6955264.1388, -12892891.1104 6955160.5206, -12892973.1244 6955072.7964, -12893114.5658 6954951.4622, -12893799.1237 6954445.3939, -12894430.6448 6954330.681, -12894858.3455 6954098.4571, -12894866.4199 6954167.3261, -12894852.7276 6954246.895, -12894866.7298 6954256.0491, -12894974.2013 6954265.2676, -12895068.1828 6954238.8469, -12895137.4346 6954261.4278, -12895167.7766 6954305.8373, -12895175.2221 6954394.9671, -12895214.3897 6954461.9864, -12895187.8383 6954522.2451, -12895210.3471 6954586.3716, -12895245.3644 6954616.4799, -12895300.0671 6954585.0164, -12895306.734 6954620.3626, -12895306.6172 6954726.3985, -12895287.0751 6954830.421, -12895223.7277 6954975.9497, -12895089.378 6955213.5326, -12895053.8803 6955314.6135, -12895061.2208 6955413.552, -12895093.5891 6955499.1575, -12895214.5138 6955655.0044, -12895549.3681 6955941.6149, -12895766.0152 6956156.5126, -12895915.4166 6956277.8943, -12896030.3502 6956338.5979, -12896213.9045 6956401.1531, -12896597.2766 6956484.86069999, -12896793.1005 6956502.8777, -12896910.0616 6956465.5478, -12896986.2518 6956382.5585, -12897211.0483 6956353.738, -12897267.4101 6956327.8377, -12897298.7131 6956278.688, -12897276.0805 6956284.0995, -12897246.4029 6956267.1479, -12897036.9272 6955978.2742, -12896984.327 6955928.5495, -12896985.7203 6955899.309, -12896950.7048 6955871.3681, -12896932.9586 6955824.4183, -12896907.7579 6955651.9222, -12896865.128 6955616.8053, -12896836.5707 6955534.2795, -12896681.7967 6955392.7113, -12896679.9737 6955258.1953, -12896708.954 6955098.0121, -12896895.7928 6954972.4967, -12896876.0966 6954947.2964, -12896884.8148 6954895.449, -12896866.1335 6954856.9409, -12896901.4906 6954833.793, -12896993.9487 6954926.8764, -12896933.8732 6955025.7425, -12897444.5663 6955470.4679, -12897611.397 6955639.1689, -12897930.5501 6955805.3908, -12898204.4721 6955922.5366, -12898431.0685 6956052.1002, -12898214.3145 6956284.8031, -12898282.4755 6956459.2364, -12898242.343 6956471.1612, -12898211.5576 6956501.4856, -12898342.1223 6956627.0885, -12898380.9729 6956581.892, -12898436.8404 6956545.2253, -12898533.7737 6956516.01, -12898587.9937 6956591.0731, -12898618.1687 6956588.1081, -12898641.9039 6956574.0042, -12898696.9347 6956472.289, -12898714.8125 6956460.911, -12898791.5117 6956457.4419, -12898899.5937 6956489.4683, -12898970.315 6956529.278, -12898991.2262 6956580.6013, -12899095.2933 6956533.3277, -12899132.8858 6956502.8684, -12899173.4119 6956499.0642, -12899233.2814 6956463.6333, -12899253.1871 6956469.3117, -12899347.2428 6956549.8405, -12899502.116 6956644.0161, -12899526.788 6956693.5458, -12899533.1333 6956668.7026, -12899560.3789 6956675.7484, -12899788.5002 6956799.9866, -12900069.8751 6956919.1013, -12900174.1165 6956988.7569, -12900413.5462 6957075.9039, -12900594.0952 6957161.0452, -12900590.418 6957180.1988, -12900738.7438 6957241.4336, -12900779.7056 6957312.0475, -12900868.5414 6957362.5541, -12900870.188 6957442.156, -12900916.9292 6957519.4064, -12900906.1609 6957520.7803, -12900901.5691 6957577.5769, -12900957.11 6957663.8729, -12900943.798 6957692.4253, -12900945.4697 6957734.32769999, -12900978.8915 6957752.5577, -12901012.6992 6957747.232, -12901041.6182 6957739.00509999, -12901076.86 6957704.8347, -12901070.9472 6957718.9036, -12901087.7342 6957715.7966, -12901149.3885 6957765.7753, -12901157.4127 6957825.0908, -12901135.058 6957905.8422, -12901147.4887 6957925.8828, -12901205.3988 6957898.6724, -12901210.1615 6957876.4931, -12901356.4537 6957770.3974, -12901417.2694 6957744.6288, -12901442.6263 6957704.7118, -12901452.5558 6957649.36159999, -12901486.6012 6957619.3251, -12901574.3784 6957668.5747, -12901610.3773 6957672.078, -12901625.2013 6957653.3291, -12901809.923 6957733.7593, -12901843.1092 6957672.5699, -12901882.815 6957655.7168, -12901931.7919 6957587.6689, -12902202.8544 6957305.8341, -12902379.3009 6957267.2456, -12902641.7494 6957256.5827, -12902733.2395 6957131.3856, -12902680.2714 6956945.9977, -12902494.8834 6956731.718, -12901717.9466 6956091.9258, -12901621.9771 6955983.8109, -12901546.7627 6955860.8032, -12901486.035 6955731.8741, -12901258.5734 6955033.2698, -12901171.069 6954819.7898, -12901029.4994 6954624.1388, -12900748.8971 6954366.0529, -12900920.3282 6954133.1803, -12900449.0415 6953892.4244, -12900450.2798 6953881.6646, -12900361.5302 6953812.8287, -12900333.5129 6953810.7183, -12900265.4876 6953841.0971, -12900155.6134 6953780.9634, -12900104.9761 6953735.3037, -12900105.3411 6953710.703, -12900149.7987 6953629.0325, -12900132.3049 6953537.5799, -12900036.1787 6953423.8784, -12899980.7954 6953385.8133, -12899943.9505 6953322.7069, -12899960.5465 6953268.9565, -12899875.6819 6953136.6368, -12899774.1549 6953105.926, -12899760.9802 6953066.3761, -12899789.6766 6953001.4722, -12899797.9772 6952939.5698, -12899707.8234 6952926.05, -12899686.3331 6952895.1156, -12899706.697 6952824.4301, -12899670.5091 6952734.1752, -12899683.0527 6952671.9001, -12899562.1988 6952620.2732, -12899513.8743 6952585.3375, -12899491.5815 6952546.7862, -12899488.3996 6952469.9368, -12899514.6817 6952401.4671, -12899474.1711 6952290.5969, -12899422.2331 6952223.9274, -12899316.4351 6952158.4255, -12899267.0167 6952107.3824, -12899261.6846 6952070.09440001, -12899288.5217 6952039.9228, -12899314.1809 6951970.5861, -12899309.4368 6951893.4905, -12899288.9373 6951841.7734, -12899255.6082 6951818.0385, -12899110.8244 6951809.523, -12899061.3298 6951770.7163, -12898952.387 6951851.0629, -12898882.2705 6951862.6094, -12898697.0071 6951710.7979, -12898650.9375 6951701.4839, -12898628.4844 6951717.9836, -12898594.7675 6951712.9935, -12898555.9059 6951679.4232, -12898519.0128 6951596.9195, -12898506.8326 6951530.4371, -12898537.6773 6951474.1346, -12898604.0851 6951448.4602, -12898630.54 6951414.3659, -12898626.6846 6951287.6716, -12898591.4001 6951205.3656, -12898465.4421 6951153.7512, -12898408.9958 6951092.5354, -12898376.5869 6951023.4625, -12898373.0692 6950941.7149, -12898394.1197 6950896.2372, -12898473.7966 6950803.1884, -12898506.9848 6950788.2351, -12898588.6691 6950796.1386, -12898617.2819 6950779.1832, -12898624.4267 6950758.6111, -12898552.3344 6950681.7051, -12898347.2134 6950563.0516, -12898305.0511 6950491.4226, -12898253.3839 6950327.5738, -12898254.6568 6950203.0554, -12898376.1991 6950097.0613, -12898405.4086 6950038.5661, -12898277.1956 6949910.3022, -12898337.7416 6949644.3493, -12898403.1511 6949547.7925, -12898699.0508 6949466.8095, -12898674.1329 6949314.1875, -12898742.6569 6949027.6322, -12898658.5593 6948818.9451, -12898711.5097 6948457.636, -12899130.2519 6947757.1007, -12899326.8754 6947746.9495, -12899444.4834 6947764.5587, -12899828.5733 6947900.0727, -12900005.6623 6947937.7814, -12900454.7338 6947948.2774, -12900469.811 6947927.5659, -12900866.3674 6947914.2422, -12901817.0472 6948013.6372, -12902141.1874 6948071.6544, -12902296.4367 6948123.407, -12902473.1385 6948209.5929, -12902666.6876 6948382.5523, -12902835.2704 6948405.5382, -12903097.2338 6948528.9048, -12903395.5832 6948639.5707, -12903709.4559 6948714.4441, -12904375.124 6948809.7124, -12904705.5702 6948885.3871, -12904957.7577 6948917.821, -12905264.2405 6948901.4248, -12905560.0862 6948846.9696, -12905891.65 6948754.1011, -12906217.4789 6948645.0268, -12906483.9821 6948604.3154, -12906779.1136 6948609.3604, -12907105.2309 6948666.9914, -12907380.1823 6948732.5762, -12908074.1456 6948828.9444, -12908853.7824 6948993.864, -12909236.0263 6949041.2648, -12909481.7902 6949093.1038, -12909596.8153 6949134.2457, -12909748.7151 6949222.4206, -12909882.2969 6949339.9306, -12910074.6468 6949564.8388, -12910245.7073 6949715.3132, -12910383.2339 6949787.3773, -12910526.4641 6949814.0176, -12910762.2164 6949808.6104, -12910957.2484 6949838.5541, -12911339.0264 6949976.6616, -12911492.0353 6950018.1953, -12911759.62 6950035.814, -12912095.5829 6950024.9045, -12912233.1905 6950067.2213, -12912341.6575 6950147.941, -12912498.5806 6950334.2941, -12913101.7531 6950884.1958, -12913280.3993 6950957.3847, -12913542.7384 6950981.34839999, -12913773.5464 6951019.1857, -12913945.3236 6951134.8361, -12914190.8185 6951469.494, -12914333.3394 6951594.3573, -12914566.0466 6951691.0735, -12914877.5743 6951780.6219, -12915114.3925 6951886.0047, -12915343.4006 6952051.8805, -12915516.1912 6952222.1486, -12915677.3484 6952319.0611, -12915773.4639 6952347.5962, -12915921.1601 6952328.3791, -12916157.4066 6952230.553, -12916361.9403 6952176.223, -12916577.748 6952160.9611, -12916785.8535 6952178.6185, -12917002.2532 6952173.7744, -12917540.7072 6951883, -12917888.307 6951733.2958, -12917982.2543 6951709.2309, -12918450.664 6951660.975, -12918580.9735 6951710.02179999, -12918932.9964 6951703.5103, -12919499.6511 6951749.941, -12919824.5486 6951839.4347, -12920737.8022 6952268.0526, -12920917.3412 6952333.0671, -12921595.4379 6952489.8346, -12921876.6664 6952538.7954, -12922002.1544 6952503.0828, -12922083.7023 6952400.26959999, -12922161.215 6952241.2055, -12922248.7101 6952129.8059, -12922366.1738 6952123.7739, -12922843.2947 6952321.9609, -12922865.1708 6952347.7051, -12923264.1374 6952283.2682, -12923355.1382 6952257.774, -12923399.0747 6952300.4997, -12923443.9625 6952405.8937, -12923497.8106 6952467.7559, -12923614.9808 6952581.6921, -12923663.4365 6952605.0616, -12923697.3188 6952619.0097, -12923788.4689 6952603.1511, -12923888.0619 6952510.0125, -12923969.2987 6952475.0163, -12924018.1955 6952527.3077, -12924158.6831 6952592.6607, -12924246.4217 6952668.4652, -12924420.5317 6952753.8744, -12924864.6046 6952685.4171, -12925165.9701 6952605.4949, -12925409.4648 6952604.5827, -12925448.2651 6952589.3036, -12925503.2007 6952523.8797, -12925518.4505 6952426.6531, -12925488.1075 6952344.4834, -12925430.2996 6952278.1647, -12925169.5278 6952252.6429, -12924831.7812 6952133.4384, -12924662.908 6952044.035, -12924499.9949 6951871.1883, -12924358.9362 6951694.368, -12924406.618 6951612.9115, -12924420.1572 6951609.0871, -12924390.7336 6951459.4249, -12924407.938 6951357.5949, -12924543.2495 6951137.262, -12924702.7507 6951009.8338, -12924797.0788 6950974.7981, -12925055.7028 6950913.6482, -12925193.263 6950842.5932, -12925295.6384 6950736.372, -12925428.7947 6950489.1807, -12925526.4012 6950402.9845, -12925682.5691 6950349.3072, -12926103.4526 6950282.1531, -12926250.849 6950242.3278, -12926820.2382 6949988.2344, -12927133.1734 6949804.3643, -12927244.2283 6949715.5158, -12927215.7898 6949278.2396, -12927334.2425 6949266.4464, -12927598.4008 6949312.229, -12927920.9312 6949450.8105, -12928097.8418 6949547.6839, -12928199.3974 6949574.6621, -12928249.6229 6949571.5364, -12928336.9713 6949532.5146, -12928537.1686 6949290.9339, -12928616.4981 6949227.5647, -12928706.8559 6949187.9768, -12928849.2013 6949175.8641, -12929197.2235 6949231.2002, -12929457.3711 6949249.3013, -12929602.4559 6949289.3618, -12929734.1173 6949361.1174, -12929837.4793 6949463.6279, -12929968.4493 6949678.1123, -12930029.7927 6949752.4749, -12930110.0198 6949803.5238, -12930201.1435 6949834.683, -12930298.4143 6949855.4054, -12930607.7966 6949880.1841, -12930866.2611 6949882.3369, -12931209.6104 6949865.8763, -12931501.0582 6949881.7057, -12931738.0662 6949915.4557, -12932064.6167 6950007.0801, -12932166.8675 6950019.7609, -12932332.5805 6950003.5932, -12932675.0057 6949914.363, -12932856.0408 6949888.975, -12933036.6152 6949886.1671, -12933338.4942 6949912.2552, -12933525.9399 6949900.8834, -12933710.5591 6949840.19, -12934007.4196 6949708.9593, -12934127.9444 6949677.8452, -12934247.9568 6949669.6748, -12934383.6938 6949690.1662, -12934627.2925 6949697.7689, -12934836.1488 6949728.3262, -12934921.2612 6949795.6126, -12934940.2967 6949830.0931, -12935086.3048 6949869.4939, -12935339.7804 6949968.649, -12935463.7792 6950034.0015, -12935605.906 6950212.3956, -12935766.9007 6950306.5173, -12936297.5189 6950395.2874, -12936551.0548 6950456.174, -12936590.4247 6950572.6979, -12936603.2583 6950983.7508, -12936643.8106 6951144.2755, -12936735.4455 6951273.9586, -12936999.2473 6951543.7557, -12937113.9533 6951729.0538, -12937129.6443 6951841.7171, -12937121.1456 6951898.757, -12936992.7999 6952161.5074, -12936974.7288 6952271.5481, -12936982.0748 6952370.0608, -12937157.5766 6952736.8537, -12937193.5739 6952900.6613, -12937386.682 6953178.6285, -12937394.7957 6953613.4787, -12937373.4802 6953741.1927, -12937349.6273 6953801.7711, -12937277.269 6953910.6322, -12937229.4632 6953957.3272, -12937010.7889 6954113.7622, -12936861.3145 6954245.6196, -12936786.2201 6954348.9607, -12936744.4717 6954464.0356, -12936727.2977 6954648.1444, -12936754.8833 6954827.4345, -12936843.0373 6955122.1982, -12936849.3302 6955242.8673, -12936836.6846 6955301.61379999, -12936743.4408 6955464.6601, -12936701.7224 6955512.0917, -12936598.1944 6955589.2204, -12936416.8547 6955664.9727, -12936103.6365 6955752.7532, -12935941.7677 6955843.0977, -12935855.653 6955929.8225, -12935603.4583 6956341.8237, -12935516.4114 6956527.8727, -12935499.4813 6956653.4758, -12935506.6232 6956714.3928, -12935524.8544 6956769.0362, -12935593.0765 6956851.2933, -12935647.1969 6956852.3324, -12935747.9622 6956889.4296, -12936154.8761 6956986.7383, -12936597.0901 6957141.2445, -12936803.9628 6957179.2412, -12937082.3384 6957170.83519999, -12937417.8117 6957123.8219, -12937627.843 6957129.3425, -12937872.4766 6957094.0983, -12938350.9762 6957071.8294, -12938620.723 6957084.7311, -12939149.8896 6957172.0436, -12939452.3388 6957309.9992, -12939887.1414 6957573.9991, -12940018.4891 6957617.1832, -12940148.1072 6957621.2927, -12940273.0452 6957589.5356, -12940329.4791 6957559.2742, -12940382.781 6957521.9643, -12940467.6336 6957427.796, -12940600.858 6957205.5194, -12940771.2962 6956836.5202, -12940899.0288 6956598.7865, -12941038.4097 6956175.6742, -12941107.7297 6956091.0746, -12941197.2636 6956050.0632, -12941244.9856 6956048.139, -12941327.964 6956082.656, -12941535.5028 6956298.5836, -12941878.2113 6956597.2427, -12942168.3593 6956902.48, -12942258.8009 6956971.1667, -12942306.2793 6956990.8155, -12942356.0271 6956996.9262, -12942446.9845 6956972.56229999, -12942799.717 6956664.7465, -12942939.0826 6956575.5726, -12943093.3756 6956528.713, -12943252.033 6956522.5928, -12943524.5557 6956564.91669999, -12943732.6451 6956643.1459, -12944009.8228 6956837.1818, -12944294.8402 6956999.3072, -12944368.4137 6957071.7297, -12944398.526 6957162.0686, -12944391.2699 6957209.3269, -12944342.1512 6957292.1679, -12944265.2659 6957357.1761, -12944052.5466 6957499.4399, -12944041.3574 6957494.0236, -12943603.872 6957803.4645, -12943509.9726 6957957.1179, -12943506.4404 6958199.4735, -12943540.6749 6958393.4694, -12943548.2827 6958583.6617, -12943482.7514 6958652.0424, -12943398.0202 6958673.3866, -12943340.0803 6958672.6596, -12943169.2794 6958638.2551, -12942890.1094 6958557.7454, -12942780.2287 6958541.9833, -12942674.3375 6958545.2539, -12942516.7536 6958581.9633, -12942415.9046 6958628.3864, -12942330.8848 6958699.8456, -12942278.2816 6958789.9703, -12942254.8852 6958887.8577, -12942267.1614 6958986.3154, -12942344.4822 6959113.371, -12942415.801 6959186.8422, -12942900.7535 6959535.8036, -12943186.4896 6959720.7416, -12943280.6443 6959732.1419, -12943272.0427 6959782.7724, -12943334.7845 6959902.5237, -12943323.94 6959973.323, -12943124.3296 6960085.3868, -12943150.1401 6960089.3852, -12943134.6138 6960102.3515, -12943121.3193 6960157.4814, -12942966.3628 6960275.1265, -12942906.4169 6960383.6334, -12942848.2073 6960386.8509, -12942805.133 6960419.0627, -12942556.8907 6960520.8712, -12942480.5332 6960583.0846, -12942372.8112 6960571.4562, -12942338.0371 6960587.5916, -12942282.9187 6960536.4373, -12942264.5843 6960486.8143, -12942128.5424 6960395.7566, -12942093.5903 6960358.6937, -12942081.0978 6960244.6837, -12942090.0434 6960233.4425, -12942055.6475 6960168.6196, -12941861.1788 6960016.4843, -12941736.8246 6959988.7031, -12941457.1568 6960016.4179, -12941372.6074 6960148.9682, -12941340.0527 6960231.9424, -12941345.8284 6960390.6579, -12941389.1601 6960410.3238, -12941402.1951 6960487.5338, -12941434.3207 6960512.4718, -12941454.4469 6960575.9074, -12941405.5168 6960670.7059, -12941402.8948 6960718.7511, -12941366.5612 6960749.6579, -12941307.8897 6960713.6722, -12941279.1606 6960660.9499, -12941235.9968 6960641.9485, -12941141.8036 6960543.5633, -12941116.3027 6960446.0762, -12941090.1208 6960439.8534, -12941054.5429 6960395.0564, -12941018.6936 6960392.0038))"
54,21041,1045,2023-10-15 06:33:14,MWF024, ,28504.4,2023-07-13,0700,0 - hand sketch of any type,Wildfire,Under Control,2023/08/09 15:00:00,E,28454.0,1685275500000,Lightning,5,57d73b56-e779-4308-87fc-0edb9f7ddc0d,996076464.9375,189147.205343261,"POLYGON ((-12307714.3663 7883585.5603, -12307742.6085 7883390.727, -12307732.97 7883223.93509999, -12307699.4159 7883054.9342, -12307644.5645 7882909.8811, -12307333.9694 7882377.6666, -12307296.9196 7882176.565, -12307329.1131 7881950.13889999, -12307313.7871 7881727.0603, -12307356.3098 7881579.1366, -12307452.5883 7881459.1747, -12307587.6562 7881385.8181, -12307740.5256 7881370.4639, -12308092.7162 7881476.742, -12308279.8476 7881503.9113, -12308468.7152 7881494.801, -12308861.9579 7881414.5225, -12308988.3876 7881360.0715, -12309106.0213 7881288.5194, -12309212.5689 7881201.2596, -12309305.9563 7881099.9919, -12309439.4807 7880879.4035, -12309538.163 7880567.8397, -12309634.3941 7880447.8649, -12309769.4235 7880374.4778, -12309922.269 7880359.0807, -12310069.1771 7880404.0664, -12310187.3184 7880502.4445, -12310322.161 7880750.8958, -12310522.2398 7881004.6621, -12310583.5914 7881335.7922, -12310690.7408 7881573.4042, -12310791.0663 7881515.0428, -12311020.1382 7881559.6799, -12311144.5405 7881650.0183, -12311224.4308 7881781.5133, -12311247.3896 7881933.7283, -12311207.0646 7882094.067, -12311145.1661 7882212.6206, -12311098.7188 7882342.4296, -12311070.7533 7882477.4542, -12311062.0432 7882631.9483, -12311016.989 7882771.4233, -12311108.9162 7882927.7275, -12311121.7832 7883081.1545, -12311069.2545 7883243.7717, -12311008.695 7883319.3018, -12310861.524 7883405.7464, -12310274.5747 7884293.6523, -12310236.9988 7884442.9741, -12310144.7389 7884566.1423, -12309907.409 7885164.401, -12309873.032 7885222.2026, -12309251.2339 7885887.4529, -12308795.7253 7886272.7821, -12308672.5412 7886444.7522, -12308645.3685 7886510.4638, -12308617.8053 7886649.9651, -12308629.8443 7886789.4521, -12308651.6884 7886857.0551, -12308724.046 7886986.344, -12308869.8025 7887156.526, -12309037.3182 7887296.5272, -12309225.9535 7887388.7193, -12309359.4788 7887418.7322, -12309622.1115 7887447.2435, -12309937.1306 7887578.2255, -12310072.9115 7887593.5597, -12310140.4152 7887582.8589, -12310267.0988 7887522.048, -12310612.3012 7887249.8752, -12311028.7365 7887058.9986, -12311155.275 7886979.392, -12311264.6712 7886881.5332, -12311494.3774 7886614.9771, -12311596.0195 7886532.4854, -12311715.0645 7886481.4761, -12311846.55 7886464.6045, -12311913.9989 7886469.2061, -12312047.8595 7886507.4288, -12312226.385 7886617.84, -12312316.881 7886725.2396, -12312366.1501 7886857.1216, -12312373.3966 7886927.6291, -12312359.3916 7887065.9199, -12312337.993 7887131.5993, -12312263.1433 7887244.36039999, -12312159.1608 7887328.9322, -12311932.6953 7887464.842, -12311845.6327 7887563.2615, -12311814.9016 7887621.0831, -12311782.0074 7887746.5068, -12311794.8898 7887878.481, -12311848.4349 7888008.4199, -12312071.3745 7888385.1712, -12312211.9152 7888543.509, -12312335.0731 7888610.6859, -12312537.3293 7888669.4908, -12312676.3929 7888695.3687, -12312816.6822 7888695.7411, -12312949.3153 7888657.342, -12313064.0772 7888582.3427, -12313304.83 7888321.5845, -12313619.4245 7887929.4414, -12313720.9151 7887832.3097, -12313834.3198 7887750.0974, -12314022.5756 7887662.4018, -12314224.8683 7887619.932, -12314432.4294 7887623.0965, -12314819.1003 7887677.0418, -12314997.8696 7887652.7685, -12315051.4231 7887625.3201, -12315145.348 7887541.97959999, -12315756.229 7886802.1288, -12315983.2947 7886581.3254, -12316145.8981 7886496.9058, -12316265.2863 7886474.5048, -12316444.9993 7886492.3979, -12316555.5595 7886542.3001, -12316649.45 7886623.6618, -12316684.5903 7886676.8209, -12316736.5615 7886795.9978, -12316794.4717 7886989.6801, -12316851.7306 7887110.2333, -12316892.0722 7887164.296, -12317095.3656 7887341.9179, -12317134.8527 7887392.6191, -12317180.3517 7887509.963, -12317167.4319 7887637.9134, -12317100.1564 7887756.9758, -12316768.3156 7888044.842, -12316626.3113 7888223.8018, -12316564.7704 7888369.4849, -12316528.5545 7888527.92149999, -12316493.1171 7889021.8202, -12316455.3154 7889262.2166, -12316280.8369 7889784.2865, -12316220.416 7889921.0768, -12316140.2763 7890047.3347, -12316036.0211 7890154.74319999, -12315806.9017 7890339.3992, -12315712.654 7890446.6595, -12315650.6518 7890575.5234, -12315627.8767 7890717.7939, -12315648.3854 7890863.6446, -12315703.4189 7891005.069, -12315814.167 7891202.859, -12315904.5256 7891322.5364, -12316007.8957 7891429.5016, -12316237.0079 7891613.3056, -12316415.5345 7891728.0356, -12316539.3653 7891777.733, -12316666.0207 7891792.1457, -12316786.4486 7891762.997, -12317061.5634 7891605.5739, -12317484.8078 7891448.391, -12317627.0645 7891330.1826, -12317813.2719 7891083.4291, -12317993.993 7890917.8989, -12318289.0863 7890702.3234, -12318773.3241 7890412.2555, -12318897.2952 7890308.203, -12319108.7737 7890093.3509, -12319309.22 7889950.5326, -12319461.0059 7889899.217, -12319625.546 7889884.1472, -12319781.6712 7889924.7464, -12319860.5229 7889995.8898, -12319898.1175 7890091.3209, -12319884.8577 7890191.3512, -12319861.2328 7890235.8023, -12319790.3455 7890310.8816, -12319652.0597 7890401.1563, -12319569.0213 7890475.0726, -12319511.5926 7890572.0188, -12319495.8705 7890625.9611, -12319501.1228 7890797.4602, -12319666.6859 7891134.9155, -12319698.9064 7891255.6621, -12319699.0564 7891382.1868, -12319658.0212 7891571.6092, -12319523.5226 7891862.6831, -12319411.8095 7892012.8962, -12319130.3427 7892322.9831, -12319072.7291 7892421.4895, -12319057.1337 7892476.71769999, -12319058.0412 7892595.2677, -12319099.1022 7892712.8702, -12319307.6907 7893046.1711, -12319393.8011 7893217.9975, -12319434.4757 7893401.4455, -12319416.2263 7893588.0607, -12319371.2254 7893704.7373, -12319301.4455 7893806.749, -12319210.7893 7893884.103, -12319156.9496 7893909.6275, -12318978.8759 7893944.0342, -12318604.6795 7893942.7221, -12318477.6278 7893983.1334, -12318417.1242 7894017.9657, -12318302.3907 7894113.5707, -12318148.3265 7894294.4587, -12317906.2317 7894708.5431, -12317823.2815 7894928.7717, -12317798.9359 7895332.5075, -12317774.5603 7895492.1606, -12317638.4561 7895871.6293, -12317581.802 7896107.9273, -12317574.6752 7896271.72600001, -12317630.6776 7896845.3645, -12317604.3949 7897075.7983, -12317535.3091 7897278.5905, -12317459.2737 7897387.0488, -12317411.145 7897430.8773, -12317300.5849 7897485.4978, -12317173.1556 7897502.7941, -12316978.075 7897475.3876, -12316538.294 7897329.014, -12316406.992 7897320.8433, -12316272.8086 7897353.5226, -12316083.2536 7897455.4231, -12315735.8322 7897725.6023, -12315423.634 7897884.0568, -12315327.3113 7897988.2948, -12315295.2368 7898052.6122, -12315273.0752 7898194.2892, -12315295.9917 7898338.4594, -12315323.7079 7898404.4195, -12315404.2759 7898520.749, -12315517.3933 7898609.7751, -12315585.1783 7898637.6857, -12315733.2868 7898665.1288, -12316106.0597 7898644.6109, -12316253.2528 7898650.266, -12316467.3203 7898695.0973, -12316669.2561 7898767.5539, -12316843.5957 7898875.7093, -12316938.0121 7898970.238, -12317188.523 7899360.2264, -12317308.8092 7899497.7393, -12317403.3425 7899566.5326, -12317596.0467 7899630.1767, -12317527.0846 7899488.1277, -12317701.9339 7899586.5893, -12317783.1186 7899687.5009, -12317806.1109 7899751.449, -12317807.4644 7899891.94, -12317750.1943 7900031.4024, -12317622.0098 7900233.7826, -12317554.2368 7900383.2566, -12317534.478 7900463.4371, -12317536.2172 7900628.0189, -12317594.9885 7900779.5122, -12317642.8616 7900845.9805, -12317886.7716 7901052.0582, -12317991.8319 7901160.5677, -12318049.185 7901296.5299, -12318047.2791 7901440.0682, -12317991.6198 7901571.8259, -12317883.4092 7901675.7773, -12317368.0703 7901882.7336, -12317244.0188 7901980.5366, -12317147.9142 7902110.3523, -12317113.7824 7902185.46549999, -12317080.7519 7902350.2684, -12317096.6276 7902520.4691, -12317159.9786 7902681.9779, -12317313.7769 7902887.5462, -12317446.7236 7902996.4493, -12317602.2177 7903077.2457, -12318288.5052 7903247.4563, -12318545.9967 7903264.0911, -12319058.363 7903172.739, -12319320.1927 7903152.8191, -12319669.7933 7903184.6401, -12319922.542 7903259.8246, -12320081.7676 7903341.1878, -12320291.9019 7903516.0387, -12320703.1117 7904020.9959, -12320863.3177 7904252.764, -12320955.4063 7904418.9795, -12321057.4949 7904686.1699, -12321118.0948 7904964.6324, -12321130.0457 7905246.8005, -12321080.2273 7905524.7768, -12320899.8542 7905957.0696, -12320841.6918 7906131.9414, -12320813.4566 7906312.7416, -12320811.1084 7906591.1152, -12320793.695 7906775.5674, -12320770.9879 7906865.7877, -12320696.0497 7907038.0356, -12320531.0679 7907271.3628, -12320340.3834 7907480.7067, -12319854.7344 7907897.6933, -12319479.8467 7908280.1129, -12319339.613 7908377.0158, -12319183.8953 7908433.8201, -12319103.9903 7908445.8949, -12318945.2477 7908438.1424, -12318793.5038 7908394.7341, -12318445.1595 7908221.0789, -12318295.315 7908187.2341, -12318219.2087 7908186.0721, -12318073.4693 7908218.4641, -12317947.5935 7908306.2195, -12317868.4667 7908448.4403, -12317841.8914 7908619.1457, -12317861.2814 7908795.8325, -12317985.526 7909244.6249, -12318003.7425 7909436.5612, -12317996.1341 7909632.229, -12317910.1662 7910783.0098, -12317870.72 7910960.4573, -12317838.0205 7911041.9277, -12317741.7936 7911185.24, -12317677.4088 7911242.6343, -12317526.0835 7911324.7088, -12317362.4659 7911371.1554, -12316942.5691 7911455.7233, -12316706.8748 7911568.0149, -12316510.6093 7911749.8763, -12316286.9608 7912038.1152, -12316167.3201 7912168.9107, -12316030.8415 7912278.3528, -12315878.1668 7912361.1964, -12315714.4663 7912413.518, -12315545.016 7912443.3109, -12314788.3318 7912502.6169, -12314550.3007 7912536.4208, -12314402.8383 7912585.7468, -12314273.2502 7912671.3138, -12314219.4032 7912730.9553, -12314139.9829 7912878.3426, -12314096.0912 7913050.39, -12314002.0841 7913575.347, -12313943.7101 7913735.1162, -12313901.8691 7913806.0523, -12313790.2864 7913921.5398, -12313723.1919 7913964.26739999, -12313573.3039 7914019.4578, -12313261.6283 7914095.6553, -12313121.4599 7914174.3478, -12313059.741 7914230.2615, -12312961.164 7914372.3528, -12312794.5402 7914785.8083, -12312661.6603 7915010.0353, -12312539.7589 7915133.9826, -12312123.2504 7915445.5033, -12312006.9349 7915574.783, -12311749.83 7915926.8521, -12311572.7885 7916110.7693, -12311438.2827 7916203.5067, -12311288.3848 7916267.174, -12310650.8018 7916398.9565, -12310490.8572 7916406.351, -12310096.8276 7916343.0486, -12309931.6587 7916339.736, -12309763.2802 7916368.1862, -12309426.777 7916463.2204, -12308922.2866 7916563.0568, -12308759.7108 7916615.7552, -12308603.363 7916690.1276, -12308099.9541 7917025.6526, -12307953.1185 7917097.9396, -12307875.493 7917119.349, -12307714.6728 7917125.5, -12307635.4852 7917109.383, -12307129.3435 7916880.2612, -12306990.2802 7916834.6118, -12306846.6641 7916830.0708, -12306776.2073 7916850.7241, -12306709.1426 7916888.03899999, -12306595 7917002.8335, -12306424.5335 7917298.4139, -12306374.4582 7917366.68, -12306251.3474 7917478.6698, -12306178.7828 7917520.9665, -12306019.5687 7917577.9, -12305615.7159 7917651.065, -12305471.1507 7917725.627, -12305350.6159 7917843.4597, -12305302.1217 7917916.3279, -12305229.7192 7918080.5148, -12305108.0263 7918609.8405, -12305052.5155 7918779.1924, -12304974.8782 7918938.0894, -12304809.3123 7919144.7581, -12304476.2512 7919435.9979, -12304362.2558 7919569.9362, -12304267.8138 7919719.5723, -12304110.4528 7920042.1426, -12303960.9679 7920257.0692, -12303778.6322 7920431.6881, -12303641.3487 7920519.792, -12303566.6663 7920550.177, -12303407.1694 7920581.3682, -12303242.9338 7920573.7504, -12302591.8416 7920426.4852, -12302425.6969 7920409.5068, -12302170.0434 7920435.5817, -12301746.5268 7920549.4006, -12301575.511 7920581.375, -12301318.9446 7920601.4449, -12301069.9486 7920583.83169999, -12300750.6294 7920499.0511, -12300441.1708 7920372.1759, -12300227.7934 7920245.3143, -12299906.275 7919989.7855, -12299771.5213 7919903.5136, -12299629.6098 7919837.8878, -12299480.065 7919807.0345, -12299401.8926 7919809.5007, -12299247.9117 7919855.3372, -12298882.2659 7920078.701, -12298728.2894 7920145.1697, -12298487.6931 7920186.2094, -12298251.058 7920167.7472, -12298033.1634 7920101.2301, -12297907.4042 7920018.6323, -12297807.712 7919904.772, -12297658.0728 7919647.246, -12297574.264 7919538.57069999, -12297464.4173 7919467.2829, -12297331.7275 7919455.2501, -12297203.5192 7919511.3261, -12297149.172 7919560.8135, -12297074.2064 7919694.1934, -12297056.626 7919772.0876, -12297051.2929 7919853.9054, -12297073.6322 7920017.3321, -12297184.3518 7920330.9182, -12297221.7864 7920495.5513, -12297216.3015 7920667.0929, -12297167.1164 7920835.9358, -12297026.4066 7921065.9867, -12296522.1956 7921695.5687, -12296327.8267 7921871.45489999, -12296101.1338 7921996.489, -12295854.6343 7922077.8018, -12295602.1386 7922134.5317, -12295348.09 7922168.4361, -12295095.8489 7922173.7519, -12294857.5551 7922127.1319, -12294368.5232 7921880.868, -12294296.0613 7921857.8608, -12294145.278 7921846.7833, -12293993.3876 7921888.3939, -12293713.1888 7922074.9261, -12293564.5784 7922152.0379, -12293406.212 7922186.5733, -12293248.8124 7922176.5318, -12293101.8474 7922120.3036, -12292977.6639 7922024.0525, -12292927.0428 7921962.7485, -12292825.4222 7921744.9398, -12292749.8337 7921348.17, -12292697.168 7921199.7498, -12292658.7725 7921131.9933, -12292559.9626 7921014.8258, -12292431.888 7920931.4466, -12292276.4951 7920893.5886, -12292192.8651 7920892.2034, -12292021.9657 7920920.8689, -12291179.4833 7921240.4978, -12291012.6054 7921283.2886, -12290844.9148 7921300.45489999, -12290761.9893 7921295.8014, -12290602.3399 7921258.7159, -12290095.5623 7921021.5058, -12289941.0464 7920994.3914, -12289862.7833 7920995.4634, -12289708.051 7921029.635, -12289633.1473 7921062.14639999, -12289494.3606 7921154.56059999, -12289374.1846 7921278.2236, -12288832.0698 7922064.5862, -12288719.1057 7922291.6879, -12288573.9376 7922679.8244, -12288528.5146 7922742.9613, -12288414.7162 7922835.0226, -12288284.6803 7922872.0182, -12288153.2317 7922848.5806, -12288039.0379 7922767.5864, -12287950.8913 7922648.6772, -12287759.8871 7922303.5991, -12287661.2189 7922177.4718, -12287474.6688 7922023.3933, -12287256.35 7921916.1221, -12287103.4436 7921871.5847, -12286942.0711 7921854.7927, -12286361.0207 7921900.4745, -12286034.568 7921886.4629, -12285881.0654 7921849.2347, -12285741.8479 7921781.99319999, -12285623.1761 7921682.6134, -12285429.385 7921458.7991, -12285255.9406 7921351.7125, -12285190.696 7921335.5528, -12285052.3401 7921338.6422, -12284691.0119 7921443.12169999, -12284618.8683 7921441.0036, -12284487.8092 7921391.6659, -12284393.9698 7921296.4942, -12284348.7344 7921172.6027, -12284346.2927 7921104.9041, -12284385.142 7920971.0461, -12284523.1792 7920790.951, -12285020.6204 7920300.5889, -12285220.4379 7920191.8999, -12285375.3643 7920167.0166, -12285538.9974 7920185.1858, -12285860.6403 7920261.133, -12286017.8116 7920255.6278, -12286155.1095 7920195.3419, -12286255.6855 7920086.5357, -12286319.7696 7919949.5994, -12286442.8752 7919572.8815, -12286525.987 7919432.3159, -12286783.0992 7919099.9655, -12286878.6798 7918870.8153, -12286897.0253 7918704.52, -12286884.2577 7918535.3056, -12286707.4015 7917641.5618, -12286575.386 7917350.7932, -12286274.2324 7916877.9708, -12286121.4095 7916690.3404, -12285837.2419 7916403.8608, -12285742.8768 7916278.9038, -12285678.2367 7916137.6744, -12285577.226 7915672.8467, -12285455.7102 7915464.3188, -12285280.246 7915292.5258, -12284877.0013 7915001.6047, -12284356.8268 7914586.6475, -12284000.3863 7914240.9543, -12283846.3103 7914054.4244, -12283765.5549 7913919.067, -12283610.8703 7913488.203, -12283527.7423 7913366.6425, -12283472.3181 7913317.473, -12283338.9455 7913249.7084, -12283033.1892 7913189.2657, -12282889.529 7913143.8377, -12282766.3503 7913067.1909, -12282672.2888 7912954.4856, -12282617.5405 7912813.6473, -12282573.2427 7912500.4354, -12282536.04 7912345.6184, -12282431.3461 7912131.5667, -12282203.2651 7911796.9133, -12282143.1908 7911646.6812, -12282105.5125 7911488.9703, -12282090.1051 7911327.603, -12282100.6004 7911167.7263, -12282132.8386 7911009.4878, -12282250.7901 7910620.5216, -12282274.4632 7910380.2322, -12282234.6355 7910139.19960001, -12282039.0885 7909584.5795, -12281803.9072 7909130.8699, -12281399.8823 7908496.1374, -12281325.2541 7908349.6768, -12281255.208 7908115.3747, -12281217.6798 7907716.7289, -12281174.5908 7907567.4556, -12281139.2028 7907499.67, -12281042.6149 7907382.8909, -12280915.5898 7907295.9075, -12280767.6346 7907240.6963, -12280300.7105 7907133.5521, -12280166.3157 7907063.16269999, -12280109.1678 7907013.6768, -12280059.9048 7906955.8914, -12279988.3621 7906822.0603, -12279847.9951 7906388.7707, -12279625.126 7905926.3247, -12279555.0135 7905661.8681, -12279547.839 7905534.1968, -12279573.0329 7905412.2955, -12279603.8522 7905355.2247, -12279700.2685 7905254.2204, -12280011.8781 7905045.9217, -12280240.992 7904855.6031, -12280358.7282 7904782.5094, -12280490.9884 7904748.2689, -12280628.7339 7904771.902, -12280749.2707 7904856.2606, -12280797.5365 7904916.6116, -12280858.0328 7905067.29689999, -12280870.7965 7905240.8633, -12280815.2646 7905864.431, -12280832.796 7906040.5448, -12280896.2264 7906201.5676, -12281008.8188 7906327.35719999, -12281157.4449 7906400.5802, -12281237.6748 7906415.7695, -12281396.6295 7906409.0603, -12281542.0894 7906352.8788, -12281606.5127 7906309.8622, -12281714.2646 7906195.2854, -12281828.5302 7905979.7793, -12281935.3083 7905660.5294, -12282074.2217 7905099.9185, -12282128.0333 7904946.0115, -12282199.2652 7904799.9552, -12282333.111 7904596.0449, -12282657.0869 7904217.2609, -12282733.0564 7904073.4759, -12282786.694 7903836.8364, -12282787.8277 7903675.1423, -12282766.5905 7903515.4995, -12282701.4556 7903280.7882, -12282502.1982 7902745.5901, -12282305.6022 7902124.6253, -12282243.5051 7901974.3214, -12282122.2201 7901760.5202, -12281847.8461 7901361.9219, -12281754.8737 7901149.0421, -12281740.1308 7900995.8066, -12281763.5721 7900840.4545, -12281811.8732 7900692.6211, -12281883.7014 7900555.7672, -12281986.8087 7900441.1787, -12282051.817 7900395.4279, -12282205.8435 7900336.6101, -12282290.6334 7900323.6127, -12282465.7705 7900326.5082, -12282983.0033 7900433.4195, -12283151.7523 7900433.4045, -12283309.7507 7900385.5765, -12283381.3104 7900343.8995, -12283503.9016 7900230.359, -12283598.0608 7900089.8744, -12283668.3779 7899935.3455, -12283740.6682 7899691.8461, -12283765.1566 7899525.8004, -12283755.2711 7899279.1857, -12283633.2742 7898795.942, -12283624.4285 7898633.8212, -12283651.3678 7898473.7066, -12283717.2381 7898321.1285, -12283808.2071 7898179.8992, -12284165.2503 7897717.2255, -12284287.4435 7897608.2442, -12284434.3902 7897531.9951, -12284602.7344 7897494.6129, -12284782.4757 7897490.7428, -12285244.5423 7897534.4276, -12285433.4549 7897536.6422, -12285715.527 7897508.0977, -12286078.7367 7897430.5128, -12286337.9821 7897337.0971, -12286498.3002 7897256.0167, -12286711.0707 7897113.1789, -12287023.0202 7896834.1014, -12287147.8507 7896739.7139, -12287216.2653 7896704.444, -12287368.5856 7896672.1938, -12287520.4252 7896694.854, -12287654.8535 7896771.522, -12287709.6366 7896828.04779999, -12287755.0723 7896892.6347, -12287808.521 7897042.9397, -12287805.94 7897205.3404, -12287753.2659 7897364.6313, -12287666.8055 7897515.0697, -12287168.7993 7898262.0059, -12286733.0413 7898861.96, -12286609.884 7899108.9985, -12286566.3757 7899289.8193, -12286558.1937 7899572.359, -12286608.2158 7899941.4284, -12286669.9642 7900112.5959, -12286769.4863 7900260.51519999, -12286907.5448 7900370.4402, -12287074.5389 7900436.2811, -12287254.6082 7900456.4034, -12287437.7115 7900443.58479999, -12288077.6088 7900329.0559, -12288817.6067 7900256.0244, -12289078.5078 7900183.1705, -12289235.5525 7900103.6649, -12289437.3433 7899939.8439, -12289546.5218 7899805.6231, -12289636.3263 7899657.3042, -12289743.5399 7899417.4121, -12290006.8096 7898683.6938, -12290117.7264 7898452.9284, -12290371.4086 7898010.0675, -12290798.8247 7897374.463, -12291242.8545 7896636.9791, -12291665.8031 7895889.9388, -12291807.5831 7895592.2706, -12291857.1969 7895439.08, -12291880.8073 7895284.3523, -12291877.7185 7895206.6721, -12291835.2559 7895058.7917, -12291800.0953 7894989.8845, -12291704.6608 7894867.7743, -12291476.0704 7894667.5542, -12291376.9932 7894562.434, -12291317.9879 7894441.87709999, -12291306.0874 7894313.7189, -12291320.2919 7894251.2722, -12291347.1421 7894192.0153, -12291438.0881 7894090.7034, -12291496.9289 7894050.8534, -12291634.4478 7893993.6262, -12292110.7534 7893875.4587, -12292333.3687 7893754.1799, -12292528.0747 7893583.6983, -12292932.1139 7893139.7886, -12293390.4543 7892729.3412, -12293948.7135 7892276.6109, -12294242.1572 7892078.2609, -12294481.5524 7891959.3853, -12294906.9637 7891809.7545, -12295069.5235 7891738.18209999, -12295291.6413 7891591.41700001, -12295624.3688 7891302.8212, -12295849.4371 7891171.6689, -12296097.265 7891081.4204, -12296350.014 7891014.3068, -12296854.4474 7890948.1841, -12297013.1442 7890912.7442, -12297157.4367 7890847.5395, -12297284.9867 7890757.9331, -12297393.4911 7890648.4276, -12297515.7896 7890455.778, -12297653.2994 7890113.3103, -12297691.665 7889907.2133, -12297664.8181 7889771.9288, -12297597.0435 7889653.6208, -12297499.6621 7889556.5036, -12297339.332 7889433.7906, -12297254.7228 7889340.2516, -12297214.1336 7889233.4634, -12297213.612 7889180.6411, -12297252.7408 7889085.7696, -12297337.4809 7889022.2389, -12297456.0813 7889006.2254, -12297592.8822 7889045.3427, -12297861.126 7889214.9078, -12298005.2246 7889273.2074, -12298157.5013 7889283.6718, -12298302.6079 7889242.9619, -12298426.051 7889152.5436, -12298520.0418 7889028.8068, -12298721.0569 7888605.9068, -12298853.4132 7888407.077, -12299299.162 7887968.001, -12299473.9185 7887840.3816, -12299615.518 7887801.3922, -12299692.8105 7887802.2943, -12299848.8217 7887839.838, -12300150.3624 7887966.0372, -12300309.0703 7887998.1208, -12300392.396 7887999.5721, -12300558.7851 7887976.2325, -12301287.4877 7887793.4367, -12301453.6969 7887782.2762, -12301952.657 7887799.7361, -12302416.3884 7887701.1868, -12302569.5541 7887697.44619999, -12302722.5194 7887733.1993, -12302866.8384 7887806.5767, -12302933.3062 7887856.2153, -12303048.8002 7887977.865, -12303289.9257 7888321.9195, -12303399.1166 7888447.7437, -12303587.504 7888607.125, -12303729.4591 7888683.0224, -12303958.4027 7888738.5072, -12304112.3945 7888731.9204, -12304330.2426 7888666.5986, -12304525.003 7888565.9448, -12304696.4142 7888440.5279, -12304827.295 7888287.8195, -12304865.1475 7888173.2895, -12304848.0149 7888059.1171, -12304773.6549 7887968.9502, -12304718.2624 7887938.7799, -12304590.142 7887907.0219, -12304324.9912 7887878.8718, -12304203.0705 7887844.4816, -12304099.3736 7887781.94870001, -12304022.1916 7887686.53059999, -12303877.2594 7887330.3581, -12303695.1554 7887053.856, -12303651.5263 7886927.5322, -12303639.5715 7886791.2218, -12303649.3804 7886654.3897, -12303679.7433 7886522.3175, -12303737.0189 7886395.97559999, -12303867.7945 7886227.301, -12304297.6388 7885763.1485, -12304409.4258 7885677.8591, -12304533.3118 7885608.0822, -12304874.8877 7885492.9119, -12305060.8948 7885385.3884, -12305274.5229 7885192.4007, -12305632.4887 7884940.84619999, -12306026.6354 7884521.5339, -12306284.8893 7884291.7567, -12306450.7308 7884187.4121, -12306568.6414 7884141.5082, -12306693.4664 7884129.3156, -12307014.0815 7884174.4922, -12307136.7556 7884149.4566, -12307192.7231 7884122.0176, -12307332.4579 7883997.9629, -12307569.9199 7883659.8577, -12307657.0336 7883599.7174, -12307714.3663 7883585.5603))"
55,21085,1659,2023-10-15 06:33:14,MWF025, ,108784.0,2023-09-17,1630,0 - hand sketch of any type,Wildfire,Being Held,2023/09/04 08:00:00,E,105251.0,1685277000000,Lightning,1,af41381a-fd0c-4947-adf3-4ae3e163936c,4102722579.74219,819838.224106832,"POLYGON ((-12284827.3124 8215292.9045, -12284978.956 8215124.9284, -12285126.219 8214918.215, -12285243.0743 8214698.6469, -12285353.27 8214542.4398, -12285489.4512 8214457.14239999, -12285647.9572 8214431.1976, -12285845.0484 8214469.4142, -12286024.7655 8214472.4958, -12286202.2858 8214444.2634, -12286388.5864 8214378.0923, -12286579.7529 8214268.879, -12286729.9977 8214140.2167, -12286862.6322 8213969.9912, -12286950.7398 8213792.7522, -12286996.6167 8213637.3254, -12287017.6563 8213476.6262, -12287011.2965 8213296.7025, -12286978.9654 8213137.9036, -12286929.7062 8213002.5281, -12286852.4465 8212860.1418, -12286753.9065 8212731.6174, -12286646.1974 8212628.1078, -12286566.3537 8212495.3977, -12286459.1121 8212181.0122, -12286435.1725 8211968.7086, -12286480.2122 8211814.3298, -12286684.8619 8211559.0833, -12286777.3293 8211404.7592, -12286909.9327 8211002.6144, -12287011.0131 8210877.679, -12287152.4365 8210801.5882, -12287322.5171 8210785.1706, -12287558.9132 8210808.3571, -12287945.0233 8210774.2199, -12288097.0828 8210777.4371, -12288529.8478 8210712.6752, -12288720.7702 8210755.1212, -12288886.7254 8210767.6687, -12289050.6647 8210818.568, -12289173.7199 8210921.8432, -12289247.3705 8211064.7391, -12289260.1674 8211225.0509, -12289204.6076 8211394.6854, -12289141.0238 8211473.3227, -12288662.9634 8211732.5364, -12288580.0253 8211802.3537, -12288524.3316 8211972.4361, -12288432.7337 8212110.6649, -12288359.7586 8212275.1604, -12288316.4035 8212449.85499999, -12288303.9877 8212629.4415, -12288326.4897 8212826.1246, -12288386.0432 8213014.8976, -12288470.5207 8213173.7974, -12288576.1801 8213310.1032, -12288711.856 8213593.7726, -12288735.9996 8214010.1852, -12288693.6528 8214140.6703, -12288893.4079 8214134.5486, -12289103.2579 8214084.4775, -12288963.0048 8213687.0994, -12289101.1443 8213554.5336, -12289469.7047 8213473.6312, -12289318.2578 8213435.2588, -12288852.4147 8213176.8687, -12288423.1386 8212856.3917, -12288683.3007 8212357.64, -12289165.8086 8211906.614, -12289674.7532 8212006.4405, -12289855.1254 8211728.2536, -12289948.0905 8211314.8533, -12291309.9265 8210730.7646, -12291637.6697 8211107.6221, -12291788.489 8211013.5686, -12292065.212 8210977.4961, -12292502.9512 8211095.0148, -12292898.928 8211368.1989, -12293065.6057 8211435.4081, -12293241.4035 8211472.5981, -12293385.0226 8211479.9443, -12293546.0037 8211464.19389999, -12293685.4895 8211429.14899999, -12293828.5211 8211370.097, -12293998.6768 8211342.0467, -12294209.689 8211392.3692, -12294408.4591 8211472.3439, -12294549.1683 8211502.0845, -12294728.6132 8211511.2311, -12294766.7203 8211507.7071, -12294886.1565 8211357.3153, -12294639.9604 8211056.5522, -12294897.4516 8210589.8303, -12295201.5379 8210384.6241, -12295573.3797 8210603.7975, -12295913.024 8210658.2871, -12295935.1216 8210440.0623, -12295983.3776 8210273.8661, -12296084.2985 8210148.8149, -12296225.6188 8210072.55569999, -12296385.3789 8210056.9365, -12296757.2946 8210189.4302, -12296866.422 8210214.4594, -12297054.4058 8210016.5496, -12297002.1466 8209929.9652, -12296970.2369 8209754.34880001, -12297004.7607 8209597.3165, -12297097.1838 8209465.8564, -12297233.1407 8209380.396, -12297391.5024 8209354.2141, -12297547.661 8209391.3789, -12297677.3476 8209486.1155, -12297760.4094 8209623.7051, -12297783.9337 8209782.7643, -12297744.2611 8209938.5757, -12297647.5542 8210066.9198, -12297508.8425 8210147.8454, -12297734.1424 8210443.3629, -12297920.8879 8210184.1422, -12298101.4907 8210070.5899, -12298163.945 8210060.2576, -12298378.7365 8210105.2565, -12298521.0289 8210011.8657, -12298679.4004 8209985.65429999, -12298869.8634 8210030.9485, -12298902.995 8210050.7404, -12299117.9752 8210005.1831, -12299626.8595 8210148.1805, -12299858.3165 8210154.2583, -12299825.7864 8209937.9446, -12299829.4634 8209749.5575, -12299803.3213 8209572.2321, -12299837.7846 8209415.1892, -12299960.4851 8209240.5206, -12300178.6382 8209051.6793, -12300001.7641 8208963.8372, -12299639.5525 8208861.4812, -12299499.1186 8208751.649, -12299446.8392 8208665.0963, -12298568.1864 8208741.7374, -12297712.4148 8209006.3306, -12297004.5467 8208990.3779, -12296729.6584 8208293.7321, -12296586.8409 8207985.7128, -12296081.05 8208056.8296, -12296065.1926 8207683.9085, -12296139.8288 8207193.2518, -12296514.1702 8207120.1372, -12296573.5774 8206798.3831, -12297636.7847 8206322.2405, -12298455.2555 8206603.8268, -12298820.8502 8206957.282, -12298872.8365 8206924.5872, -12299031.1407 8206898.3774, -12299187.2571 8206935.49449999, -12299316.9232 8207030.1706, -12299399.9894 8207167.6965, -12299423.5424 8207326.6989, -12299383.9183 8207482.4689, -12299339.041 8207554.2354, -12299422.7158 8207501.603, -12299581.0307 8207475.3798, -12299737.1621 8207512.4884, -12299909.4273 8207638.2486, -12300048.8024 8207806.5784, -12300216.5002 8207941.98669999, -12300408.642 8208039.5049, -12300792.0132 8208160.1654, -12300923.4799 8208279.2283, -12301549.9438 8208007.7282, -12301919.3478 8208742.8111, -12302075.7418 8209474.2464, -12302241.9953 8209507.3013, -12302421.2225 8209519.3935, -12302564.4151 8209506.4693, -12302721.5567 8209468.2415, -12302948.9203 8209361.3009, -12303065.0067 8209276.3364, -12303168.8178 8209175.2612, -12303641.481 8208885.8085, -12303799.8125 8208859.4905, -12303955.9962 8208896.5185, -12304100.045 8209001.55529999, -12304286.2622 8209303.937, -12304441.1107 8209500.68509999, -12304582.4813 8209492.172, -12304555.3486 8209096.4715, -12304417.355 8208755.524, -12303986.9526 8208120.1381, -12303985.8805 8207712.6302, -12304193.1482 8207442.319, -12304745.657 8207100.4553, -12305051.9858 8207045.2207, -12306400.2294 8207249.2435, -12306948.1791 8207968.0661, -12306987.0745 8208520.2451, -12306675.6418 8208935.3261, -12306156.9756 8209336.5476, -12306176.1969 8209636.5446, -12306217.298 8209699.9076, -12306344.7166 8209826.764, -12306536.9656 8209969.6437, -12306620.1988 8210107.1465, -12306643.9147 8210266.1924, -12306604.4239 8210422.0657, -12306534.9949 8210514.4372, -12306555.2979 8210697.6798, -12306777.7087 8211079.14339999, -12306837.1652 8211060.9896, -12307478.4542 8211103.8395, -12307772.8377 8211238.7434, -12308026.452 8211440.2975, -12308368.1606 8211874.1481, -12309031.9774 8211621.0129, -12309355.2395 8211603.34579999, -12309673.3317 8211663.6773, -12310221.4734 8212000.0014, -12310550.8594 8212553.0018, -12310607.3984 8212872.3841, -12310585.0757 8212990.5882, -12310716.1694 8212989.1933, -12310840.8383 8212858.0762, -12310981.3427 8212782.2653, -12311175.2272 8212730.7863, -12311460.3359 8212696.955, -12311685.1815 8212602.8625, -12311809.0897 8212435.857, -12311846.4991 8212270.7217, -12311834.8513 8212158.5856, -12311758.2982 8211997.2115, -12311485.3083 8211600.1944, -12311421.1335 8211462.8529, -12311216.6433 8211458.4219, -12310741.615 8211343.9829, -12310274.9026 8211175.5621, -12309967.7751 8211133.8358, -12309688.1211 8211070.2258, -12309568.2994 8210986.4285, -12309619.7575 8210852.4076, -12309717.2213 8210738.0344, -12309826.1562 8210664.7075, -12310291.7925 8210598.48349999, -12310531.7103 8210654.6912, -12310997.7212 8210725.88400001, -12311115.6501 8210766.8761, -12311178.01 8210825.5106, -12311159.0849 8210968.8059, -12311211.0731 8211005.4268, -12311284.0842 8211010.2648, -12311378.8962 8210971.5221, -12311413.5629 8210912.20700001, -12311480.111 8210871.5914, -12311598.6989 8210885.1535, -12312069.7259 8210605.8898, -12312288.8685 8210541.1129, -12312465.6777 8210531.7085, -12312122.8284 8209818.839, -12311817.4201 8209429.0301, -12311745.0971 8209234.7108, -12311743.0625 8208978.7148, -12311864.191 8208494.0994, -12311725.3305 8208347.5045, -12311579.6207 8208242.3031, -12311430.9565 8208169.1427, -12311291.0883 8208060.11119999, -12311212.3704 8207920.0135, -12311193.8228 8207760.3275, -12311238.3242 8207605.8732, -12311338.9553 8207480.6526, -12311633.7424 8207312.55799999, -12311819.7073 8207143.5174, -12311933.7659 8206982.0142, -12312014.963 8206801.6792, -12312066.2138 8206555.4367, -12312059.2022 8206321.8987, -12311973.5025 8205971.3692, -12311866.5184 8205743.8366, -12311769.8765 8205614.0505, -12311640.2458 8205489.60589999, -12311485.6165 8205378.9569, -12311323.9509 8205300.7283, -12311151.184 8205251.8073, -12310990.5346 8205234.0835, -12310829.0953 8205241.75, -12310653.623 8205279.7968, -12310424.6593 8205382.9335, -12310217.9681 8205548.1744, -12310061.8107 8205639.636, -12309681.1242 8205690.7692, -12309541.2212 8205723.6516, -12309331.6474 8205815.3012, -12309187.3182 8205843.7351, -12309051.6065 8205891.0789, -12308756.5658 8206054.7857, -12308585.0287 8206185.2045, -12308444.3016 8206348.5012, -12308340.5353 8206537.543, -12308272.9659 8206757.5307, -12308176.48 8206885.9627, -12308037.9385 8206967.055, -12307878.8748 8206988.2013, -12307724.015 8206946.114, -12307583.4938 8206836.4612, -12307503.7581 8206704.7779, -12307388.9818 8206451.7866, -12307304.131 8206335.5888, -12307203.9657 8206232.3518, -12307013.6648 8206097.2947, -12306892.8321 8206047.4515, -12306610.2047 8206107.5173, -12306336.2589 8206067.878, -12306221.577 8205979.685, -12306171.2425 8205777.3928, -12306244.6794 8205704.16089999, -12306397.9338 8205423.0028, -12306361.3756 8205223.2538, -12306395.6788 8205066.268, -12306487.8804 8204934.7654, -12306889.3411 8204684.5452, -12306901.1321 8204642.8151, -12306944.2593 8204588.5762, -12306981.3217 8204569.3499, -12307019.1602 8204433.2874, -12307087.6066 8204371.4288, -12307181.0762 8204346.7346, -12307456.9387 8204371.9295, -12307581.1756 8204398.0646, -12307684.3495 8204375.3765, -12307748.7625 8204334.9051, -12307766.7402 8204261.0261, -12307688.0919 8204100.8327, -12307725.5966 8204013.4526, -12307768.6757 8203965.0544, -12308072.017 8203947.5672, -12308127.085 8203848.6192, -12308238.7183 8203718.8855, -12308401.0063 8203570.0089, -12308457.6091 8203533.3802, -12308517.7094 8203557.1344, -12308542.6874 8203602.079, -12308593.3585 8203580.9881, -12308648.1292 8203526.8227, -12308667.0089 8203310.8181, -12308608.4613 8203045.6472, -12308645.8618 8202971.9028, -12308633.4464 8202786.8648, -12308688.9636 8202700.4835, -12308811.396 8202589.2796, -12308901.4042 8202477.1384, -12308974.9546 8202353.5404, -12309064.0919 8202098.22689999, -12309156.2093 8201966.7409, -12309291.8936 8201881.1385, -12309473.3335 8201850.8327, -12309632.1533 8201854.2433, -12309945.5255 8201823.9872, -12310123.1634 8201878.5808, -12310335.0643 8201979.0659, -12310553.1187 8202027.9806, -12310982.5777 8202184.0419, -12311247.823 8202227.4776, -12311557.217 8202205.346, -12311733.2487 8202170.3641, -12311916.5891 8202097.1939, -12312096.638 8201979.0599, -12312236.8541 8201839.9397, -12312393.4305 8201622.3759, -12312567.7557 8201495.4081, -12312682.5219 8201381.5245, -12312778.088 8201251.0582, -12312845.0035 8201123.7577, -12312902.7402 8200953.5636, -12312930.0967 8200775.9155, -12312928.0375 8200614.1186, -12312879.0682 8200190.7024, -12312915.818 8200081.6032, -12312983.7983 8199988.7614, -12313173.6999 8199877.4948, -12313323.2005 8199748.5247, -12313444.5463 8199594.412, -12313213.4239 8199616.6594, -12313074.2446 8199652.0235, -12312941.331 8199706.4456, -12312523.8842 8199926.7726, -12312405.1597 8200007.683, -12312300.2718 8200102.8752, -12312115.6728 8200211.0691, -12311956.7636 8200232.2874, -12311802.0185 8200190.3262, -12311661.5607 8200080.8517, -12311609.1962 8199994.483, -12311548.4522 8199692.9723, -12311442.7042 8199452.6629, -12311645.5335 8199280.6407, -12311861.9286 8199151.5643, -12312035.7342 8198996.9315, -12312122.4507 8198787.2931, -12312149.1718 8198540.33259999, -12312138.1431 8198435.1941, -12312311.5187 8198021.7894, -12312598.1771 8197496.231, -12312655.4334 8197337.0374, -12312705.2168 8197127.2221, -12312774.1653 8196960.3219, -12312793.7403 8196602.4944, -12312830.8168 8196571.5877, -12312906.0142 8196330.8172, -12312974.7349 8196200.892, -12312975.382 8196090.0195, -12312958.2711 8196027.6753, -12312995.48 8195973.4294, -12313063.5831 8195948.5409, -12313090.1561 8195386.5756, -12313171.2706 8195126.4264, -12313264.5584 8195109.4656, -12313319.3902 8195028.0985, -12313341.4501 8194571.1928, -12313323.1751 8194374.6678, -12313361.0251 8194207.6435, -12313491.3178 8193831.14109999, -12313722.738 8193418.2953, -12313814.7418 8193282.712, -12313903.2824 8193073.225, -12314001.3448 8192894.9061, -12314076.5121 8192646.4651, -12314164.4086 8192547.8096, -12314287.7857 8192352.1454, -12314308.1056 8192190.8956, -12314395.3814 8191857.0046, -12314461.1301 8191715.5889, -12314425.753 8191716.0123, -12314682.204 8191709.5541, -12315604.545 8191550.419, -12315760.4313 8191587.10549999, -12315933.8629 8191707.8738, -12316078.5628 8191779.3407, -12316274.0577 8191833.6759, -12316496.0922 8191590.9061, -12316683.3035 8191332.6874, -12316600.9876 8190595.5612, -12317007.5855 8190292.9918, -12317365.4855 8190062.6087, -12316973.3121 8189005.6814, -12316930.7149 8188067.3507, -12316988.3638 8187182.9363, -12317387.9144 8186840.5884, -12317933.371 8186139.3262, -12319186.6297 8184700.2386, -12320148.3138 8183535.03939999, -12320263.3071 8183353.5518, -12320217.6492 8183380.3819, -12320059.1193 8183401.7346, -12319904.6723 8183360.04379999, -12319778.3151 8183261.7911, -12319699.687 8183122.2504, -12319681.0066 8182963.1125, -12319725.1734 8182809.1122, -12319825.3202 8182684.1806, -12319965.8805 8182607.7327, -12320125.0121 8182591.6458, -12320277.9845 8182638.4197, -12320318.7378 8182672.3256, -12320407.2899 8182555.6444, -12320479.9346 8182507.0323, -12320558.5154 8182387.6679, -12320622.1695 8182237.4195, -12320994.499 8181960.5429, -12321063.8266 8181841.5416, -12321073.3117 8181456.2415, -12321095.8311 8181307.1117, -12321213.2109 8181288.0185, -12321413.1867 8181209.9174, -12321489.955 8181164.9778, -12321696.8161 8180993.4592, -12321784.5553 8180884.0879, -12321919.7106 8180798.484, -12322184.368 8180748.5709, -12322368.3277 8180678.5437, -12322591.008 8180529.1619, -12322771.901 8180328.0201, -12322912.3875 8180251.53850001, -12323071.4637 8180235.3922, -12323224.4079 8180282.0899, -12323347.4537 8180384.3763, -12323427.3182 8180537.5597, -12323494.7022 8180753.9645, -12323600.9798 8180708.9196, -12323930.9966 8180668.839, -12324174.277 8180585.3993, -12324257.5923 8180571.8867, -12324363.3954 8180611.7385, -12324414.0358 8180666.9166, -12324398.6871 8180722.5662, -12324366.5304 8180746.4546, -12324117.0458 8180853.1024, -12324034.9485 8180920.9718, -12323777.8696 8180925.6419, -12323677.4399 8181024.7073, -12324005.3367 8180975.0377, -12324161.0485 8181011.49189999, -12324263.7833 8181085.9635, -12324497.8153 8181088.0795, -12324656.6613 8180988.61949999, -12324728.5715 8180981.3041, -12324952.0799 8181224.002, -12325586.2737 8181486.1124, -12326021.0747 8181308.7368, -12326779.4338 8181217.9496, -12327257.2605 8181191.3212, -12327358.3276 8180990.7476, -12327182.1941 8180538.1816, -12327130.5082 8180239.3328, -12327420.3076 8180047.1129, -12327635.9431 8180052.8164, -12328399.5167 8180578.6711, -12328594.0846 8180575.0795, -12328725.1966 8180304.5251, -12328574.4005 8179986.5548, -12328523.7046 8179739.8105, -12328683.3887 8179507.2202, -12329026.5037 8179378.6134, -12329537.8697 8179154.9431, -12330003.8442 8179345.5447, -12330224.0292 8179498.9983, -12330302.2545 8179786.0686, -12330271.7325 8180285.3641, -12330604.4697 8180424.6043, -12331450.6878 8180418.4594, -12331773.4855 8180397.8734, -12332166.9703 8180075.1897, -12332392.8069 8179786.4077, -12332456.199 8179564.8644, -12332066.5974 8179156.985, -12331807.5456 8178909.224, -12331674.3589 8178656.1827, -12331618.1141 8178426.0038, -12331686.4947 8177993.6665, -12331787.2343 8177568.845, -12331724.5723 8177142.9495, -12331693.8117 8176515.5038, -12331581.65 8176192.6595, -12331196.9213 8175882.245, -12330457.8297 8175607.0784, -12330104.4285 8175279.5187, -12329799.108 8174471.9455, -12330003.5973 8174042.2109, -12330035.3604 8173602.7185, -12329692.2292 8172880.0283, -12329399.1311 8172433.0687, -12329427.6266 8171588.393, -12329859.0587 8170721.7673, -12330503.7087 8170298.55259999, -12330801.8168 8170002.5334, -12331502.9445 8169164.4731, -12331680.9375 8168750.94619999, -12331274.3864 8168025.0689, -12330893.719 8167466.3513, -12330744.4524 8166830.3071, -12331044.9114 8166369.6874, -12331069.3936 8166260.1747, -12331070.8125 8165999.2116, -12331105.5237 8165837.6903, -12331196.7966 8165706.5503, -12331331.5681 8165620.9403, -12331495.9456 8165592.9626, -12331750.6571 8165600.849, -12331960.6352 8165558.5, -12332188.0814 8165455.2156, -12332383.8217 8165299.873, -12332476.8631 8165191.174, -12332553.8955 8165070.5617, -12332650.2234 8164820.6225, -12332678.9355 8164590.0532, -12332651.6466 8164337.5186, -12332687.0418 8164172.6399, -12332759.9339 8164018.9356, -12332805.0983 8163862.4647, -12332825.6356 8163684.8365, -12332816.5723 8163512.8023, -12332860.3452 8163359.1161, -12332960.0075 8163234.3218, -12333100.0675 8163157.8129, -12333404.2249 8163114.6335, -12333653.8393 8163013.80669999, -12333853.0152 8162866.4311, -12334019.2391 8162655.2183, -12333735.1881 8162702.4853, -12333509.9966 8162394.4194, -12333229.0546 8162279.1544, -12333221.7348 8162224.2025, -12333164.9961 8162196.1495, -12333184.7209 8162126.2258, -12333392.809 8161965.362, -12333360.311 8161597.14720001, -12333247.7149 8161480.9867, -12333137.1342 8161432.4011, -12333021.3983 8161521.2421, -12332793.0329 8161656.6099, -12332639.1635 8161810.3614, -12332421.7239 8161533.5208, -12331969.5974 8161428.8748, -12331856.0963 8161630.3874, -12331900.6059 8161730.6636, -12331871.5893 8161804.2959, -12331902.5187 8162183.6325, -12331919.1065 8162220.1964, -12331971.707 8162199.6038, -12332075.9362 8162105.5597, -12332185.8569 8162270.2161, -12332326.9237 8162525.3734, -12332275.6993 8162667.5385, -12332305.2471 8163044.3349, -12332526.7491 8163284.8932, -12332321.8462 8163616.8001, -12332034.575 8163774.9277, -12332002.5377 8163762.6826, -12331922.2311 8163676.8631, -12331872.8115 8163593.3724, -12331842.3452 8163475.5319, -12331761.123 8163302.7321, -12331776.3524 8163147.6373, -12331860.8139 8162911.456, -12331783.0109 8162630.5935, -12331473.285 8162814.5721, -12331414.5456 8162973.7275, -12331270.8834 8163193.8199, -12331146.8751 8163498.5466, -12331222.9594 8163608.99, -12331222.2864 8163637.22070001, -12331144.9069 8163747.0794, -12331072.7806 8163816.5786, -12330925.2654 8164122.7699, -12330673.1276 8164261.9103, -12330653.6876 8164260.4952, -12330411.7423 8164057.3573, -12330050.0464 8164150.0275, -12329979.4872 8164277.293, -12329941.3269 8164310.7204, -12329835.3719 8164355.6607, -12329600.4205 8163919.5496, -12329464.7355 8163803.0551, -12329075.8574 8163995.9656, -12329060.612 8164041.8427, -12329017.5682 8164012.9892, -12328999.6706 8163955.532, -12329042.4999 8163769.4713, -12329074.473 8163398.1224, -12329461.2015 8163357.1227, -12329630.9021 8163239.2096, -12329837.9663 8162997.7183, -12330302.9188 8162575.6442, -12330399.8277 8162275.6847, -12330426.6985 8162239.8028, -12330408.026 8162166.0062, -12330517.4619 8162046.594, -12330536.8414 8162041.74, -12330593.8524 8162076.098, -12330944.1353 8162011.2724, -12331100.8085 8161915.3206, -12331137.312 8161869.7975, -12331177.4108 8161759.6031, -12331226.8315 8161735.1339, -12331867.2591 8161029.1876, -12332014.4876 8160966.8646, -12332227.0205 8160786.5002, -12332297.5731 8160670.8379, -12332312.2957 8160569.4063, -12332205.6858 8160032.886, -12332209.3768 8159898.0561, -12332236.0907 8159782.1747, -12332302.6801 8159690.3944, -12332494.6875 8159542.8914, -12332737.4283 8159434.3391, -12332961.2722 8159389.3641, -12333246.457 8159405.9579, -12333320.899 8159383.16790001, -12333390.634 8159337.9119, -12333507.6513 8159200.20530001, -12333740.9285 8158801.3648, -12333772.7983 8158625.3715, -12333881.7313 8158646.3283, -12333985.439 8158595.5235, -12334271.0578 8158524.4509, -12334350.5177 8158454.5552, -12334535.2734 8158193.1924, -12334816.8793 8158048.0735, -12334856.7262 8157990.3247, -12334894.2555 8157839.5959, -12334922.3933 8157785.3879, -12334971.1558 8157749.5283, -12335122.728 8157695.0735, -12335180.4164 8157656.1597, -12335232.4575 8157539.2244, -12335216.2884 8157543.94, -12335130.9082 8157666.6689, -12335228.5957 8157449.735, -12335315.2423 8157332.0712, -12335380.5811 8157273.291, -12335594.8767 8157140.0356, -12335717.2718 8156989.8262, -12335817.8504 8156925.1725, -12335888.717 8156855.7982, -12335914.9076 8156729.5115, -12336045.9048 8156595.4973, -12336101.5277 8156516.3138, -12336122.4118 8156023.9868, -12336199.6757 8155954.2725, -12336103.7107 8155266.9553, -12336025.7353 8155053.9906, -12336009.3842 8154648.7494, -12336030.4524 8154604.06199999, -12336429.0319 8154144.375, -12336571.9806 8153887.7143, -12336632.1681 8153711.6497, -12336547.6649 8153176.9717, -12336490.6176 8152976.4057, -12336452.2798 8152737.5159, -12336334.3358 8152474.8199, -12336341.1252 8152407.7014, -12336413.5989 8152326.0605, -12336497.9713 8152296.282, -12336592.1189 8152161.9804, -12336783.2911 8152033.69439999, -12336809.9297 8151979.9257, -12336829.4117 8151837.7791, -12336851.8446 8151799.9247, -12336914.0253 8151779.4835, -12337083.7617 8151796.753, -12337146.7706 8151780.8878, -12337272.213 8151600.343, -12337253.7271 8151473.025, -12337205.0419 8151304.8537, -12337039.308 8150938.484, -12336935.8821 8150814.3556, -12336679.3055 8150609.114, -12336584.4524 8150513.9453, -12336517.4423 8150393.352, -12336471.7459 8150225.0541, -12336455.6408 8150050.5031, -12336462.6792 8149870.9284, -12336446.1487 8149798.4737, -12336450.2858 8149636.3498, -12336507.0956 8149629.5249, -12336577.4424 8149429.5979, -12336661.1205 8149276.9178, -12336821.9542 8149139.1364, -12336857.4525 8149016.6867, -12337059.3768 8148815.5864, -12337093.7669 8148339.9673, -12337074.7349 8148192.6329, -12336933.9968 8147876.6602, -12336934.2343 8147720.3495, -12336972.1177 8147644.8113, -12336997.5445 8147506.5943, -12336915.9746 8147273.9243, -12336724.4985 8147141.9668, -12336768.6676 8147069.4596, -12336773.8696 8146979.2017, -12336822.0506 8146762.9928, -12336816.2323 8146669.4565, -12336765.0368 8146585.4852, -12336569.832 8146394.2205, -12336510.4119 8146244.74149999, -12336445.1643 8146255.6713, -12336345.9902 8145976.7046, -12336523.1235 8145466.047, -12336872.4147 8144815.7589, -12336959.0778 8144565.7704, -12336983.7145 8144528.2534, -12337086.442 8144456.3127, -12337237.5129 8144291.4629, -12337331.6393 8144184.5661, -12337352.6056 8144127.7396, -12337338.3383 8144100.7135, -12337286.5177 8144065.9059, -12337021.3973 8143962.64, -12336982.4999 8143923.4744, -12336954.5236 8143854.55129999, -12336943.3503 8143726.3137, -12336966.6395 8143567.0026, -12336864.3302 8143362.5148, -12336884.0938 8143319.3732, -12337100.4538 8143076.3367, -12337254.6617 8142974.54299999, -12337456.301 8142930.4123, -12337583.6942 8142952.3538, -12337908.3594 8142816.95920001, -12337947.2413 8142772.5141, -12338037.9032 8142728.7826, -12338215.9708 8142685.7679, -12338291.5131 8142723.2968, -12338437.8769 8142731.28589999, -12338550.9963 8142642.8893, -12338645.3767 8142598.4987, -12338729.9462 8142586.9474, -12338863.5616 8142604.3826, -12338918.7036 8142543.5548, -12338988.3485 8142384.89769999, -12339273.8378 8142271.0853, -12339363.3057 8142152.4784, -12339388.629 8142101.0929, -12339414.9083 8141969.9203, -12339433.8371 8141960.2829, -12339474.679 8141852.9189, -12339515.19 8141810.6645, -12339628.1053 8141779.8459, -12339693.852 8141716.6023, -12339810.5815 8141650.3908, -12339882.1099 8141639.7311, -12339900.0229 8141756.5497, -12340258.5128 8141844.0762, -12340294.2807 8141748.0413, -12340387.6426 8141584.5245, -12340847.8323 8141190.7836, -12340916.0517 8141116.6174, -12341117.9519 8140971.016, -12341221.7641 8140909.7843, -12341643.7175 8140731.035, -12341889.7397 8140544.1488, -12342241.1234 8140444.8934, -12342485.414 8140200.8187, -12342902.2385 8139669.4775, -12343119.565 8139445.7091, -12343391.7456 8139131.6116, -12343628.9398 8139098.2026, -12343843.8849 8138942.4258, -12344026.9121 8138692.97339999, -12344177.3758 8138561.7727, -12344330.6142 8138239.4703, -12344715.0257 8137954.0427, -12344862.4119 8137979.4869, -12345075.5943 8137786.1425, -12345119.7121 8137708.0378, -12345208.5954 8137707.2641, -12345344.0618 8137768.8491, -12345638.3453 8137605.9931, -12345665.0907 8137554.773, -12345721.4675 8137501.8249, -12345803.8623 8137339.1683, -12345807.935 8137277.2821, -12345849.1541 8137232.6021, -12345855.4182 8137017.3115, -12345931.3414 8136960.1399, -12346056.1492 8136941.1877, -12346124.1617 8136899.048, -12346275.4852 8136647.1793, -12346303.4451 8136503.5019, -12346374.0559 8136526.2258, -12346373.1023 8136241.7074, -12346427.558 8136031.1536, -12346485.1054 8135918.6753, -12346381.5425 8135979.4911, -12346373.8524 8135960.5167, -12346654.5829 8135803.61339999, -12346960.9957 8135740.3498, -12347231.249 8135549.2547, -12347378.1014 8135485.0674, -12347744.4156 8135411.3259, -12347762.5534 8135459.4186, -12347854.2598 8135540.5473, -12347907.8881 8135534.41579999, -12347910.3179 8135611.3391, -12347882.1688 8135617.528, -12347877.8174 8135643.8584, -12347894.5403 8135694.0465, -12347948.0435 8135765.1489, -12347979.6385 8135754.4496, -12348025.9362 8135777.9531, -12348088.0061 8135844.06899999, -12348091.4774 8135874.6727, -12348123.9846 8135909.9556, -12348116.011 8135928.7179, -12348046.202 8135960.104, -12347987.7313 8135955.2982, -12347924.7246 8136053.1959, -12347912.4271 8136100.2222, -12347967.0025 8136124.456, -12348005.4751 8136109.9576, -12348073.2378 8136159.622, -12348096.8951 8136156.29599999, -12348118.0366 8136122.8349, -12348214.5956 8136153.3526, -12348302.3756 8136123.2995, -12348353.3505 8136053.3395, -12348370.318 8136054.4161, -12348401.6355 8136106.7683, -12348393.199 8136185.4446, -12348417.0205 8136205.4723, -12348475.3542 8136180.7776, -12348500.0544 8136277.5825, -12348563.1214 8136342.2417, -12348588.4175 8136487.1607, -12348618.4511 8136528.91619999, -12348599.0765 8136565.2904, -12348534.9131 8136557.2493, -12348534.4376 8136661.456, -12348562.6984 8136689.894, -12348651.449 8136672.9203, -12348743.2647 8136755.5276, -12348787.4183 8136944.2381, -12348810.5598 8136978.4209, -12348833.1404 8136978.2962, -12348866.9464 8137053.5962, -12348891.1323 8137251.5447, -12348833.0676 8137299.0441, -12348806.9197 8137362.1068, -12348812.0645 8137441.5423, -12348764.2338 8137519.5945, -12348767.0578 8137565.237, -12348725.6602 8137602.6524, -12348667.3162 8137611.9292, -12348614.7693 8137695.0915, -12348659.0219 8137724.1137, -12348623.3017 8137735.9281, -12348602.3 8137820.4296, -12348553.4208 8137839.2392, -12348634.1732 8137911.9961, -12348671.927 8137886.7838, -12348675.9302 8137853.1685, -12348724.5063 8137808.3726, -12348805.2296 8137812.0867, -12348849.8413 8137842.9503, -12348814.8544 8137857.6664, -12348748.1553 8137926.0597, -12348772.605 8137989.0022, -12348825.7821 8138029.0448, -12348801.8659 8138063.089, -12348818.3153 8138107.19829999, -12348653.1884 8138197.45, -12348617.4371 8138296.2227, -12348656.7694 8138354.509, -12348647.0143 8138413.5259, -12348681.6072 8138466.744, -12348689.766 8138600.1532, -12348649.7973 8138647.1125, -12348655.7461 8138725.0693, -12348690.0516 8138770.9429, -12348707.7146 8138773.948, -12348727.3851 8138749.9012, -12348754.8444 8138762.1379, -12348770.5318 8138748.3084, -12348758.2618 8138716.4057, -12348778.9552 8138675.30269999, -12348754.628 8138664.0943, -12348743.4564 8138611.4873, -12348779.2155 8138556.7278, -12348779.155 8138526.0684, -12348754.228 8138497.5291, -12348785.2818 8138480.1037, -12348782.6023 8138444.2837, -12348830.0601 8138387.6894, -12348809.0531 8138352.5026, -12348850.4748 8138276.2514, -12348818.6675 8138211.2604, -12348860.1346 8138184.3054, -12348886.4138 8138112.5263, -12348930.3725 8138127.1571, -12348958.1564 8138118.443, -12348994.4581 8138153.5252, -12348986.0046 8138205.8922, -12348998.0249 8138222.16910001, -12349033.7582 8138224.16709999, -12349083.0524 8138175.2605, -12349125.4429 8138187.8925, -12349140.0812 8138239.6389, -12349133.1919 8138272.3619, -12349098.9595 8138275.3374, -12349095.3155 8138310.0648, -12349141.6724 8138340.0955, -12349186.6315 8138344.7678, -12349233.7195 8138407.1291, -12349246.9528 8138465.433, -12349318.769 8138488.4734, -12349333.12 8138571.9933, -12349358.1708 8138558.8998, -12349392.401 8138569.0239, -12349411.8408 8138625.3412, -12349364.9815 8138667.7732, -12349355.1256 8138732.7492, -12349522.0206 8138728.4422, -12349538.2871 8138740.1922, -12349535.2395 8138769.3105, -12349633.5914 8138803.8265, -12349657.1031 8138833.8733, -12349643.0304 8138870.8623, -12349648.5128 8138911.9051, -12349629.7023 8138932.1533, -12349671.1734 8138986.104, -12349803.6335 8139109.5309, -12349934.2285 8139190.0542, -12350142.0198 8139390.757, -12350297.3828 8139450.8543, -12350418.2369 8139587.77179999, -12350443.9065 8139683.1194, -12350588.1239 8139816.8525, -12350713.9467 8139824.4919, -12350876.6604 8139751.5187, -12350975.5972 8139728.7464, -12351035.2391 8139737.17899999, -12351069.0167 8139696.037, -12351144.1865 8139666.3013, -12351182.2923 8139675.4564, -12351233.8886 8139641.0499, -12351346.5606 8139650.2053, -12351397.271 8139621.1726, -12351507.4865 8139645.41139999, -12351589.199 8139745.9119, -12351650.1214 8139735.857, -12351665.3162 8139758.108, -12351662.3169 8139802.4826, -12351704.3139 8139878.8125, -12351832.9603 8139935.1984, -12351858.2084 8139974.4196, -12351933.904 8139983.6161, -12352009.4691 8139964.8438, -12352071.7885 8139981.7382, -12352115.6791 8139911.4006, -12352162.5471 8139972.8907, -12352250.3705 8140005.7078, -12352435.6112 8139944.2704, -12352516.2856 8139868.5048, -12352602.1176 8139707.6838, -12352663.7788 8139634.8041, -12352789.9263 8139638.492, -12352837.8775 8139597.19129999, -12352892.3749 8139580.0715, -12352904.9147 8139551.4492, -12352892.6741 8139501.2022, -12352917.4179 8139478.3804, -12352952.7458 8139485.5497, -12352985.5064 8139530.9927, -12353026.917 8139545.7268, -12353070.3147 8139537.2088, -12353079.2428 8139590.2971, -12353270.1923 8139630.3814, -12353322.0027 8139679.6661, -12353381.41 8139710.3936, -12353515.9552 8139741.9618, -12353592.9884 8139809.4291, -12353608.1779 8139844.8933, -12353640.8104 8139821.9934, -12353621.3584 8139727.5355, -12353674.8838 8139724.0763, -12353678.2059 8139779.2963, -12353712.7746 8139843.1883, -12353714.9636 8139911.461, -12353688.4447 8139948.197, -12353656.4729 8139957.6137, -12353616.1221 8139996.9359, -12353608.6258 8140024.9758, -12353588.1891 8140030.4215, -12353542.1297 8140098.3596, -12353501.1805 8140125.2332, -12353564.5564 8140177.9615, -12353568.0707 8140224.4658, -12353619.7834 8140281.2137, -12353559.7512 8140347.0474, -12353566.7175 8140392.1564, -12353534.894 8140417.4564, -12353457.9953 8140368.4764, -12353419.3075 8140377.5215, -12353341.1592 8140357.4852, -12353320.4746 8140373.0187, -12353304.243 8140440.2832, -12353269.1199 8140463.2892, -12353243.2496 8140507.941, -12353280.9298 8140559.1253, -12353248.2653 8140572.2106, -12353220.0778 8140558.3254, -12353194.6755 8140580.1861, -12353189.689 8140604.593, -12353209.5454 8140645.9484, -12353136.3261 8140745.628, -12353151.4795 8140832.5499, -12353141.5165 8140857.4781, -12353085.6935 8140873.3, -12353091.6684 8140815.325, -12353061.9051 8140809.7228, -12353044.115 8140817.4903, -12353039.6879 8140864.4549, -12353006.8551 8140891.8243, -12353029.0837 8140924.3108, -12353058.0172 8140912.0507, -12353083.7313 8140947.7292, -12353053.3007 8141002.4737, -12353063.9084 8141060.1374, -12353089.8855 8141036.2765, -12353097.73 8140985.6926, -12353134.5964 8140975.0581, -12353147.8778 8140911.8696, -12353204.3812 8140877.44259999, -12353253.2345 8140769.6955, -12353327.0731 8140723.6156, -12353352.023 8140674.8006, -12353406.2862 8140643.4004, -12353416.8148 8140621.3633, -12353480.2402 8140605.4221, -12353568.0251 8140546.8697, -12353572.9435 8140515.5296, -12353620.0743 8140498.0394, -12353784.2125 8140579.2219, -12353736.9769 8140777.4724, -12353938.0173 8140731.359, -12354280.5301 8140890.4618, -12354505.5226 8140905.8222, -12354870.4535 8141181.8668, -12355089.2491 8141171.7404, -12355321.571 8141182.5015, -12355530.2935 8141301.1302, -12355661.7058 8141462.8996, -12355895.2245 8141537.4781, -12356044.6015 8141503.9044, -12356175.4246 8141408.7218, -12356491.8804 8141544.0286, -12356571.9823 8141361.1375, -12357020.5894 8141287.0607, -12357050.5477 8141320.8267, -12357127.0927 8141359.5646, -12357228.4407 8141321.9045, -12357270.2335 8141345.2879, -12357291.9327 8141306.2653, -12357334.4309 8141290.0207, -12357359.7965 8141299.2477, -12357380.1719 8141339.3078, -12357412.6718 8141329.1928, -12357439.2964 8141338.4917, -12357466.6166 8141322.6595, -12357474.9254 8141287.3326, -12357564.557 8141245.3718, -12357627.7153 8141245.0739, -12357661.3636 8141268.0942, -12357706.2967 8141274.0954, -12357747.7311 8141238.7418, -12357742.3001 8141196.4958, -12357805.6237 8141179.503, -12357836.9595 8141148.9895, -12357905.1526 8141147.3998, -12357935.2555 8141166.9051, -12358110.6392 8141069.9532, -12358249.4559 8141013.6529, -12358401.3034 8140880.3516, -12358411.1225 8140848.787, -12358442.983 8140827.4347, -12358487.9604 8140761.4546, -12358542.0098 8140811.7139, -12358593.3388 8140777.6572, -12358621.5139 8140781.2668, -12358649.1788 8140750.4807, -12358668.7393 8140690.367, -12358697.2093 8140669.38759999, -12358735.9275 8140686.9186, -12358737.6574 8140751.8811, -12358771.0122 8140775.7764, -12358799.8743 8140770.4849, -12358774.3074 8140816.5786, -12358831.4299 8140774.1066, -12358863.8439 8140727.85059999, -12358859.4713 8140716.3325, -12358818.8013 8140719.4313, -12358819.2665 8140692.556, -12358937.0953 8140657.6717, -12359008.0819 8140662.82549999, -12359114.1487 8140624.2906, -12359177.6603 8140631.4144, -12359206.2659 8140673.3043, -12359246.5767 8140587.8338, -12359284.5697 8140585.4611, -12359315.2582 8140611.6276, -12359348.1729 8140606.3378, -12359416.7941 8140551.1649, -12359493.9984 8140594.5804, -12359535.1492 8140547.2532, -12359529.7652 8140516.2522, -12359588.7181 8140496.902, -12359615.4567 8140456.0322, -12359639.4103 8140450.3829, -12359673.2991 8140466.3948, -12359689.2327 8140421.3773, -12359709.1076 8140439.2327, -12359733.3689 8140432.9495, -12359774.1828 8140465.2389, -12359793.7556 8140426.1452, -12359878.7656 8140394.8371, -12359927.255 8140464.8727, -12359922.8689 8140495.2596, -12359947.9187 8140548.6801, -12359904.8813 8140631.6267, -12359942.2863 8140738.3507, -12359912.2365 8140747.3887, -12359906.0156 8140777.1227, -12359861.5843 8140807.8785, -12359904.7497 8140900.2496, -12359873.7592 8140927.3378, -12359824.8616 8140916.118, -12359811.1642 8141012.9174, -12359768.9933 8141006.7333, -12359748.0737 8140983.6142, -12359717.1038 8140995.16130001, -12359693.5361 8140969.4715, -12359638.185 8141027.2661, -12359574.0762 8141113.4596, -12359566.9555 8141143.2546, -12359588.766 8141196.5122, -12359560.6532 8141239.2858, -12359575.411 8141259.2808, -12359627.1042 8141269.6458, -12359650.4772 8141297.7687, -12359645.6212 8141327.5475, -12359622.014 8141361.6493, -12359497.9376 8141376.9747, -12359593.2246 8141519.0145, -12359615.0342 8141633.4527, -12359658.3254 8141739.4564, -12359640.038 8141784.0275, -12359665.8494 8141891.612, -12359644.2201 8141929.6977, -12359677.0213 8141985.349, -12359715.7907 8141992.7007, -12359730.704 8142052.5917, -12359688.5115 8142084.7069, -12359711.5396 8142086.4863, -12359722.0413 8142106.4441, -12359695.4494 8142155.53369999, -12359683.9286 8142228.6447, -12359738.3157 8142377.7396, -12359788.4811 8142438.7021, -12359852.0872 8142465.4451, -12359903.7645 8142526.4222, -12359984.0013 8142442.7276, -12360190.8208 8142129.2981, -12360315.6347 8142005.7279, -12360489.5007 8141869.2994, -12360536.5941 8141790.9193, -12360629.7634 8141820.5537, -12360777.6438 8141740.5379, -12361389.194 8141267.592, -12361697.967 8141342.6003, -12361833.0562 8141326.2474, -12361964.6255 8141338.84049999, -12362037.3587 8141293.8995, -12362060.872 8141250.0627, -12362053.1933 8141211.627, -12362067.4717 8141154.48709999, -12362098.0088 8141112.0098, -12362140.852 8141100.5919, -12362129.3473 8141059.0739, -12362142.3232 8141027.563, -12362231.6709 8140995.6825, -12362268.7201 8140917.0841, -12362319.262 8140917.5264, -12362372.8256 8140847.1611, -12362425.8496 8140830.95709999, -12362422.7107 8140803.4443, -12362377.4029 8140797.4182, -12362341.9019 8140759.8781, -12362515.4946 8140632.2048, -12362612.9164 8140489.1907, -12362692.7848 8140467.1456, -12362710.1935 8140472.6775, -12362715.1004 8140503.7991, -12362761.2202 8140502.75550001, -12362791.8626 8140473.1529, -12362824.9729 8140466.9197, -12362864.1177 8140407.872, -12362912.0422 8140392.7409, -12362993.6012 8140300.8165, -12363031.0998 8140342.6391, -12363073.0368 8140352.3511, -12363139.1207 8140405.0776, -12363171.9295 8140405.2151, -12363177.8814 8140458.2617, -12363223.2501 8140488.02579999, -12363224.205 8140455.5881, -12363201.8621 8140436.0349, -12363226.7768 8140417.71989999, -12363204.4673 8140372.2554, -12363235.3626 8140338.5559, -12363232.2873 8140294.8329, -12363262.4777 8140261.7117, -12363261.5025 8140191.1421, -12363297.0865 8140195.5228, -12363353.5398 8140136.8087, -12363392.1194 8140166.8819, -12363442.8375 8140128.5378, -12363517.1399 8140109.3542, -12363554.5284 8140122.3712, -12363600.4594 8140168.6888, -12363814.7314 8140031.3545, -12364025.058 8139711.8702, -12364323.5104 8139324.3908, -12364449.5381 8139076.1966, -12364651.7416 8139027.7316, -12364748.9899 8139147.7341, -12364754.8777 8139179.9709, -12364822.1048 8139150.75999999, -12364872.5858 8139184.5388, -12364886.0775 8139245.006, -12364910.8018 8139262.1011, -12364952.9549 8139261.8905, -12365071.9098 8139162.1767, -12365029.0125 8139128.4062, -12365002.6549 8139067.4535, -12364950.2462 8139021.9414, -12365003.7422 8138942.8486, -12365033.3031 8138917.5844, -12365124.4399 8138941.2968, -12365147.1927 8138957.6417, -12365105.8527 8138979.1577, -12365121.8403 8138997.9768, -12365205.5632 8138932.515, -12365280.1096 8138923.6794, -12365341.516 8138950.6404, -12365417.8655 8138921.7688, -12365428.0302 8138898.0099, -12365349.5325 8138850.3232, -12365375.5108 8138729.7062, -12365416.807 8138717.2751, -12365463.9406 8138748.4794, -12365481.8913 8138736.247, -12365466.0968 8138687.7343, -12365516.0402 8138620.6279, -12365507.1687 8138597.6147, -12365517.103 8138593.3467, -12365559.2058 8138587.6062, -12365597.1091 8138607.6329, -12365641.3141 8138579.2005, -12365685.7082 8138607.3411, -12365725.3362 8138600.8705, -12365787.4873 8138496.8031, -12365795.4121 8138512.6574, -12365855.7663 8138525.61, -12365852.9802 8138558.6302, -12365885.5675 8138566.8803, -12365906.4825 8138593.8981, -12365887.1343 8138659.3686, -12365896.9928 8138696.8214, -12365839.7942 8138705.7556, -12365812.115 8138764.3852, -12365852.873 8138804.1767, -12365865.2819 8138883.487, -12365931.7592 8139045.5558, -12365967.5656 8139024.3145, -12365980.9241 8138991.0527, -12366143.364 8138928.4642, -12366198.1902 8138886.5037, -12366202.969 8138847.7761, -12366234.3556 8138847.4561, -12366274.2838 8138905.2092, -12366473.6823 8138964.6243, -12366498.8817 8139034.0828, -12366524.7726 8139058.0887, -12366537.2341 8139125.6437, -12366572.925 8139142.9308, -12366644.6464 8139271.7142, -12366721.0188 8139310.47730001, -12366780.9985 8139317.212, -12366786.4199 8139254.1093, -12366772.4405 8139232.1687, -12366790.491 8139215.3726, -12366707.9365 8139114.5808, -12366637.3493 8139065.7556, -12366624.7431 8139027.8494, -12366537.4297 8138933.3019, -12366529.1858 8138910.3813, -12366549.9472 8138885.9837, -12366482.4728 8138801.9538, -12366411.6019 8138654.3846, -12366387.0545 8138557.248, -12366419.717 8138520.0015, -12366401.6225 8138360.8113, -12366410.0708 8138296.8802, -12366437.9139 8138245.9029, -12366404.6639 8138223.4141, -12366405.4032 8138201.8064, -12366447.0496 8138194.14, -12366470.1947 8138222.9137, -12366502.8288 8138174.8442, -12366545.4147 8138182.027, -12366576.1677 8138153.2036, -12366630.0194 8138173.1136, -12366681.5826 8138155.9662, -12366713.5033 8138121.6964, -12366746.0351 8138129.2067, -12366775.3663 8138109.4955, -12366812.34 8138131.6759, -12366840.6562 8138125.142, -12366860.1 8138094.3942, -12366842.2671 8138070.9554, -12366842.7696 8138030.8539, -12366891.7419 8138012.9124, -12366903.2089 8137994.523, -12366889.8359 8137975.3691, -12366904.6987 8137940.8501, -12366872.5419 8137890.3797, -12366880.8188 8137866.886, -12366899.8099 8137859.9796, -12366986.3723 8137883.5784, -12367011.5149 8137943.1086, -12367101.9471 8137964.7216, -12367191.9259 8137936.0154, -12367189.7652 8137921.7078, -12367156.3688 8137917.2795, -12367156.3438 8137903.1852, -12367172.7631 8137870.6515, -12367207.9914 8137847.5066, -12367196.9747 8137818.8847, -12367206.2833 8137801.5295, -12367273.5234 8137755.9243, -12367328.9411 8137784.1826, -12367380.0247 8137761.8963, -12367451.7324 8137810.8188, -12367479.2099 8137854.075, -12367464.3491 8137880.7486, -12367420.3236 8137887.3359, -12367401.3422 8137941.6374, -12367488.9793 8138036.2765, -12367542.6316 8138061.8343, -12367579.8152 8138058.8257, -12367606.7079 8138105.4856, -12367640.823 8138108.2424, -12367655.3553 8138057.3132, -12367701.6162 8138053.4181, -12367708.1286 8138027.1906, -12367674.1454 8137979.3743, -12367626.371 8137953.1389, -12367643.8617 8137873.5393, -12367633.4912 8137777.6646, -12367562.3797 8137749.1142, -12367556.2682 8137711.0083, -12367572.2938 8137619.4922, -12367637.3245 8137551.6546, -12367696.5857 8137344.528, -12367770.0286 8137234.0392, -12367807.3869 8137220.414, -12367829.0055 8137180.7215, -12367874.3882 8137218.7603, -12367909.4867 8137195.8223, -12367932.6731 8137218.3576, -12367959.3337 8137203.6541, -12367968.6441 8137176.8732, -12368001.3489 8137164.2167, -12368070.7105 8137181.0239, -12368099.0203 8137147.9487, -12368111.129 8137092.0865, -12368176.2269 8137066.5459, -12368214.2224 8137015.2334, -12368284.0576 8137006.9213, -12368337.9114 8136974.9643, -12368566.2478 8136993.393, -12368705.7523 8136869.0715, -12368746.6516 8136902.3676, -12368779.4774 8136894.9882, -12368808.4789 8136870.57639999, -12368824.6309 8136810.7112, -12368842.4586 8136678.1213, -12368821.4709 8136607.6904, -12368840.0502 8136570.0542, -12368863.1057 8136561.0368, -12368927.6028 8136605.6958, -12369012.3176 8136594.0378, -12369058.7602 8136519.6995, -12369215.6789 8136440.7439, -12369262.8235 8136445.3224, -12369369.5253 8136497.0318, -12369410.5238 8136487.0848, -12369471.2666 8136503.5652, -12369511.2178 8136479.1717, -12369621.7819 8136595.0608, -12369611.6168 8136624.7517, -12369538.3258 8136660.6431, -12369546.0891 8136693.6402, -12369583.7474 8136717.4049, -12369599.3074 8136767.0351, -12369537.8023 8136890.0547, -12369548.6436 8136949.5638, -12369488.1896 8137064.7969, -12369387.3853 8137112.2942, -12369376.3301 8137138.0704, -12369399.4065 8137223.1186, -12369454.1383 8137240.2029, -12369438.7652 8137287.6187, -12369504.0601 8137339.4363, -12369495.0546 8137372.2911, -12369444.8855 8137385.0155, -12369435.4074 8137450.6871, -12369401.9076 8137489.251, -12369413.7644 8137609.59709999, -12369429.347 8137625.3205, -12369472.8065 8137626.1117, -12369485.3857 8137654.5124, -12369516.6796 8137667.5655, -12369583.0251 8137638.4141, -12369637.806 8137665.4848, -12369656.2928 8137650.6558, -12369670.6236 8137601.2097, -12369753.0669 8137563.2244, -12369739.0992 8137532.9401, -12369675.7815 8137529.30349999, -12369652.3247 8137495.0523, -12369640.0859 8137463.0651, -12369660.4806 8137415.9515, -12369763.5641 8137429.47119999, -12369819.8915 8137420.3804, -12369868.2573 8137310.3608, -12369900.7227 8137182.0874, -12369934.898 8137135.6487, -12369956.1162 8137134.2822, -12369920.0357 8137081.1383, -12369911.4526 8137013.0991, -12369931.0691 8136966.1447, -12369988.0359 8136958.6243, -12370010.2917 8136975.2316, -12370026.2593 8136942.1721, -12370052.5577 8136938.7562, -12370105.2802 8136985.7935, -12370186.2314 8136943.0305, -12370264.7578 8136954.5257, -12370276.2389 8136964.9083, -12370252.5459 8136985.2082, -12370251.3046 8137064.4245, -12370272.7822 8137070.4643, -12370288.1015 8137098.25, -12370306.4052 8137090.1238, -12370298.0394 8137048.3458, -12370356.6912 8137035.0701, -12370348.097 8136983.0734, -12370408.0829 8136958.4799, -12370430.3324 8136928.424, -12370412.2152 8136856.0758, -12370455.1077 8136843.6641, -12370504.2222 8136862.812, -12370563.3462 8136849.7676, -12370624.8953 8136864.4495, -12370656.441 8136830.8802, -12370739.1069 8136814.3797, -12370767.1423 8136849.2911, -12370915.604 8136931.2913, -12370947.229 8136914.6052, -12370992.4129 8136931.72219999, -12371120.1057 8137017.9058, -12371093.2471 8136953.3445, -12371116.2765 8136928.8675, -12371235.692 8136923.9587, -12371242.0245 8136872.016, -12371300.5444 8136882.6295, -12371328.5671 8136849.5069, -12371359.0238 8136865.8202, -12371404.9327 8136812.5783, -12371440.6651 8136827.362, -12371630.5812 8136826.824, -12371714.0895 8136790.2049, -12371749.9331 8136789.6762, -12371790.6548 8136813.755, -12371820.6068 8136791.3024, -12371830.7627 8136818.7941, -12371855.2592 8136828.0909, -12371910.3301 8136803.171, -12371921.8823 8136774.398, -12371896.0522 8136732.4117, -12371917.4061 8136701.7654, -12371997.9483 8136664.2345, -12372077.1522 8136648.0639, -12372099.3267 8136625.3851, -12372139.8221 8136616.5258, -12372157.1835 8136640.5259, -12372133.5074 8136661.928, -12372137.7684 8136675.864, -12372180.4075 8136678.6432, -12372189.4007 8136661.3853, -12372227.1601 8136650.749, -12372232.2533 8136628.9322, -12372288.5931 8136619.9152, -12372321.2188 8136640.5892, -12372397.6479 8136619.7668, -12372438.6551 8136641.3259, -12372470.5597 8136680.8576, -12372532.3718 8136700.3896, -12372537.0235 8136735.1279, -12372561.1556 8136760.244, -12372588.5144 8136766.3347, -12372711.542 8136732.1342, -12372726.0119 8136745.4076, -12372693.1853 8136800.4354, -12372733.978 8136876.6036, -12372703.1774 8136948.7137, -12372671.6029 8136970.3342, -12372652.0482 8137008.9396, -12372601.4981 8136999.1088, -12372572.1616 8137020.854, -12372638.9253 8137220.3966, -12372651.9039 8137226.6273, -12372806.732 8137102.8147, -12372855.7659 8137098.3893, -12372828.9034 8136981.2649, -12372845.6326 8136948.3502, -12372889.4581 8136942.5069, -12372900.5001 8136886.7627, -12372826.6465 8136862.9293, -12372813.947 8136838.96140001, -12372922.5158 8136699.0056, -12373083.8259 8136701.801, -12373182.392 8136632.1048, -12373207.756 8136597.1149, -12373239.8459 8136592.3482, -12373305.4177 8136542.2597, -12373343.4366 8136567.5293, -12373371.1308 8136538.9936, -12373617.8096 8136459.6728, -12373800.0909 8136436.8072, -12373806.6937 8136302.0158, -12373830.299 8136204.1371, -12373859.7949 8136184.1734, -12373865.9022 8136126.311, -12373926.2441 8136024.8997, -12373977.7148 8136005.5722, -12374020.31 8135845.3169, -12374138.2519 8135728.6223, -12374220.5628 8135721.754, -12374265.7491 8135642.2928, -12374820.4208 8135690.5782, -12375038.3065 8135771.4405, -12375584.7936 8136084.485, -12375726.3144 8136265.7129, -12375743.5445 8136433.3736, -12375905.4403 8136722.1508, -12376297.1617 8137019.9001, -12376756.6765 8137519.0567, -12377364.9967 8137452.5549, -12377903.5945 8137365.4774, -12378275.0042 8137239.6281, -12378387.0402 8137313.7622, -12378473.1573 8137611.8446, -12378795.2927 8137665.8222, -12378958.3881 8137357.5775, -12379149.3952 8137168.9008, -12379459.0322 8137066.2074, -12379620.1966 8136907.6441, -12379647.9 8136728.7642, -12379669.2434 8136682.0657, -12379748.1839 8136677.6754, -12379908.5332 8136610.3147, -12379990.3699 8136560.0118, -12380032.8132 8136494.7891, -12380064.1272 8136404.3613, -12380075.6481 8136332.5069, -12380065.5762 8136276.3286, -12380090.3567 8136222.8678, -12380089.7267 8136151.0045, -12379870.158 8135755.1434, -12379914.4936 8135611.763, -12380167.9244 8135534.2326, -12380316.1364 8135557.1411, -12380415.8974 8135667.7621, -12380554.7016 8135895.1067, -12380611.7334 8135924.2113, -12380742.3188 8135619.7615, -12380832.309 8135569.1575, -12380889.2719 8135501.3408, -12380957.3119 8135533.4342, -12380956.0046 8135558.864, -12380938.7235 8135567.3542, -12380960.2585 8135637.7937, -12380937.2227 8135659.2264, -12380909.2568 8135658.5791, -12380915.1346 8135682.6287, -12380876.1413 8135686.1929, -12380853.5387 8135664.8483, -12380840.7381 8135687.7443, -12380864.9214 8135713.5052, -12380948.6385 8135728.4665, -12380963.6138 8135776.4635, -12381039.0013 8135785.6308, -12381044.1426 8135814.9819, -12381014.5862 8135835.0879, -12381009.0044 8135857.305, -12381021.4299 8135875.5387, -12381046.1922 8135869.2857, -12381059.8553 8135897.1454, -12381081.6035 8135905.5512, -12381072.3425 8135945.3272, -12381088.6972 8136024.7293, -12381111.1966 8136033.1004, -12381170.8717 8136019.7858, -12381382.6003 8136076.1692, -12381480.4162 8136166.3583, -12381499.2352 8136216.9554, -12381477.6359 8136257.7313, -12381659.6854 8136231.29689999, -12381659.8607 8136184.9402, -12381631.8339 8136135.5689, -12381626.977 8136078.7006, -12381702.5283 8136054.1091, -12381725.0557 8136013.561, -12381850.8233 8136005.2995, -12381868.0135 8136031.9058, -12381929.9769 8136001.0362, -12381920.8071 8135951.3741, -12381887.7536 8135965.6008, -12381789.1523 8135961.7712, -12381664.0521 8135899.5877, -12381620.6683 8135844.0484, -12381615.5389 8135779.8755, -12381664.9897 8135728.0658, -12381767.0577 8135705.4084, -12381769.0498 8135649.6109, -12381790.0302 8135631.0508, -12381815.4847 8135636.58, -12381844.5601 8135684.6939, -12381942.2158 8135672.2793, -12381958.3823 8135710.6298, -12382037.0429 8135782.4211, -12382070.8833 8135759.3663, -12382115.0035 8135756.5789, -12382142.5809 8135814.0915, -12382129.9629 8135852.7264, -12382060.2198 8135872.4423, -12382003.5183 8135863.6786, -12381994.6531 8135879.5424, -12382066.0373 8135933.88759999, -12382075.9386 8136005.4626, -12382143.9054 8136021.6273, -12382208.3127 8136003.4205, -12382308.9831 8136102.6739, -12382376.7695 8136086.8012, -12382409.7787 8136050.3026, -12382444.3003 8136038.5513, -12382499.3102 8135951.0019, -12382550.9285 8135937.5805, -12382570.9348 8135910.361, -12382654.0955 8135936.6882, -12382718.8835 8135926.2804, -12382751.0269 8135971.1123, -12382853.9958 8135999.6442, -12382856.2211 8136088.5693, -12382812.4424 8136084.8298, -12382796.4104 8136117.8416, -12382755.1922 8136121.7641, -12382781.7997 8136186.5595, -12382839.444 8136218.4312, -12382853.7596 8136244.49, -12382836.8839 8136366.7041, -12382756.7166 8136363.756, -12382720.3397 8136405.7153, -12382726.4722 8136428.5971, -12382775.0386 8136441.7082, -12382752.0694 8136478.7984, -12382746.7747 8136526.7603, -12382778.062 8136538.7398, -12382823.5185 8136498.7519, -12382836.9945 8136519.6901, -12382879.4444 8136500.5308, -12382845.0148 8136565.2782, -12382876.8838 8136554.6965, -12382892.113 8136528.32109999, -12382922.172 8136544.6004, -12382911.9593 8136598.5409, -12382929.4518 8136592.0936, -12382936.9207 8136567.14679999, -12382989.0182 8136578.74279999, -12382975.1971 8136610.9713, -12383000.3989 8136643.862, -12383033.4923 8136653.30309999, -12383015.7264 8136681.9827, -12383054.187 8136725.1, -12382995.9603 8136772.1105, -12382912.5264 8136784.0664, -12382846.4503 8136817.6441, -12382851.538 8136852.4552, -12382881.5206 8136893.3677, -12382939.253 8136919.3311, -12382853.0862 8137088.2693, -12382832.1341 8137090.1902, -12382818.5602 8137057.1243, -12382796.953 8137047.4267, -12382762.9706 8137063.45369999, -12382756.5594 8137095.7737, -12382782.7775 8137116.0425, -12382835.542 8137122.8429, -12383019.0018 8137227.9498, -12383153.8342 8137234.563, -12383283.5314 8137188.1326, -12383607.2091 8137132.1591, -12383688.7995 8137173.0514, -12383842.3222 8137182.47730001, -12383981.9371 8137267.6012, -12384441.638 8137651.0543, -12384506.3994 8137728.3717, -12384640.1962 8137917.9355, -12384700.8265 8138651.1126, -12384759.529 8138843.9909, -12385173.5265 8139507.95489999, -12385292.0963 8139743.2912, -12385338.7915 8140005.2001, -12385265.1719 8140334.9898, -12385028.7211 8140593.4503, -12384783.4986 8140719.9749, -12384260.8296 8140836.8103, -12384008.3507 8140910.3713, -12383519.7 8141322.9763, -12383262.6241 8141690.37969999, -12382811.1039 8142266.6812, -12382541.9451 8142584.8544, -12382355.7601 8142960.1089, -12382189.3465 8143593.4209, -12382095.4927 8143770.4241, -12381731.2905 8143907.3086, -12380898.3837 8144050.0819, -12380707.3269 8144222.5507, -12380649.3057 8144471.5414, -12380790.1157 8144761.1884, -12381153.8251 8145141.1183, -12381527.2453 8145900.0939, -12382042.2469 8146591.3979, -12382326.301 8147058.9268, -12382431.1511 8147479.9981, -12382336.0089 8147904.9839, -12382231.4475 8148118.4099, -12382101.313 8148234.09399999, -12381856.4699 8148352.0475, -12381459.942 8148245.6125, -12381075.3228 8148184.7584, -12380820.8205 8148334.689, -12380754.7046 8148866.2971, -12380886.0096 8149077.1168, -12380922.7653 8149242.45799999, -12381073.4911 8149670.5941, -12381568.3748 8150932.3583, -12381687.283 8151395.6804, -12381729.0833 8151702.6913, -12381728.438 8151863.3928, -12381700.4513 8152087.9239, -12381575.9121 8152578.1069, -12381322.3192 8153281.873, -12381065.9356 8153822.292, -12380878.5219 8154124.9778, -12380662.2006 8154421.4129, -12380482.1976 8154631.3981, -12380277.4365 8154813.3871, -12380027.4682 8154985.1451, -12379660.6062 8155195.9493, -12379259.9591 8155329.6247, -12378764.9335 8155604.6333, -12378404.9191 8155933.80799999, -12378075.4062 8156190.73929999, -12377866.5695 8156655.5905, -12377773.2178 8157471.3568, -12377435.3695 8158837.6682, -12377205.6751 8159367.5004, -12376553.5396 8160655.1281, -12376169.0942 8161464.709, -12375946.6137 8162217.7428, -12375955.1402 8162631.7338, -12375807.825 8162752.6469, -12375147.6047 8163377.5295, -12374948.5464 8163600.6588, -12374658.9299 8163699.6968, -12374111.6823 8163720.3583, -12373912.8439 8163861.74539999, -12373766.4332 8164137.2611, -12373664.2762 8164603.3837, -12373147.7217 8164834.4591, -12372536.0535 8165060.7449, -12372263.7112 8164972.2411, -12371884.2538 8164982.1349, -12371149.5494 8165086.0073, -12370860.3308 8165180.3538, -12370604.4615 8165243.8114, -12370364.8761 8165497.4747, -12370319.7098 8165707.3138, -12370368.9105 8165911.6673, -12370123.6353 8165749.2232, -12369447.2422 8165947.1932, -12369167.536 8166045.5846, -12368836.0481 8166201.3278, -12368590.0977 8166352.4235, -12368431.9161 8166473.4775, -12368179.8817 8166710.9849, -12367593.7546 8167382.9768, -12367307.5094 8167771.7986, -12366905.6793 8168416.2745, -12366352.5963 8169085.7783, -12365942.062 8169486.90959999, -12365807.1301 8169473.0827, -12365731.5984 8169506.7431, -12365642.059 8169623.3093, -12365091.1957 8170172.8038, -12364632.0738 8170857.8877, -12364304.8563 8171985.0588, -12364092.3435 8172998.09099999, -12363893.2413 8174141.7849, -12363786.6863 8174455.6467, -12363512.7801 8175570.0765, -12363022.0172 8176137.5192, -12362551.7215 8176443.8348, -12362431.1529 8176638.5137, -12361031.0349 8179502.2911, -12360748.9006 8180178.3663, -12360424.4009 8181020.9431, -12359975.0505 8181874.91009999, -12359405.1704 8182651.1747, -12358557.8934 8183720.7333, -12357746.3186 8184798.3292, -12356906.3697 8185598.4915, -12355955.6597 8186206.6599, -12354896.7726 8186559.3816, -12353949.0335 8186911.9776, -12353617.0701 8187290.5924, -12353758.8686 8187804.4729, -12353805.6868 8188294.3418, -12353733.6088 8188929.5996, -12353847.4402 8189618.1278, -12353928.8492 8189990.0735, -12353775.8002 8190762.9986, -12353319.86 8191158.6909, -12352778.2391 8191549.5001, -12352061.4596 8192156.6323, -12351760.3342 8192746.7738, -12351598.0369 8193711.3983, -12351439.1328 8195004.8364, -12351284.2797 8195974.0525, -12351123.7035 8196687.5586, -12350676.7877 8197332.8311, -12349862.7793 8198054.7941, -12348737.1244 8198790.0449, -12347924.6303 8198956.7185, -12347183.8344 8198996.3578, -12346250.2912 8198895.7223, -12345910.1086 8198931.0999, -12344991.901 8199317.642, -12344377.9169 8199596.1632, -12343519.3604 8199886.9149, -12343251.685 8199956.5086, -12343135.8219 8200901.2566, -12342732.5834 8201311.6491, -12342329.1231 8201419.1456, -12342021.0221 8201665.0537, -12341522.0169 8202552.2554, -12341388.0305 8202884.7287, -12341186.8344 8202929.0224, -12340864.3665 8202795.3617, -12340740.0109 8202210.1715, -12341302.0474 8201374.3035, -12341655.3919 8201008.2055, -12341794.6585 8200742.3894, -12341746.6787 8200380.5274, -12341103.5161 8200625.0012, -12340413.2129 8200758.3393, -12338359.4572 8200393.2864, -12337907.0302 8200280.55830001, -12337089.4995 8200314.06139999, -12336628.6127 8200633.5772, -12335723.412 8201188.3719, -12334997.9709 8201762.8971, -12334540.4876 8202153.718, -12334113.7134 8202455.7195, -12333877.7025 8202552.6244, -12333764.181 8202830.5957, -12333775.4993 8203101.1309, -12333718.3382 8203258.4687, -12333668.6736 8203671.9224, -12333575.5402 8203950.0891, -12333506.3397 8204064.299, -12333710.9635 8204214.9597, -12334222.1339 8204753.2759, -12335083.823 8205567.4092, -12335504.643 8204914.5455, -12335624.1398 8204817.9011, -12335804.5161 8204805.5776, -12335928.0159 8205097.4402, -12335928.2896 8205168.4825, -12336056.8446 8205304.4144, -12336209.0109 8205582.4446, -12336971.3757 8205622.3021, -12337361.5646 8205883.5484, -12337498.0965 8206119.4137, -12337612.2563 8206562.2568, -12337458.3306 8207544.7134, -12337722.5058 8207746.8201, -12337826.3301 8207851.8917, -12337877.5277 8207989.1255, -12337896.907 8208185.6099, -12337850.1372 8208367.0234, -12337722.4941 8208515.6211, -12337578.9931 8208583.1598, -12337411.5006 8208596.2664, -12337186.2428 8208533.8396, -12336955.2557 8208504.331, -12336848.7401 8208512.0587, -12336716.876 8208560.8191, -12336602.9177 8208673.3946, -12336563.1196 8208808.6513, -12336614.0126 8208975.9799, -12336726.6638 8209075.0546, -12337075.6372 8209221.3617, -12337268.7965 8209501.8131, -12337220.4345 8209690.0875, -12336932.0465 8209946.9927, -12336833.3134 8210011.0701, -12336720.037 8210057.6133, -12336532.9787 8210087.8264, -12336337.9759 8210079.7575, -12336074.3382 8210034.9151, -12335740.2875 8209936.4548, -12335406.03 8209804.0964, -12335086.6914 8209654.74809999, -12334300.9295 8209212.4693, -12334041.1063 8209139.1571, -12333846.8607 8209158.245, -12333726.2411 8209201.0661, -12333570.6053 8209308.4121, -12333492.3632 8209405.3736, -12333425.0765 8209576.0167, -12333417.1488 8209635.562, -12333432.5147 8209790.1855, -12333554.1589 8210126.5016, -12333834.6628 8210732.65600001, -12333498.1126 8212240.6199, -12334177.696 8212504.7157, -12334402.0424 8212698.99409999, -12334515.7802 8212620.8565, -12334708.5159 8212414.9903, -12334746.81 8212407.9266, -12334798.0201 8212496.4712, -12334825.6333 8212659.365, -12334709.5237 8212775.27719999, -12334506.2409 8212847.7683, -12334301.2122 8212872.7447, -12334062.343 8212833.9581, -12333751.6407 8212733.744, -12333403.7482 8212663.3708, -12332838.0259 8215197.2091, -12332239.277 8215468.0709, -12332252.2401 8215553.0056, -12332213.2533 8215709.1369, -12332117.0553 8215838.0417, -12331978.5966 8215919.6817, -12331878.7757 8215933.2781, -12331915.2222 8216000.5821, -12331925.472 8216144.09, -12331902.5936 8216232.0212, -12331841.6379 8216349.4845, -12331598.0203 8216600.3735, -12331504.4351 8216737.2326, -12331461.2722 8216850.4696, -12331436.2665 8217013.1265, -12331392.244 8217159.9432, -12331288.5177 8217271.8429, -12331226.3481 8217314.0604, -12330933.3794 8217439.2609, -12330773.4554 8217646.7224, -12330595.2121 8217995.2739, -12330560.363 8218094.6325, -12330908.9769 8218204.839, -12331353.8532 8218437.8642, -12331538.7604 8218347.8828, -12331708.4195 8218352.5433, -12331865.6637 8218236.1041, -12331947.9297 8218208.1226, -12332201.7672 8218162.5671, -12332443.9005 8218189.7835, -12332631.3714 8218286.2455, -12332706.1658 8218272.8078, -12332859.9227 8218289.8832, -12332964.1039 8218329.172, -12334025.1928 8218055.7129, -12335548.3288 8217277.1901, -12336154.3421 8216639.5845, -12336679.0336 8215559.2716, -12337188.0012 8215162.7081, -12337050.2663 8214971.6948, -12336779.2764 8214537.4613, -12336368.6993 8213990.1734, -12336297.1665 8213772.3509, -12336301.9198 8213620.9557, -12336398.5925 8213437.4199, -12336789.8449 8213234.4741, -12337011.6997 8213016.1415, -12337102.4644 8212775.36339999, -12336999.7156 8212451.3519, -12337050.4459 8212018.503, -12337044.3516 8211435.2027, -12336933.9578 8211158.1556, -12336882.4887 8210771.0906, -12336831.5739 8210602.0456, -12336893.1457 8210449.5441, -12337143.4759 8210228.3424, -12337336.3632 8210093.5604, -12337781.0039 8209865.5819, -12338151.1246 8209846.1237, -12338203.2421 8209920.4562, -12338125.8008 8210100.3914, -12337981.8046 8210361.4503, -12337948.8198 8210511.0105, -12337934.0883 8210747.0102, -12337970.6012 8210844.0685, -12337990.9134 8211124.9225, -12338116.954 8211530.8831, -12338207.3698 8211598.1521, -12338297.1974 8211599.0365, -12338783.4341 8211463.5925, -12339167.4855 8211525.5097, -12339327.4207 8211616.0638, -12339789.5574 8211791.8256, -12340107.1313 8212086.5096, -12340164.9164 8212298.6454, -12340090.4297 8212431.4463, -12339906.6788 8212647.4871, -12339835.7065 8212723.6342, -12339628.0669 8212867.0888, -12339471.9839 8213094.3395, -12339432.5636 8213423.6835, -12339599.6334 8213628.4654, -12339685.6975 8213842.41439999, -12339792.3681 8213953.3621, -12339753.8526 8214344.4318, -12339625.4113 8214431.2307, -12339511.9657 8214353.0358, -12339489.5581 8214256.8217, -12339431.8025 8214196.3266, -12339335.7484 8214142.9205, -12339195.8008 8214110.47429999, -12339023.1668 8214222.9428, -12338918.5771 8214230.6267, -12338731.4902 8214195.2237, -12338616.2915 8214145.3515, -12338513.7609 8214044.12349999, -12338301.638 8213879.14899999, -12338394.4324 8213529.428, -12338544.0809 8213406.0665, -12338656.316 8213351.46580001, -12338728.1891 8213261.1588, -12338775.3117 8213112.4241, -12338777.9542 8212994.0902, -12338709.9 8212871.3365, -12338531.3883 8212774.8525, -12338405.9034 8212738.5611, -12338142.8602 8212707.8743, -12337968.1836 8212777.51, -12337916.629 8212921.2157, -12337811.727 8213540.3363, -12337834.1024 8213788.2384, -12337987.8783 8213978.0132, -12338154.0335 8214348.7131, -12338148.1384 8214519.0151, -12338168.1705 8214728.8729, -12338155.2031 8214936.6699, -12338134.3549 8215024.2619, -12338189.9608 8215164.8769, -12338432.622 8215241.16089999, -12338886.5131 8215697.6356, -12339018.9033 8215993.8296, -12339146.7985 8216966.3003, -12339404.1719 8217623.15600001, -12339770.5209 8218120.3342, -12340321.6022 8218588.9018, -12340653.5397 8219141.1042, -12340691.3054 8219784.6382, -12340426.1767 8220372.084, -12339918.8449 8220768.8108, -12338754.351 8221154.5178, -12338155.9595 8221604.9891, -12337825.8425 8222019.55179999, -12337588.9467 8222493.8304, -12337544.369 8222665.4772, -12337806.4245 8222558.076, -12338018.9066 8222536.1047, -12338172.8184 8222582.7795, -12338296.7653 8222685.4182, -12338371.4835 8222828.072, -12338385.3583 8222988.5737, -12338330.8204 8223158.866, -12338205.0887 8223337.1115, -12338118.7399 8223535.3065, -12338073.8135 8223765.1437, -12338079.1655 8223981.33919999, -12338117.8828 8224157.4422, -12338183.1881 8224317.5248, -12338199.2624 8224407.5342, -12338328.9334 8224414.9254, -12338541.6237 8224464.3131, -12338836.7257 8224670.142, -12339080.7157 8224773.8504, -12339213.1138 8224869.4436, -12339297.1216 8225006.8699, -12339321.5809 8225166.145, -12339269.9161 8225373.8622, -12339116.2077 8225553.0985, -12338991.4699 8225626.8018, -12339080.2716 8225784.4992, -12339223.1554 8225946.6923, -12339432.456 8226106.7481, -12339516.4814 8226244.1952, -12339540.949 8226403.4959, -12339502.0528 8226559.8952, -12339405.8345 8226689.0822, -12339267.248 8226770.9748, -12339107.8335 8226792.8422, -12338752.3784 8226702.5163, -12338500.8426 8226691.1813, -12338236.9834 8226746.9911, -12338181.0106 8226783.3643, -12338214.4165 8226791.1227, -12338344.9365 8226885.3842, -12338459.5641 8227070.9923, -12338539.3262 8227038.6949, -12338750.042 8227002.65999999, -12338906.7953 8227039.0514, -12339037.3287 8227133.3041, -12339121.3579 8227270.7747, -12339155.8595 8227495.48789999, -12339134.7999 8227558.551, -12339572.4671 8227641.5334, -12339703.0196 8227735.7824, -12339787.0678 8227873.257, -12339825.093 8228155.8514, -12339978.9552 8228202.4729, -12340064.3555 8228259.0175, -12340182.2749 8228451.8724, -12340206.763 8228611.219, -12340155.0967 8228819.03840001, -12340073.2873 8228970.8372, -12340017.2032 8229129.5799, -12339984.6023 8229314.2853, -12340291.1253 8228871.7243, -12340426.9606 8228785.2438, -12340585.6043 8228758.0736, -12340742.4042 8228794.4355, -12340872.9919 8228888.6792, -12340957.0747 8229026.1626, -12341020.5359 8229405.3907, -12341121.3477 8229656.0694, -12341200.8079 8229776.5908, -12341309.2045 8229897.4263, -12341667.8371 8230167.9727, -12341751.9484 8230305.4708, -12341776.4755 8230464.85239999, -12341737.603 8230621.3492, -12341641.3689 8230750.6354, -12341501.8281 8230833.1461, -12341343.6761 8230872.4195, -12341178.3764 8230944.2282, -12341042.2588 8231032.5866, -12340921.6114 8231141.1876, -12340771.539 8231343.9179, -12340702.8336 8231491.1134, -12340655.6018 8231652.9195, -12340559.3351 8231782.2088, -12340291.8026 8231943.1213, -12340139.8557 8232070.5541, -12340005.1234 8232239.8376, -12339908.4639 8232433.4868, -12339863.5653 8232589.6543, -12339843.6053 8232750.9383, -12339851.2551 8232931.3126, -12339884.8009 8233090.3266, -12339942.7673 8233242.1288, -12340032.5129 8233398.8265, -12340144.5504 8233540.2566, -12340295.3602 8233675.0948, -12340394.8051 8233864.8464, -12340434.0916 8234054.606, -12340501.4803 8234239.75330001, -12340519.9934 8234453.27889999, -12340465.4141 8234623.8483, -12340402.1612 8234703.179, -12340248.1598 8234794.2027, -12340008.1595 8234852.4587, -12339784.4343 8234968.7938, -12339583.5827 8235149.5225, -12339436.2593 8235376.1715, -12339355.9731 8235615.5552, -12339335.2722 8235849.2198, -12339377.1785 8236116.4318, -12339488.0658 8236365.9144, -12339512.5614 8236525.4329, -12339473.6068 8236682.0434, -12339310.7675 8236900.6602, -12338998.3663 8236926.3286, -12338720.6358 8236836.7542, -12338577.2672 8236820.1946, -12338432.9934 8236823.7817, -12338169.7856 8236884.2679, -12337849.5685 8237042.1327, -12337734.941 8237129.9777, -12337633.6304 8237232.9487, -12337547.6086 8237349.0428, -12337478.5501 8237476.0013, -12337427.8 8237611.3541, -12337396.3465 8237752.4678, -12337384.8032 8237896.5959, -12337389.6355 8238036.6359, -12337519.4519 8238791.35279999, -12337542.7682 8238666.3769, -12337537.3099 8238448.8843, -12337643.4585 8238592.8097, -12337774.1028 8238717.37309999, -12337924.3586 8238817.3168, -12338072.593 8238883.6877, -12338232.3063 8238928.7979, -12338393.4373 8238948.8463, -12338555.7152 8238943.3935, -12338732.2328 8238911.4597, -12338781.3462 8238927.0883, -12338919.9742 8238822.1942, -12339052.8859 8238674.70929999, -12339174.111 8238474.8226, -12339365.9627 8238352.7268, -12339524.8151 8238325.5491, -12339900.4053 8238409.4689, -12340134.5084 8238417.9324, -12340329.8715 8238383.6535, -12340588.4603 8238272.297, -12340748.1484 8238244.9491, -12340905.1487 8238281.3583, -12341035.9029 8238375.723, -12341120.0923 8238513.382, -12341161.1197 8238733.8998, -12341249.6386 8238947.7894, -12341435.4313 8239035.6965, -12341892.8774 8239145.0458, -12342163.6881 8239273.6505, -12342394.8773 8239318.7206, -12342643.9971 8239394.1181, -12342879.6026 8239502.9537, -12343290.6384 8239601.4632, -12343421.4467 8239695.8035, -12343499.3183 8239823.0415, -12343787.5807 8239527.687, -12343768.7464 8239030.3678, -12343820.866 8238587.0862, -12344041.069 8238228.649, -12343077.563 8238193.7516, -12342681.1722 8237797.1017, -12343101.767 8237401.5634, -12344310.2852 8237476.4196, -12345854.6829 8237689.9958, -12345868.639 8237462.816, -12346507.3807 8237795.6494, -12346683.6395 8237762.4444, -12346853.6523 8237702.1822, -12347211.3697 8237485.9573, -12347247.7447 8237479.6946, -12347272.981 8237361.1344, -12347364.8807 8237228.544, -12347500.7913 8237141.838, -12347659.5917 8237114.4889, -12347816.6051 8237150.7461, -12347947.4302 8237244.9757, -12348031.7371 8237382.5377, -12348071.6948 8237563.2019, -12348140.6957 8237730.1131, -12348237.5851 8237882.4877, -12348346.2141 8238003.3566, -12348472.3837 8238105.7137, -12348612.9874 8238187.037, -12348764.562 8238245.3229, -12349043.3124 8238311.6601, -12349174.1736 8238405.8834, -12349258.5163 8238543.4537, -12349291.3432 8238755.375, -12349231.5245 8239063.7241, -12349232.7951 8239208.3401, -12349253.7691 8239349.603, -12349042.2405 8239184.3663, -12348879.4317 8239106.5815, -12348694.1038 8239052.1185, -12348552.3616 8238942.7478, -12348499.2965 8238856.1756, -12348453.3 8238651.6463, -12348375.8063 8238468.7437, -12348264.9029 8238304.0167, -12348124.6661 8238163.5153, -12347991.6796 8238070.2171, -12347803.1704 8237988.4705, -12347767.1863 8238160.52229999, -12347670.955 8238290.0181, -12347581.5653 8238342.9703, -12347889.5915 8238496.4076, -12348160.277 8239018.2217, -12347068.4313 8239826.9342, -12346529.5607 8240505.4149, -12346645.0741 8240705.273, -12346994.6355 8240797.9327, -12347248.6741 8240906.9645, -12347628.3288 8240961.2831, -12347839.6138 8240965.5309, -12348095.339 8241042.7233, -12348496.3832 8241329.8043, -12348580.7454 8241467.4369, -12348605.4516 8241627.0386, -12348531.4009 8241962.3884, -12348533.5807 8242213.4244, -12349363.8573 8241888.0519, -12350910.5904 8241342.3609, -12351352.3226 8241614.1042, -12351348.0425 8241593.5399, -12351840.5332 8241519.595, -12352049.2542 8241567.6703, -12352093.9669 8241593.53109999, -12352154.2335 8241691.7468, -12352312.3771 8241739.3844, -12352348.7867 8241776.0576, -12352473.3318 8242012.77880001, -12352515.2431 8242195.1125, -12352576.1745 8242345.966, -12352729.5569 8242635.4789, -12352862.0274 8242813.59889999, -12352962.9911 8243005.4685, -12352992.5929 8243331.5686, -12353123.2712 8243483.4954, -12353219.4584 8243640.2021, -12353244.44 8243800.9256, -12353221.026 8243995.1901, -12353231.7096 8244146.9342, -12353341.8517 8244330.6568, -12353354.8144 8244380.7415, -12353331.1437 8244476.6593, -12353389.8237 8244590.6759, -12353414.6426 8244750.331, -12353375.9332 8244907.193, -12353106.0471 8245277.9625, -12352994.7153 8245530.7198, -12352794.2196 8245525.2495, -12352680.0648 8245539.7873, -12352903.8724 8245642.5778, -12353763.5704 8247009.5602, -12353757.156 8247070.0417, -12353814.2773 8246955.6051, -12353864.0349 8246802.1923, -12354267.4773 8246761.9701, -12354421.9983 8246808.4708, -12354450.293 8246830.6616, -12354735.3706 8246868.0515, -12354909.497 8246993.2289, -12354984.4738 8247110.3272, -12355313.0187 8247247.6247, -12355726.8166 8247346.053, -12355857.9221 8247440.2775, -12355942.4896 8247577.9434, -12355948.4471 8247616.1827, -12356018.2653 8247637.1767, -12356142.8773 8247739.8753, -12356218.1855 8247882.8413, -12356237.178 8248096.7288, -12356114.5604 8248451.8927, -12356090.8413 8248594.737, -12356087.1977 8248739.5007, -12356119.4246 8248954.0852, -12356193.6763 8249153.5632, -12356208.0622 8249315.5859, -12356153.7251 8249486.61729999, -12356057.6998 8249607.5627, -12355998.1037 8249651.4887, -12355775.6657 8249753.2628, -12355627.8709 8249799.3535, -12355465.6468 8249872.9964, -12355253.2817 8249902.5854, -12355097.2405 8249861.2268, -12354920.9762 8249725.4524, -12354764.0715 8249519.6728, -12354539.7642 8249334.26560001, -12354458.9446 8249202.6439, -12354374.2776 8248807.3806, -12354310.6382 8248657.4989, -12354224.3796 8248519.4374, -12354064.2732 8248347.6878, -12353693.9795 8248072.071, -12353640.7905 8247985.4268, -12353607.5543 8247808.3353, -12353013.6216 8248279.1379, -12352470.8741 8248347.3366, -12352016.6607 8247510.4076, -12351589.9652 8246776.3638, -12350461.8027 8246631.6453, -12350447.1333 8246690.9876, -12350246.6222 8246968.034, -12350146.7787 8247183.3252, -12350083.3753 8247263.0517, -12349929.2243 8247354.4279, -12349769.393 8247376.5772, -12349613.4371 8247335.1186, -12349481.7839 8247238.7505, -12349354.7677 8247169.6777, -12349219.3937 8247118.9836, -12349078.2953 8247087.6538, -12348807.9109 8247082.9293, -12348562.3948 8247141.9701, -12348430.8808 8247202.002, -12348197.8116 8247339.2728, -12347981.2253 8247431.2496, -12347860.6942 8247511.1454, -12347756.0696 8247603.8454, -12347813.3313 8248085.7634, -12347758.8117 8248256.7005, -12347695.516 8248336.2383, -12347536.3128 8248423.015, -12347467.1643 8248655.8891, -12347403.8622 8248735.4283, -12347249.6486 8248826.7652, -12347089.7783 8248848.86, -12346933.8085 8248807.3366, -12346805.9828 8248708.6503, -12346692.9939 8248490.7463, -12346706.4117 8248435.7378, -12346662.5272 8248401.8557, -12346544.04 8248422.7473, -12346323.7768 8248516.9804, -12346111.059 8248546.3513, -12345669.1667 8248416.8471, -12345541.3649 8248318.1448, -12345461.5792 8248177.6314, -12345426.4297 8247927.3813, -12345354.2431 8247713.9399, -12345317.455 8247518.59, -12345379.4588 8247204.6102, -12345378.5947 8246961.6875, -12345413.5155 8246797.85499999, -12345715.8306 8246387.318, -12345522.9911 8246314.0068, -12345344.9316 8246284.0732, -12345172.6762 8246284.842, -12345013.5184 8246242.4269, -12344871.6972 8246132.8782, -12344818.6258 8246046.1955, -12344785.4396 8245869.9069, -12344810.2663 8245698.582, -12344807.5179 8245535.8013, -12344779.3846 8245375.4591, -12344726.5603 8245221.5025, -12344659.9167 8245093.0823, -12344576.083 8244975.2044, -12344463.2666 8244858.0387, -12344260.1862 8244698.1212, -12344180.4624 8244557.6639, -12344161.1269 8244397.2573, -12344205.1807 8244241.8334, -12344305.774 8244115.5452, -12344643.9946 8243924.1941, -12344844.968 8243743.1174, -12344940.5379 8243611.4907, -12345007.3041 8243483.1696, -12345055.5909 8243346.7909, -12345084.4596 8243205.0097, -12345093.043 8243042.4877, -12345076.1414 8242880.62479999, -12345034.1731 8242723.4066, -12344968.1725 8242574.7036, -12344879.7662 8242438.1759, -12344784.1218 8242329.76399999, -12344493.7466 8242106.0383, -12344364.5351 8242041.4086, -12344227.6043 8241995.42, -12344085.618 8241968.9669, -12343936.1191 8241962.7433, -12343753.6201 8241914.07729999, -12343616.4567 8241841.4771, -12343403.9053 8241777.394, -12343247.7043 8241932.0289, -12343115.7089 8242147.4415, -12343039.5392 8242381.23879999, -12342942.3855 8242511.798, -12342770.8597 8242647.9041, -12342633.0553 8242815.0894, -12342526.4659 8243024.2192, -12342450.6898 8243301.0722, -12342354.2984 8243430.5846, -12342215.4261 8243512.7106, -12342055.6584 8243534.6831, -12341685.723 8243436.233, -12341525.2792 8243410.617, -12341308.8964 8243416.0778, -12341115.4654 8243460.6052, -12340934.0662 8243541.2835, -12340771.3623 8243655.1507, -12340573.9716 8243872.4714, -12340411.8469 8244015.8606, -12340240.2816 8244237.2319, -12340101.3717 8244319.3263, -12339929.2881 8244342.9418, -12339751.8109 8244328.9288, -12339589.9239 8244342.9157, -12339415.1176 8244387.9688, -12339250.7736 8244462.7425, -12339074.3686 8244588.4456, -12338917.2586 8244762.776, -12338790.0224 8245001.7182, -12338652.471 8245452.6061, -12338589.104 8245532.0343, -12338434.8533 8245623.1473, -12338275.0306 8245645.0432, -12337922.8617 8245555.5452, -12337688.7219 8245542.9031, -12337549.8206 8245565.9719, -12337454.2689 8245815.6431, -12337411.5168 8246124.3548, -12337449.2366 8246460.681, -12337403.6067 8246643.8866, -12337325.7906 8246826.7671, -12337268.8239 8247047.1125, -12337172.2932 8247176.6197, -12336819.8983 8247393.3835, -12336698.919 8247502.147, -12336581.1794 8247647.7309, -12336442.1654 8247729.792, -12336282.2919 8247751.6497, -12336126.4106 8247709.9063, -12335984.6967 8247600.1677, -12335928.3756 8247507.9282, -12335827.5663 8247256.7814, -12335680.4068 8247056.0711, -12335575.1788 8246870.1758, -12335532.3153 8246733.428, -12335470.3379 8246602.6558, -12335379.6944 8246467.5077, -12335269.0653 8246348.2287, -12335141.1754 8246247.7545, -12334982.6729 8246161.1609, -12334811.5708 8246103.4517, -12334633.0666 8246076.3789, -12334488.5735 8246077.3632, -12334328.0014 8246102.5191, -12334190.1066 8246145.7749, -12334043.8885 8246216.8557, -12333598.7717 8246512.4048, -12333469.7333 8246638.9091, -12333298.2016 8246864.896, -12333159.1676 8246946.8863, -12332999.3033 8246968.6709, -12332561.4639 8246855.9178, -12332417.6495 8246841.72469999, -12332214.5826 8246846.8827, -12332107.3403 8246829.2647, -12331934.1426 8246774.0164, -12331773.2394 8246750.986, -12331539.0195 8246762.7366, -12331330.2161 8246820.2154, -12331122.8887 8246930.0139, -12330957.8856 8247070.5015, -12330798.4095 8247289.2685, -12330692.9845 8247557.3629, -12330629.5157 8247636.7426, -12330475.1266 8247727.7121, -12330315.2389 8247749.4404, -12330270.07 8247737.306, -12330251.3792 8248059.7002, -12330212.1638 8248216.4989, -12330135.3845 8248325.4148, -12330194.3193 8248438.256, -12330208.0519 8248599.3228, -12330153.1256 8248770.1325, -12330089.6402 8248849.52049999, -12329935.2192 8248940.4928, -12329815.7866 8248956.7143, -12329784.6178 8248995.6871, -12329630.1903 8249086.6545, -12329470.2711 8249108.3679, -12329314.4024 8249066.4734, -12329186.8138 8248967.4846, -12329107.3352 8248826.7895, -12329095.0486 8248730.5758, -12328893.6042 8248684.7175, -12328766.0277 8248585.7267, -12328660.4693 8248398.8394, -12328652.9739 8248335.5383, -12328726.5333 8248078.0805, -12328766.3254 8248028.3397, -12328837.7964 8247989.3767, -12328780.792 8247895.7064, -12328590.0869 8247703.6226, -12328874.7857 8247689.6451, -12329014.8043 8247653.7725, -12329157.4339 8247594.1829, -12329328.5387 8247565.1568, -12329641.8517 8247624.0455, -12329293.5938 8247392.5996, -12329141.9962 8247333.842, -12328665.979 8247242.7597, -12328551.9297 8247239.7869, -12328344.8107 8247184.0901, -12328174.179 8247076.25, -12327935.4349 8247381.0198, -12328058.6988 8247492.4237, -12327824.8237 8247495.9178, -12327597.0945 8247552.1053, -12327387.8138 8247658.1655, -12327220.3043 8247795.6737, -12327094.8803 8247949.9046, -12326982.1839 8248174.1635, -12326717.1694 8248538.6688, -12326632.6971 8248718.7269, -12326571.9617 8248940.8762, -12326475.2223 8249070.2714, -12326322.63 8249160.066, -12326165.8564 8249212.3939, -12325931.0387 8249244.1633, -12325735.5801 8249187.7489, -12325592.6825 8249165.8959, -12325430.0966 8249165.3816, -12325193.1401 8249195.607, -12325032.1992 8249152.2492, -12324829.8932 8249047.9211, -12324737.2189 8249067.3386, -12324538.2956 8249153.2096, -12324184.1589 8249374.70579999, -12323875.0469 8249421.4956, -12323670.6112 8249493.2361, -12323500.0075 8249595.1313, -12323298.9087 8249790.021, -12323144.3886 8249880.86029999, -12322946.2806 8249912.636, -12322774.7883 8249969.4458, -12322615.7456 8250055.2216, -12322440.4502 8250200.5362, -12322282.7373 8250293.2274, -12322122.7738 8250314.7842, -12321966.9256 8250272.7284, -12321825.3792 8250162.6843, -12321772.5535 8250075.7952, -12321722.2954 8249816.6131, -12321655.0467 8249629.3867, -12321520.137 8249415.5122, -12321339.6151 8249242.0147, -12321260.2843 8249101.2332, -12321241.4363 8248940.6803, -12321290.0713 8248771.1021, -12321405.691 8248525.3553, -12321510.8895 8248091.6765, -12321786.4581 8247738.645, -12321901.6372 8247493.5474, -12321948.5504 8247245.0289, -12321946.3041 8247082.2179, -12321913.7264 8246882.6514, -12321947.9141 8246724.7098, -12322040.379 8246592.2812, -12322176.7487 8246505.9429, -12322335.8308 8246479.1105, -12322492.9048 8246515.95310001, -12322834.2671 8246771.1387, -12323025.9884 8246871.9734, -12323234.4519 8246930.6685, -12323583.0495 8246969.9974, -12323876.2693 8246936.1163, -12324098.2602 8246860.3784, -12324283.2658 8246747.6547, -12324311.8653 8246719.5007, -12324356.2139 8246562.9725, -12324457.1716 8246436.9234, -12324598.9121 8246359.7573, -12324866.0093 8246311.6076, -12325046.9267 8246235.59, -12325210.9142 8246186.7244, -12325357.2124 8246115.8205, -12325544.9262 8245975.0479, -12325700.4444 8245789.9524, -12325836.7582 8245703.5547, -12326137.8761 8245645.3434, -12326369.6683 8245545.2201, -12326570.3881 8245391.8935, -12326768.1086 8245157.052, -12326909.8012 8245079.8537, -12327070.2676 8245063.5116, -12327224.5697 8245110.565, -12327348.7302 8245213.7034, -12327425.3786 8245360.5921, -12327499.9247 8245626.7968, -12327633.2465 8245865.3391, -12327657.5131 8246025.0953, -12327588.575 8246313.0189, -12327573.8935 8246493.2792, -12327758.1705 8246602.9263, -12327817.7253 8246394.5763, -12327928.5771 8246138.0958, -12327983.2732 8245773.2241, -12327985.3565 8245592.3942, -12327928.8317 8245318.2314, -12327931.2265 8245150.5047, -12328007.351 8245009.4581, -12327933.9423 8244782.6883, -12327979.1715 8244572.9069, -12328071.5028 8244440.4382, -12328207.765 8244354.011, -12328386.6376 8244323.689, -12328506.2117 8244325.5709, -12328577.0039 8244237.0815, -12328720.5937 8244158.8038, -12328900.5755 8244116.467, -12329066.2843 8244044.8153, -12329217.0514 8243945.4243, -12329348.2949 8243821.3161, -12329464.1682 8243653.3657, -12329555.6457 8243463.7007, -12329606.4452 8243278.0032, -12329729.0324 8243102.0411, -12329865.251 8243015.598, -12330040.0321 8242985.92849999, -12330206.2626 8242992.5058, -12330367.5542 8242973.0758, -12330540.7088 8242922.1608, -12330692.2348 8242847.98269999, -12330904.6038 8242811.9074, -12331106.0119 8242835.92109999, -12331268.4443 8242833.4669, -12331647.9345 8242752.0768, -12331840.1809 8242803.34839999, -12332026.8483 8242684.8153, -12332141.6287 8242596.9967, -12332266.1348 8242466.1506, -12332357.2696 8242331.4457, -12332432.4608 8242167.126, -12332474.8471 8242010.0429, -12332492.5352 8241830.1601, -12332475.6752 8241632.1087, -12332421.4036 8241440.9233, -12332334.1156 8241267.2881, -12332301.2461 8241091.0644, -12332349.1125 8240868.4017, -12332482.8181 8240737.51290001, -12332722.4625 8240687.2253, -12333056.6644 8240763.1533, -12333272.6017 8240776.8397, -12333469.1238 8240749.5873, -12333656.8417 8240685.267, -12333692.3926 8240519.751, -12333692.8673 8240285.0252, -12333640.6233 8240056.2153, -12333528.5367 8239829.8539, -12333416.5353 8239688.2048, -12333281.6861 8239568.1907, -12333079.0345 8239450.4166, -12332848.1042 8239376.3192, -12332676.8451 8239243.5864, -12332527.9079 8239085.5759, -12332381.2991 8238980.3307, -12332252.2516 8238915.5202, -12332115.4581 8238869.3297, -12331847.434 8238835.7484, -12331483.5948 8238885.8942, -12331330.8924 8238941.1676, -12331188.6987 8239019.6884, -12331060.5141 8239119.5244, -12330949.4945 8239238.2188, -12330731.2336 8239589.9698, -12330549.5794 8239697.0137, -12330145.767 8239753.0017, -12329886.7998 8239835.70579999, -12329657.3415 8239866.8747, -12329501.6651 8239825.0404, -12329163.4689 8239549.9062, -12328942.1359 8239428.7587, -12328786.9839 8239380.7856, -12328644.2641 8239359.0243, -12328481.8912 8239358.5825, -12328206.7714 8239394.093, -12328051.1135 8239352.2313, -12327646.4235 8239051.2487, -12327482.5144 8238975.8537, -12327325.8041 8238933.3059, -12327092.1601 8238916.2576, -12326860.675 8238952.29, -12326675.2948 8239022.9465, -12326387.1163 8239189.4632, -12326227.4027 8239211.0822, -12326071.7609 8239169.1802, -12325930.3601 8239059.382, -12325788.6468 8238831.3148, -12325684.6697 8238706.3984, -12325576.8571 8238610.2458, -12325456.7382 8238530.0591, -12325309.8127 8238460.8621, -12325147.3077 8238411.911, -12325012.9345 8238334.205, -12324878.8069 8238280.7803, -12324503.901 8238201.6647, -12324342.5007 8238184.1363, -12324109.0882 8238203.8163, -12323902.5943 8238268.2822, -12323713.9876 8238374.3435, -12323539.3806 8238530.77, -12323355.6114 8238774.7595, -12323252.1987 8238985.3268, -12323198.7164 8239213.807, -12323198.825 8239463.4063, -12323143.8111 8239633.9524, -12323080.3325 8239713.183, -12322926.0215 8239803.89989999, -12322766.2866 8239825.4454, -12322335.7866 8239712.4393, -12321964.2821 8239676.9588, -12321578.6769 8239550.3201, -12321451.355 8239451.3305, -12321372.1226 8239310.7377, -12321323.3327 8239046.0757, -12321219.5999 8238815.8008, -12321100.828 8238656.6821, -12320951.5524 8238521.0921, -12320872.3391 8238380.512, -12320853.5214 8238220.1899, -12320908.0828 8238029.9603, -12320996.8858 8237820.6276, -12321037.0911 8237607.7515, -12321037.696 8237445.1372, -12321008.1181 8237251.8385, -12321084.8732 8236892.6439, -12321099.6876 8236712.6319, -12321079.6949 8236515.0171, -12321029.1315 8236341.6515, -12320909.6672 8236119.2634, -12320753.6324 8235944.3496, -12320639.4892 8235855.9238, -12320514.1745 8235784.2712, -12320436.7238 8235758.6405, -12320364.7011 8235950.5337, -12320308.8701 8236011.44, -12319958.7286 8236227.7624, -12319841.5422 8236340.2512, -12319743.3614 8236469.72, -12319633.9368 8236697.2463, -12319581.3752 8236962.5762, -12319582.0687 8237107.1425, -12319606.8328 8237267.8465, -12319663.3786 8237439.3703, -12319744.855 8237593.1111, -12319768.9281 8237752.7112, -12319729.5524 8237909.2335, -12319632.8443 8238038.3482, -12319493.8332 8238119.9847, -12319334.1264 8238141.4519, -12318908.0737 8238031.0256, -12318656.2007 8238018.9898, -12318443.384 8238057.6071, -12318259.2066 8238131.2742, -12318121.1799 8238216.8861, -12317998.218 8238323.07329999, -12317893.3487 8238447.2227, -12317809.1543 8238586.279, -12317753.3606 8238719.63889999, -12317716.6357 8238859.48179999, -12317698.9899 8239021.16309999, -12317705.8408 8239224.101, -12317653.467 8239432.0418, -12317539.932 8239583.5316, -12317388.9633 8239665.5394, -12317321.755 8239681.4675, -12317126.8922 8239631.8732, -12316983.5279 8239614.8887, -12316839.1994 8239618.0543, -12316679.1727 8239645.609, -12316508.8868 8239705.1863, -12316365.6163 8239812.0697, -12316224.4017 8239976.24229999, -12316134.8894 8240133.12259999, -12316108.0348 8240208.0419, -12316269.4554 8240102.3405, -12316434.4838 8240074.6373, -12316558.0714 8240091.0212, -12316815.0527 8240261.4765, -12316977.5334 8240339.9716, -12317168.9285 8240392.2244, -12317441.008 8240419.8346, -12317518.5827 8240452.324, -12317615.4301 8240527.1356, -12317786.443 8240741.3257, -12318062.5865 8240974.5832, -12318137.0863 8241117.787, -12318150.547 8241278.7113, -12318095.4035 8241449.2583, -12317953.9427 8241641.89119999, -12317857.7359 8241855.9536, -12317812.0599 8242086.2158, -12317817.8449 8242310.4673, -12317778.2973 8242467.4884, -12317542.5546 8242784.6612, -12317441.8135 8242976.5414, -12317383.0941 8243185.2156, -12317368.6416 8243329.1773, -12317374.2103 8243472.5653, -12317321.2218 8243682.8947, -12317216.2485 8243844.9722, -12317153.5068 8243975.3099, -12317031.4209 8244422.813, -12316934.5789 8244552.0025, -12316795.4157 8244633.6562, -12316565.7636 8244664.4338, -12316319.4257 8244653.8439, -12315849.066 8244714.3108, -12315706.5484 8244712.5467, -12315375.7971 8244744.7426, -12315202.966 8244697.9377, -12315075.6451 8244598.7696, -12314996.4824 8244458.0129, -12314954.5915 8244107.6535, -12314910.2027 8243932.4128, -12314817.9157 8243736.2829, -12314686.9449 8243563.6625, -12314552.3378 8243443.25, -12314398.907 8243348.0806, -12314248.5678 8243286.4168, -12313975.0902 8243211.1771, -12313806.0202 8243079.4468, -12313673.6737 8242864.7128, -12313525.4504 8242706.7487, -12313363.4467 8242591.9564, -12313171.6368 8242506.6229, -12313249.2071 8242493.4845, -12312727.0637 8242443.9292, -12312759.3993 8242459.00079999, -12312612.5756 8242482.5369, -12312474.6318 8242525.3654, -12312343.9786 8242587.0069, -12312223.1582 8242666.2626, -12312089.52 8242787.7233, -12311988.8776 8242915.4559, -12311909.418 8243057.3891, -12311832.1535 8243260.1978, -12311703.4159 8243431.6863, -12311561.097 8243515.05699999, -12311358.766 8243574.5462, -12311160.1111 8243678.9038, -12310976.8992 8243703.3166, -12310784.3743 8243695.8007, -12310426.51 8243610.0851, -12310096.2013 8243615.8893, -12309947.485 8243706.0093, -12309778.0159 8243868.2363, -12309684.1298 8244001.0591, -12309612.1383 8244146.9613, -12309563.8151 8244302.3516, -12309541.707 8244445.3529, -12309551.3793 8244697.9855, -12309629.0411 8244957.35499999, -12309727.3796 8245130.0825, -12309924.9988 8245342.6246, -12310036.1543 8245526.1089, -12310060.0395 8245685.906, -12310020.414 8245842.5375, -12309923.433 8245971.6564, -12309784.1686 8246053.1912, -12309624.2673 8246074.4667, -12309461.2996 8246030.1963, -12309338.6365 8245960.0374, -12309204.4921 8245906.2729, -12308974.5739 8245860.219, -12308812.0704 8245859.3414, -12308574.4672 8245889.1143, -12308418.7951 8245846.8023, -12308291.5483 8245747.5037, -12308212.5043 8245606.6555, -12308193.9464 8245446.1517, -12308238.755 8245290.9392, -12308371.084 8245090.0129, -12308441.1567 8244900.3758, -12308375.5428 8244849.1743, -12308322.9132 8244762.2558, -12308284.2139 8244550.9733, -12307064.208 8245649.9383, -12306094.2178 8247068.7363, -12305841.3082 8248333.463, -12306596.5106 8249126.247, -12306580.5733 8250373.4855, -12305522.9254 8251078.6021, -12304203.5461 8251664.7781, -12304220.8664 8252819.3853, -12304123.6921 8252948.5446, -12303984.2338 8253030.0419, -12303824.1675 8253051.2078, -12303668.3753 8253008.7518, -12303393.1424 8252803.7861, -12303162.0749 8252701.4359, -12302949.256 8252660.554, -12302750.5727 8252662.7881, -12302521.5817 8252714.2376, -12302310.008 8252815.9652, -12302126.6938 8252962.76, -12301974.0296 8253149.4236, -12301834.5444 8253230.8819, -12301674.4691 8253252.0016, -12301231.374 8253137.7444, -12301087.2771 8253125.4452, -12300942.8737 8253133.3526, -12300783.5503 8253166.1945, -12300615.0025 8253231.435, -12300475.0271 8253314.4445, -12300336.8572 8253431.0977, -12300210.7872 8253584.9728, -12300109.4496 8253776.8806, -12300087.2654 8253852.493, -12300131.1812 8253918.9404, -12300233.6714 8254021.1731, -12300398.5698 8254149.5758, -12300497.2405 8254340.3671, -12300514.6339 8254554.5415, -12300405.2831 8254865.3736, -12300382.9626 8255008.5455, -12300380.7499 8255153.4389, -12300398.6892 8255297.2332, -12300442.5103 8255454.20579999, -12300501.6373 8255586.4677, -12300612.5481 8255772.9346, -12300636.2571 8255932.97820001, -12300596.3737 8256089.7687, -12300499.0931 8256218.9346, -12300359.5344 8256300.3967, -12300146.8051 8256328.4171, -12299909.4433 8256286.1609, -12299879.1514 8256326.37389999, -12299804.6674 8256363.4695, -12299556.7782 8256396.1016, -12299495.3259 8256379.3164, -12299438.4804 8256336.1817, -12299367.7444 8256348.5661, -12299160.7438 8256292.0179, -12298844.4532 8256045.4276, -12298705.5446 8255960.5253, -12298555.0905 8255898.4344, -12298383.6731 8255857.096, -12298021.7727 8255807.2745, -12297841.0183 8255807.6047, -12297628.2913 8255849.42459999, -12297423.0791 8255937.9375, -12297262.6209 8255959.0088, -12297103.5939 8255922.1629, -12296747.7747 8255879.7282, -12296603.1044 8255879.9678, -12296459.8746 8255900.3718, -12296287.1017 8255953.5917, -12296151.2603 8256020.7745, -12295976.8901 8256080.8559, -12295849.2551 8256149.0938, -12295665.7328 8256295.78899999, -12295461.4711 8256539.8826, -12295306.4812 8256630.2101, -12295015.4186 8256669.4492, -12294655.2923 8256743.3319, -12294501.035 8256795.271, -12294356.785 8256870.7419, -12294226.0934 8256967.8873, -12294100.682 8257098.3237, -12293999.7821 8257248.5951, -12293930.7098 8257402.0674, -12293826.3679 8257540.3484, -12293686.7135 8257621.6967, -12293398.7683 8257659.782, -12293059.0251 8257727.0249, -12292874.1173 8257800.2349, -12292611.3158 8257951.5027, -12292451.1165 8257972.4327, -12292295.2926 8257929.7078, -12292154.058 8257818.9894, -12291933.6111 8257428.87089999, -12291825.648 8257306.8735, -12291607.0901 8257128.5375, -12291527.127 8257040.66920001, -12291440.2483 8256885.024, -12291422.0325 8256724.243, -12291471.6346 8256553.89729999, -12291551.426 8256402.8693, -12291599.3946 8256262.9473, -12291663.948 8255851.8026, -12291716.0973 8255649.5009, -12291727.0179 8255429.2328, -12291773.4474 8255269.7559, -12291875.0698 8255144.0217, -12292017.302 8255067.4035, -12292298.5089 8255035.262, -12292522.3131 8254964.3068, -12292690.3771 8254868.8082, -12292850.2573 8254732.5823, -12293066.0024 8254616.3252, -12293218.2565 8254564.9425, -12293347.0551 8254499.0062, -12293465.4373 8254415.7537, -12293571.0986 8254316.8064, -12293812.8645 8253989.7729, -12293949.6881 8253903.8816, -12294109.0164 8253877.6369, -12294580.4798 8253983.316, -12294743.0115 8253990.1983, -12294904.6163 8253971.5224, -12295161.1379 8253885.13009999, -12295370.3442 8253749.9757, -12295587.8041 8253648.8105, -12295724.8643 8253561.0462, -12295883.1313 8253412.743, -12296015.7613 8253218.7778, -12296055.4474 8253119.931, -12296071.4905 8253022.9522, -12296065.9752 8252823.982, -12296028.131 8252647.0015, -12295968.2832 8252495.5013, -12295820.9861 8252228.7656, -12295802.6842 8252068.0939, -12295841.0282 8251863.8883, -12295837.216 8251649.0983, -12295882.3221 8251493.8386, -12295983.8229 8251368.1088, -12296043.1316 8251336.117, -12296028.4214 8251255.0391, -12296063.1799 8251097.1392, -12296156.1553 8250964.9696, -12296328.1043 8250856.94910001, -12296578.873 8250727.4948, -12296717.049 8250610.9544, -12296850.9956 8250453.8806, -12296993.0877 8250377.2114, -12297153.7183 8250361.5118, -12297375.2565 8250430.0521, -12297508.7594 8250504.3718, -12297643.8165 8250556.0283, -12297931.0794 8250604.7473, -12298142.1702 8250666.6595, -12298339.9309 8250685.3588, -12298554.0431 8250669.1483, -12298708.2649 8250716.8307, -12298832.1087 8250820.5183, -12298992.0525 8251097.4173, -12299182.057 8251290.3353, -12299302.0844 8251371.0848, -12299432.1646 8251434.3132, -12299569.765 8251478.7885, -12299712.2064 8251503.64459999, -12299874.7842 8251507.5692, -12300018.2556 8251489.6143, -12300174.8723 8251445.7444, -12300322.7078 8251377.8688, -12300443.7948 8251298.7215, -12300552.7049 8251203.4622, -12300769.0477 8250921.5006, -12300905.7361 8250835.5129, -12301064.977 8250809.1269, -12301222.0254 8250846.4426, -12301352.4742 8250941.6616, -12301436.0522 8251079.9902, -12301461.6164 8251252.407, -12301449.7581 8251430.7376, -12301469.057 8251610.671, -12301525.9237 8251801.3616, -12301618.0711 8251977.6827, -12301742.1154 8252133.1525, -12301893.4989 8252262.0553, -12302066.6587 8252359.6516, -12302255.2305 8252422.3526, -12302434.2078 8252447.1062, -12302614.7569 8252440.3457, -12302791.3898 8252402.2767, -12302974.7626 8252325.6488, -12303097.1994 8252248.5766, -12303207.7346 8252155.1836, -12303304.2159 8252047.2892, -12303486.2124 8251790.0899, -12303622.8875 8251704.04119999, -12303782.1385 8251677.5938, -12304060.244 8251130.4977, -12303532.6731 8251077.2023, -12302714.3402 8251071.6757, -12302325.5539 8251318.7889, -12302050.2278 8251722.6951, -12301740.824 8251527.7769, -12301729.8082 8250955.4007, -12302033.1519 8250503.7414, -12302719.9005 8250251.9542, -12303072.277 8250176.3476, -12303815.0584 8250226.446, -12303525.4298 8249223.4179, -12303539.5798 8249206.2864, -12302352.0528 8249084.0852, -12301995.0371 8248861.17849999, -12301372.7984 8248893.6009, -12300793.2496 8249028.2503, -12300361.4211 8249545.5949, -12300334.6562 8249941.3579, -12300260.1734 8250309.0521, -12299888.095 8250308.6366, -12299680.93 8250070.9084, -12299676.3388 8249772.4037, -12299844.5834 8249485.6542, -12299803.5743 8249358.6296, -12299354.1212 8249402.6234, -12298932.7085 8249398.8027, -12298672.8643 8249207.1817, -12298469.1266 8248919.9923, -12298370.8709 8248540.6145, -12297987.6385 8248340.582, -12297910.739 8248012.3688, -12297677.3354 8247797.7052, -12297584.7861 8248064.6642, -12296988.9727 8248073.671, -12296991.2227 8247676.33739999, -12297222.3461 8247195.2935, -12297938.66 8246871.5697, -12298513.052 8246811.35450001, -12299126.9033 8246809.2232, -12299109.8094 8246780.9125, -12299077.7116 8246604.4295, -12299112.3814 8246446.6118, -12299205.2432 8246314.4838, -12299341.8633 8246228.5762, -12299501.0097 8246202.238, -12299792.138 8246259.8302, -12300062.21 8246247.44219999, -12300202.3268 8246212.1249, -12300336.1716 8246157.6145, -12300561.2839 8246007.6415, -12300624.0837 8245936.0551, -12300479.1003 8245896.7484, -12300305.756 8245761.1772, -12300291.7396 8245734.075, -12300253.3025 8245522.9303, -12300287.9418 8245365.1293, -12300380.769 8245233.0047, -12300616.5793 8245081.6866, -12300752.5353 8244962.75999999, -12300855.6039 8244836.9335, -12300945.4939 8244680.1484, -12301021.0319 8244462.1038, -12301215.0179 8244217.3281, -12301312.348 8244044.0624, -12301366.2228 8243890.5255, -12301433.481 8243588.3996, -12301526.2652 8243456.2912, -12301662.806 8243370.3719, -12302017.7414 8243293.106, -12302165.3967 8243225.2636, -12302443.121 8243052.1446, -12302602.1897 8243025.749, -12302782.1865 8243063.61339999, -12302937.6829 8243073.21199999, -12303124.1938 8243117.4733, -12303254.5343 8243212.5573, -12303338.0645 8243350.7198, -12303361.7991 8243510.4883, -12303325.2225 8243711.2647, -12303329.5605 8243928.0396, -12303373.0185 8244122.0283, -12303439.2895 8244276.5492, -12304193.4311 8244191.0484, -12305050.4273 8244348.0161, -12305333.2956 8244565.6651, -12305634.2298 8244875.9074, -12306121.7192 8244642.7092, -12306388.2424 8243953.7603, -12306336.1433 8243911.6498, -12306283.5442 8243824.72820001, -12306251.2862 8243648.3428, -12306285.789 8243490.5502, -12306378.4869 8243358.3807, -12306514.9718 8243272.3716, -12306835.9453 8243226.8501, -12307040.0457 8242984.9722, -12308488.1451 8242678.1367, -12308363.4318 8242430.3943, -12308247.6797 8242268.9487, -12308131.4599 8242155.2809, -12307816.3612 8241908.6512, -12307737.3651 8241767.8711, -12307718.8252 8241607.44929999, -12307763.6188 8241452.3192, -12308000.0733 8241152.0128, -12308107.5948 8240943.4567, -12308147.7664 8240779.7917, -12308071.3429 8240612.1046, -12307836.9355 8240426.8102, -12307596.2207 8240091.5408, -12307561.2791 8239900.6836, -12307551.0847 8239614.2315, -12307479.0858 8239556.7813, -12307399.2153 8239424.8422, -12307366.9474 8239248.5656, -12307410.0029 8239078.59529999, -12307388.8827 8239032.4992, -12307347.073 8238804.09570001, -12307381.3491 8238617.945, -12307630.6272 8238259.4654, -12307722.9356 8238069.5179, -12307910.1579 8237834.47649999, -12308029.4852 8237618.5322, -12308139.8599 8237481.3374, -12308285.214 8237402.6135, -12308432.5753 8237368.5801, -12308583.4022 8237308.4848, -12308708.1407 8237235.7845, -12308821.5623 8237146.3999, -12309125.227 8236783.3436, -12309158.1179 8236730.0152, -12309187.0508 8236605.6688, -12309289.799 8236459.0398, -12309410.4041 8236388.51780001, -12309519.777 8236141.9536, -12309614.127 8235718.4023, -12309700.3612 8235542.464, -12309540.7188 8235563.2508, -12309344.474 8235502.267, -12309244.7093 8235414.4999, -12309173.8977 8235297.5916, -12309141.6031 8235121.4198, -12309168.5004 8234944.5532, -12309166.5316 8234782.0138, -12309139.2059 8234621.7877, -12309086.4633 8234466.1434, -12309066.1842 8234290.9854, -12309130.2448 8234058.3787, -12309151.0975 8233801.3565, -12309197.7526 8233639.6466, -12309298.7816 8233514.0248, -12309570.9386 8233364.3301, -12309498.9198 8233199.5055, -12309480.3588 8233039.2722, -12309525.0598 8232884.3079, -12309626.0726 8232758.6938, -12309767.6958 8232681.9508, -12309862.2971 8232670.7069, -12309967.6008 8232223.0999, -12310070.7301 8232075.8895, -12310267.5734 8231871.6426, -12310252.9944 8231678.3195, -12310211.8253 8231521.1601, -12310141.3655 8231362.7707, -12310122.7688 8231202.3584, -12310167.4445 8231047.4282, -12310268.4211 8230921.8357, -12310410.0027 8230845.0982, -12310572.8544 8230822.7105, -12310633.808 8230784.2477, -12310770.3552 8230761.4286, -12311086.8583 8230579.7066, -12311245.6328 8230553.1624, -12311419.5602 8230594.2244, -12311705.1547 8230774.7908, -12311839.0475 8230828.3949, -12312064.1885 8230870.6896, -12312208.2942 8230727.7391, -12312406.9176 8230401.9534, -12312487.4299 8230137.2175, -12312498.8822 8229901.3015, -12312451.8589 8229652.5343, -12312370.5543 8229462.6962, -12312184.7479 8229174.0346, -12312153.9156 8228908.732, -12312204.9524 8228729.4649, -12312226.9556 8228586.7547, -12312228.9179 8228442.3684, -12312207.1393 8228281.42939999, -12312166.8781 8228142.783, -12312099.0843 8227995.2599, -12312009.0913 8227860.1789, -12311899.1155 8227740.8643, -12311726.1405 8227611.3139, -12311534.6333 8227522.2203, -12311106.4817 8227167.0402, -12310980.1768 8227097.5129, -12310789.8865 8227022.3112, -12310621.2361 8226890.8041, -12310542.3396 8226750.3404, -12310495.8716 8226366.7227, -12310442.8903 8226171.4341, -12310311.3675 8225927.3471, -12310118.5355 8225726.3258, -12310079.2584 8225592.4344, -12309995.0525 8225631.2398, -12309636.8831 8225860.2396, -12309477.4172 8225881.4645, -12309177.0876 8225800.8056, -12309016.7193 8225777.3584, -12308872.6297 8225777.85, -12308722.3517 8225800.8703, -12308541.3921 8225858.6984, -12308375.2332 8225949.796, -12308235.1857 8226062.1593, -12308117.2691 8226196.5495, -12308003.1609 8226392.0745, -12307937.1052 8226598.02279999, -12307915.2346 8226813.2342, -12307941.7116 8227064.2314, -12307902.1502 8227220.4615, -12307805.3837 8227349.2352, -12307666.451 8227430.5343, -12307506.9462 8227451.7202, -12307351.6643 8227409.4994, -12307210.7682 8227299.529, -12307158.2719 8227212.81, -12307126.0562 8227036.8227, -12307166.7847 8226850.4032, -12307250.0525 8226617.3657, -12307275.573 8226366.4613, -12307244.3133 8226134.302, -12307163.1116 8225917.9047, -12307125.7108 8225713.5983, -12307110.4019 8225419.1443, -12307046.6272 8225212.5124, -12306941.3656 8225023.6828, -12306799.2194 8224860.9048, -12306657.0288 8224750.3289, -12306497.8346 8224666.1654, -12306016.9529 8224525.8428, -12305875.8972 8224415.7088, -12305688.4027 8224193.5975, -12305397.4217 8223961.667, -12305224.869 8223864.5345, -12305054.5237 8223806.3291, -12304948.7232 8223784.4802, -12304759.6877 8223899.0473, -12304600.2088 8223920.168, -12304335.4034 8223886.6276, -12304116.9972 8223908.5356, -12303863.1584 8223999.3692, -12303654.8936 8224140.9185, -12303541.6367 8224256.996, -12303457.2728 8224373.9753, -12303389.9789 8224501.5792, -12303341.0659 8224637.3255, -12303311.4864 8224778.5725, -12303301.8172 8224922.5715, -12303341.8728 8225265.9748, -12303302.2258 8225422.1406, -12303205.4051 8225550.8217, -12303062.0182 8225632.6013, -12303046.9949 8225686.8994, -12302509.1299 8226476.2356, -12302305.9425 8226987.1876, -12302312.2601 8227029.741, -12302272.5813 8227185.9377, -12302175.7194 8227314.6348, -12302036.7281 8227395.8263, -12301877.211 8227416.8904, -12301721.9647 8227374.5524, -12301581.1555 8227264.4776, -12301528.726 8227177.7205, -12301496.6442 8227001.7125, -12301531.1616 8226844.2949, -12301927.2836 8225757.0109, -12301943.3367 8224998.206, -12301909.8991 8225132.0887, -12301795.9343 8225382.7535, -12301695.8627 8225772.3258, -12301599.0098 8225900.9912, -12301460.0394 8225982.157, -12301300.5514 8226003.2053, -12301145.338 8225960.864, -12300780.9997 8225667.2143, -12300639.7676 8225587.59619999, -12300505.1379 8225536.1774, -12300364.676 8225504.0265, -12300221.1154 8225491.7688, -12299853.3212 8225529.1307, -12299693.773 8225485.5738, -12299540.6678 8225397.7894, -12299388.7568 8225341.2607, -12299069.4022 8225271.3016, -12298974.8376 8225321.4289, -12298881.0054 8225327.5021, -12298640.7607 8225261.8796, -12298425.9114 8225159.1964, -12298362.6388 8225145.2764, -12298131.4902 8225193.32, -12297967.1839 8225266.9857, -12297611.5143 8225484.2347, -12297366.8129 8225519.80610001, -12297194.7571 8225572.8475, -12297004.309 8225674.7322, -12296804.3121 8225852.2274, -12296659.69 8225936.5683, -12296500.1923 8225957.5128, -12296294.0559 8225901.1356, -12296047.0413 8225783.1312, -12295619.1772 8225675.84399999, -12295450.834 8225544.02229999, -12295421.0971 8225490.8263, -12295219.7887 8225435.7385, -12294926.7902 8225208.4062, -12294847.2939 8225076.5951, -12294804.3491 8224803.6244, -12294847.8092 8224562.8068, -12294940.4624 8224431.1152, -12295235.7471 8224230.60899999, -12295282.7784 8224183.3468, -12295305.2437 8223837.6727, -12295385.8403 8223698.3776, -12295564.3958 8223650.042, -12295580.2268 8223583.5138, -12295586.7646 8223386.7816, -12295550.7624 8223173.3482, -12295476.3504 8222980.082, -12295317.1932 8222711.2322, -12295280.2328 8222560.8735, -12295217.1455 8222409.3952, -12295183.9927 8222226.6467, -12295221.5771 8222055.9233, -12295286.3986 8221917.67679999, -12295332.1565 8221762.0258, -12295353.8006 8221583.0932, -12295344.1393 8221400.0046, -12295370.5817 8221183.3753, -12295347.9827 8220908.685, -12295423.4316 8220638.4516, -12295445.0695 8220459.5456, -12295404.6955 8220140.2431, -12295332.4133 8219954.302, -12295258.0679 8219830.7951, -12295154.8722 8219705.7882, -12295033.4299 8219598.4924, -12294896.7308 8219511.5476, -12294748.1405 8219447.0934, -12294251.158 8219333.0594, -12293965.4283 8219087.6015, -12292975.4805 8219325.1103, -12292942.1887 8219386.1991, -12292757.6311 8219493.7057, -12292598.2628 8219514.5511, -12292443.2381 8219472.0688, -12292316.6539 8219372.8635, -12292238.1846 8219232.3572, -12292220.0241 8219072.3908, -12292335.6578 8218668.7364, -12292361.6896 8218454.2389, -12292342.635 8218239.0132, -12292268.6822 8218008.3738, -12292229.8235 8217793.7026, -12292264.4885 8217636.5264, -12292357.0977 8217504.9883, -12292537.9628 8217391.4667, -12292587.6584 8217378.111, -12292729.7455 8217412.0285, -12292737.7606 8217167.2427, -12292782.7044 8217012.71549999, -12293033.4197 8216701.3829, -12293133.5527 8216530.5838, -12293355.9823 8215830.7416, -12293469.4786 8215681.8669, -12293607.8109 8215576.5498, -12293719.049 8215458.7972, -12293810.5262 8215325.0629, -12293879.9906 8215178.6415, -12293929.2962 8215005.4661, -12293947.387 8214844.3732, -12293940.0994 8214682.432, -12293878.8373 8214304.1924, -12293859.6314 8214283.1338, -12293698.5498 8214168.3719, -12293501.4991 8214080.8086, -12293081.2716 8213972.65339999, -12292940.8431 8213862.6213, -12292888.6067 8213775.9639, -12292856.7806 8213600.2414, -12292881.7058 8213475.8659, -12292717.3292 8213468.0846, -12292713.7799 8213156.2546, -12292622.5704 8213005.8441, -12292610.2998 8212846.8604, -12292439.051 8212521.8079, -12291867.9001 8212933.0346, -12291218.3878 8213469.6831, -12290996.9861 8213632.5826, -12291519.4966 8214026.4931, -12291882.3401 8214714.4141, -12291593.2523 8215017.94, -12291038.1958 8215197.7779, -12290568.6903 8215146.2182, -12290338.5439 8215476.5918, -12289252.5644 8215789.2034, -12289240.4735 8215767.3075, -12289248.2494 8215820.311, -12289208.3635 8215976.1976, -12289102.7051 8216116.08, -12288931.6304 8216273.5275, -12288777.4714 8216473.7543, -12288638.5454 8216554.578, -12288479.2315 8216575.3278, -12288310.9292 8216522.0945, -12288217.7363 8216576.3042, -12288041.8852 8216599.1549, -12287898.5172 8216586.636, -12287736.9695 8216596.6295, -12287578.9701 8216631.8129, -12287416.3606 8216697.3456, -12287200.1102 8216725.4738, -12286918.5342 8216689.5733, -12286691.4437 8216633.7681, -12286343.8505 8216596.2724, -12286093.4084 8216618.3156, -12285955.094 8216658.0984, -12285810.4811 8216723.9442, -12285650.4471 8216744.7256, -12285492.5607 8216707.9134, -12285207.9121 8216672.0699, -12285046.1108 8216667.8615, -12284848.9037 8216690.4221, -12284693.9853 8216647.796, -12284567.5551 8216548.4998, -12284489.2629 8216407.9688, -12284471.2751 8216248.0484, -12284520.2095 8216080.494, -12284638.8396 8215832.8615, -12284734.0111 8215425.1426, -12284827.3124 8215292.9045))"
56,21140,1719,2023-10-15 06:33:14,SWF116, ,10694.2,2023-09-22,2310,6 - processed IR scan image,Wildfire,Being Held,2023/07/18 16:00:00,E,10670.0,1688753100000,Lightning,5,09d11653-4d8b-4c0c-be97-60cb67f9a43b,362208166.585938,176832.422883877,"POLYGON ((-12673518.3894 7780974.1805, -12673494.7523 7781073.0697, -12673470.497 7781114.5767, -12673439.4 7781146.8645, -12673363.7007 7781187.13139999, -12673239.2458 7781181.8648, -12673035.3398 7781101.5177, -12672945.7125 7781111.9562, -12672867.7524 7781170.9588, -12672839.3621 7781217.7926, -12672808.3294 7781335.0243, -12672798.4745 7781653.7516, -12672765.7289 7781774.6042, -12672700.6032 7781885.3322, -12672485.2465 7782144.9963, -12672419.6346 7782271.1444, -12672371.6022 7782407.8802, -12672320.4824 7782622.6357, -12672233.2222 7783165.0416, -12672200.4801 7783281.0906, -12672142.7123 7783379.1691, -12671927.5493 7783567.1636, -12671869.1835 7783670.6175, -12671855.8041 7783731.5307, -12671862.5952 7783862.873, -12671899.0521 7783995.1083, -12671954.382 7784123.1698, -12672090.3957 7784359.9568, -12672178.3603 7784452.8786, -12672280.3144 7784513.6802, -12672437.9031 7784539.4035, -12672534.296 7784513.9075, -12672576.1615 7784487.132, -12672611.1974 7784451.396, -12672657.885 7784357.003, -12672680.659 7784122.0465, -12672724.6476 7784009.1857, -12672820.3859 7783928.4966, -12672952.1901 7783900.0815, -12673161.0907 7783923.9396, -12673359.3684 7783991.3709, -12673547.2285 7784087.0607, -12674062.6351 7784401.7249, -12674291.234 7784507.0331, -12674649.6685 7784577.7609, -12674823.6554 7784593.1313, -12674989.6142 7784562.1579, -12675127.1777 7784472.3776, -12675188.1856 7784377.4985, -12675230.4612 7784220.5264, -12675230.2082 7784068.5302, -12675201.8647 7783974.3622, -12675144.4079 7783892.3886, -12675103.1563 7783858.9883, -12674839.6667 7783717.9946, -12674730.1003 7783633.3897, -12674631.9863 7783527.9041, -12674471.9499 7783276.0176, -12674302.4276 7782869.2401, -12674243.0992 7782669.2763, -12674241.1111 7782541.0351, -12674290.3416 7782430.5293, -12674388.9561 7782358.2139, -12674514.2581 7782332.9524, -12674579.6714 7782337.6431, -12674706.6957 7782378.2402, -12674882.6014 7782501.1043, -12675141.8798 7782764.9425, -12675250.5104 7782857.0201, -12675374.2921 7782918.1627, -12675514.7146 7782927.6558, -12675653.7389 7782879.6543, -12675718.3005 7782834.2147, -12675834.3008 7782714.2854, -12676039.6153 7782426.4103, -12676274.5364 7781925.3106, -12676363.4422 7781768.2101, -12676485.0733 7781636.327, -12676557.6497 7781583.2916, -12676721.716 7781504.0229, -12676985.0846 7781444.8196, -12677254.6587 7781432.4496, -12677934.1219 7781489.0872, -12678177.6653 7781529.466, -12678332.2615 7781579.9129, -12678538.8882 7781700.9952, -12678651.3065 7781807.225, -12678732.1463 7781939.7544, -12678782.7254 7782089.9185, -12678945.0029 7782823.3417, -12678968.8114 7782990.9482, -12678972.3781 7783159.8309, -12678956.2713 7783327.7041, -12678891.9454 7783572.4729, -12678709.4829 7783939.7105, -12678656.0365 7784086.605, -12678633.2734 7784239.5531, -12678636.1525 7784317.2954, -12678679.1893 7784470.913, -12678717.0954 7784544.7903, -12678821.8453 7784677.5678, -12678953.3062 7784790.0739, -12679302.3406 7785038.0651, -12679415.2692 7785154.7809, -12679458.4899 7785221.9611, -12679504.9662 7785370.3342, -12679508.0252 7785447.1973, -12679468.0351 7785598.5094, -12679376.0436 7785731.766, -12679186.5584 7785897.1336, -12678918.4086 7786086.0791, -12678766.1178 7786148.615, -12678598.0863 7786176.7419, -12678328.93 7786172.3735, -12677864.7441 7786116.8869, -12677216.698 7786005.3768, -12677035.2381 7785989.2956, -12676858.5169 7785993.3729, -12676773.3557 7786005.5497, -12676614.3135 7786061.3098, -12676484.0259 7786159.8715, -12676395.1935 7786298.9788, -12676361.7559 7786468.8601, -12676385.9897 7786651.0218, -12676464.4155 7786826.9604, -12676785.7581 7787324.1708, -12677087.3719 7787834.3723, -12677492.179 7788635.5758, -12677606.6086 7788908.3333, -12677909.944 7789830.7847, -12678263.2197 7791255.1181, -12678447.9304 7791820.3839, -12678655.0129 7792380.6672, -12678655.0533 7792497.5558, -12678831.1438 7792920.2578, -12678912.6111 7793207.6897, -12678918.2882 7793430.022, -12678881.2966 7793645.6785, -12678806.8451 7793914.9634, -12678689.6159 7794203.049, -12678626.1229 7794292.9286, -12678545.8116 7794353.8246, -12678448.923 7794380.9952, -12678343.6201 7794367.2186, -12678239.3588 7794315.9616, -12678146.1792 7794231.1684, -12678005.85 7794005.4968, -12677906.6165 7793739.8985, -12677669.6669 7792921.5617, -12677327.1947 7791981.0901, -12677052.8223 7790881.8702, -12676968.7399 7790597.2945, -12676884.945 7790399.0055, -12676816.9409 7790277.916, -12676737.1081 7790170.7203, -12676645.9514 7790084.2617, -12676543.6523 7790020.6394, -12676431.9896 7789986.5657, -12676313.8606 7789985.8307, -12676199.3235 7790018.7274, -12675410.7427 7790504.1879, -12675234.3658 7790625.6323, -12674996.8928 7790819.9117, -12674909.9142 7790858.3152, -12674761.0605 7790855.5429, -12674413.5219 7790704.1753, -12674311.4386 7790701.8964, -12674214.8105 7790736.6823, -12674137.0042 7790807.5873, -12674087.3733 7790907.2224, -12674073.1752 7791021.0367, -12674092.9474 7791145.3796, -12674148.6369 7791269.6152, -12674268.4964 7791445.3489, -12674637.0275 7791799.8355, -12674811.0318 7792034.69, -12674874.3824 7792164.121, -12674939.4413 7792369.4351, -12675000.1199 7792647.6725, -12675023.4131 7792854.2696, -12675017.2502 7793645.5021, -12674984.0051 7793899.0818, -12674937.774 7794079.242, -12674861.1495 7794241.5474, -12674788.7464 7794336.5832, -12674658.2496 7794463.5229, -12674390.0242 7794686.604, -12674315.9529 7794768.2825, -12674233.2035 7794908.5884, -12674196.0794 7795065.9094, -12674209.3235 7795177.4999, -12674250.9998 7795287.6079, -12674439.8767 7795576.7632, -12674503.0002 7795723.4601, -12674516.7105 7795824.9433, -12674507.1349 7796077.5481, -12674550.8661 7796229.1002, -12674669.2521 7796354.5106, -12674939.5158 7796528.1247, -12675032.5668 7796613.5237, -12675091.2221 7796713.1481, -12675105.776 7796766.4337, -12675102.7067 7796871.0182, -12675053.4125 7796961.0817, -12675013.2605 7796994.0938, -12674914.967 7797030.7632, -12674757.4942 7797022.8524, -12674460.5617 7796949.2211, -12674360.3796 7796949.8128, -12674265.5281 7796975.4941, -12674180.1799 7797029.5496, -12674114.4964 7797111.7125, -12674075.3124 7797215.883, -12674060.6236 7797338.0216, -12674064.8881 7797467.21019999, -12674088.7447 7797600.2884, -12674163.0984 7797796.9626, -12674237.1388 7797918.5713, -12674457.0445 7798197.8817, -12674829.0156 7798713.0167, -12674856.5471 7798814.2916, -12674852.5292 7798864.0019, -12674836.7186 7798911.66179999, -12674775.1577 7798988.12039999, -12674678.2813 7799038.7765, -12674561.6572 7799052.0158, -12673938.124 7798948.3798, -12673569.3773 7798917.9088, -12673390.5192 7798931.0304, -12673019.5938 7798997.8455, -12673045.7855 7799061.1585, -12673048.8757 7799148.6947, -12673028.0487 7799212.2551, -12672990.395 7799267.2899, -12672931.5164 7799300.6381, -12672723.259 7799351.4659, -12672682.8082 7799383.8445, -12672599.1252 7799507.3161, -12672539.6864 7799526.4679, -12672478.5553 7799526.1145, -12672440.2917 7799507.3526, -12672368.4084 7799406.4284, -12672226.3507 7799383.6105, -12672143.6823 7799349.2085, -12672095.3348 7799310.005, -12672060.5459 7799238.5373, -12672072.2373 7799082.7234, -12671938.1568 7798981.0877, -12671927.5925 7798819.4234, -12671676.6351 7798932.3582, -12671571.0939 7798962.3917, -12671405.9047 7798942.2187, -12671304.3434 7798882.3204, -12671220.8727 7798797.1753, -12671151.7696 7798696.674, -12670961.3204 7798320.6362, -12670885.7481 7798234.1362, -12670790.1141 7798168.7969, -12670680.2162 7798127.4757, -12670561.5343 7798107.7948, -12670137.4109 7798121.916, -12669961.6239 7798096.2074, -12669689.6106 7797990.2422, -12669268.9608 7797777.96, -12669183.0346 7797754.1534, -12669096.421 7797764.883, -12668982.6201 7797844.2302, -12668929.3652 7797931.7563, -12668898.8302 7798044.7362, -12668893.3673 7798237.1523, -12668938.2951 7798648.9978, -12669112.6353 7799387.0082, -12669147.3051 7799630.21639999, -12669156.2697 7799842.7503, -12669133.8024 7799934.3042, -12669083.0082 7800012.9411, -12669010.3243 7800071.3164, -12668924.6527 7800109.5297, -12668567.2526 7800182.0457, -12668474.1439 7800179.6228, -12668380.4802 7800150.3658, -12668247.6292 7800064.8315, -12667873.2331 7799685.4314, -12667736.8078 7799567.3529, -12667581.0699 7799483.0559, -12667467.2717 7799456.8249, -12667288.1742 7799456.6577, -12667168.9447 7799488.8153, -12666894.4554 7799657.4208, -12666783.3058 7799708.6994, -12666607.7254 7799723.1988, -12666499.2577 7799688.2178, -12666364.6948 7799588.1192, -12666266.7488 7799460.6903, -12666201.419 7799323.1475, -12666121.7615 7799090.4279, -12666068.1816 7799005.6361, -12665988.5096 7798940.0925, -12665889.3438 7798907.809, -12665782.6731 7798907.1309, -12665679.808 7798937.4926, -12665390.0307 7799103.3954, -12665177.3398 7799177.6179, -12665005.0371 7799194.2319, -12664597.2939 7799162.2933, -12664414.2735 7799173.9024, -12664241.8181 7799238.119, -12664048.4964 7799388.4898, -12663973.5735 7799481.933, -12663888.2986 7799635.6182, -12663831.6742 7799805.3654, -12663804.2825 7799983.2407, -12663825.2509 7800167.7316, -12663977.6477 7800594.1036, -12664032.7266 7800796.6352, -12664158.7967 7801593.7908, -12664167.1803 7801871.8406, -12664152.0065 7802583.4033, -12664171.9813 7803131.5831, -12664150.3744 7803301.8011, -12664122.2529 7803401.3302, -12664044.5269 7803501.9685, -12663964.5918 7803537.3498, -12663871.8066 7803535.8459, -12663776.3464 7803497.2474, -12663733.1684 7803461.95, -12663584.738 7803264.3508, -12663338.8725 7802782.3037, -12663269.0887 7802672.5357, -12663230.3693 7802622.162, -12663136.2803 7802556.675, -12663018.8556 7802534.2741, -12662885.4142 7802541.7541, -12662757.8528 7802585.3663, -12662400.0831 7802757.11, -12662271.9261 7802791.0841, -12662135.9527 7802804.5794, -12661999.4938 7802793.1012, -12661729.144 7802739.2694, -12661600.7802 7802696.3981, -12661484.2293 7802637.4848, -12661328.197 7802500.4899, -12661251.1581 7802375.7967, -12661195.9821 7802233.6396, -12661029.7632 7801442.3913, -12660902.0284 7800934.3611, -12660615.8394 7799907.4957, -12660486.7358 7799487.5518, -12660391.9757 7799246.9973, -12660314.9198 7799094.8988, -12660174.8907 7798880.5362, -12659511.839 7798093.9056, -12659245.8374 7797754.0073, -12659100.8893 7797534.7006, -12658972.2849 7797306.3292, -12658796.3314 7796914.3376, -12658524.4498 7796025.5257, -12658389.235 7795638.6087, -12658260.6026 7795340.0226, -12658082.078 7794972.3455, -12657933.1556 7794703.0078, -12657186.9994 7793601.581, -12657108.1083 7793397.9048, -12657071.9165 7793109.15339999, -12657084.7321 7792890.0694, -12657110.2172 7792744.5805, -12657317.9551 7791888.0552, -12657524.4284 7790867.0964, -12657615.1016 7790597.9836, -12657929.1226 7790009.2297, -12658102.8041 7789576.4427, -12658200.9127 7789199.2344, -12658313.3226 7788670.0224, -12658486.2612 7787543.9635, -12658562.3912 7787351.07109999, -12658638.9647 7787238.4899, -12658731.5192 7787141.6386, -12658887.0681 7787023.9033, -12659058.6593 7786951.5451, -12659181.4744 7786942.0151, -12659242.1923 7786951.423, -12659411.3191 7787030.8293, -12659508.5449 7787113.5487, -12659633.1748 7787259.5992, -12660004.4567 7787798.0529, -12660128.4339 7787953.7402, -12660279.0961 7788087.8575, -12660624.1062 7788304.5809, -12660773.8371 7788434.2314, -12660984.8823 7788668.4792, -12661187.6605 7788978.0433, -12661256.6181 7789025.54200001, -12661334.1683 7789032.8684, -12661407.2565 7788995.227, -12661456.3161 7788927.5649, -12661473.4791 7788836.8003, -12661456.7632 7788733.4651, -12661369.4318 7788582.3137, -12660878.6094 7788112.8004, -12660633.2973 7787847.7241, -12660363.3835 7787522.4414, -12660003.4749 7787200.7391, -12659882.4358 7787045.4123, -12659830.2777 7786922.5313, -12659778.2959 7786722.8007, -12659539.5776 7785420.7287, -12659549.7194 7785214.3171, -12659588.434 7785082.3735, -12659649.8196 7784959.1547, -12659767.4487 7784790.9433, -12660206.8907 7784276.4568, -12660382.9381 7784101.8725, -12660526.4581 7784000.6113, -12660855.5413 7783880.8701, -12660947.5974 7783818.5996, -12660981.9502 7783775.1862, -12661016.2361 7783671.1004, -12661001.2613 7783557.9757, -12660942.9696 7783450.6981, -12660900.7927 7783402.7688, -12660798.3789 7783328.5199, -12660674.9176 7783285.5243, -12660540.002 7783275.0539, -12660267.7469 7783315.5268, -12659999.7302 7783386.7349, -12659288.202 7783656.4515, -12659112.3423 7783672.2097, -12659011.4499 7783644.6421, -12658935.965 7783582.886, -12658899.5068 7783491.5151, -12658912.7519 7783393.143, -12658969.5439 7783298.645, -12659114.4099 7783192.0269, -12659485.7713 7783058.2896, -12659780.0198 7782917.3313, -12659923.7467 7782809.5987, -12659986.789 7782713.84040001, -12660024.8121 7782605.2348, -12660027.6225 7782432.7367, -12659955.1507 7782218.7872, -12659865.6614 7782090.6169, -12659739.6554 7782002.2025, -12659495.8895 7781910.5386, -12659339.5919 7781879.9671, -12658980.9415 7781871.7215, -12658847.0195 7781825.9828, -12658631.5797 7781721.6256, -12658484.5003 7781712.5682, -12658436.9627 7781728.115, -12658357.9311 7781791.2289, -12658310.6414 7781883.5273, -12658302.2712 7781937.1211, -12658314.3057 7782049.644, -12658411.558 7782287.5228, -12658406.654 7782362.1979, -12658358.1575 7782416.9137, -12658322.8189 7782430.9985, -12658239.2561 7782425.6601, -12658194.8342 7782406.2289, -12658067.6832 7782292.5035, -12657957.3461 7782127.686, -12657861.0104 7781938.7071, -12657679.9602 7781467.5745, -12657552.1548 7781296.168, -12657433.4531 7781210.7746, -12657297.2987 7781149.0982, -12657004.683 7781066.8361, -12656487.056 7780962.2048, -12656349.8152 7780910.26, -12656223.2154 7780839.19910001, -12656053.1316 7780713.5473, -12655867.651 7780518.3018, -12655832.8425 7780462.651, -12655798.1334 7780340.205, -12655819.1593 7780221.476, -12655895.0306 7780119.4428, -12656065.0444 7780023.5882, -12656693.3213 7779875.7809, -12656914.0558 7779792.3564, -12657124.4658 7779676.2235, -12657636.2493 7779307.6116, -12657775.478 7779242.5258, -12657928.1975 7779203.0113, -12658172.3213 7779186.7285, -12658918.974 7779186.4424, -12660282.0834 7779128.0738, -12660689.6541 7779148.3057, -12660911.2929 7779197.5019, -12661038.365 7779253.8817, -12661141.8547 7779336.0003, -12661181.79 7779388.2803, -12661229.0159 7779512.0807, -12661234.6806 7779652.3324, -12661208.2922 7779795.9345, -12661030.2746 7780290.6104, -12661001.8742 7780431.6525, -12661016.1444 7780571.5884, -12661042.3575 7780637.4353, -12661130.0906 7780753.0984, -12661248.3638 7780842.9339, -12661441.2166 7780949.8386, -12661759.9198 7781090.8324, -12661945.1256 7781144.1997, -12662067.0449 7781160.1687, -12662247.0951 7781128.25, -12662355.6394 7781063.3551, -12662451.1952 7780960.7516, -12662438.2612 7780861.3667, -12662463.3489 7780806.3834, -12662508.6173 7780774.9676, -12662572.3675 7780766.1643, -12662678.6346 7780631.7663, -12662786.8652 7780566.7219, -12662910.2031 7780548.3412, -12663033.666 7780579.9305, -12663142.4934 7780659.9709, -12663230.6879 7780771.1057, -12663330.1739 7780972.74759999, -12663495.0029 7781408.8613, -12663615.8345 7781772.1317, -12663690.2522 7782063.21459999, -12663737.1988 7782355.9621, -12663755.2137 7782715.193, -12663739.3122 7782923.0202, -12663680.2322 7783249.2121, -12663672.5638 7783375.2473, -12663700.8652 7783496.2845, -12663771.3198 7783602.8471, -12663877.5164 7783684.0445, -12664007.9075 7783734.1928, -12664506.7147 7783839.431, -12664780.2757 7783928.4892, -12664972.6767 7784014.1254, -12665398.0094 7784242.252, -12665585.5083 7784312.3778, -12665778.266 7784332.3586, -12665905.0396 7784309.0775, -12666026.7009 7784255.5216, -12666135.8869 7784173.0441, -12666282.1565 7784031.866, -12666409.6701 7783878.1656, -12666510.968 7783712.2366, -12666554.1658 7783590.1139, -12666566.4001 7783460.3184, -12666540.0899 7783190.573, -12666559.2267 7782949.1961, -12666517.0672 7782932.6066, -12666498.1465 7782887.5752, -12666509.9964 7782855.4846, -12666582.6098 7782774.1219, -12666606.6369 7782516.0153, -12666606.0203 7782448.5124, -12666547.3639 7782471.7283, -12666513.2881 7782530.3646, -12666444.5549 7782567.3118, -12666417.3453 7782625.5969, -12666376.5725 7782627.1636, -12666283.1444 7782558.9461, -12666262.4802 7782488.1984, -12666204.2886 7782417.83560001, -12666314.202 7782382.4448, -12666335.2204 7782328.4892, -12666389.7646 7782301.6621, -12666503.254 7782209.6875, -12666563.6516 7782181.8551, -12666708.3971 7782149.2617, -12666838.779 7782056.3854, -12666918.0592 7782054.8181, -12667024.6671 7782085.2386, -12667495.6256 7782046.7469, -12667785.5826 7782003.9384, -12667998.2568 7781944.3233, -12668102.3638 7781904.1092, -12668110.4298 7781837.2937, -12668089.6641 7781751.3725, -12668135.3894 7781686.8779, -12668206.4598 7781692.942, -12668248.7907 7781780.2151, -12668311.246 7781815.0076, -12668711.6318 7781630.3114, -12668821.2584 7781551.4037, -12668912.8783 7781457.4244, -12668985.4155 7781348.68949999, -12669234.599 7780889.1345, -12669295.0236 7780757.6561, -12669299.9467 7780674.6681, -12669261.2941 7780696.4673, -12669198.2568 7780766.5682, -12669082.1568 7780792.7917, -12669001.2282 7780771.7618, -12668954.1898 7780713.9462, -12668884.3228 7780668.3603, -12668830.3444 7780573.8646, -12668786.0335 7780550.401, -12668766.0624 7780521.9489, -12668756.3299 7780445.5421, -12668808.4963 7780189.7582, -12668767.2783 7780068.3261, -12668693.5918 7780011.6386, -12668574.6169 7779980.6076, -12668531.4405 7780057.8963, -12668476.5508 7780077.1231, -12668457.2797 7780050.6653, -12668436.4956 7780047.2834, -12668419.4592 7780090.9085, -12668384.272 7780113.8373, -12668348.6353 7780108.2574, -12668323.9713 7780071.3142, -12668248.515 7780093.322, -12668207.4135 7780035.7843, -12668090.7523 7780051.0979, -12668077.8025 7780010.0054, -12668103.8798 7779950.5788, -12668104.2143 7779865.9426, -12668127.0637 7779832.8759, -12668162.3238 7779816.891, -12668190.1222 7779823.4867, -12668237.5589 7779867.3819, -12668289.8615 7779859.3976, -12668303.5807 7779851.7098, -12668316.4047 7779783.1749, -12668341.2409 7779752.8691, -12668465.9059 7779687.0386, -12669345.3476 7779526.3169, -12669287.0549 7779461.0916, -12669230.1491 7779361.3684, -12669145.2058 7779337.5717, -12669149.4987 7779304.1795, -12669179.4381 7779289.8289, -12669180.0208 7779256.3721, -12669268.3156 7779231.8585, -12669301.873 7779234.0873, -12669326.9778 7779256.7122, -12669336.657 7779312.262, -12669364.7206 7779333.3248, -12669383.0194 7779415.6537, -12669420.1155 7779475.9523, -12669506.6861 7779497.8272, -12669525.7288 7779535.0208, -12669719.4048 7779667.3691, -12669807.2126 7779699.8014, -12669855.7201 7779700.3252, -12669951.1086 7779664.1808, -12669993.5114 7779629.9489, -12670063.103 7779532.6746, -12670114.908 7779413.1655, -12670270.1705 7778909.8342, -12670299.3363 7778787.4625, -12670291.0202 7778661.2987, -12670237.1351 7778542.1972, -12670148.5798 7778442.6198, -12669860.2457 7778252.2045, -12669716.6259 7778107.5664, -12669683.0143 7778048.9509, -12669643.6506 7777921.9552, -12669637.0351 7777790.0225, -12669664.331 7777660.662, -12669725.0167 7777542.0842, -12669807.6022 7777433.4174, -12670151.678 7777075.1954, -12670325.3593 7776941.938, -12670978.4287 7776549.0934, -12671171.1185 7776385.2578, -12671239.6443 7776290.8177, -12671258.2955 7776237.3864, -12671261.6788 7776125.6862, -12671217.9777 7776026.412, -12671134.9723 7775948.3517, -12670925.5012 7775854.0475, -12670788.6856 7775757.0914, -12670622.9226 7775552.2672, -12670596.3606 7775469.244, -12670599.353 7775426.4885, -12670641.253 7775346.2693, -12670719.4815 7775286.1943, -12671202.4265 7775074.5628, -12671600.7707 7774869.8352, -12671668.8877 7774797.974, -12671689.9838 7774754.0318, -12671707.8579 7774662.5783, -12671691.8893 7774583.7282, -12671632.3811 7774530.3824, -12671530.3846 7774525.42, -12671185.5442 7774626.6739, -12670952.1688 7774638.8367, -12670800.4602 7774620.9787, -12670710.2553 7774592.9188, -12670633.8935 7774546.0491, -12670605.8112 7774511.9152, -12670581.9224 7774423.8295, -12670601.315 7774324.66089999, -12670652.1448 7774229.2795, -12670815.1829 7774000.9912, -12670859.3821 7773895.0061, -12670877.6299 7773723.1998, -12670847.1904 7773605.9313, -12670776.0547 7773498.6885, -12670662.6752 7773415.6249, -12670451.267 7773339.8447, -12669824.6456 7773185.6578, -12669714.5701 7773114.2268, -12669631.2186 7773011.301, -12669565.7394 7772818.6343, -12669523.8488 7772383.95, -12669488.8053 7772236.5353, -12669387.9328 7772031.8613, -12669100.6416 7771652.7091, -12668859.134 7771133.8379, -12668730.0044 7770744.7781, -12668703.5256 7770583.4964, -12668693.539 7770336.0033, -12668704.0918 7770171.8661, -12668735.0223 7770010.9348, -12668824.8895 7769776.6881, -12668954.4474 7769561.2337, -12669452.5347 7768857.8557, -12669577.7695 7768627.7923, -12669829.8592 7768088.4209, -12669953.5417 7767892.9184, -12670114.8937 7767743.0737, -12670244.6653 7767668.0906, -12670383.7119 7767609.04599999, -12670956.508 7767431.1716, -12671239.8229 7767378.5326, -12671378.8968 7767399.1707, -12671444.0363 7767425.7091, -12671614.009 7767553.4654, -12671750.9489 7767717.7452, -12672013.4678 7768112.9098, -12672280.2814 7768463.7976, -12672319.7088 7768573.78, -12672323.8063 7768632.0697, -12672298.7883 7768749.7407, -12672237.9603 7768858.1752, -12672052.169 7769108.39239999, -12672005.4868 7769222.6552, -12671996.9863 7769414.9545, -12672043.6612 7769597.8715, -12672141.0308 7769810.5534, -12672202.2042 7769900.5827, -12672279.858 7769976.4718, -12672438.0298 7770057.6232, -12672807.2927 7770132.4814, -12672907.0556 7770189.8577, -12672942.0757 7770234.3827, -12672979.2997 7770340.6085, -12672964.7741 7770515.7469, -12672915.7273 7770634.8971, -12672655.322 7771128.8842, -12672442.2711 7771505.3568, -12672361.2675 7771612.8348, -12672267.1943 7771704.3493, -12672211.9413 7771741.8334, -12672084.6349 7771792.4323, -12671946.7315 7771810.4316, -12671733.6126 7771802.6444, -12671307.199 7771735.6031, -12670895.8336 7771621.4115, -12670183.7009 7771353.0175, -12670083.3962 7771330.7395, -12669992.4941 7771346.2313, -12669918.9922 7771406.3929, -12669860.5806 7771559.5523, -12669819.0938 7771916.8988, -12669806.8083 7772319.462, -12669815.3734 7772424.0262, -12669855.6253 7772511.985, -12669923.3094 7772572.1542, -12670005.5262 7772600.1197, -12670146.9141 7772599.1872, -12670251.4417 7772574.9052, -12670358.5639 7772524.8222, -12670602.9794 7772333.0079, -12670707.0063 7772272.8015, -12670766.1772 7772257.2967, -12670896.6994 7772260.3139, -12671032.2803 7772295.3898, -12671240.8453 7772381.3701, -12672064.3135 7772773.0161, -12672270.9698 7772925.1393, -12672442.3262 7773114.3776, -12673275.8894 7774177.0706, -12673368.1677 7774317.0431, -12673444.3974 7774467.6988, -12673551.3215 7774794.0654, -12673618.9579 7775223.5512, -12673648.1323 7776015.4899, -12673638.7134 7776266.1435, -12673616.4902 7776424.964, -12673544.8474 7776651.7785, -12673431.4903 7776862.9977, -12673300.2999 7777061.8269, -12672987.5974 7777477.2841, -12672881.5473 7777650.8935, -12672812.6849 7777839.6543, -12672795.0049 7777974.045, -12672807.3158 7778114.607, -12672961.2432 7778724.9604, -12673018.4994 7778852.0578, -12673221.8449 7779146.8257, -12673272.1653 7779279.5925, -12673281.9045 7779348.5503, -12673271.2509 7779485.0802, -12673232.8727 7779614.358, -12673132.3179 7779855.0857, -12673100.3468 7779981.9347, -12673103.5637 7780182.9989, -12673141.0105 7780315.1059, -12673240.2006 7780498.5163, -12673442.485 7780758.664, -12673504.3614 7780780.251, -12673700.2961 7780783.5631, -12673777.3036 7780817.5936, -12673743.2718 7780898.8448, -12673706.1206 7780922.7653, -12673636.1061 7780958.4044, -12673518.3894 7780974.1805))"
57,21141,1720,2023-10-15 06:33:14,PWF082, ,8224.9,2023-09-23,0730,0 - hand sketch of any type,Wildfire,Being Held,2023/09/12 11:15:02,E,8550.0,1688140200000,Lightning,5,424885a2-8a6b-448c-86d8-982f92ff2d7d,275773955.625,170448.415766755,"POLYGON ((-13319255.2146 7758268.6756, -13319014.4605 7758098.5422, -13318542.6929 7757901.1163, -13318248.1475 7757992.9671, -13317978.2304 7758025.7207, -13317727.1318 7757913.6647, -13317570.3033 7757924.3468, -13317467.872 7758103.5441, -13317111.4325 7758127.8058, -13316981.884 7757906.9905, -13317014.0081 7757746.9393, -13317085.9966 7757541.1262, -13317256.1063 7757515.1995, -13317126.5648 7757294.4042, -13317416.5284 7757346.4213, -13317624.8347 7757461.3931, -13317752.8583 7757237.4135, -13317562.4103 7756963.3825, -13317216.4073 7756929.5376, -13316974.0654 7756946.0257, -13316760.4878 7757175.8004, -13316588.1999 7756957.9128, -13316703.673 7756548.2801, -13317084.4153 7756249.7603, -13317432.0508 7756096.9665, -13318157.7246 7755817.9616, -13318816.9359 7755615.169, -13319310.9157 7755509.6971, -13319198.5179 7755330.8637, -13318086.168 7755607.6261, -13317772.6068 7755628.9929, -13317526.7089 7755803.5628, -13317221.8491 7755953.4448, -13317061.8948 7755706.0692, -13316634.2994 7755735.1453, -13316125.7741 7755626.2195, -13315701.5922 7755281.991, -13315483.5114 7754809.0156, -13315617.125 7754455.6655, -13315271.0325 7754206.5831, -13314860.4539 7754062.2703, -13314828.1003 7754007.0848, -13314826.9399 7753777.6612, -13314965.3843 7753495.7592, -13314620.5105 7753476.08429999, -13314388.2625 7754065.5484, -13313970.1874 7754022.1062, -13313585.2598 7753832.9635, -13313602.2301 7753659.6948, -13313713.9765 7753193.1708, -13313677.7914 7753080.8767, -13313501.0423 7753006.7644, -13313199.8986 7752998.415, -13313196.8685 7752740.4664, -13312900.3903 7752588.3767, -13313011.3514 7752322.7512, -13313196.4189 7752095.152, -13313409.1641 7752066.4482, -13313359.5486 7751754.3173, -13313538.9891 7751656.1609, -13313538.6717 7751226.007, -13313409.3484 7751005.3238, -13313169.9138 7750849.4295, -13312879.2645 7750783.0132, -13312629.4367 7750685.1586, -13312754.6253 7750418.6432, -13312683.2717 7750208.3998, -13312388.8191 7750084.8813, -13311983.3007 7750011.8417, -13311743.183 7750271.7283, -13311287.3756 7750302.3915, -13311072.8472 7750517.5328, -13310907.7281 7750829.718, -13310503.2089 7750985.9302, -13310279.0312 7750843.2606, -13310542.0533 7750710.9031, -13310337.8528 7750652.9236, -13310219.0597 7750374.1517, -13310233.2398 7750158.1493, -13309886.6172 7750109.7179, -13309588.4462 7750144.0426, -13309426.047 7750068.906, -13309182.9474 7750070.8522, -13308884.7741 7750105.149, -13308924.6248 7749844.4324, -13308710.0192 7749844.4565, -13308625.4896 7749649.4118, -13308764.1182 7749582.7967, -13308975.8621 7749539.9564, -13308935.9599 7749370.6056, -13309077.4047 7749131.7822, -13309736.3055 7748929.96589999, -13310028.7662 7749025.0305, -13310268.0164 7748965.9771, -13310303.1113 7748848.9486, -13310321.1024 7748690.0682, -13310601.154 7748599.6008, -13310771.1694 7748788.8564, -13311055.9948 7748769.7199, -13311320.8434 7748665.9128, -13311369.6027 7748610.0265, -13311152.5965 7748460.9728, -13310729.0618 7748268.1938, -13310591.9263 7748130.60459999, -13310630.6592 7748061.8422, -13310738.1647 7748064.9606, -13310943.1924 7748107.0118, -13311350.9652 7748280.1584, -13311574.225 7748283.906, -13311653.8135 7748084.5193, -13311804.8197 7748203.3533, -13311969.1142 7748306.9586, -13312083.0356 7748299.288, -13312341.1506 7748095.5735, -13312509.2809 7748256.2395, -13312404.1034 7748607.3301, -13312362.4621 7748839.4797, -13312762.44 7749256.8915, -13312907.7342 7749290.0976, -13313105.2019 7749248.1051, -13313413.7209 7749155.6055, -13313698.5506 7749136.3686, -13313899.0579 7749352.1812, -13314099.4039 7749352.9735, -13314349.025 7749235.746, -13314690.8198 7749212.618, -13314890.004 7748984.1097, -13314965.8244 7748835.63, -13315141.3241 7748680.4001, -13315570.2455 7748464.9889, -13315625.4927 7748647.5837, -13315743.4886 7748911.9336, -13315927.6524 7748885.1056, -13316529.6141 7748901.5756, -13316976.1524 7749157.9259, -13317404.8768 7749573.1656, -13317528.2137 7749493.0922, -13317684.8689 7749482.4277, -13317852.1721 7749628.73, -13318041.8701 7749472.448, -13318240.2789 7749444.5912, -13318446.439 7749530.8873, -13318658.4213 7749702.7993, -13318807.9323 7750008.0033, -13319162.0434 7749955.1576, -13319128.3917 7749670.7249, -13319234.5579 7749548.78589999, -13319642.3824 7749864.9959, -13320091.0224 7750149.7316, -13320481.3978 7750209.0405, -13320763.9323 7749945.9616, -13320822.4831 7749755.5734, -13320938.9684 7749575.5561, -13321196.8799 7749371.5116, -13321151.8379 7749130.8935, -13320894.1775 7748919.1872, -13321141.7253 7748773.2101, -13321566.3647 7748916.1107, -13321716.174 7748805.48789999, -13321486.0131 7748577.5893, -13321509.2362 7748289.3141, -13321783.2775 7748112.8424, -13321871.8244 7747734.1026, -13322213.1187 7747495.6809, -13322577.4158 7747384.65869999, -13322577.0052 7747169.7066, -13322453.3538 7747034.8867, -13322382.7453 7746839.0986, -13322389.1727 7746724.0083, -13322614.0085 7746665.5662, -13322738.6334 7746814.6409, -13322813.1579 7747067.4825, -13322963.8901 7746971.1276, -13323071.9116 7746877.7092, -13323302.6126 7746904.8294, -13323896.5856 7746806.6028, -13324113.5771 7746634.007, -13324503.3323 7746478.1548, -13324694.773 7746350.3025, -13324658.9748 7746037.5093, -13324409.1646 7745940.1037, -13324582.4405 7745756.1981, -13324682.5839 7745548.681, -13324636.4787 7745293.9456, -13324756.7275 7745171.02179999, -13324515.2987 7744987.0857, -13324725.3649 7744714.6965, -13325158.1831 7744770.7832, -13325335.8256 7744858.8064, -13325432.0117 7744594.267, -13325264.6815 7744448.2293, -13324917.7704 7744185.6501, -13324986.4846 7743937.3621, -13325286.2879 7743930.9856, -13325660.6776 7744177.3133, -13325583.1458 7743881.823, -13325669.991 7743689.58649999, -13325671.4594 7743503.2554, -13326032.5652 7743349.3611, -13326404.9356 7743151.6982, -13326546.696 7742927.0192, -13326533.9162 7742741.6924, -13326418.6011 7742520.4978, -13326707.5292 7742357.2611, -13326995.0081 7742380.3153, -13327332.947 7742099.0785, -13327554.6507 7741997.7677, -13327919.5873 7741900.8324, -13327707.0756 7741514.566, -13327762.9892 7741496.3647, -13327861.0217 7741260.42, -13328072.8377 7741016.5817, -13328307.1706 7740685.26, -13328520.5152 7740670.4378, -13328590.0689 7740436.4868, -13328378.1349 7740265.0596, -13328440.7872 7739931.3706, -13328741.8213 7739738.628, -13329076.2172 7739615.1476, -13329284.1973 7739729.5418, -13329616.0533 7740393.7528, -13329703.9694 7740631.0678, -13330154.1623 7740740.6949, -13330155.3618 7740652.8873, -13330130.4333 7740503.1664, -13330153.5505 7740291.8478, -13330211.0267 7740156.7774, -13330338.4528 7740066.3435, -13330474.8826 7740021.8797, -13330594.2847 7740025.2008, -13330690.272 7740068.0159, -13330888.627 7740192.8732, -13330975.6474 7740316.2589, -13330993.2584 7740395.7786, -13331288.4396 7740576.073, -13331592.2642 7740396.871, -13331689.2785 7740372.8927, -13331719.7632 7740313.6403, -13331835.2841 7740216.541, -13331979.2785 7740171.7239, -13332129.3713 7740186.1524, -13332262.2356 7740257.584, -13332344.0198 7740358.608, -13332393.7623 7740369.6099, -13332518.2006 7740447.5339, -13332635.4814 7740494.1646, -13332748.9208 7740620.2034, -13332788.5672 7740771.802, -13332816.9872 7741017.6483, -13332948.563 7741039.4564, -13333005.7404 7741098.6568, -13333069.0359 7741078.946, -13333219.1479 7741093.3539, -13333352.038 7741164.7741, -13333447.0564 7741282.1103, -13333496.1539 7741450.1256, -13333526.8173 7741662.318, -13333564.6657 7741682.6471, -13333630.4964 7741763.9352, -13333694.1047 7741779.5178, -13333799.805 7741849.7842, -13333874.5727 7741976.6024, -13333897.2275 7742134.2717, -13333874.6711 7742310.6563, -13333703.0822 7742462.5449, -13333625.0387 7742510.7525, -13333367.4009 7742492.1342, -13333500.0048 7742850.663, -13333282.9127 7743173.8486, -13333158.5644 7743440.4248, -13333304.5342 7743688.0541, -13333794.5261 7743539.065, -13334401.3068 7743424.8161, -13334566.781 7743431.0626, -13334811.8467 7743126.63629999, -13335139.8379 7742879.0051, -13335160.485 7742845.70570001, -13335277.5666 7742803.0904, -13335335.0881 7742453.8851, -13335408.501 7742319.0684, -13335534.1466 7742224.2757, -13335678.323 7742186.4437, -13335829.7655 7742210.7345, -13335960.4832 7742291.8377, -13336044.4603 7742411.196, -13336084.7127 7742549.6624, -13336120.6756 7742621.6263, -13336231.0409 7742528.7496, -13336375.0503 7742483.8348, -13336525.1945 7742498.1791, -13336658.1389 7742569.5528, -13336753.2252 7742686.8673, -13336795.6731 7742831.8904, -13336778.8831 7742982.087, -13336739.0562 7743071.4165, -13336762.871 7743152.78, -13336756.2498 7743212.0107, -13336658.6881 7743387.4126, -13336667.683 7743573.9646, -13336866.3249 7743509.0381, -13337044.0646 7743596.7693, -13337214.7859 7743584.7092, -13337419.9812 7743656.1662, -13337558.2343 7743589.0881, -13337507.6997 7743277.49, -13337639.9219 7743124.8869, -13337934.4814 7743247.3085, -13338035.9114 7743469.3451, -13338199.2794 7743758.6358, -13338330.3371 7743792.3378, -13338315.4121 7743377.9322, -13338441.6739 7743347.6472, -13338505.3796 7743436.1103, -13338536.701 7743677.438, -13338582.5446 7743516.6014, -13338760.1363 7743360.6556, -13338927.6458 7743369.3537, -13339011.6989 7743212.8992, -13338986.8747 7743137.4981, -13338998.6557 7742986.8223, -13339067.6385 7742852.4209, -13339233.3796 7742708.0087, -13339292.2813 7742636.2166, -13339357.05 7742263.2428, -13339434.7339 7742133.7115, -13339556.3402 7742044.3318, -13339702.9718 7742008.9905, -13339851.84 7742033.1793, -13339979.8119 7742113.1398, -13340066.9995 7742236.4473, -13340121.8993 7742408.7137, -13340210.6274 7742572.0825, -13340340.9058 7742727.3444, -13340550.7695 7742881.3545, -13340645.9851 7742998.7049, -13340697.8434 7743175.5423, -13340692.7334 7743289.5269, -13340655.8156 7743456.5389, -13340558.3709 7743631.9711, -13340439.7683 7743725.3666, -13340351.0197 7743749.90429999, -13340291.6045 7743856.8621, -13340244.8322 7743893.6913, -13340106.646 7743931.8932, -13339961.1424 7744006.2163, -13340054.5728 7744114.1989, -13340115.4106 7744367.7749, -13340165.1552 7744464.5366, -13340274.8404 7744600.0251, -13340389.5761 7744806.7988, -13340500.2796 7744956.5469, -13340443.2684 7745161.209, -13340302.9958 7745199.838, -13340295.8311 7745300.6542, -13340487.8797 7745387.3115, -13340874.0953 7745388.5037, -13341036.6825 7745462.9141, -13340800.8409 7745565.67539999, -13340922.7627 7745671.6436, -13341489.8655 7745803.2378, -13341738.8606 7745885.8135, -13342019.8793 7745808.4987, -13342061.7896 7745723.7555, -13341927.8695 7745331.8269, -13341978.0021 7745261.6575, -13342023.5316 7745274.3813, -13342158.3475 7745561.7754, -13342378.7833 7745691.1933, -13342579.9779 7745549.8372, -13342616.8327 7745463.7804, -13342736.549 7745460.0435, -13342855.8315 7745185.4431, -13343017.6721 7744964.5825, -13343061.2009 7744974.9711, -13343101.7781 7745074.0557, -13343056.9072 7745294.6132, -13342937.7179 7745403.3467, -13342904.0681 7745502.0782, -13342811.1606 7745575.6663, -13342893.0633 7745708.9127, -13343062.4886 7745714.9543, -13343200.6886 7745674.4675, -13343310.3568 7745728.0096, -13343367.3542 7745720.2552, -13343683.9945 7745882.2013, -13344043.4419 7745929.0593, -13344142.2803 7746014.8907, -13344138.3415 7746061.6074, -13343691.2727 7746153.8377, -13343573.3142 7746107.8412, -13343525.4679 7746105.8306, -13343463.5116 7746006.8287, -13343250.7581 7745985.7483, -13343083.4455 7746179.142, -13343167.9472 7746351.6236, -13343158.5972 7746408.5103, -13343067.3519 7746447.5155, -13342952.1828 7746200.6145, -13342810.9949 7745951.9504, -13342776.5946 7745943.1263, -13342694.8502 7745977.0715, -13342587.5777 7746166.1669, -13342494.6364 7746267.0329, -13342418.5306 7746266.6885, -13342393.6746 7746240.4848, -13342378.5779 7746246.67, -13342372.9811 7746138.6206, -13342419.5997 7746026.5096, -13342396.7988 7745931.6053, -13342329.9511 7745849.4975, -13342246.8915 7745810.3756, -13342203.7314 7745926.072, -13342184.7942 7746092.5605, -13342135.7742 7746138.6296, -13342029.0797 7746179.8567, -13341981.7974 7746328.0295, -13341997.3911 7746436.2636, -13341949.6219 7746532.2267, -13341753.114 7746655.1036, -13341576.3535 7746716.0859, -13341487.5157 7746658.7118, -13341536.9177 7746530.2825, -13341704.0392 7746351.0453, -13341746.7547 7746228.9418, -13341621.2767 7746089.8655, -13341511.3114 7746095.4668, -13341411.6477 7746124.6579, -13341085.2776 7745946.69169999, -13340725.4748 7745914.9687, -13340501.9202 7745787.5591, -13340195.0111 7745694.7293, -13340068.9574 7745732.346, -13340199.9545 7745966.6603, -13340395.0478 7746096.1052, -13340874.7677 7746205.3019, -13341097.3296 7746318.4473, -13340951.9042 7746486.4467, -13340637.2785 7746506.2141, -13340724.6007 7746553.0321, -13340819.7998 7746670.3531, -13340862.349 7746815.4261, -13340845.6333 7746965.7077, -13340817.1257 7747018.4178, -13340829.9103 7747023.8473, -13340923.2106 7747245.5771, -13340939.6861 7747409.6115, -13340919.6173 7747605.4052, -13340906.2662 7747626.1573, -13341214.6501 7747554.3738, -13341439.1644 7747608.8437, -13341575.5849 7747788.6371, -13341605.3509 7747934.7273, -13341587.8933 7748098.7638, -13341540.9896 7748189.5777, -13341416.0187 7748273.8042, -13341339.3416 7748368.3898, -13341380.3679 7748394.0118, -13341467.6526 7748517.4015, -13341500.5617 7748665.0086, -13341470.1733 7748835.1958, -13341388.7271 7749050.5679, -13341362.4916 7749217.7909, -13341471.6153 7749397.9898, -13341528.1745 7749590.7607, -13341517.782 7749820.2838, -13341581.9496 7749919.0366, -13341725.4048 7750062.43729999, -13341903.5388 7750177.3785, -13341998.8027 7750294.7385, -13342041.3966 7750439.8724, -13342034.3115 7750577.231, -13342049.0793 7750728.9267, -13342147.1828 7751084.0842, -13342162.0142 7751267.3546, -13342205.9579 7751430.8546, -13342261.1278 7751554.5921, -13342332.9494 7751669.4331, -13342627.8175 7752009.57329999, -13342670.4338 7752154.7356, -13342645.3553 7752388.5803, -13342630.9338 7752752.7619, -13342651.7556 7752920.8296, -13342701.3893 7753082.7245, -13342778.3286 7753233.5261, -13342880.2365 7753368.6508, -13343017.4586 7753494.2961, -13343190.3163 7753605.6112, -13343316.9449 7753761.5515, -13343359.585 7753906.7425, -13343342.9075 7754057.1682, -13343269.5007 7754189.4475, -13343113.502 7754312.3906, -13342949.4843 7754416.3889, -13342803.8285 7754557.7156, -13342682.8794 7754741.3551, -13342603.2463 7754960.1777, -13342552.3298 7755045.1665, -13342420.5046 7755149.0392, -13342227.0735 7755202.5818, -13341926.1875 7755210.0004, -13341710.908 7755182.3759, -13341580.1231 7755106.6066, -13341488.7305 7754986.0755, -13341450.934 7754839.5193, -13341492.3137 7754534.2734, -13341487.2265 7754348.0591, -13341461.2519 7754215.0063, -13341405.0368 7754039.6052, -13341376.4693 7753834.2185, -13341328.0156 7753689.6764, -13341209.5977 7753484.7067, -13340978.1532 7753223.034, -13340852.4913 7752848.4984, -13340747.5296 7752655.2981, -13340685.5361 7752583.9954, -13340597.2683 7752789.6854, -13340563.5861 7752970.1819, -13340521.3541 7753035.6262, -13340376.5401 7753149.6691, -13340230.9479 7753189.9267, -13340081.1418 7753170.669, -13339936.0142 7753086.5468, -13339876.0681 7753012.6576, -13339823.5199 7752853.1294, -13339846.5464 7752534.4711, -13339841.1143 7752133.1718, -13339815.1771 7752000.1507, -13339758.7068 7751823.8435, -13339751.5452 7751686.704, -13339725.6113 7751553.6903, -13339628.5415 7751319.4946, -13339474.2941 7751118.4555, -13339372.1414 7751029.6395, -13339258.649 7750955.9324, -13339136.0255 7750898.7679, -13339006.6568 7750859.2578, -13338873.0603 7750838.1707, -13338737.8352 7750835.9166, -13338537.6953 7750867.8432, -13338348.5505 7750940.76259999, -13338218.907 7751020.5018, -13337925.1304 7751250.8682, -13337779.56 7751291.068, -13337629.7961 7751271.7653, -13337484.7307 7751187.615, -13337424.8236 7751113.7238, -13337372.3408 7750954.2168, -13337386.5403 7750773.035, -13337430.4148 7750568.78369999, -13337431.918 7750382.5995, -13337385.675 7750151.2697, -13337298.3492 7750219.98040001, -13337223.55 7750240.63, -13337309.3417 7750414.6848, -13337183.0168 7750653.0422, -13336944.7685 7750927.9922, -13336834.8595 7750993.1161, -13336496.8995 7751275.1055, -13336556.6805 7751514.6795, -13336325.8041 7751487.9522, -13336109.3766 7751259.4284, -13336029.1489 7751136.0231, -13335814.5304 7751136.8158, -13335581.4445 7751282.3079, -13335213.1674 7751336.9311, -13334976.2975 7751224.5428, -13334901.0892 7751172.4746, -13334816.8815 7750991.9789, -13334951.2891 7750867.8016, -13334770.4001 7750737.1349, -13334523.0644 7750883.5888, -13334342.6754 7751168.732, -13334092.062 7751473.1567, -13333955.6322 7751568.7877, -13333896.402 7751745.0419, -13333977.6013 7751882.7518, -13334145.2609 7752028.7293, -13334042.0432 7752394.5372, -13333825.3904 7752366.7301, -13333529.5369 7752229.73879999, -13333213.1851 7752208.9132, -13332883.5878 7752203.345, -13332421.511 7752350.4656, -13332249.587 7752348.1649, -13332032.9406 7752320.3064, -13331976.6452 7752539.3835, -13331886.8826 7752689.0933, -13331580.4572 7752810.9326, -13331339.6157 7752641.3151, -13331236.2613 7752390.3742, -13331280.3206 7752200.8471, -13331475.0931 7751914.7383, -13331286.2874 7751669.7967, -13331260.1222 7751499.5363, -13331125.9787 7751422.8676, -13330964.9975 7751577.5208, -13330864.9533 7751785.2819, -13330580.0876 7751805.1724, -13330424.7581 7751629.581, -13330265.1095 7751597.6979, -13330022.6114 7751815.3843, -13329912.2585 7752081.2231, -13329711.2354 7751865.7729, -13329435.6552 7751813.2674, -13329201.8194 7751743.5053, -13329216.4505 7751541.7163, -13328830.8963 7751554.2095, -13328542.6608 7751732.005, -13328471.0356 7751937.7597, -13328859.5778 7751968.101, -13329382.8653 7752290.2143, -13329739.593 7752480.4925, -13329800.1643 7752734.4373, -13329675.5456 7753001.2983, -13329888.8623 7753187.2384, -13330589.5408 7753382.2014, -13330882.753 7753275.6616, -13331004.3286 7753582.7414, -13330998.6837 7753913.0668, -13330505.9841 7754033.5466, -13330472.1739 7754165.0158, -13330505.2806 7754435.2755, -13329908.2082 7754290.4336, -13329818.3844 7754440.1552, -13329694.316 7754549.3066, -13329702.5661 7754668.1496, -13329578.1769 7754961.5344, -13329481.4824 7755113.3201, -13329349.0602 7755213.8732, -13329163.276 7755318.1411, -13329086.9459 7755377.1792, -13328953.919 7755391.8118, -13329056.1093 7755164.4338, -13329216.4696 7755002.84749999, -13329261.2481 7754764.982, -13329027.9953 7754810.8356, -13328890.0002 7754708.0423, -13328701.0627 7754915.16309999, -13328551.227 7754764.4258, -13328428.2263 7754536.6176, -13328363.8959 7754469.3515, -13328250.1553 7754597.343, -13328114.7648 7754655.0989, -13328003.2207 7754626.6176, -13328181.5074 7754070.3238, -13328158.2027 7753885.1245, -13328035.5856 7753918.6825, -13327973.3851 7753893.9121, -13327861.4042 7754092.5629, -13327557.4649 7754038.4665, -13327587.579 7753853.751, -13327648.138 7753755.1815, -13327469.4967 7753599.3755, -13327151.1248 7753549.7425, -13326736.5159 7753764.9639, -13326568.0425 7754020.4989, -13326540.0747 7754237.6146, -13326847.1808 7754331.0966, -13326936.1292 7754455.7462, -13326995.7101 7754442.7029, -13327144.5267 7754346.4365, -13327304.1343 7754393.7833, -13327293.2186 7754481.1563, -13327082.2359 7754660.4889, -13327100.8023 7754686.5058, -13327108.9387 7754762.529, -13327121.9045 7755105.4386, -13326967.7009 7755046.2951, -13326907.9636 7754839.32, -13326842.879 7754890.8942, -13326518.0883 7754956.4422, -13326377.098 7755195.7605, -13326200.1842 7755121.9287, -13325922.5777 7755456.7864, -13325715.6987 7755571.5341, -13325343.1977 7755568.5968, -13325104.3657 7755427.2778, -13324813.4497 7755361.2875, -13324527.9191 7755581.8658, -13324559.8412 7755837.9271, -13324213.351 7756005.3189, -13323918.4971 7755882.1669, -13323714.5155 7756039.7106, -13323293.3553 7755953.9333, -13323130.5925 7756295.1591, -13323128.5939 7756432.7559, -13323279.1679 7756527.076, -13323375.069 7756621.2925, -13323379.4102 7756929.0642, -13323250.8676 7757334.5448, -13323272.4291 7757406.9635, -13323220.2273 7757460.9737, -13323098.5764 7757480.5522, -13322999.8238 7757263.2805, -13322891.143 7756901.0602, -13322909.0288 7756754.1954, -13322901.3429 7756680.5972, -13322743.6682 7756709.21720001, -13322473.2583 7756943.0624, -13322378.04 7756906.262, -13322377.1285 7756986.822, -13322571.8149 7757135.8798, -13322522.2823 7757228.9107, -13322317.9329 7757265.3649, -13322108.3046 7757061.3098, -13322030.1322 7756907.4039, -13321772.2516 7757163.4286, -13321690.0458 7757427.3868, -13321718.952 7757640.6712, -13321357.0822 7757794.6702, -13321200.6443 7758020.6799, -13321141.0696 7758196.99310001, -13320744.4281 7758051.9557, -13320371.8004 7758048.7764, -13319929.8347 7758079.0272, -13319699.1412 7758267.0348, -13319739.3339 7758436.5179, -13319482.694 7758454.0659, -13319255.2146 7758268.6756))"
58,21142,1718,2023-10-15 06:33:14,HTZ001, ,243976.8,2023-09-23,0700,0 - hand sketch of any type,Mutual Aid,Being Held,2023/10/12 14:29:00,E,55306.7,,,5,9215a28a-3f6b-47d7-97ca-aeb8716bac9c,9801374705.77344,1813477.16709953,"MULTIPOLYGON (((-13132404.9375 8505590.1896, -13131989.3021 8505313.9382, -13131925.083 8505230.5147, -13131801.9054 8504829.7747, -13131701.5317 8504628.8292, -13131561.6473 8504453.1801, -13131328.0794 8504272.7646, -13131263.8768 8504189.3466, -13131210.2995 8504011.4463, -13131228.3918 8503837.5861, -13131310.6107 8503567.71589999, -13131321.6685 8503306.0272, -13131269.196 8503049.441, -13131146.0987 8502797.4834, -13130976.0306 8502598.5563, -13130746.4358 8502437.9635, -13130519.5936 8502351.067, -13130161.4796 8502290.2908, -13130003.4071 8502193.1182, -13129939.2381 8502109.7118, -13129822.5913 8501726.5386, -13129725.8306 8501523.927, -13129601.9159 8501359.5948, -13129493.2636 8501256.5434, -13129358.9721 8501162.0255, -13129261.4487 8501026.1766, -13129184.4218 8500714.1313, -13129091.2369 8500509.8787, -13128918.6563 8500289.0843, -13128697.7461 8500121.4428, -13128600.2487 8499985.6038, -13128562.7461 8499822.5799, -13128592.2021 8499651.076, -13128667.22 8499478.134, -13128710.677 8499296.0505, -13128722.2509 8499127.9202, -13128707.0173 8498957.7503, -13128726.5974 8498770.2328, -13128806.8104 8498623.5247, -13128937.396 8498519.27000001, -13129175.7021 8498438.678, -13129383.6343 8498313.2384, -13129569.8173 8498129.58340001, -13129775.0928 8497817.4687, -13129912.2439 8497722.0796, -13130140.7736 8497647.1257, -13130348.6667 8497521.6726, -13130546.3059 8497323.2323, -13130709.2613 8497050.9609, -13130839.7914 8496946.6958, -13131071.6573 8496870.6597, -13131266.5466 8496759.8804, -13131381.809 8496664.4531, -13131482.6874 8496553.88679999, -13131658.8171 8496263.67710001, -13131789.3197 8496159.4064, -13131960.0499 8496107.065, -13132112.3723 8496035.656, -13132308.4762 8495892.5114, -13132445.7204 8495739.3861, -13132630.4248 8495453.3627, -13132866.543 8495279.8373, -13133028.6138 8495098.9847, -13133152.8863 8494868.8727, -13133217.8841 8494615.4901, -13133217.4436 8494335.3045, -13133151.656 8494082.1459, -13132954.9215 8493662.1864, -13132855.8931 8493526.1001, -13132750.9646 8493419.4728, -13132518.8628 8493263.1657, -13132254.2881 8493172.3481, -13132012.6217 8493151.5176, -13131776.0206 8493184.7153, -13131596.784 8493156.9537, -13131453.2927 8493100.152, -13131289.4396 8493062.4896, -13131140.4204 8493050.9373, -13130986.8864 8493060.8874, -13130806.2317 8493032.8861, -13130648.3516 8492935.8465, -13130584.2579 8492852.5495, -13130462.6481 8492452.9786, -13130368.0513 8492254.0467, -13130328.724 8492083.2663, -13130356.9734 8491918.5643, -13130446.7247 8491777.3681, -13130617.2566 8491623.1723, -13130435.9609 8491595.06139999, -13130354.7741 8491535.7031, -13129937.6537 8491467.8146, -13129697.0816 8491397.9878, -13129492.2471 8491383.8624, -13129216.1232 8491427.9635, -13128954.7324 8491545.9412, -13128783.5747 8491588.4456, -13128618.4918 8491562.8066, -13128168.2248 8491414.1876, -13127925.7617 8491418.6366, -13127604.633 8491491.5115, -13127439.777 8491465.88050001, -13127281.9743 8491368.7879, -13127217.9323 8491285.4784, -13127067.3529 8490907.7329, -13126820.6885 8490628.8714, -13126546.3972 8490470.4966, -13125929.492 8490282.8446, -13125794.7908 8489984.3261, -13125853.6132 8489624.7486, -13125815.2347 8489289.0181, -13125768.4725 8489368.1359, -13125634.6383 8489467.8249, -13125472.7352 8489507.9523, -13125307.9306 8489482.2795, -13125150.1987 8489385.166, -13125052.9858 8489258.6283, -13124983.0493 8489099.998, -13124893.9496 8488957.3124, -13124789.4031 8488836.95, -13124670.2203 8488735.0748, -13124617.558 8488701.4992, -13124509.7634 8488728.2002, -13124344.9794 8488702.5081, -13124202.9173 8488615.0165, -13124145.5492 8488534.9807, -13123836.2258 8488479.4049, -13123678.5347 8488382.2725, -13123599.1817 8488278.9394, -13123502.1083 8488106.5459, -13123431.9972 8487872.8222, -13123427.6915 8487654.0231, -13123395.2916 8487461.6452, -13123418.4954 8487241.0157, -13123498.7889 8487094.4193, -13123614.7131 8486985.2394, -13123746.7308 8486807.9422, -13123883.7579 8486712.8104, -13123976.9033 8486692.2786, -13124012.372 8486588.999, -13124078.4945 8486206.4846, -13124197.5902 8486019.481, -13124242.2995 8485988.4379, -13124066.3922 8485998.1076, -13123897.5029 8485971.764, -13123739.865 8485874.6651, -13123675.9115 8485791.3855, -13123619.3954 8485602.9966, -13123585.395 8485318.4539, -13123498.5084 8485091.8947, -13123350.7184 8484876.6066, -13123132.7331 8484688.4436, -13123068.1479 8484604.3266, -13123014.9171 8484426.8339, -13123032.3877 8484260.809, -13123112.5608 8484114.4525, -13123242.9737 8484010.507, -13123745.3588 8483885.1733, -13123897.5116 8483814.0559, -13124051.19 8483708.1951, -13124159.4387 8483605.2377, -13124262.7628 8483472.6822, -13124494.033 8483042.5958, -13124558.251 8482991.3917, -13124586.2092 8482947.4867, -13124723.154 8482852.39, -13124886.1502 8482817.6964, -13125049.8665 8482848.7966, -13125184.1953 8482937.7669, -13125249.3106 8482945.0243, -13125600.4391 8482919.1132, -13125835.4366 8482860.2929, -13126051.1953 8482750.0248, -13126197.0714 8482633.65910001, -13126331.5185 8482478.5517, -13126441.886 8482275.2785, -13126174.6808 8482176.63930001, -13125915.1262 8482151.7561, -13125729.8655 8482173.0006, -13125324.6474 8482272.4831, -13125160.0058 8482246.8298, -13125002.4327 8482149.8064, -13124938.4977 8482066.5795, -13124885.2412 8481889.1619, -13124902.6643 8481723.1904, -13125020.7296 8481498.1367, -13125079.8147 8481321.0029, -13125108.2608 8481117.614, -13125094.5115 8480894.0643, -13125034.6633 8480678.2694, -13124931.336 8480479.6578, -13124789.0472 8480306.9069, -13124614.0166 8480167.5621, -13124448.6294 8480081.40129999, -13124270.8207 8480025.31229999, -13124085.991 8480000.998, -13123918.2797 8480006.9131, -13123771.5835 8480034.1873, -13123630.1029 8480081.6432, -13123464.7662 8480167.9019, -13123526.9703 8480467.7127, -13123799.0438 8480887.1348, -13124070.7733 8481077.8928, -13124172.3534 8481210.1563, -13124361.9768 8481882.5115, -13124314.1764 8482262.3488, -13124333.4744 8482516.29510001, -13124083.9472 8482376.8154, -13123794.0402 8482305.3433, -13123636.4832 8482208.2894, -13123572.5633 8482125.0499, -13123448.6082 8481713.6366, -13123373.0143 8481523.5012, -13123308.9083 8481230.0052, -13123228.7582 8481040.9735, -13123064.5993 8480814.73879999, -13122899.0126 8480751.9299, -13122757.1224 8480664.5022, -13122659.9971 8480528.9379, -13122622.731 8480366.31050001, -13122630.7598 8480111.2676, -13122671.9622 8480036.0638, -13122571.599 8479776.6553, -13122530.0156 8479573.2876, -13122475.3705 8479414.3686, -13122386.416 8479250.2935, -13122191.202 8478991.5856, -13122138.035 8478814.2209, -13122165.3707 8478414.0411, -13122137.8164 8478229.4107, -13122042.3518 8477905.0823, -13122075.3719 8477525.6078, -13122063.6666 8477376.6724, -13122031.3826 8477230.8211, -13121841.7764 8476690.3071, -13121550.3371 8476259.987, -13121506.197 8476082.5066, -13121442.2438 8475924.50859999, -13121397.3669 8475728.5098, -13121425.7591 8475564.2054, -13121679.0481 8475190.0901, -13121772.3376 8474984.5058, -13121893.8392 8474793.865, -13122030.669 8474698.9255, -13122193.4982 8474664.3325, -13122357.3691 8474695.5273, -13122612.744 8474815.2471, -13122931.9213 8474872.4651, -13123076.5063 8474955.07859999, -13123177.9826 8475087.2478, -13123244.9495 8475326.6915, -13123313.1915 8475480.1431, -13123404.5621 8475621.0143, -13123503.3909 8475732.8577, -13123647.1787 8475851.52880001, -13123993.5095 8476076.3208, -13124164.396 8476150.6873, -13124345.581 8476194.197, -13124624.5765 8476198.9774, -13124895.2968 8476131.2568, -13125108.922 8476017.368, -13125247.8178 8475907.9233, -13125260.3213 8475788.77269999, -13125340.3597 8475642.5619, -13125470.5919 8475538.699, -13125630.7777 8475493.3223, -13125796.0256 8475513.482, -13125940.6547 8475596.0455, -13126042.4946 8475729.3323, -13126226.5445 8475701.6725, -13126386.0208 8475649.6649, -13126551.2214 8475563.39500001, -13126698.9518 8475449.7001, -13126824.723 8475312.0369, -13126938.6252 8475140.468, -13127075.3952 8475045.4306, -13127238.2069 8475010.7241, -13127401.758 8475041.7412, -13127627.3701 8475187.9449, -13127779.4181 8475258.8176, -13128072.096 8475324.3455, -13128359.427 8475477.1324, -13128633.4044 8475544.9252, -13128778.0652 8475627.4325, -13128879.6524 8475759.5333, -13128922.3747 8475920.6978, -13128888.9826 8476197.7626, -13128899.9005 8476402.7074, -13128937.7881 8476566.3754, -13129030.3922 8476807.9241, -13128923.6574 8476394.8319, -13128951.979 8476229.9278, -13129027.2591 8476081.36969999, -13129078.9333 8475921.5426, -13129131.9655 8475501.0518, -13129211.9234 8475354.805, -13129393.1895 8475210.0837, -13129578.3558 8475095.51, -13129953.4044 8474788.7453, -13130063.2819 8474661.8558, -13130160.4343 8474502.6582, -13130223.0761 8474346.8553, -13130260.6119 8474183.1583, -13130272.119 8474015.5988, -13130259.6596 8473863.0143, -13130279.7516 8473670.2884, -13130371.5607 8473502.30399999, -13130501.8585 8473335.9336, -13130580.3967 8473187.5627, -13130639.2834 8473010.5866, -13130688.567 8472736.3, -13130793.8405 8472543.6545, -13131089.7452 8472293.9812, -13131184.404 8472178.6686, -13131262.1168 8472051.2837, -13131357.163 8471788.6774, -13131420.052 8471314.4744, -13131509.3909 8471173.8938, -13131731.485 8471017.8184, -13131855.891 8470905.3161, -13131981.7262 8470743.5382, -13132067.4675 8470578.0071, -13132114.5537 8470436.4023, -13132141.5054 8470289.6145, -13132136.7893 8470014.1704, -13132160.1208 8469789.8313, -13132390.6082 8469395.0882, -13132479.0659 8469140.0853, -13132581.8066 8468934.0858, -13132641.1524 8468718.5317, -13132678.939 8468373.944, -13132733.8784 8468273.34539999, -13132668.7763 8468233.3504, -13132604.879 8468150.3468, -13132494.3443 8467787.8464, -13132416.9293 8467618.3307, -13132248.8905 8467395.6167, -13132137.2029 8467296.9157, -13131989.7414 8467199.6718, -13131925.8606 8467116.6735, -13131807.2545 8466724.6657, -13131750.08 8466586.9219, -13131629.929 8466398.5562, -13131393.7862 8466134.8245, -13131340.4957 8465957.8373, -13131357.7405 8465792.2114, -13131437.5507 8465646.1359, -13131567.5204 8465542.309, -13131831.7422 8465454.3322, -13132038.7047 8465329.3918, -13132212.2959 8465161.0189, -13132343.6172 8464957.8499, -13132416.6638 8464766.4407, -13132450.3064 8464583.1802, -13132451.6671 8464396.8571, -13132415.8848 8464195.2054, -13132433.1663 8464028.9959, -13132512.9365 8463882.94389999, -13132603.6616 8463807.5703, -13132557.0081 8463679.7466, -13132400.9173 8463448.6543, -13132205.8963 8463276.3116, -13131992.4458 8463163.0028, -13131741.9358 8463098.0171, -13131600.2867 8463010.96620001, -13131503.2381 8462875.842, -13131465.8724 8462713.64999999, -13131557.6085 8462247.2938, -13131563.9097 8462098.3432, -13131549.4543 8461949.9667, -13131508.7488 8461787.323, -13131443.1459 8461633.0626, -13131219.2474 8461315.2286, -13131165.9977 8461138.3553, -13131183.2367 8460972.8381, -13131262.9997 8460826.8603, -13131619.4915 8460536.885, -13131719.8793 8460426.8634, -13131804.0005 8460303.9189, -13131883.8164 8460135.7332, -13131950.8739 8459923.6633, -13131868.5341 8459809.029, -13131831.177 8459646.9062, -13131869.8889 8459421.0114, -13131920.9572 8459270.0387, -13131940.581 8459157.689, -13131839.0979 8458959.2719, -13131656.8743 8458718.117, -13131603.6341 8458541.3089, -13131609.3933 8458372.1607, -13131588.7894 8458205.8409, -13131542.4661 8458044.8008, -13131472.7276 8457895.0989, -13131431.6494 8457716.7802, -13131459.7536 8457552.8427, -13131548.9284 8457412.5261, -13131652.4303 8457340.5143, -13131667.4505 8457160.7602, -13131623.5602 8456885.4815, -13131538.0101 8456679.3476, -13131394.475 8456465.2373, -13131272.0428 8456030.3895, -13131289.2692 8455864.9865, -13131395.1464 8455671.2123, -13131615.2067 8455432.3382, -13131692.7394 8455305.2403, -13131751.8557 8455168.573, -13131858.1308 8454739.9974, -13131862.7503 8454553.9748, -13131839.2594 8454388.1273, -13131743.7692 8454126.3942, -13131583.913 8453898.3401, -13131370.587 8453719.4984, -13131158.1599 8453620.5952, -13130922.6967 8453730.5214, -13130589.1439 8453802.84139999, -13130465.6483 8453850.7445, -13130237.8552 8453993.099, -13130036.6111 8454086.281, -13129690.4424 8454330.5958, -13129529.3321 8454370.6102, -13129120.613 8454308.0589, -13128934.908 8454303.36, -13128685.1573 8454347.4026, -13128423.3441 8454357.6703, -13128180.9333 8454427.5481, -13128009.1054 8454517.3788, -13127755.6194 8454702.9877, -13127353.3964 8454806.3586, -13127119.005 8454918.5396, -13126958.0923 8455044.637, -13126803.0898 8455229.8878, -13126597.7104 8455415.4524, -13126373.9355 8455496.3875, -13126226.3 8455575.1222, -13126092.7751 8455676.0199, -13125970.5518 8455804.1465, -13125807.4581 8455925.6216, -13125646.2911 8455965.5601, -13125465.3782 8455937.3696, -13125328.7941 8455884.0829, -13125161.5707 8455781.1096, -13125064.7364 8455646.02949999, -13125027.5512 8455483.96100001, -13125057.4372 8455310.5406, -13125152.7259 8455049.9954, -13125232.5455 8454568.0566, -13125312.36 8454422.2689, -13125442.2212 8454318.7103, -13125601.9475 8454273.47119999, -13125809.3709 8454293.8817, -13125983.6047 8454283.1202, -13126473.3948 8454149.0341, -13126685.7994 8454042.8005, -13126895.6405 8453859.8569, -13127015.6026 8453694.2458, -13127305.4898 8453163.7107, -13127368.0172 8453008.384, -13127407.9501 8452832.6742, -13127614.6377 8452430.5676, -13127677.7408 8452216.6058, -13127718.418 8451859.0888, -13127801.1171 8451707.91219999, -13127982.2892 8451492.0576, -13128081.7436 8451291.6802, -13128207.5124 8451093.9871, -13128343.8234 8450999.2421, -13128522.8681 8450961.0509, -13128724.7487 8450957.1471, -13128906.6674 8450919.9052, -13129079.3631 8450851.5831, -13129241.2567 8450751.4828, -13129411.962 8450697.48529999, -13129548.9377 8450631.58519999, -13129721.6378 8450594.7179, -13129974.672 8450617.8519, -13130231.4009 8450579.14, -13130300.1127 8450549.8368, -13130067.8268 8450308.3545, -13130018.3245 8450093.2628, -13130046.4335 8449929.4999, -13130135.5453 8449789.3464, -13130271.8069 8449694.58299999, -13130546.5069 8449632.5094, -13130764.4888 8449545.2834, -13130866.0586 8449369.6691, -13130920.2808 8449211.334, -13130953.7175 8449037.4323, -13131087.7012 8448801.9077, -13131266.1484 8448310.312, -13131295.2142 8448051.9803, -13131225.6902 8447526.1972, -13131248.5512 8447306.7397, -13131328.1686 8447161.03369999, -13131569.9153 8446962.7386, -13131724.6167 8446777.5902, -13131833.7664 8446562.33299999, -13131894.0124 8446309.53059999, -13131900.2979 8446160.9015, -13131885.8717 8446012.8454, -13131851.0159 8445868.2442, -13131796.4101 8445729.9115, -13131693.2171 8445561.0761, -13131503.6722 8445531.6963, -13131305.0436 8445451.2789, -13131086.1985 8445410.9231, -13130845.3658 8445419.63, -13130612.6579 8445482.3723, -13130415.3887 8445585.5136, -13130233.041 8445723.4693, -13130178.3486 8445816.115, -13130045.3573 8445915.2848, -13129884.4327 8445955.2587, -13129751.8018 8445934.6679, -13129540.7872 8446016.0675, -13129384.3875 8446116.084, -13129223.0626 8446269.7308, -13129052.3485 8446397.0129, -13128724.1506 8446479.6457, -13128551.5536 8446547.9175, -13128378.5804 8446656.3835, -13128209.9145 8446818.758, -13128048.2087 8446939.2723, -13127714.9328 8447037.4452, -13127583.2315 8447106.2398, -13127462.3676 8447192.7234, -13127272.9523 8447396.46369999, -13127142.6261 8447642.3725, -13127100.5294 8447785.0663, -13127069.0481 8447987.967, -13126997.4761 8448130.27709999, -13126945.9429 8448289.4863, -13126878.7293 8448738.7634, -13126794.2409 8448881.7342, -13126661.148 8448980.8853, -13126399.5149 8449051.0509, -13126214.546 8449137.5694, -13126035.6448 8449270.3133, -13125888.1994 8449437.4143, -13125757.7913 8449683.3677, -13125715.6566 8449826.09359999, -13125684.3193 8450027.66979999, -13125568.5588 8450287.08789999, -13125478.0296 8450824.8295, -13125421.8945 8450912.9952, -13125274.087 8451023.0661, -13125113.0239 8451062.9649, -13124895.2525 8451029.0119, -13124708.4255 8450941.6664, -13124566.6774 8450896.9491, -13123826.7721 8450768.78329999, -13123567.2317 8450775.6407, -13123317.053 8450845.17899999, -13123091.0935 8450973.27049999, -13122902.7734 8451152.3111, -13122771.4303 8451354.9315, -13122714.5634 8451492.4728, -13122675.0653 8451649.6374, -13122589.6702 8451793.9553, -13122456.4674 8451893.0707, -13122295.3692 8451932.9128, -13121794.4239 8451846.5185, -13121512.2903 8451829.78939999, -13121290.998 8451855.0176, -13121148.4802 8451897.281, -13120996.955 8451968.02539999, -13120640.7614 8452222.7316, -13120348.7812 8452302.21769999, -13120133.8205 8452411.8527, -13119936.2968 8452580.7302, -13119794.44 8452776.1693, -13119700.1043 8452998.5681, -13119650.8692 8453265.66839999, -13119566.1881 8453408.6465, -13119432.9151 8453507.7296, -13119271.764 8453547.5147, -13119107.7853 8453521.8162, -13118950.9095 8453425.0303, -13118887.2963 8453342.0701, -13118834.4024 8453165.2936, -13118851.903 8452999.98049999, -13118933.4478 8452851.3397, -13119118.7974 8452638.7356, -13119228.4033 8452423.4888, -13119289.1294 8452170.5827, -13119289.2274 8451928.9697, -13119197.0666 8451562.51120001, -13119099.0586 8451341.7626, -13118953.9947 8451148.7582, -13118793.8793 8451020.0869, -13118714.8618 8451088.8232, -13118607.3503 8451217.0347, -13118529.6318 8451343.9262, -13118464.2357 8451498.0252, -13118355.6972 8451984.3599, -13118299.4673 8452072.4862, -13118151.5281 8452182.4326, -13117990.399 8452222.18199999, -13117812.5328 8452194.2746, -13117560.8315 8452108.89899999, -13117320.5484 8452087.6824, -13117205.839 8452096.8649, -13117026.0258 8452068.6323, -13116869.2083 8451971.8201, -13116805.6309 8451888.8574, -13116676.3588 8451460.7676, -13116580.635 8451259.3463, -13116457.8702 8451095.8941, -13116236.2791 8450908.0141, -13116128.8438 8450767.7942, -13116076.0351 8450591.0581, -13116093.5924 8450425.8086, -13116199.7966 8450232.39199999, -13116315.9872 8450110.4398, -13116411.9626 8449973.3808, -13116481.7376 8449832.3339, -13116533.5087 8449673.1618, -13116563.0975 8449414.8339, -13116529.4173 8449157.0184, -13116426.8813 8448901.281, -13116349.8964 8448605.72689999, -13116263.6486 8448427.0329, -13116178.9223 8447968.7048, -13116075.0121 8447710.462, -13115945.9063 8447528.8307, -13115781.9278 8447378.0556, -13115590.2431 8447264.7224, -13115397.3254 8447197.9913, -13115232.9423 8447096.4647, -13115169.426 8447013.5417, -13115056.3439 8446636.70489999, -13114981.8887 8446465.0285, -13114940.2815 8446282.5243, -13114963.3653 8446149.6778, -13114746.6838 8446274.2412, -13114597.2905 8446413.4923, -13114477.1626 8446578.7391, -13114390.7155 8446763.9128, -13114323.7997 8447085.5776, -13114246.0282 8447237.7944, -13114194.2237 8447396.8984, -13114127.9142 8447834.0413, -13114043.1858 8447976.851, -13113909.9344 8448075.7606, -13113578.7479 8448159.4574, -13113374.4903 8448248.12569999, -13113235.8463 8448341.5499, -13113096.4174 8448474.6831, -13112867.5178 8448644.5422, -13112654.1861 8448776.30259999, -13112460.8001 8448976.3598, -13112338.9526 8449175.2999, -13112410.1222 8449268.288, -13112452.3242 8449428.9772, -13112425.1593 8449634.1782, -13112588.3255 8449599.3859, -13112751.2535 8449630.6309, -13112889.4674 8449722.5223, -13112981.4873 8449860.7815, -13113046.6574 8450150.3615, -13113158.1323 8450385.2185, -13113283.6427 8450546.5419, -13113504.1501 8450724.87799999, -13113605.7437 8450857.5717, -13113647.9813 8451018.2881, -13113624.2382 8451187.75419999, -13113566.8442 8451320.2266, -13113526.9556 8451463.6365, -13113505.6469 8451704.2923, -13113534.4549 8451925.512, -13113620.1456 8452159.4736, -13113655.4559 8452342.1291, -13113617.8532 8452522.77049999, -13113455.2598 8452788.2668, -13113308.3247 8453140.7456, -13113262.1324 8453340.0472, -13113254.7535 8453544.5211, -13113273.9784 8453692.1876, -13113318.8223 8453865.2681, -13113426.253 8454102.1526, -13113561.6715 8454279.3634, -13113671.1749 8454380.1086, -13113799.8182 8454468.2204, -13113900.9238 8454600.26349999, -13113943.1904 8454761.0594, -13113918.4145 8454937.9588, -13113841.5238 8455162.2747, -13113817.0622 8455346.7567, -13113822.7082 8455514.1972, -13113851.9605 8455669.5781, -13113828.8931 8455834.2664, -13113744.069 8455977.2289, -13113608.9486 8456077.5199, -13113395.2981 8456164.8892, -13113211.4823 8456291.1031, -13113046.6588 8456467.7094, -13112933.3038 8456659.9148, -13112875.8886 8456817.3028, -13112846.0501 8456963.2569, -13112838.6573 8457167.8311, -13112866.962 8457356.2926, -13112843.4239 8457524.1812, -13112771.7308 8457689.8617, -13112731.0456 8457852.4209, -13112716.248 8458019.3575, -13112725.1382 8458168.0984, -13112802.7609 8458469.2186, -13112866.6366 8458603.8001, -13112948.5927 8458728.1684, -13113087.8185 8458878.0917, -13113252.2057 8458998.1396, -13113445.1175 8459223.7233, -13113640.9016 8459366.4697, -13113741.9912 8459498.4953, -13113784.2841 8459659.3985, -13113753.6253 8459878.28069999, -13113683.4179 8460044.9134, -13113642.7407 8460207.5295, -13113627.9598 8460374.521, -13113636.872 8460523.308, -13113666.3713 8460669.4076, -13113715.8847 8460809.9753, -13113784.4495 8460942.2746, -13113871.1984 8461065.3526, -13113954.6759 8461378.3088, -13114017.2109 8461533.8421, -13114160.4876 8461751.1856, -13114264.693 8461857.6309, -13114394.4164 8461956.1671, -13114497.9633 8462091.3716, -13114589.6445 8462391.9157, -13114732.8513 8462631.1975, -13114903.4932 8462802.4626, -13115159.7072 8462977.5644, -13115251.9388 8463116.0407, -13115283.5728 8463279.4664, -13115241.2674 8463482.9446, -13115181.4745 8463638.6968, -13115149.1149 8463784.2514, -13115138.2154 8463988.857, -13115164.5129 8464186.7946, -13115121.7403 8464392.5059, -13115064.5193 8464542.7448, -13115032.1536 8464688.31679999, -13115020.6177 8464874.3002, -13115040.9787 8465056.7679, -13115017.0285 8465227.981, -13114938.1889 8465406.9001, -13114894.5792 8465588.0684, -13114883.6706 8465792.7238, -13114910.8083 8465995.0498, -13114873.1714 8466176.0333, -13114816.7931 8466264.3046, -13114667.4849 8466375.1638, -13114412.5168 8466483.4905, -13114192.7354 8466655.1118, -13114095.8878 8466768.4454, -13113988.5877 8466934.5137, -13113883.9007 8467193.2271, -13113851.6603 8467395.6592, -13113865.2217 8467644.2125, -13113840.5893 8467820.1033, -13113751.7673 8468024.2947, -13113708.986 8468224.7811, -13113703.9024 8468411.1434, -13113728.7448 8468588.0807, -13113687.8577 8468784.538, -13113623.2203 8468943.3976, -13113582.7231 8469125.3816, -13113573.7602 8469292.9907, -13113590.1717 8469454.7217, -13113565.6085 8469630.0753, -13113487.9155 8469806.87389999, -13113441.6296 8470006.62879999, -13113433.2915 8470192.9185, -13113454.8118 8470365.6773, -13113431.1611 8470534.4965, -13113346.1633 8470677.742, -13113212.4214 8470777.0038, -13112981.2887 8470864.8614, -13112780.6299 8471000.0678, -13112649.9568 8471132.9247, -13112529.8788 8471307.5093, -13112443.0996 8471493.2864, -13112393.301 8471692.24059999, -13112381.6896 8471878.3976, -13112399.0422 8472045.663, -13112374.5634 8472220.2152, -13112293.1558 8472410.9889, -13112248.3368 8472630.1598, -13112245.1885 8472798.0598, -13112266.0472 8472953.6957, -13112242.3881 8473122.38189999, -13112156.142 8473267.6794, -13112026.827 8473391.0951, -13111920.938 8473532.7574, -13111755.0173 8473675.6645, -13111638.8623 8473821.5129, -13111535.4297 8474019.8477, -13111456.0089 8474324.6345, -13111399.528 8474412.9786, -13111251.0378 8474523.1264, -13111089.3805 8474562.8515, -13110924.9576 8474536.9022, -13110783.3273 8474449.3126, -13110663.0209 8474307.8901, -13110531.8002 8474197.6624, -13110431.59 8474057.295, -13110382.4924 8473841.3723, -13110399.8683 8473619.0696, -13110385.5477 8473433.057, -13110345.2425 8473270.0369, -13110271.2476 8473098.83569999, -13110156.9895 8472928.573, -13110026.6673 8472795.306, -13109561.0608 8472492.1351, -13109497.3846 8472408.8792, -13109444.5722 8472231.576, -13109462.3242 8472065.8543, -13109641.7801 8471733.566, -13109716.9047 8471503.2897, -13109738.2929 8471318.0127, -13109727.5983 8471134.4442, -13109773.2125 8470643.4511, -13109752.1508 8470439.4554, -13109692.6188 8470243.2381, -13109606.9326 8470077.6836, -13109460.7734 8469879.7455, -13109407.9809 8469702.5025, -13109425.7285 8469536.8378, -13109506.0176 8469390.9208, -13109670.6323 8469246.9355, -13109796.9327 8469085.56930001, -13109903.2794 8468868.0827, -13109956.4397 8468645.2011, -13110063.3869 8468450.8022, -13110235.1663 8468271.9891, -13110355.4041 8468083.6075, -13110418.4147 8467928.1048, -13110486.567 8467680.4219, -13110511.2957 8467402.34660001, -13110487.2954 8467217.4959, -13110438.5687 8467056.9475, -13110355.8 8466890.0006, -13110191.5193 8466655.0277, -13110154.6023 8466492.6377, -13110212.5264 8466095.1602, -13110204.0307 8465927.5986, -13110169.4715 8465763.4345, -13110075.4089 8465540.4603, -13109911.8574 8465309.3078, -13109859.0886 8465132.17759999, -13109902.8783 8464676.6169, -13109869.3852 8464399.5778, -13109774.4577 8464157.0022, -13109609.128 8463918.945, -13109556.3769 8463741.84619999, -13109599.4509 8463293.1624, -13109565.9763 8463016.1736, -13109462.0774 8462757.3095, -13109288.588 8462513.1269, -13109235.8551 8462336.0589, -13109277.0389 8461905.2188, -13109243.5834 8461628.2804, -13109139.7161 8461369.46, -13108917.1716 8461046.98480001, -13108880.3125 8460884.7112, -13108908.9319 8460720.7832, -13109037.7196 8460519.49979999, -13109204.0119 8460330.3723, -13109295.8484 8460168.4479, -13109358.2149 8459993.0131, -13109407.9646 8459727.0301, -13109415.2209 8459466.7509, -13109365.4304 8459230.09220001, -13109263.773 8459010.7236, -13109067.2421 8458743.9284, -13109014.5429 8458566.9492, -13109032.2758 8458401.5355, -13109142.859 8458200.5952, -13109295.9389 8457980.2224, -13109479.5185 8457529.7175, -13109523.5345 8457254.4328, -13109502.3995 8457052.0258, -13109334.5924 8456953.2518, -13109271.0555 8456870.1673, -13109123.4385 8456418.3303, -13109057.6738 8456301.4116, -13108922.5287 8456200.3787, -13108899.8232 8456117.2524, -13108592.4084 8455847.2905, -13108429.2818 8455758.1777, -13108261.8038 8455700.9577, -13108059.8312 8455575.9369, -13107870.8583 8455312.9841, -13107758.3442 8455007.4815, -13107732.1818 8454769.5957, -13107746.1847 8454616.992, -13107569.6536 8454638.3471, -13107392.3592 8454693.9485, -13107196.3297 8454800.04379999, -13106954.018 8454997.8461, -13106739.816 8455050.3415, -13106575.8439 8455024.3573, -13106419.0978 8454927.28199999, -13106355.6111 8454844.1942, -13106303.0058 8454667.2873, -13106320.7915 8454501.967, -13106400.9824 8454356.3826, -13106613.6287 8454174.4469, -13106759.2454 8453981.7371, -13106857.8452 8453761.15999999, -13106904.3774 8453524.0264, -13106903.3966 8453500.3912, -13106808.0376 8453441.3399, -13106662.8023 8453236.9948, -13106516.1708 8453094.5523, -13106361.5059 8452991.5311, -13106191.3345 8452916.9742, -13106029.1872 8452876.0995, -13105862.6536 8452861.1318, -13105677.4576 8452875.3122, -13105515.1295 8452915.4607, -13105328.3406 8452998.2489, -13105146.685 8453127.40250001, -13105007.0276 8453276.7136, -13104833.8382 8453539.694, -13104685.6653 8453649.3931, -13104297.9572 8453752.5246, -13104487.8279 8453819.4159, -13104805.7811 8453881.9884, -13104943.9782 8453974.0828, -13105035.9043 8454112.5227, -13105067.2707 8454275.7966, -13105027.2431 8454466.9714, -13104959.6306 8454624.5874, -13104918.7882 8454787.0378, -13104903.8184 8454953.8915, -13104916.2056 8455128.1937, -13104890.859 8455307.5655, -13104805.8659 8455450.4164, -13104672.3537 8455549.2616, -13104090.2626 8455721.0956, -13104034.9144 8455712.30479999, -13104001.2383 8455764.8583, -13103853.0082 8455874.5746, -13103691.7167 8455914.03149999, -13103527.7351 8455887.9762, -13103214.5822 8455700.9738, -13102962.608 8455601.1087, -13102804.4487 8455622.3907, -13102747.9823 8455613.412, -13102716.3715 8455636.8017, -13102555.0788 8455676.2324, -13102391.1063 8455650.1524, -13102234.4005 8455552.9785, -13102170.9551 8455469.8469, -13102102.9146 8455240.5554, -13102113.5708 8455158.1788, -13102178.6266 8454951.42319999, -13102166.0922 8454871.1081, -13101911.0716 8455045.0989, -13101798.8117 8455169.2883, -13101687.0064 8455332.8709, -13101509.6016 8455464.0943, -13100999.8622 8455577.8441, -13100814.4233 8455663.8035, -13100643.4996 8455782.6741, -13100482.1922 8455822.0601, -13100259.4647 8455807.7825, -13100039.1147 8455840.0093, -13099758.543 8455801.95489999, -13099536.0676 8455814.8971, -13099373.6395 8455854.9268, -13099219.4602 8455919.9125, -13098896.8156 8456141.6736, -13098735.4901 8456181.0234, -13098463.4423 8456140.7478, -13098259.114 8456143.6553, -13098059.0917 8456185.5562, -13097887.1794 8456256.2176, -13097546.6245 8456491.1226, -13097369.7694 8456584.9676, -13097237.5938 8456687.6846, -13097111.5774 8456824.496, -13096995.5468 8457004.1137, -13096755.6746 8457193.7239, -13096561.6482 8457307.0679, -13096422.0223 8457429.9331, -13096295.6226 8457590.8154, -13096197.198 8457785.7855, -13096148.7677 8457951.2214, -13096127.6519 8458121.0137, -13096032.0854 8458324.648, -13095933.3315 8458408.2111, -13095732.7229 8458464.1544, -13095474.167 8458413.9507, -13095203.9028 8458307.05589999, -13094760.8062 8458232.5868, -13094619.6811 8458144.8725, -13094521.0306 8458006.045, -13094489.3008 8457854.2106, -13094518.5821 8457678.8799, -13094624.5003 8457506.3858, -13094690.4506 8457352.3675, -13094744.5812 8457078.897, -13094729.6875 8456819.0309, -13094686.994 8456657.0077, -13094613.7637 8456489.8319, -13094595.6591 8456287.70049999, -13094695.097 8455798.5385, -13094860.9137 8455532.8201, -13094948.2377 8455307.4655, -13094977.8935 8455142.5826, -13095005.3405 8454730.1372, -13095085.7595 8454584.6691, -13095321.1438 8454388.4, -13095429.1111 8454260.4696, -13095519.9105 8454111.419, -13095650.1922 8454008.3874, -13095810.1029 8453963.79730001, -13095963.7374 8453976.3216, -13096130.6015 8453965.2329, -13096418.4716 8453893.3215, -13096639.2354 8453795.7944, -13096845.8553 8453638.1255, -13096944.7535 8453526.9319, -13097027.2367 8453403.0348, -13097253.1703 8452935.73759999, -13097320.4555 8452703.6783, -13097333.8991 8452462.4134, -13097302.6338 8452260.2411, -13097233.434 8452067.7635, -13097117.705 8451877.1378, -13096943.6188 8451696.94080001, -13096814.7194 8451515.6609, -13096752.7948 8451263.8711, -13096661.1446 8451060.5553, -13096516.6697 8450867.1071, -13096289.894 8450684.039, -13096226.5577 8450600.9092, -13096159.0621 8450338.7832, -13096293.4855 8449901.4999, -13096239.9013 8449902.2465, -13095972.3448 8449978.0611, -13095763.0642 8450098.0862, -13095586.0945 8450262.1898, -13095477.722 8450413.2078, -13095261.9555 8450799.76870001, -13095190.59 8451030.53729999, -13095172.8772 8451271.47950001, -13095204.9842 8451492.2372, -13095328.2576 8451900.4812, -13095304.7855 8452065.0323, -13095219.6414 8452207.7114, -13095086.0565 8452306.3395, -13094924.794 8452345.5841, -13094760.9201 8452319.3437, -13094519.6372 8452197.3007, -13094266.3139 8452140.0354, -13094006.6853 8452145.8484, -13093598.9026 8452240.1976, -13093435.0356 8452213.928, -13093182.6058 8452084.8958, -13092929.2962 8452027.585, -13092669.6699 8452033.3505, -13092250.746 8452130.328, -13092086.8861 8452104.0286, -13091846.5829 8451978.0678, -13091594.3249 8451916.2925, -13091316.216 8451919.9855, -13090882.5507 8452020.46, -13090718.698 8451994.1304, -13090487.5209 8451873.78939999, -13090253.7233 8451814.3185, -13089975.5961 8451813.09839999, -13089515.4692 8451910.5937, -13089351.6226 8451884.2336, -13089185.5399 8451793.3862, -13089009.6912 8451733.564, -13088844.6883 8451706.6166, -13088696.0634 8451704.6381, -13088430.3564 8451738.95059999, -13088112.1239 8451814.1883, -13087896.4988 8451842.115, -13087737.2554 8451893.1161, -13087572.1186 8451978.2349, -13087438.1205 8452078.3846, -13087309.6378 8452212.7178, -13087206.3906 8452367.35930001, -13087125.8974 8452554.659, -13087020.6716 8452730.5442, -13086886.9655 8452829.0314, -13086725.6456 8452868.0991, -13086504.0265 8452835.498, -13086318.286 8452836.2133, -13086153.4777 8452864.4875, -13085764.9038 8452973.5015, -13085601.0467 8452947.0541, -13085460.1306 8452859.2238, -13085364.0587 8452723.6645, -13085264.706 8452322.2733, -13085194.8117 8452170.1365, -13085113.3955 8452045.5624, -13084917.7228 8451847.5657, -13084677.5671 8451707.0397, -13084427.6903 8451636.2409, -13084186.6699 8451626.5603, -13083748.7886 8451717.7811, -13083491.3292 8451682.8215, -13083287.3249 8451692.4459, -13082776.9141 8451832.1358, -13082613.0924 8451805.6253, -13082456.7252 8451708.0755, -13082393.5352 8451624.8132, -13082341.5282 8451447.805, -13082373.4182 8451141.9072, -13082363.8391 8450937.5802, -13082223.1768 8450424.5402, -13082258.3344 8450190.5768, -13082252.3212 8449986.1397, -13082218.4627 8449822.1905, -13082129.3217 8449553.609, -13081983.2754 8449316.617, -13081780.9798 8449125.5634, -13081553.5362 8449000.2289, -13081291.7145 8448931.65559999, -13081135.426 8448834.1148, -13081072.2759 8448750.8731, -13081020.3218 8448573.9238, -13081051.2266 8448277.4159, -13081046.3333 8448110.1061, -13081020.0811 8447963.635, -13080907.9451 8447578.8829, -13080940.661 8447266.1199, -13080935.7712 8447098.8329, -13080909.5251 8446952.38139999, -13080839.3102 8446756.7704, -13080794.0529 8446553.9155, -13080831.0574 8446297.3512, -13080818.7263 8446074.757, -13080684.3049 8445586.9656, -13080702.6471 8445421.9041, -13080783.2511 8445276.77399999, -13081176.397 8444987.51, -13081363.4825 8444781.7123, -13081470.7489 8444586.4278, -13081550.7735 8444332.6629, -13081670.2896 8444147.4036, -13082069.7941 8443864.3981, -13082186.4616 8443744.704, -13082282.9957 8443608.2037, -13082376.3613 8443405.9211, -13082427.2424 8443181.34880001, -13082430.3943 8442958.5291, -13082387.2294 8442739.9287, -13082290.4402 8442518.9389, -13082146.5098 8442325.425, -13081978.1559 8442179.7883, -13081766.0779 8442065.3285, -13081515.3603 8441998.8914, -13081243.6624 8441996.6263, -13080949.8008 8441949.001, -13080701.1628 8441829.6253, -13080448.2989 8441771.9579, -13080189.0192 8441777.2696, -13079756.6147 8441876.7445, -13079593.025 8441850.1994, -13079436.9105 8441752.71369999, -13079373.841 8441669.5361, -13079321.9794 8441492.743, -13079340.3431 8441327.7764, -13079524.9624 8440982.4279, -13079595.7147 8440732.5495, -13079608.2219 8440584.4139, -13079597.5484 8440417.548, -13079485.3105 8439944.7903, -13079514.509 8439781.435, -13079604.4679 8439642.0792, -13079741.2029 8439548.37969999, -13079912.6542 8439512.9979, -13080163.7319 8439511.3223, -13080344.9717 8439472.16799999, -13080500.0787 8439410.4276, -13080643.6309 8439325.1407, -13080835.7573 8439150.7955, -13080980.06 8438935.07460001, -13081063.6919 8438708.8922, -13081107.1136 8438399.8296, -13081187.6344 8438254.8338, -13081317.8419 8438152.2785, -13081477.4993 8438108.0994, -13081645.7435 8438117.9427, -13081830.0373 8438097.946, -13081990.6983 8438052.7603, -13082126.0396 8437991.87699999, -13082266.4855 8437901.6108, -13082391.1013 8437790.4479, -13082496.8184 8437661.1275, -13082581.0341 8437516.8353, -13082664.6046 8437271.0906, -13082706.1474 8436940.3762, -13082861.6441 8436681.8151, -13082945.1961 8436436.0953, -13082966.4189 8436270.3398, -13082961.4936 8436103.3035, -13082859.6577 8435616.8243, -13082888.7654 8435453.5519, -13083019.5002 8435248.04259999, -13083090.807 8435096.99229999, -13083154.6788 8434826.4951, -13083158.483 8434659.462, -13083136.1549 8434493.8931, -13082999.204 8434018.0659, -13082945.6022 8433879.5812, -13082873.2833 8433749.9184, -13082771.3184 8433617.7253, -13082649.9675 8433503.1371, -13082528.2315 8433418.35100001, -13082378.7427 8433344.3051, -13082237.5826 8433298.8708, -13082073.0162 8433271.8331, -13081924.7634 8433269.7179, -13081741.3991 8433296.1285, -13081582.5107 8433346.86379999, -13081433.4991 8433421.8692, -13081298.0324 8433519.299, -13081179.4458 8433636.7562, -13081090.5776 8433755.6486, -13081011.4502 8433902.7057, -13080960.5073 8434044.831, -13080900.6337 8434137.6179, -13080752.4855 8434246.5461, -13080591.5371 8434285.3763, -13080428.1129 8434258.87479999, -13080120.745 8434090.46809999, -13079978.8129 8434047.4604, -13079813.7904 8434023.2507, -13079536.8943 8434041.021, -13079090.864 8434164.5908, -13078927.4482 8434138.0564, -13078786.9727 8434050.3161, -13078733.9312 8433975.3242, -13078546.0166 8434123.5746, -13078352.9527 8434173.667, -13078168.7684 8434257.0754, -13078185.2337 8434320.9859, -13078161.4296 8434485.0946, -13078076.1505 8434627.2371, -13077942.6485 8434725.3177, -13077781.6743 8434764.0891, -13077715.9881 8434753.4119, -13077640.1616 8434985.0273, -13077621.1622 8435188.25069999, -13077642.4604 8435405.204, -13077681.8285 8435567.579, -13077746.0732 8435721.7891, -13077844.6901 8435878.9467, -13077969.0581 8436016.5644, -13078099.8977 8436120.2412, -13078245.3215 8436202.138, -13078386.0576 8436255.6275, -13078603.7625 8436381.80129999, -13078703.91 8436513.9091, -13078745.3025 8436674.5235, -13078721.504 8436838.6863, -13078662.7446 8436936.644, -13078697.3249 8437095.752, -13078597.2375 8437320.4119, -13078548.1721 8437509.5299, -13078462.5727 8437652.2243, -13078329.0216 8437750.3528, -13078217.7194 8437777.16759999, -13078122.2513 8437970.5664, -13078059.3189 8438145.2193, -13078029.3476 8438309.6583, -13078024.5667 8438458.2001, -13078043.9031 8438624.2382, -13078088.9338 8438785.2055, -13078158.5518 8438937.1376, -13078239.7037 8439061.571, -13078337.3577 8439173.4811, -13078449.6134 8439270.6886, -13078817.6027 8439492.5815, -13078917.7968 8439624.7412, -13078959.2123 8439785.4218, -13078935.4094 8439949.6545, -13078850.0833 8440091.9118, -13078716.4938 8440190.0802, -13078307.3481 8440292.2454, -13078169.8953 8440348.307, -13078021.29 8440432.569, -13077807.2951 8440484.1142, -13077643.7429 8440457.5302, -13077292.7271 8440230.4811, -13077160.3213 8440163.3338, -13077019.8764 8440115.2957, -13076874.1252 8440087.3012, -13076725.9032 8440079.8945, -13076578.0942 8440093.2198, -13076111.802 8440210.9961, -13075755.9211 8440167.46019999, -13075569.0444 8440186.5483, -13075652.4702 8440209.5363, -13075790.0503 8440302.016, -13075935.3739 8440518.6628, -13076059.7861 8440656.3988, -13076175.3552 8440749.6773, -13076331.9966 8440844.8228, -13076432.1651 8440977.041, -13076473.5345 8441137.7656, -13076449.672 8441302.021, -13076364.2822 8441444.27619999, -13076230.6346 8441542.4181, -13076069.5016 8441581.1896, -13075905.9308 8441554.5631, -13075749.8703 8441457.0021, -13075517.9637 8441168.0404, -13075234.6148 8440949.1595, -13075076.026 8440724.7138, -13075061.0255 8440665.2924, -13075100.7457 8440443.8368, -13075131.1252 8440372.4205, -13074991.4551 8440494.5969, -13074873.9527 8440640.9301, -13074737.7436 8440740.9101, -13074303.3846 8440850.6116, -13074044.7779 8440978.9676, -13073811.522 8441035.0184, -13073525.5331 8441061.8614, -13073265.588 8441159.8226, -13073039.8029 8441321.8321, -13073155.9483 8441828.0908, -13073295.8821 8442043.2692, -13073475.2186 8442193.3112, -13073656.3719 8442299.3504, -13073848.7895 8442367.1465, -13074390.9166 8442425.3345, -13074534.3266 8442508.5527, -13074634.4864 8442640.8255, -13074675.8265 8442801.5969, -13074651.9189 8442965.884, -13074566.4751 8443108.151, -13074432.7732 8443206.2828, -13074218.6713 8443257.7439, -13074042.5511 8443250.334, -13073894.6729 8443263.6118, -13073641.7915 8443328.5235, -13073506.2805 8443389.2963, -13073380.5295 8443468.3668, -13073266.9856 8443564.1974, -13073167.8585 8443674.9243, -13073159.3918 8443688.82680001, -13073254.434 8443752.7593, -13073345.6387 8443891.4124, -13073376.2577 8444054.6038, -13073337.7046 8444234.8458, -13073280.9906 8444322.5394, -13073088.6098 8444463.6867, -13072967.9233 8444514.48789999, -13073007.3372 8444712.0049, -13072975.5222 8444930.2852, -13072890.0234 8445072.57109999, -13072756.2634 8445170.6992, -13072424.853 8445259.98659999, -13072195.9945 8445382.4381, -13071961.5908 8445566.6434, -13071851.1338 8445692.1691, -13071740.5968 8445860.3459, -13071562.877 8445990.6801, -13071401.621 8446029.3739, -13071237.9667 8446002.6282, -13071133.8881 8445937.4733, -13071085.5059 8446011.33079999, -13070759.4137 8446253.47909999, -13070593.7845 8446428.8996, -13070479.4664 8446620.1973, -13070426.4647 8446759.1916, -13070388.9185 8446916.64280001, -13070332.149 8447004.3458, -13070183.5848 8447113.2551, -13070009.3105 8447149.8001, -13068974.8761 8447615.7481, -13068696.4246 8448668.4733, -13068490.7883 8450062.3474, -13068452.0855 8450242.71239999, -13068618.1225 8450909.8442, -13069011.4321 8451481.9075, -13069177.7929 8452914.2665, -13069139.0927 8453094.7046, -13069082.2612 8453182.4725, -13068891.5708 8453322.2155, -13068692.3913 8453441.26640001, -13068505.7965 8453622.27179999, -13068368.4523 8453843.1199, -13068315.3601 8453982.236, -13068271.9481 8454166.78980001, -13068215.0984 8454254.5633, -13068066.3573 8454363.5386, -13067904.8993 8454402.2017, -13067741.0696 8454375.3496, -13067600.3356 8454287.1571, -13067504.5714 8454151.3341, -13067468.6597 8453988.9948, -13067499.006 8453820.783, -13067575.0221 8453656.0847, -13067622.8714 8453476.2889, -13067638.8232 8453290.9064, -13067621.933 8453103.0903, -13067651.8433 8452937.2768, -13067742.187 8452797.8137, -13067849.7942 8451737.4094, -13067649.2222 8450065.0273, -13067654.952 8449292.5322, -13068088.4417 8447368.3296, -13068037.4466 8447228.5705, -13067957.5262 8447081.59619999, -13067844.9928 8446928.28589999, -13067793.3688 8446751.2826, -13067812.0031 8446586.2241, -13067892.8753 8446441.2099, -13068023.4141 8446338.7737, -13068288.1447 8446253.1984, -13068508.3914 8446123.2062, -13068999.1492 8446007.6872, -13069149.8261 8445935.4255, -13069287.3591 8445840.4415, -13069197.2784 8446004.0883, -13069157.3805 8446117.4797, -13069426.1769 8445998.2376, -13069411.6492 8445932.6422, -13069465.8208 8445686.2748, -13069504.3992 8445658.0953, -13069518.8675 8445595.1798, -13069498.6086 8445609.1856, -13069528.7045 8445552.4034, -13069783.1206 8444445.9757, -13069785.4795 8444297.2526, -13069763.4203 8444131.4236, -13069678.5804 8443885.8635, -13069524.8758 8443654.0314, -13069346.9774 8443491.24319999, -13068995.7677 8443268.34, -13068932.802 8443185.0542, -13068881.1793 8443008.1483, -13068899.7807 8442843.1713, -13068980.5913 8442698.2192, -13069111.0489 8442595.8163, -13069270.8792 8442551.8743, -13069435.2452 8442573.2206, -13069696.4987 8442712.4228, -13069928.7655 8442776.5507, -13070169.4825 8442786.6915, -13070408.4983 8442742.2296, -13070572.8718 8442763.551, -13070716.2462 8442846.8481, -13070816.3427 8442979.1799, -13070857.6015 8443139.9811, -13070833.6075 8443304.2644, -13070741.0817 8443458.1419, -13070623.3004 8443582.3702, -13070519.8191 8443736.5988, -13070438.7784 8443924.1412, -13070397.3433 8444105.2802, -13070387.4221 8444272.2786, -13070400.6082 8444420.4322, -13070439.8675 8444583.0458, -13070539.5788 8444848.9788, -13070526.3629 8445055.6076, -13070553.523 8445203.9878, -13070760.9702 8445062.5426, -13070947.0269 8444988.4027, -13071118.9279 8444878.2864, -13071166.2374 8444830.7318, -13071137.5617 8444612.3989, -13071091.4267 8444471.0147, -13071021.5319 8444329.7049, -13070983.5845 8444158.5378, -13071012.9877 8443995.1208, -13071103.1595 8443855.78719999, -13071240.0823 8443762.1905, -13071512.7181 8443701.1955, -13071701.0586 8443622.6511, -13071885.2823 8443497.6895, -13072039.5359 8443337.0921, -13072122.329 8443213.6425, -13072187.1616 8443079.8543, -13072237.0741 8442920.2344, -13072357.6637 8442254.2389, -13072253.2526 8441957.3765, -13072089.6862 8441930.6635, -13071945.85 8441853.1947, -13071806.266 8441802.5978, -13071528.4737 8441750.0958, -13071349.5546 8441779.2107, -13070571.1179 8441484.9248, -13070164.4492 8441419.3289, -13069997.6435 8441412.3021, -13069806.8013 8441437.7758, -13069870.0766 8441521.4508, -13069911.3063 8441682.226, -13069887.2955 8441846.4739, -13069801.7717 8441988.6647, -13069668.0254 8442086.6954, -13069506.8443 8442125.3262, -13069343.2834 8442098.5512, -13069187.2968 8442000.8427, -13069124.34 8441917.5728, -13069072.7219 8441740.6985, -13069091.3162 8441575.7494, -13069126.4405 8441512.7428, -13068886.2284 8441574.034, -13068736.9187 8441648.8684, -13068334.3455 8441954.61429999, -13068173.1602 8441993.2152, -13067763.7149 8441913.1671, -13067578.6785 8441900.4439, -13067376.0539 8441923.8254, -13066969.7278 8442026.8066, -13066806.1776 8441999.9753, -13066649.9264 8441902.0257, -13066504.726 8441767.4114, -13066433.6804 8441673.37129999, -13066382.1286 8441496.4832, -13066400.7827 8441331.5456, -13066607.4713 8440943.56449999, -13066657.4913 8440784.0275, -13066680.5429 8440637.1629, -13066675.5244 8440453.1931, -13066501.82 8440441.223, -13066317.4217 8440460.842, -13065910.4195 8440557.2488, -13065704.9732 8440546.41539999, -13065538.5662 8440559.7003, -13065486.1325 8440572.242, -13065443.3901 8440643.2092, -13065309.6091 8440741.1429, -13065148.4334 8440779.6708, -13064984.9172 8440752.803, -13064853.6081 8440670.4435, -13064721.5964 8440669.1278, -13064240.0146 8440777.4344, -13064076.5013 8440750.5464, -13063920.6118 8440652.7423, -13063857.7259 8440569.4418, -13063806.244 8440392.5614, -13063824.9534 8440227.6544, -13063956.2954 8439983.2411, -13064020.848 8439789.4965, -13064046.5105 8439605.5576, -13064038.94 8439412.7277, -13064070.3868 8439238.9018, -13064160.6339 8439099.742, -13064297.5584 8439006.3351, -13064459.8832 8438973.1933, -13064639.3015 8439008.8263, -13064874.8223 8439098.2472, -13065057.968 8439127.1333, -13065298.541 8439116.3874, -13065604.2403 8439039.10409999, -13065768.5181 8439060.5234, -13066005.5574 8439160.1494, -13066049.15 8438929.4587, -13066133.2002 8438778.8054, -13066303.049 8438582.6454, -13066402.1637 8438398.1479, -13066500.8755 8438521.11999999, -13066624.0456 8438633.9191, -13066977.0376 8438850.61729999, -13067077.0119 8438982.9296, -13067118.1659 8439143.666, -13067099.1581 8439273.3431, -13067163.858 8439358.9684, -13067213.0966 8439576.59179999, -13067419.7528 8439681.1391, -13067691.9309 8439736.2502, -13067950.8251 8439722.3236, -13068303.5817 8439630.0551, -13068467.8792 8439651.4154, -13068748.8973 8439791.2807, -13069021.0889 8439846.3432, -13069279.9838 8439832.3694, -13069634.4297 8439739.5679, -13069806.4806 8439744.2691, -13069978.7875 8439720.8261, -13070141.3251 8439752.9794, -13070278.8286 8439845.5577, -13070369.9286 8439984.176, -13070433.515 8440227.5136, -13070525.4078 8440399.938, -13071094.6654 8440505.0282, -13071522.4119 8440377.008, -13071776.0295 8440276.0308, -13071834.8292 8440170.4643, -13071975.2025 8440060.1907, -13072129.9935 8439986.3214, -13072296.9416 8439875.6489, -13072672.4868 8439734.8417, -13072885.6473 8439601.2317, -13073107.7869 8439540.0362, -13073284.4648 8439532.8204, -13073593.9875 8439472.5402, -13073781.8085 8439469.0987, -13073950.5698 8439436.9968, -13074304.3739 8439320.126, -13074447.9975 8439234.9605, -13074563.1115 8439141.1668, -13074675.5938 8439017.66089999, -13074767.3992 8438878.0515, -13074836.2679 8438725.7776, -13074880.5054 8438564.5903, -13074899.0239 8438398.459, -13074891.3692 8438231.4754, -13074857.7313 8438067.7504, -13074798.9405 8437911.3151, -13074695.0875 8437735.6117, -13074559.6782 8437582.9865, -13074428.8614 8437479.2257, -13074163.485 8437315.7816, -13073992.7119 8437243.6034, -13073812.0226 8437202.2216, -13073626.9055 8437192.8925, -13073435.7568 8437213.8427, -13073218.6189 8437178.414, -13073030.4087 8437060.6563, -13072865.2257 8436933.6308, -13072643.0824 8436828.6948, -13072491.8691 8436734.0687, -13072470.501 8436856.8343, -13072473.3747 8437005.39769999, -13072497.0901 8437153.0573, -13072473.0508 8437317.8957, -13072387.6289 8437460.0283, -13072253.9989 8437558.0445, -13072092.9313 8437596.707, -13071897.9159 8437564.3517, -13071882.3786 8437636.9172, -13071825.6972 8437724.5206, -13071516.264 8437871.9721, -13071352.791 8437845.2563, -13071212.3324 8437757.3265, -13070970.3631 8437431.7254, -13070861.6916 8437330.5659, -13070721.4136 8437233.65250001, -13070625.8178 8437098.18159999, -13070589.9251 8436936.2318, -13070619.3103 8436772.9759, -13070846.1973 8436540.2879, -13071170.9074 8436539.1306, -13071308.3631 8436631.6498, -13071482.3203 8436882.8183, -13071675.044 8436513.9723, -13071719.3383 8436352.8516, -13071749.8791 8436110.0767, -13071830.5607 8435965.2271, -13072038.7659 8435755.3678, -13071998.3598 8435730.0782, -13071902.7606 8435594.6515, -13071866.8475 8435432.7411, -13071896.1987 8435269.5143, -13071986.249 8435130.3355, -13072122.9993 8435036.835, -13072288.646 8435004.22, -13072362.6965 8434871.2534, -13072492.9695 8434768.9009, -13072637.532 8434729.0868, -13072641.0596 8434583.3552, -13072592.6238 8434347.2297, -13072482.6837 8434112.2506, -13072332.5215 8433923.8942, -13072128.0809 8433764.5209, -13071873.4335 8433654.173, -13071524.3151 8433589.9114, -13071280.7758 8433449.9944, -13071051.1643 8433377.9162, -13070774.2105 8433361.4227, -13070441.9572 8433426.4987, -13070278.5867 8433399.7738, -13070122.7732 8433302.1979, -13070059.8816 8433219.0334, -13070009.3348 8433065.2462, -13069944.1298 8432931.8666, -13069861.0302 8432808.876, -13069748.1806 8432685.8999, -13069632.8194 8432592.6196, -13069505.6231 8432516.3278, -13069369.0668 8432458.5084, -13069225.8078 8432420.2858, -13069004.4706 8432401.2141, -13068784.0105 8432428.6482, -13068236.8394 8432561.8723, -13068081.7701 8432623.2959, -13067930.5443 8432708.8329, -13067716.699 8432760.0285, -13067578.6624 8433439.3832, -13067642.2215 8433523.4891, -13067683.3559 8433684.1038, -13067659.3193 8433848.167, -13067573.8432 8433990.1774, -13067329.4974 8435213.485, -13067497.5818 8435943.51, -13067473.5342 8436107.6229, -13067388.0288 8436249.6749, -13067210.4607 8436379.7325, -13066940.187 8436519.4781, -13067003.9667 8436743.4772, -13067084.5917 8436896.9742, -13067128.0664 8437066.77629999, -13067104.0072 8437230.9131, -13067018.4818 8437372.9827, -13066884.7811 8437470.9008, -13066723.6855 8437509.4453, -13066461.9013 8437467.4075, -13066313.7402 8437459.7923, -13066165.9625 8437472.9028, -13065981.1423 8437513.9231, -13065817.6956 8437487.0849, -13065677.3092 8437399.0528, -13065581.8033 8437263.5123, -13065546.0205 8437101.5329, -13065575.5183 8436938.2923, -13065666.3669 8436798.143, -13065811.9874 8436669.1345, -13065867.6011 8436296.4199, -13065865.9751 8436129.3131, -13065841.0338 8435975.9931, -13065860.0804 8435807.7086, -13066039.1758 8435392.175, -13065953.5942 8434844.884, -13065755.9229 8434235.6301, -13065797.8098 8433934.9971, -13065734.9609 8433851.7877, -13065683.4827 8433675.0811, -13065702.1348 8433510.3199, -13065782.9084 8433365.58649999, -13065913.2476 8433263.371, -13066072.8958 8433219.5563, -13066563.6229 8432863.8951, -13066730.9598 8432705.5384, -13066627.1252 8432688.4991, -13066419.2786 8432546.8276, -13066357.3675 8432409.8901, -13066159.7663 8432333.0814, -13065958.2729 8432303.1324, -13065754.7765 8432312.2389, -13065461.2363 8432377.6197, -13065244.2771 8432341.9762, -13065072.5566 8432262.0225, -13064899.7796 8432209.71410001, -13064713.4471 8432092.835, -13064618.0288 8431957.378, -13064550.4777 8431702.356, -13064285.1669 8431541.0497, -13064147.6806 8431485.53499999, -13063989.5525 8431447.3122, -13063850.8402 8431375.967, -13063714.2358 8431328.7155, -13063541.1675 8431220.1174, -13063549.7197 8431481.8296, -13063522.8784 8431606.4914, -13063466.1425 8431693.9595, -13063317.7816 8431802.5018, -13063179.3222 8431835.5581, -13063165.1643 8431931.78059999, -13063079.623 8432073.7024, -13062945.9642 8432171.478, -13062620.3735 8432251.3864, -13062448.6692 8432320.9876, -13062291.6354 8432419.3949, -13061975.2204 8432672.433, -13061814.203 8432710.8438, -13061567.8721 8432660.4853, -13061332.497 8432430.2539, -13061110.4306 8432296.71589999, -13060880.9512 8432224.3293, -13060659.6387 8432205.0062, -13060419.9866 8432237.9128, -13060458.6736 8432389.5914, -13060434.4796 8432553.6039, -13060322.5477 8432739.1539, -13060250.5211 8432784.8171, -13060054.1412 8432831.6143, -13059890.8191 8432804.6598, -13059735.1539 8432706.8697, -13059672.3835 8432623.6213, -13059621.0593 8432446.8998, -13059639.8444 8432282.1799, -13059720.7247 8432137.5361, -13059851.1277 8432035.4447, -13059903.2425 8432021.1888, -13059863.4496 8431853.37919999, -13059893.0539 8431690.2761, -13059983.2893 8431551.3102, -13060165.0586 8431427.4649, -13060421.6712 8431377.8872, -13060627.5983 8431294.4796, -13060753.2821 8431215.75850001, -13061066.7027 8430971.1304, -13061471.3504 8430854.83250001, -13061715.0331 8430722.1665, -13061944.2808 8430506.92989999, -13062093.1785 8430272.5648, -13062173.069 8430025.8536, -13062228.1265 8429570.2397, -13062308.9264 8429425.6216, -13062439.2458 8429323.5225, -13062590.9102 8429281.97699999, -13062261.9547 8428977.6681, -13061761.7782 8428851.251, -13061263.2574 8428769.4918, -13060589.7693 8428780.2308, -13060372.9378 8428744.4591, -13060217.3526 8428646.7318, -13060122.0537 8428520.3577, -13060122.0607 8428399.4073, -13059993.1556 8428415.3871, -13059835.2679 8428391.1815, -13059657.5993 8428286.8921, -13058853.6545 8428502.8657, -13058978.5299 8428613.3734, -13059135.773 8428821.9564, -13059098.4335 8429074.7573, -13059012.8459 8429216.5773, -13058879.1837 8429314.2411, -13058625.6537 8429381.9222, -13058292.0675 8429578.7488, -13058030.6583 8429822.91920001, -13058006.418 8429986.86729999, -13057941.0167 8430207.7526, -13057826.3675 8430397.6599, -13057653.0517 8430609.0439, -13057504.6465 8431006.4944, -13057507.6633 8431357.7912, -13057549.3897 8431519.4856, -13057694.4008 8431798.5886, -13058011.0983 8432167.3192, -13058038.7146 8432316.2349, -13057945.6468 8432597.6361, -13057797.1852 8432706.0812, -13057636.1437 8432744.4008, -13057419.2094 8432708.524, -13057024.4701 8432514.1594, -13056861.07 8432480.8259, -13056528.7893 8432492.371, -13056123.2253 8432587.8586, -13055959.9218 8432560.8172, -13055741.5889 8432379.66659999, -13055690.3605 8432202.9223, -13055709.233 8432038.217, -13055950.3499 8431584.9501, -13056001.4606 8431406.6316, -13055997.9033 8430982.2829, -13055876.7905 8430554.1706, -13055868.1826 8430286.6091, -13055777.0178 8429856.5541, -13055816.4528 8429639.9767, -13055924.7086 8429406.0506, -13056008.7621 8429091.6275, -13056034.8886 8428802.6598, -13056071.6987 8428600.4605, -13056133.1578 8428539.5952, -13056119.2776 8428448.6475, -13056143.3773 8428286.2619, -13056232.9687 8428176.8747, -13056406.3091 8428034.8244, -13056573.81 8427969.4947, -13056714.8454 8427875.3239, -13056846.0757 8427743.23349999, -13056922.787 8427630.0423, -13057059.4255 8427531.7709, -13057159.8276 8427490.02, -13057269.5897 8427473.4469, -13057363.4283 8427487.1824, -13057506.2517 8427567.2239, -13057612.7001 8427699.5428, -13057714.4366 8427994.6787, -13057824.9415 8428034.9782, -13058240.0396 8428054.69829999, -13058422.7487 8428078.7105, -13058565.7012 8428162.0841, -13058603.6046 8428211.5918, -13059549.696 8427993.0968, -13059627.6327 8427794.8082, -13059745.2003 8427637.6403, -13059955.6431 8427587.7301, -13060079.307 8427604.633, -13060265.8895 8427721.3411, -13060333.0479 8427821.0001, -13060379.123 8427963.1107, -13060492.7913 8427932.00850001, -13060656.8076 8427953.5129, -13060799.782 8428036.8412, -13060899.4978 8428169.04730001, -13061129.3098 8428235.0901, -13061385.8448 8427957.352, -13061547.9408 8427924.3267, -13061710.1829 8427956.6186, -13062643.7492 8428019.1355, -13062967.0917 8428119.7425, -13063216.4908 8428100.8415, -13063301.1217 8428054.8242, -13063599.2776 8427824.4535, -13063755.2345 8427730.1657, -13063894.8537 8427608.4145, -13064000.7542 8427479.5365, -13064085.2202 8427335.6525, -13064146.1726 8427180.3071, -13064186.8087 8426996.2386, -13064276.906 8426857.3101, -13064413.6036 8426764.0584, -13064646.4165 8426716.5243, -13064930.2198 8426713.5662, -13065347.0592 8426630.4176, -13065524.2338 8426651.4467, -13065709.059 8426641.564, -13065853.9291 8426610.5686, -13066003.091 8426555.0951, -13066203.3319 8426514.1668, -13066417.3189 8426531.9874, -13066637.6125 8426504.6482, -13067394.6278 8426295.654, -13067588.6344 8426187.6231, -13067750.7552 8426047.0678, -13067924.4559 8425928.4526, -13068086.4762 8425895.2929, -13068248.7004 8425927.43169999, -13068419.8567 8426037.8604, -13068589.032 8426113.0314, -13068933.2847 8426191.0721, -13069080.0332 8426289.915, -13069214.8499 8426430.69, -13069364.7451 8426539.4405, -13069531.2198 8426620.4637, -13069727.441 8426674.6506, -13070126.8843 8426718.4369, -13070562.7232 8426676.3351, -13070788.7906 8426705.6593, -13070999.2341 8426765.3926, -13071183.6471 8426781.2342, -13071458.4996 8426746.5482, -13071633.2732 8426763.8841, -13071799.5646 8426753.3951, -13072290.879 8426626.9765, -13072321.4733 8426630.938, -13072335.9334 8426502.181, -13072637.7096 8426165.154, -13072852.9048 8426120.9664, -13073015.1535 8426153.0005, -13073448.4973 8426431.9618, -13073344.0018 8426559.659, -13073149.5414 8426859.1899, -13073111.8225 8426893.09399999, -13072914.9076 8427011.06539999, -13072746.8747 8427050.868, -13072830.9458 8427292.94049999, -13072937.6461 8427466.58560001, -13073061.7796 8427604.1326, -13073192.4004 8427707.7815, -13073337.6036 8427789.6849, -13073493.8129 8427847.8244, -13073685.298 8427889.3155, -13073834.1309 8427989.4217, -13074035.4082 8428179.881, -13074244.9397 8428298.0361, -13074421.13 8428354.9586, -13074604.5132 8428380.3655, -13074789.5147 8428373.4845, -13074989.1025 8428329.905, -13075153.1653 8428351.086, -13075296.3083 8428434.1343, -13075497.4803 8428686.8351, -13075683.3885 8428839.6145, -13075916.3379 8428952.7405, -13075995.8629 8428969.4742, -13075988.2782 8428845.0879, -13076017.5134 8428681.9914, -13076243.982 8428449.3963, -13076406.0179 8428416.0413, -13076568.3318 8428448.006, -13076705.7015 8428540.3238, -13076935.4232 8428881.75639999, -13077057.3876 8428934.4603, -13077278.8529 8428918.3806, -13077422.5396 8428882.1023, -13077559.7854 8428826.1441, -13077868.0448 8428628.2431, -13078030.0762 8428594.8516, -13078192.4011 8428626.7812, -13078344.9207 8428729.2308, -13078514.5303 8428964.0184, -13078645.9488 8428818.3701, -13078784.5875 8428709.255, -13078732.8623 8428631.9203, -13078547.5784 8428688.6378, -13078384.2861 8428662.1095, -13078243.9221 8428574.4225, -13078148.3037 8428439.2087, -13078112.2907 8428277.487, -13078126.5315 8428197.9093, -13078064.829 8428110.65339999, -13078028.8196 8427948.9384, -13078058.0062 8427785.8538, -13078147.849 8427646.7432, -13078284.3822 8427553.2253, -13078377.1906 8427534.0945, -13078141.7451 8427383.17849999, -13078003.2943 8427330.3674, -13077858.8549 8427297.3682, -13077711.2369 8427284.823, -13077526.6209 8427298.2382, -13077317.4237 8427345.4302, -13077154.1656 8427318.8791, -13076929.7516 8427210.9204, -13076754.1153 8427260.5119, -13076537.2572 8427225.2255, -13076481.9247 8427190.6399, -13076421.7807 8427105.5471, -13076346.9435 8427091.6896, -13076277.8241 8427041.8372, -13076161.2842 8426876.9432, -13076125.3228 8426715.2453, -13076154.5473 8426552.1948, -13076242.4466 8426396.8727, -13076305.3254 8426222.5136, -13076357.8743 8425856.6586, -13076438.3553 8425711.961, -13076568.41 8425609.666, -13076727.8267 8425565.668, -13076891.8328 8425586.8029, -13076942.6043 8425616.2441, -13077367.7662 8425524.4141, -13077530.0201 8425556.3457, -13077667.3475 8425648.6101, -13077758.4063 8425786.8708, -13077789.0425 8425949.644, -13077750.6868 8426129.4654, -13077708.0675 8426195.4486, -13078082.1507 8426275.78589999, -13078219.4985 8426368.0486, -13078391.8208 8426616.3168, -13078581.578 8426792.5996, -13078723.8837 8426879.4132, -13078925.4025 8426956.8909, -13079093.5793 8427054.3483, -13079267.0911 8427216.3884, -13079374.9917 8427197.371, -13079408.4557 8427133.7098, -13079359.5803 8427103.1864, -13079296.639 8427020.1712, -13079244.8867 8426843.7266, -13079262.8783 8426637.5581, -13079251.8944 8426468.7551, -13079273.2602 8426276.8788, -13079353.6878 8426132.1423, -13079483.7089 8426029.79, -13079643.1164 8425985.7263, -13079736.4618 8425995.111, -13079713.3988 8425918.0852, -13079605.5266 8425702.919, -13079465.3585 8425530.54739999, -13079255.9633 8425369.4696, -13078952.1108 8425314.6178, -13078796.3571 8425217.3319, -13078733.4387 8425134.333, -13078675.6522 8424970.0116, -13078450.3009 8424886.3165, -13078098.1023 8424825.569, -13077986.895 8424770.5907, -13077547.1615 8424484.7095, -13077375.4269 8424415.72349999, -13077164.2418 8424371.8364, -13077008.5316 8424274.5246, -13076945.6414 8424191.5207, -13076890.5499 8424016.6503, -13076818.4711 8423866.2479, -13076713.365 8423714.2114, -13076616.4877 8423536.8268, -13076512.4915 8423406.5245, -13076403.9541 8423305.6372, -13076266.4758 8423211.4833, -13076115.9889 8423140.0287, -13075959.2122 8423093.6937, -13075800.7184 8422994.6055, -13075737.8525 8422911.6051, -13075686.2152 8422735.2321, -13075704.6187 8422570.6925, -13075785.0771 8422426.0674, -13075915.084 8422323.82989999, -13076265.3469 8422223.4242, -13076464.5019 8422125.5274, -13076638.9787 8421988.2919, -13076791.3344 8421802.22469999, -13076870.4195 8421655.4542, -13076929.7578 8421481.8569, -13077047.5909 8421269.9671, -13077162.1694 8421107.4776, -13077233.4636 8420956.7732, -13077295.3853 8420705.277, -13077296.8691 8420464.6774, -13077266.1146 8420300.7937, -13077202.426 8420126.8931, -13077120.0872 8419981.9726, -13076971.4631 8419783.3219, -13076919.816 8419607.021, -13076925.5429 8419450.1581, -13076909.7065 8419302.7719, -13076848.0523 8419089.4045, -13076732.9401 8418878.2882, -13076559.48 8418686.2695, -13076441.0853 8418597.3556, -13076294.6286 8418518.1619, -13075954.9482 8418385.23179999, -13075793.7222 8418343.871, -13075646.5281 8418328.7219, -13075498.6619 8418334.2369, -13075091.9956 8418422.9999, -13074928.9423 8418396.4287, -13074788.8157 8418308.79469999, -13074693.3955 8418173.721, -13074657.511 8418012.2054, -13074686.7358 8417849.3526, -13074775.0452 8417705.1645, -13074834.9255 8417569.6416, -13074879.0418 8417408.91659999, -13074896.7469 8417261.7843, -13074878.1455 8417003.5522, -13074761.4929 8416589.3128, -13074779.9034 8416424.912, -13074860.3147 8416280.4177, -13074990.2271 8416178.2827, -13075149.4503 8416134.3773, -13075315.0414 8416155.75550001, -13075452.8995 8416217.1119, -13075595.1893 8416257.6266, -13075852.6969 8416279.5884, -13076090.037 8416243.4839, -13076381.0554 8416133.6481, -13076506.3112 8416054.8245, -13076814.1936 8415813.4781, -13076949.0427 8415686.8893, -13077039.8161 8415569.9082, -13077121.3741 8415424.6633, -13077179.242 8415268.4293, -13077213.3795 8415092.9935, -13077293.7285 8414948.4993, -13077423.5833 8414846.3404, -13077582.7627 8414802.3908, -13077748.4414 8414823.7248, -13077937.696 8414901.8362, -13078155.3594 8414943.6194, -13078413.5687 8414933.8949, -13078711.478 8414858.17, -13078877.2449 8414879.4895, -13079047.8869 8414951.5274, -13079246.4079 8414995.03019999, -13079523.1372 8414991.8284, -13079620.7386 8414967.6009, -13079614.644 8414806.0104, -13079543.3002 8414546.6305, -13079395.1221 8414290.1651, -13079378.7646 8413812.1195, -13079235.1002 8413788.793, -13079079.5883 8413691.6617, -13079016.7667 8413608.7934, -13078949.8434 8413380.5706, -13078951.0866 8413326.51959999, -13079027.8174 8413156.9366, -13078989.6327 8413026.7204, -13079007.941 8412862.3897, -13079088.2306 8412717.9202, -13079291.1479 8412570.4196, -13079333.4457 8412574.216, -13079379.2616 8412538.152, -13079431.3587 8412529.1938, -13079648.8385 8412557.1426, -13079710.7721 8412593.0273, -13079842.7931 8412582.2373, -13080003.6726 8412540.0633, -13080218.132 8412437.07509999, -13080395.7917 8412387.9507, -13080646.1217 8412377.5617, -13080943.319 8412301.936, -13081107.0405 8412322.9426, -13081249.9352 8412405.698, -13081349.7987 8412537.34529999, -13081391.1076 8412697.4256, -13081367.4387 8412861.0634, -13081282.4667 8413002.8236, -13081149.3958 8413100.6704, -13080871.7778 8413183.0448, -13080683.5426 8413293.2316, -13080826.2797 8413881.3608, -13080984.8024 8414815.699, -13081090.3293 8414967.8216, -13081338.9456 8415063.9398, -13081439.0193 8415036.2524, -13081690.3085 8415030.2701, -13081922.4905 8414969.3399, -13082126.2468 8414863.5146, -13082393.1847 8414763.7899, -13082617.9555 8414602.0877, -13082718.4629 8414493.4158, -13082802.8903 8414371.7909, -13082876.6186 8414222.43729999, -13082921.8525 8414081.4059, -13082948.7626 8413916.9926, -13082949.6639 8413750.3905, -13082869.8312 8413340.5062, -13082898.8568 8413177.7267, -13082988.4333 8413038.83519999, -13083124.6358 8412945.4163, -13083534.5415 8412855.6023, -13083672.3967 8412802.0574, -13083801.4684 8412729.814, -13083933.0543 8412627.955, -13084047.1091 8412506.7308, -13084256.631 8412160.5879, -13084386.3392 8412058.3463, -13084545.4151 8412014.2637, -13084977.0956 8412082.3825, -13085198.6304 8412081.5848, -13085450.0854 8412022.4717, -13085601.1437 8411952.84619999, -13085728.4876 8411868.9079, -13085887.8527 8411824.7137, -13086051.5765 8411845.6088, -13086194.5161 8411928.26210001, -13086301.6451 8412069.2906, -13086422.1057 8412305.8921, -13086578.6182 8412488.0512, -13087002.8211 8412788.0245, -13087116.7437 8412932.8154, -13087254.5103 8413056.10289999, -13087622.7337 8413277.5304, -13087723.0522 8413409.5395, -13087777.4133 8413560.0385, -13087847.3519 8413690.5433, -13088024.2032 8413903.7051, -13088154.7854 8414006.8965, -13088299.879 8414088.354, -13088455.9103 8414146.0702, -13088600.6844 8414176.2787, -13088803.7164 8414184.3252, -13088986.5789 8414157.8132, -13089162.0646 8414099.8932, -13089323.8527 8414012.9623, -13089493.2763 8413965.8887, -13089657.0563 8413986.7086, -13090015.4558 8414190.3978, -13090224.0132 8414265.4226, -13090462.0837 8414295.7723, -13090718.9117 8414267.60230001, -13090928.1196 8414194.4177, -13091132.1867 8414067.9133, -13091325.2541 8413869.3641, -13091505.4312 8413563.805, -13091635.0619 8413461.4168, -13091794.1221 8413417.169, -13091957.8963 8413437.9362, -13092100.9319 8413520.4911, -13092217.4986 8413673.6872, -13092319.7021 8413862.6966, -13092423.8377 8413992.60509999, -13092561.7119 8414115.8092, -13092869.0233 8414326.2603, -13093034.0456 8414409.5151, -13093192.9158 8414458.8716, -13093357.5395 8414482.7223, -13093523.8615 8414480.4798, -13093705.6734 8414447.4734, -13093862.2008 8414391.1061, -13094007.9952 8414310.90339999, -13094153.0446 8414196.2561, -13094253.3742 8414087.4346, -13094337.6049 8413965.6865, -13094404.0977 8413833.3825, -13094451.585 8413692.9969, -13094559.9305 8413497.022, -13094689.5164 8413394.5816, -13094848.5564 8413350.2683, -13095055.7448 8413376.4524, -13095215.5897 8413419.9525, -13095609.3207 8413485.4821, -13095748.47 8413578.47909999, -13095889.2571 8413737.7114, -13096050.6604 8413860.523, -13096151.6474 8413993.0962, -13096241.171 8414249.9205, -13096396.7375 8414500.2568, -13096427.7337 8414662.6988, -13096382.9632 8414875.2085, -13096315.9704 8415076.3745, -13096292.2255 8415241.2987, -13096294.5293 8415407.9171, -13096322.8272 8415572.1265, -13096399.7005 8415780.3569, -13096518.1208 8415968.0307, -13096672.9141 8416126.9418, -13096920.0103 8416299.0196, -13097041.2872 8416482.12439999, -13097053.5192 8416546.1973, -13097023.8772 8416785.1488, -13097029.9179 8416864.2439, -13097298.0995 8417010.10509999, -13097423.0207 8417178.2146, -13097573.6133 8417314.9777, -13097698.1152 8417395.0277, -13097832.53 8417456.9404, -13098010.4872 8417507.0241, -13098175.9206 8417525.0032, -13098342.1246 8417516.8346, -13098522.7227 8417477.3574, -13098660.551 8417423.4979, -13098789.5524 8417350.9468, -13099173.1431 8417046.9753, -13099332.2329 8417002.5423, -13099496.1059 8417023.15, -13099639.2941 8417105.5959, -13099739.5474 8417237.071, -13099781.2822 8417397.1439, -13099750.3671 8417614.722, -13099649.0052 8417814.5201, -13099599.5794 8417974.6518, -13099680.1529 8417990.2572, -13100099.703 8418293.5758, -13100066.6961 8418170.8165, -13100084.5444 8418006.3252, -13100164.4722 8417861.5299, -13100294.0546 8417758.9302, -13100453.1531 8417714.4685, -13100617.0445 8417735.0528, -13100807.2837 8417844.5503, -13101008.7254 8418036.7091, -13101130.1317 8418219.7869, -13101161.2489 8418382.2889, -13101142.2966 8418472.5401, -13101294.2699 8418487.6482, -13101461.9978 8418474.9168, -13101597.6522 8417882.59969999, -13101580.1671 8417453.0778, -13102148.2736 8416801.0916, -13101238.981 8416374.979, -13100938.92 8415493.8575, -13101887.7987 8414462.6375, -13102410.5536 8413515.0463, -13101140.387 8413136.9647, -13101833.3276 8412314.9268, -13101615.4052 8411827.779, -13100607.8887 8411405.903, -13100611.3858 8410678.3241, -13102750.6579 8410524.8196, -13103179.0407 8410507.2476, -13103394.0126 8409308.2404, -13104433.3978 8408901.8463, -13107285.6659 8410039.9662, -13110179.6256 8409786.7394, -13111897.4378 8410607.0813, -13113377.4135 8410478.292, -13113969.8889 8409659.6222, -13114245.4066 8409152.0074, -13115018.5395 8409482.71819999, -13116061.507 8409173.6739, -13116653.5784 8408354.9379, -13116094.1699 8407618.6719, -13116644.7243 8406603.5947, -13117932.2547 8405854.313, -13119831.0288 8403988.1527, -13119660.9458 8403103.5933, -13118388.5731 8403422.8173, -13116857.4346 8403933.1289, -13116288.8922 8403678.2028, -13114762.0136 8403446.1265, -13113509.7237 8403466.3528, -13113789.2359 8403058.0983, -13113768.7941 8403037.8405, -13111526.9887 8403434.3723, -13108084.5609 8403313.8847, -13103575.5662 8402970.8462, -13100133.4367 8402846.6361, -13100072.2931 8402790.1628, -13098132.2185 8402703.7244, -13097969.4382 8402677.7167, -13097813.9219 8402581.1278, -13097750.9883 8402498.5454, -13097698.9769 8402322.8187, -13097716.8444 8402158.6853, -13097805.4375 8401998.3234, -13097929.1508 8401893.6047, -13098710.2536 8401531.9106, -13097936.7945 8400817.1781, -13099456.0326 8399167.4067, -13098590.0775 8397349.7812, -13095994.6279 8398512.7887, -13090961.4379 8398183.29909999, -13089959.7933 8397783.6968, -13089929.4925 8397985.7565, -13089844.8534 8398127.3265, -13089700.0852 8398234.029, -13089474.9361 8398346.0141, -13089330.1213 8398460.3206, -13089207.3176 8398598.0801, -13089065.7559 8398813.3337, -13088762.7342 8399037.3432, -13088628.3913 8399163.8569, -13088527.8738 8399296.1795, -13088449.2558 8399442.6259, -13088378.1527 8399671.7266, -13088361.1992 8399929.4592, -13088412.6213 8400201.2704, -13088485.3638 8400371.02399999, -13088587.1177 8400533.1438, -13088617.8799 8400695.3151, -13088579.9117 8400874.5745, -13088523.7061 8400961.8656, -13088332.7404 8401102.5659, -13087948.955 8401180.2259, -13087732.8147 8401145.3841, -13087532.1292 8401043.7243, -13087318.2422 8400987.2099, -13087171.1373 8400974.8922, -13087023.7525 8400983.1992, -13086635.3079 8401075.5792, -13086419.2171 8401040.70579999, -13086367.6774 8401006.1642, -13086261.772 8400856.7369, -13086246.8824 8400775.8115, -13084490.1495 8400990.277, -13084265.0192 8401116.3065, -13084077.0052 8401293.1465, -13083945.4613 8401493.7135, -13083866.8883 8401700.8598, -13083780.8756 8402099.6287, -13083724.6036 8402186.8984, -13083533.5134 8402327.4985, -13083339.2773 8402406.2074, -13083108.0495 8402549.1643, -13082961.6158 8402683.9906, -13082645.5137 8402926.0294, -13082545.1607 8403034.5285, -13082460.8564 8403155.9625, -13082362.1826 8403374.7078, -13082313.7681 8403628.5399, -13082331.2318 8403952.9245, -13082400.2586 8404226.8615, -13082368.8805 8404443.984, -13082277.4112 8404596.6261, -13082158.4221 8404722.1745, -13082064.7652 8404859.6089, -13081987.3056 8405027.3858, -13081938.3753 8405216.652, -13081853.2327 8405358.7176, -13081538.0078 8405591.2475, -13081403.4212 8405717.7442, -13081292.8037 8405865.7301, -13081203.9595 8406037.9293, -13080991.3545 8406308.9931, -13080888.7984 8406526.053, -13080787.6739 8406965.383, -13080731.3297 8407052.6881, -13080540.0561 8407193.3054, -13080282.9342 8407268.5346, -13080101.5236 8407359.7981, -13079594.5895 8407729.1788, -13079457.7469 8407853.304, -13079354.6559 8407983.87780001, -13079259.9824 8408158.9208, -13078969.09 8408591.1122, -13078886.7034 8408796.9978, -13078838.0096 8409068.3347, -13078753.0311 8409209.9933, -13078576.311 8409339.8394, -13078296.8005 8409422.9381, -13078058.8969 8409564.1616, -13077779.7699 8409833.4466, -13077546.5021 8410180.2213, -13077355.0867 8410320.8167, -13077061.7104 8410353.3948, -13076900.1521 8410392.6731, -13076714.1049 8410474.2515, -13076561.2506 8410578.0715, -13076440.9313 8410692.9987, -13076331.0155 8410839.62740001, -13075961.3024 8411093.7536, -13075802.3203 8411248.2608, -13075715.7077 8411368.259, -13075646.6078 8411499.1651, -13075596.3663 8411638.4326, -13075564.1894 8411795.3414, -13075479.1168 8411937.0154, -13075345.9869 8412034.7437, -13075185.4914 8412073.3335, -13074953.1005 8412038.5864, -13074768.3818 8412038.9942, -13074604.4351 8412066.8439, -13074422.7299 8412130.757, -13074206.9376 8412182.613, -13073989.2437 8412148.9654, -13073841.4784 8412144.10419999, -13073694.4752 8412159.8869, -13073533.5662 8412201.9208, -13073220.3726 8412351.3855, -13073100.9309 8412438.672, -13072994.7763 8412541.7598, -13072893.7956 8412674.1133, -13072814.7251 8412820.6625, -13072764.4211 8412959.9362, -13072719.3619 8413159.3879, -13072662.8748 8413246.7059, -13072515.0192 8413355.15690001, -13072347.092 8413395.4656, -13072178.6697 8413394.1212, -13071996.2433 8413423.406, -13071838.6138 8413476.5539, -13071679.081 8413561.5233, -13071513.9702 8413601.1361, -13071163.0989 8413548.4934, -13070905.13 8413562.4726, -13070692.2279 8413624.0058, -13070512.1553 8413718.2765, -13070340.1691 8413858.2401, -13070200.9857 8414030.9641, -13070107.4431 8414211.6505, -13070048.1678 8414417.0779, -13069962.0251 8414560.2919, -13069828.7738 8414657.9562, -13069489.8526 8414742.7405, -13069287.5217 8414833.3312, -13068978.1258 8415048.3829, -13068807.1614 8415217.1421, -13068704.0326 8415370.75, -13068629.0961 8415539.9652, -13068584.6302 8415719.6479, -13068534.4661 8416129.9585, -13068449.2083 8416271.6363, -13068315.906 8416369.2964, -13068155.2779 8416407.7567, -13067843.4645 8416357.5561, -13067618.5242 8416354.2787, -13067176.1844 8416286.4433, -13066877.3347 8416304.97119999, -13066477.5272 8416242.4776, -13066250.0817 8416247.3603, -13065766.5654 8416172.6768, -13065500.2318 8416186.7216, -13065095.1511 8416124.8788, -13064848.9758 8416136.646, -13064329.1623 8416036.8842, -13064045.7171 8416055.4897, -13063706.5397 8416006.3294, -13063449.7514 8416024.3746, -13062947.312 8415923.2712, -13062660.1937 8415937.4971, -13062362.9393 8415893.2568, -13062215.0163 8415893.3311, -13062065.2837 8415914.7485, -13061901.687 8415887.79, -13061746.355 8415790.2619, -13061683.7086 8415707.2199, -13061632.459 8415530.9158, -13061653.2194 8415348.4744, -13061709.2744 8415239.8947, -13061861.8978 8415120.3455, -13062036.2077 8415072.6152, -13062227.6423 8415059.7971, -13062424.3667 8415008.72909999, -13062623.5158 8414911.3032, -13062798.0847 8414774.52929999, -13062940.443 8414604.3888, -13063044.3697 8414408.3218, -13063101.9645 8414213.12479999, -13063135.101 8413950.02319999, -13063215.7158 8413805.7018, -13063277.5366 8413757.2582, -13063111.7463 8413710.3923, -13062862.6078 8413597.2691, -13062608.1573 8413552.4739, -13062368.6342 8413567.2747, -13061795.2713 8413702.6058, -13061555.767 8413799.6498, -13061333.3918 8413964.6073, -13061180.8022 8414150.1593, -13060962.6149 8414533.9041, -13060829.2428 8414631.40609999, -13060668.6118 8414669.6937, -13060470.8915 8414637.0726, -13060224.0073 8414566.4166, -13059984.2215 8414555.9785, -13059730.5902 8414605.4066, -13059496.4245 8414714.8218, -13059348.8552 8414826.2353, -13059222.8374 8414961.6244, -13059135.0243 8415105.1877, -13059166.3142 8415123.43389999, -13059265.8237 8415255.4338, -13059306.6698 8415415.702, -13059282.5015 8415579.3342, -13059197.0709 8415720.896, -13059063.654 8415818.3821, -13058902.9871 8415856.6376, -13058740.0456 8415829.715, -13058584.7563 8415732.1205, -13058522.1455 8415649.0515, -13058511.1684 8415611.229, -13058342.9038 8415585.1048, -13058059.5898 8415598.4445, -13057720.0277 8415543.2142, -13057572.3143 8415535.44039999, -13057388.5116 8415554.7629, -13057090.4875 8415629.98489999, -13056858.19 8415743.4102, -13056660.1782 8415909.756, -13056536.4026 8416071.2432, -13056327.1762 8416443.9709, -13056193.7075 8416541.415, -13056033.0097 8416579.6118, -13055711.3598 8416527.2535, -13055456.2658 8416526.76519999, -13055113.7314 8416473.1272, -13054947.3459 8416471.5921, -13054769.4614 8416499.2822, -13054330.8081 8416435.4332, -13054127.915 8416447.7423, -13053886.9083 8416507.0525, -13053670.1483 8416610.4406, -13053482.155 8416760.0186, -13053342.5189 8416932.4956, -13053124.4294 8417312.1905, -13052990.9021 8417409.5885, -13052830.168 8417447.7201, -13052463.3573 8417401.1592, -13052315.7533 8417411.3728, -13052161.0993 8417443.2585, -13051648.075 8417372.3599, -13051500.4703 8417382.5571, -13051355.7179 8417413.2294, -13051117.6746 8417514.16130001, -13050897.8548 8417682.7578, -13050738.4898 8417886.6341, -13050629.8986 8418133.8305, -13050568.7098 8418227.7981, -13050420.4251 8418335.8815, -13050259.657 8418373.962, -13049995.5379 8418336.648, -13049792.4026 8418345.2914, -13049408.1615 8418432.6269, -13049202.4619 8418515.5725, -13049032.7677 8418627.7649, -13048899.599 8418756.244, -13048790.7217 8418905.9354, -13048583.6172 8419276.5501, -13048449.9937 8419373.89239999, -13048289.1923 8419411.9355, -13048073.6358 8419375.9998, -13047881.1837 8419322.571, -13047486.0984 8419270.9805, -13047301.8693 8419286.8431, -13046985.0134 8419359.9304, -13046727.1934 8419461.184, -13046504.3118 8419625.8239, -13046341.2555 8419826.8404, -13046203.4642 8420098.4261, -13046271.8062 8420138.7873, -13046371.1549 8420271.0531, -13046411.7502 8420431.5045, -13046387.2797 8420595.2084, -13046301.5425 8420736.7194, -13046154.1305 8420844.0366, -13045903.4732 8420973.40559999, -13045699.8778 8421159.3896, -13045533.319 8421280.6247, -13045372.4604 8421318.61429999, -13045155.9183 8421282.42639999, -13044827.7062 8421057.3313, -13044644.2905 8420969.2764, -13044447.4743 8420917.8904, -13044262.9997 8420904.6108, -13044060.8711 8420927.2782, -13043866.7712 8420988.1567, -13043718.9315 8421064.869, -13043500.5195 8421220.3857, -13043339.6508 8421258.3306, -13043176.6424 8421231.04339999, -13043036.8335 8421142.7667, -13042962.15 8421046.6869, -13042889.4369 8421134.6615, -13042779.6359 8421369.21589999, -13042699.5395 8421710.7717, -13042642.6296 8421797.9638, -13042494.1557 8421905.9413, -13042333.267 8421943.8678, -13042041.8221 8421895.9579, -13041893.9945 8421887.8631, -13041691.8263 8421910.4965, -13041345.6261 8421857.2154, -13041197.5789 8421856.8675, -13041051.625 8421877.0173, -13040774.7334 8421835.3031, -13040478.666 8421852.3636, -13040262.1309 8421816.0289, -13040106.9552 8421717.9632, -13040044.4999 8421634.6679, -13040017.3515 8421549.0409, -13039637.2082 8421289.3339, -13039467.1385 8421216.5032, -13039280.2533 8421172.9111, -13039140.4915 8421084.5604, -13039045.6844 8420948.9671, -13038941.4331 8420477.8989, -13038890.1438 8420411.0156, -13038851.3077 8420275.8609, -13038800.65 8420189.1863, -13038695.1026 8420060.2266, -13038570.7182 8419949.3932, -13038430.5597 8419859.4137, -13038199.182 8419736.7471, -13038152.9017 8419727.3813, -13038081.8017 8419684.5198, -13038051.2163 8419640.7634, -13037922.1136 8419612.2655, -13037782.3976 8419523.9068, -13037687.6357 8419388.3243, -13037652.5548 8419226.5941, -13037682.6034 8419063.85459999, -13037773.1077 8418925.3962, -13037909.9991 8418832.736, -13038088.2087 8418803.5497, -13038130.0896 8418595.0633, -13038193.5502 8418490.5831, -13038327.1463 8418400.1426, -13038383.9473 8418200.0643, -13038474.428 8418061.6136, -13038528.1218 8418025.2618, -13038499.9303 8417694.8877, -13038360.2441 8417606.56270001, -13038265.4967 8417471.0227, -13038230.4127 8417309.3371, -13038260.4411 8417146.6378, -13038350.9114 8417008.2085, -13038487.7601 8416915.56189999, -13038649.7212 8416883.0924, -13038811.6244 8416915.8451, -13038948.3116 8417008.7312, -13039038.5402 8417147.3177, -13039412.216 8417458.8633, -13039644.8345 8417505.895, -13039706.5162 8417553.6646, -13039808.9922 8417692.9709, -13039906.4083 8418034.954, -13040042.1425 8418276.6898, -13040138.9433 8418388.8007, -13040250.3818 8418486.3258, -13040374.2886 8418567.3654, -13040508.2517 8418630.3412, -13040745.0141 8418696.5993, -13040909.5726 8418721.6405, -13041187.0503 8418705.5233, -13041577.111 8418753.1342, -13041937.4137 8418741.2154, -13042189.8897 8418787.0195, -13042433.8474 8418776.3951, -13042666.1626 8418807.4381, -13042876.6409 8418941.887, -13042879.867 8418854.6831, -13042822.2783 8418548.3028, -13042852.2096 8418385.559, -13042942.6084 8418247.0505, -13043079.421 8418154.3033, -13043246.8574 8418122.82989999, -13043171.7341 8418031.606, -13043120.9093 8417855.1128, -13043140.0295 8417690.7566, -13043221.0782 8417546.578, -13043351.4566 8417444.9811, -13043510.902 8417401.7523, -13043674.6379 8417423.60809999, -13043817.2183 8417507.1522, -13043916.4875 8417639.4051, -13043957.0143 8417799.8137, -13043932.4973 8417963.4517, -13043846.7428 8418104.8838, -13043713.077 8418202.125, -13043604.9523 8418227.6322, -13043715.9756 8418255.5994, -13043894.1866 8418273.1674, -13044060.332 8418263.31979999, -13044524.9063 8418134.5063, -13044770.7422 8418006.9096, -13044899.3601 8417901.111, -13045020.9058 8417761.5768, -13045270.4041 8417332.4192, -13045497.431 8417150.28279999, -13045643.1753 8416982.9409, -13045750.9948 8416788.906, -13045799.4041 8416648.8723, -13045828.3905 8416499.2459, -13045909.397 8416355.0195, -13046054.0644 8416242.2031, -13046285.3832 8416171.5002, -13046234.1782 8416085.0033, -13046209.4613 8416005.6983, -13046234.7621 8415787.42319999, -13046354.6569 8415539.2701, -13046393.779 8415356.4025, -13046105.1329 8415047.3193, -13045863.8507 8414853.6939, -13045499.7624 8414714.3239, -13045339.0461 8414752.2775, -13045176.1755 8414725.0572, -13045036.4674 8414636.8949, -13044941.6369 8414501.4963, -13044906.4217 8414339.9091, -13044936.2911 8414177.2495, -13045026.5993 8414038.7954, -13045163.3079 8413946.0633, -13045325.1726 8413913.4607, -13045487.0389 8413946.0537, -13045578.5478 8414008.11829999, -13045733.2935 8413950.6755, -13046243.7474 8414168.9292, -13046849.0427 8414329.8251, -13047022.6963 8414404.5692, -13047143.1078 8414550.9753, -13047192.6873 8414820.5807, -13047211.7681 8415031.4031, -13047276.0951 8415243.3307, -13047314.16 8415213.6356, -13047779.1052 8415067.46, -13047723.0091 8414816.8395, -13047672.6294 8414677.5474, -13047601.5724 8414541.3016, -13047554.7171 8414326.6748, -13047584.5279 8414164.0059, -13047674.786 8414025.5202, -13047811.4605 8413932.7393, -13048260.5628 8413837.0698, -13048519.6103 8413717.967, -13048691.4336 8413671.25330001, -13048855.1 8413692.9834, -13049129.0438 8413846.0226, -13049376.0246 8413922.0037, -13049652.4671 8413934.4374, -13049912.3748 8413878.41709999, -13049731.131 8414016.4383, -13049883.8419 8413928.3668, -13050010.4515 8413820.309, -13050118.623 8413693.7424, -13050371.0535 8413258.6517, -13050501.2568 8413156.9887, -13050656.0024 8413113.0157, -13050761.1886 8413035.1462, -13050710.1962 8413020.9353, -13050555.0709 8412923.2064, -13050492.5741 8412840.0991, -13050294.0431 8412206.9824, -13050319.211 8411988.8065, -13050396.1565 8411851.6161, -13050348.7009 8411861.5417, -13050185.8768 8411834.4426, -13050030.7835 8411736.7179, -13049968.3027 8411653.61949999, -13049917.3615 8411477.32680001, -13049936.3151 8411313.0966, -13050017.1611 8411168.9699, -13050227.5853 8410997.3138, -13050282.8813 8410931.4567, -13050264.7146 8410868.5971, -13050283.659 8410704.3797, -13050429.5617 8410423.16439999, -13050405.8416 8410314.7086, -13050435.5741 8410152.1172, -13050525.73 8410013.67279999, -13050662.2943 8409920.89050001, -13051038.8864 8409840.5437, -13051120.0966 8409728.91749999, -13051207.0972 8409536.1515, -13051312.7541 8409373.866, -13051449.2965 8409281.07729999, -13051611.0298 8409248.3584, -13051772.8192 8409280.793, -13051909.5242 8409373.342, -13051999.8994 8409511.6245, -13052037.2853 8409714.1823, -13052108.9967 8409809.5022, -13052149.6563 8409969.6943, -13052125.3454 8410133.184, -13052039.8384 8410274.5592, -13051978.9212 8410307.71679999, -13051986.2601 8410340.6038, -13052385.9672 8410525.69879999, -13052925.6278 8410609.6748, -13053102.2244 8410701.5246, -13053278.8065 8410755.7456, -13053425.1753 8410776.4589, -13053580.9171 8410775.9439, -13053763.1393 8410812.42319999, -13053899.8975 8410904.9537, -13053990.329 8411043.2401, -13054098.2147 8411555.0823, -13054184.0217 8411404.7231, -13054247.7458 8411250.88400001, -13054286.6579 8411088.9568, -13054299.6511 8410904.4059, -13054283.8136 8410738.6187, -13054228.5497 8410482.1478, -13054258.1983 8410319.5383, -13054348.2841 8410181.0442, -13054484.8023 8410088.1892, -13054646.5388 8410055.3998, -13054815.1155 8410089.1224, -13054981.5372 8410166.8694, -13055159.8996 8410214.8354, -13055343.8688 8410231.0438, -13055527.8521 8410215.0019, -13056053.4335 8410108.3314, -13056212.0044 8410058.3104, -13056422.8385 8409943.7318, -13056614.7859 8409770.713, -13056703.7666 8409652.5004, -13056775.4545 8409523.0352, -13056890.5756 8409259.7596, -13056941.5151 8409081.9742, -13056959.5863 8408823.9836, -13056937.9293 8408658.9061, -13056886.1692 8408470.1421, -13056904.9604 8408305.9628, -13056985.6372 8408161.8198, -13057115.6585 8408060.1119, -13057274.8176 8408016.6428, -13057438.3819 8408038.1663, -13057593.1694 8408118.7675, -13057768.7519 8408175.9404, -13057951.5799 8408201.6994, -13058117.7283 8408197.356, -13058263.2546 8408171.6629, -13058803.5479 8408026.2027, -13058972.2068 8407950.9794, -13059110.7928 8407859.0876, -13059245.8051 8407732.9582, -13059356.8963 8407585.262, -13059513.052 8407302.5126, -13059580.7956 8407110.8186, -13059608.2031 8406946.6405, -13059609.6327 8406780.1926, -13059589.0536 8406633.6473, -13059531.2505 8406424.3245, -13059549.9781 8406260.18419999, -13059615.2553 8406126.043, -13059660.8877 8405985.30479999, -13059691.6662 8405765.727, -13059676.1967 8405544.5444, -13059615.9164 8405314.6627, -13059634.6395 8405150.5467, -13059715.2287 8405006.4365, -13059845.1572 8404904.7246, -13060004.2311 8404861.2158, -13060167.7328 8404882.6703, -13060310.2518 8404965.7537, -13060431.4608 8405126.4919, -13060517.1952 8405384.5934, -13060588.7588 8405534.7857, -13060671.3928 8405657.4333, -13060770.2662 8405767.3677, -13060883.4545 8405862.4485, -13061008.7545 8405940.8235, -13061284.3197 8406042.8803, -13061542.6559 8406173.9915, -13061739.1909 8406224.821, -13061941.7986 8406237.1473, -13062088.7116 8406221.6134, -13062472.9703 8406143.6514, -13062635.6432 8406176.014, -13062775.3927 8406251.3258, -13062914.242 8406301.8596, -13063169.1843 8406342.1522, -13063408.1767 8406323.1616, -13063745.4607 8406233.772, -13063909.0027 8406255.1467, -13064051.5898 8406338.1721, -13064151.0654 8406469.9495, -13064191.9665 8406629.9996, -13064167.9333 8406793.4519, -13064082.6968 8406934.89999999, -13063949.5029 8407032.3564, -13063789.054 8407070.6707, -13063626.2898 8407043.886, -13063450.8051 8406953.1766, -13063256.1288 8406895.5479, -13063054.0529 8406876.1811, -13062852.0001 8406895.7872, -13062303.9456 8407026.068, -13062113.8316 8407097.3716, -13061883.3621 8407250.3212, -13061778.9308 8407355.0172, -13061690.0595 8407473.2532, -13061510.6546 8407829.7585, -13061441.5278 8408097.9196, -13061441.6243 8408356.5171, -13061514.8588 8408678.4038, -13061494.6212 8408861.2677, -13061504.3553 8409045.9664, -13061558.0138 8409261.1855, -13061665.1167 8409476.1469, -13061817.7566 8409661.4674, -13062008.1102 8409807.643, -13062174.1262 8409888.6548, -13062351.6667 8409939.5552, -13062535.3353 8409958.7968, -13062719.549 8409945.7939, -13062863.5455 8409912.4086, -13063001.5002 8409859.272, -13063146.1394 8409777.187, -13063361.4394 8409611.759, -13063520.5933 8409568.1455, -13063684.2079 8409589.5338, -13063872.1433 8409683.1445, -13064067.8726 8409737.3642, -13064270.3355 8409753.1728, -13064472.089 8409729.9886, -13065004.2664 8409582.079, -13065155.4726 8409512.8953, -13065279.3511 8409432.1555, -13065403.7499 8409321.7103, -13065509.3651 8409193.1324, -13065593.5963 8409049.5894, -13065650.0221 8408908.4777, -13065752.5761 8408750.2808, -13065888.9217 8408657.2341, -13066050.5733 8408624.201, -13066212.4085 8408656.3143, -13066349.2797 8408748.5846, -13066439.9157 8408886.6745, -13066470.2283 8409049.1269, -13066427.6128 8409247.3998, -13066347.6344 8409464.90259999, -13066317.0404 8409684.6159, -13066329.6485 8409887.6422, -13066387.3774 8410131.63899999, -13066363.3824 8410295.1752, -13066278.1487 8410436.7158, -13066144.9216 8410534.2585, -13065984.4086 8410572.6397, -13065819.6748 8410545.5524, -13065686.6869 8410480.7326, -13065546.065 8410435.1121, -13065308.2133 8410403.9684, -13065123.9935 8410417.0371, -13064740.3665 8410505.536, -13064562.7307 8410515.5407, -13064382.8126 8410557.2977, -13064148.8455 8410666.799, -13063961.2181 8410816.5204, -13063802.3638 8411020.48439999, -13063697.4816 8411256.89, -13063657.1215 8411456.2959, -13063655.487 8411659.7576, -13063775.9483 8412187.7043, -13063751.8305 8412351.6772, -13063665.0256 8412541.4816, -13063617.7338 8412739.3893, -13063609.0092 8412942.7052, -13063639.1758 8413143.9585, -13063702.9501 8413388.94, -13063756.0391 8413527.1871, -13063815.6837 8413630.50079999, -13063931.4897 8413603.6329, -13064148.0141 8413499.9869, -13064322.5211 8413363.2035, -13064454.3515 8413208.3456, -13064561.6183 8413014.1406, -13064622.5541 8412820.0046, -13064659.1158 8412540.4427, -13064739.6852 8412396.133, -13064869.6722 8412294.2298, -13065028.8742 8412250.5671, -13065305.8129 8412261.4393, -13065558.4208 8412207.4114, -13065759.1203 8412113.433, -13065935.9214 8411979.7083, -13066081.0958 8411812.0852, -13066188.2997 8411617.8939, -13066249.1813 8411423.7816, -13066286.6557 8411135.598, -13066367.1782 8410991.2981, -13066497.1174 8410889.3862, -13066656.2795 8410845.697, -13066819.9315 8410867.0187, -13067021.4389 8410980.9295, -13067176.2056 8411041.79070001, -13067338.5736 8411077.6479, -13067523.029 8411087.1102, -13067706.3217 8411064.3399, -13068155.316 8410942.7886, -13068308.1487 8410916.174, -13068532.7344 8410831.7234, -13068659.3373 8410755.2917, -13068774.0859 8410661.95369999, -13068874.7464 8410553.5273, -13068959.3597 8410432.1242, -13069069.2875 8410177.9057, -13069141.3383 8409807.5413, -13069231.1356 8409668.8783, -13069367.4536 8409575.7558, -13069591.5268 8409517.8845, -13069774.6818 8409430.03989999, -13069937.7331 8409308.8013, -13070074.6886 8409158.6259, -13070172.2924 8409001.6216, -13070241.1923 8408830.0283, -13070274.2087 8408685.7437, -13070307.5969 8408398.0818, -13070388.0109 8408253.79249999, -13070517.846 8408151.8483, -13070676.9243 8408108.0893, -13070840.5256 8408129.3141, -13071007.9733 8408210.79, -13071203.7136 8408264.8086, -13071387.6641 8408280.6112, -13071571.5588 8408264.1729, -13071794.6363 8408205.0729, -13071985.0047 8408116.9859, -13072207.9827 8408069.1767, -13072364.5447 8408013.3156, -13072570.9285 8407891.0202, -13072732.573 8407739.4557, -13072821.2687 8407621.0841, -13072900.2846 8407474.6384, -13072950.5499 8407335.4675, -13072983.3649 8407172.2861, -13072990.811 8407024.4816, -13072974.5631 8406858.827, -13072938.5445 8406715.306, -13072874.6594 8406561.6537, -13072798.3289 8406434.9561, -13072705.1407 8406320.1333, -13072491.5152 8406144.4151, -13072239.7746 8406030.0618, -13071930.0754 8405969.9407, -13071774.8244 8405872.7547, -13071712.1516 8405789.9096, -13071660.7349 8405613.9136, -13071679.1902 8405449.7641, -13071857.6975 8405106.7267, -13071900.6292 8404965.1628, -13071923.4733 8404818.9945, -13071925.7861 8404671.0668, -13071907.5241 8404524.2592, -13071819.6084 8404262.4041, -13071776.2361 8404066.8028, -13071805.4729 8403904.2684, -13071924.5929 8403720.1826, -13071993.9626 8403674.9027, -13072181.5016 8403629.8988, -13072377.2988 8403627.2048, -13072558.3515 8403591.6014, -13072730.4787 8403525.04299999, -13072903.2776 8403418.5177, -13073088.5108 8403238.6436, -13073216.8709 8403035.9448, -13073296.4153 8402809.5235, -13073334.6417 8402529.3697, -13073414.9335 8402385.1633, -13073484.9485 8402330.1438, -13072517.0329 8402436.788, -13072413.8924 8402567.1694, -13072340.3018 8402695.3942, -13072284.2484 8402835.8046, -13072180.217 8403008.8708, -13072047.2022 8403106.42, -13071886.8827 8403144.8891, -13071723.8358 8403118.2414, -13071587.0825 8403048.224, -13071429.4892 8402995.7093, -13071154.9117 8402964.8471, -13070971.4617 8402984.4718, -13070642.2598 8403062.4785, -13070479.5618 8403035.8594, -13070271.2005 8402933.1698, -13070038.1061 8402877.497, -13069761.8229 8402880.3313, -13069344.2007 8402975.61420001, -13069181.509 8402948.9667, -13069041.7449 8402861.4016, -13068940.4594 8402717.7788, -13068910.9521 8402565.3227, -13068950.8751 8402343.8779, -13069001.868 8402165.1816, -13069020.8951 8401981.3854, -13069007.7711 8401797.0762, -13068933.279 8401451.7851, -13068968.3394 8401257.3117, -13069038.159 8401042.6075, -13069060.8391 8400840.707, -13069033.5236 8400583.8282, -13068940.8018 8400315.0905, -13068856.3423 8400171.9153, -13068750.5664 8400043.7386, -13068626.0789 8399933.7144, -13068469.5553 8399836.0319, -13068316.0964 8399772.5947, -13068136.3563 8399731.2717, -13067952.1844 8399721.836, -13067779.4843 8399742.4597, -13067615.2227 8399715.51829999, -13067460.16 8399618.3209, -13067397.5892 8399535.50779999, -13067372.4385 8399449.2282, -13067341.0003 8399497.7465, -13067149.662 8399637.8725, -13066888.6406 8399685.47739999, -13067191.5508 8399685.7892, -13067045.2803 8399792.9061, -13066885.0052 8399831.2483, -13066596.8114 8399786.24669999, -13065985.0353 8400218.9974, -13065880.1903 8400324.58649999, -13065801.1501 8400633.0492, -13065744.2625 8400720.8021, -13065552.0011 8400911.3971, -13065423.9018 8401109.4492, -13065290.8298 8401206.85189999, -13065130.5145 8401245.1636, -13064770.3676 8401187.8124, -13064567.5327 8401186.2021, -13064332.803 8401234.2279, -13064114.8694 8401333.9087, -13063951.8957 8401454.8866, -13063814.9554 8401604.7914, -13063512.3723 8402131.3456, -13063459.791 8402169.7994, -13063196.8002 8402272.8528, -13062892.6322 8402485.2637, -13062716.6097 8402563.0473, -13062563.7178 8402666.4656, -13062373.629 8402867.3176, -13062146.6219 8403236.4922, -13062013.4678 8403333.8645, -13061853.0885 8403372.1166, -13061478.8541 8403312.27970001, -13061294.3768 8403309.1206, -13061186.424 8403327.2538, -13061144.1037 8403420.355, -13061084.3823 8403690.6051, -13061082.9858 8403856.9833, -13061105.0624 8404025.3705, -13061073.0571 8404242.4022, -13060950.6569 8404443.0413, -13060907.2696 8404468.5784, -13060694.1896 8404519.3657, -13060524.2298 8404491.3226, -13060338.1491 8404414.3179, -13060157.6419 8404375.92409999, -13059954.7801 8404370.6396, -13059755.713 8404403.5217, -13059303.6843 8404317.8169, -13059027.3386 8404320.2488, -13058761.0334 8404394.2323, -13058522.91 8404534.7296, -13058340.4417 8404717.4902, -13058152.4015 8405014.3788, -13058019.1626 8405111.7028, -13057807.4991 8405162.0648, -13057773.2458 8405156.3996, -13057722.8055 8405193.24, -13057455.374 8405209.1998, -13057292.5648 8405242.3484, -13057120.2544 8405308.5625, -13056947.1794 8405414.7467, -13056809.9937 8405538.4148, -13056696.3263 8405684.067, -13056617.0054 8405830.3062, -13056556.8887 8406005.0035, -13056464.7823 8406157.4949, -13056331.5003 8406254.8039, -13056171.0264 8406292.948, -13056008.3058 8406265.9971, -13055853.2546 8406168.4682, -13055790.7567 8406085.482, -13055695.1323 8405760.0243, -13055620.1331 8405591.10059999, -13055505.2453 8405423.5027, -13055360.5484 8405280.9428, -13055266.5901 8405223.2082, -13055143.5407 8405409.3015, -13054995.5799 8405517.28630001, -13054835.1147 8405555.3973, -13054672.415 8405528.41929999, -13054532.771 8405440.5464, -13054406.7342 8405261.0774, -13054322.8378 8404954.3193, -13054287.3902 8404962.7352, -13054124.7054 8404935.747, -13053969.707 8404838.1955, -13053944.1356 8404804.2229, -13053904.2839 8404797.6103, -13053749.2913 8404700.0559, -13053686.8295 8404617.0679, -13053635.8503 8404440.9691, -13053654.7047 8404276.8866, -13053860.2975 8403886.9821, -13053776.159 8403634.5527, -13053795.0084 8403470.4878, -13053875.6945 8403326.4731, -13053993.3181 8403234.5446, -13054100.9509 8403069.0901, -13054279.9961 8402954.1636, -13054518.8439 8402768.2882, -13054677.9048 8402724.9075, -13054841.3446 8402746.4748, -13054918.6016 8402791.5888, -13054983.2643 8402744.3069, -13055159.2943 8402555.4096, -13055288.1945 8402316.3353, -13055253.8114 8402166.6176, -13055139.9528 8401976.5977, -13055002.9748 8401826.7099, -13054904.5911 8401753.7083, -13054857.4441 8401747.1938, -13054776.9343 8401880.4151, -13054643.7063 8401977.6367, -13054483.3161 8402015.721, -13054320.6958 8401988.7471, -13054165.7568 8401891.2377, -13054103.3148 8401808.2847, -13054052.346 8401632.2557, -13054077.9024 8401413.4299, -13053992.5313 8401141.109, -13053882.0491 8400949.1348, -13053720.318 8400772.09889999, -13053406.5815 8400559.5562, -13053344.1593 8400476.6115, -13053293.2179 8400300.6084, -13053312.0704 8400136.6187, -13053392.7303 8399992.6744, -13053522.6594 8399891.1432, -13053681.6647 8399847.8015, -13053731.7372 8399854.41659999, -13053759.059 8399823.2696, -13055458.93 8400027.3424, -13055616.8624 8399985.4491, -13055779.4299 8399907.7811, -13056451.7909 8399540.5956, -13056856.5092 8399297.7515, -13057005.8326 8399241.6453, -13057157.9043 8399215.9074, -13057310.9658 8399218.2408, -13057978.696 8399362.3396, -13058125.7357 8399377.0468, -13058350.2958 8399357.2295, -13058568.9446 8399273.753, -13058687.4136 8399171.7065, -13058780.0311 8399038.733, -13059132.6321 8398325.51659999, -13059318.2377 8397914.1212, -13059453.4996 8397685.1354, -13059561.6143 8397548.0842, -13059747.5456 8397366.0368, -13060211.8441 8396977.30479999, -13060756.3739 8396565.7339, -13060879.0964 8396447.0574, -13060980.8395 8396305.803, -13061061.3591 8396143.6109, -13061119.12 8395966.257, -13061135.716 8395777.1309, -13061097.9027 8395592.965, -13061003.6569 8395434.3442, -13060859.322 8395321.2911, -13060777.9483 8395285.6909, -13060693.5341 8395261.5968, -13060524.1125 8395255.4141, -13060441.5225 8395272.0022, -13060056.5909 8395422.9251, -13059885.8581 8395472.1885, -13059695.6945 8395491.8676, -13059497.4743 8395478.807, -13059195.2448 8395401.9642, -13058381.1811 8395083.9091, -13058080.9097 8394932.528, -13057806.8951 8394740.6168, -13057731.7664 8394660.1676, -13057614.1206 8394480.5119, -13057546.6934 8394283.858, -13057536.8842 8394166.2259, -13057363.3726 8394133.6657, -13057208.5605 8394036.3224, -13057146.1518 8393953.48269999, -13057074.9958 8393716.399, -13056997.1638 8393549.0983, -13056879.5382 8393383.8236, -13056732.5963 8393244.0675, -13056594.3091 8393152.3231, -13056443.3994 8393083.3755, -13056283.5823 8393038.9209, -13055911.7114 8392976.88579999, -13055756.9426 8392879.5269, -13055694.5602 8392796.6877, -13055643.6183 8392620.88369999, -13055662.4179 8392456.9109, -13055487.5938 8392476.8507, -13055323.9237 8392449.7231, -13055169.1734 8392352.3583, -13055106.8021 8392269.5199, -13055055.8779 8392093.7241, -13055082.8785 8391858.3875, -13055150.211 8391702.7725, -13055186.4812 8391567.4547, -13055073.9667 8391495.9377, -13054894.2265 8391464.4652, -13054754.8479 8391376.7604, -13054741.3557 8391346.0558, -13054696.8212 8391380.9024, -13054565.9144 8391411.8438, -13054399.792 8391377.898, -13054245.2701 8391297.284, -13054195.5212 8391193.2427, -13054104.4657 8390846.08259999, -13053915.0224 8390515.5309, -13053793.0706 8390228.9351, -13053858.5862 8390013.7997, -13053751.6121 8389853.8478, -13053331.3277 8389574.8322, -13053269.0004 8389492.0086, -13053218.1396 8389316.2651, -13053236.9685 8389152.5189, -13053343.9574 8388961.5985, -13053510.9896 8388795.747, -13053619.3337 8388646.6001, -13053700.1728 8388480.8759, -13053755.9509 8388284.2706, -13053885.0039 8388085.9108, -13054021.1228 8387993.3459, -13054182.379 8387960.67, -13054343.7116 8387992.96019999, -13054480.0509 8388085.1995, -13054627.8212 8388277.343, -13054796.9099 8388419.6301, -13055043.635 8388543.018, -13055320.8555 8388601.1143, -13055463.0047 8388684.1131, -13055562.087 8388815.6971, -13055602.7004 8388975.4168, -13055585.6298 8389164.0088, -13055662.2849 8389281.1801, -13055711.0832 8389465.6933, -13055798.1942 8389648.83519999, -13055892.7286 8389779.28459999, -13056001.7253 8389826.8097, -13056149.5231 8389789.0223, -13056312.68 8389810.5225, -13056454.8636 8389893.51529999, -13056541.692 8390008.793, -13056683.4825 8390041.6299, -13056898.9377 8390050.95889999, -13057066.433 8389899.44399999, -13057165.082 8389765.9698, -13057322.621 8389486.9576, -13057452.312 8389385.504, -13057611.0675 8389342.1419, -13057774.2184 8389363.6084, -13057947.6242 8389464.7791, -13058003.0362 8389529.0041, -13058059.5537 8389704.1048, -13058398.2899 8389572.8054, -13058716.2255 8389409.4501, -13058654.2177 8389333.2463, -13058631.9087 8389177.5557, -13058668.0434 8389002.9111, -13058780.8077 8388846.7349, -13058891.8537 8388762.5072, -13058992.1078 8388610.9988, -13059118.6298 8388365.5469, -13059186.4143 8388130.6142, -13059241.7531 8388022.9698, -13059360.3283 8387913.111, -13059522.9765 8387856.6725, -13059692.6433 8387880.3188, -13059838.9368 8387959.7482, -13059936.2682 8388087.40609999, -13060115.7771 8388512.3963, -13060240.6381 8388702.5217, -13060367.7969 8388837.5956, -13060492.8864 8388913.5402, -13060804.9853 8389025.1839, -13060951.9072 8389121.4977, -13061024.4189 8389262.72389999, -13061055.8061 8389435.0063, -13061019.2806 8389597.0005, -13060939.9124 8389696.3723, -13060953.853 8389751.0295, -13060929.7985 8389914.0989, -13060844.6908 8390055.1857, -13060711.7556 8390152.3584, -13060551.6545 8390190.5107, -13060515.6087 8390184.562, -13060659.3634 8390282.6315, -13060803.8206 8390320.2883, -13061031.1566 8390291.426, -13061181.3364 8390224.1771, -13061322.1267 8390128.1654, -13061517.6877 8389941.40259999, -13061936.5144 8389432.9783, -13062098.0345 8389192.5073, -13062174.1162 8389007.3776, -13062196.3517 8388907.3359, -13062204.9392 8388697.926, -13062128.1103 8388384.3611, -13062041.3813 8388186.5047, -13061737.3476 8387631.3492, -13061631.0695 8387352.3646, -13061612.7963 8387260.68199999, -13061612.6488 8387088.7283, -13061658.7115 8386937.7045, -13061747.8329 8386823.8578, -13061868.2256 8386752.434, -13062003.3857 8386724.1942, -13062362.1152 8386745.3545, -13062581.7638 8386721.294, -13062797.8929 8386634.81109999, -13063080.7154 8386446.0586, -13063494.8602 8386085.0905, -13063832.5317 8385747.6526, -13063992.8128 8385499.0209, -13064067.3279 8385308.5074, -13064115.3462 8385102.3577, -13064138.8205 8384774.0306, -13064100.3786 8384440.0345, -13064037.1944 8384223.2047, -13063889.6097 8383918.6651, -13063700.6997 8383637.1514, -13063474.9068 8383347.0109, -13063129.2287 8383298.4133, -13062944.1651 8383182.245, -13062849.4204 8383047.6502, -13062802.3346 8382834.0357, -13062825.8376 8382614.2449, -13062813.3809 8382411.9578, -13062680.7637 8381925.998, -13062699.3656 8381762.3939, -13062779.6451 8381618.7083, -13062909.123 8381517.2689, -13063067.6764 8381473.8375, -13063284.1846 8381502.1632, -13063560.9033 8381612.4177, -13063944.14 8381676.8118, -13064125.2469 8381798.9965, -13064215.5049 8381936.616, -13064252.2691 8382134.0237, -13064237.563 8382230.4001, -13064283.4193 8382291.1498, -13064324.1832 8382450.6791, -13064300.2251 8382613.5973, -13064269.6825 8382664.2806, -13064400.7287 8382647.313, -13064721.8271 8382552.7493, -13064885.6426 8382521.2848, -13065051.087 8382524.2194, -13065385.3466 8382582.8159, -13065469.1131 8382585.0049, -13065633.7233 8382557.5082, -13065782.627 8382484.4227, -13065912.2312 8382377.2071, -13066410.3154 8381836.6978, -13066278.2034 8381777.8003, -13066115.8877 8381744.8864, -13065729.7184 8381703.8161, -13065575.0608 8381606.8102, -13065530.7393 8381548.115, -13065365.778 8381449.1182, -13065250.6519 8381185.3657, -13065238.7512 8380968.6255, -13064900.27 8380777.1775, -13064705.8152 8380708.7985, -13064481.8667 8380524.7952, -13064430.8044 8380349.3443, -13064451.0389 8380141.8168, -13064443.6951 8379976.1292, -13064320.3213 8379473.5673, -13064355.2003 8379251.6555, -13064444.7239 8379113.6251, -13064652.2664 8378981.2757, -13064572.1403 8378840.7473, -13064511.0514 8378630.8511, -13064529.6052 8378467.3158, -13064765.2313 8378028.3069, -13064843.9467 8377748.6436, -13064980.5542 8377472.5502, -13065040.1151 8377228.5468, -13065048.622 8377081.9871, -13065028.8889 8376892.2007, -13064980.8269 8376724.4607, -13064895.5996 8376549.6933, -13064760.803 8376373.99639999, -13064703.0704 8376323.8033, -13064585.0265 8376226.48089999, -13064422.3835 8376139.1234, -13064245.9113 8376198.411, -13064085.1936 8376287.795, -13063791.7916 8376501.5667, -13063632.0026 8376539.7119, -13063377.8394 8376512.4297, -13063270.97 8376483.7067, -13063033.5251 8376363.2591, -13062819.6971 8376203.2065, -13062679.509 8376180.1108, -13062508.8692 8376063.0661, -13062196.5801 8376004.8867, -13062013.8238 8375873.2136, -13061873.5041 8375676.3944, -13061838.1155 8375515.7358, -13061867.4657 8375353.8651, -13062088.7038 8375008.1572, -13062156.0465 8374846.5177, -13062071.6492 8374594.9907, -13062089.5429 8374386.1084, -13062079.3756 8374220.69870001, -13061944.2859 8373717.2137, -13061962.8856 8373553.7928, -13062043.0922 8373410.2753, -13062172.4378 8373308.9625, -13062353.3906 8373259.4171, -13062594.3413 8373240.68110001, -13062770.9512 8373189.8599, -13062916.841 8373120.0648, -13062915.7258 8372927.388, -13062890.114 8372782.3272, -13062829.9263 8372588.526, -13062854.6036 8372371.4781, -13062970.7397 8372163.6105, -13063099.5036 8371991.3685, -13063211.9757 8371754.17329999, -13063281.555 8371646.9328, -13063439.2359 8371523.3833, -13063597.5725 8371480.0017, -13063760.3442 8371501.28850001, -13063902.4194 8371584.0317, -13064006.0837 8371700.202, -13064133.769 8371805.4921, -13064454.3917 8371996.4567, -13064640.5192 8372216.7091, -13064864.651 8372376.593, -13065132.4129 8372475.1147, -13065225.6464 8372525.95139999, -13065455.1821 8372546.5123, -13065544.1264 8372573.5777, -13065921.6538 8372768.2774, -13066021.8302 8372846.0694, -13066231.9685 8372967.5843, -13066357.8484 8373081.1368, -13066461.1082 8373150.9309, -13066623.438 8373237.179, -13066800.1932 8373287.7508, -13067021.2915 8373286.31139999, -13067200.9874 8373247.8464, -13067354.8263 8373186.94709999, -13067512.2234 8373091.9701, -13067650.7601 8372971.0569, -13067755.8244 8372843.0835, -13067847.5068 8372683.5813, -13067910.1425 8372510.5579, -13067941.8325 8372337.0246, -13068069.806 8372139.5035, -13068228.4053 8372023.3336, -13068469.9327 8371973.9108, -13068747.4199 8372038.0838, -13068967.6387 8372045.495, -13069166.8625 8372011.8226, -13069356.0085 8371940.6863, -13069498.2461 8371853.1005, -13069627.828 8371707.7981, -13069876.4532 8371276.774, -13070005.6523 8371175.3548, -13070073.9506 8371127.4553, -13070477.7152 8371015.9293, -13070631.4799 8370954.9808, -13070786.6279 8370861.26739999, -13070810.5636 8370728.451, -13070890.5672 8370584.8937, -13071019.7404 8370483.4663, -13071178.0081 8370439.9285, -13071278.5772 8370452.9758, -13071417.8677 8370218.6245, -13071553.4366 8370125.9658, -13071714.2214 8370092.9908, -13071875.2345 8370124.8233, -13072035.0206 8370232.3788, -13072146.7612 8370341.044, -13072281.5467 8370436.9877, -13072438.975 8370513.551, -13072606.898 8370563.023, -13072907.1629 8370582.6743, -13073061.5428 8370559.2658, -13073320.7869 8370488.7248, -13073483.5622 8370509.7939, -13073635.8768 8370605.4116, -13073819.7311 8370620.6677, -13073961.7348 8370703.1101, -13074038.0828 8370803.9818, -13074160.0875 8370770.366, -13074322.8709 8370791.417, -13074464.8835 8370873.8514, -13074564.0578 8371004.8622, -13074604.9775 8371164.0893, -13074581.28 8371326.7898, -13074496.6444 8371467.6745, -13074364.2229 8371564.8433, -13074204.598 8371603.1906, -13074070.5965 8371592.2168, -13074276.225 8371703.367, -13074410.5381 8371666.35490001, -13074573.342 8371687.40259999, -13074715.3746 8371769.8419, -13074831.2604 8371939.5925, -13076153.3388 8372367.9622, -13076659.3768 8372579.7402, -13076682.2248 8372561.7711, -13076892.4715 8372503.7587, -13076994.0034 8372515.471, -13077005.2997 8372414.3881, -13077045.0246 8372342.9656, -13076964.7988 8372100.9187, -13076983.062 8371937.4999, -13077062.9573 8371793.8541, -13077192.0655 8371692.3026, -13077350.3205 8371648.6251, -13077513.1318 8371669.6078, -13077655.1962 8371751.9898, -13077992.8133 8372225.3804, -13078159.483 8372369.7574, -13078283.3423 8372443.6766, -13078369.0179 8372381.4223, -13078617.3742 8372403.7586, -13078759.4649 8372486.1271, -13078858.7367 8372617.1073, -13078899.7581 8372776.3438, -13078876.1507 8372939.0924, -13078791.5796 8373080.0564, -13078659.1872 8373177.3232, -13078485.5871 8373213.5024, -13078424.6992 8373242.9253, -13078492.7232 8373264.2778, -13078866.1441 8373375.3381, -13079133.3623 8373271.256, -13079309.1668 8373131.5262, -13079288.2793 8373122.356, -13079535.8052 8373003.1777, -13079874.7032 8372741.5306, -13080032.9643 8372697.7891, -13080195.8054 8372718.7148, -13080337.9194 8372801.056, -13080437.2232 8372932.0201, -13080478.2804 8373091.2541, -13080454.707 8373254.0143, -13080370.1627 8373395.00199999, -13080503.9954 8373746.7192, -13080964.1023 8373867.0854, -13081357.9228 8373995.5051, -13081548.6286 8374077.0663, -13081729.532 8374181.6083, -13082151.8484 8374487.6074, -13082340.5126 8374569.8258, -13082455.5608 8374597.0077, -13082514.7381 8374749.6847, -13082555.2504 8374801.3798, -13082589.3056 8374813.7095, -13082724.5249 8374753.7401, -13082897.1938 8374627.3881, -13082952.8687 8374573.9088, -13082988.1412 8374510.9544, -13083662.3877 8374215.7707, -13083871.4981 8374154.8104, -13084085.9385 8374126.1066, -13084405.5764 8374151.5354, -13084715.7937 8374231.6202, -13085423.4483 8374487.2351, -13086011.6122 8374725.5474, -13086213.5043 8374758.7189, -13086518.7081 8374737.929, -13086555.6653 8374729.0638, -13086564.0258 8374653.361, -13086643.762 8374509.5607, -13086772.7829 8374407.8051, -13086931.0367 8374363.9054, -13087033.9632 8374377.0339, -13087012.0219 8374279.01519999, -13087040.8141 8374117.0792, -13087129.8484 8373978.8756, -13087265.2845 8373885.8823, -13087518.5643 8373885.277, -13087697.6687 8373802.1575, -13088046.7147 8373550.8997, -13088207.4953 8373517.549, -13088368.6494 8373549.0332, -13088518.8355 8373649.6375, -13088665.9472 8373784.5599, -13089056.2093 8373829.1321, -13089241.9858 8373895.5802, -13089365.3605 8373975.6609, -13089491.9985 8373901.7244, -13089619.2078 8373795.7955, -13089739.1869 8373656.3768, -13089825.0296 8373514.7359, -13089887.6928 8373361.3899, -13089922.674 8373218.3041, -13089949.2854 8372994.0496, -13090028.9376 8372850.24589999, -13090157.8824 8372748.4546, -13090781.3698 8372600.2386, -13090997.7118 8372627.7175, -13091185.522 8372716.7113, -13091343.4812 8372765.8422, -13091787.9957 8372827.2079, -13091930.2382 8372909.3248, -13092072.6204 8373087.1117, -13092209.7172 8373209.65339999, -13092419.2875 8373334.8674, -13092749.9513 8373402.5231, -13092886.4878 8373493.8665, -13092977.173 8373630.973, -13093007.9114 8373792.5379, -13092970.1795 8373971.1666, -13092907.9217 8374071.1112, -13093103.1213 8373982.1703, -13093285.9107 8373931.2949, -13093448.8127 8373951.9301, -13093591.0949 8374034.0266, -13093696.2937 8374172.2475, -13093732.0415 8374253.4744, -13093984.2672 8374324.3267, -13094173.2853 8374433.3705, -13094272.8543 8374564.1729, -13094314.2184 8374723.3605, -13094303.0327 8374801.6271, -13094405.4253 8374839.4165, -13094873.6417 8374910.4083, -13095015.958 8374992.4874, -13095115.5495 8375123.288, -13095156.935 8375282.4826, -13095150.1865 8375329.7403, -13095483.3915 8375479.7131, -13095458.064 8375485.3676, -13095840.0163 8375562.1833, -13095947.8778 8375566.34359999, -13096160.7789 8375545.3525, -13096568.7222 8375445.5096, -13096669.2435 8375442.3516, -13096859.5262 8375484.8252, -13096946.9713 8375526.6829, -13097099.3139 8375646.6359, -13097472.3896 8376106.1586, -13097620.3385 8376236.1087, -13097791.4718 8376336.012, -13098077.7224 8376436.464, -13098281.4812 8376456.8483, -13098481.0465 8376420.6037, -13098662.3698 8376330.3699, -13099079.2297 8376037.5688, -13099170.218 8375998.93639999, -13099359.5482 8375958.8066, -13099439.7023 8376007.15999999, -13099524.5867 8376132.80390001, -13099558.1615 8376152.1874, -13099682.3487 8376165.6993, -13099725.0753 8376191.1179, -13099744.1046 8376227.0046, -13099741.3043 8376267.2227, -13099435.8916 8376589.66529999, -13099392.419 8376653.2753, -13099385.6924 8376827.4464, -13099294.4728 8377048.9393, -13099263.7516 8377094.2011, -13099019.0727 8377293.8524, -13098979.843 8377490.0849, -13098915.6346 8377577.7341, -13098880.3772 8377727.7347, -13098869.2553 8377842.7114, -13098899.851 8378110.5741, -13098934.159 8378222.1524, -13098994.089 8378313.9393, -13099325.4413 8378289.8254, -13099367.2277 8378303.2896, -13099388.6663 8378342.0767, -13099382.4618 8378439.3448, -13099223.6377 8378727.23659999, -13099221.2482 8378804.6955, -13099251.7277 8378935.1568, -13099379.1057 8379015.9221, -13099432.1291 8379101.9864, -13099443.8678 8379165.0593, -13099441.3592 8379208.2242, -13099356.5892 8379300.1981, -13099260.7661 8379459.2408, -13099325.7765 8379631.7636, -13099383.2799 8379718.7965, -13099486.6469 8379806.0597, -13099777.2217 8379757.8604, -13100037.3236 8379676.918, -13100169.001 8379675.4711, -13100348.3122 8379697.3494, -13100676.543 8379689.5654, -13101163.1435 8379565.554, -13101384.5746 8379481.4981, -13101881.7518 8379432.4071, -13102087.0085 8379472.372, -13102202.7477 8379538.5393, -13102624.734 8379628.0779, -13103031.4215 8379797.9188, -13103302.3292 8379852.3239, -13103344.4605 8379875.6307, -13103600.5112 8380413.21109999, -13103689.8683 8380539.3771, -13103723.1307 8380614.451, -13103776.0089 8380911.8865, -13103776.4182 8381080.4904, -13103744.5873 8381233.4536, -13103608.7373 8381449.0297, -13103515.1126 8381531.6322, -13103362.2407 8381625.2484, -13103310.5518 8381832.6999, -13103273.1972 8381908.1136, -13103116.5579 8382090.4161, -13103019.363 8382143.4782, -13102977.5846 8382204.0668, -13102682.8808 8382438.6499, -13102724.3887 8382565.40559999, -13102807.7971 8382670.4734, -13102956.6233 8382772.9763, -13103022.6876 8382784.3879, -13103146.7513 8382780.8181, -13103238.8392 8382757.8244, -13103457.2846 8382651.1716, -13103735.0684 8382642.9114, -13103930.5446 8382560.2362, -13105412.7702 8382242.6667, -13105737.9064 8382244.0079, -13105818.8256 8382220.5215, -13105909.6394 8382166.1463, -13106086.9446 8382020.3542, -13106792.3468 8381220.4468, -13106810.8691 8381192.7829, -13106815.6507 8381137.09839999, -13106741.9672 8380973.7243, -13106565.0771 8380892.4905, -13106467.4074 8380872.8725, -13106109.6683 8380863.69309999, -13105985.86 8380844.8644, -13105931.2871 8380821.7234, -13105865.2996 8380747.9485, -13105819.1762 8380566.7077, -13105789.1635 8380512.836, -13105707.9572 8380445.6227, -13105552.5256 8380373.893, -13105546.9971 8380285.659, -13105564.3836 8380232.2981, -13105621.2845 8380134.6123, -13105704.8064 8380036.71010001, -13105800.1362 8379953.59, -13105992.4597 8379739.4958, -13106094.0525 8379664.34660001, -13106472.393 8379315.7096, -13106887.6097 8379030.7597, -13106993.9838 8378938.8192, -13107030.9382 8378809.5064, -13107019.8307 8378596.6333, -13107037.6947 8378560.8418, -13107166.4995 8378458.6757, -13107324.7118 8378414.3137, -13107487.7477 8378434.6483, -13107630.2697 8378516.51959999, -13107806.3434 8378718.653, -13107819.8683 8378812.7245, -13107877.8478 8378987.52, -13107975.5155 8379164.8891, -13108151.2946 8379370.869, -13108222.3393 8379499.6567, -13108231.3532 8379556.5734, -13108200.109 8379791.6498, -13108199.7695 8379957.4836, -13108229.7514 8380139.2391, -13108324.5816 8380373.1375, -13108810.0801 8380386.10540001, -13109314.0793 8380377.2172, -13110417.796 8380269.0135, -13110715.7399 8380259.6613, -13111010.757 8380284.2261, -13111396.7752 8380343.9648, -13111873.0352 8380447.9013, -13112155.8507 8380528.3037, -13112529.0355 8380656.8613, -13112802.3323 8380771.4227, -13113248.5726 8380991.2928, -13113421.7625 8381095.1249, -13113834.4996 8381393.7237, -13114874.0752 8382253.45139999, -13115213.8455 8382488.264, -13115479.853 8382641.6821, -13115854.4363 8382804.1096, -13116146.4707 8382892.9653, -13116442.3393 8382954.0224, -13116842.4889 8383001.804, -13117448.1889 8383012.3061, -13117849.9583 8382965.1721, -13118045.8558 8382913.1583, -13118328.7849 8382801.7554, -13118685.1697 8382592.3368, -13119100.5251 8382274.8873, -13119478.7299 8381917.229, -13120561.6462 8380639.0808, -13120848.2125 8380336.4569, -13121238.454 8380007.0487, -13121575.2166 8379792.6039, -13121754.3278 8379707.1616, -13122033.3659 8379605.1118, -13122423.1762 8379529.4776, -13122622.5325 8379520.0943, -13122821.9891 8379531.2022, -13123314.5372 8379626.4617, -13123895.0507 8379810.948, -13124657.5457 8380101.87709999, -13126518.5028 8380911.3984, -13129160.4266 8381995.1852, -13129919.3892 8382337.0893, -13130581.4264 8382666.5334, -13131427.9685 8383118.6804, -13134456.9593 8384832.1191, -13135300.8958 8385265.6088, -13135881.8538 8385525.5472, -13136777.9695 8385842.0608, -13137282.1053 8385989.1103, -13138191.3666 8386213.6563, -13140297.9735 8386903.4173, -13141167.0031 8387137.28419999, -13142078.0386 8387318.961, -13142044.4421 8387212.3096, -13141935.5143 8387006.8327, -13141891.7837 8386841.8465, -13141940.5444 8386555.2073, -13142014.347 8386335.9583, -13142038.7751 8386116.2065, -13142018.6114 8385928.6466, -13141902.9934 8385492.9147, -13141939.6853 8385277.2247, -13142027.8099 8385138.1637, -13142162.7382 8385044.0272, -13142323.5024 8385009.4407, -13142485.1183 8385039.7786, -13142622.4724 8385130.3272, -13142753.7947 8385343.1325, -13142765.7529 8385467.6668, -13142720.581 8385688.90739999, -13142632.2018 8385948.8132, -13142613.3596 8386095.1533, -13142615.033 8386242.6989, -13142641.3833 8386406.5539, -13142767.2169 8386861.1303, -13142882.5559 8387138.0073, -13143004.142 8387194.2413, -13143056.734 8387052.0897, -13143252.9032 8386667.9236, -13143287.2813 8386572.3953, -13143121.9191 8386482.5946, -13143025.6878 8386349.00199999, -13142988.4833 8386188.5374, -13143016.084 8386026.1429, -13143104.1969 8385887.0551, -13143239.1247 8385792.8893, -13143399.8997 8385758.2757, -13143561.5361 8385788.5926, -13143698.9172 8385879.1298, -13143790.6925 8386015.8191, -13143822.5968 8386177.4209, -13143787.8654 8386347.653, -13144042.7312 8386399.0151, -13144379.2194 8386222.6102, -13144537.537 8386304.5197, -13144570.9214 8386511.3141, -13144780.2802 8386668.2309, -13145204.919 8386725.7897, -13145561.8875 8386988.9032, -13145694.4628 8387286.5455, -13145733.0738 8387276.4372, -13145844.1338 8387052.2819, -13145972.535 8386949.3253, -13146130.681 8386904.0779, -13146574.0531 8386950.1942, -13146967.665 8386914.2963, -13147172.2468 8386957.9784, -13147318.9345 8386971.6428, -13147629.9112 8386937.0909, -13147740.6791 8386939.21949999, -13147921.7156 8386981.4063, -13148068.4048 8386995.0558, -13148459.259 8386963.1827, -13148744.7907 8387015.4211, -13148892.1099 8387016.1956, -13149049.2036 8386994.06009999, -13149521.1944 8387046.9471, -13149565.6745 8387045.621, -13149726.3016 8386778.4907, -13149861.1588 8386684.1931, -13150021.9196 8386649.4307, -13150184.1017 8386679.6984, -13150329.5115 8386756.351, -13150486.3769 8386809.8073, -13150649.6609 8386838.02139999, -13150796.9406 8386841.33299999, -13150943.2466 8386824.0776, -13151085.7302 8386786.5911, -13151272.9357 8386707.2609, -13151428.4579 8386608.6672, -13151589.2092 8386573.871, -13151631.8996 8386578.1914, -13151708.849 8386432.6676, -13151867.041 8386321.9898, -13152027.7838 8386287.1855, -13152386.7751 8386345.4453, -13152538.2358 8386342.9707, -13152623.4721 8386257.9186, -13152604.7119 8386235.4829, -13152607.3326 8386196.7602, -13152647.2741 8386091.7263, -13152749.6162 8385989.6991, -13152847.0293 8385925.0179, -13152892.7352 8385680.2911, -13152959.464 8385557.3487, -13153272.7826 8385183.4347, -13153517.8025 8384981.03939999, -13153577.2018 8384874.1795, -13153744.9835 8384844.9632, -13153884.6717 8385404.1814, -13154027.2484 8385368.5227, -13154190.5484 8385387.8355, -13154333.7078 8385468.8661, -13154456.6036 8385627.5985, -13154521.4088 8385786.7317, -13154618.2344 8385943.5023, -13154727.4603 8386068.2846, -13154869.9727 8386184.9371, -13155030.5464 8386275.0264, -13155186.4806 8386331.113, -13155486.9304 8386374.0467, -13155706.9877 8386436.6115, -13155990.8275 8386490.5816, -13156128.3703 8386580.8919, -13156315.9523 8386849.7862, -13156503.4409 8387026.4047, -13156733.3792 8387163.74, -13156856.7477 8387282.6609, -13156992.9186 8387377.2421, -13157142.1871 8387449.319, -13157302.1176 8387497.3735, -13157456.1603 8387584.4772, -13157557.0177 8387714.6298, -13157613.8777 8387925.9624, -13157639.3806 8388195.6562, -13157710.4186 8388405.0609, -13157801.825 8388565.1363, -13158062.4551 8388903.87579999, -13158105.2761 8389062.9849, -13158044.7661 8389495.5664, -13158045.7251 8389698.3929, -13158096.5584 8389932.48669999, -13158221.4796 8390179.7103, -13158402.414 8390218.9835, -13158659.8767 8390215.4939, -13159106.1826 8390121.7134, -13159267.9737 8390151.7001, -13159405.6248 8390241.9923, -13159497.7436 8390378.5602, -13159543.4236 8390590.9182, -13159608.7681 8390763.38, -13159681.9831 8390891.5197, -13159784.6984 8391021.8711, -13159935.8791 8391156.8636, -13160093.3873 8391252.4642, -13160282.8301 8391324.2142, -13160494.3293 8391360.8181, -13160637.673 8391441.7882, -13160738.6397 8391571.9632, -13160781.5347 8391731.1129, -13160759.6884 8391894.5067, -13160676.492 8392036.7477, -13160544.8745 8392135.7247, -13160408.492 8392170.1891, -13160675.3412 8392334.4806, -13160917.0493 8392423.5949, -13161402.8328 8392511.7429, -13161550.1509 8392517.4159, -13161694.7967 8392502.8259, -13161875.1014 8392523.9558, -13162018.4826 8392604.9111, -13162119.4897 8392735.0869, -13162211.6656 8393040.3735, -13162350.8767 8393278.9611, -13162532.4057 8393462.0318, -13162841.3145 8393669.022, -13162880.0112 8393677.2146, -13164854.4341 8396226.05789999, -13167861.3054 8396822.3999, -13167875.958 8396674.7687, -13167980.0473 8396482.0474, -13168147.7296 8396288.6725, -13168326.7733 8396162.80359999, -13168304.3441 8396107.2913, -13168022.1903 8395806.8422, -13167670.8397 8395753.8959, -13167464.0349 8395686.3259, -13167294.5112 8395594.2666, -13167115.4446 8395355.3495, -13166959.0917 8395395.0102, -13166796.2603 8395370.5535, -13166655.5219 8395284.9546, -13166558.7518 8395151.5208, -13166520.9892 8394990.9943, -13166548.0995 8394828.3266, -13166568.3913 8394796.0674, -13166526.1723 8394658.1619, -13166542.4902 8394494.0618, -13166620.8549 8394349.0345, -13166749.0847 8394245.6162, -13166907.2511 8394199.8764, -13167070.7757 8394218.9218, -13167214.2456 8394299.7928, -13167412.8836 8394553.1349, -13167559.4826 8394693.2415, -13167730.082 8394802.7524, -13167918.4116 8394877.6406, -13168099.1894 8394913.3331, -13168283.409 8394917.0342, -13168747.1871 8394831.7236, -13169027.7783 8394751.6041, -13169220.2278 8394769.7774, -13169424.205 8394750.3677, -13169598.7134 8394770.6315, -13169742.221 8394851.4584, -13169843.3941 8394981.5647, -13169886.5058 8395140.731, -13169864.8529 8395304.2239, -13169781.7966 8395446.6312, -13169650.2439 8395545.8161, -13169479.1316 8395589.2833, -13169376.2713 8395909.2387, -13169430.2287 8396357.5234, -13169466.4347 8396377.91669999, -13169609.4597 8396540.5936, -13169767.7717 8396667.3537, -13169930.294 8396754.4097, -13170105.4419 8396811.8705, -13170552.4692 8396870.283, -13170718.3732 8396872.1095, -13170900.4723 8396843.6379, -13171280.7327 8396734.2897, -13171444.5727 8396753.2722, -13171589.0211 8396819.02880001, -13171730.7301 8396860.0582, -13172130.0169 8396911.2433, -13172273.5939 8396992.0432, -13172520.5933 8397307.165, -13172594.0003 8397374.0215, -13172571.8976 8397232.405, -13172485.0152 8396943.7809, -13172501.2043 8396779.619, -13172579.4743 8396634.4849, -13172707.658 8396530.9314, -13172865.8339 8396485.0491, -13173170.7111 8396519.309, -13173354.9836 8396516.4393, -13173500.2933 8396491.0568, -13173884.3506 8396380.4614, -13174047.9389 8396399.356, -13174191.5258 8396480.1124, -13174292.7992 8396610.1844, -13174325.55 8396730.8084, -13174423.0708 8396742.0664, -13174566.6684 8396822.8191, -13174667.9532 8396952.8917, -13174711.1809 8397112.0701, -13174689.6302 8397275.6191, -13174606.6465 8397418.1177, -13174475.1254 8397517.4149, -13174351.2087 8397548.9808, -13174415.1105 8397786.473, -13174393.5516 8397950.036, -13174244.7864 8398142.1952, -13174099.2012 8398212.1746, -13174019.3845 8398232.5028, -13173747.737 8398193.81930001, -13173581.8037 8398192.0614, -13173399.6829 8398220.6051, -13172998.5274 8398337.1263, -13172884.0997 8398330.1577, -13172906.7944 8398422.0989, -13172996.3267 8398624.5901, -13173210.5183 8398946.0743, -13173300.6302 8399276.0993, -13173367.3721 8399407.924, -13173463.498 8399543.4531, -13173651.7184 8399719.9241, -13173859.9334 8399838.43, -13174035.184 8399895.8193, -13174504.5945 8399992.7899, -13174616.9495 8400077.0313, -13174591.2899 8399980.663, -13174612.7395 8399762.5056, -13174690.9982 8399617.2906, -13174819.2029 8399513.6582, -13174977.4285 8399467.711, -13175141.088 8399486.5879, -13175284.7473 8399567.3554, -13175386.0831 8399697.4656, -13175516.6085 8400191.9126, -13175471.5978 8400417.5079, -13175548.0731 8400377.7855, -13175747.9043 8400223.4246, -13175958.0939 8400162.3575, -13176121.7712 8400181.2142, -13176265.4546 8400261.9698, -13176366.817 8400392.078, -13176410.1027 8400551.3198, -13176363.7042 8400954.9761, -13176394.5633 8401229.88130001, -13176439.9674 8401370.5583, -13176504.4772 8401503.5387, -13176713.0816 8401788.2622, -13176756.3836 8401947.5318, -13176662.5006 8402467.5591, -13176668.6739 8402652.2103, -13176710.7937 8402849.5471, -13176689.2729 8403013.2285, -13176606.2655 8403155.86069999, -13176474.6708 8403255.2721, -13176314.9424 8403296.0086, -13176019.0621 8403266.4519, -13176353.1182 8404122.5242, -13175154.5102 8406568.6175, -13174766.7964 8408342.4202, -13175011.569 8408321.6753, -13175183.5335 8408341.5056, -13175428.2207 8408459.7978, -13175680.6113 8408513.95, -13175956.8172 8408502.2952, -13176298.6653 8408409.5489, -13176462.5268 8408428.4157, -13176606.3762 8408509.25199999, -13176707.8608 8408639.499, -13176751.2052 8408798.9152, -13176722.5988 8409016.5173, -13176653.0642 8409180.6087, -13176606.165 8409409.3049, -13176720.4838 8409482.4845, -13176927.0849 8409562.2557, -13177141.5579 8409598.7325, -13177285.4375 8409679.5677, -13177529.1093 8409560.4892, -13177662.8995 8409466.8894, -13177753.4183 8409310.0121, -13177840.5015 8409248.6191, -13177782.0624 8409058.7924, -13177817.8683 8408658.9997, -13177791.2121 8408401.8329, -13177694.7298 8408142.34000001, -13177537.742 8407914.4507, -13177483.7986 8407739.2003, -13177499.8958 8407574.789, -13177578.1774 8407429.3893, -13177706.4745 8407325.5953, -13177864.8482 8407279.5347, -13178028.6879 8407298.364, -13178175.6271 8407380.8958, -13178337.7775 8407532.8298, -13178527.385 8407647.254, -13178682.9498 8407705.7205, -13178866.1975 8407744.5707, -13179005.3073 8407835.2817, -13179128.2656 8407977.7898, -13179271.5865 8408094.2995, -13179501.4336 8408211.9136, -13179762.2824 8408275.0291, -13179900.5208 8408365.1476, -13179993.2479 8408501.7823, -13180026.0508 8408663.70189999, -13179990.2796 8408843.5809, -13179797.4938 8409142.8714, -13179719.3078 8409310.388, -13179668.278 8409507.2221, -13179656.6592 8409731.899, -13179615.1816 8409940.4204, -13179560.0025 8410028.494, -13179413.8298 8410139.0133, -13179253.9699 8410179.854, -13179079.2918 8410153.9231, -13178819.7952 8410067.0066, -13178580.7459 8410047.8872, -13178458.1472 8410059.2407, -13178281.4404 8410032.989, -13178202.8044 8409985.3342, -13178078.3686 8410017.1031, -13177915.1804 8409992.8511, -13177579.719 8410072.7102, -13177401.8241 8410145.0833, -13177325.7229 8410275.8822, -13177194.0124 8410375.40429999, -13176857.611 8410462.3899, -13176686.3165 8410531.4346, -13176514.9062 8410640.4755, -13176322.5959 8410818.923, -13176258.0174 8410835.3929, -13175948.7488 8410817.8851, -13175784.311 8410842.2458, -13175407.6658 8410937.9544, -13175244.465 8410913.6402, -13175082.4689 8410815.3754, -13174910.4734 8410669.7721, -13174665.8866 8410519.8084, -13174602.0348 8410437.8146, -13174547.661 8410263.4216, -13174670.6054 8412691.821, -13172634.2566 8414948.9584, -13172727.8635 8414968.7962, -13172960.6132 8414967.9705, -13173163.3054 8414991.398, -13173307.249 8415072.3691, -13173376.1461 8415160.8719, -13173548.7587 8415188.1703, -13173696.4189 8415196.1912, -13173898.3374 8415173.5141, -13174148.0558 8415104.0798, -13174312.0623 8415123.00949999, -13174456.0208 8415203.9593, -13174557.5621 8415334.3532, -13174600.902 8415493.9267, -13174576.5178 8415679.0739, -13174511.3759 8415891.2451, -13174468.0101 8416204.5553, -13174384.8146 8416347.4203, -13174252.9564 8416446.9739, -13174092.9292 8416487.7398, -13173929.6089 8416463.3801, -13173772.8337 8416368.2466, -13173624.9348 8416204.2395, -13173445.8794 8416073.4289, -13173283.2305 8416000.5301, -13173242.3649 8416278.2577, -13173159.1449 8416421.1104, -13173027.2683 8416520.6433, -13172781.1793 8416585.48799999, -13172610.9319 8416657.485, -13172470.4502 8416746.7447, -13172345.6341 8416856.9177, -13172242.0032 8416984.5848, -13172262.7924 8417157.0316, -13172333.4441 8417424.2598, -13172311.7885 8417588.2536, -13172228.5358 8417731.1219, -13172096.6231 8417830.6563, -13171936.5537 8417871.3835, -13171774.5205 8417847.1678, -13171629.8264 8417901.296, -13171484.8379 8417983.0635, -13171254.2452 8418155.7925, -13171145.8343 8418256.6234, -13171052.4849 8418371.5866, -13170976.0143 8418498.4458, -13170912.0008 8418652.3012, -13170867.5373 8418824.814, -13170756.8929 8419014.6032, -13170624.9372 8419114.12919999, -13170380.5124 8419178.4671, -13170210.1811 8419250.4352, -13170084.525 8419328.687, -13169957.729 8419436.659, -13169838.5684 8419578.2408, -13169745.7583 8419738.4003, -13169677.4429 8419930.214, -13169639.1001 8420166.5708, -13169555.7667 8420309.46, -13169423.7717 8420408.9824, -13169238.9274 8420455.9421, -13169080.7335 8420465.8081, -13168929.7562 8420498.0837, -13168902.2086 8420327.30569999, -13168825.7281 8420072.1397, -13168846.9866 8419823.9944, -13168823.6158 8419580.2034, -13168840.9556 8419405.1741, -13168945.2189 8419212.0488, -13169056.3381 8419049.8723, -13169131.9358 8418880.8956, -13169287.8847 8418114.8108, -13169298.4409 8417948.4758, -13169282.8909 8417782.5383, -13169247.4486 8417638.6769, -13169184.148 8417484.5499, -13169063.8746 8417298.0468, -13168805.1193 8417016.7997, -13168649.4374 8417286.3879, -13168044.5659 8417084.8904, -13167535.3369 8416812.3821, -13167727.5102 8416527.2151, -13167535.1385 8416571.1691, -13167304.5866 8416688.0663, -13167096.8086 8416871.207, -13166912.4954 8417142.8727, -13166849.6162 8417276.9872, -13166805.981 8417418.56449999, -13166745.7293 8417834.0571, -13166662.3648 8417976.8688, -13166530.3712 8418076.3077, -13166190.2323 8418163.7275, -13166002.2152 8418241.11289999, -13165846.906 8418341.5103, -13165687.4401 8418494.7857, -13165522.8922 8418618.7151, -13165362.7671 8418659.3041, -13165242.5742 8418643.3333, -13165222.8068 8418741.7142, -13165167.3896 8418829.788, -13165020.8239 8418940.1583, -13164860.6885 8418980.7383, -13164697.34 8418956.16529999, -13164556.1697 8418870.2596, -13164457.4236 8418729.1573, -13164264.2432 8418854.61509999, -13164145.1891 8418971.0836, -13163999.9763 8419185.2927, -13163906.7429 8419446.4235, -13163834.8999 8420005.8709, -13163839.6004 8420154.02269999, -13163870.5278 8420353.0949, -13163841.5006 8420570.9928, -13163758.0491 8420713.8258, -13163126.1269 8421206.2418, -13162883.1528 8421269.948, -13162712.6974 8421341.7643, -13162542.7489 8421453.6335, -13162397.2273 8421595.9289, -13162272.5901 8421779.6948, -13162194.1334 8421967.64, -13162140.6 8422256.9653, -13162065.1292 8422407.3551, -13162014.5274 8422566.24, -13161937.0705 8423032.2033, -13162073.2148 8423185.9177, -13162252.2474 8423317.1323, -13162454.6086 8423408.1902, -13162663.2513 8423454.1862, -13162807.2496 8423535.4555, -13162908.7043 8423666.1589, -13162951.8446 8423825.9844, -13162929.963 8423990.0964, -13162846.456 8424132.9861, -13162714.3005 8424232.4419, -13162554.0373 8424273.0027, -13162390.578 8424248.3625, -13162233.7802 8424152.8822, -13162095.501 8423995.7799, -13161918.768 8423861.4396, -13161718.0185 8423766.8376, -13161486.2161 8423710.1658, -13161495.788 8423745.6552, -13161473.874 8423909.7615, -13161390.3394 8424052.6335, -13161258.1654 8424152.06229999, -13161097.895 8424192.591, -13160934.4418 8424167.9185, -13160777.6648 8424072.4082, -13160713.8465 8423990.1428, -13160660.1782 8423814.3826, -13160676.6815 8423649.644, -13160755.4645 8423504.0995, -13160884.2805 8423400.3658, -13161043.1093 8423354.5612, -13161226.211 8423384.4973, -13161234.833 8423203.1346, -13161027.5211 8423128.8573, -13160594.9193 8423060.0348, -13160453.7162 8422974.0031, -13160356.685 8422839.9905, -13160318.9055 8422678.8296, -13160346.2456 8422515.5712, -13160434.4529 8422375.5854, -13160569.8149 8422280.62699999, -13160815.0948 8422220.14549999, -13161016.4496 8422126.96, -13161180.3605 8422006.3574, -13161318.2808 8421856.6423, -13161408.2166 8421716.3116, -13161475.1262 8421563.6181, -13161513.9267 8421420.5474, -13161536.1855 8421246.6914, -13161616.3255 8421098.6004, -13161782.1994 8420949.6636, -13161903.7101 8420786.3422, -13161991.8728 8420602.8005, -13162040.3323 8420424.0646, -13162055.8032 8420184.0088, -13162016.9688 8419946.6272, -13161934.6023 8419740.4116, -13161799.265 8419541.7185, -13161622.7827 8419378.6134, -13161428.4634 8419265.6681, -13161199.7312 8419192.4987, -13160960.4221 8419172.7854, -13160758.7687 8419198.6504, -13160550.0846 8419271.74149999, -13160538.2088 8419454.2392, -13160556.0129 8419617.4978, -13160532.9846 8419789.7698, -13160449.477 8419932.551, -13160317.3628 8420031.9064, -13160157.1766 8420072.39060001, -13159993.8173 8420047.7093, -13159769.9907 8419938.9614, -13159535.7358 8419886.0283, -13159258.9169 8419892.2514, -13158871.363 8419985.3265, -13158708.0099 8419960.6169, -13158591.8949 8419901.8605, -13158463.8792 8419955.7079, -13158194.3954 8420148.0528, -13157768.8089 8420259.0511, -13157520.5068 8420381.8245, -13157389.8277 8420485.0926, -13157276.8813 8420607.5665, -13157175.5492 8420762.4938, -13157108.5568 8420915.1328, -13157052.2455 8421186.735, -13157052.9774 8421343.6797, -13157297.9066 8421212.9134, -13157450.7503 8421078.5534, -13157594.3993 8420901.43739999, -13157774.2206 8420775.394, -13157935.684 8420740.2857, -13158098.1463 8420770.4119, -13158236.3626 8420861.09179999, -13158328.8526 8420998.2352, -13158361.2401 8421160.5322, -13158295.8959 8421492.5983, -13158286.2354 8421696.0766, -13158315.5142 8421897.6683, -13158375.0457 8422073.0568, -13158453.9204 8422219.9217, -13158554.764 8422352.6202, -13158689.5422 8422479.4861, -13158900.9166 8422622.9701, -13159023.8224 8422805.1762, -13159088.8545 8423115.8761, -13159215.6062 8423369.3178, -13160392.5399 8424021.992, -13161545.1547 8424617.1333, -13162260.5857 8424491.6642, -13162898.9182 8424692.2091, -13162820.9978 8425126.8109, -13162695.5146 8425210.8799, -13164134.0838 8425953.0588, -13164054.6282 8425663.3922, -13164081.8953 8425500.0551, -13164170.0657 8425359.968, -13164305.4325 8425264.90219999, -13164466.9605 8425229.6277, -13164629.5466 8425259.6255, -13164767.9265 8425350.2347, -13164860.5945 8425487.3762, -13164917.4088 8425765.7169, -13164969.7923 8425924.1001, -13165109.7324 8426163.6871, -13165235.5327 8426299.6163, -13165367.3935 8426401.5806, -13165513.5582 8426481.6258, -13165688.3517 8426542.4776, -13165926.5601 8426574.5837, -13166165.8727 8426552.1843, -13166394.0173 8426476.4287, -13166586.473 8426361.00249999, -13166746.7797 8426314.6358, -13166911.0193 8426333.7559, -13167123.208 8426440.8391, -13167355.7427 8426501.7385, -13167503.4608 8426512.477, -13167651.2331 8426502.5149, -13168023.5413 8426406.256, -13168187.7854 8426425.34749999, -13168455.1107 8426568.7887, -13168667.1882 8426634.312, -13168943.766 8426651.9368, -13169269.0068 8426592.5729, -13169431.641 8426622.46899999, -13169570.1044 8426713.00289999, -13169662.8785 8426850.1073, -13169695.5431 8427012.4781, -13169659.4364 8427192.7592, -13169604.0108 8427280.9678, -13169244.36 8427555.2166, -13169081.5318 8427732.3561, -13168947.2742 8427986.0307, -13170751.4505 8429620.7717, -13172206.6416 8429990.1918, -13172366.8021 8430087.09009999, -13173610.7133 8431118.5014, -13174677.5777 8431263.322, -13175192.0041 8430308.5503, -13175639.6747 8428694.1394, -13175019.7276 8427565.3883, -13173875.6738 8427192.5867, -13173034.1464 8427566.7177, -13172661.0401 8427386.7011, -13172348.9735 8427104.1447, -13171777.8637 8426934.097, -13170911.5387 8427474.9606, -13170554.9272 8426962.5409, -13170180.1608 8426086.4792, -13169673.5319 8425879.9152, -13169450.7395 8425393.9842, -13169066.2815 8424982.4498, -13168842.4302 8425004.9223, -13167509.5347 8423139.3405, -13172364.3519 8424755.3444, -13172990.3391 8424780.5793, -13174219.4365 8425484.7967, -13174805.0565 8425289.3387, -13174885.009 8424856.6311, -13177279.618 8424952.04909999, -13177631.8489 8425575.8556, -13178741.1364 8425916.6315, -13179672.6846 8425371.5708, -13180519.3938 8424466.2974, -13180079.3022 8423627.5071, -13179494.7285 8423193.7876, -13179113.223 8422848.9934, -13179606.3257 8422790.483, -13180533.3358 8422808.9353, -13181670.3771 8422256.7753, -13183587.7852 8422964.6238, -13183899.5408 8422667.4836, -13185118.2316 8422570.7685, -13185855.9356 8422764.0844, -13186609.2259 8423254.6974, -13186569.1665 8423753.7971, -13186293.9152 8424006.16969999, -13190465.1396 8425944.3001, -13192860.381 8426082.7327, -13194145.1349 8426777.8961, -13194056.7453 8426580.3557, -13194016.3151 8426411.3793, -13194043.2518 8426245.8741, -13194113.4729 8426097.5863, -13194160.6196 8425937.5684, -13194211.0504 8425481.062, -13194289.1825 8425335.13369999, -13194417.5463 8425230.7939, -13194576.1923 8425184.2554, -13194755.3276 8425192.7432, -13194920.7798 8425173.6773, -13195349.8193 8425052.4491, -13195514.0935 8425070.9251, -13195658.474 8425151.5599, -13195837.6806 8425343.0053, -13196038.2287 8425475.6084, -13196245.4815 8425554.99580001, -13196578.7687 8425618.6825, -13196708.7506 8425693.5459, -13196863.799 8425754.4796, -13197044.8266 8425792.7606, -13197314.4863 8425790.9345, -13197540.5191 8425831.5917, -13197699.8726 8425908.5932, -13197858.7978 8425958.5245, -13198386.1827 8426017.59089999, -13198567.1164 8426076.6958, -13198929.0103 8426124.16439999, -13199097.1915 8426184.6311, -13199280.9578 8426217.0279, -13199425.401 8426297.5999, -13199651.1458 8426569.8047, -13199784.6928 8427035.2346, -13199856.6764 8427185.7156, -13199939.7179 8427308.5614, -13200137.7426 8427502.7822, -13200452.8852 8427689.7488, -13200561.0768 8427827.6646, -13200629.5956 8427977.1104, -13200710.5058 8428101.39370001, -13200912.7402 8428304.8513, -13201010.9198 8428448.6188, -13201068.3374 8428720.1115, -13200958.7244 8428873.031, -13203365.9983 8428970.7253, -13206893.9789 8430372.1443, -13208780.0712 8431486.1169, -13209848.9373 8430750.14, -13211193.2235 8430509.3495, -13211087.046 8431576.7527, -13211875.8995 8432063.4617, -13212028.4463 8433017.0872, -13211810.5418 8434456.1623, -13211366.4336 8434215.5029, -13210727.8741 8434052.0446, -13209694.8589 8434541.014, -13209056.2534 8434974.7733, -13208254.2324 8435450.7535, -13208114.1535 8435807.77269999, -13207480.4026 8436192.79689999, -13208142.1644 8438551.9162, -13205704.1318 8441509.106, -13205743.7728 8442230.6504, -13205092.2818 8444260.0403, -13204639.7334 8445082.4891, -13203862.1579 8445424.30569999, -13204231.0516 8446102.01210001, -13203645.4745 8447530.2726, -13202324.2607 8447037.4945, -13201731.6532 8447734.7317, -13201484.2984 8448679.1409, -13200327.3168 8450604.3514, -13198799.1136 8450587.5617, -13198090.3061 8449818.28949999, -13197374.7777 8450032.7568, -13196478.1577 8450646.4653, -13196563.6545 8452238.3643, -13195353.1752 8451338.90160001, -13194978.9252 8451791.3906, -13195576.6036 8453425.8597, -13195634.322 8453213.7116, -13195658.8927 8453051.3107, -13195737.2792 8452904.8165, -13195866.0974 8452800.0526, -13196025.3255 8452753.29819999, -13196190.222 8452771.8174, -13196335.1598 8452852.73219999, -13196437.6173 8452983.472, -13196481.6681 8453143.7184, -13196432.3983 8453527.5359, -13196349.2883 8453762.6033, -13196313.324 8453926.1534, -13196303.3443 8454093.3293, -13196319.5964 8454260.01430001, -13196355.7572 8454404.4464, -13196411.6357 8454542.4343, -13196496.7007 8454686.6291, -13196668.1396 8454907.8298, -13196712.2076 8455068.1168, -13196691.0028 8455233.0129, -13196607.8165 8455376.8881, -13196475.5761 8455477.3772, -13196262.0548 8455532.47869999, -13196043.5175 8455513.1141, -13195876.6119 8455523.56050001, -13195407.5293 8455637.7607, -13195243.2733 8455613.7649, -13195085.3846 8455518.6032, -13194882.1985 8455317.7431, -13194707.8948 8455211.03059999, -13194480.3674 8455130.6151, -13194049.8734 8455064.13840001, -13193892.0117 8454968.9577, -13193827.5529 8454886.6485, -13193739.3504 8454635.6285, -13193613.0883 8454429.7101, -13193443.8252 8454257.52, -13193240.2378 8454127.88, -13193012.7593 8454047.4299, -13192773.0463 8454020.2907, -13192588.0356 8454036.666, -13192164.9043 8454127.3379, -13192009.3851 8454188.8418, -13191850.2508 8454284.7845, -13191723.1875 8454393.6514, -13191617.3181 8454517.5215, -13191472.6001 8454627.3365, -13191313.3909 8454671.9052, -13191176.5813 8454730.1829, -13190900.3963 8454918.9552, -13190686.8468 8454973.8905, -13190351.2995 8454898.8885, -13190203.7266 8454880.8201, -13190018.0891 8454887.4103, -13189836.4126 8454926.18509999, -13189652.9509 8455003.0248, -13189686.2656 8455076.1592, -13189804.9716 8455242.6891, -13190022.6228 8455470.1689, -13190086.5689 8455726.42, -13190199.8504 8455477.0848, -13190317.8562 8455288.0815, -13190453.4201 8455192.142, -13190615.4674 8455156.1371, -13190778.8144 8455185.66139999, -13190918.0786 8455276.1278, -13191011.617 8455413.4791, -13191044.8905 8455576.3727, -13191006.0635 8455805.5986, -13191005.9391 8456073.206, -13190957.2681 8456248.1153, -13190863.6599 8456398.0727, -13190716.7504 8456509.5276, -13190386.7876 8456597.9995, -13190200.9074 8456682.9739, -13190020.6973 8456814.2661, -13189860.8743 8456995.3957, -13189776.049 8457139.7997, -13189650.4852 8457432.4028, -13189611.5096 8457595.3477, -13189561.0148 8457981.8968, -13189444.8252 8458185.6351, -13189386.7674 8458322.8029, -13189348.3313 8458466.7318, -13189319.485 8458673.1214, -13189236.1152 8458816.983, -13188883.4577 8459087.4969, -13188709.624 8459281.0153, -13188633.0485 8459408.7663, -13188574.9662 8459545.9509, -13188510.2437 8459876.2084, -13188426.8447 8460020.0848, -13188294.4072 8460120.493, -13188130.4021 8460162.6235, -13187951.1336 8460160.0546, -13187785.6372 8460184.8677, -13187626.0513 8460235.3043, -13187412.4567 8460354.92019999, -13187664.7795 8460484.5305, -13187819.0164 8460497.762, -13188106.9003 8460619.2893, -13188450.7532 8460669.4963, -13188616.6422 8460741.908, -13188713.8162 8460886.3051, -13188751.8934 8461042.3725, -13188726.8407 8461214.5966, -13188631.7077 8461352.0735, -13188361.7221 8461571.4211, -13188212.1726 8461728.86289999, -13188105.6057 8461892.5829, -13188024.5615 8462136.1467, -13187927.0108 8462652.494, -13187990.6306 8463271.6373, -13187954.7602 8463771.5664, -13187866.3217 8463860.6209, -13187939.4043 8463954.0938, -13188069.9393 8464415.2328, -13188048.4834 8464580.5723, -13187967.7987 8464759.7837, -13187920.0958 8464959.0264, -13187910.4061 8465145.0936, -13187934.6626 8465336.9796, -13187912.755 8465505.7772, -13187829.2821 8465649.7579, -13187696.7362 8465750.2339, -13187535.7179 8465791.5853, -13187371.2572 8465767.3832, -13187213.2477 8465671.9229, -13187016.8937 8465471.8531, -13186712.3044 8465278.7858, -13186647.8324 8465196.2981, -13186593.227 8465019.7616, -13186624.0058 8464628.9226, -13186585.776 8464360.7364, -13186612.6681 8464196.4632, -13186397.1765 8463106.5058, -13186560.9266 8461884.1836, -13186397.7081 8461862.8482, -13186247.4929 8461763.91529999, -13186179.8918 8461694.8266, -13186123.5122 8461514.0587, -13186132.7449 8461282.85329999, -13186239.5706 8461123.4355, -13186329.2688 8460934.3201, -13186290.0276 8460912.408, -13186077.9761 8460843.3939, -13185856.2354 8460820.0424, -13185652.733 8460839.6577, -13185474.0229 8460890.9702, -13185291.0475 8460982.3245, -13185142.5569 8461094.3745, -13184964.774 8461301.7641, -13184828.8867 8461404.6872, -13184667.9466 8461445.9498, -13184449.6265 8461413.7312, -13184273.3603 8461335.0534, -13184083.9886 8461282.2977, -13183639.2095 8461227.4343, -13183663.7521 8461470.2802, -13183812.9613 8461936.251, -13183803.9538 8462005.3469, -13183848.8406 8462034.5656, -13183885.709 8462088.8141, -13183929.7423 8462305.4356, -13183893.8283 8462486.6481, -13183838.3166 8462575.389, -13183706.5354 8462691.2796, -13183589.4599 8462835.9939, -13183499.2466 8462998.8755, -13183443.3069 8463156.9223, -13183408.3343 8463377.5662, -13183410.8765 8463526.6379, -13183437.196 8463703.23929999, -13183408.6028 8463922.4913, -13183325.0583 8464066.391, -13183192.4774 8464166.7644, -13183031.4671 8464208.0077, -13182764.0236 8464168.4796, -13182577.5619 8464119.87799999, -13182388.602 8464005.5488, -13182289.0382 8463885.8806, -13182178.4704 8463786.0531, -13181835.2628 8463569.3372, -13181770.8601 8463486.8246, -13181716.3843 8463310.2902, -13181732.4869 8463144.6271, -13181811.258 8462998.0751, -13181942.0155 8462884.6119, -13182039.7239 8462772.1542, -13182120.8532 8462647.1714, -13182199.1294 8462458.7446, -13182109.3145 8462343.6845, -13181940.5036 8461880.4161, -13181961.8832 8461660.40160001, -13182040.6345 8461513.8768, -13182169.8004 8461409.2258, -13182414.2645 8461327.8036, -13182607.425 8461216.2268, -13182760.6156 8461080.60109999, -13182889.7833 8460910.6246, -13183022.4812 8460803.087, -13183130.9344 8460771.4465, -13182993.2319 8460601.84309999, -13182954.748 8460439.9853, -13182981.7085 8460275.8112, -13183069.9197 8460134.834, -13183423.0604 8459892.1819, -13183718.2245 8459653.77970001, -13184155.8945 8459510.0116, -13184315.2441 8459414.1646, -13184455.5521 8459292.0562, -13184582.83 8459131.857, -13184677.2476 8458950.278, -13184701.7399 8458870.0944, -13184533.5979 8458793.2228, -13184259.0865 8458747.1386, -13184036.7242 8458762.65, -13183679.3622 8458851.021, -13183515.068 8458826.7524, -13183374.0356 8458751.0252, -13183216.3454 8458695.0205, -13182959.0128 8458658.6824, -13182718.7162 8458681.74639999, -13182152.7456 8458826.8795, -13182013.8413 8458880.1981, -13181883.6947 8458952.3597, -13181764.8381 8459041.9613, -13181659.5848 8459147.2597, -13181559.974 8459281.922, -13181482.6174 8459430.5368, -13181425.0641 8459607.5701, -13181379.9085 8459874.6401, -13181295.5716 8460009.3564, -13181148.4425 8460120.6775, -13180987.5078 8460161.8521, -13180823.1925 8460137.519, -13180681.0377 8460051.4613, -13180381.9141 8459662.3226, -13180239.6197 8459542.53, -13180078.7239 8459449.3054, -13179904.1144 8459385.47909999, -13179702.5427 8459351.5102, -13179516.6964 8459354.5918, -13179316.3573 8459395.2253, -13179143.952 8459464.8058, -13178986.2245 8459563.3145, -13178847.966 8459687.7601, -13178732.0656 8459836.4199, -13178584.6187 8459947.9004, -13178091.2896 8460083.6854, -13177941.4454 8460158.3097, -13177790.9298 8460267.5853, -13177650.0364 8460415.9582, -13177531.6653 8460605.2113, -13177455.1588 8460814.985, -13177416.7575 8461055.2992, -13177305.6654 8461246.285, -13177173.0508 8461346.5116, -13177012.066 8461387.6064, -13176847.7348 8461363.1804, -13176707.8527 8461287.9851, -13176568.088 8461236.8245, -13176348.5478 8461197.7486, -13176107.2794 8461207.9715, -13175727.365 8461300.052, -13175563.0397 8461275.5974, -13175423.397 8461200.5146, -13175283.6425 8461149.32989999, -13175064.1111 8461110.2158, -13174822.8431 8461120.3963, -13174433.7581 8461214.7435, -13174269.4385 8461190.2601, -13174125.8163 8461112.7305, -13173986.0721 8461061.5214, -13173766.5496 8461022.3688, -13173506.9168 8461035.552, -13173134.5849 8461127.19080001, -13172970.2707 8461102.6784, -13172826.5949 8461025.0823, -13172686.8611 8460973.8489, -13172467.3474 8460934.6576, -13172207.7147 8460947.7947, -13171834.2984 8461039.6393, -13171669.9901 8461015.0979, -13171525.2984 8460936.8512, -13171385.5749 8460885.5935, -13171166.0702 8460846.3635, -13170924.8034 8460856.41529999, -13170538.4653 8460949.844, -13170374.1624 8460925.2736, -13170233.0067 8460849.1402, -13170093.2936 8460797.8583, -13169873.7978 8460758.5899, -13169632.5314 8460768.5989, -13169244.8583 8460862.2946, -13169080.5618 8460837.6955, -13168970.8808 8460771.0572, -13168882.6665 8460818.5712, -13168719.4002 8460860.0517, -13168521.1258 8460830.3503, -13168324.2478 8460771.2988, -13168158.0092 8460751.9141, -13167935.5448 8460766.9423, -13167721.0582 8460827.966, -13167587.1534 8460892.9648, -13167451.0117 8460985.3065, -13167205.6489 8461049.8053, -13167050.8545 8461113.5582, -13166907.9191 8461200.7796, -13166780.3617 8461309.3232, -13166649.8867 8461467.0101, -13166551.8423 8461646.7395, -13166493.9109 8461823.71459999, -13166458.6951 8462050.5743, -13166374.8365 8462194.249, -13166242.0532 8462294.29299999, -13166021.8592 8462347.6617, -13166044.2593 8462453.706, -13166022.3459 8462618.6891, -13165938.4724 8462762.37, -13165805.6727 8462862.4143, -13165644.5871 8462903.2693, -13165480.2558 8462878.5832, -13165322.5855 8462782.6826, -13165258.3732 8462700.0309, -13165198.9355 8462505.86729999, -13165220.7434 8462144.1592, -13165197.1447 8461910.854, -13165220.81 8461672.9474, -13165299.8978 8461526.5971, -13165429.3071 8461422.2374, -13165588.9247 8461376.0845, -13165753.9485 8461395.3091, -13165819.0483 8461432.0064, -13165995.6808 8461378.7347, -13166129.609 8461313.7603, -13166253.2031 8461230.7467, -13166376.9079 8461117.8201, -13166481.4495 8460986.9007, -13166572.0191 8460824.2677, -13166628.3066 8460666.3943, -13166664.6338 8460427.2792, -13166646.3304 8460186.1153, -13166574.3394 8459955.2633, -13166451.9017 8459745.7316, -13166413.7853 8459583.7996, -13166441.1135 8459419.69960001, -13166613.222 8459137.3903, -13166409.4567 8459055.9, -13166207.9507 8459021.5602, -13165966.7344 8459031.4454, -13165623.4211 8459113.6853, -13165459.1747 8459089.01, -13165330.4664 8459020.3193, -13165190.8209 8458968.9555, -13164971.4038 8458929.5487, -13164730.1881 8458939.393, -13164368.778 8459026.1574, -13164204.5371 8459001.4542, -13164073.1403 8458931.0982, -13163933.5049 8458879.71079999, -13163714.0965 8458840.2668, -13163472.8814 8458850.0695, -13163104.1157 8458938.631, -13162939.8811 8458913.8997, -13162807.7626 8458843.0741, -13162668.1373 8458791.6631, -13162448.7377 8458752.1815, -13162248.2084 8458760.2966, -13162380.8423 8458887.2893, -13162668.2938 8459063.8953, -13162770.2472 8459195.2232, -13162813.6058 8459355.81719999, -13162791.628 8459520.7223, -13162707.7251 8459664.3064, -13162574.9358 8459764.25, -13162413.8987 8459805.016, -13162120.2742 8459781.964, -13161846.3767 8459831.8757, -13161642.4041 8459922.0257, -13161447.8297 8460065.2308, -13161334.3535 8460188.4346, -13161250.7333 8460311.7075, -13161178.1711 8460462.7637, -13161129.2889 8460627.21549999, -13160863.3033 8461052.7669, -13160793.0594 8461225.1966, -13160742.1096 8461450.5436, -13160492.536 8461829.3959, -13160425.2916 8462003.0426, -13160389.4558 8462181.1366, -13160305.4758 8462324.7463, -13160172.6057 8462424.6836, -13160009.5713 8462465.8992, -13159837.8633 8462460.3948, -13159671.8146 8462481.6831, -13159511.1333 8462528.7244, -13159359.774 8462600.362, -13159207.0519 8462706.6434, -13159075.0704 8462837.8735, -13158967.8397 8462990.0674, -13158895.2047 8463141.15699999, -13158839.8162 8463338.3617, -13158822.9168 8463523.8824, -13158835.4318 8463691.12, -13158896.7551 8463998.3674, -13158972.2737 8464208.6189, -13159078.5063 8464383.7104, -13159216.1465 8464535.2824, -13159393.3474 8464665.6214, -13159495.5995 8464797.4519, -13159538.9219 8464958.188, -13159516.8556 8465123.21, -13159432.8259 8465266.8678, -13159299.8911 8465366.8302, -13159138.7124 8465407.5573, -13158974.3446 8465382.7174, -13158816.7027 8465286.6437, -13158752.5404 8465203.9061, -13158679.9339 8464991.6211, -13158590.3595 8464828.3169, -13158473.8397 8464683.0753, -13158318.7941 8464549.4162, -13158106.9106 8464433.1346, -13157869.8756 8464362.144, -13157398.2831 8464090.3892, -13157220.6255 8464035.2183, -13157017.4891 8464011.2201, -13156776.9239 8464033.4534, -13156517.7077 8464116.8348, -13156326.028 8464231.1425, -13156153.769 8464392.7424, -13155981.2644 8464522.3377, -13155820.0851 8464562.9872, -13155646.1804 8464536.6249, -13155467.3058 8464466.3559, -13155266.3322 8464428.1721, -13155061.7778 8464429.09529999, -13154843.3696 8464474.6256, -13154430.7218 8464651.2375, -13154138.8409 8464857.0595, -13153917.031 8464915.1531, -13153762.0362 8464978.6615, -13153531.7408 8465135.7024, -13153349.8601 8465347.0961, -13153228.7902 8465598.4444, -13153179.5524 8465835.41099999, -13153188.1124 8466099.8581, -13153163.8017 8466280.4784, -13153079.6336 8466424.0883, -13152846.4868 8466602.1743, -13152704.963 8466750.2038, -13152594.2327 8466922.5642, -13152518.3664 8467112.925, -13152482.0246 8467295.7248, -13152477.9247 8467482.0736, -13152501.9273 8467648.14109999, -13152601.6986 8468023.0708, -13152579.4681 8468188.1428, -13152507.1685 8468332.8546, -13152460.4901 8468474.5433, -13152390.2629 8468943.2543, -13152318.9692 8469081.3317, -13152265.0714 8469240.2471, -13152232.2523 8469518.1501, -13152186.2744 8469745.0235, -13152104.4546 8469914.5694, -13152304.8095 8469875.1579, -13152468.3423 8469905.594, -13152607.4263 8469996.9729, -13152700.4461 8470135.0956, -13152732.9432 8470298.49979999, -13152677.7472 8470585.4737, -13152671.4574 8470790.4471, -13152699.7456 8470974.764, -13152759.5601 8471151.3642, -13152849.0852 8471314.8807, -13152978.6088 8471473.72, -13153136.0164 8471604.8853, -13153363.974 8471738.1849, -13153465.9426 8471869.8684, -13153509.1776 8472030.7958, -13153486.9567 8472195.9604, -13153388.7918 8472363.4731, -13153249.9625 8472534.177, -13153161.8043 8472698.4764, -13153095.5489 8472912.1178, -13153043.9566 8473279.8108, -13152959.7083 8473423.5566, -13152782.8107 8473556.33649999, -13152444.7747 8473635.8061, -13152253.869 8473710.1191, -13152127.2078 8473785.5573, -13152279.2284 8473982.3167, -13152406.2248 8474091.9736, -13152532.2843 8474171.6786, -13152668.1939 8474233.0329, -13152827.1399 8474278.1425, -13152980.0356 8474364.6796, -13153082.0345 8474496.4148, -13153125.2775 8474657.4018, -13153103.041 8474822.6243, -13153011.5435 8474978.7425, -13152852.5668 8475163.2405, -13152761.5186 8475326.0275, -13152704.8237 8475484.1145, -13152671.7653 8475659.88840001, -13152663.6898 8475827.6786, -13152685.5555 8476012.9986, -13152739.2187 8476191.7039, -13152819.2844 8476352.1441, -13152852.4124 8476518.6946, -13152813.51 8476710.75199999, -13152725.9806 8476940.7581, -13152695.9989 8477124.9639, -13152705.4607 8477367.2022, -13152771.9944 8477615.7326, -13152846.1669 8477766.44479999, -13152955.0215 8477917.9469, -13153088.4919 8478048.2138, -13153246.2177 8478155.3847, -13153415.0393 8478371.09, -13153520.0443 8478477.2025, -13153702.5725 8478606.4241, -13153928.282 8478700.8907, -13154105.5901 8478801.2068, -13154207.6718 8478933.0046, -13154250.967 8479094.081, -13154228.7438 8479259.40649999, -13154100.849 8479494.2003, -13153940.7568 8479918.2816, -13153912.5451 8480140.4222, -13153928.8382 8480351.9957, -13153899.3041 8480571.6416, -13153814.9908 8480715.5408, -13153645.5744 8480871.487, -13153516.5232 8481054.3764, -13153428.249 8481260.1489, -13153383.0657 8481498.4485, -13153385.4943 8481685.1859, -13153415.3515 8481850.6268, -13153463.3125 8481992.1741, -13153535.3057 8482133.6321, -13153580.8913 8482327.735, -13153644.4466 8482483.3542, -13153731.5268 8482627.101, -13153853.2485 8482768.6003, -13153967.1618 8482865.19169999, -13154180.8223 8483007.2502, -13154274.0402 8483145.5942, -13154306.6344 8483309.279, -13154267.7544 8483501.4345, -13154200.9031 8483660.2059, -13154161.006 8483823.5555, -13154147.1931 8484009.8542, -13154164.5784 8484188.4792, -13154141.0462 8484363.5413, -13154059.1078 8484543.2417, -13154013.2004 8484724.3244, -13153999.3823 8484910.64559999, -13154020.5277 8485108.8889, -13153997.4886 8485280.2606, -13153915.9111 8485459.3261, -13153869.9947 8485640.4306, -13153856.1717 8485826.7748, -13153878.0108 8486028.5403, -13153855.044 8486199.351, -13153773.894 8486377.6646, -13153725.1268 8486577.2844, -13153714.548 8486763.8655, -13153735.6177 8486945.1291, -13153712.6417 8487115.9849, -13153628.2522 8487260.0106, -13153494.8424 8487360.1736, -13153269.2591 8487432.579, -13153074.9563 8487543.79420001, -13152960.1225 8487639.4379, -13152859.6924 8487750.159, -13152673.1291 8488048.6649, -13152539.6921 8488148.8213, -13152349.9473 8488196.5892, -13152138.1087 8488158.9382, -13151871.9721 8488078.8428, -13151593.8032 8488070.1095, -13151387.8758 8488038.7818, -13151233.9876 8487977.4033, -13151088.6206 8487943.0634, -13150921.2153 8487929.0668, -13150767.0443 8487939.5354, -13150586.6541 8487912.0721, -13150428.6308 8487815.529, -13150364.3611 8487732.466, -13150224.5644 8487291.3268, -13150083.9092 8487049.471, -13149885.5629 8486852.3213, -13149599.0902 8486644.8664, -13149331.0293 8486479.4407, -13149266.7836 8486396.3825, -13149191.7787 8486162.35189999, -13149117.5932 8486011.431, -13149008.6944 8485859.706, -13148889.5042 8485741.2007, -13148769.154 8485652.6857, -13148637.679 8485581.8075, -13148497.6373 8485529.945, -13148351.7541 8485498.1065, -13148202.8673 8485486.9112, -13148053.8738 8485496.5772, -13147784.2745 8485569.9671, -13147588.0302 8485677.5949, -13147418.4081 8485823.7378, -13147302.7831 8485970.3842, -13147139.1495 8486246.489, -13147005.6679 8486346.5207, -13146855.0917 8486391.70139999, -13146703.1159 8486463.3182, -13146507.5473 8486606.6568, -13146359.8381 8486775.0238, -13146230.8401 8486991.4393, -13146166.078 8487166.7157, -13146134.5757 8487331.9801, -13146129.2712 8487500.15, -13146150.5125 8487668.3614, -13146111.401 8487860.5712, -13146044.2915 8488019.4458, -13146001.328 8488201.3456, -13145990.1633 8488369.2474, -13146007.3814 8488548.1074, -13145983.6781 8488722.9831, -13145860.1396 8488938.8818, -13145792.3074 8489113.0423, -13145757.9132 8489277.773, -13145750.0376 8489455.52970001, -13145706.2038 8489670.8905, -13145650.0247 8489759.6783, -13145308.4383 8490004.3585, -13145181.9725 8490115.18949999, -13145063.6976 8490259.8422, -13144964.7448 8490439.9985, -13144898.097 8490654.08649999, -13144837.179 8491087.4811, -13144759.3035 8491253.0795, -13144709.9762 8491433.4379, -13144693.1079 8491657.0859, -13144719.1867 8491865.068, -13144682.1655 8492046.8319, -13144625.9563 8492135.6407, -13144477.6221 8492246.7259, -13144221.132 8492342.1528, -13144006.4095 8492490.9402, -13143855.6131 8492656.783, -13143678.6289 8492931.5846, -13143530.2644 8493042.663, -13143278.9081 8493128.329, -13143044.8019 8493281.5875, -13142879.8911 8493459.7572, -13142712.1319 8493734.121, -13142578.4534 8493834.177, -13142416.5533 8493874.7032, -13142235.6762 8493846.9569, -13142079.7182 8493787.5884, -13141933.6962 8493755.5881, -13141784.6496 8493744.2519, -13141626.0975 8493755.1471, -13141432.4585 8493725.4215, -13141270.7151 8493663.2503, -13141106.1748 8493628.6768, -13140494.0464 8493620.5401, -13140293.266 8493663.8241, -13140104.4163 8493744.6824, -13139978.5504 8493825.4442, -13139649.4926 8494089.08, -13139411.1504 8494156.039, -13139211.1517 8494256.49229999, -13138958.6925 8494326.9627, -13138751.5732 8494432.0488, -13138576.8359 8494304.0675, -13138372.7895 8494211.4907, -13138209.5569 8494171.1189, -13137782.804 8494112.0318, -13137596.23 8494120.6003, -13137396.2011 8494167.3121, -13137208.7418 8494251.3915, -13137040.7384 8494369.7514, -13136910.102 8494503.4636, -13136783.3289 8494688.5982, -13136655.6675 8494800.0938, -13136547.8447 8494929.3369, -13136445.4958 8495107.734, -13136379.0076 8495302.419, -13136349.9213 8495543.6969, -13136380.0127 8495803.5996, -13136463.4627 8496031.8209, -13136608.0886 8496249.7225, -13136785.9 8496415.12389999, -13137063.9244 8496580.8419, -13137296.1419 8496651.41560001, -13137556.9387 8496666.8283, -13137777.8605 8496629.3002, -13137969.5117 8496555.1233, -13138113.4832 8496468.0348, -13138402.724 8496238.3937, -13138619.8352 8496129.6426, -13138868.3869 8496299.7063, -13139123.5685 8496619.3302, -13139198.3208 8496862.0326, -13139175.7096 8497027.7169, -13138956.8468 8497405.1261, -13138876.3913 8497625.5444, -13138796.1309 8497774.0942, -13138744.0819 8497914.5352, -13138703.7539 8498135.35629999, -13138702.7974 8498285.1662, -13138726.1293 8498451.4274, -13138688.9283 8498633.3259, -13138632.5966 8498722.1699, -13138484.0381 8498833.2361, -13138212.822 8498927.7538, -13138084.1085 8499004.0886, -13137967.2511 8499097.6225, -13137787.8084 8499312.7932, -13137716.7193 8499444.6296, -13137664.6382 8499585.0952, -13137632.5793 8499731.4565, -13137621.168 8499880.8656, -13137657.6642 8500199.1366, -13137692.9093 8500344.774, -13137748.0488 8500484.0832, -13137941.44 8500792.45620001, -13137973.7546 8500956.6106, -13137936.5233 8501138.5669, -13137880.1632 8501227.4362, -13137708.3732 8501375.7833, -13137572.2651 8501554.2626, -13137470.1166 8501774.9326, -13137416.3385 8502033.715, -13137279.3445 8502237.3051, -13137101.4685 8502370.2398, -13136882.3763 8502440.5192, -13136672.3007 8502562.5886, -13136471.2578 8502757.8504, -13136281.3664 8503060.4348, -13136147.4309 8503160.5032, -13135890.4182 8503247.3414, -13135670.1546 8503388.498, -13135501.7578 8503563.83470001, -13135325.1302 8503848.5314, -13135191.1671 8503948.5936, -13134935.7455 8504035.0017, -13134715.4397 8504176.1452, -13134547.002 8504351.4793, -13134370.0071 8504636.7126, -13134236.0162 8504736.7687, -13134070.9021 8504785.3133, -13133918.4189 8504856.8505, -13133708.434 8505013.0322, -13133573.7387 8505168.7546, -13133418.2234 8505424.979, -13133284.2052 8505525.0285, -13133118.2221 8505566.3566, -13132886.8865 8505567.9446, -13132624.3669 8505624.14559999, -13132404.9375 8505590.1896), (-13125407.4981 8486541.0292, -13125261.56 8486347.2392, -13125075.8486 8486191.2985, -13124930.5498 8486112.36039999, -13124935.4011 8486497.2025, -13125248.7056 8486682.6296, -13125504.5222 8486760.8318, -13125407.4981 8486541.0292), (-13117299.5317 8444406.5494, -13117365.2145 8444262.4443, -13117267.6833 8444287.8777, -13117097.5012 8444361.8548, -13116957.371 8444452.8624, -13116833.1755 8444564.7067, -13116727.9724 8444694.6352, -13116636.4887 8444856.3084, -13116569.9111 8445049.4927, -13116534.5462 8445266.1835, -13116449.8938 8445408.9702, -13116316.7214 8445507.888, -13115965.5547 8445596.62049999, -13115777.6547 8445676.3158, -13115622.8323 8445778.7588, -13115518.6242 8445879.312, -13115737.8251 8445918.6263, -13115997.2054 8445912.0527, -13116264.3975 8445835.5547, -13116396.1847 8445766.9741, -13116517.158 8445680.6881, -13116661.5563 8445536.2769, -13116775.7869 8445366.92230001, -13116866.2325 8445143.1759, -13116907.6275 8444890.7296, -13116987.5057 8444745.2227, -13117167.058 8444585.6128, -13117299.5317 8444406.5494), (-13174597.8455 8401022.3185, -13174533.0964 8400987.7103, -13174901.187 8401466.5288, -13174682.7412 8401148.5434, -13174654.9106 8401030.8271, -13174597.8455 8401022.3185), (-13064339.1595 8397888.4694, -13064716.1429 8397816.6788, -13064900.3782 8397834.0844, -13065065.8252 8397820.9018, -13065313.5734 8397749.5085, -13065545.213 8397615.9126, -13065706.6247 8397582.9392, -13065868.8793 8397615.20489999, -13066031.7338 8397701.8008, -13066207.1304 8397758.69389999, -13066371.3002 8397783.0999, -13066537.2606 8397781.4766, -13066806.7587 8397721.3271, -13066941.4931 8397661.061, -13067066.5404 8397582.5972, -13067218.2313 8397447.8595, -13067351.09 8397270.82949999, -13067438.1542 8397087.438, -13067488.6821 8396890.7799, -13067501.3244 8396706.5641, -13067478.1394 8396504.8404, -13067424.0401 8396328.3305, -13067342.782 8396168.1788, -13067306.0939 8396002.2344, -13067335.3996 8395839.8944, -13067425.0644 8395701.5167, -13067561.1497 8395608.6061, -13067788.7304 8395562.0501, -13068021.8193 8395648.6687, -13068164.9986 8395684.236, -13068330.1756 8395699.9543, -13068495.7736 8395689.5921, -13068686.4713 8395654.2974, -13068842.7987 8395598.6078, -13069003.8757 8395508.8817, -13069146.9466 8395392.4995, -13069267.6638 8395252.9997, -13069362.3598 8395094.6233, -13069467.3413 8394842.5258, -13069510.9194 8394644.2701, -13069515.9309 8394441.3333, -13069482.1947 8394241.1723, -13069418.9206 8394067.8112, -13069315.823 8393893.062, -13069181.3375 8393741.2295, -13069035.9797 8393627.7979, -13068873.1703 8393541.3712, -13068697.8546 8393484.573, -13068460.0341 8393457.7496, -13068083.179 8393486.4103, -13067822.9394 8393386.2773, -13067605.2695 8393348.1017, -13067439.4093 8393349.7469, -13067208.4062 8393380.066, -13067091.1835 8393366.1839, -13066855.0849 8393218.1619, -13066797.5606 8393130.5254, -13066746.8205 8392910.4886, -13066688.5708 8392754.935, -13066616.9458 8392625.824, -13066515.8449 8392494.1295, -13066305.8601 8392314.8548, -13066024.2716 8392174.6873, -13065773.2194 8392116.88189999, -13065515.6645 8392121.6224, -13065266.9012 8392188.6271, -13065041.703 8392313.9189, -13064928.8276 8392408.9524, -13064830.2515 8392518.7972, -13064747.8937 8392641.316, -13064663.4825 8392811.5744, -13064537.5028 8392951.9666, -13064087.8581 8393072.7631, -13063902.1001 8393153.8234, -13063693.7682 8393305.65470001, -13063518.3822 8393519.0541, -13063421.6309 8393718.0747, -13063368.2992 8393932.9015, -13063362.1803 8394172.5713, -13063416.9106 8394493.4547, -13063396.8304 8394576.8873, -13063304.7223 8394775.5919, -13063263.2803 8394936.5067, -13063247.4998 8395138.9049, -13063267.0381 8395323.5708, -13063225.4559 8395606.0922, -13063191.8869 8395661.7813, -13062940.7494 8395845.4798, -13062760.8592 8395951.0468, -13062596.6549 8396099.3021, -13062448.9257 8396310.86259999, -13062352.3731 8396569.92319999, -13062326.0443 8396845.198, -13062383.1794 8397143.0382, -13062423.1017 8397132.1049, -13062586.4379 8397153.485, -13062728.8333 8397236.4362, -13062828.1609 8397368.0712, -13062868.9806 8397527.9328, -13062835.6024 8397706.6776, -13062886.9539 8397743.3254, -13063231.0392 8397881.7917, -13063486.3537 8397917.5733, -13063760.6723 8397886.0838, -13063934.9539 8397825.839, -13064085.1926 8397743.4618, -13064188.6918 8397715.091, -13064339.1595 8397888.4694), (-13084516.9035 8382326.9938, -13084646.6075 8382201.7063, -13084571.1424 8382154.6426, -13084476.0205 8382020.3503, -13084418.2215 8381795.4918, -13084359.5304 8381654.9315, -13084283.2675 8381528.7779, -13084190.222 8381414.48439999, -13084067.7522 8381302.8388, -13083937.7435 8381215.1597, -13083823.5629 8381066.9411, -13083688.6165 8380941.7348, -13083517.6557 8380833.4384, -13083321.698 8380757.7434, -13083153.1562 8380652.5889, -13083090.575 8380570.1215, -13083065.2779 8380484.0109, -13082966.3816 8380600.7679, -13082867.3498 8380777.4377, -13082739.4164 8381127.6627, -13082549.0861 8381267.6553, -13082389.2964 8381306.2328, -13082227.0397 8381279.9457, -13082087.5376 8381192.8809, -13081992.4731 8381058.5734, -13081956.6204 8380897.9011, -13081985.5477 8380735.8385, -13082104.2199 8380532.70109999, -13082171.1387 8380341.5029, -13082225.6918 8379931.3823, -13082297.3107 8379774.0431, -13082344.3476 8379595.9507, -13082383.8077 8379098.7825, -13082498.8051 8378891.6622, -13082607.9279 8378739.1787, -13082551.8247 8378752.7242, -13082389.6238 8378726.4491, -13082234.8149 8378629.8345, -13082139.7998 8378504.5928, -13082030.2445 8378117.09749999, -13082043.5849 8377774.8157, -13081969.4508 8377450.8777, -13081987.6147 8377287.3297, -13082198.6577 8376923.9998, -13082269.956 8376754.2645, -13082350.4903 8376300.4425, -13082286.5926 8376288.2104, -13082047.8483 8376291.0474, -13081892.5543 8376330.3462, -13082004.7405 8376468.7668, -13082059.5049 8376728.8398, -13082025.9518 8376784.822, -13082053.6592 8376892.1824, -13082022.3768 8377108.5024, -13081989.0328 8377164.1352, -13081813.1297 8377293.4872, -13081653.4217 8377332.027, -13081491.255 8377305.73659999, -13081336.4879 8377209.1213, -13081273.9562 8377126.676, -13081222.521 8376951.4274, -13081243.0319 8376783.6941, -13081216.0944 8376691.9124, -13081148.0009 8376708.3388, -13080985.8496 8376682.0394, -13080831.1017 8376585.4212, -13080768.5812 8376502.9785, -13080687.2031 8376233.8249, -13080599.6418 8376051.3153, -13080466.456 8375875.3407, -13080367.8555 8375789.9845, -13080260.6256 8375968.7993, -13080134.0357 8376134.0351, -13080051.0498 8376298.3376, -13079994.1862 8376492.6597, -13079975.3814 8376694.2857, -13079995.3297 8376895.8067, -13080060.3937 8377106.8322, -13080107.4027 8377192.9716, -13080245.1267 8376992.2796, -13080350.6749 8376889.5894, -13080451.3318 8376822.4323, -13080478.4964 8376927.7833, -13080454.9118 8377090.628, -13080370.3246 8377231.6894, -13080210.9135 8377349.7527, -13080400.7805 8377617.1595, -13080431.2618 8377778.8671, -13080385.0274 8377995.9234, -13080323.3442 8378183.7244, -13080298.2798 8378366.1904, -13080307.6832 8378568.52619999, -13080377.8943 8378946.558, -13080338.3789 8379127.6673, -13080370.4533 8379149.2033, -13080460.9786 8379286.5709, -13080491.4686 8379448.3146, -13080445.7049 8379663.1726, -13080467.6198 8379692.073, -13080548.8454 8379992.9538, -13080642.6514 8380192.9308, -13080739.1947 8380327.6687, -13080896.9534 8380479.6042, -13081012.0059 8380631.309, -13081092.5483 8380905.616, -13081207.179 8381115.5895, -13081312.8932 8381243.2606, -13081452.087 8381363.7232, -13081577.1815 8381441.4919, -13081729.2466 8381507.1674, -13081871.5776 8381544.897, -13082125.1256 8381579.4269, -13082420.9144 8381714.3636, -13082852.1178 8381804.3391, -13083065.6101 8381913.4951, -13083230.5538 8381834.6843, -13083444.395 8381790.4693, -13083605.7113 8381822.0911, -13083742.2938 8381913.708, -13083832.916 8382051.0841, -13083845.2327 8382116.2571, -13083928.0034 8382153.7336, -13084361.5397 8382244.0739, -13084501.9423 8382341.4455, -13084516.9035 8382326.9938), (-13087078.6178 8377405.80569999, -13087051.9222 8377569.42189999, -13087049.9132 8377716.8095, -13087120.4698 8378138.0986, -13087082.5741 8378316.8038, -13087026.5189 8378403.8159, -13086879.5679 8378512.0334, -13086528.4045 8378600.4699, -13086313.6777 8378697.1964, -13086177.9602 8378793.1808, -13086031.2314 8378937.381, -13085645.2846 8379228.0764, -13086181.0754 8379503.0488, -13086280.5737 8379634.0501, -13086321.7957 8379793.3935, -13086302.1827 8380029.4171, -13086330.8093 8380252.4541, -13086253.4995 8380671.3959, -13086249.7524 8380926.906, -13086209.9527 8381114.4855, -13086124.7597 8381246.693, -13085919.7593 8381412.2148, -13085806.209 8381532.953, -13085535.943 8381965.1736, -13085403.4826 8382062.6799, -13085249.5834 8382114.7262, -13085282.5981 8382241.8956, -13085525.7625 8382205.4569, -13085918.8209 8382220.4893, -13085936.9075 8382056.8268, -13085966.2506 8382003.91749999, -13086069.5987 8381913.2574, -13086176.686 8381786.7216, -13086424.1727 8381355.4532, -13086553.3153 8381253.6056, -13086632.352 8381231.6829, -13086670.6901 8381111.9636, -13086721.7687 8380731.0187, -13086801.5659 8380587.0977, -13086930.6898 8380485.2543, -13087348.4668 8380387.5074, -13087504.3263 8380331.5426, -13087664.8406 8380241.6007, -13087807.32 8380125.1037, -13087938.0694 8379970.5348, -13088044.2444 8379776.8736, -13088104.299 8379583.4258, -13088137.805 8379323.3347, -13088217.5596 8379179.4261, -13088346.6394 8379077.5777, -13088556.9749 8379019.1795, -13088937.3589 8379084.8578, -13089102.8872 8379082.736, -13089248.1594 8379059.0773, -13089405.8322 8379008.5642, -13089537.8468 8378943.3894, -13089659.5191 8378860.4438, -13089781.0976 8378747.9121, -13089883.6016 8378617.7152, -13089964.5076 8378473.0607, -13090021.8242 8378317.5116, -13090056.1484 8378136.5684, -13090059.7847 8377970.8096, -13090041.2363 8377824.5797, -13089986.8097 8377646.4106, -13090043.411 8377616.3463, -13089954.2073 8377601.1144, -13089797.6976 8377503.6614, -13089613.1249 8377326.8683, -13089440.3058 8377221.7676, -13089214.8896 8377142.8507, -13088950.3401 8377118.0173, -13088978.3426 8377265.6354, -13088940.4962 8377444.3285, -13088884.4695 8377531.3441, -13088737.5634 8377639.5853, -13088577.8865 8377678.2769, -13088415.6889 8377652.1384, -13088276.1845 8377565.2337, -13088181.0561 8377431.0726, -13088147.997 8377254.1333, -13088028.2846 8377234.8345, -13087685.3434 8377005.5141, -13087645.4184 8377067.4989, -13087498.5029 8377175.7088, -13087294.4969 8377225.1044, -13087136.467 8377239.2621, -13087078.6178 8377405.80569999), (-13084137.5107 8377707.2141, -13084142.3562 8377680.519, -13084117.5637 8377700.437, -13084128.1231 8377734.829, -13084137.5107 8377707.2141)), ((-13047700.8911 8401926.2368, -13047859.9758 8401883.0083, -13048023.3787 8401904.72519999, -13048165.7055 8401988.0128, -13048305.4988 8402182.1967, -13048441.7762 8402261.9372, -13048540.9194 8402393.8568, -13048581.459 8402553.9094, -13048565.6309 8402659.9922, -13048693.4456 8402834.8461, -13048733.9911 8402994.9073, -13048709.6257 8403158.2322, -13048624.1322 8403299.4342, -13048490.7962 8403396.564, -13048330.3423 8403434.522, -13048167.7115 8403407.4069, -13048017.7459 8403328.6396, -13047860.3094 8403275.6157, -13047348.3603 8403209.146, -13047193.4865 8403111.473, -13047131.1116 8403028.4461, -13047080.2998 8402852.3378, -13047099.2966 8402688.3059, -13047180.1059 8402544.3786, -13047301.2125 8402436.8285, -13047407.0486 8402308.6281, -13047570.8454 8402027.6941, -13047700.8911 8401926.2368)), ((-13216229.6515 8414281.1972, -13216063.4942 8414274.5914, -13215880.2406 8414297.8647, -13215479.4063 8414401.4523, -13215408.7961 8414391.3272, -13215515.0102 8414827.6881, -13215480.0826 8415007.8729, -13215425.3011 8415096.2686, -13215279.5821 8415207.5692, -13215119.8275 8415249.2173, -13214720.8188 8415192.2799, -13214573.1309 8415185.0851, -13214371.3601 8415208.8785, -13214177.8259 8415270.7942, -13213999.6373 8415368.5589, -13213843.3404 8415498.583, -13213725.0999 8415640.78289999, -13213604.9107 8415839.761, -13213430.4916 8415972.91439999, -13213270.7088 8416014.5271, -13213107.2871 8415991.043, -13213030.221 8415944.839, -13212981.9743 8416079.0963, -13212934.8354 8416287.4766, -13212729.2563 8416620.2305, -13212664.89 8416753.6057, -13212545.2632 8417226.97779999, -13212461.9744 8417361.2546, -13212316.1655 8417472.532, -13212156.3436 8417514.1296, -13211992.8916 8417490.6164, -13211630.8968 8417258.6677, -13211463.1542 8417181.0004, -13211302.7023 8417137.0035, -13210960.9116 8417086.659, -13210803.6607 8416992.3187, -13210739.3557 8416910.5771, -13210684.5567 8416735.3744, -13210699.9266 8416570.7046, -13210777.6377 8416424.7848, -13210905.6096 8416320.2899, -13211275.6593 8416210.3271, -13211412.5902 8416154.3808, -13211585.4834 8416047.4572, -13211734.8268 8415909.4524, -13211963.1622 8415590.0009, -13211776.2144 8415646.0292, -13211596.3085 8415740.6105, -13211372.0882 8415908.26, -13211212.2946 8415949.8277, -13211048.8794 8415926.2978, -13210907.2457 8415841.3287, -13210809.4072 8415708.1291, -13210770.5694 8415547.4054, -13210796.7648 8415384.1397, -13210907.5969 8415190.3345, -13210974.7897 8414998.2828, -13211038.3718 8414482.8323, -13211125.5105 8414342.4117, -13211260.0546 8414246.6389, -13211667.9854 8414159.08869999, -13211859.2403 8414090.5209, -13212003.6888 8414008.0099, -13212339.8096 8413760.3702, -13212500.8347 8413724.1043, -13212717.74 8413762.6636, -13212922.0881 8413819.63710001, -13213124.6443 8413834.8831, -13213344.4235 8413807.0547, -13213553.6203 8413734.0574, -13213682.6577 8413661.7981, -13213800.3967 8413572.2522, -13213904.5455 8413467.16399999, -13214013.6611 8413306.8425, -13213979.9906 8413261.043, -13213932.2821 8413063.9751, -13213949.4949 8412878.696, -13214037.3539 8412713.54819999, -13214203.3306 8412507.8997, -13214299.6857 8412308.1372, -13214358.542 8412037.45579999, -13214348.5719 8411779.004, -13214314.7914 8411634.882, -13214261.3173 8411496.874, -13214189.1915 8411367.6654, -13214099.8179 8411249.77, -13213994.9368 8411145.48139999, -13213876.5895 8411056.8282, -13213747.079 8410985.5348, -13213608.9256 8410932.9876, -13213285.9411 8410868.284, -13213083.0588 8410860.1345, -13212918.3456 8410882.4484, -13212512.21 8410988.3963, -13212357.7706 8411049.9514, -13212214.8428 8411134.947, -13212100.3121 8411228.4982, -13211993.59 8411345.0958, -13211816.1611 8411480.4825, -13211656.4656 8411522.0331, -13211493.1483 8411498.5254, -13211336.0114 8411404.2655, -13211232.9851 8411282.5446, -13211108.1319 8411172.6276, -13210967.6534 8411083.6266, -13210832.4546 8411023.8567, -13210580.7048 8410966.4919, -13210456.6537 8410962.5495, -13210403.2187 8411143.8804, -13210380.9074 8411457.2458, -13210326.632 8411870.5574, -13210253.159 8412014.702, -13210200.9073 8412172.7833, -13210136.3133 8412626.5961, -13210053.8568 8412769.7812, -13209922.5562 8412869.9162, -13209772.3398 8412918.672, -13209639.681 8412983.9907, -13209392.6565 8413162.1133, -13209134.7262 8413260.01829999, -13208901.719 8413420.8631, -13208741.964 8413462.3623, -13208578.6117 8413438.7842, -13208410.4372 8413337.8136, -13208216.6882 8413176.8996, -13208036.2585 8413083.4748, -13207823.1585 8413022.9233, -13207602.1484 8413008.0688, -13207418.8958 8413031.1267, -13207034.2245 8413130.026, -13206944.5589 8413117.0628, -13206756.4793 8413264.7831, -13206624.2058 8413299.1026, -13206605.2885 8413389.4348, -13206612.2078 8413629.6439, -13206660.1543 8413827.3632, -13206774.0364 8414059.5856, -13206820.9844 8414229.3685, -13206800.1065 8414393.3778, -13206717.5652 8414536.5614, -13206433.6417 8414756.2214, -13206396.1986 8414948.1149, -13206329.8856 8415054.8033, -13206177.7295 8415240.6678, -13205940.1791 8415650.0442, -13205613.2381 8415903.9466, -13205453.4097 8415945.3895, -13205290.0113 8415921.7311, -13205148.4421 8415836.64940001, -13205050.7065 8415703.3713, -13204977.6548 8415439.5709, -13204876.5785 8415242.0584, -13204787.3039 8415123.986, -13204682.4962 8415019.5082, -13204401.4962 8414832.1775, -13204294.2992 8414695.6667, -13204240.5127 8414460.6489, -13204424.726 8414193.8094, -13204650.885 8414043.8236, -13204821.2394 8413884.2226, -13204913.9989 8413822.8282, -13205158.0059 8413720.777, -13205316.097 8413625.0916, -13205442.2645 8413516.6062, -13205560.6339 8413374.5784, -13205674.57 8413163.1074, -13205354.3186 8413234.8646, -13205190.9806 8413211.2115, -13205033.8846 8413116.7939, -13204969.6776 8413035.043, -13204913.2513 8412854.1334, -13204896.9041 8412636.0574, -13205136.3144 8412445.1893, -13205656.8676 8412318.3402, -13205822.6456 8412236.82519999, -13205971.7698 8412127.7117, -13206099.7081 8411994.317, -13206202.5734 8411840.6969, -13206283.0619 8411653.9426, -13206328.6965 8411447.0104, -13206415.8908 8411306.7029, -13206684.2222 8411111.4109, -13206740.7266 8411052.2043, -13206500.7235 8410695.8344, -13206397.791 8410589.6274, -13206265.6646 8410488.623, -13206015.789 8410370.0344, -13205743.791 8410320.25859999, -13205522.697 8410332.426, -13205267.0393 8410393.90129999, -13205111.0006 8410385.4256, -13204963.8251 8410398.6865, -13204392.3326 8410570.1451, -13204167.8287 8410567.34889999, -13203967.6491 8410601.3808, -13203828.0357 8410649.8928, -13203696.519 8410717.3939, -13203325.3801 8410992.3608, -13203165.644 8411033.72469999, -13202972.9927 8410994.47990001, -13203015.2856 8411198.0937, -13203081.5419 8411322.1067, -13203201.6641 8411423.0633, -13203533.1099 8411622.1241, -13203652.4336 8411742.6887, -13203747.0717 8411937.2954, -13203815.7507 8412135.079, -13203840.7194 8412272.4569, -13203830.1207 8412388.6554, -13203796.8082 8412442.2569, -13203753.5871 8412466.6475, -13203501.621 8412493.1172, -13203423.8088 8412523.2346, -13203286.3661 8412639.6155, -13203183.5278 8412782.2677, -13203138.9648 8412885.4646, -13203131.6264 8412994.2896, -13203205.3813 8413378.3765, -13203213.3373 8413504.7017, -13203176.448 8413607.5937, -13203086.8107 8413701.4577, -13202969.9245 8413773.2328, -13202844.5762 8413824.7905, -13202519.1995 8413894.689, -13202185.2733 8413894.3143, -13201938.47 8413829.7186, -13201926.286 8414041.1853, -13201836.6851 8414555.4273, -13201851.8173 8414795.299, -13201940.8144 8415135.3959, -13201919.8251 8415299.4136, -13201837.1781 8415442.5618, -13201694.723 8415558.003, -13201571.3679 8415695.7841, -13201331.7388 8416041.7413, -13201260.2946 8416171.442, -13201202.3441 8416327.6214, -13201169.4962 8416490.962, -13201162.5615 8416657.4423, -13201179.7103 8416813.0717, -13201151.8012 8417030.99109999, -13201069.1203 8417174.1648, -13200937.6174 8417274.2022, -13200777.7318 8417315.5519, -13200394.096 8417277.2742, -13200262.4443 8417290.4156, -13200087.7463 8417264.9955, -13199930.6266 8417170.4172, -13199675.7379 8416809.1878, -13199556.8873 8416692.6002, -13199426.4055 8416599.1816, -13199356.5097 8416510.0495, -13199249.9801 8416308.7574, -13199120.4682 8416151.9156, -13198932.4015 8416002.5736, -13198667.9117 8415882.1701, -13198594.446 8415830.9126, -13198495.0359 8415952.1875, -13198376.5698 8416056.192, -13198202.9516 8416169.783, -13198043.2094 8416247.3715, -13197821.8529 8416311.6331, -13197454.2389 8416307.6995, -13197308.4682 8416326.3031, -13197046.8916 8416424.2682, -13196828.8002 8416551.0063, -13196736.9321 8416625.3198, -13196639.8246 8416744.94969999, -13196377.211 8417249.3984, -13196261.5265 8417412.5453, -13195918.9972 8417702.1127, -13195799.5462 8417781.556, -13195697.0207 8417827.4489, -13195615.2551 8417835.5251, -13195552.7822 8417803.1294, -13195437.0928 8417545.8682, -13195363.7695 8417465.8799, -13195028.1725 8417314.25289999, -13194944.2492 8417258.5472, -13194869.0232 8417158.65209999, -13194801.4369 8417003.6208, -13194753.3196 8416787.1941, -13194744.7704 8416599.10670001, -13194768.192 8416438.3577, -13194822.8478 8416326.9647, -13194953.4449 8416242.4149, -13195430.8706 8416106.66439999, -13195611.3259 8416015.2733, -13195668.2288 8415954.4931, -13195699.6813 8415889.9903, -13195753.2255 8415582.6493, -13195812.2547 8415459.7134, -13195877.6868 8415407.6575, -13195966.2718 8415366.6991, -13196323.6733 8415271.533, -13196467.0508 8415210.1082, -13196541.718 8415124.0497, -13196564.3105 8414945.4218, -13196541.979 8414792.0291, -13196487.4271 8414704.11729999, -13196397.9913 8414653.0832, -13196141.9805 8414562.06629999, -13196045.5548 8414491.9509, -13195958.4893 8414327.6159, -13195913.9473 8414131.0719, -13195924.3323 8413900.2597, -13195975.2703 8413683.6582, -13196064.8853 8413545.0494, -13196374.6667 8413191.457, -13196418.2634 8413095.6487, -13196399.3121 8413031.8756, -13196256.2548 8412959.0725, -13195955.3298 8412891.51780001, -13195740.7993 8412903.01389999, -13195189.2152 8412996.0147, -13195036.9695 8412990.0489, -13194917.772 8412959.49009999, -13194593.9224 8412826.9205, -13194346.7183 8412668.2446, -13194187.2602 8412490.6715, -13194102.6744 8412275.0922, -13194083.5737 8412133.5178, -13194106.0817 8412049.63809999, -13194186.0772 8411972.9835, -13194458.4234 8411825.7864, -13194541.1209 8411761.3062, -13194584.4425 8411687.04819999, -13194597.1122 8411529.6344, -13194577.4955 8411387.3171, -13194541.558 8411277.2029, -13194257.9658 8410916.8683, -13194093.2907 8410536.3452, -13194052.1523 8410366.6943, -13194051.1831 8410253.2078, -13194083.5372 8410173.2092, -13194149.3912 8410126.972, -13194081.9145 8410086.2788, -13193984.4546 8409952.9525, -13193946.0147 8409792.2583, -13193972.5655 8409629.1739, -13194059.9768 8409489.0434, -13194452.3403 8409230.20199999, -13194574.7489 8409117.6184, -13194678.8031 8408986.1201, -13194814.6901 8408889.8513, -13194962.6003 8408856.9118, -13194777.1513 8408811.8096, -13194611.2772 8408801.8198, -13194452.6175 8408816.8056, -13194270.0178 8408790.084, -13194112.1929 8408727.6563, -13193949.9263 8408691.7831, -13193784.0556 8408681.7747, -13193626.9134 8408696.48659999, -13193454.0161 8408671.1652, -13193297.1644 8408576.55049999, -13193233.126 8408494.7441, -13193178.8069 8408319.602, -13193186.061 8408019.8156, -13193121.4209 8407711.5447, -13193055.2882 8407492.6868, -13193071.0368 8407328.2533, -13193183.0481 8407119.14500001, -13193334.1016 8406966.236, -13193533.1038 8406804.5327, -13193714.2792 8406738.5953, -13193874.012 8406646.02499999, -13194002.0994 8406540.0606, -13194100.8236 8406430.0238, -13194192.3785 8406291.1793, -13194261.1196 8406139.7001, -13194308.7045 8405961.1175, -13194335.6947 8405712.7016, -13194461.3567 8405430.1952, -13194649.6245 8405264.8106, -13194807.8415 8405218.4003, -13194972.9251 8405236.9877, -13195135.357 8405305.1261, -13195315.1788 8405346.5029, -13195480.9758 8405356.4735, -13195663.788 8405337.0679, -13195857.8532 8405372.0308, -13196002.316 8405425.0211, -13196146.7998 8405455.6003, -13196294.1268 8405465.73700001, -13196437.8523 8405455.7095, -13196631.3587 8405477.45319999, -13197047.5982 8405732.1689, -13197202.2267 8405792.9385, -13197364.4437 8405828.7266, -13197511.7794 8405838.8392, -13197677.3541 8405825.5489, -13198128.3112 8405701.9223, -13198293.4006 8405720.4346, -13198456.0203 8405788.5799, -13198635.8712 8405829.8776, -13198801.6822 8405839.77359999, -13198983.0125 8405820.5621, -13199147.7527 8405850.1649, -13199282.8797 8405919.206, -13199440.4904 8405971.739, -13199604.3664 8405998.9245, -13199770.4705 8406000.0926, -13199934.7111 8405975.2145, -13200093.0425 8405924.9034, -13200241.5646 8405850.3992, -13200376.6193 8405753.5378, -13200494.8803 8405636.70579999, -13200593.436 8405502.782, -13200876.6295 8404961.42, -13201004.5486 8404857.2605, -13201162.7144 8404810.7167, -13201333.3317 8404829.7779, -13201492.0608 8404889.1878, -13201654.8741 8404922.0356, -13201820.8132 8404928.9628, -13201973.9701 8404912.0179, -13202170.0477 8405054.9577, -13202263.1396 8405191.24319999, -13202311.0394 8405424.0725, -13202329.99 8405671.6517, -13202402.5295 8405900.4518, -13202502.8178 8406077.1496, -13202766.9525 8406416.1259, -13202810.8437 8406575.3297, -13202789.895 8406739.159, -13202707.358 8406882.1492, -13202576.0586 8406982.0733, -13202426.2199 8407030.5583, -13202277.6972 8407105.1186, -13202061.7492 8407277.904, -13201967.0326 8407391.4389, -13201880.51 8407533.50990001, -13201817.2374 8407687.3921, -13201781.7875 8407831.0345, -13201766.1926 8407996.7298, -13201776.6668 8408162.8323, -13201812.9541 8408325.2521, -13201874.1623 8408479.9891, -13201958.7858 8408623.23170001, -13202064.7415 8408751.4514, -13202204.3006 8408872.4709, -13202346.1653 8408959.1487, -13202570.9189 8409042.7858, -13202884.3778 8409091.9603, -13203278.2064 8409078.8378, -13203606.0139 8408993.7342, -13203805.7784 8409015.9818, -13204019.1423 8409068.5849, -13204185.0313 8409078.3622, -13204386.6724 8409054.87080001, -13204802.0858 8408944.7396, -13205052.7378 8408947.66309999, -13205286.6842 8408895.1063, -13205533.7751 8408770.9336, -13205649.9635 8408679.5322, -13205752.3192 8408572.8226, -13205884.1328 8408372.2315, -13205976.9611 8408104.8826, -13206065.3883 8407962.6083, -13206383.0332 8407735.2883, -13206705.9779 8407455.6529, -13206864.1605 8407408.9696, -13207028.0647 8407427.151, -13207172.2179 8407507.37139999, -13207274.2203 8407637.1678, -13207332.6624 8407848.6427, -13207331.8498 8408009.60589999, -13207350.2561 8408156.4237, -13207430.6869 8408402.0717, -13207512.9087 8408546.7063, -13207604.1858 8408663.0631, -13207725.0383 8408777.2986, -13207846.2956 8408861.8381, -13208047.2016 8408954.9855, -13208263.0548 8409004.251, -13208521.1668 8409003.5019, -13208776.5121 8408942.4941, -13208940.5904 8408960.6507, -13209123.7193 8409039.40779999, -13209303.7048 8409080.4596, -13209488.0734 8409089.5765, -13209671.2207 8409066.4811, -13209864.6329 8409004.7385, -13210027.3458 8408917.4262, -13210172.446 8408803.1367, -13210295.5246 8408665.3448, -13210408.9388 8408474.9128, -13210476.2388 8408282.3968, -13210704.0958 8407895.474, -13210759.0526 8407738.4181, -13210790.5155 8407556.2575, -13210777.5711 8407279.7097, -13210741.3777 8407136.2682, -13210685.6089 8406999.2704, -13210532.3366 8406768.9135, -13210427.5699 8406664.6351, -13210307.3622 8406574.7242, -13210242.2481 8406491.9378, -13210090.3492 8406030.9948, -13210010.6374 8405885.023, -13209921.3979 8405767.16179999, -13209713.8815 8405584.3972, -13209585.7693 8405510.8298, -13209448.6846 8405455.836, -13209195.29 8405407.2917, -13209029.2103 8405409.2405, -13208875.9977 8405434.6232, -13208712.3471 8405411.0017, -13208566.7132 8405323.5639, -13208444.7833 8405198.9915, -13208316.4587 8405103.8879, -13208186.3121 8404926.5611, -13208077.1424 8404652.3825, -13207928.5862 8404441.1415, -13207748.6848 8404282.611, -13207537.7995 8404168.6771, -13207324.9624 8404108.1794, -13207122.683 8404092.78859999, -13206939.277 8404112.5993, -13206671.2656 8404180.2434, -13206450.5837 8404148.3205, -13206142.758 8404055.5217, -13205877.0716 8404038.6902, -13205591.791 8403997.3899, -13205539.6073 8403972.7061, -13205417.8905 8403887.4203, -13204908.1938 8403591.8621, -13204777.3689 8403413.43639999, -13204691.9916 8403200.9554, -13204555.8307 8403003.5106, -13204378.3218 8402844.1664, -13204148.4936 8402715.33429999, -13204043.0522 8402736.3281, -13203947.4774 8402809.0906, -13203432.9732 8402931.3454, -13203215.0209 8402899.7187, -13203048.4541 8402846.9647, -13203035.4025 8402879.3113, -13202842.0247 8403038.5366, -13202682.4573 8403079.8424, -13202284.5149 8403022.3568, -13202118.6185 8403015.441, -13201953.6839 8403034.6025, -13201617.214 8403113.6402, -13201417.0417 8403084.5434, -13201146.802 8403004.0885, -13200812.2467 8402985.0961, -13200725.8088 8403058.4553, -13200513.8307 8403113.2622, -13200350.7314 8403089.5296, -13200110.1459 8402960.2887, -13199879.1816 8402896.56229999, -13199639.827 8402886.5045, -13199404.3464 8402930.6309, -13199233.4467 8403000.1236, -13199077.1864 8403098.2847, -13198953.0035 8403208.6943, -13198840.6541 8403347.3456, -13198670.1926 8403476.9291, -13198471.8995 8403521.1907, -13198306.788 8403497.1187, -13198165.5381 8403412.0398, -13198068.0957 8403278.8877, -13198029.6047 8403118.3608, -13198070.4811 8402847.6912, -13198070.2083 8402662.9414, -13198032.9523 8402463.2323, -13197999.5381 8402380.443, -13197825.3779 8402466.1373, -13197638.1141 8402615.7833, -13197494.3202 8402800.3878, -13197529.9789 8403181.0386, -13197580.1336 8403339.5968, -13197648.8069 8403478.8054, -13197683.2431 8403646.7285, -13197647.9263 8403826.56329999, -13197593.0098 8403914.6944, -13197447.2339 8404025.4737, -13197287.6128 8404066.6687, -13197124.5015 8404042.8616, -13196983.2542 8403957.7537, -13196885.8255 8403824.5756, -13196830.3484 8403593.0451, -13196803 8403343.1251, -13196673.4542 8402916.4864, -13196689.114 8402752.1486, -13196707.0952 8402718.5422, -13196618.7544 8402515.974, -13196467.1028 8402291.7607, -13196426.6769 8402196.2086, -13196404.9701 8402090.2657, -13196410.7984 8401891.0747, -13196172.5114 8402067.63139999, -13195974.1334 8402126.1127, -13195792.7345 8402216.9751, -13195341.2219 8402583.6945, -13195016.8991 8402698.5405, -13194694.8298 8402779.1819, -13194475.2345 8402747.0501, -13194243.749 8402678.3721, -13193803.688 8402628.3525, -13193662.5054 8402543.1958, -13193549.7587 8402388.9317, -13193428.3438 8402163.2048, -13193373.0978 8401932.1562, -13193420.1162 8401675.9731, -13193416.0697 8401454.4671, -13193372.0111 8401256.18419999, -13193299.8182 8401086.2152, -13193176.0008 8400902.6629, -13193079.7908 8400809.7467, -13192849.0404 8400863.95310001, -13192675.2533 8400838.479, -13192449.4876 8400758.5878, -13192266.8723 8400733.0097, -13192046.0364 8400744.7513, -13191745.8019 8400817.1964, -13191582.7778 8400793.275, -13191441.6556 8400708.0958, -13191344.3697 8400574.9003, -13191306.0396 8400414.3941, -13191332.619 8400251.5254, -13191428.2312 8400061.3122, -13191486.7271 8399837.9956, -13191566.431 8399689.2839, -13191694.3942 8399585.3601, -13192093.8297 8399466.0186, -13192292.4942 8399368.7946, -13192411.8067 8399281.83649999, -13192517.8731 8399179.0912, -13192720.1861 8398884.9581, -13192854.6964 8398789.7229, -13193131.5552 8398724.764, -13193334.9943 8398638.06849999, -13193515.9871 8398510.8961, -13193655.3993 8398363.4856, -13193787.9547 8398142.0652, -13193866.1201 8397876.8711, -13193878.8457 8397729.65160001, -13193870.9932 8397582.0939, -13193791.6907 8397269.9214, -13193807.4051 8397105.714, -13193885.2547 8396960.3543, -13194013.1377 8396856.4301, -13194171.1794 8396810.0894, -13194385.3709 8396822.5947, -13194586.2788 8396795.8999, -13194795.1907 8396723.6092, -13194999.382 8396599.4948, -13195274.2318 8396555.5233, -13195433.2451 8396508.1524, -13195690.7319 8396361.838, -13195680.3283 8396167.2317, -13195604.7145 8395920.493, -13195460.2621 8395684.9613, -13195345.9483 8395564.5617, -13195198.6722 8395453.6437, -13195034.4092 8395370.0258, -13194876.1643 8395320.2279, -13194368.3214 8395241.3508, -13194145.8029 8395250.7812, -13193855.5406 8395313.3652, -13193656.8716 8395284.2686, -13193515.8327 8395199.1911, -13193418.5684 8395066.0998, -13193363.7491 8394900.15529999, -13193282.5639 8394745.8191, -13193224.11 8394557.3262, -13193226.9933 8394527.2241, -13193173.1089 8394477.0227, -13193121.586 8394265.2563, -13192620.5016 8394497.65339999, -13192636.9913 8394504.6349, -13192567.8295 8394837.1735, -13192512.9168 8394925.1591, -13192367.2382 8395035.7012, -13192207.7805 8395076.733, -13192044.8829 8395052.8383, -13191903.8666 8394967.7321, -13191806.6499 8394834.6447, -13191768.3418 8394674.26519999, -13191794.8923 8394511.5224, -13191882.1717 8394371.7061, -13192016.6115 8394276.5457, -13192177.3203 8394240.8257, -13192468.2653 8394284.7594, -13192733.8013 8394264.8225, -13193060.6568 8394014.8194, -13192951.4295 8393565.8392, -13193092.8449 8393420.316, -13193220.6788 8393316.4562, -13193378.6503 8393270.1559, -13193534.2123 8393286.8018, -13193577.8962 8393276.6945, -13193572.182 8393169.2137, -13193542.5691 8393176.839, -13193379.7099 8393152.9794, -13193223.1925 8393058.5555, -13193159.2927 8392976.9176, -13193105.0961 8392802.1403, -13193120.8181 8392638.0336, -13193198.6357 8392492.7695, -13193326.4524 8392388.9212, -13193484.4033 8392342.6248, -13193601.0496 8392355.7838, -13193759.9914 8392186.4034, -13193874.5645 8392019.1037, -13193960.6891 8391815.3615, -13194003.6248 8391588.3124, -13194115.3788 8391379.6385, -13194249.7669 8391235.9966, -13194461.3354 8390941.5559, -13194547.4316 8390737.837, -13194588.0805 8390534.3143, -13194665.8678 8390389.039, -13194813.0677 8390279.4937, -13194853.3493 8390214.9079, -13194987.675 8390119.7487, -13195148.278 8390083.9857, -13195310.1998 8390113.1761, -13195448.2781 8390202.784, -13195636.6088 8390475.6161, -13195754.5338 8390444.997, -13196061.4941 8390269.66529999, -13196219.3814 8390223.3248, -13196382.8809 8390241.7081, -13196526.583 8390321.9588, -13196628.1579 8390451.6089, -13196674.6558 8390620.8454, -13196693.431 8390866.5301, -13196712.5661 8390939.4894, -13196883.3416 8390837.5834, -13197021.3784 8390797.05229999, -13196990.4324 8390757.1836, -13197406.5151 8390457.78410001, -13197567.113 8390421.9668, -13197729.0504 8390451.1048, -13197867.164 8390540.67090001, -13197959.9894 8390676.74809999, -13197993.0984 8390838.1918, -13197957.8449 8391017.7157, -13197903.0248 8391105.6949, -13197757.5033 8391216.284, -13197598.1599 8391257.4094, -13197488.5022 8391241.4057, -13197475.6922 8391340.9858, -13197393.2181 8391483.6177, -13197261.8033 8391583.4724, -13197076.4591 8391653.5805, -13196899.2005 8391763.3846, -13196739.8402 8391804.4947, -13196701.9768 8391798.9646, -13196848.7782 8392038.3753, -13196908.3452 8392255.1485, -13196914.2413 8392452.4086, -13196962.4747 8392669.8636, -13196941.4298 8392833.3699, -13196858.9292 8392976.0251, -13196806.8186 8393015.6286, -13197030.9027 8393216.3799, -13197245.161 8393323.02970001, -13197487.1578 8393379.7448, -13197630.937 8393460.0088, -13197732.5751 8393589.6974, -13197753.5742 8393666.0805, -13198005.4504 8393626.75330001, -13197775.83 8393435.3722, -13197737.141 8393096.4952, -13197840.6511 8392872.5633, -13198100.5594 8392800.8427, -13198407.8927 8392899.43, -13198509.5366 8393029.0981, -13198553.2516 8393188.0424, -13198534.2842 8393335.6616, -13198635.9731 8393305.7779, -13198799.5455 8393324.1137, -13199139.2568 8393506.5586, -13199278.7357 8393554.4147, -13199476.9219 8393593.6985, -13199736.6451 8393713.2783, -13199935.227 8393753.3971, -13200137.8031 8393754.8181, -13200283.3855 8393731.46, -13200424.3042 8393688.0314, -13200580.2581 8393592.8156, -13200653.462 8393579.2843, -13200728.7148 8393513.2869, -13200874.4806 8393470.4024, -13200931.4798 8393507.06539999, -13201002.1346 8393498.1847, -13201654.5262 8393328.7637, -13202035.8859 8393383.1321, -13202201.3789 8393372.6593, -13202345.5246 8393341.6625, -13202483.9587 8393290.87, -13202535.3853 8393241.8372, -13202639.0813 8393229.0159, -13202732.9955 8393183.0408, -13202768.1062 8393115.9844, -13202832.7204 8393054.0749, -13202912.0237 8393009.661, -13202992.5242 8392920.5622, -13203195.0194 8392924.45, -13203425.7609 8392650.6965, -13204123.6711 8392215.6314, -13204348.8663 8391416.7123, -13205076.3497 8390491.1165, -13205652.63 8389578.1538, -13205616.0981 8389284.27759999, -13205494.5639 8389248.5967, -13205440.7075 8389341.9705, -13205309.7541 8389441.7, -13205150.494 8389482.97779999, -13204987.6838 8389459.3865, -13204831.1014 8389365.2581, -13204719.2321 8389219.5281, -13204707.7712 8389119.0927, -13204641.5125 8389034.7109, -13204604.4521 8388904.0652, -13204610.2774 8388786.0766, -13204637.8382 8388734.4366, -13204624.593 8388677.7448, -13204634.9434 8388613.6038, -13204750.4623 8388427.834, -13204884.6247 8388332.52009999, -13205063.2987 8388289.1002, -13205217.3288 8388227.8949, -13205402.3039 8388108.969, -13205304.7057 8388152.575, -13205101.7401 8388205.1793, -13204910.892 8388174.4377, -13204754.3383 8388080.3237, -13204690.3571 8387998.8427, -13204625.1649 8387789.75199999, -13204612.9129 8387566.393, -13204553.5565 8387339.6452, -13204541.2173 8387060.237, -13204505.2508 8386917.1525, -13204441.4963 8386763.977, -13204354.6084 8386622.6793, -13204233.5557 8386483.8305, -13204090.2763 8386368.1464, -13203799.1887 8386191.532, -13203701.8791 8386058.7619, -13203663.3628 8385898.6384, -13203689.6221 8385736.0506, -13203776.5726 8385596.2651, -13203910.6971 8385501.0061, -13204071.1531 8385465.0732, -13204405.8447 8385521.599, -13204407.725 8385335.6185, -13204647.0951 8384873.4518, -13205072.1026 8384558.9064, -13205157.9487 8384456.3088, -13205016.2379 8384098.1174, -13205036.7497 8383880.35769999, -13205114.2412 8383735.1456, -13205241.737 8383631.2189, -13205451.6607 8383569.3232, -13205633.0204 8383552.8349, -13205793.2429 8383510.90519999, -13205977.1146 8383426.4132, -13206107.8748 8383333.8427, -13206127.2324 8383297.556, -13206254.7062 8383193.6182, -13206412.3748 8383147.1069, -13206575.7385 8383165.2487, -13206663.395 8383214.044, -13206765.344 8383232.2602, -13206903.4272 8383321.5699, -13207033.5553 8383511.8361, -13207128.3991 8383693.7452, -13207304.5474 8383936.7073, -13207536.3864 8383958.3111, -13207680.0819 8384038.2757, -13207781.7611 8384167.6594, -13207825.6188 8384326.356, -13207798.0113 8384543.34, -13207732.9293 8384679.9121, -13207768.8242 8384844.9815, -13207722.9127 8385080.4123, -13207654.7714 8385291.9895, -13207640.8477 8385417.45530001, -13207755.7177 8385875.3705, -13207716.3528 8385949.071, -13207712.8733 8386075.4742, -13207514.316 8386396.2223, -13207502.1494 8386491.8199, -13207477.6613 8386547.3201, -13207440.9484 8386971.8746, -13207358.7165 8387114.5295, -13207227.211 8387214.7323, -13207049.3127 8387283.01519999, -13206891.8027 8387378.3867, -13206753.2143 8387499.7059, -13206670.2448 8387603.9654, -13206713.8276 8387595.8835, -13207261.1485 8387905.6522, -13207591.196 8388121.1577, -13207564.3467 8388660.9591, -13207270.7396 8389236.7827, -13206877.5318 8389931.484, -13206060.8244 8391159.705, -13206020.9824 8391632.5555, -13206108.6566 8391561.9253, -13206266.5042 8391515.3612, -13206430.0535 8391533.5234, -13206573.8867 8391613.589, -13206696.3229 8391769.4265, -13206773.7089 8391910.5692, -13206874.9823 8392042.05349999, -13207010.0087 8392167.5097, -13207148.5071 8392258.8014, -13207299.5604 8392327.2645, -13207441.3675 8392367.5783, -13207939.4779 8392420.8929, -13208083.3445 8392500.9379, -13208185.1503 8392630.4621, -13208229.0703 8392789.3364, -13208208.2757 8392952.87300001, -13208330.8848 8392912.6744, -13208438.0511 8392758.7006, -13208621.5525 8392590.8456, -13208913.4405 8392546.0429, -13208984.9018 8392407.2015, -13209038.2311 8392230.6201, -13209085.958 8391941.01299999, -13209172.8757 8391801.0473, -13209459.8809 8391595.3425, -13209637.8103 8391437.231, -13209965.4434 8391355.2641, -13210164.899 8391377.3115, -13210241.5459 8391413.5109, -13210374.6941 8391582.8093, -13210420.0775 8391746.7896, -13210421.8371 8391882.78549999, -13210490.3046 8391847.5694, -13210758.2385 8391642.1144, -13210916.0566 8391595.4505, -13211079.6171 8391613.509, -13211223.5011 8391693.4837, -13211392.3602 8391877.0128, -13211589.9359 8392012.07989999, -13211777.3026 8392089.0956, -13211989.4657 8392134.2673, -13212127.7793 8392223.5819, -13212220.8862 8392359.5044, -13212290.0195 8392606.4999, -13212415.6417 8392831.7047, -13212510.7837 8392944.4985, -13212620.6742 8393042.931, -13212904.4059 8393214.768, -13213006.3051 8393344.2358, -13213050.333 8393503.0946, -13213029.6439 8393666.65869999, -13212947.4028 8393809.5851, -13212779.5785 8393971.1829, -13212648.2047 8394171.4989, -13212579.7814 8394342.8297, -13212542.0968 8394523.4635, -13212538.9974 8394744.7669, -13212581.9017 8394961.88620001, -13212668.9385 8395165.3305, -13212827.7209 8395404.9759, -13212861.1776 8395566.4492, -13212826.2674 8395746.15209999, -13212771.5926 8395834.2959, -13212626.208 8395945.2478, -13212382.145 8396027.548, -13212164.1023 8396165.0584, -13211996.9209 8396336.62169999, -13211807.5676 8396631.0074, -13211662.1526 8396741.9527, -13211502.7741 8396783.4114, -13211286.0757 8396752.20620001, -13211042.3446 8396673.9626, -13210803.6673 8396655.9186, -13210695.0463 8396665.7171, -13210514.8646 8396639.7506, -13210358.0594 8396545.6528, -13210293.9418 8396464.1299, -13210255.4342 8396340.96459999, -13210126.9359 8396545.3856, -13210076.0259 8396697.512, -13210252.2376 8396910.28369999, -13210486.0729 8397080.4972, -13210579.213 8397216.5292, -13210612.6295 8397378.0533, -13210591.2743 8397559.1832, -13210598.7893 8397723.0816, -13210562.0898 8397911.6911, -13210507.3722 8397999.8445, -13210361.9105 8398110.7855, -13210052.3305 8398200.9472, -13209827.2953 8398326.8058, -13209627.6363 8398517.7579, -13209491.7131 8398737.1236, -13209479.6187 8398773.6976, -13209509.5422 8398918.44349999, -13209473.1371 8399105.3958, -13209407.0782 8399258.6802, -13209363.0183 8399437.9885, -13209353.2924 8399677.6451, -13209399.4346 8399921.5657, -13209378.6488 8400085.2633, -13209239.685 8400299.1976, -13209184.7481 8400456.0837, -13209142.8773 8400658.9592, -13209088.1229 8400747.135, -13208942.5857 8400858.0907, -13208783.1024 8400899.5153, -13208566.4845 8400868.2421, -13208285.8214 8400660.7094, -13208014.9126 8400631.2154, -13207830.5314 8400631.7349, -13207684.8398 8400655.2666, -13207543.834 8400698.8772, -13207301.5203 8400831.52839999, -13207096.0505 8401029.6684, -13206935.4013 8401152.0762, -13206775.8994 8401193.4592, -13206406.5793 8401140.3394, -13206240.7232 8401133.5178, -13206075.843 8401152.7659, -13205915.9969 8401197.6102, -13205781.3229 8401258.0817, -13205586.4261 8401375.80349999, -13205357.1503 8401461.7727, -13205225.8106 8401529.2141, -13205076.8866 8401638.1525, -13204894.1474 8401844.378, -13204918.3815 8401917.3806, -13204999.6442 8402051.7305, -13205128.6133 8402168.8777, -13205172.3843 8402173.7444, -13205421.4114 8402280.3238, -13205806.1994 8402354.5095, -13206005.0798 8402483.1623, -13206136.2321 8402616.7761, -13206285.722 8402724.9794, -13206486.4404 8402818.0956, -13206688.9259 8402866.7611, -13206854.2224 8402973.6611, -13207021.2557 8403118.2629, -13207507.3334 8403431.6842, -13207637.8745 8403500.74679999, -13207776.7429 8403550.9365, -13207976.2965 8403587.4026, -13208179.1304 8403585.0523, -13208342.3124 8403554.2724, -13208766.5379 8403429.23569999, -13209066.9992 8403409.6399, -13209282.5432 8403448.0671, -13209583.3698 8403633.0592, -13209827.4994 8403716.4246, -13210066.0526 8403738.6869, -13210213.0843 8403725.3383, -13210369.4354 8403687.9839, -13210533.264 8403706.0793, -13210724.7015 8403812.4952, -13210893.8587 8403979.32190001, -13211077.6707 8404102.648, -13211265.3423 8404179.7972, -13211517.735 8404232.1484, -13211656.2729 8404321.614, -13211749.5286 8404457.7627, -13211820.0016 8404782.1913, -13211928.8428 8405031.94139999, -13211963.3767 8405198.6951, -13211928.4032 8405378.62919999, -13211836.7653 8405546.1346, -13211777.2816 8405721.0822, -13211749.028 8405903.7228, -13211751.0334 8406070.09319999, -13211774.6242 8406216.1241, -13211818.2764 8406357.4477, -13211881.1416 8406491.3125, -13211961.9965 8406615.1119, -13212072.4902 8406739.3627, -13212216.2947 8406855.2, -13212377.9997 8406944.262, -13212552.6906 8407003.8402, -13212716.6324 8407030.7356, -13212882.7562 8407031.6067, -13213334.5865 8406941.67450001, -13213514.8193 8406973.6972, -13213619.383 8407036.3807, -13213762.5144 8407245.2212, -13213858.4612 8407439.3627, -13213976.5862 8407598.941, -13214020.7262 8407758.0991, -13213998.8949 8407983.9243, -13214015.5596 8408186.5475, -13214063.9828 8408364.9521, -13214142.6013 8408532.2271, -13214273.3795 8408711.1394, -13214453.5283 8408869.6003, -13214647.5513 8408976.3828, -13214866.8692 8409043.7871, -13215035.9798 8409152.8829, -13215129.3598 8409289.075, -13215214.1173 8409716.8432, -13215356.7092 8410167.186, -13215475.5941 8410375.7867, -13215624.3932 8410540.0384, -13215756.6456 8410640.8726, -13215903.0205 8410719.74, -13216059.9127 8410774.6971, -13216241.8659 8410806.0911, -13216463.2506 8410801.3363, -13216746.3256 8410742.3746, -13217248.6336 8410842.5715, -13217414.842 8410843.3388, -13217583.02 8410817.0944, -13217900.249 8410842.7412, -13218101.8872 8410818.8674, -13218294.3319 8410757.2824, -13218330.6766 8410917.5914, -13218384.222 8411055.5576, -13218590.3105 8411380.2546, -13218631.2129 8411576.8465, -13218685.8 8411291.1465, -13218662.919 8411015.1103, -13218615.0283 8410855.6802, -13218533.3807 8410689.8052, -13218424.2224 8410540.6534, -13218290.8704 8410412.7548, -13218153.5039 8410319.0428, -13217985.8547 8410241.5956, -13217825.5184 8410197.7804, -13217590.47 8410163.0172, -13217448.8748 8410078.2393, -13217241.2428 8409820.7631, -13217313.5246 8409661.1614, -13217425.0449 8409481.1121, -13217559.4172 8409385.2901, -13217720.3192 8409348.9335, -13217882.7459 8409377.6916, -13218021.4569 8409467.0959, -13218143.1756 8409635.0849, -13218274.2621 8409765.2845, -13218409.9663 8409861.3744, -13218559.0093 8409935.0148, -13218830.7232 8410003.3824, -13218846.842 8409779.5358, -13218922.0722 8409616.7539, -13218857.5454 8409380.5043, -13218792.2066 8409247.7717, -13218704.8874 8409120.1423, -13218649.9618 8408945.18639999, -13218668.4376 8408745.03499999, -13218714.9859 8408547.0946, -13218724.6571 8408399.4375, -13218707.7805 8408215.3323, -13218652.7007 8408019.6537, -13218541.1021 8407807.1413, -13218384.6467 8407625.2239, -13218207.3157 8407492.5479, -13217985.516 8407392.8837, -13217790.7452 8407276.2792, -13217692.9007 8407143.3258, -13217641.1774 8406930.1289, -13217690.4427 8406629.2758, -13217685.6609 8406407.6493, -13217640.9197 8406209.39280001, -13217550.075 8406007.2658, -13217443.6211 8405856.3084, -13217326.7165 8405738.1213, -13216822.1372 8405386.7524, -13216628.8076 8405142.3813, -13216511.9273 8405024.1923, -13216143.2395 8404784.9842, -13216028.5116 8404629.0135, -13216003.7021 8404509.5475, -13216032.6137 8404328.561, -13216119.54 8404188.2777, -13216253.8345 8404092.5497, -13216414.6285 8404056.2497, -13216797.4157 8404112.9172, -13216944.9432 8404107.1594, -13217092.5253 8404080.7561, -13217254.8335 8404109.5098, -13217438.9473 8404228.203, -13217578.6611 8404432.951, -13217735.7528 8404589.00779999, -13217889.1204 8404691.7008, -13218211.052 8404855.4135, -13218384.6756 8404917.8812, -13218589.7441 8404949.0959, -13218661.9489 8404775.2398, -13218697.1981 8404612.6798, -13218705.7816 8404422.2351, -13218739.8591 8404208.4073, -13218826.7319 8404068.0952, -13218960.9881 8403972.32, -13219121.7652 8403935.9616, -13219284.0767 8403964.66969999, -13219422.701 8404053.9838, -13219516.0946 8404190.0259, -13219549.741 8404351.6571, -13219514.9571 8404531.6033, -13219458.2324 8404628.2405, -13219711.5959 8404438.351, -13219832.0009 8404298.3593, -13219962.7387 8404054.5846, -13220024.0198 8403803.6207, -13220022.8681 8403545.2704, -13219948.4784 8403210.9311, -13219974.4312 8403047.9102, -13220061.2665 8402907.6064, -13220403.6665 8402666.6716, -13220704.9581 8402420.8395, -13220862.9388 8402373.8904, -13221214.1598 8402410.21369999, -13221398.4358 8402402.9108, -13221923.5215 8402260.9587, -13222347.518 8402351.6508, -13222512.8449 8402366.7967, -13222733.0861 8402346.4249, -13223015.7371 8402266.9993, -13223179.5589 8402284.809, -13223360.7622 8402365.9532, -13223539.9207 8402409.7595, -13223754.8726 8402429.2866, -13223938.7764 8402415.4827, -13224121.5481 8402370.9666, -13224274.6049 8402306.5564, -13224415.7152 8402218.9536, -13224554.2781 8402097.0595, -13224648.5746 8401983.323, -13224734.59 8401841.1007, -13224797.3325 8401687.15339999, -13224833.8879 8401536.5542, -13224936.5364 8401342.9294, -13225064.0451 8401238.4102, -13225221.9712 8401191.3759, -13225385.7739 8401209.1341, -13225588.5399 8401319.4133, -13225725.6615 8401374.07419999, -13225887.2696 8401412.0413, -13226052.8181 8401424.2138, -13226272.6294 8401399.8925, -13226608.933 8401302.7267, -13227098.0316 8401344.0123, -13227298.9255 8401316.4062, -13227619.6575 8401222.5664, -13227837.2509 8401246.0837, -13228293.946 8401509.288, -13228429.8141 8401681.1654, -13228523.1013 8401876.2975, -13228657.192 8402052.4709, -13228840.2021 8402207.2577, -13229053.2894 8402316.8357, -13229334.5837 8402381.253, -13229545.0017 8402452.5933, -13229746.2216 8402477.9467, -13229984.903 8402457.7346, -13230355.7292 8402351.6779, -13230519.5676 8402369.3236, -13230722.0143 8402476.1399, -13230914.7183 8402539.456, -13231097.4923 8402564.0755, -13231290.1096 8402555.372, -13231462.8657 8402585.6329, -13231601.6068 8402674.6978, -13231900.6702 8403069.7033, -13232058.0294 8403225.4195, -13232227.8446 8403336.5178, -13232452.1905 8403423.3249, -13232664.2293 8403540.366, -13232776.0995 8403681.7114, -13232918.0829 8403932.8474, -13233098.4036 8404117.5718, -13233301.2704 8404245.24889999, -13233456.1503 8404305.2374, -13233608.3073 8404338.7819, -13233822.5425 8404463.8709, -13233945.0128 8404641.5208, -13233999.8425 8404846.1856, -13234098.0978 8405044.7546, -13234210.0609 8405191.6226, -13234427.3874 8405410.8639, -13234486.5856 8405622.044, -13234459.6993 8405839.7393, -13234396.2643 8405998.306, -13234358.5283 8406160.3299, -13234346.5595 8406326.2758, -13234361.9384 8406499.5936, -13234315.0458 8406801.077, -13234201.0638 8406931.4109, -13233787.3608 8407211.5584, -13233673.1709 8407305.3897, -13233561.7152 8407428.7841, -13233403.105 8407650.0567, -13233302.6196 8407712.4195, -13233100.9823 8407789.0924, -13232970.9997 8407859.3681, -13232838.0671 8407959.1876, -13232722.3563 8408078.6083, -13232591.2885 8408279.658, -13232508.7249 8408505.0937, -13232478.9016 8408743.3629, -13232506.6586 8408996.7662, -13232400.9768 8408834.368, -13232260.3532 8408687.7497, -13232110.3698 8408579.9984, -13231939.5178 8408494.3901, -13231840.4009 8408416.4567, -13231610.0778 8408104.7691, -13231556.9601 8408015.5853, -13231519.9685 8407910.6663, -13231521.149 8407763.0039, -13231560.4769 8407628.6506, -13231632.881 8407533.7572, -13231856.6131 8407349.4852, -13231979.2551 8407211.3657, -13232092.0804 8407020.6482, -13232162.85 8406810.6061, -13232206.3157 8406545.89850001, -13232201.0975 8406324.2928, -13232115.2124 8405910.8913, -13232026.0237 8405688.0926, -13231901.1754 8405505.1012, -13231741.0799 8405352.11, -13231536.0135 8405227.9367, -13231294.2365 8405149.7219, -13231039.259 8404997.69609999, -13230887.6311 8404816.5934, -13230712.4821 8404681.1903, -13230581.7119 8404612.5317, -13230424.8496 8404557.9302, -13230261.3931 8404528.5776, -13230006.3373 8404534.2078, -13229830.2154 8404521.1103, -13229644.0362 8404467.88490001, -13229460.471 8404449.6297, -13229258.3305 8404466.7343, -13229080.4231 8404515.57729999, -13228897.8212 8404604.1007, -13228735.4315 8404725.8963, -13228610.3823 8404861.7501, -13228465.0842 8405071.0561, -13228402.31 8405129.9207, -13228203.0284 8405240.932, -13228089.3754 8405283.207, -13227979.7001 8405300.6123, -13227834.9935 8405272.6774, -13227757.1245 8405236.1322, -13227501.0572 8405049.35899999, -13227264.8285 8404945.553, -13226992.0919 8404901.36069999, -13226717.2294 8404929.372, -13226475.3027 8405019.0487, -13226262.2126 8405164.68330001, -13226112.1724 8405327.5771, -13225928.8489 8405616.8186, -13225864.1722 8405668.5931, -13225652.3212 8405724.1429, -13225434.0048 8405693.1392, -13225280.367 8405639.7983, -13225135.2694 8405612.3267, -13224969.3036 8405605.9264, -13224804.3809 8405625.6078, -13224627.2902 8405677.4552, -13224461.8747 8405759.3152, -13224048.4271 8406081.2267, -13223888.9221 8406123.0093, -13223706.1952 8406108.4181, -13223540.6729 8406122.2949, -13223276.1118 8406202.2171, -13222927.747 8406370.8952, -13222705.9783 8406527.30219999, -13222453.3831 8406664.4993, -13222265.5205 8406841.6716, -13222126.0199 8407059.1083, -13222039.5733 8407322.0522, -13222024.0105 8407598.4582, -13222080.4002 8407869.4903, -13222212.7146 8408146.3235, -13222224.6762 8408342.4519, -13222143.4907 8408636.8197, -13221983.4696 8408896.4717, -13221743.6863 8408969.1338, -13221466.0854 8408937.067, -13221542.5523 8408986.3007, -13221703.3845 8409159.956, -13221888.0706 8409287.8179, -13221990.3536 8409417.4356, -13222034.6772 8409576.5805, -13222014.1499 8409740.5229, -13221931.958 8409883.78059999, -13221743.6369 8410027.8805, -13221551.245 8410127.84749999, -13221157.7837 8410425.4516, -13220940.1989 8410558.23439999, -13220805.7522 8410684.9814, -13220661.4362 8410876.5282, -13220487.2636 8411009.7549, -13220237.7242 8411076.0456, -13220268.9586 8411437.7681, -13220260.3453 8411494.0982, -13220229.308 8411536.7233, -13220121.4471 8411569.5902, -13219938.5503 8411562.2244, -13219786.3439 8411519.37560001, -13219695.9601 8411450.908, -13219589.3217 8411602.0737, -13219529.8078 8411737.5784, -13219489.6984 8411880.0634, -13219467.5205 8412100.7898, -13219481.2947 8412266.736, -13219519.0314 8412426.4024, -13219498.441 8412590.4024, -13219416.1688 8412733.6887, -13219282.9907 8412835.5241, -13219084.3513 8412907.2829, -13218942.4381 8412918.2503, -13218921.6461 8413025.7777, -13218769.6035 8413410.2988, -13218706.8495 8413628.7923, -13218437.9627 8413873.7668, -13218228.2909 8414017.2574, -13218110.1848 8414134.5048, -13217966.6559 8414349.6056, -13217879.3345 8414593.1044, -13217853.6645 8414794.9629, -13217864.1074 8414979.7114, -13218008.6078 8415504.8463, -13217960.0532 8415906.0979, -13217968.7205 8416127.8914, -13218011.0437 8416308.0485, -13218120.1195 8416540.3477, -13218178.9964 8416752.16089999, -13218158.366 8416916.2538, -13218076.0207 8417059.6103, -13217944.7567 8417159.9464, -13217784.9757 8417201.6641, -13217621.5151 8417178.2775, -13217464.1794 8417084.08, -13217275.7678 8416857.6038, -13217163.752 8416760.8748, -13217014.4639 8416664.9415, -13216916.5053 8416531.8107, -13216877.5301 8416371.10409999, -13216903.9013 8416205.8638, -13216974.0514 8416056.7026, -13217028.0645 8415857.19829999, -13217108.1986 8415676.9531, -13217157.1569 8415460.4883, -13217156.0964 8415201.72789999, -13217092.5761 8414950.91879999, -13217020.3682 8414800.8603, -13216937.1906 8414678.4182, -13216824.3454 8414556.0651, -13216693.7851 8414452.9001, -13216548.7237 8414371.4619, -13216392.7327 8414313.7544, -13216229.6515 8414281.1972), (-13203329.3406 8396870.322, -13203305.0226 8396614.297, -13203432.4264 8396317.5405, -13203481.0367 8396064.0727, -13203463.5848 8395788.1994, -13203362.8217 8395445.731, -13203296.3515 8395293.5085, -13203206.9302 8395153.5778, -13203096.7605 8395029.3825, -13202968.555 8394923.9792, -13202825.4704 8394839.9617, -13202671.029 8394779.3969, -13202509.0324 8394743.7754, -13202325.0282 8394734.4946, -13202142.2097 8394757.35629999, -13201929.9193 8394817.47469999, -13201674.1565 8394780.302, -13201527.3171 8394735.1382, -13201363.2386 8394710.8971, -13201179.0358 8394714.4674, -13200998.2491 8394750.01959999, -13200793.5281 8394833.3118, -13200610.5631 8394957.4165, -13200457.3492 8395116.9136, -13200340.5827 8395304.8366, -13200280.064 8395459.5314, -13200244.4475 8395621.8082, -13200234.6118 8395787.67189999, -13200252.1781 8395960.4111, -13200206.4773 8396193.5297, -13200148.2425 8396337.1985, -13200109.7969 8396498.8465, -13200097.0685 8396664.5323, -13200110.3727 8396830.1766, -13200153.3681 8397010.54649999, -13200185.1894 8397271.3719, -13200286.8024 8397528.4386, -13200378.6242 8397666.8662, -13200477.5284 8397776.5011, -13200605.7494 8397881.9883, -13200748.8692 8397966.083, -13200885.7515 8398021.187, -13201028.9592 8398056.6698, -13201194.154 8398072.289, -13201457.6525 8398061.6712, -13201657.0829 8398124.79200001, -13201801.953 8398152.7035, -13201986.176 8398158.7805, -13202168.6528 8398132.7167, -13202377.5239 8398060.198, -13202567.1284 8397945.4862, -13202739.1221 8397878.933, -13202881.9082 8397794.2766, -13203085.0191 8397607.0458, -13203224.9135 8397390.2417, -13203290.5875 8397217.7486, -13203325.3591 8397036.4569, -13203329.3406 8396870.322)), ((-13186993.9373 8509260.74419999, -13187154.4485 8509213.8024, -13187320.6008 8509232.6437, -13187466.5725 8509314.3403, -13187569.6812 8509446.1997, -13187613.8991 8509607.7301, -13187592.3511 8509773.8311, -13187508.3818 8509918.6848, -13187375.04 8510019.7743, -13187213.0501 8510061.3845, -13187047.5932 8510037.04609999, -13186888.622 8509941.0194, -13186823.7461 8509858.0383, -13186768.7847 8509680.435, -13186784.8568 8509513.7148, -13186864.009 8509366.1758, -13186993.9373 8509260.74419999)))"
59,21148,1734,2023-10-15 06:33:14,PWF093, ,27543.7,2023-09-23,0700,0 - hand sketch of any type,Wildfire,Being Held,2023/09/29 14:40:48,E,27174.4,1688841600000,Lightning,5,595a719d-2166-43e5-9797-12d8e6eb6a52,978470551.242188,269822.848919168,"MULTIPOLYGON (((-13332681.897 7992523.9441, -13332753.5457 7992384.33, -13332872.8735 7992283.8228, -13333194.1153 7992173.9036, -13333316.1745 7992105.9588, -13333427.6051 7992021.6552, -13333580.5198 7991854.1192, -13333707.555 7991631.9559, -13333826.858 7991531.4444, -13334210.6954 7991423.893, -13334371.1953 7991355.42230001, -13334544.5066 7991238.0113, -13334685.5259 7991092.28369999, -13334842.0608 7990960.3694, -13335227.6183 7990849.7083, -13335372.615 7990789.3209, -13335547.9162 7990674.94399999, -13335856.1502 7990391.4447, -13336223.5755 7990271.23979999, -13336448.4547 7990138.1019, -13336587.3956 7990005.6273, -13336707.1261 7989833.787, -13336802.4999 7989590.17409999, -13336837.9276 7989309.82, -13336909.1055 7989170.9379, -13337028.3261 7989070.4103, -13337177.0603 7989023.858, -13337383.1334 7989043.3257, -13337559.841 7989124.11289999, -13337710.4351 7989168.5477, -13337883.5598 7989189.5649, -13338060.0609 7989181.4617, -13338231.7522 7989150.8406, -13338379.6489 7989098.09269999, -13338517.4858 7989022.8124, -13338641.8685 7988926.8551, -13338852.5273 7988716.9505, -13338940.1712 7988608.1303, -13339034.3073 7988440.7507, -13339090.7877 7988275.4697, -13339117.7615 7988102.8773, -13339114.4113 7987928.2184, -13339085.5361 7987773.64549999, -13339021.1929 7987573.8414, -13339033.216 7987418.2228, -13339109.8617 7987250.9531, -13339151.5378 7987099.3557, -13339166.7047 7986834.3339, -13339194.8121 7986639.268, -13339274.9262 7986505.4259, -13339400.4432 7986413.0078, -13339649.3526 7986324.1904, -13339864.2329 7986175.6451, -13340013.9436 7986005.4712, -13340140.7505 7985777.7755, -13340259.874 7985677.2443, -13340628.9083 7985561.0821, -13340757.2183 7985506.21720001, -13340918.6766 7985402.7119, -13341057.4511 7985270.2421, -13341159.6155 7985128.761, -13341235.7026 7984971.6576, -13341308.7466 7984660.9438, -13341466.2511 7984335.5614, -13341507.8647 7984184.0112, -13341526.9138 7984019.5261, -13341597.9564 7983880.7007, -13341727.4905 7983771.3419, -13341878.8229 7983690.0863, -13342022.7951 7983572.4907, -13341991.3513 7983464.8111, -13342013.5423 7983310.4074, -13342093.5715 7983176.5966, -13342250.3744 7983061.0539, -13342440.4346 7982951.89559999, -13342606.9559 7982798.3439, -13342734.726 7982611.1998, -13342791.1619 7982483.4387, -13342828.8051 7982351.3128, -13342911.7802 7982212.5433, -13343068.9521 7982096.7032, -13343257.9622 7981987.9833, -13343412.9171 7981847.55, -13343552.1791 7981647.301, -13343645.6832 7981389.8841, -13343728.8755 7981250.7183, -13343854.2496 7981158.2939, -13344005.5348 7981121.5974, -13344197.0742 7981146.3702, -13344388.4403 7981137.533, -13344558.0788 7981097.8562, -13344645.0711 7981058.6763, -13344730.7309 7980895.0916, -13344856.0865 7980802.655, -13345007.359 7980765.9404, -13345360.9986 7980818.5265, -13345604.2025 7980805.1253, -13345893.9482 7980737.9298, -13346121.1729 7980561.0249, -13346275.7766 7980350.5196, -13346334.3523 7980223.7772, -13346375.48 7980086.7636, -13346459.501 7979946.0968, -13346584.819 7979853.644, -13346625.2393 7979843.8244, -13346796.7048 7979697.2832, -13346906.8197 7979575.2534, -13347131.4804 7979410.9957, -13347279.957 7979364.3097, -13347434.9057 7979378.7428, -13347622.2513 7979472.0857, -13347790.393 7979522.7229, -13348055.6214 7979346.4022, -13348301.588 7979269.02709999, -13348564.9224 7979258.1185, -13348798.4991 7979279.8341, -13348924.7583 7979347.1988, -13349342.1713 7978871.0224, -13349337.0787 7978779.1043, -13349290.8585 7978576.3878, -13349320.1206 7978371.397, -13349481.794 7978132.5972, -13349607.0438 7978040.11819999, -13349758.2354 7978003.3232, -13349911.8717 7978027.93, -13350014.1648 7978091.5196, -13350362.1516 7977657.1333, -13350765.5486 7977108.2208, -13351000.8985 7976731.1067, -13351145.5718 7976437.1517, -13351209.3706 7976232.027, -13351225.8821 7976127.8236, -13351223.1631 7975921.9545, -13351204.5619 7975820.4812, -13351132.9074 7975631.8287, -13351023.2507 7975471.2386, -13350885.1456 7975338.7953, -13350575.6577 7975137.958, -13349752.4201 7974709.5299, -13349103.1554 7974303.5397, -13348869.3128 7974120.8565, -13348723.211 7973980.51919999, -13348535.3203 7973735.2243, -13348442.1409 7973546.9898, -13348375.291 7973347.1776, -13348339.9953 7973137.6619, -13348336.2513 7973029.7538, -13348374.3134 7972710.147, -13348582.2887 7971902.8882, -13348639.3541 7971618.6512, -13348662.1362 7971341.7884, -13348646.7999 7971163.7394, -13348570.6899 7970916.411, -13348485.5456 7970774.9214, -13348379.3223 7970656.3575, -13348201.1769 7970531.4652, -13348076.0707 7970494.5348, -13347957.1377 7970492.2499, -13347852.3607 7970525.363, -13347769.9551 7970586.3038, -13347711.0039 7970671.5304, -13347675.6685 7970774.0785, -13347643.6734 7971318.1966, -13347618.371 7971499.7223, -13347486.7479 7971968.09139999, -13347352.0611 7972306.7455, -13347457.9772 7972445.7719, -13347492.1255 7972597.7377, -13347462.0093 7972768.0063, -13347411.7806 7972852.1195, -13347276.2635 7972959.2152, -13347025.3822 7973031.1367, -13346891.6047 7973089.8538, -13346926.658 7973243.1584, -13346896.5267 7973413.4397, -13346846.2874 7973497.5567, -13346690.3999 7973620.7318, -13346515.7325 7973719.2671, -13346395.1156 7973819.4304, -13346261.3799 7973979.9803, -13346119.2937 7974229.3703, -13345997.1777 7974325.8425, -13345847.3332 7974367.5285, -13345693.0523 7974347.9477, -13345543.4827 7974261.5782, -13345481.638 7974185.6045, -13345394.3966 7973934.7887, -13344982.3582 7974143.3694, -13344550.3891 7974389.1082, -13344430.249 7974488.6729, -13344338.396 7974615.1201, -13344193.7833 7974909.9685, -13343814.9812 7975602.7489, -13343632.2708 7976036.1609, -13343767.7237 7976186.1699, -13343811.773 7976335.6381, -13343800.5899 7976437.3398, -13343847.7454 7976607.818, -13343817.5325 7976778.16579999, -13343767.237 7976862.301, -13343631.5953 7976969.3911, -13343481.684 7977011.0462, -13343376.6167 7976997.6791, -13343290.0911 7977208.2327, -13343056.9293 7977578.6358, -13342386.1992 7978397.4841, -13342377.7965 7978620.98, -13342439.6798 7978936.5858, -13342409.4269 7979106.9817, -13342359.1004 7979191.1342, -13342223.3969 7979298.2336, -13342168.5415 7979313.4658, -13342268.483 7979787.2436, -13342274.707 7980007.3554, -13342253.5376 7980149.2072, -13342213.7193 7980285.5808, -13342154.0956 7980413.9847, -13342065.8796 7980525.7262, -13341880.1388 7980652.0045, -13340949.8288 7981028.5947, -13340437.5603 7981279.4069, -13339972.7929 7981538.318, -13339668.726 7981672.4308, -13339474.5847 7981731.3926, -13339339.089 7981756.2063, -13339131.5565 7981769.5382, -13338997.2225 7981760.8267, -13338798.7432 7981721.6269, -13338353.514 7981580.2996, -13338230.6162 7981512.6839, -13338082.79 7981394.0123, -13337967.3127 7981403.0866, -13337750.4557 7981467.8148, -13337525.8558 7981600.831, -13337340.7592 7981790.954, -13337200.4942 7981901.5032, -13336821.6891 7982007.5063, -13336676.8723 7982067.8464, -13336501.7861 7982182.1132, -13336333.0801 7982357.5489, -13336185.2275 7982474.0463, -13335834.0023 7982580.4688, -13335709.8284 7982644.0608, -13335582.2466 7982735.4825, -13335448.1123 7982872.5814, -13335342.5485 7983032.8051, -13335255.5106 7983260.8144, -13335213.3507 7983561.2286, -13335137.6508 7983697.558, -13335015.2384 7983793.9799, -13334865.1399 7983835.50509999, -13334710.6862 7983815.6778, -13334560.9068 7983735.4644, -13334412.9687 7983683.16619999, -13334258.6873 7983654.695, -13334026.4959 7983657.6981, -13333846.8061 7983634.6104, -13333697.1785 7983547.89899999, -13333543.0353 7983386.8343, -13333354.173 7983261.8621, -13333142.0961 7983182.6531, -13332900.2257 7983153.1282, -13332658.4095 7983183.0964, -13331959.2994 7983393.1885, -13331734.5356 7983526.0692, -13331557.3168 7983705.4228, -13331407.2073 7983823.5445, -13331257.0863 7983864.998, -13331102.6392 7983845.096, -13330967.8746 7983766.9325, -13330873.7389 7983642.6583, -13330834.8621 7983491.5919, -13330857.5449 7983335.5342, -13330916.4296 7983208.8129, -13330960.8841 7983058.0928, -13331009.8262 7982587.8185, -13331090.0471 7982454.1331, -13331215.6021 7982361.9009, -13331459.4198 7982301.242, -13331620.9196 7982235.7315, -13331754.5926 7982153.524, -13331873.7807 7982051.3776, -13331995.5373 7981903.1608, -13332086.8248 7981734.3935, -13332147.754 7981534.1508, -13332172.9971 7981293.097, -13332244.1905 7981154.40649999, -13332363.3511 7981054.0617, -13332743.1905 7980953.268, -13332889.0472 7980895.5539, -13333024.094 7980815.6888, -13333132.3643 7980727.6808, -13333270.5954 7980567.6568, -13333447.6376 7980411.3288, -13333561.4281 7980256.9421, -13333660.2708 7980033.9198, -13333702.322 7979793.5721, -13333685.0883 7979550.179, -13333609.5993 7979318.1998, -13333480.3443 7979111.4122, -13333305.0042 7978942.0961, -13332969.5409 7978739.4965, -13332793.8417 7978663.1437, -13332589.505 7978619.8147, -13332352.6326 7978623.4017, -13332174.7811 7978600.5064, -13332040.1014 7978522.414, -13331946.0164 7978398.2383, -13331860.5056 7978121.9975, -13331734.941 7977912.9835, -13331589.7578 7977762.578, -13331315.0605 7977586.0634, -13331253.3284 7977509.93559999, -13331199.2433 7977345.5978, -13331211.418 7977190.1991, -13331282.4289 7977038.8558, -13331326.843 7976888.2579, -13331375.2563 7976416.5178, -13331455.4078 7976282.9398, -13331580.8572 7976190.7798, -13331941.8159 7976100.6416, -13332132.4909 7976015.4102, -13332288.2614 7975903.9028, -13332420.5159 7975763.8972, -13332573.8789 7975634.749, -13332666.4234 7975608.8168, -13332513.2604 7975397.2529, -13332456.4873 7975269.7825, -13332417.9751 7975135.6383, -13332399.4979 7974995.9095, -13332318.1779 7975112.8958, -13332210.4034 7975226.8636, -13332071.4652 7975331.93, -13331834.3224 7975440.4244, -13331394.9782 7975534.615, -13331109.3043 7975734.6541, -13330866.3103 7975832.3896, -13330735.0687 7975942.8587, -13330615.1162 7976088.7434, -13330524.8215 7975865.2063, -13330369.6264 7975655.32230001, -13330266.0344 7975561.9734, -13330150.4859 7975483.9768, -13329897.5627 7975381.0365, -13329717.9925 7975276.8385, -13329601.7802 7975123.3557, -13329497.9774 7974943.7115, -13329339.8121 7974746.3073, -13329285.7901 7974582.0147, -13329307.3315 7974248.7676, -13329277.7343 7974024.2263, -13329183.2908 7973724.9163, -13329106.0908 7973588.3287, -13329020.2944 7973478.3903, -13328822.0494 7973308.8729, -13328700.2049 7973241.258, -13328570.1556 7973191.2887, -13328434.432 7973159.9371, -13328295.6745 7973147.8127, -13328036.7327 7973177.4362, -13327872.1993 7973234.237, -13327734.5356 7973309.1592, -13327316.788 7973651.4293, -13327083.9991 7973717.1594, -13326898.0264 7973812.118, -13326723.6043 7973956.1923, -13326585.9944 7974135.886, -13326509.701 7974292.6203, -13326465.2036 7974443.1401, -13326395.4139 7975030.1653, -13326408.1575 7975273.6957, -13326496.0924 7975596.2534, -13326462.3579 7975923.2901, -13326478.8591 7976142.4, -13326447.9788 7976314.1991, -13326397.4887 7976398.2175, -13326261.5996 7976504.9927, -13326000.7707 7976578.8982, -13325841.7131 7976649.8415, -13325670.6548 7976769.8282, -13325538.8424 7976908.9692, -13325435.9465 7977070.7539, -13325370.703 7977232.4929, -13325336.759 7977385.81139999, -13325329.4025 7977594.1867, -13325293.645 7977792.9504, -13325243.1321 7977876.9783, -13325107.1996 7977983.7548, -13324957.1563 7978025.0478, -13324523.5945 7977975.01829999, -13324384.4084 7977982.2943, -13324247.5867 7978008.9047, -13323802.7548 7978151.0995, -13323664.9599 7978225.9992, -13323540.553 7978321.5722, -13323371.0979 7978520.2075, -13323143.6092 7978925.1935, -13323073.341 7979103.7039, -13323027.2094 7979330.9609, -13322976.6609 7979414.9914, -13322840.6677 7979521.7504, -13322604.1995 7979591.7615, -13322418.0237 7979686.6882, -13322255.61 7979818.3199, -13322133.6899 7979966.3416, -13322049.1596 7980118.9327, -13321992.3578 7980283.9146, -13321966.3908 7980438.8559, -13321965.8308 7980607.4388, -13321930.7622 7980801.8853, -13321880.1918 7980885.9256, -13321744.1566 7980992.68639999, -13321594.0333 7981033.9306, -13321413.507 7981010.4287, -13321196.8135 7980950.22510001, -13320988.1713 7980939.1299, -13320781.7846 7980971.73269999, -13320590.9509 7981044.4751, -13320391.7202 7981099.1772, -13320196.0856 7981073.6764, -13319996.3639 7981023.9283, -13319822.3972 7981014.6497, -13319615.4669 7981043.6069, -13319384.0389 7981126.2763, -13319206.4019 7981168.7466, -13318984.3564 7981139.7671, -13318636.2663 7980935.2232, -13318487.7276 7980770.7779, -13318303.6527 7980638.9446, -13318094.7006 7980551.9718, -13317867.2509 7980510.8154, -13317717.8625 7980423.8144, -13317656.2413 7980347.5429, -13317586.5128 7980134.3808, -13317569.5849 7979869.1157, -13317466.6597 7979454.1708, -13317503.5948 7979161.3457, -13317482.2102 7978916.25689999, -13317495.8434 7978746.2132, -13317567.2884 7978607.7027, -13317686.6115 7978507.6212, -13317952.1876 7978423.0319, -13318123.6754 7978337.6023, -13318262.8698 7978232.7463, -13318381.7716 7978105.2668, -13318476.7684 7977959.03939999, -13318544.9745 7977798.509, -13318584.3193 7977628.5547, -13318613.5507 7977286.3151, -13318684.9616 7977147.8216, -13318804.2467 7977047.7427, -13319073.1213 7976962.0882, -13319229.6898 7976885.7632, -13319370.6471 7976783.3569, -13319491.7099 7976657.9832, -13319589.1996 7976513.4535, -13319665.7008 7976337.6031, -13319705.0133 7976167.6767, -13319734.5978 7975820.3914, -13319805.9746 7975681.915, -13319964.3751 7975548.9792, -13320185.766 7975422.776, -13320338.5724 7975280.2409, -13320422.5082 7975168.8256, -13320490.148 7975046.7921, -13320570.9363 7974787.4865, -13320582.5048 7974526.5679, -13320526.2786 7974271.5486, -13320415.9552 7974054.2015, -13320196.152 7973776.3631, -13320059.7484 7973641.8455, -13319915.544 7973544.2176, -13319706.7737 7973457.3667, -13319478.2357 7973416.1233, -13319328.9728 7973329.2331, -13319267.3954 7973253.0452, -13319197.6928 7973040.0982, -13319233.6952 7972699.6705, -13319221.6874 7972560.648, -13319190.4858 7972424.6548, -13319140.6987 7972294.3381, -13319073.2958 7972172.233, -13318837.7503 7971871.91, -13318783.9781 7971707.597, -13318796.4038 7971552.3281, -13318891.1882 7971368.5011, -13319076.4037 7971170.9815, -13319198.2463 7970960.0146, -13319277.3006 7970693.696, -13319302.4519 7970503.6796, -13319284.9363 7970277.9741, -13319217.196 7970062.007, -13319123.1545 7969895.1001, -13318890.5623 7969585.8171, -13318852.0045 7969434.9613, -13318874.6382 7969280.9018, -13318954.9424 7969147.57989999, -13319112.5205 7969006.1069, -13319235.2975 7968837.1426, -13319325.576 7968629.6642, -13319368.9318 7968413.1648, -13319449.2185 7968279.8534, -13319574.6893 7968187.9916, -13319725.8463 7968151.85189999, -13320053.7683 7968202.9278, -13320279.5886 7968197.19259999, -13320514.5374 7968134.3226, -13320713.1361 7968026.4885, -13320921.1319 7967865.7449, -13321058.0812 7967708.1366, -13321159.326 7967525.4481, -13321232.2375 7967260.85719999, -13321326.9105 7967077.1063, -13321446.0034 7966977.124, -13321594.4091 7966931.0259, -13322026.0648 7966969.6802, -13322284.8228 7966940.2938, -13322417.2066 7966897.2791, -13322542.3248 7966836.2219, -13322821.5653 7966632.294, -13323002.5296 7966576.0458, -13323157.1813 7966590.9644, -13323319.7577 7966678.4314, -13323507.9098 7966813.893, -13323716.5346 7966900.5654, -13323939.2753 7966937.9911, -13324181.8299 7966921.0766, -13324523.5153 7966831.2631, -13324752.3955 7966706.8291, -13324871.4426 7966605.0069, -13324962.7641 7966499.7991, -13325038.5801 7966382.8827, -13325103.515 7966240.1981, -13325153.9979 7966037.4966, -13325184.1311 7965680.2091, -13325304.2176 7965429.3364, -13325358.9381 7965192.0391, -13325352.1637 7964931.288, -13325260.9489 7964557.7018, -13325285.915 7964386.775, -13325447.426 7964111.2814, -13325644.9833 7963728.3195, -13325801.3793 7963563.1215, -13325898.5829 7963418.7682, -13325969.2874 7963259.6992, -13326017.1841 7963067.2962, -13326025.6835 7962823.9738, -13325980.6988 7962602.3593, -13325878.0238 7962381.7035, -13325670.0581 7962112.8283, -13325589.6716 7961867.9002, -13325584.3592 7961764.6568, -13325602.9131 7961661.5325, -13325673.1427 7961478.3992, -13325709.6767 7961326.0197, -13325721.8141 7961187.2224, -13325716.2922 7960927.348, -13325808.6981 7960675.5907, -13325845.2259 7960523.227, -13325866.7989 7960001.2567, -13325944.8332 7959826.9553, -13325989.4474 7959640.8481, -13325998.5546 7959467.0454, -13325977.9898 7959297.2035, -13326020.2776 7958521.3249, -13326096.7937 7958265.9059, -13326208.718 7958079.6985, -13326365.5587 7957903.9165, -13326452.4011 7957753.2301, -13326516.1592 7957572.8606, -13326543.331 7957401.0093, -13326527.4609 7957140.9253, -13326457.9995 7956932.91, -13326337.396 7956862.8434, -13326243.97 7956747.45530001, -13326224.7137 7956703.8997, -13326229.8477 7956587.84309999, -13326075.0188 7956300.7395, -13325923.8492 7956111.0144, -13325858.2819 7955855.4272, -13325872.5878 7955605.8721, -13325943.6686 7955467.716, -13326113.3365 7955309.0702, -13326201.1748 7955183.4087, -13326216.5088 7955028.1417, -13326187.5482 7954821.5639, -13326090.1174 7954520.6865, -13326119.9365 7954316.425, -13326199.9583 7954183.2976, -13326325.1137 7954091.5028, -13326526.343 7954043.2094, -13326757.3688 7954025.7659, -13326878.212 7953989.9028, -13326913.0317 7953885.6373, -13326934.7898 7953678.2059, -13326916.4927 7953487.8432, -13326822.2518 7953113.528, -13326844.6819 7952959.7834, -13326924.6771 7952826.6725, -13326982.1122 7952784.539, -13326620.7259 7952484.0632, -13326033.1217 7952143.1111, -13325889.158 7952041.9994, -13325700.3516 7951853.2982, -13325564.3156 7951617.3805, -13325494.2714 7951352.5705, -13325486.8792 7951073.4538, -13325513.4567 7950885.17979999, -13325668.6634 7950136.3714, -13325905.6984 7948444.9285, -13325939.8417 7948119.4971, -13325925.8579 7947883.0492, -13325904.4288 7947810.6962, -13325837.4767 7947684.5624, -13325793.843 7947633.1009, -13325693.5346 7947558.22869999, -13325529.8512 7947517.1113, -13325200.3123 7947517.743, -13325089.9639 7947483.3159, -13324985.8776 7947415.9354, -13324902.2233 7947312.102, -13324845.5406 7947181.8662, -13324820.2165 7946958.2511, -13324852.0157 7946800.4193, -13324977.7077 7946575.7232, -13325675.4739 7945838.9546, -13325915.2458 7945538.6077, -13326073.6837 7945288.8631, -13326210.6122 7945021.4106, -13326363.3209 7944640.7482, -13326448.3043 7944348.9432, -13326576.0342 7943780.644, -13326671.6777 7943518.372, -13326803.459 7943284.5212, -13326977.3113 7943078.9367, -13326964.9753 7943012.4902, -13326977.5082 7942853.9165, -13327048.4547 7942715.9867, -13327167.0932 7942616.2485, -13327314.9851 7942570.1999, -13327469.1491 7942584.9957, -13327605.6262 7942658.3365, -13327703.2093 7942778.8278, -13327747.9328 7942931.8605, -13327749.3554 7943019.5432, -13327803.461 7943098.591, -13327852.5909 7943209.3149, -13328011.1893 7943739.4072, -13327963.3773 7943896.49449999, -13328023.4161 7944183.2075, -13328112.6597 7944872.282, -13328244.8284 7945360.633, -13328412.7972 7945736.8821, -13328675.7995 7946213.3545, -13328889.4122 7946548.2469, -13328973.601 7946648.3558, -13329075.5874 7946734.98879999, -13329265.6768 7946827.4963, -13329415.3834 7946855.654, -13329580.9098 7946859.9074, -13329841.5575 7946819.4986, -13330391.1077 7946665.5129, -13330673.3379 7946634.38189999, -13330938.2081 7946673.9025, -13331090.1977 7946736.8173, -13331222.356 7946823.1367, -13331345.5584 7946732.6522, -13331496.225 7946696.3916, -13331649.1707 7946721.2888, -13331780.6292 7946803.4755, -13331870.1704 7946930.1807, -13331903.8769 7947081.716, -13331847.1679 7947456.1779, -13331857.6723 7947626.6962, -13332182.1273 7948069.297, -13332339.9236 7948241.1206, -13332564.5649 7948450.9307, -13333212.9435 7948960.1426, -13333544.6345 7949143.7441, -13334112.8765 7949357.469, -13334236.7896 7949429.6196, -13334342.0081 7949518.3548, -13334506.027 7949730.2322, -13334761.9005 7950186.5849, -13335012.6949 7950593.73219999, -13335221.2772 7950872.3502, -13335554.1441 7951259.3866, -13335665.562 7951177.4556, -13335816.2937 7951141.0849, -13335969.342 7951165.9057, -13336144.1299 7951275.0367, -13336175.7415 7951321.2267, -13336286.5731 7951329.764, -13336428.1795 7951285.4789, -13336543.7674 7951296.4273, -13336633.4277 7951275.5663, -13336821.9154 7951187.2053, -13336996.5311 7951047.6649, -13337309.7965 7950334.6334, -13337403.8707 7950151.1083, -13337715.2504 7949831.3586, -13337870.3849 7949730.0805, -13337990.391 7949684.7815, -13338062.321 7949579.5916, -13338147.1855 7949359.3093, -13338235.4411 7949187.0897, -13338354.0261 7949087.0902, -13338501.9692 7949040.7798, -13338841.5348 7949059.1875, -13339147.9195 7948999.1088, -13339300.9329 7949023.8553, -13339432.5121 7949105.9293, -13339522.208 7949232.5774, -13339598.0379 7949546.1898, -13339600.3434 7949691.191, -13339622.2949 7949828.5514, -13339663.1146 7949961.5161, -13339730.224 7950101.9867, -13339766.5185 7950264.3479, -13339736.3022 7950434.0851, -13339676.3608 7950544.65119999, -13339763.694 7950591.3969, -13339861.5738 7950711.84790001, -13339905.3833 7950860.8419, -13339901.0017 7951112.4522, -13339955.9891 7951349.2085, -13340056.9023 7951551.1108, -13340250.1182 7951797.6641, -13340307.992 7952026.3864, -13340218.7568 7952226.6758, -13340178.3842 7952359.8235, -13340154.5362 7952532.0432, -13340158.9021 7952688.5056, -13340187.6448 7952842.3606, -13340233.1008 7952973.8653, -13340358.6703 7953189.5604, -13340549.0209 7953221.1198, -13340756.6389 7953206.1901, -13341152.0676 7953112.36689999, -13341378.3977 7953112.1789, -13341610.3292 7953066.9381, -13341997.9641 7953096.9857, -13342136.3168 7953084.57549999, -13342285.4953 7953048.645, -13342439.8947 7953063.1463, -13342576.703 7953136.3066, -13342674.661 7953256.7593, -13342728.1609 7953421.1163, -13342798.1726 7953561.0613, -13343009.8398 7953864.3964, -13343130.9939 7954207.3559, -13343198.6113 7954328.9481, -13343282.4634 7954439.9293, -13343449.876 7954590.2868, -13343661.5832 7954709.5974, -13343878.9879 7954769.4743, -13344267.6921 7954807.7871, -13344404.5494 7954880.9295, -13344656.2777 7955184.4156, -13344858.7797 7955353.5935, -13344978.1494 7955521.873, -13345073.8071 7955912.5683, -13345171.3495 7956028.5468, -13345456.9297 7956284.9448, -13345938.2029 7956594.3626, -13346158.0984 7956589.8368, -13346518.7316 7956490.1596, -13346673.2078 7956504.578, -13346810.1189 7956577.6915, -13346956.7039 7956755.63579999, -13347056.932 7956852.0866, -13347414.0843 7957085.7627, -13347616.4232 7957364.9118, -13347766.6384 7957509.4389, -13347975.1249 7957634.149, -13348105.8644 7957681.4042, -13348237.8145 7957709.3678, -13348377.4709 7957783.9091, -13348535.3896 7957969.2795, -13348692.5767 7958096.7963, -13348829.5195 7958264.8986, -13348919.8877 7958540.46369999, -13349060.2908 7958759.8313, -13349238.4 7958925.2412, -13349451.1659 7959042.5637, -13349634.4684 7959096.3562, -13349824.6491 7959114.1133, -13350014.7168 7959095.1826, -13350232.139 7959032.9878, -13350386.672 7959047.3329, -13350749.7778 7959235.3707, -13350894.2661 7959248.7733, -13351001.1617 7959305.7793, -13351122.6693 7959323.5695, -13351239.1616 7959314.0008, -13351650.8175 7959183.5857, -13351810.3484 7959077.02619999, -13351982.048 7958881.2671, -13352131.7356 7958602.9603, -13352250.2741 7958502.6173, -13352462.9432 7958435.604, -13352614.9054 7958435.4346, -13352769.4473 7958411.7464, -13353177.5043 7958286.0238, -13353332.0266 7958300.3072, -13353469.0322 7958373.3136, -13353676.6302 7958586.6144, -13355083.9021 7958250.5471, -13356157.9434 7958020.6443, -13356503.6895 7958002.7339, -13356751.9801 7958024.4701, -13356985.3672 7958087.2788, -13357199.294 7958187.3433, -13357383.1102 7958324.4655, -13357530.4147 7958490.7426, -13357643.8723 7958671.2248, -13357724.2651 7958864.2861, -13357782.7215 7959059.413, -13357837.364 7959321.1955, -13357929.8898 7960372.3983, -13357996.1025 7960707.3243, -13358135.2425 7961111.624, -13358417.954 7961715.3208, -13358682.7415 7962333.1597, -13358798.1804 7962681.6292, -13358857.0953 7962958.2205, -13358861.9224 7963095.17010001, -13358847.8296 7963230.2597, -13358769.9764 7963487.34529999, -13358642.2867 7963730.0824, -13358172.5071 7964441.5619, -13358060.4883 7964693.939, -13358022.6142 7964957.6736, -13358038.8408 7965495.709, -13358000.8298 7966039.3619, -13357956.6026 7966307.1061, -13357847.2314 7966628.6598, -13357703.5172 7966866.2666, -13357432.1992 7967185.8736, -13357231.231 7967371.1252, -13356811.294 7967698.9605, -13356610.5544 7967945.5088, -13356484.3157 7968162.9111, -13356274.4894 7968630.4513, -13355930.5741 7969326.7314, -13355545.4656 7969971.5003, -13355475.3736 7970140.505, -13355431.7303 7970325.8328, -13355419.8209 7970455.5662, -13355427.0162 7970587.8866, -13355487.9627 7970857.9676, -13355601.9678 7971124.3769, -13355883.7384 7971647.8614, -13355959.7741 7971915.1271, -13355977.4207 7972119.1782, -13355961.7995 7972392.8285, -13355843.6059 7973319.3234, -13355883.7215 7973372.2243, -13356027.5451 7973498.6976, -13356208.7008 7973602.5259, -13356390.4222 7973662.6355, -13356580.2541 7973686.8965, -13356762.3678 7973675.779, -13356925.6901 7973701.783, -13357057.8931 7973783.7972, -13357148.187 7973910.631, -13357182.5375 7974062.5762, -13357151.9074 7974237.0667, -13357085.1726 7974396.6679, -13357046.7188 7974566.7249, -13357038.3231 7974740.8923, -13357061.5433 7974919.6449, -13357044.1052 7975080.8367, -13356968.8884 7975217.2193, -13356846.9015 7975313.8772, -13356697.1039 7975355.7846, -13356542.7809 7975336.4263, -13356393.0731 7975250.2665, -13356161.5999 7974975.2493, -13356056.1041 7974884.1056, -13355932.208 7974804.4472, -13355870.2559 7974728.5568, -13355770.8279 7974466.8765, -13355660.203 7974305.8425, -13355544.0721 7974910.2997, -13355548.3434 7975356.5674, -13355522.6685 7975571.2209, -13355453.6728 7975766.5395, -13355229.5339 7976246.843, -13355075.6274 7976663.6443, -13355014.0415 7976774.2568, -13354928.8737 7976872.5411, -13354820.8323 7976951.063, -13354694.9299 7977007.87389999, -13354555.8668 7977045.7183, -13354333.6807 7977067.3044, -13354034.767 7977049.4364, -13353456.7528 7976922.3791, -13353312.8427 7976918.4942, -13353172.2584 7976937.871, -13353038.8253 7976977.55129999, -13352298.9928 7977270.6329, -13352145.938 7977361.6456, -13352065.218 7977445.0109, -13352002.254 7977542.0765, -13351879.1444 7977810.5225, -13351794.1641 7978086.2325, -13351788.15 7978249.842, -13351831.5124 7978613.4821, -13351823.9046 7978712.7044, -13351794.7743 7978808.9876, -13351743.7402 7978894.6564, -13351669.3076 7978967.8865, -13351431.7857 7979082.414, -13351317.2887 7979170.1294, -13351243.4614 7979291.1277, -13351050.7391 7979762.5605, -13351033.4848 7979860.9479, -13351025.1707 7980213.7539, -13350924.2678 7980837.5305, -13350838.9659 7981082.4861, -13350615.347 7981567.0152, -13350733.1617 7981661.172, -13350838.8111 7981790.764, -13350883.036 7981940.2967, -13350866.1384 7982095.3387, -13350790.741 7982231.7912, -13350636.777 7982353.5856, -13350425.1795 7982490.9054, -13350325.1846 7982588.2811, -13350240.5727 7982697.3518, -13349994.2468 7982896.832, -13349878.0712 7983026.9323, -13349778.471 7983190.93649999, -13349669.0472 7983496.908, -13349752.1241 7983731.3417, -13349729.643 7983937.3376, -13349654.2071 7984073.8132, -13349529.3112 7984172.8742, -13349451.7475 7984339.7563, -13349407.1684 7984508.5486, -13349397.485 7984778.7736, -13349363.9835 7984968.5115, -13349313.6986 7985052.7756, -13349023.2095 7985291.4242, -13349087.0767 7985532.7525, -13349086.2823 7985614.1445, -13348979.6606 7985825.7151, -13348842.8589 7985933.8825, -13348630.4439 7986054.2564, -13348602.6039 7986206.7572, -13348552.3023 7986291.0304, -13348430.4191 7986399.488, -13348330.9639 7986521.1033, -13348259.461 7986641.1369, -13348205.3261 7986769.9741, -13348155.3518 7987009.0118, -13348164.0092 7987249.3091, -13348144.607 7987426.7665, -13348069.1087 7987563.2909, -13347946.8068 7987659.9708, -13347645.5103 7987744.3088, -13347499.6437 7987802.3635, -13347364.6348 7987882.5631, -13347256.4364 7987970.8588, -13347140.1362 7988101.0076, -13347048.1568 7988249.4139, -13346983.294 7988411.5706, -13346944.0272 7988593.2824, -13346893.6918 7988677.5718, -13346757.8877 7988784.8912, -13346595.5948 7988830.067, -13346357.5679 7988852.1396, -13346052.8105 7988939.7099, -13345891.303 7989005.5907, -13345699.5134 7989123.0298, -13345500.0763 7989178.5146, -13345345.4907 7989158.8967, -13345195.6252 7989072.3588, -13345026.1645 7988898.5373, -13344834.8335 7988777.1, -13344655.0462 7988710.2697, -13344465.8361 7988679.0321, -13344308.8705 7988680.7924, -13344154.1113 7988707.1291, -13344021.4822 7988750.6607, -13343899.6495 7988810.2878, -13343696.6046 7988866.7232, -13343338.3917 7988822.0339, -13343181.4157 7988821.0258, -13342930.231 7988864.75900001, -13342771.9428 7988852.9594, -13342615.4746 7988865.6504, -13342462.9128 7988902.7055, -13342318.013 7988963.2125, -13342170.3288 7989056.1191, -13341815.5451 7989351.2243, -13341681.1951 7989533.9376, -13341583.3857 7989769.6597, -13341506.8237 7989897.6599, -13341241.653 7990109.8472, -13341102.0037 7990265.8752, -13341012.4764 7990415.8422, -13340950.2989 7990579.1093, -13340888.8781 7991008.7187, -13340813.2113 7991145.2395, -13340690.7559 7991241.8509, -13340460.3502 7991296.3715, -13340081.0855 7991208.5604, -13339889.8198 7991193.8431, -13339750.7609 7991206.2943, -13339386.9832 7991275.7846, -13339254.2791 7991319.2486, -13339113.8687 7991389.6996, -13338797.1331 7991629.6669, -13338421.1575 7991734.9885, -13338230.164 7991820.5673, -13338087.4252 7991921.0534, -13337944.9405 7992068.7783, -13337777.4134 7992200.8449, -13337627.1649 7992242.476, -13337452.6338 7992220.1421, -13337218.5024 7992153.3304, -13337009.5373 7992142.6751, -13336769.3586 7992185.4719, -13336561.6817 7992276.3012, -13336446.0303 7992354.6967, -13336333.2783 7992455.6362, -13336243.6697 7992562.9331, -13336169.8358 7992681.6813, -13336082.7195 7992909.99459999, -13336006.8992 7993322.6081, -13335956.4086 7993406.8812, -13335820.3591 7993514.076, -13335524.2196 7993599.4435, -13335351.1251 7993682.4354, -13335184.1456 7993808.8332, -13335057.1678 7993952.9878, -13334983.3017 7994071.747, -13334926.6496 7994199.6516, -13334881.6888 7994368.5886, -13334853.2286 7994607.0762, -13334777.4163 7994743.6049, -13334654.8229 7994840.1673, -13334272.3429 7994947.06889999, -13334096.4182 7995023.9435, -13333938.3622 7995133.0347, -13333776.271 7995306.3973, -13333637.3299 7995415.8064, -13333486.992 7995457.3745, -13333332.3014 7995437.4946, -13333182.4405 7995350.6434, -13333120.5386 7995274.3559, -13333014.5568 7994963.8425, -13332912.9025 7994780.5261, -13332736.1426 7994587.6311, -13332474.4538 7994418.7012, -13332412.5671 7994342.4171, -13332358.3257 7994177.7246, -13332370.4941 7994021.9766, -13332452.8437 7993826.431, -13332490.9337 7993637.9968, -13332492.4361 7993445.748, -13332455.1185 7993249.4006, -13332467.3882 7993092.337, -13332620.9997 7992779.9365, -13332681.897 7992523.9441)), ((-13333118.2669 8014700.1022, -13332910.2234 8014478.27489999, -13332730.0388 8014355.8314, -13332505.5218 8014287.3352, -13332377.528 8014230.3906, -13332230.6903 8014135.0529, -13332102.6117 8014015.6171, -13331970.4715 8013830.374, -13331888.3067 8013636.926, -13331848.0852 8013430.5954, -13331851.562 8013220.4013, -13331882.8247 8013065.7516, -13331937.8483 8012917.9084, -13332015.2762 8012780.511, -13332113.2014 8012656.9413, -13332215.5142 8012561.17759999, -13332345.2153 8012471.6904, -13332470.999 8012410.0776, -13332625.8134 8012360.3058, -13332762.2449 8012252.8903, -13332812.8931 8012168.4234, -13332852.5249 8011946.6964, -13332824.4763 8011743.9166, -13332825.6917 8011586.1632, -13332882.1299 8011329.8846, -13332955.8875 8011170.9927, -13333056.0607 8011027.3483, -13333179.6049 8010903.314, -13333480.0418 8010666.0353, -13333556.0314 8010529.2258, -13333574.0777 8010366.9622, -13333551.6522 8010119.1261, -13333576.5446 8009928.072, -13333652.1273 8009713.4789, -13333802.5021 8009469.3776, -13333908.7186 8009352.9802, -13334046.387 8009244.9643, -13334216.8492 8009155.8062, -13334415.8323 8009093.78019999, -13334634.0946 8008923.7317, -13334785.4109 8008835.9532, -13334915.9956 8008785.54209999, -13335052.3111 8008753.8272, -13335191.7048 8008741.4254, -13335331.4647 8008748.5781, -13335535.8539 8008795.5631, -13335740.9701 8008893.2356, -13335918.9051 8009034.6295, -13336051.1111 8009197.7217, -13336126.4198 8009336.2082, -13336183.5883 8009501.7712, -13336213.5613 8009727.3346, -13336196.939 8010001.9601, -13336251.388 8010166.9655, -13336313.4479 8010243.3735, -13336464.2317 8010330.6637, -13336657.7749 8010379.705, -13336846.4335 8010471.535, -13337024.4269 8010612.9306, -13337156.6851 8010776.036, -13337252.2102 8010963.1294, -13337381.4891 8011350.9132, -13337483.112 8011510.685, -13337548.9001 8011673.0569, -13337590.6696 8011896.795, -13337580.5446 8012159.3349, -13337527.8668 8012380.7648, -13337417.1725 8012599.3014, -13337307.3006 8012735.686, -13337167.7883 8012856.5349, -13337072.4882 8012976.4529, -13336970.2337 8013072.2868, -13336825.3472 8013170.5258, -13336665.6313 8013242.0638, -13336436.696 8013301.2282, -13336274.1924 8013319.4909, -13336074.8279 8013381.8814, -13335955.2163 8013482.7296, -13335879.0256 8013631.3767, -13335832.9706 8013806.8666, -13335759.2503 8013965.8415, -13335647.7329 8014122.9405, -13335508.3395 8014255.8351, -13335346.1924 8014359.6394, -13335167.2507 8014430.5362, -13334960.6275 8014467.3187, -13334756.9254 8014461.8057, -13334607.674 8014508.4814, -13334282.0876 8014770.0882, -13334142.4457 8014843.1313, -13333993.1156 8014893.3872, -13333820.3099 8014921.0147, -13333645.3406 8014918.1549, -13333473.5261 8014884.8948, -13333325.9116 8014829.7854, -13333118.2669 8014700.1022)))"
60,21154,1751,2023-10-15 06:33:14,HWF072, ,33625.4,2023-09-23,1345,0 - hand sketch of any type,Wildfire,Under Control,2023/08/10 18:15:00,E,30123.0,1687549680000,Lightning,3,76dcd319-18c7-451d-9d12-d730e9c657ca,1176562259.82031,307459.618753171,"POLYGON ((-12901349.0074 7893279.7917, -12901327.257 7893347.8951, -12901284.6453 7893653.521, -12901221.2279 7893842.8484, -12901250.964 7893884.55699999, -12901294.6649 7894013.02929999, -12901356.7725 7894136.4558, -12901480.4847 7894302.4071, -12901580.9863 7894397.1078, -12901693.6665 7894476.8718, -12901832.2499 7894546.8309, -12901980.8586 7894594.3896, -12902106.8267 7894683.5497, -12902188.5099 7894814.3943, -12902243.7216 7895133.9105, -12902306.2668 7895313.2273, -12902443.1067 7895528.5569, -12902686.6621 7895817.3271, -12902795.0542 7895902.8904, -12903177.1803 7896119.7302, -12903267.3509 7896244.8907, -12903373.6623 7896681.5743, -12903518.3378 7896985.6505, -12903583.4022 7897288.2665, -12903687.6289 7897517.3018, -12903724.1253 7897740.5934, -12903694.6062 7897945.7865, -12903708.2204 7898152.5735, -12903758.1844 7898335.8879, -12903842.7428 7898503.7916, -12903969.0901 7898594.6366, -12904015.5476 7898659.1073, -12904026.3976 7898725.4718, -12904167.0952 7898849.7438, -12904296.0627 7898932.769, -12904522.551 7899021.3047, -12904902.5122 7899084.1663, -12905114.3148 7899187.5508, -12905401.8045 7899258.3, -12905527.7286 7899347.3426, -12905609.5216 7899478.2298, -12905659.7551 7899757.1419, -12905753.9346 7899989.8449, -12905792.6428 7900156.4315, -12905766.8533 7900308.6973, -12905684.328 7900439.1455, -12905518.3163 7900555.1531, -12905148.7318 7900589.3168, -12905013.5192 7900617.5378, -12904997.2367 7900702.2516, -12905493.4751 7900824.4055, -12905961.6519 7900915.9384, -12906157.4564 7900928.0161, -12906336.6989 7900909.8298, -12906434.5872 7900933.61, -12906478.6095 7900959.179, -12906804.3159 7901404.0783, -12906923.8702 7901531.4613, -12906970.3744 7901423.5312, -12907040.597 7901350.7902, -12907123.5003 7901189.0345, -12907155.0939 7901071.0036, -12907185.9506 7900728.1526, -12907217.675 7900597.9293, -12907278.1379 7900487.3947, -12907364.68 7900427.8913, -12907449.8227 7900438.0485, -12907487.6679 7900457.7258, -12907569.0316 7900594.9363, -12907634.5609 7900644.4668, -12907706.2486 7900666.7537, -12907752.5103 7900662.57379999, -12907539.6212 7899693.2449, -12907410.8948 7899578.0381, -12907338.7966 7899462.2571, -12907324.9312 7899402.9713, -12907353.1287 7899253.35, -12907423.6221 7899285.8145, -12907510.668 7899297.7065, -12907655.6482 7899345.7625, -12907758.8737 7899353.5364, -12907860.4011 7899338.1022, -12907941.2048 7899305.8293, -12907996.8438 7899242.4788, -12908009.0015 7899178.8238, -12907901.9786 7899018.1268, -12907772.9537 7898928.1173, -12907595.596 7898705.7287, -12907471.8244 7898615.40030001, -12907427.093 7898593.0057, -12907086.6347 7898597.6556, -12906745.9151 7898552.7884, -12906647.5043 7898524.0957, -12906549.6626 7898432.5654, -12907089.4245 7898155.6001, -12907164.7047 7898086.0659, -12907240.5445 7898087.8627, -12907266.9971 7898102.2303, -12907319.221 7898299.6514, -12907429.7428 7898329.2158, -12907573.4262 7898440.2336, -12907772.3287 7898473.227, -12908001.2462 7898463.6982, -12908012.4328 7898381.0154, -12908090.546 7898247.91749999, -12908214.0079 7898155.3521, -12908315.2938 7898118.2024, -12908261.8322 7897984.6713, -12908212.1829 7897799.2654, -12908232.8776 7897646.2726, -12908310.9793 7897513.1854, -12908434.3478 7897420.6845, -12908583.8099 7897383.1432, -12908736.1401 7897406.3947, -12908867.6646 7897486.8256, -12908957.9455 7897611.9399, -12909035.3557 7898027.3986, -12909066.9387 7898046.7115, -12909157.2296 7898171.8325, -12909203.7351 7898371.568, -12909193.595 7898431.6027, -12909165.6818 7898483.9907, -12909293.9405 7898487.3073, -12909526.6853 7898435.4529, -12909636.6754 7898440.1029, -12909765.9241 7898531.9036, -12909917.3707 7898695.1813, -12909945.1947 7898741.7417, -12909964.1175 7898908.7841, -12909922.8851 7899073.5357, -12909750.202 7899308.3682, -12909651.9032 7899511.0559, -12909590.0406 7899600.9589, -12909549.2096 7899637.4299, -12909448.2701 7899676.02139999, -12908840.469 7899728.6608, -12908667.282 7899780.515, -12908581.7287 7899889.9138, -12908661.9448 7900075.3842, -12908833.8815 7900169.901, -12909068.3151 7900242.0983, -12909202.1825 7900246.22559999, -12909521.4228 7900191.7153, -12909854.0245 7900156.0707, -12909977.7496 7900163.2346, -12910340.8628 7900234.1229, -12910534.0081 7900241.95, -12910732.1266 7900201.7153, -12910958.9372 7900129.9895, -12911054.4275 7900129.3875, -12911138.693 7900152.2924, -12910998.1913 7900303.9299, -12910856.9806 7900390.3695, -12910467.5923 7900527.8405, -12910299.052 7900708.5094, -12910439.8055 7900739.0519, -12910516.2237 7900833.708, -12910550.9248 7900908.3724, -12910562.4946 7900950.4, -12910536.7233 7901179.54819999, -12910585.3176 7901430.4781, -12910584.8231 7901523.28369999, -12910516.9516 7901569.853, -12910471.3246 7901570.89159999, -12910371.8034 7901543.9937, -12910214.9171 7901459.3826, -12910100.7655 7901415.9384, -12909974.3626 7901402.8564, -12909918.9942 7901416.7764, -12909837.5092 7901477.9368, -12909814.5931 7901522.7601, -12909812.5589 7901627.3405, -12909850.4417 7901739.2361, -12909912.6494 7901845.1982, -12909956.3078 7901888.2261, -12910065.085 7901950.106, -12910185.3201 7901979.2045, -12910385.0716 7901978.9691, -12910498.9714 7902006.1651, -12910572.7958 7902079.4884, -12910715.1075 7902308.8368, -12910806.9216 7902400.9203, -12910872.563 7902374.875, -12910952.359 7902369.0793, -12911031.3714 7902382.2852, -12911367.6496 7902817.204, -12911409.0964 7902858.56139999, -12911606.1513 7902976.0268, -12911746.9422 7903160.3769, -12912033.8142 7903301.4512, -12912126.58 7903363.7792, -12912402.7031 7903646.4007, -12912530.1325 7903701.7741, -12912582.4962 7903709.7619, -12913120.7466 7903443.3575, -12913234.3384 7903457.5257, -12913422.7903 7903559.3917, -12913563.7211 7903610.8183, -12913682.8554 7903599.8363, -12913723.8638 7903579.0335, -12913787.7323 7903473.2126, -12913885.2661 7903366.1625, -12913964.4089 7903253.7365, -12914055.0381 7903081.8491, -12913515.6121 7902489.8278, -12913431.7665 7902366.2079, -12913344.0021 7902183.9805, -12913319.5929 7902074.3301, -12913317.5401 7902026.2916, -12913339.2247 7901990.4809, -12913397.2429 7901958.7378, -12913458.8443 7901968.286, -12913572.8092 7902095.6003, -12913831.1389 7902278.84669999, -12913914.975 7902415.5142, -12914000.3883 7902619.0273, -12914063.4916 7902714.3441, -12914164.8416 7902826.7272, -12914256.7862 7902857.6623, -12914529.8956 7902657.28499999, -12914843.5469 7902551.093, -12914960.4043 7902545.0616, -12915050.6789 7902582.9434, -12915100.0755 7902721.3359, -12915107.96 7902822.904, -12915100.4115 7902925.5383, -12915060.8213 7903030.8799, -12914909.4402 7903176.264, -12914855.3781 7903208.6148, -12914753.1604 7903214.3325, -12914703.2691 7903240.014, -12914584.4149 7903358.175, -12914629.678 7903415.6937, -12914674.8759 7903511.6577, -12914788.5705 7903645.77229999, -12914972.1239 7903809.1434, -12915065.5239 7903863.6708, -12915117.4027 7903881.5238, -12915278.5158 7903854.9059, -12915531.3868 7903862.3526, -12915799.6722 7903979.28369999, -12915861.2662 7903851.8993, -12915789.9099 7903787.0902, -12915722.0038 7903631.4098, -12915722.267 7903589.6969, -12915555.3338 7903519.4347, -12915433.6422 7903338.8191, -12915403.4678 7903187.3027, -12915447.4545 7902969.7644, -12915530.4344 7902740.8816, -12915634.2106 7902587.8178, -12915604.6924 7902543.61429999, -12915560.1757 7902378.0214, -12915580.7335 7902224.917, -12915658.752 7902091.674, -12915782.1044 7901998.9968, -12915937.3976 7901956.0259, -12915933.7868 7901789.5574, -12915845.2044 7901411.7445, -12915865.7539 7901258.6587, -12915943.7577 7901125.4295, -12916210.9179 7900911.4499, -12916129.1109 7900616.3271, -12916149.6526 7900463.2568, -12916261.6952 7900271.8725, -12916415.2659 7900093.4335, -12916499.2374 7899942.4565, -12916567.0909 7899728.5131, -12916573.8605 7899644.7303, -12916432.5336 7899410.5205, -12916232.6303 7899217.06139999, -12916174.8173 7899137.1052, -12916118.196 7898892.0558, -12916156.562 7898759.4759, -12916240.0991 7898654.8059, -12916122.4097 7898551.2496, -12915681.8089 7898283.1883, -12915624.927 7898204.5075, -12915522.9292 7897763.74270001, -12915469.6472 7897627.2653, -12915394.9561 7897498.4771, -12915364.8065 7897347.077, -12915408.104 7897177.0377, -12915347.6987 7896987.7155, -12915186.821 7896726.3399, -12915156.6786 7896574.9538, -12915187.2757 7896423.664, -12915273.8542 7896295.9802, -12915441.6121 7896174.2504, -12915591.0141 7896136.5767, -12916012.9787 7896194.1851, -12916150.902 7896189.6784, -12916286.8566 7896165.981, -12916419.3302 7896116.698, -12916528.9074 7895860.9247, -12916581.8148 7895659.2698, -12916685.3376 7895482.4167, -12916808.5697 7895389.8044, -12916957.9492 7895352.1076, -12917110.2633 7895375.1836, -12917257.5934 7895465.0557, -12917359.1102 7895560.4412, -12917486.8275 7895648.79, -12917626.7692 7895716.0312, -12917775.4885 7895760.50819999, -12918304.2208 7895852.5639, -12918491.9766 7895465.3699, -12918554.8298 7895232.19699999, -12918564.6106 7895077.0155, -12918550.0423 7894922.2147, -12918419.2777 7894461.9704, -12918439.7571 7894309.018, -12918517.6445 7894175.8849, -12918640.8329 7894083.2586, -12918790.1773 7894045.5322, -12918948.5887 7894069.4928, -12919079.2727 7894125.7352, -12919229.4264 7894164.9478, -12919366.6027 7894179.6551, -12919521.6384 7894173.1628, -12919933.8557 7894076.0058, -12920124.2911 7893995.4165, -12920332.0659 7893841.9407, -12920424.5524 7893739.3852, -12920501.8908 7893624.9322, -12920596.439 7893402.8216, -12920676.4942 7893022.2301, -12920762.9411 7892894.5411, -12920891.9226 7892810.2509, -12921043.3958 7892782.45579999, -12921193.82 7892815.47469999, -12921319.8203 7892904.1773, -12921401.8149 7893034.7807, -12921450.5274 7893301.9165, -12921522.9951 7893497.0935, -12921633.6884 7893671.7915, -12921778.8357 7893820.2322, -12921920.3415 7893917.9824, -12922171.23 7894015.6038, -12922642.4681 7894101.4401, -12922686.064 7894126.6936, -12922721.9782 7894183.876, -12922851.2559 7894235.1851, -12923092.8713 7894290.3146, -12923218.9184 7894379.0024, -12923300.9616 7894509.6098, -12923326.4812 7894663.243, -12923306.9676 7894841.1668, -12923318.7605 7895013.4817, -12923337.6409 7895089.7906, -12923481.9838 7895187.6277, -12923638.1297 7895260.831, -12924094.7217 7895370.1131, -12924220.7984 7895458.7965, -12924308.2623 7895597.9918, -12924408.5027 7895843.8176, -12924541.4899 7896024.3371, -12924697.3897 7896160.4428, -12925072.5266 7896391.2876, -12925476.4838 7896690.6538, -12925558.591 7896821.2758, -12925583.9312 7896973.5463, -12925544.6685 7897140.3408, -12925490.2949 7897220.7654, -12925228.9388 7897422.42719999, -12925138.2757 7897526.6924, -12925062.9754 7897642.5861, -12924968.0509 7897883.2388, -12924938.3922 7898123.0149, -12924947.8651 7898260.9874, -12924976.4118 7898396.29819999, -12925023.4775 7898526.3136, -12925088.147 7898648.5024, -12925215.3184 7898811.9592, -12925331.4942 7898915.1667, -12925460.37 7898999.505, -12925550.9419 7899124.4428, -12925586.2817 7899274.7466, -12925560.8941 7899427.0596, -12925478.7216 7899557.7067, -12925352.5337 7899646.3799, -12925201.9441 7899679.2942, -12924810.9695 7899610.0966, -12924586.9304 7899611.7948, -12924352.8276 7899669.9786, -12924125.6485 7899793.2043, -12923938.0334 7899971.1413, -12923622.0895 7900414.7182, -12923527.0847 7900655.4412, -12923502.9284 7900791.6521, -12923497.9273 7900929.9085, -12923518.7272 7901101.506, -12923562.643 7901250.769, -12923638.0739 7901406.2381, -12923739.3075 7901546.2232, -12923849.9521 7901655.4422, -12923991.1648 7901754.7774, -12924147.4516 7901828.0326, -12924318.1127 7901876.7025, -12924493.1448 7901983.2415, -12924599.8804 7902130.5144, -12924704.7795 7902325.896, -12924831.6579 7902475.0815, -12925016.8112 7902617.7875, -12925230.1285 7902713.1416, -12925385.9223 7902807.9447, -12925568.4755 7903053.6924, -12925737.5602 7903212.4735, -12925833.8861 7903345.3369, -12925869.2518 7903495.7232, -12925835.5175 7903698.1622, -12925600.2342 7904037.1529, -12925473.9733 7904125.8809, -12925323.2951 7904158.8177, -12924917.8085 7904086.9528, -12924716.5717 7904092.0013, -12924644.6039 7904142.564, -12924433.2287 7904188.7432, -12924390.6627 7904176.6736, -12924274.8432 7904240.8141, -12924164.4155 7904323.9758, -12924033.5867 7904461.764, -12923923.667 7904637.5201, -12923848.5611 7904849.1699, -12923812.7396 7905104.6087, -12923823.8535 7905151.9248, -12923768.0435 7905431.8411, -12923618.1592 7905624.4231, -12923507.1219 7905734.5667, -12923569.3458 7905804.3036, -12923616.28 7906004.1486, -12923589.4755 7906215.0923, -12923603.6505 7906422.0647, -12923660.4673 7906621.5663, -12923749.0531 7906792.3736, -12923774.3916 7906944.8504, -12923723.4623 7907160.9809, -12923662.3534 7907287.8617, -12923766.3684 7907419.594, -12923800.0303 7907622.1527, -12923760.6742 7907789.1729, -12923641.3064 7907957.8535, -12923574.5695 7908135.9873, -12923503.0084 7908653.2805, -12923245.067 7909052.3095, -12923180.1517 7909212.6647, -12923146.2936 7909364.7059, -12923136.5905 7909520.1852, -12923154.1986 7909772.243, -12923265.9616 7909885.0489, -12923608.0001 7910125.7008, -12923690.2229 7910256.5741, -12923715.5722 7910409.1207, -12923676.2001 7910576.2021, -12923621.7111 7910656.7562, -12923428.3053 7910801.3622, -12923309.1258 7910933.6247, -12923243.6375 7911164.0914, -12923160.8573 7911286.4536, -12923039.9933 7911387.89119999, -12922977.7814 7911530.7058, -12922922.7924 7911759.7739, -12922915.2734 7911967.248, -12922950.9738 7912171.7599, -12923028.3363 7912364.3705, -12923111.7316 7912495.9226, -12923202.3196 7912600.6184, -12923306.5714 7912691.6637, -12923429.3498 7912772.3461, -12923520.8655 7912898.6534, -12923579.022 7913058.7599, -12923665.2298 7913208.8106, -12923809.3425 7913396.1983, -12923955.0337 7913526.7896, -12924121.3957 7913626.9913, -12924265.7611 7913680.8564, -12924418.96 7913713.1826, -12924655.8712 7913716.756, -12924836.1264 7913743.8735, -12924990.769 7913809.4262, -12925165.2751 7913849.5228, -12925297.2602 7913929.8376, -12925388.0104 7914055.0229, -12925423.4188 7914205.623, -12925395.8589 7914370.9582, -12925335.3028 7914522.7098, -12925299.1878 7914692.0551, -12925292.9711 7914865.1147, -12925316.8434 7915036.6309, -12925376.9657 7915217.3004, -12925460.6067 7915368.8585, -12925581.3664 7915515.94389999, -12925716.5226 7915629.4099, -12925798.8424 7915760.3545, -12925824.2535 7915913.0043, -12925784.9002 7916080.2179, -12925730.3945 7916160.8456, -12925590.0103 7916259.5036, -12925348.4665 7916332.5305, -12925146.7785 7916451.2944, -12924982.3338 7916610.2782, -12924830.4331 7916853.883, -12924780.1549 7917023.2402, -12924754.2148 7917265.6516, -12924787.6961 7917506.6347, -12924887.809 7917746.5341, -12924926.0141 7917909.0752, -12924900.5529 7918061.761, -12924791.1168 7918235.7248, -12924593.5117 7918420.1095, -12924391.6945 7918561.89459999, -12924258.7523 7918617.7532, -12924125.9201 7918699.087, -12924019.7842 7918788.0939, -12923916.4842 7918904.7846, -12923816.912 7919067.125, -12923750.0827 7919245.5219, -12923719.8345 7919416.127, -12923720.7356 7919601.2355, -12923679.9723 7919774.2267, -12923625.4175 7919854.8788, -12923484.9372 7919953.5461, -12923333.9343 7919986.5139, -12923181.949 7919958.4424, -12922863.4741 7919756.5067, -12922612.714 7919668.8179, -12922395.8876 7919649.463, -12922284.4584 7919662.0178, -12922173.5336 7919678.4608, -12921964.0951 7919756.5453, -12921833.0994 7919841.4947, -12921891.591 7919920.7059, -12922063.2749 7920263.044, -12921196.54 7920943.1909, -12920802.3941 7921464.4353, -12919760.6397 7922129.7183, -12919359.2434 7922232.85, -12918842.1713 7922404.2009, -12918513.839 7922534.079, -12918304.3964 7922287.4999, -12918192.967 7921887.858, -12918089.4411 7921295.6111, -12918024.8211 7921287.3376, -12917768.5148 7921325.1793, -12917545.6544 7921419.41219999, -12917217.3868 7921644.7576, -12917066.3223 7921677.6073, -12916816.6489 7921635.7125, -12916626.4056 7921636.9563, -12916473.2142 7921665.0501, -12916299.2153 7921729.3357, -12916114.491 7921769.4809, -12915962.4955 7921741.257, -12915818.9675 7921647.0197, -12915761.9063 7921568.0982, -12915717.2713 7921402.0911, -12915737.8754 7921248.6015, -12915816.0859 7921115.0209, -12915939.7459 7921022.1066, -12916089.6365 7920984.2964, -12916365.7197 7921024.3003, -12916521.4339 7921026.0112, -12916658.5796 7921007.0105, -12916791.7499 7920969.0689, -12916933.5912 7920904.6786, -12917165.4804 7920759.6578, -12917303.7429 7920628.7609, -12917405.7103 7920488.7703, -12917475.4817 7920349.2993, -12917518.5374 7920217.4758, -12917542.862 7920080.9338, -12917547.2635 7919924.9955, -12917474.2879 7919394.0242, -12917427.7844 7919245.1587, -12917361.6236 7919110.5627, -12917313.7264 7918932.5713, -12917334.2916 7918779.1276, -12917412.4485 7918645.5743, -12917562.7202 7918532.6146, -12917750.5682 7918425.6172, -12917824.5046 7918358.017, -12917650.399 7918162.6688, -12917368.73 7917966.8586, -12917311.6809 7917887.9872, -12917224.2321 7917607.0148, -12917123.8346 7917541.1203, -12916918.472 7917217.6936, -12916764.2472 7917054.1474, -12916600.0887 7916942.6791, -12916291.7169 7916798.177, -12915977.8677 7916867.988, -12915740.2473 7916969.4422, -12915523.3472 7917016.5619, -12915371.4493 7916988.343, -12915039.6166 7916776.8334, -12914810.8428 7916688.5865, -12914584.6342 7916658.1778, -12914443.7449 7916665.2578, -12914299.0944 7916694.3641, -12914119.4995 7916768.3625, -12913877.0341 7916943.6989, -12913736.168 7917113.8713, -12913635.7274 7917316.8573, -12913571.7094 7917411.2286, -12913431.142 7917509.6769, -12913050.9121 7917579.9413, -12912917.7822 7917617.7995, -12912731.1493 7917708.3717, -12912579.9757 7917823.9349, -12912443.4902 7917980.3697, -12912228.6002 7918318.4265, -12912092.8381 7918413.4737, -12911959.0809 7918466.7096, -12911839.0224 7918535.703, -12911729.7135 7918620.7651, -12911633.2815 7918720.2414, -12911551.6035 7918832.1966, -12911479.319 7918970.3425, -12911433.876 7919101.3357, -12911405.0996 7919243.7522, -12911322.4669 7919374.5889, -12911195.7815 7919463.2592, -12911044.7334 7919495.9785, -12910772.4885 7919449.66799999, -12910565.087 7919452.6703, -12910412.4271 7919483.3065, -12910218.1166 7919561.5165, -12910048.3719 7919598.2625, -12909896.4425 7919569.9236, -12909767.2539 7919484.9521, -12909673.2746 7919354.48, -12909564.5006 7919242.8787, -12909439.6443 7919149.6994, -12909317.6368 7919084.2035, -12909154.2993 7919027.2683, -12908966.2972 7918998.4971, -12908776.27 7919006.1908, -12908505.4026 7919061.8171, -12908353.4895 7919033.4492, -12908210.1071 7918939.0995, -12908031.9816 7918715.4986, -12907856.8704 7918572.4435, -12907638.0691 7918469.312, -12907420.0489 7918426.075, -12907262.4657 7918421.79299999, -12907125.3425 7918440.6158, -12906992.1672 7918478.3737, -12906865.5309 7918534.33209999, -12906679.9751 7918661.1435, -12906581.7587 7918758.8535, -12906497.1689 7918870.3338, -12906356.4816 7918968.6695, -12905955.3959 7919057.3155, -12905719.9866 7919156.9115, -12905502.9594 7919203.75649999, -12905351.0544 7919175.3274, -12905221.9234 7919090.2819, -12905135.637 7918961.8408, -12905031.872 7918490.6952, -12904941.3858 7918292.45049999, -12904859.0848 7917976.3445, -12904770.2997 7917803.7024, -12904645.1898 7917650.4585, -12904451.2206 7917497.55439999, -12904268.0614 7917410.98969999, -12904064.173 7917359.57020001, -12903873.1826 7917222.9711, -12903818.8449 7916994.2578, -12903859.2757 7916795.8632, -12903629.0721 7916794.3194, -12903473.7256 7916810.17409999, -12903188.4861 7916885.3292, -12903072.6644 7916975.396, -12902913.2868 7917182.5294, -12902867.5756 7917289.9507, -12902877.6808 7917363.8074, -12902916.1419 7917407.5448, -12902984.368 7917544.0406, -12903001.7323 7917660.9828, -12902855.4085 7917696.3256, -12902748.2372 7917666.7273, -12902762.2519 7917775.5064, -12902722.3782 7917942.6426, -12902667.612 7918023.1244, -12902526.89 7918121.378, -12902375.8307 7918153.9175, -12901886.9544 7918060.3419, -12901949.4627 7918204.1758, -12901997.2145 7918423.6605, -12901962.7746 7918626.3935, -12901879.9848 7918757.1167, -12901753.1979 7918845.6211, -12901602.1205 7918878.1483, -12901400.3665 7918840.2809, -12901289.4549 7918757.9745, -12901023.8274 7918450.0376, -12900859.6156 7918703.9854, -12900774.0465 7918935.6409, -12900745.0142 7919088.887, -12900740.1945 7919242.9742, -12900679.2164 7919606.8473, -12900662.2812 7919827.2165, -12900640.9355 7919905.106, -12900593.5369 7919999.4371, -12900423.4211 7920244.0892, -12900282.6288 7920342.3297, -12900131.5148 7920374.834, -12899979.606 7920346.29200001, -12899845.8595 7920267.2111, -12899631.7612 7920195.22029999, -12899475.0659 7920296.2447, -12899415.4749 7920309.0565, -12899213.6923 7920271.1232, -12899070.3998 7920176.5837, -12899013.5243 7920097.5497, -12898969.2657 7919931.4737, -12898998.8003 7919715.0965, -12899041.6415 7919664.3981, -12899058.93 7919610.2291, -12898836.6751 7919704.8764, -12898709.5049 7919794.8817, -12898599.6329 7919901.8223, -12898446.8758 7920008.3563, -12898295.7604 7920040.8223, -12898143.865 7920012.24449999, -12898000.5908 7919917.68770001, -12897943.7283 7919838.6482, -12897899.4948 7919672.57150001, -12897925.3639 7919509.3603, -12897600.1669 7919337.405, -12897408.5612 7919265.5933, -12897157.92 7919259.1636, -12897005.5126 7919328.5345, -12896969.3095 7919708.9489, -12896938.9847 7919801.7175, -12896767.8132 7919955.9465, -12896686.8041 7919998.5702, -12896591.8643 7919986.838, -12896445.4284 7919932.2463, -12896247.226 7919794.7799, -12896136.9557 7919742.3591, -12895962.5371 7919712.2035, -12895909.5015 7919719.5957, -12895730.2216 7919842.6956, -12895623.0586 7919881.1456, -12895279.288 7919933.2174, -12894952.6656 7919953.9939, -12894944.3942 7919988.5067, -12894783.6437 7920227.10899999, -12894664.7077 7920333.9019, -12894463.9437 7920376.9283, -12894333.0153 7920352.2263, -12894372.0308 7920406.5138, -12894406.8514 7920557.3883, -12894380.7641 7920710.0264, -12894297.82 7920840.7028, -12894170.909 7920929.1043, -12894019.7564 7920961.4885, -12893867.8583 7920932.8209, -12893724.6197 7920838.1711, -12893667.7949 7920759.0895, -12893627.3474 7920606.8817, -12893538.1994 7920640.5707, -12893113.597 7920544.5807, -12892912.0447 7920557.7572, -12892782.2082 7920592.5187, -12892068.1677 7920851.3922, -12891735.3418 7920881.9026, -12891687.27 7920843.4914, -12891629.2145 7920832.843, -12891562.7054 7920758.5322, -12891504.7432 7920734.6457, -12891056.8232 7920676.0413, -12890747.3987 7920564.9581, -12890619.531 7920545.5171, -12890232.13 7920700.8462, -12890037.3799 7920750.9985, -12889972.6341 7920755.9598, -12889469.0753 7920674.6851, -12888510.2348 7921303.6527, -12888429.403 7921399.1185, -12888334.6032 7921474.6344, -12888221.9164 7921515.6129, -12887756.0723 7921492.3541, -12887238.564 7921536.3166, -12887091.9695 7921561.70189999, -12886822.126 7921656.4271, -12886503.9029 7921723.1512, -12886054.3967 7921864.3543, -12885633.4239 7921971.8424, -12884407.7441 7922121.0138, -12884045.6573 7922210.5477, -12883887.7053 7922299.5819, -12883916.6244 7922378.9996, -12884069.3854 7922402.8263, -12884201.0851 7922483.9537, -12884291.2585 7922609.7776, -12884325.8882 7922760.7433, -12884299.5895 7922913.3919, -12884216.4464 7923043.9959, -12884089.3797 7923132.2536, -12883938.1394 7923164.4451, -12883517.9589 7923072.3339, -12883374.2534 7923063.8329, -12883092.1089 7922722.6617, -12882428.6657 7922721.4824, -12881706.7076 7923349.6481, -12881343.644 7923688.5047, -12881128.7049 7923834.6489, -12881037.4415 7923937.5124, -12880608.5016 7924302.8471, -12880533.4015 7924406.8907, -12880394.1117 7924478.3442, -12880406.8339 7924546.5043, -12880387.474 7924600.5489, -12880244.1008 7924710.6706, -12880259.1439 7924922.4284, -12880217.4695 7925031.9787, -12880137.6908 7925122.7909, -12880070.4206 7925291.6937, -12880199.0604 7925458.4074, -12880214.9737 7925569.3152, -12880181.8023 7925600.0702, -12880136.8868 7925570.3798, -12880098.524 7925588.3524, -12880077.717 7925605.8492, -12880055.4232 7925669.8847, -12879989.4053 7925721.2205, -12879783.11 7925730.44, -12879643.1801 7925658.2014, -12879293.269 7925667.5004, -12879186.898 7925644.85939999, -12878982.7434 7925638.42679999, -12878950.5952 7925584.0496, -12878911.8996 7925573.7084, -12878795.5278 7925584.781, -12878683.168 7925616.9042, -12878594.1537 7925583.6451, -12878465.0067 7925579.3533, -12878310.3241 7925624.8054, -12878062.7883 7925632.1144, -12877978.9361 7925662.3172, -12877744.5937 7925647.2422, -12877565.6349 7925658.74310001, -12877532.2814 7925649.6076, -12877505.8097 7925600.0212, -12877485.7339 7925436.4975, -12877466.9004 7925420.6136, -12877178.2016 7925451.9477, -12877124.465 7925490.9342, -12877110.9441 7925576.7792, -12877054.2461 7925627.3267, -12876976.3441 7925603.16570001, -12876916.9212 7925540.4429, -12876894.8299 7925487.5133, -12876915.7545 7925426.2594, -12876887.3443 7925387.105, -12876874.6762 7925387.9937, -12876853.2714 7925446.5076, -12876820.5903 7925450.3982, -12876755.8402 7925399.499, -12876730.4751 7925335.1117, -12876697.7591 7925308.5726, -12876588.8148 7925303.3417, -12876449.445 7925233.0021, -12876389.0025 7925223.0951, -12876337.5126 7925233.138, -12876292.6349 7925218.528, -12876257.9295 7925181.6584, -12876241.3804 7925111.4716, -12876222.8824 7925096.4861, -12876049.9902 7925153.6064, -12876006.8485 7925147.124, -12875942.5459 7925112.2333, -12875899.0238 7925000.6106, -12875924.076 7924924.8473, -12875906.7014 7924879.6792, -12875915.2403 7924854.2223, -12875997.97 7924809.6044, -12876058.1996 7924738.9278, -12876097.1779 7924737.9362, -12876138.8492 7924768.1675, -12876180.3919 7924750.228, -12876208.4065 7924713.9791, -12876212.9175 7924680.0868, -12876182.5973 7924610.8515, -12876210.5268 7924523.7138, -12876200.1227 7924488.5471, -12876168.034 7924487.1137, -12876159.3617 7924312.759, -12876138.466 7924311.6088, -12876113.0189 7924271.9086, -12876040.3921 7924243.1914, -12876025.5756 7924195.2142, -12875909.4934 7924070.1049, -12875880.6128 7924004.0955, -12875857.8978 7923995.2246, -12875833.5527 7924065.2416, -12875803.5622 7924075.032, -12875665.7094 7923940.885, -12875609.364 7923803.3179, -12875625.3046 7923687.5823, -12875615.2855 7923609.9439, -12875638.0309 7923554.2515, -12875602.6572 7923558.4027, -12875569.0113 7923602.8082, -12875529.9241 7923615.3008, -12875504.2706 7923643.8609, -12875449.9312 7923633.3438, -12875442.3534 7923665.9355, -12875410.1722 7923656.274, -12875395.9657 7923680.1491, -12875317.0485 7923708.4256, -12875299.9838 7923702.4692, -12875242.7535 7923737.6315, -12875188.9634 7923743.7706, -12875186.5224 7923762.5231, -12875203.5204 7923779.0355, -12875191.7805 7923816.3585, -12875132.3912 7923851.3875, -12875086.1413 7923809.563, -12875062.4659 7923657.6461, -12875074.1535 7923530.7118, -12875091.8506 7923499.1803, -12875154.4533 7923519.046, -12875193.5472 7923502.3463, -12875193.881 7923325.8846, -12875083.1029 7923270.9577, -12875035.7163 7923225.4488, -12874899.6498 7923143.7099, -12874795.0696 7922921.8315, -12874803.7019 7922829.8049, -12874758.0165 7922756.912, -12874557.7443 7922680.0329, -12874508.9397 7922680.7413, -12874491.3391 7922662.2518, -12874489.0614 7922629.2171, -12874541.8927 7922513.2925, -12874533.4129 7922431.6281, -12874445.538 7922416.6284, -12874410.6991 7922370.9639, -12874316.9004 7922335.2471, -12874302.959 7922345.578, -12874312.4104 7922435.5393, -12874248.9312 7922492.9921, -12874213.7561 7922495.8834, -12874171.7324 7922458.7355, -12874119.5495 7922455.7888, -12874083.0074 7922481.9802, -12874022.6286 7922591.5029, -12873946.6595 7922659.3284, -12873881.8065 7922679.5943, -12873580.9758 7922865.5654, -12873429.2878 7922886.4106, -12873404.4687 7922867.903, -12873382.178 7922813.0187, -12873395.858 7922772.6933, -12873390.904 7922700.78279999, -12873324.9149 7922656.9028, -12873240.6882 7922549.367, -12873185.8928 7922505.7479, -12873182.379 7922418.2073, -12873222.2179 7922351.8872, -12873217.6181 7922322.3812, -12873184.2916 7922302.1588, -12873119.2743 7922298.8642, -12873091.4588 7922273.0467, -12873104.7481 7922212.8303, -12873128.0289 7922182.0553, -12873120.9703 7922154.2983, -12873160.8146 7922124.2137, -12873231.1243 7921960.4719, -12873224.4119 7921922.0485, -12873189.8035 7921871.558, -12873118.6826 7921800.7128, -12873042.4503 7921627.5362, -12873045.99 7921588.7023, -12873083.362 7921529.1918, -12873183.1752 7921430.9741, -12873217.2934 7921322.3832, -12873264.8258 7921259.3152, -12873262.9936 7921207.4138, -12873280.0294 7921165.6305, -12873388.6904 7921092.49189999, -12873403.7012 7921066.9361, -12873305.7102 7920996.9629, -12873307.5586 7920907.74989999, -12873271.702 7920869.8863, -12873240.3109 7920856.55919999, -12873164.2302 7920857.0246, -12873129.7434 7920818.4928, -12873136.6146 7920681.5607, -12873081.1458 7920612.6561, -12873087.8097 7920559.4096, -12873171.568 7920503.7335, -12873177.0947 7920380.6262, -12873219.97 7920299.826, -12873221.7351 7920257.2665, -12873189.1524 7920228.264, -12873134.5867 7920253.1002, -12873204.694 7920176.5556, -12873175.398 7920137.8781, -12873115.3749 7920142.5706, -12873075.3737 7920127.995, -12873027.04 7920057.2895, -12873004.8128 7919989.3153, -12872980.1096 7919981.7076, -12872868.1103 7920050.2425, -12872791.1832 7920036.4229, -12872700.1572 7920065.5518, -12872666.0104 7920057.3175, -12872589.4581 7919968.2126, -12872511.8321 7919924.8434, -12872342.5962 7919770.2245, -12872374.8771 7919751.9792, -12872382.7904 7919717.8524, -12872378.8051 7919675.0145, -12872319.2861 7919558.6615, -12872325.9091 7919521.5511, -12872357.594 7919501.1934, -12872429.3687 7919531.8562, -12872475.2732 7919512.8663, -12872473.5428 7919395.7864, -12872553.6803 7919299.6312, -12872624.3587 7919254.2091, -12872631.127 7919228.3926, -12872597.7404 7919189.7314, -12872565.4503 7919183.2261, -12872424.8071 7919301.0507, -12872378.0783 7919374.5197, -12872343.6498 7919388.6632, -12872312.8512 7919372.0616, -12872297.8326 7919332.0106, -12872296.1773 7919219.7656, -12872356.8519 7919022.4562, -12872337.6332 7918944.9217, -12872238.4224 7918903.5692, -12872160.5345 7918932.5715, -12872056.1684 7918927.0208, -12872024.1952 7918955.3334, -12871945.0002 7919098.0157, -12871846.8076 7919142.2434, -12871760.9534 7919049.2248, -12871676.4786 7919025.2326, -12871646.7712 7918973.99, -12871552.7689 7918889.2029, -12871429.0031 7918875.2894, -12871365.8184 7918847.9385, -12871290.9579 7918887.4222, -12871258.4003 7918862.3015, -12871172.3562 7918839.6936, -12871148.8947 7918761.8823, -12871124.1757 7918739.0919, -12871032.675 7918745.091, -12870959.0996 7918790.8864, -12870904.506 7918785.5606, -12870840.0122 7918844.0905, -12870749.4006 7918849.4196, -12870650.6015 7918833.4558, -12870611.1105 7918765.3666, -12870602.8766 7918716.9896, -12870650.6649 7918603.6256, -12870641.4154 7918554.4904, -12870551.4488 7918424.8397, -12870531.818 7918352.7079, -12870466.413 7918343.1197, -12870473.7955 7918162.8895, -12870451.8562 7918217.7065, -12870294.5297 7918269.9073, -12870279.8735 7918300.91, -12870296.6627 7918334.8208, -12870277.8165 7918387.11, -12870188.6429 7918436.4572, -12870116.0174 7918437.8136, -12870121.5052 7918487.8223, -12870160.7852 7918500.5364, -12870189.011 7918538.7753, -12870159.6641 7918587.4282, -12870101.8091 7918613.1167, -12870076.7956 7918604.0037, -12870116.8675 7918461.1109, -12870032.2449 7918467.757, -12870029.6369 7918430.036, -12869974.8723 7918439.25859999, -12869867.1915 7918385.4601, -12869803.954 7918369.9438, -12869745.4584 7918326.4398, -12869663.6156 7918333.4938, -12869599.0307 7918318.0467, -12869574.1237 7918343.0541, -12869527.7373 7918340.5215, -12869521.8906 7918396.5812, -12869539.7747 7918403.1158, -12869521.5466 7918433.0371, -12869507.7896 7918417.5605, -12869510.8849 7918427.19039999, -12869484.4028 7918436.1325, -12869495.7523 7918374.57, -12869450.0104 7918345.3364, -12869429.7188 7918361.5009, -12869430.7506 7918339.1458, -12869403.9245 7918339.1459, -12869410.459 7918296.1554, -12869507.8356 7918217.0635, -12869547.9286 7918152.6569, -12869554.8198 7918091.5353, -12869642.6254 7918079.3034, -12869747.5402 7917989.7818, -12869760.3182 7917921.8338, -12869741.8111 7917860.6409, -12869782.1482 7917818.8414, -12869713.5301 7917742.4924, -12869664.9162 7917773.3306, -12869598.5821 7917777.6114, -12869601.4399 7917801.2624, -12869554.4467 7917782.9521, -12869545.9803 7917805.1574, -12869413.0262 7917829.7201, -12869354.9042 7917814.8464, -12869343.0029 7917679.6655, -12869370.0246 7917644.0518, -12869334.5986 7917630.4181, -12869322.6749 7917593.8152, -12869258.157 7917631.4798, -12869214.428 7917615.4379, -12869162.9554 7917629.9668, -12869125.8289 7917578.9689, -12869124.418 7917555.7357, -12869091.9295 7917545.39509999, -12869050.8964 7917566.9835, -12869096.9275 7917591.9384, -12869094.6674 7917614.7949, -12869046.9085 7917639.7735, -12869042.2046 7917611.1439, -12869003.1931 7917570.5804, -12868983.9262 7917609.8426, -12868992.1582 7917648.0065, -12869013.2688 7917663.7766, -12869014.5974 7917694.2737, -12868996.7027 7917710.7146, -12869022.0226 7917781.8741, -12868922.4926 7917804.2568, -12868948.1996 7917857.7896, -12868934.2491 7917868.4597, -12868886.8491 7917873.65119999, -12868870.2498 7917890.60809999, -12868852.1674 7917861.3167, -12868800.6693 7917827.985, -12868747.3975 7917851.7827, -12868645.1652 7917833.4522, -12868637.014 7917882.727, -12868428.0364 7917884.1596, -12868420.5613 7917929.0827, -12868413.0304 7917912.0235, -12868370.7938 7917921.413, -12868341.7078 7917937.2633, -12868331.5884 7917969.7301, -12868319.1566 7917939.3953, -12868270.1309 7917927.7424, -12868263.6506 7917945.34399999, -12868276.8552 7917960.7619, -12868241.5148 7918022.945, -12868211.6228 7918025.7462, -12868198.0564 7918050.5521, -12868184.0913 7918020.9024, -12868164.2019 7918039.9011, -12868144.1419 7918032.6575, -12868137.7949 7918055.16040001, -12868108.4286 7918044.0721, -12868137.9583 7917988.0112, -12868123.6535 7917950.5939, -12868078.7351 7917943.5609, -12868037.1689 7917916.9179, -12867977.8529 7917916.4903, -12868026.7144 7917827.3342, -12868002.8541 7917819.4628, -12868000.4059 7917787.9086, -12868027.028 7917736.7008, -12867998.6591 7917708.5086, -12868004.7172 7917688.2434, -12867969.5875 7917665.6762, -12868013.6155 7917623.4895, -12868064.2121 7917656.5838, -12868131.7284 7917620.1349, -12868144.8524 7917536.9423, -12868182.8865 7917457.2414, -12868139.4248 7917426.0956, -12868157.0684 7917379.9947, -12868182.7305 7917380.8687, -12868135.1003 7917295.4756, -12868140.9227 7917258.0127, -12868168.7149 7917219.0432, -12868141.2807 7917183.8397, -12868109.7345 7917183.9108, -12868093.2356 7917151.144, -12868108.8063 7917138.0327, -12868158.7684 7917138.7834, -12868154.5451 7917035.6683, -12868103.4891 7916860.9345, -12868107.5531 7916836.6021, -12868134.2493 7916820.7686, -12868134.9731 7916794.3893, -12868122.7311 7916780.4277, -12868073.0479 7916801.5568, -12868002.7685 7916774.416, -12867987.3898 7916799.1334, -12867953.2645 7916788.5829, -12867921.204 7916764.8784, -12867922.2864 7916684.2781, -12867879.0436 7916660.1003, -12867822.6001 7916755.5849, -12867770.7287 7916775.5821, -12867732.0487 7916814.1591, -12867730.6653 7916845.079, -12867708.8307 7916852.538, -12867695.7665 7916802.203, -12867765.0027 7916615.7382, -12867756.1268 7916590.7757, -12867696.6301 7916553.5175, -12867684.4955 7916530.4086, -12867717.197 7916516.9773, -12867767.245 7916536.5206, -12867804.1207 7916522.3019, -12867806.1364 7916482.6655, -12867767.2397 7916451.521, -12867781.9154 7916419.644, -12867757.1309 7916394.7017, -12867709.2252 7916380.6199, -12867657.0031 7916396.1931, -12867618.0358 7916481.9525, -12867575.8713 7916456.463, -12867550.6287 7916452.7337, -12867545.3991 7916463.639, -12867554.1697 7916506.0883, -12867542.3461 7916680.1503, -12867514.8744 7916721.7255, -12867526.9342 7916755.3112, -12867567.525 7916762.2302, -12867584.0666 7916784.2416, -12867602.7245 7916891.2099, -12867565.1515 7916930.6907, -12867543.484 7916935.6431, -12867458.9806 7916876.2123, -12867435.4876 7916885.9158, -12867415.1216 7916944.4288, -12867377.2366 7916906.7939, -12867349.3256 7916924.9353, -12867331.8277 7916918.473, -12867366.4036 7916840.7514, -12867287.5075 7916782.9665, -12867238.3237 7916827.1481, -12867180.5023 7916811.3658, -12867159.368 7916773.0952, -12867175.2567 7916653.8869, -12867120.965 7916622.973, -12867093.1729 7916625.4281, -12867016.1356 7916671.6906, -12866849.3581 7916726.974, -12866809.412 7916793.996, -12866794.967 7916849.8664, -12866745.9926 7916912.1934, -12866697.198 7917081.674, -12866615.2167 7917139.0335, -12866545.3637 7917141.9238, -12866454.4945 7917066.505, -12866364.801 7917039.5243, -12866352.9067 7916991.7806, -12866212.1034 7916893.3979, -12866130.313 7916884.1549, -12866010.8825 7916928.4127, -12865960.6738 7916910.0581, -12865928.2569 7916850.6596, -12865929.422 7916696.3713, -12865846.6233 7916587.982, -12865795.4892 7916403.1412, -12865767.1406 7916355.223, -12865719.5934 7916336.6366, -12865568.9555 7916382.7392, -12865525.0131 7916365.0308, -12865488.7414 7916295.1996, -12865472.0174 7916134.5329, -12865435.9418 7916116.25959999, -12865321.3121 7916134.3241, -12865257.7888 7916114.456, -12865077.1124 7915942.0846, -12864884.0247 7915827.2782, -12864806.7635 7915739.5321, -12864781.2124 7915667.219, -12864806.1769 7915551.0397, -12864956.4225 7915404.2046, -12864995.4057 7915339.2989, -12865001.7685 7915308.9612, -12864979.1538 7915253.3937, -12864955.946 7915249.3964, -12864999.4648 7915101.3624, -12865459.048 7914372.0961, -12865617.1216 7914189.993, -12865809.2591 7914035.2192, -12866029.7829 7913909.4419, -12866264.8569 7913815.9822, -12866283.1695 7913723.8353, -12866431.2177 7913771.0367, -12866709.3885 7913729.8529, -12867284.3537 7913701.6947, -12868165.1134 7913633.2811, -12868657.3682 7913613.675, -12869054.5561 7913615.5521, -12869450.631 7913650.593, -12870233.7635 7913828.5115, -12870579.2066 7913852.5642, -12870809.8419 7913837.272, -12871548.5581 7913740.9076, -12871816.2815 7913679.5853, -12872064.0786 7913581.3457, -12872216.6976 7913494.9961, -12872431.5443 7913345.868, -12873076.7392 7912828.9341, -12873069.9282 7912803.3041, -12873114.9412 7912634.6463, -12873305.1841 7912540.7707, -12873400.0915 7912583.7883, -12873626.8929 7912439.691, -12873795.9874 7912358.1507, -12874341.5641 7912179.4328, -12874604.6121 7912078.5018, -12874927.6612 7911904.79519999, -12875216.6465 7911688.3453, -12875603.2591 7911316.7665, -12875939.5554 7910915.3903, -12876848.479 7909703.4679, -12877164.2923 7909219.4204, -12877252.4575 7908996.7942, -12877271.6045 7908840.6679, -12877251.4555 7908684.1278, -12877152.7152 7908463.1847, -12876990.4114 7908268.093, -12876727.586 7908035.2822, -12876443.7214 7907814.5666, -12876131.0248 7907631.1628, -12875860.3596 7907519.2139, -12875832.7021 7907540.0627, -12875663.6913 7907588.5573, -12874829.6788 7907538.4725, -12874415.6419 7907474.6291, -12874177.1481 7907627.6043, -12874230.072 7907656.9308, -12873837.6953 7907966.9972, -12873569.3164 7908089.4366, -12873173.5431 7908174.5114, -12873174.7693 7908130.5039, -12873126.5101 7908118.8337, -12873155.3224 7907798.7439, -12873147.3106 7907684.6234, -12873127.7596 7907629.0018, -12873080.5793 7907601.7585, -12872999.7774 7907648.5897, -12872950.9175 7907639.0408, -12872930.7436 7907610.0613, -12872921.7086 7907506.0222, -12872880.6364 7907436.7433, -12872690.5686 7907266.304, -12872591.8709 7907250.3647, -12872547.5816 7907228.0221, -12872539.1937 7907196.8569, -12872572.4517 7907054.8649, -12872563.5297 7907020.7851, -12872542.0325 7907003.6523, -12872514.5477 7907006.3002, -12872435.1026 7907055.6646, -12872317.5585 7907057.9596, -12872170.3948 7907185.4555, -12872113.8651 7907185.1591, -12872090.6497 7907169.3447, -12871965.9596 7906945.3617, -12871937.1606 7906765.9242, -12871878.5695 7906622.2458, -12871868.6941 7906479.5147, -12871825.6395 7906410.2781, -12871783.2432 7906402.4925, -12871708.6037 7906431.1476, -12871629.3917 7906411.3785, -12871554.2545 7906426.5573, -12871370.7394 7906406.4728, -12871275.9046 7906417.8958, -12871078.1218 7906364.7155, -12870987.1298 7906307.8294, -12870829.9841 7906310.998, -12870767.575 7906265.9766, -12870713.7012 7906150.99, -12870639.7318 7906096.97559999, -12870641.9237 7906064.462, -12870681.5354 7906010.7485, -12870781.8386 7905971.2907, -12870833.7217 7905965.946, -12871155.7531 7906073.7405, -12871202.1103 7906074.0511, -12871723.5632 7905954.2542, -12872024.1735 7905853.2951, -12872095.4389 7905806.7717, -12872146.3993 7905743.547, -12872161.2576 7905672.5319, -12872127.7268 7905554.07419999, -12872138.3463 7905501.9254, -12872156.1086 7905485.4084, -12872208.187 7905478.8643, -12872347.1818 7905531.508, -12872429.1793 7905536.3166, -12872466.526 7905524.6297, -12872522.2592 7905473.8513, -12872546.0792 7905401.7119, -12872558.0703 7905292.935, -12872580.1779 7905243.8156, -12872687.8035 7905231.3458, -12872766.7279 7905198.9328, -12872810.1974 7905157.3489, -12872866.5629 7905049.3922, -12872877.155 7904964.1562, -12872825.5948 7904827.4812, -12872757.6896 7904697.6441, -12872689.1697 7904638.5681, -12872495.4474 7904545.9133, -12872350.2801 7904566.4498, -12872256.6066 7904628.216, -12871880.4783 7904706.7691, -12871728.9892 7904677.7154, -12871600.4827 7904592.2547, -12871514.9323 7904463.6723, -12871485.6334 7904311.9558, -12871517.1361 7904160.687, -12871604.5415 7904033.3734, -12871809.4829 7903906.7775, -12871773.1952 7903857.2715, -12871785.7799 7903814.8957, -12871857.9314 7903814.5242, -12871821.4069 7903675.4564, -12871852.2815 7903441.6792, -12871845.6579 7903226.6393, -12871869.5932 7903055.8728, -12871948.3915 7902923.0664, -12872072.2947 7902831.094, -12872271.2163 7902782.14769999, -12872437.858 7902789.675, -12872468.9705 7902640.1855, -12872556.3426 7902512.8867, -12872686.0274 7902429.3143, -12872888.6938 7902393.4621, -12873048.7014 7902396.5576, -12873202.5179 7902374.7832, -12873351.0395 7902329.1657, -12873501.0101 7902254.5557, -12873695.9306 7902203.1018, -12873895.5469 7902100.9894, -12874067.1146 7901956.5018, -12874174.4138 7901821.1084, -12874256.6138 7901669.1056, -12874311.2181 7901505.1137, -12874347.6097 7901277.4536, -12874426.3463 7901144.6521, -12874498.421 7901090.4733, -12874504.9196 7901043.9892, -12874535.9667 7900991.621, -12874750.3172 7900836.9552, -12874723.5691 7900776.9153, -12874591.686 7900595.401, -12874336.204 7900349.266, -12874240.7571 7900215.7066, -12874197.1593 7900049.918, -12874218.5486 7899896.9716, -12874297.7559 7899763.3814, -12874420.9082 7899640.9373, -12874370.2067 7899435.2678, -12874012.6517 7898694.3501, -12874027.9393 7898609.3843, -12874234.3189 7898530.7724, -12874297.1666 7898579.2092, -12874867.7401 7899164.31, -12875103.2109 7899070.2077, -12875372.8503 7898879.0777, -12875522.5072 7898842.1848, -12875674.7669 7898866.1095, -12875805.9667 7898947.134, -12875895.719 7899072.67, -12875979.1851 7899436.49759999, -12876027.0731 7899576.8872, -12876060.1708 7899784.1439, -12876007.9252 7899999.7509, -12875935.678 7900144.0936, -12875892.0108 7900275.3327, -12875867.7186 7900430.744, -12875948.1097 7900489.2532, -12876088.6672 7900535.0395, -12876196.8379 7900551.0083, -12876548.4184 7900553.5304, -12876671.0237 7900570.1625, -12876932.8802 7900693.2469, -12877134.7032 7900736.2419, -12877559.1469 7900554.64729999, -12877609.1034 7900546.7151, -12877845.9725 7900588.8104, -12878023.5075 7900575.7559, -12878056.2114 7900594.5261, -12878094.8687 7900650.8631, -12878068.0803 7900895.3959, -12878103.0888 7901032.5619, -12878209.1976 7901158.6822, -12878363.8537 7901270.2303, -12878628.3696 7901497.4859, -12878796.7791 7901525.5879, -12878925.9533 7901469.2531, -12878945.1745 7901377.1199, -12878939.4734 7901232.6868, -12878999.871 7901153.1145, -12879074.666 7901168.0724, -12879144.5527 7901207.6142, -12879172.461 7901240.3753, -12879341.8689 7901484.7878, -12879432.4139 7901548.5233, -12879485.7108 7901557.2594, -12879641.6268 7901540.7211, -12879739.3283 7901566.9381, -12880263.7973 7902090.7825, -12880417.4083 7902193.7384, -12880477.5168 7902212.7657, -12880603.8451 7902214.0838, -12880984.0055 7902089.0367, -12881113.674 7902078.537, -12881175.1074 7902087.7888, -12881232.9575 7902108.2647, -12881335.082 7902175.59269999, -12881571.2233 7902466.0602, -12881701.293 7902592.9987, -12882251.9624 7902721.4318, -12882401.3747 7902747.9672, -12882481.9547 7902745.34, -12882528.0949 7902722.75, -12882513.0726 7902521.7303, -12882463.4706 7902430.41350001, -12882262.422 7902268.2767, -12882238.1064 7902181.0129, -12882213.9866 7901972.973, -12882157.6011 7901815.6114, -12881875.8235 7901477.5439, -12881523.0487 7901150.66219999, -12881531.5491 7901061.9451, -12881558.0949 7900998.0914, -12881670.4645 7900901.6791, -12881759.0405 7900858.212, -12881802.6991 7900847.53939999, -12881924.483 7900883.3184, -12882079.3352 7901106.4082, -12882163.946 7901165.59409999, -12882267.4607 7901206.2965, -12882325.4417 7901210.5378, -12882426.0918 7901193.5812, -12882547.68 7901100.4216, -12882606.8273 7900955.2607, -12882685.793 7900839.1182, -12882768.2857 7900855.7948, -12882840.2625 7900912.6484, -12882878.0612 7900993.7628, -12882876.2511 7901137.3363, -12882915.636 7901255.73480001, -12882947.9574 7901286.4105, -12882981.6599 7901368.2095, -12883073.9496 7901868.161, -12883126.1269 7901954.8365, -12883171.7262 7901976.2283, -12883408.8004 7902026.2479, -12883503.4882 7902069.3465, -12883673.0922 7902185.8046, -12883754.2133 7902204.6136, -12883824.6226 7902205.51259999, -12883931.3845 7901973.9679, -12883982.5164 7901913.3531, -12884025.4937 7901936.5168, -12884076.122 7902034.13799999, -12884116.1787 7902063.1932, -12884273.2608 7901961.9408, -12884449.7415 7901958.4324, -12884576.1351 7901929.4646, -12884605.3496 7901901.1256, -12884680.8442 7901708.4191, -12884881.7621 7901471.88, -12885030.9598 7901330.3598, -12885106.333 7901316.62349999, -12885172.2823 7901403.5982, -12885159.7046 7901581.4692, -12885177.3676 7901712.0234, -12885298.8252 7901845.5388, -12885416.5786 7902050.2671, -12885478.012 7902057.3542, -12885532.3538 7901964.6554, -12885617.1885 7901922.0199, -12885857.855 7902065.6544, -12885909.8176 7902041.1814, -12885970.383 7901954.3914, -12885993.7844 7901851.7442, -12885979.3499 7901729.4088, -12885996.6491 7901718.2986, -12886039.6915 7901711.1071, -12886220.1563 7901857.7663, -12886339.8318 7901900.4622, -12886498.9948 7901934.169, -12886560.0921 7901901.2303, -12886618.1012 7901807.9135, -12886672.751 7901774.2511, -12886741.8353 7901772.174, -12886882.7756 7901808.1406, -12886969.8774 7901792.6054, -12886992.5978 7901764.1096, -12886891.5276 7901531.6272, -12886877.1211 7901456.2581, -12886884.7162 7901382.3649, -12886946.2242 7901291.1142, -12887070.2012 7901227.3459, -12887325.3676 7901531.5311, -12887443.6341 7901596.4803, -12887576.1392 7901628.5013, -12887751.9388 7901550.3124, -12887830.2047 7901556.4827, -12887951.1398 7901600.0586, -12888079.0355 7901593.2948, -12888162.2094 7901555.8195, -12888369.5186 7901415.2663, -12888459.8584 7901377.2944, -12888651.2589 7901344.4891, -12888921.9143 7901267.7607, -12889052.488 7901262.507, -12889121.2552 7901348.7915, -12889126.0324 7901428.0605, -12889100.8676 7901504.4852, -12889003.0912 7901668.5778, -12889055.5392 7901685.4307, -12889076.9251 7901710.4875, -12889394.4485 7901765.672, -12889475.4295 7901720.76839999, -12889505.2877 7901687.7434, -12889575.184 7901427.982, -12889632.2412 7901377.2072, -12889693.3386 7901347.0724, -12889842.639 7901482.6844, -12889883.7034 7901591.4533, -12889858.9397 7901753.36599999, -12889946.6015 7901783.39769999, -12890149.4789 7901696.2003, -12890233.7816 7901634.82, -12890291.2494 7901543.09489999, -12890322.4046 7901386.9555, -12890368.8526 7901286.9688, -12890488.5748 7901153.673, -12890534.3791 7901116.8718, -12890640.5438 7901075.0005, -12890743.6013 7901064.3012, -12890837.9532 7901155.75, -12890887.1352 7901287.0737, -12891093.3341 7901522.0009, -12891148.0587 7901610.5141, -12891274.2749 7901879.1404, -12891308.0614 7902061.7794, -12891363.7749 7902188.3969, -12891399.2409 7902223.5187, -12891480.8845 7902262.909, -12891516.2198 7902264.9164, -12891680.7852 7902107.2346, -12891720.366 7902012.5537, -12891733.0651 7901905.8125, -12891707.0885 7901799.7358, -12891444.6067 7901247.191, -12891435.6865 7901059.5451, -12891503.9032 7901063.865, -12891533.2951 7901046.9438, -12891574.3127 7901070.2355, -12891854.8213 7901145.9411, -12892015.0666 7901169.4252, -12892155.5868 7901135.844, -12892189.616 7901061.884, -12892181.1996 7901019.6988, -12892133.9489 7900945.3471, -12891851.481 7900715.726, -12891766.0026 7900624.4834, -12891647.7452 7900453.293, -12891870.4315 7900539.8215, -12891951.0674 7900585.3811, -12891985.9081 7900588.0513, -12892252.4022 7900553.696, -12892378.5623 7900498.7125, -12892366.8057 7900385.9278, -12892288.0919 7900252.9882, -12892249.8922 7900097.6434, -12892205.5527 7900049.37300001, -12892056.0098 7900018.0656, -12892020.8424 7899984.7773, -12892029.8838 7899867.3325, -12891869.6198 7899737.9442, -12891805.8445 7899585.9692, -12891707.6577 7899424.5131, -12891724.8261 7899346.9317, -12891765.6851 7899345.1867, -12891828.9473 7899312.6346, -12891914.8644 7899224.4188, -12891911.1506 7899158.3821, -12891852.274 7899109.6031, -12891837.5129 7899071.7822, -12891843.5778 7899002.6759, -12891948.6321 7898869.455, -12892070.3697 7898773.3232, -12892169.7508 7898732.8693, -12892260.5759 7898721.6327, -12892311.6147 7898777.2577, -12892456.6416 7898869.4989, -12892600.3267 7898893.5561, -12892578.3839 7898860.7744, -12892532.8799 7898633.826, -12892484.4138 7898486.036, -12892349.9362 7898246.4818, -12892314.1486 7898063.866, -12892152.6278 7897824.6139, -12892108.6522 7897658.9834, -12892150.4086 7897348.09, -12892151.3529 7897175.3158, -12892126.571 7897021.777, -12892017.4221 7896641.264, -12892038.4415 7896488.3377, -12892116.817 7896355.4375, -12892259.4206 7896248.9913, -12892455.6515 7896143.4757, -12892588.3306 7896033.154, -12892699.8699 7895901.4247, -12892786.8804 7895752.2923, -12892855.2519 7895556.7732, -12892881.5548 7895351.2893, -12892867.6973 7895161.8438, -12892797.8648 7894882.9996, -12892818.8636 7894730.1068, -12893079.7789 7894235.2357, -12893203.2817 7894143.0234, -12893352.7561 7894105.8004, -12893718.4001 7894161.4586, -12893875.1853 7894167.8115, -12894072.8243 7894141.0384, -12894267.4528 7894071.2076, -12894511.6313 7894010.35849999, -12894635.8703 7894036.2187, -12894768.4374 7894103.2985, -12894839.6293 7893972.8096, -12894891.2781 7893925.5718, -12894986.435 7893899.1558, -12894885.0562 7893067.9858, -12894680.3742 7892639.5117, -12894793.3311 7892702.19389999, -12894905.4388 7892686.3258, -12895356.4175 7892760.1177, -12895876.1894 7892449.0863, -12896267.7168 7892441.1536, -12896488.0416 7892345.4438, -12896426.0222 7892193.3188, -12896313.1424 7892019.6278, -12896258.7283 7891888.6578, -12896178.3301 7891755.73659999, -12896027.9423 7891589.6551, -12895859.2482 7891470.0479, -12895652.9075 7891383.1997, -12895373.5312 7891325.6628, -12895230.8355 7891231.4074, -12895058.7732 7891004.4958, -12894883.5385 7890854.4146, -12894733.8852 7890633.1605, -12894643.9535 7890528.4229, -12894526.5373 7890426.892, -12894273.4905 7890258.1885, -12894216.8909 7890179.4278, -12894172.9153 7890013.9759, -12894193.8733 7889861.17729999, -12894272.1428 7889728.3711, -12894395.5575 7889636.1944, -12894544.937 7889598.9703, -12894697.0682 7889622.4825, -12895079.3155 7889842.2374, -12895188.8808 7889877.4643, -12895271.8151 7889856.7894, -12895423.954 7889880.2877, -12895626.1712 7889986.0481, -12895842.5267 7890043.2689, -12896083.3635 7890048.6821, -12896302.0628 7890001.2398, -12896429.2506 7889947.8861, -12896547.7873 7889877.3153, -12896718.019 7889723.545, -12896570.9175 7889605.9815, -12896539.4932 7889508.427, -12896951.4032 7889391.0475, -12896951.4032 7889330.7711, -12897097.4833 7889188.8078, -12897109.3733 7888660.632, -12897376.903 7889030.98449999, -12897401.2627 7889138.4467, -12897454.8938 7889128.779, -12897605.1441 7889162.2535, -12897870.3962 7889284.4431, -12897917.5779 7889296.4665, -12897948.4818 7889285.564, -12897955.0522 7889306.0159, -12898070.6211 7889335.4662, -12898294.2605 7889342.3838, -12898570.258 7889297.1796, -12898720.5167 7889330.6325, -12898846.1969 7889419.6713, -12899058.4042 7889757.7895, -12899188.0939 7889908.6734, -12899323.8938 7890017.9145, -12899656.0709 7890222.7158, -12899746.1128 7890347.8218, -12899800.3359 7890582.029, -12899820.626 7890756.0781, -12899867.5221 7890912.2526, -12899957.0084 7891090.1727, -12900080.536 7891243.8583, -12900230.2095 7891373.1007, -12900396.115 7891466.1995, -12900566.958 7891524.3075, -12900864.0145 7891575.983, -12901024.1868 7891674.1635, -12901114.2686 7891799.27709999, -12901149.0887 7891949.5527, -12901123.2326 7892101.6387, -12901029.8499 7892283.53549999, -12901185.9426 7892301.4296, -12901317.2985 7892381.9391, -12901436.9765 7892548.1437, -12901450.711 7892607.4084, -12901436.3965 7892691.62830001, -12901498.6867 7892787.85279999, -12901533.519 7892938.1466, -12901507.6675 7893090.2535, -12901425.1467 7893220.531, -12901349.0074 7893279.7917), (-12875856.602 7903767.3443, -12875967.7404 7903666.9505, -12876195.3705 7903686.0128, -12876589.5642 7903567.6838, -12876580.0866 7903529.4852, -12876500.2517 7903428.572, -12876492.6084 7903330.0451, -12876655.6736 7903343.5529, -12876721.0706 7903333.2237, -12876776.2662 7903515.5976, -12877163.7708 7903412.2441, -12877071.7927 7903256.2467, -12876960.1309 7903136.5732, -12876893.4544 7903150.6994, -12876741.9778 7903121.7525, -12876566.7269 7903005.3723, -12876498.9384 7902897.2217, -12876126.3048 7902820.482, -12875900.9067 7902740.1221, -12875650.7918 7902718.7213, -12875545.4195 7902726.2166, -12875351.9533 7902774.2023, -12875129.2396 7902886.3181, -12874925.4876 7903056.2283, -12874988.9691 7903326.5134, -12875105.6054 7903353.9365, -12875249.1779 7903539.3678, -12875283.5387 7903689.997, -12875257.1224 7903842.231, -12875227.1623 7903889.1685, -12875856.602 7903767.3443))"
61,21157,1749,2023-10-15 06:33:14,HNZ001, ,60155.7,2023-09-23,0700,0 - hand sketch of any type,Mutual Aid,Assistance Started,2023/08/29 09:00:00,E,44986.0,,,,e7fe2681-4982-4f21-910c-eab7a2942bc4,2319077744.66406,803118.063325099,"MULTIPOLYGON (((-12861874.7319 8307674.3818, -12861657.6717 8307649.4735, -12861417.5852 8307675.0306, -12861257.751 8307644.1786, -12861107.325 8307543.8933, -12861047.8315 8307460.3803, -12861002.0726 8307285.28019999, -12861025.4566 8307120.0124, -12861091.5855 8306965.1854, -12861131.3657 8306805.8353, -12861145.7704 8306642.2169, -12861135.4074 8306485.2434, -12861161.0012 8306304.3357, -12861230.3552 8306149.71509999, -12861276.0766 8305973.11379999, -12861290.1458 8305827.777, -12861284.2011 8305684.9172, -12861311.2855 8305493.4458, -12861339.9277 8305429.86249999, -12861226.5317 8305354.2662, -12861171.4648 8305276.9695, -12861144.1794 8305413.5356, -12861056.2721 8305550.7121, -12860922.2659 8305643.1929, -12860733.0159 8305701.2436, -12860571.4085 8305785.3597, -12860440.3946 8305884.0955, -12860322.6431 8306006.7971, -12860174.1707 8306109.2394, -12860014.8806 8306142.6338, -12859855.0851 8306111.75770001, -12859757.8115 8306049.6074, -12859725.5295 8306071.8779, -12859566.2379 8306105.2625, -12859406.445 8306074.3768, -12859270.9892 8305984.02269999, -12858696.0679 8305988.4993, -12858516.4365 8306026.124, -12858356.6496 8305995.216, -12858206.2962 8305894.8936, -12858146.8487 8305811.3756, -12858101.1686 8305636.2962, -12858131.5871 8305421.9175, -12858246.972 8305149.5421, -12858288.0256 8304891.7013, -12858170.7176 8304813.4269, -12858111.279 8304729.9205, -12858065.6063 8304554.8662, -12858088.5035 8304393.5013, -12858171.8781 8304253.5438, -12858196.357 8304236.8511, -12858175.1763 8304118.7513, -12858220.2442 8303837.0759, -12858216.5886 8303691.1451, -12858189.2086 8303533.0752, -12858212.1196 8303371.5942, -12858295.4805 8303231.6548, -12858426.353 8303134.8641, -12858584.3982 8303096.262, -12858851.8521 8303135.62349999, -12859033.9036 8303134.2133, -12859195.332 8303105.8617, -12859385.3017 8303036.5835, -12859590.6704 8302986.3938, -12859833.8701 8303021.8596, -12859997.7582 8303022.0011, -12860116.7374 8303002.1599, -12859971.2077 8302861.949, -12859844.6985 8302791.5495, -12859711.6405 8302745.1173, -12859442.0801 8302708.6048, -12858897.7185 8302724.4991, -12858766.0455 8302685.8608, -12858707.8682 8302649.2626, -12858615.7263 8302545.7473, -12858478.2468 8302121.5805, -12858362.0179 8301929.9946, -12858135.794 8301737.2038, -12857892.5456 8301596.1054, -12857767.5305 8301564.6738, -12857644.9258 8301573.8481, -12857537.0548 8301635.64329999, -12857362.9142 8301838.9634, -12857309.2022 8301880.9266, -12857186.7194 8301934.0053, -12857054.6858 8301935.1312, -12856926.5108 8301886.0931, -12856810.0322 8301809.3363, -12856421.1304 8301514.5127, -12856331.0795 8301406.79950001, -12856272.9688 8301274.31149999, -12856194.7698 8300909.4405, -12856181.2982 8300687.5807, -12856202.0522 8300331.6878, -12856181.9269 8300198.1395, -12856088.8676 8300023.8592, -12855865.9866 8299798.2987, -12855795.2263 8299701.3285, -12855773.7453 8299581.989, -12855802.9449 8299386.5018, -12855792.2675 8299247.3325, -12855628.8586 8298918.289, -12855607.5591 8298846.8541, -12855604.1781 8298693.3337, -12855725.1437 8298233.39410001, -12855740.6558 8297849.6398, -12855726.8285 8297698.9631, -12855607.933 8297412.2798, -12855573.0658 8297258.0099, -12855593.6751 8296842.8255, -12855564.6094 8296591.1722, -12855487.6343 8296348.5105, -12855370.2832 8296121.0266, -12855215.8541 8295914.111, -12855010.781 8295685.6853, -12854935.8526 8295738.985, -12854763.7466 8295926.5466, -12854663.4664 8296099.9096, -12854599.6753 8296282.6735, -12854541.5081 8296367.0005, -12854392.8414 8296469.405, -12853988.6885 8296541.7158, -12854148.9909 8296711.4939, -12854404.9196 8296881.8244, -12854504.2721 8297021.5549, -12854565.8447 8297175.29649999, -12854647.565 8297316.3791, -12854672.8143 8297477.2347, -12854577.2887 8297870.0498, -12854557.0712 8298032.8552, -12854564.7184 8298214.9437, -12854602.9921 8298405.1408, -12854574.7283 8298565.5167, -12854391.9919 8298865.1739, -12854307.3657 8299124.6493, -12854258.042 8299485.25909999, -12854297.7978 8299831.4856, -12854222.7463 8300163.2055, -12854218.2349 8300399.9476, -12854256.1027 8300596.8113, -12854330.7764 8300782.8242, -12854439.5146 8300951.149, -12854564.5881 8301083.5996, -12854805.2361 8301268.2214, -12855056.7703 8301420.8132, -12855243.5315 8301492.9519, -12855494.6668 8301539.9234, -12855632.9037 8301625.761, -12855727.2836 8301758.4509, -12855763.1351 8301917.3714, -12855729.9828 8302105.6586, -12855657.5094 8302328.7636, -12855636.2708 8302546.4302, -12855650.3187 8302709.9894, -12855756.7877 8303276.3725, -12855736.9418 8303480.5472, -12855611.3506 8303693.7207, -12855477.185 8303786.1656, -12855248.3757 8303865.1981, -12855057.5458 8303905.0712, -12854897.819 8303874.0969, -12854747.5555 8303773.7325, -12854521.9949 8303434.0575, -12854408.3314 8303315.774, -12854292.8711 8303226.728, -12853680.1579 8302834.2056, -12853456.7167 8302756.7044, -12853143.2597 8302712.7146, -12852948.6128 8302582.638, -12852889.2511 8302499.1147, -12852837.6264 8302300.6736, -12852809.6943 8302046.2794, -12852886.4217 8301615.3866, -12852878.812 8301433.213, -12852845.0364 8301272.6027, -12852794.2689 8301135.8243, -12852715.0976 8300992.1283, -12852614.4643 8300862.6092, -12852494.3653 8300749.92939999, -12852374.9783 8300569.5885, -12852334.4533 8300357.0445, -12852348.1798 8300146.0545, -12852327.9202 8299964.8908, -12852269.7727 8299773.0716, -12852167.9692 8299569.9743, -12852127.4557 8299357.4572, -12852162.1831 8299192.7414, -12852273.2797 8298934.7918, -12852309.7041 8298719.2604, -12852297.7827 8298482.8298, -12852280.4113 8298412.82549999, -12851870.5297 8298692.543, -12851813.4085 8298847.9371, -12851784.0947 8298990.8332, -12851775.2008 8299154.6762, -12851791.9621 8299319.8678, -12851751.9382 8299517.4277, -12851746.8168 8299699.6416, -12851773.3607 8299879.9824, -12851839.2986 8300072.1526, -12851885.7915 8300278.7482, -12851857.4618 8300439.1542, -12851769.4413 8300576.1287, -12851591.3986 8300698.66920001, -12851325.9861 8300794.3501, -12851096.576 8300842.15640001, -12850925.8541 8300816.848, -12850670.0757 8301512.2156, -12850625.7082 8301542.743, -12850466.4729 8301575.9108, -12850305.8606 8301544.6611, -12850166.8394 8301470.7394, -12850012.0297 8301416.96149999, -12849534.2222 8301336.1215, -12849384.0829 8301235.6822, -12849324.7719 8301152.1451, -12849279.3288 8300977.12, -12849333.0915 8300567.1777, -12849316.3505 8300370.2941, -12849176.6549 8300241.4704, -12849005.3498 8300137.8176, -12848817.4523 8300068.8084, -12848629.0966 8300031.5671, -12848479.2017 8300048.31019999, -12848304.5887 8300099.6622, -12848138.8553 8300182.2677, -12847976.1162 8300216.10809999, -12847759.6802 8300184.6295, -12847631.0327 8300273.0708, -12847450.5103 8300310.5958, -12847284.9178 8300312.91049999, -12847105.8912 8300345.6697, -12846935.2605 8300409.069, -12846778.2087 8300501.1835, -12846639.5063 8300619.2165, -12846533.8596 8300744.6588, -12846418.6993 8300951.4638, -12846350.4144 8301192.9261, -12846262.2827 8301329.8496, -12846128.1678 8301422.0098, -12845968.9143 8301455.0802, -12845809.2779 8301423.9195, -12845655.4214 8301320.8812, -12845476.8002 8301144.6694, -12845307.3596 8301037.9396, -12845103.1173 8300960.7787, -12844718.3022 8300883.4706, -12844568.2368 8300782.9392, -12844508.984 8300699.369, -12844449.3043 8300507.3306, -12844365.7482 8300345.3744, -12844279.9586 8300232.6858, -12844028.6185 8300164.4143, -12843846.8318 8300155.912, -12843621.1478 8300188.4585, -12843455.9362 8300179.1297, -12843278.3559 8300198.5734, -12843118.5736 8300167.3239, -12842968.5447 8300066.7698, -12842909.3153 8299983.1941, -12842864.0309 8299808.157, -12842887.2445 8299646.9418, -12842941.761 8299555.8536, -12842904.6385 8299385.4945, -12842954.0249 8299109.77750001, -12843046.66 8298975.9293, -12843183.7344 8298888.3478, -12843343.9479 8298860.6401, -12843502.4016 8298897.1114, -12843872.5479 8298744.6145, -12843697.5373 8298504.4538, -12843554.0361 8298364.7819, -12843402.6298 8298263.7205, -12843238.3208 8298191.3341, -12843082.5807 8298086.9555, -12842992.9082 8297951.1256, -12842962.6135 8297791.1356, -12842996.4012 8297631.8533, -12843089.0167 8297498.0314, -12843226.0633 8297410.46679999, -12843572.2516 8297348.5807, -12843761.604 8297283.9172, -12843905.0737 8297204.8228, -12844262.9216 8296951.3146, -12844466.1591 8296899.8, -12844618.1683 8296838.7985, -12844758.7767 8296754.7255, -12844897.4369 8296636.7892, -12844992.3055 8296526.1684, -12845083.4051 8296382.4569, -12845144.1551 8296249.9299, -12845185.8998 8296110.2258, -12845211.2641 8295874.944, -12845197.4596 8295711.51479999, -12845160.7957 8295552.7824, -12845183.9463 8295391.6524, -12845267.4637 8295252.0097, -12845398.366 8295155.55349999, -12845556.3092 8295117.2716, -12845979.8191 8295188.2484, -12846179.7742 8295192.2926, -12846359.2232 8295162.7116, -12846446.0946 8295130.9881, -12846180.3837 8294963.6814, -12845961.3618 8294785.0469, -12845766.4113 8294691.049, -12845461.2196 8294493.7825, -12845240.9571 8294408.3668, -12844903.7728 8294340.3716, -12844657.6132 8294261.2443, -12844385.7024 8294246.1646, -12844241.6991 8294267.2849, -12844102.0302 8294308.2733, -12843937.6669 8294386.1982, -12843764.247 8294502.1697, -12843803.3653 8294590.3797, -12843971.7487 8294557.3925, -12844130.1135 8294593.8295, -12844262.1165 8294688.7475, -12844347.2427 8294827.3975, -12844372.2601 8294988.235, -12844328.9846 8295163.6602, -12844270.7412 8295247.8475, -12844121.9546 8295350.0302, -12843962.8229 8295383.0302, -12843803.325 8295351.8511, -12843422.1788 8295170.5752, -12843332.6293 8295384.9959, -12843196.3143 8295281.8984, -12843172.3294 8295191.8262, -12843244.5022 8294723.5597, -12843319.1041 8294519.9944, -12843305.4692 8294483.3013, -12842478.577 8294322.3789, -12842424.3384 8294286.0198, -12842446.6971 8294385.9679, -12842418.1856 8294546.211, -12842330.0603 8294682.9647, -12842196.0165 8294774.971, -12842005.0502 8294814.5202, -12841789.4644 8294772.3168, -12841639.5628 8294671.8086, -12841580.3915 8294588.2828, -12841535.1716 8294413.3643, -12841558.3975 8294252.2701, -12841641.9705 8294112.6898, -12841772.9001 8294016.3125, -12842045.5008 8293965.719, -12841996.7713 8293896.941, -12841951.5461 8293722.0415, -12841965.7464 8293623.5096, -12841630.6298 8293690.615, -12841382.5084 8293626.7124, -12841201.9234 8293605.4816, -12841020.4016 8293615.9813, -12840745.5098 8293671.021, -12840280.0673 8293594.0159, -12840149.0852 8293601.5763, -12839795.4899 8293945.0586, -12839858.887 8294048.4572, -12839883.8044 8294209.29349999, -12839831.1846 8294443.8604, -12839633.306 8294570.8987, -12839186.8599 8294672.64019999, -12839037.0636 8294738.7893, -12838884.0933 8294836.5027, -12838724.9487 8294869.3876, -12838565.4844 8294838.0977, -12838415.625 8294737.5229, -12838356.4895 8294653.9705, -12838317.2429 8294501.8852, -12838027.1425 8294449.9252, -12838584.853 8294083.3921, -12839419.6143 8293113.9586, -12839514.8329 8292850.473, -12839540.3004 8292633.548, -12839512.4382 8292380.435, -12839386.8347 8291959.8063, -12839410.0997 8291798.772, -12839493.6856 8291659.2619, -12839636.4205 8291554.2585, -12839782.2904 8291489.5161, -12839905.2691 8291411.6526, -12840029.1451 8291304.5556, -12840134.7677 8291179.3654, -12840219.5367 8291039.1663, -12840275.6804 8290904.7297, -12840375.2505 8290470.265, -12840498.2194 8290292.719, -12839974.963 8289761.7173, -12839760.6792 8289606.7773, -12839611.4707 8289539.5841, -12839453.6082 8289496.5972, -12839290.9772 8289478.8741, -12839127.5807 8289486.85059999, -12838650.3587 8289598.906, -12838491.008 8289567.6365, -12838356.108 8289477.0991, -12838248.1166 8289302.8912, -12838044.9431 8289271.3872, -12837832.6987 8289196.0663, -12837695.6647 8289292.2194, -12837529.8349 8289344.5373, -12837383.788 8289418.3633, -12837251.065 8289514.1655, -12837134.9331 8289629.5865, -12837047.9554 8289746.3664, -12836970.5791 8289890.7596, -12836856.89 8290286.5042, -12836753.776 8290368.0876, -12836769.0623 8290500.3315, -12836752.3492 8290547.2875, -12836663.8045 8290674.9935, -12836453.9025 8290818.82989999, -12836246.941 8290919.6063, -12835912.7438 8291147.7306, -12835753.6651 8291180.5351, -12835573.7747 8291145.1617, -12835422.8189 8291083.3738, -12835281.5056 8291048.7614, -12835118.5649 8291033.789, -12834955.2918 8291044.5313, -12834813.1315 8291075.4679, -12834676.6512 8291125.9204, -12834503.8682 8291225.3437, -12834618.8867 8291273.6488, -12834942.1587 8291352.3793, -12835005.08 8291306.1511, -12835162.9951 8291268.11119999, -12835370.696 8291301.8627, -12835576.8986 8291421.942, -12835701.6192 8291598.2987, -12835783.0526 8291813.04909999, -12835888.288 8291983.3102, -12835946.6601 8292045.4374, -12836123.7791 8292064.8205, -12836644.9944 8292002.4343, -12836946.9744 8292087.8354, -12837078.8409 8292182.8499, -12837163.8041 8292321.5362, -12837182.8294 8292444.6369, -12837285.9673 8292528.1404, -12837338.2206 8292613.2275, -12837435.5268 8293190.223, -12837397.5154 8293403.022, -12837077.2738 8293924.3197, -12836855.1169 8294076.5718, -12836458.1231 8294184.9438, -12836223.5482 8294211.2016, -12835890.5965 8294278.9605, -12835731.1563 8294247.6119, -12835504.6965 8294108.069, -12835263.9153 8294026.2421, -12835028.725 8294004.6293, -12834777.1022 8294041.2064, -12834662.154 8294085.9971, -12834579.8012 8294163.6134, -12834473.5711 8294311.453, -12834378.0705 8294521.2831, -12834289.4371 8294649.0293, -12834140.5249 8294751.0028, -12833860.0881 8294811.7566, -12833808.0394 8294873.6359, -12833672.9639 8294966.1215, -12833513.7933 8294998.8947, -12833478.3051 8294991.9056, -12833353.5768 8295101.334, -12833163.1002 8295231.7341, -12833003.922 8295264.4975, -12832758.049 8295230.2609, -12832540.5303 8295246.4124, -12832331.1141 8295307.5084, -12832134.4592 8295413.9518, -12831975.2728 8295446.6937, -12831658.6643 8295386.1058, -12831477.0087 8295377.3046, -12831278.8239 8295404.2506, -12831072.87 8295476.2082, -12830857.7362 8295612.05789999, -12830681.7923 8295796.0075, -12830602.9864 8295918.614, -12830541.9791 8296051.0156, -12830441.5789 8296424.4334, -12830383.1678 8296508.5256, -12830234.1644 8296610.4459, -12830074.9435 8296643.1523, -12829843.6852 8296608.837, -12829607.9212 8296624.1788, -12829398.4418 8296685.203, -12829203.2969 8296790.502, -12829044.0674 8296823.187, -12828814.6387 8296789.2002, -12828578.8667 8296804.5094, -12828369.3738 8296865.506, -12828171.3163 8296972.7578, -12827959.7926 8297016.1457, -12827699.9997 8296945.48, -12827457.1677 8296781.9886, -12827207.2141 8296399.2633, -12827109.4309 8296291.2246, -12826997.5923 8296197.8694, -12826824.9029 8296096.7622, -12826636.1311 8296030.5166, -12826456.3921 8296002.6178, -12826273.4088 8296006.5374, -12826102.6017 8295972.723, -12825952.8883 8295871.8799, -12825893.8842 8295788.2149, -12825849.0271 8295613.172, -12825872.5976 8295452.1011, -12825956.7499 8295312.226, -12826064.9728 8295217.2248, -12826160.1044 8295106.8669, -12826361.5427 8294748.1828, -12826528.8639 8294507.5721, -12826701.7068 8294337.3492, -12826945.134 8293991.5957, -12827082.3068 8293904.3715, -12827242.473 8293877.0314, -12827400.7412 8293913.8237, -12827532.518 8294009.032, -12827571.7308 8294073.2257, -12827713.9677 8294096.4895, -12827851.7442 8294182.7609, -12827945.5323 8294315.6727, -12827980.7525 8294474.5691, -12827951.9278 8294634.7584, -12827851.8351 8294779.3383, -12828017.3497 8294950.8188, -12828136.8764 8295034.024, -12828266.8023 8295099.7541, -12828404.5976 8295146.7289, -12828565.679 8295176.0325, -12828711.1649 8295180.5915, -12828866.323 8295162.8398, -12829247.2242 8295203.3754, -12829555.4653 8295369.2501, -12829800.1827 8295438.5428, -12830018.0475 8295449.14769999, -12830250.8795 8295409.1968, -12830436.6797 8295335.0492, -12830590.5348 8295237.9079, -12830725.209 8295115.4787, -12830836.6098 8294971.4838, -12830914.1586 8294827.0561, -12830968.1958 8294672.2569, -12831044.4703 8294194.6527, -12831128.2405 8294055.1923, -12831371.829 8293866.7613, -12831534.4745 8293671.0012, -12831650.7113 8293424.3276, -12831698.6854 8293165.8251, -12831834.0887 8293261.9951, -12831997.8285 8293341.1685, -12832172.8078 8293390.6532, -12832353.7081 8293408.9444, -12832552.973 8293392.4009, -12832975.0911 8293292.5999, -12833131.7179 8293232.7678, -12833200.638 8293182.1582, -12833269.6487 8293165.5526, -12833432.6975 8293050.144, -12833544.8489 8292930.7344, -12833646.2455 8292780.258, -12833980.7753 8292531.40479999, -12834131.548 8292373.6315, -12834221.275 8292236.5318, -12834288.4847 8292087.0615, -12834331.5229 8291928.9022, -12834349.3314 8291765.9491, -12834326.0636 8291512.4006, -12834278.2965 8291379.1422, -12833961.0988 8291501.0205, -12833727.5379 8291549.1188, -12833506.7649 8291510.3127, -12833325.0076 8291507.9141, -12833163.2738 8291532.8327, -12833024.3265 8291576.0324, -12832800.4064 8291696.5137, -12832624.2291 8291853.974, -12832505.9892 8292015.4453, -12832410.9365 8292225.0975, -12832308.5993 8292383.4347, -12832174.4725 8292475.2309, -12831985.7894 8292514.04029999, -12831856.1833 8292516.3062, -12831676.7296 8292480.9206, -12831527.011 8292380.2376, -12831350.2118 8292145.2395, -12831326.4535 8292303.9024, -12831127.2679 8292172.637, -12830912.9362 8292092.5048, -12830760.007 8291989.6399, -12830700.9797 8291906.0569, -12830656.0327 8291731.1346, -12830667.0489 8291655.5135, -12830601.9425 8291612.2519, -12830542.9201 8291528.6721, -12830489.6961 8291342.8948, -12830412.2397 8291178.1717, -12830319.0398 8291043.4489, -12830192.2757 8290912.9628, -12830075.7613 8290825.7104, -12829948.2611 8290755.5497, -12829688.3524 8290674.5431, -12829507.2332 8290659.3575, -12829326.2328 8290675.9038, -12829150.8483 8290723.6796, -12828989.024 8290799.7387, -12828822.5279 8290833.9101, -12828546.6865 8290808.2469, -12828402.0678 8290824.0025, -12828261.0442 8290859.764, -12828110.102 8290923.0287, -12827970.8947 8291009.1661, -12827834.1392 8291129.105, -12827724.8937 8291264.18819999, -12827590.0767 8291356.334, -12827143.366 8291457.3639, -12826993.527 8291523.2403, -12826841.9771 8291619.6285, -12826682.848 8291652.23979999, -12826523.5035 8291620.7035, -12826373.8719 8291519.92769999, -12826314.8979 8291436.3151, -12826195.1689 8290983.8679, -12826068.9865 8290734.56419999, -12825947.9664 8290277.0154, -12825825.2661 8290032.7419, -12825711.1143 8289596.4484, -12825656.1931 8289461.5361, -12825578.1118 8289328.4246, -12825533.2372 8289153.2812, -12825556.7942 8288992.3511, -12825647.4518 8288841.6773, -12825818.0938 8288644.9686, -12825884.5413 8288521.4172, -12825678.6412 8288056.0198, -12826107.4369 8287333.2333, -12825656.7388 8286709.3073, -12825525.8858 8286705.1527, -12825311.4521 8286743.7375, -12825125.8157 8286817.6706, -12824972.0635 8286914.5883, -12824825.1965 8287050.2499, -12824711.6564 8287202.7332, -12824577.5289 8287294.3277, -12824418.4826 8287326.8712, -12824259.2406 8287295.3043, -12824109.7275 8287194.5413, -12823981.4391 8287014.9298, -12823870.5956 8286894.4818, -12823742.3108 8286792.88620001, -12823599.7432 8286712.6427, -12823428.8612 8286650.9081, -12823202.8657 8286603.9391, -12822945.5858 8286508.0547, -12822765.6317 8286483.2438, -12822584.1105 8286490.1085, -12822350.7738 8286535.1232, -12822211.8571 8286578.0906, -12822048.8077 8286658.3107, -12821915.936 8286753.802, -12821799.6085 8286868.9393, -12821712.4217 8286985.4955, -12821634.7756 8287129.6746, -12821581.0532 8287282.5893, -12821516.0112 8287382.9014, -12821576.7402 8287469.1208, -12821611.7914 8287627.9015, -12821582.8557 8287787.9187, -12821494.4266 8287924.2999, -12821360.2463 8288015.8448, -12821201.1707 8288048.3223, -12821039.4899 8288016.1989, -12820882.2143 8287936.9358, -12820708.3316 8287884.172, -12820546.1216 8287863.20099999, -12820364.5645 8287870.0125, -12820221.8921 8287898.16529999, -12820084.5178 8287945.9324, -12819939.627 8288021.9446, -12819651.4091 8288217.6366, -12819492.3213 8288250.0781, -12819333.0804 8288218.4012, -12819198.4389 8288127.5305, -12819107.635 8287989.0162, -12819044.2657 8287809.1578, -12818849.4993 8287807.4718, -12818677.3839 8287773.2182, -12818413.5172 8287623.0908, -12818275.1249 8287578.3898, -12818131.8702 8287553.4151, -12817986.5403 8287548.6526, -12817841.9627 8287564.1946, -12817581.1207 8287647.4485, -12817389.379 8287686.4927, -12817230.1591 8287654.7728, -12817095.5532 8287563.8705, -12816984.3703 8287404.0466, -12816857.903 8287273.3956, -12816507.4388 8287027.58079999, -12816448.6117 8286943.9398, -12816404.031 8286769.04739999, -12816427.7785 8286608.1979, -12816511.7381 8286469.0449, -12816793.6785 8286253.3451, -12816966.282 8286042.7205, -12817067.4091 8285829.202, -12817129.1643 8285576.58519999, -12817222.0956 8285443.3042, -12817389.327 8285337.27449999, -12817644.1478 8285274.2504, -12817796.139 8285213.8954, -12818253.5755 8284931.05399999, -12818493.006 8284871.6143, -12818690.1989 8284778.9542, -12818823.0769 8284683.5462, -12818939.4163 8284568.4895, -12819026.6184 8284452.0039, -12819104.2872 8284307.904, -12819158.4942 8284153.4098, -12819185.8904 8284010.4275, -12819192.6358 8283846.8143, -12819173.7486 8283684.1619, -12819129.6952 8283526.475, -12819052.5726 8283361.8058, -12818770.9928 8282991.783, -12818666.2501 8282527.5663, -12818562.4529 8282295.4623, -12818516.0258 8282113.5744, -12818539.7128 8281952.8187, -12818623.5801 8281813.729, -12818763.6851 8281711.2679, -12818938.3256 8281633.8891, -12819102.5816 8281520.2366, -12819242.1663 8281377.2755, -12819450.7896 8281082.2072, -12819587.8121 8280995.2732, -12820050.5341 8280928.2882, -12820313.6123 8280827.5316, -12820491.79 8280797.2848, -12820721.5362 8280802.09669999, -12820900.2078 8280770.0618, -12821070.6092 8280707.43, -12821270.639 8280584.7762, -12821509.9976 8280478.4218, -12821656.5494 8280371.1582, -12821782.2767 8280240.0312, -12821908.3976 8280040.523, -12821984.7688 8279824.9376, -12822077.8779 8279691.21500001, -12822241.0264 8279599.7972, -12822209.7472 8279578.7047, -12822150.9148 8279495.1927, -12822106.2447 8279320.5098, -12822129.845 8279159.803, -12822213.6134 8279020.7248, -12822344.529 8278924.8868, -12822502.2456 8278887.1805, -12822662.2555 8278913.4645, -12822799.6915 8278999.6544, -12822870.2761 8279099.83, -12823051.9382 8279053.3602, -12823073.831 8278886.0657, -12823157.5786 8278746.982, -12823288.4772 8278651.1308, -12823446.1831 8278613.4058, -12823606.1905 8278639.6683, -12823743.6324 8278725.8375, -12823837.1514 8278858.52579999, -12823869.3526 8279004.187, -12823907.4325 8278961.4243, -12824047.0819 8278872.7057, -12824260.3369 8278824.702, -12824508.6751 8278704.4754, -12824669.5163 8278665.9723, -12824829.5293 8278692.2088, -12824982.1197 8278787.84, -12825067.8184 8278901.238, -12825127.6217 8279034.8355, -12825215.8315 8279172.5747, -12825324.9742 8279311.92149999, -12825592.8126 8279297.1616, -12825800.3204 8279247.96989999, -12825981.3535 8279176.31449999, -12826173.3582 8279130.3105, -12826333.3863 8279156.5158, -12826470.8693 8279242.6402, -12826498.0837 8279281.2232, -12826651.3762 8279255.0691, -12826809.3296 8279291.8022, -12827182.4423 8279584.1728, -12827326.2854 8279661.7676, -12827462.9502 8279711.0598, -12827623.1585 8279743.1295, -12827786.4031 8279749.6948, -12828017.362 8279719.23529999, -12828277.3399 8279723.5454, -12828697.3157 8279653.7229, -12828855.2875 8279690.4143, -12829047.3282 8279829.1058, -12829194.5566 8279958.1597, -12829383.4665 8280066.4801, -12829608.5553 8280136.6459, -12829843.6335 8280154.284, -12830005.8967 8280135.1374, -12830146.0638 8280096.9379, -12830327.362 8280013.32649999, -12830530.5299 8279871.3338, -12830970.904 8279778.1143, -12831205.8159 8279681.9519, -12831362.3022 8279575.5933, -12831492.3413 8279448.7844, -12831737.7507 8279069.303, -12831883.2418 8278962.5067, -12832010.7774 8278905.582, -12832196.522 8278860.9178, -12832437.7146 8278879.5442, -12832618.7913 8278921.5052, -12832746.3006 8279003.9151, -12832944.4864 8279084.8486, -12832851.5535 8278905.4795, -12832793.0536 8278678.0809, -12832809.0543 8278436.0555, -12832796.3304 8278328.2082, -12832670.1902 8278184.5501, -12832536.3019 8278064.602, -12832475.0332 8277977.8883, -12832411.4218 8277735.5196, -12832362.6457 8277609.7897, -12832288.5653 8277553.3693, -12832075.4535 8277452.6182, -12831845.183 8277402.466, -12831591.5523 8277407.9295, -12831330.0162 8277481.7195, -12831140.1245 8277588.1541, -12830979.2137 8277728.8877, -12830783.703 8277862.6422, -12830541.3829 8277917.5728, -12830373.4182 8277986.313, -12830249.2293 8278061.7179, -12830115.3506 8278174.45539999, -12829927.6222 8278302.8537, -12829533.4004 8278376.1671, -12829376.9554 8278423.2275, -12829214.1628 8278503.5173, -12828908.5515 8278710.6305, -12828648.2003 8278800.7783, -12828488.9769 8278617.1263, -12828381.1749 8278464.3761, -12828298.2015 8278260.5528, -12828192.5762 8278089.7141, -12828043.601 8277930.8179, -12827862.0677 8277799.5238, -12827772.9186 8277663.8786, -12827684.8289 8277181.4671, -12827627.0988 8277028.4266, -12827535.8429 8276871.3594, -12827365.4525 8276683.1101, -12826970.0795 8276407.7978, -12826911.2188 8276324.3591, -12826866.4558 8276149.7794, -12826889.943 8275989.126, -12826981.8919 8275836.2438, -12826623.2959 8275594.5443, -12826568.7338 8275354.0802, -12826602.7713 8275195.3525, -12826695.4029 8275062.1388, -12826832.2292 8274975.1412, -12827226.4221 8274896.1754, -12827393.1245 8274824.6097, -12827574.6969 8274712.4688, -12827822.0682 8274663.3733, -12828023.451 8274581.0369, -12828120.7019 8274363.6275, -12828043.0634 8274289.05479999, -12827818.4599 8274133.27, -12827759.6077 8274049.8636, -12827680.456 8273802.2773, -12827641.1885 8273735.2906, -12827462.7967 8273621.2063, -12827195.2166 8273528.9879, -12827060.7072 8273438.4314, -12826971.6254 8273302.8562, -12826941.7764 8273143.3294, -12826975.7958 8272984.6468, -12827068.393 8272851.4678, -12827206.019 8272763.952, -12827362.6613 8272719.8158, -12827495.0262 8272660.2285, -12827715.5341 8272501.5011, -12827825.3774 8272380.5689, -12827923.5852 8272227.9019, -12827970.9265 8272115.0706, -12827832.2138 8271924.2088, -12827802.352 8271764.715, -12827836.3467 8271606.0578, -12827945.7721 8271448.6362, -12828129.0203 8271235.5817, -12828039.0673 8271114.5363, -12827985.5102 8270905.7881, -12828008.9567 8270745.2443, -12828092.5202 8270606.257, -12828223.2117 8270510.4234, -12828380.7194 8270472.6346, -12828460.5537 8270485.684, -12828562.1351 8270421.0625, -12828774.2106 8270384.8175, -12828990.0841 8270409.4323, -12829171.2062 8270402.426, -12829330.9786 8270369.2437, -12829483.6002 8270311.4296, -12829654.9636 8270209.4424, -12829853.6122 8270018.4025, -12830049.2974 8269893.86249999, -12830461.9581 8269808.6732, -12830627.2426 8269734.1829, -12830768.9805 8269639.798, -12831008.0996 8269574.9456, -12831187.6487 8269488.27920001, -12831373.8281 8269343.9843, -12831481.4413 8269221.1493, -12831577.8661 8269070.7183, -12831708.4855 8268974.8429, -12831865.9427 8268936.9878, -12832025.7712 8268963.0347, -12832163.1312 8269048.9358, -12832256.6783 8269181.34529999, -12832328.6634 8269495.3205, -12832410.9214 8269696.86869999, -12832533.2186 8269876.8832, -12832690.2117 8270027.493, -12832814.2581 8270108.9948, -12832938.5803 8270138.6136, -12833200.1075 8270302.1175, -12833248.9051 8270379.3547, -12833389.352 8270463.0769, -12833576.3577 8270532.2043, -12833649.2679 8270543.4505, -12833769.0576 8270460.213, -12833913.8158 8270297.7522, -12834077.9692 8270031.1316, -12834208.5729 8269935.2, -12834366.0381 8269897.2868, -12834543.3564 8269926.122, -12834689.7406 8269982.6634, -12834831.2303 8270014.7212, -12835020.7247 8270024.8001, -12835083.7965 8269961.0475, -12835355.9235 8269578.5581, -12835492.5471 8269491.4648, -12835677.6922 8269459.6442, -12835846.589 8269460.8476, -12836007.8333 8269435.945, -12836245.5611 8269348.0146, -12836477.1673 8269193.6908, -12836634.6051 8269155.7331, -12836794.4546 8269181.6775, -12836931.8737 8269267.4924, -12837025.5085 8269399.84539999, -12837072.393 8269610.153, -12837081.2153 8269879.7488, -12837132.0409 8270072.8135, -12837228.2672 8270268.0749, -12837490.6725 8270634.7895, -12837647.7821 8270785.3092, -12837832.7046 8270899.8153, -12838019.7626 8270968.8344, -12838287.207 8271017.0934, -12838424.6773 8271102.9016, -12838518.362 8271235.2682, -12838565.3004 8271445.6181, -12838555.9861 8271487.029, -12838666.995 8271472.7796, -12838879.4056 8271507.1942, -12839016.8918 8271592.997, -12839110.5932 8271725.3649, -12839145.9439 8271883.7264, -12839117.3018 8272044.284, -12839013.2144 8272271.8531, -12838937.3346 8272594.4334, -12838928.1883 8272757.6812, -12838948.0462 8272938.2209, -12839019.994 8273162.86379999, -12839151.6747 8273379.9134, -12839331.87 8273558.6046, -12839594.6975 8273728.8676, -12839688.4362 8273861.2659, -12839723.8095 8274019.6699, -12839663.784 8274361.5921, -12839655.2199 8274543.0607, -12839678.2434 8274723.2667, -12839739.1925 8274913.5043, -12839815.3253 8275058.19, -12839913.1185 8275189.1652, -12840016.2947 8275291.46, -12840148.0484 8275388.0692, -12840276.5778 8275455.6732, -12840413.2505 8275504.6981, -12840784.0614 8275571.52449999, -12840921.645 8275657.3386, -12841015.4318 8275789.7543, -12841050.8426 8275948.193, -12841022.371 8276108.0341, -12840934.4382 8276244.4324, -12840800.7095 8276336.1853, -12840641.9698 8276369.0289, -12840482.8949 8276337.8573, -12840263.3447 8276200.224, -12840059.8379 8276123.18, -12839844.7904 8276090.1986, -12839781.1045 8276094.4299, -12839694.8971 8276353.0159, -12839668.7696 8276514.4959, -12839666.979 8276659.9302, -12839685.4118 8276804.2015, -12839723.7102 8276944.5013, -12839780.6781 8277077.203, -12839821.9498 8277262.0089, -12839793.4467 8277421.8735, -12839705.4758 8277558.2814, -12839571.708 8277650.0283, -12839412.9351 8277682.8514, -12839189.755 8277639.0787, -12838873.3579 8277362.558, -12838714.2416 8277275.2443, -12838533.1991 8277216.8009, -12838405.5616 8277668.4891, -12838395.2487 8277886.2257, -12838430.3541 8278101.358, -12838509.3467 8278304.4828, -12838651.1977 8278522.6724, -12838686.5712 8278681.181, -12838658.0383 8278841.0718, -12838579.0251 8278963.5487, -12838652.694 8278946.3522, -12838881.1851 8278981.4308, -12839026.3595 8278985.7777, -12839170.7247 8278969.84, -12839384.0229 8278920.0706, -12839470.6471 8278929.45310001, -12840193.5284 8278236.111, -12840441.091 8277616.95750001, -12840745.5643 8277478.9578, -12840692.1311 8277976.0676, -12840458.8975 8278431.6379, -12840260.1827 8278940.266, -12840339.5216 8278958.5634, -12840668.3696 8279193.5171, -12840862.8109 8279291.4729, -12841091.3224 8279349.3808, -12841254.4355 8279358.5017, -12841400.3128 8279344.8347, -12841558.4179 8279381.2709, -12841761.7517 8279515.0908, -12841981.5321 8279600.4402, -12842251.1867 8279634.5056, -12842413.9834 8279620.7711, -12842615.4465 8279574.9955, -12842689.5854 8279586.9675, -12842586.8771 8279146.419, -12842610.033 8278985.6519, -12842693.4149 8278846.346, -12842824.0618 8278750.1482, -12842981.6696 8278712.0062, -12843141.7464 8278737.8461, -12843478.8616 8278942.8813, -12843560.8491 8278971.4448, -12843578.6704 8278947.7371, -12843526.403 8278912.7103, -12843436.9547 8278777.2347, -12843396.8451 8278602.3107, -12843303.054 8278388.7777, -12843254.8484 8278202.4836, -12843287.6623 8278025.5669, -12843278.1201 8277997.954, -12843181.3407 8277821.7359, -12843057.8405 8277668.4082, -12842879.8917 8277513.68999999, -12842790.2012 8277387.1255, -12842745.0583 8277212.618, -12842768.2049 8277051.8921, -12842902.7996 8276845.3617, -12842934.4326 8276825.6658, -12843127.0646 8276601.2235, -12843255.3462 8276407.2301, -12843436.8719 8276291.2398, -12843927.6538 8276229.3812, -12844083.1107 8276179.3018, -12844221.2795 8276109.9897, -12844390.9019 8276068.9061, -12844550.9272 8276094.7065, -12845242.8458 8276540.6246, -12845490.6081 8276413.8933, -12845650.3278 8276386.2203, -12845808.3134 8276422.5335, -12845940.0143 8276517.1905, -12846090.3569 8276760.1357, -12846227.3246 8276782.1865, -12846434.1112 8276891.5107, -12846661.5514 8276953.2136, -12846842.5995 8276964.7887, -12847038.406 8276942.3764, -12847196.4096 8276978.6622, -12847328.138 8277073.3017, -12847413.1186 8277211.589, -12847438.6261 8277375.1386, -12847419.2746 8277601.1617, -12847447.1253 8277817.3478, -12847504.2575 8277989.8571, -12847587.9354 8278146.6662, -12847612.9659 8278307.1322, -12847602.3293 8278350.3305, -12847682.3402 8278463.0808, -12847717.9063 8278621.5441, -12847704.64 8278696.4115, -12847805.3357 8278719.65659999, -12847937.1028 8278814.3073, -12848057.0054 8279009.3852, -12848089.0359 8279249.3205, -12848265.3614 8279377.6195, -12848404.2923 8279556.532, -12848451.5643 8279767.0537, -12848402.6358 8280070.0418, -12848404.4657 8280147.1947, -12848538.1509 8280377.1175, -12848609.4838 8280708.6626, -12848746.1026 8280982.6365, -12848793.3935 8281193.1963, -12848765.069 8281353.1795, -12848677.2169 8281489.7659, -12848304.3936 8281758.1222, -12848192.6486 8281877.5753, -12848086.1097 8282033.1829, -12847952.365 8282125.137, -12847793.5339 8282158.1601, -12847754.4778 8282370.8915, -12847924.9819 8282389.4815, -12848088.2122 8282381.3186, -12848402.6197 8282311.3969, -12848562.7933 8282337.1316, -12848745.8389 8282451.0327, -12848872.0306 8282575.2384, -12849003.3786 8282668.2968, -12849097.3981 8282800.7337, -12849153.4712 8283007.6617, -12849250.1826 8283203.1047, -12849360.3837 8283347.6595, -12849508.4678 8283481.842, -12849663.0722 8283577.23179999, -12849814.4923 8283638.9122, -12850027.7978 8283682.87919999, -12850246.8495 8283682.13840001, -12850456.9452 8283730.2901, -12850584.6859 8283821.9787, -12850725.0377 8283634.3181, -12850795.1653 8283497.5771, -12850821.335 8283342.5058, -12850800.3005 8283020.5944, -12850801.7675 8282620.9068, -12850771.8203 8282392.5027, -12850641.4032 8281988.827, -12850621.0254 8281791.8289, -12850652.6784 8281670.2011, -12850689.1285 8281621.3161, -12850791.4614 8281561.7119, -12850912.6442 8281560.1464, -12850971.4797 8281587.7805, -12851068.479 8281688.3204, -12851296.3201 8282196.9633, -12851434.3184 8282412.4166, -12851555.7457 8282532.8768, -12851701.9284 8282620.64419999, -12851867.8541 8282669.2746, -12852042.2964 8282679.6203, -12852862.0545 8282577.70369999, -12853144.7298 8282565.48789999, -12853327.6332 8282595.2449, -12853575.9227 8282710.8778, -12853920.1755 8282994.2621, -12854166.1956 8283240.8107, -12854420.819 8283465.8379, -12854527.7518 8283588.332, -12854637.9882 8283796.0915, -12854754.5523 8284239.4805, -12854882.9303 8284428.5903, -12855056.1189 8284575.27399999, -12855183.8956 8284649.7157, -12855328.173 8284686.183, -12855482.0442 8284668.823, -12855629.1692 8284602.7467, -12855759.8783 8284499.7072, -12856059.8309 8284192.2101, -12856226.8377 8283990.3536, -12856422.59 8283708.0333, -12856763.3442 8283137.4466, -12857405.9487 8282169.6523, -12857508.0967 8281977.9347, -12857542.6772 8281836.0588, -12857538.7083 8281688.3197, -12857487.7327 8281544.9723, -12857353.8156 8281359.6057, -12857177.0111 8281217.2133, -12856787.0826 8280977.9541, -12856266.139 8280621.7616, -12855951.2723 8280380.688, -12854814.6101 8279323.5098, -12854761.6897 8279260.1134, -12854682.1022 8279115.3892, -12854640.6295 8278955.15209999, -12854645.3495 8278786.6689, -12854759.6369 8278365.4538, -12854787.6377 8278106.1765, -12854760.5427 8277845.8235, -12854632.6365 8277249.4248, -12854624.0372 8276995.0767, -12854639.8898 8276910.6274, -12854705.2548 8276750.7752, -12855012.9342 8276318.59139999, -12855151.747 8276091.1997, -12855321.9794 8275776.5783, -12855415.8944 8275523.8898, -12855462.6966 8275263.4834, -12855471.0612 8275091.20449999, -12855437.3288 8274520.6473, -12855454.9915 8274286.89779999, -12855517.8866 8274060.6437, -12855716.2144 8273543.6619, -12855842.476 8273258.8668, -12855882.2388 8273113.3761, -12855887.5442 8272892.3168, -12855823.1144 8272478.885, -12855824.0733 8272294.8486, -12855880.1486 8272196.4848, -12855928.5236 8272161.0325, -12856054.2445 8272126.4374, -12856571.1975 8272179.9083, -12856791.558 8272144.4971, -12856984.044 8272032.8145, -12857251.0532 8271756.4693, -12857386.1426 8271673.0244, -12857461.7298 8271646.1246, -12858350.7571 8271494.8883, -12859058.6513 8271427.8214, -12859208.1157 8271396.139, -12859277.8268 8271366.1822, -12859403.9873 8271278.7423, -12859509.2903 8271161.2907, -12859917.2045 8270517.7104, -12860034.4012 8270399.4381, -12860174.2864 8270320.6985, -12860250.8272 8270296.9543, -12860408.93 8270281.8155, -12860809.3579 8270323.0197, -12861050.6411 8270322.8536, -12861288.0908 8270278.4261, -12861510.6284 8270184.9914, -12861644.1008 8270095.5579, -12861757.9198 8269984.7893, -12861884.0504 8269781.9855, -12861936.3448 8269629.9104, -12861968.5803 8269474.1689, -12862022.4063 8269091.2943, -12862016.7713 8268942.597, -12861940.5134 8268744.0068, -12861847.6815 8268640.26169999, -12861726.3466 8268571.184, -12861587.9407 8268534.6909, -12861360.6708 8268539.3275, -12860749.917 8268675.1533, -12860440.1656 8268698.931, -12859264.9341 8268654.5657, -12859028.0158 8268621.5539, -12858806.617 8268536.7042, -12858676.3446 8268445.7634, -12858502.4255 8268278.8141, -12858261.0484 8267957.1211, -12858114.4111 8267667.6101, -12857923.7628 8267142.3431, -12857798.9828 8266934.9837, -12857689.2034 8266815.9062, -12857563.9524 8266711.8812, -12857150.9497 8266456.351, -12857033.4729 8266345.015, -12856933.2056 8266216.2589, -12856785.6471 8265917.0622, -12856663.5793 8265518.8148, -12856561.2821 8265124.8846, -12856445.7885 8264517.4731, -12856402.8886 8264368.4163, -12856118.7345 8263805.2193, -12855866.1463 8263116.4341, -12855831.334 8262874.3025, -12855845.5394 8262460.2591, -12855835.7567 8262210.4428, -12855723.7328 8261575.6681, -12855616.7544 8261099.3446, -12855530.9238 8261158.4849, -12855372.5743 8261191.5763, -12855213.7637 8261160.78379999, -12855064.3604 8261060.9981, -12855005.3073 8260977.9553, -12854959.9787 8260803.907, -12854982.8109 8260643.4976, -12855065.7556 8260504.3964, -12855195.92 8260408.2186, -12855353.0745 8260369.9085, -12855512.7989 8260395.4185, -12855640.1251 8260474.4848, -12855641.8384 8259759.7024, -12855692.6911 8259530.0603, -12855855.8277 8258996.4729, -12855921.3334 8258591.0922, -12855796.1797 8258724.0554, -12855770.4986 8258863.6834, -12855591.4713 8259153.6917, -12855510.6098 8259375.4504, -12855449.7105 8259494.88050001, -12855303.2919 8259627.4058, -12855191.9589 8259670.7894, -12855054.9137 8259676.3209, -12854923.5021 8259636.9742, -12854823.8702 8259565.5479, -12854732.1915 8259428.8485, -12854689.1668 8259212.3053, -12854672.5944 8258992.3757, -12854624.5082 8258817.6004, -12854470.1705 8258503.2667, -12854356.1018 8258331.4843, -12854328.2972 8258185.8534, -12854360.6873 8258032.005, -12854635.3038 8257629.4503, -12854701.7922 8257480.4904, -12854744.1982 8257322.9481, -12854761.4791 8257160.7032, -12854753.2112 8256997.7515, -12854724.5651 8256855.55699999, -12854669.1026 8256702.1528, -12854590.3701 8256559.3308, -12854502.4062 8256444.11100001, -12854399.2937 8256342.2762, -12854283.0396 8256255.8076, -12854155.9062 8256186.3869, -12854020.3675 8256135.3643, -12853879.0607 8256103.7322, -12853728.1649 8256092.0943, -12853353.2699 8256097.2932, -12853172.1501 8256015.625, -12853010.1775 8255816.9548, -12852952.7013 8255664.6151, -12853054.9496 8255505.2128, -12853088.4628 8255424.5748, -12852950.3651 8255482.16, -12852536.6547 8255583.4258, -12852344.0258 8255683.4149, -12852163.7457 8255834.3651, -12852012.8886 8256037.769, -12851915.6278 8256271.6958, -12851879.397 8256485.9994, -12851897.9684 8256757.7573, -12851869.6854 8256917.8905, -12851782.178 8257054.0655, -12851648.9284 8257145.7767, -12851490.6469 8257178.7671, -12851331.9381 8257147.9077, -12850991.5851 8256913.1076, -12850864.4711 8256843.6242, -12850658.8425 8256774.2166, -12850443.304 8256749.1472, -12850347.2323 8256753.2287, -12850249.5641 8256820.4228, -12850091.2833 8256853.3818, -12849932.5871 8256822.49369999, -12849783.3418 8256722.659, -12849724.3826 8256639.6228, -12849666.4272 8256421.3319, -12849605.7608 8256269.9272, -12849428.2958 8255997.6311, -12849383.1286 8255823.665, -12849394.7582 8255676.4238, -12849428.2191 8255518.0114, -12849520.1965 8255384.86559999, -12849698.2839 8255270.8603, -12850006.412 8255216.6201, -12850065.0043 8254979.5754, -12850065.5232 8254744.2302, -12850013.1828 8254514.8071, -12849910.6705 8254303.0639, -12849788.5701 8254145.7841, -12849581.9587 8253976.0501, -12849523.0233 8253893.0421, -12849477.8666 8253719.1252, -12849504.7771 8253497.0159, -12849497.3018 8253316.012, -12849442.1291 8252982.7203, -12849381.1132 8252793.1219, -12849314.5824 8252664.3691, -12849230.8141 8252546.146, -12849118.013 8252428.5855, -12849003.4063 8252340.062, -12848877.619 8252268.3768, -12848743.0986 8252214.9241, -12848584.5887 8252177.8637, -12848440.3474 8252166.1398, -12848264.4235 8252185.7196, -12848289.9582 8252253.7465, -12848229.8316 8252498.027, -12848171.9654 8252581.7628, -12848024.0843 8252683.4377, -12847838.861 8252728.1748, -12847788.3661 8252892.2192, -12847760.1939 8253089.4201, -12847765.4653 8253252.4116, -12847796.1256 8253412.5736, -12847892.3099 8253646.8506, -12848048.5967 8253873.4239, -12848187.2456 8253835.2752, -12848332.0801 8253771.4544, -12848516.2248 8253726.7457, -12848675.7831 8253752.3808, -12848813.053 8253837.7982, -12848906.7038 8253969.727, -12848942.1776 8254127.66439999, -12848913.9581 8254287.0677, -12848826.4274 8254423.1598, -12848555.1516 8254618.8237, -12848456.5929 8254731.848, -12848483.5286 8254847.1451, -12848552.567 8255022.12960001, -12848579.0568 8255191.8149, -12848536.1099 8255366.3288, -12848430.563 8255529.2559, -12848358.0276 8255695.262, -12848316.385 8255868.8897, -12848494.9406 8256142.0534, -12848530.4161 8256300.039, -12848502.1795 8256459.4874, -12848336.4327 8256720.0691, -12848245.9623 8256930.4337, -12848185.509 8257017.9138, -12848037.5399 8257119.6497, -12847859.5915 8257156.6483, -12847489.7614 8257164.1641, -12847327.571 8257132.5367, -12847193.1532 8257042.55259999, -12847118.7807 8256930.029, -12846858.5295 8256896.0557, -12846524.0339 8256887.4003, -12846356.3309 8256841.3189, -12846123.8478 8256741.8659, -12845996.9977 8256654.7079, -12845879.3124 8256482.2097, -12845770.7629 8256072.3362, -12845672.0561 8255858.7316, -12845588.3096 8255740.4165, -12845475.5175 8255622.75, -12845179.5566 8255420.5271, -12845080.3388 8255280.6069, -12844948.9412 8255038.2165, -12844793.8544 8255007.919, -12844644.7142 8254908.0048, -12844585.8266 8254824.9474, -12844567.5324 8254754.2964, -12844532.3665 8254900.7408, -12844444.7482 8255036.7924, -12844311.4436 8255128.3468, -12844153.1727 8255161.1713, -12843942.4498 8255119.9804, -12843746.9368 8255025.2926, -12843537.0794 8254970.2344, -12843266.2474 8254964.6552, -12842811.6985 8255054.1933, -12842653.0707 8255023.15649999, -12842503.9589 8254923.1989, -12842445.0952 8254840.1242, -12842400.0985 8254666.14199999, -12842430.7628 8254453.2898, -12842542.7281 8254188.3758, -12842585.2706 8253938.6506, -12842578.0164 8253469.5418, -12842528.8847 8253195.4867, -12842481.7923 8253039.3832, -12842410.9052 8252892.5838, -12842329.3178 8252772.8341, -12842218.6897 8252653.2124, -12842105.7232 8252562.5904, -12841981.2686 8252488.5986, -12841830.5478 8252427.0146, -12841672.0676 8252389.805, -12841619.7053 8252390.4216, -12841473.1648 8252461.41, -12841339.5109 8252554.4872, -12841210.1094 8252681.0104, -12841148.2423 8252775.0032, -12841096.3187 8252985.0864, -12841038.368 8253068.77220001, -12840889.5938 8253170.4876, -12840822.7209 8253330.6501, -12840759.0409 8253578.7977, -12840701.0821 8253662.4872, -12840509.299 8253794.0614, -12840300.0382 8253850.4837, -12840135.204 8253925.0303, -12839769.1685 8254197.5699, -12839604.0356 8254287.0847, -12839447.5921 8254336.0727, -12839251.1527 8254369.937, -12839075.0933 8254335.4012, -12838811.0998 8254165.3401, -12838678.5684 8254107.022, -12838524.0395 8254064.7015, -12838389.7837 8253974.5944, -12838300.7295 8253839.5089, -12838278.6704 8253722.5976, -12838094.1985 8253793.3697, -12837955.8011 8253879.2645, -12837832.5175 8253985.789, -12837738.0838 8254095.6874, -12837527.2788 8254459.3883, -12837379.2144 8254560.8764, -12837220.9243 8254593.5502, -12837062.3297 8254562.3954, -12836908.0334 8254468.4027, -12836757.3143 8254406.6989, -12836580.8942 8254366.7738, -12836418.335 8254357.5798, -12836238.5504 8254377.3589, -12836054.1985 8254432.3974, -12835587.5445 8254516.3107, -12835348.7908 8254599.8832, -12835542.3068 8254673.3818, -12835753.3914 8254710.9585, -12835890.5307 8254796.6267, -12835983.9643 8254928.7363, -12836019.1679 8255086.7562, -12835990.6674 8255246.1311, -12835902.8884 8255382.088, -12835769.4724 8255473.493, -12835611.1557 8255506.1364, -12835452.5483 8255474.9433, -12835086.4447 8255236.1001, -12834852.2122 8255149.5671, -12834809.112 8255250.0892, -12834737.2042 8255623.9123, -12834649.3976 8255759.8614, -12834515.9592 8255851.2484, -12834357.6293 8255883.8667, -12834207.3154 8255854.2783, -12834163.1393 8255917.9463, -12833946.4919 8256078.2333, -12833781.7841 8256269.5786, -12833701.2655 8256121.5507, -12833584.8082 8255953.7945, -12833515.4243 8256209.8804, -12833457.3631 8256293.5431, -12833265.3836 8256424.9763, -12833066.5086 8256480.1205, -12832901.5433 8256554.5324, -12832524.3733 8256807.7065, -12832331.2503 8256847.438, -12832248.6783 8256836.77889999, -12832058.3841 8256708.8262, -12831906.6186 8256496.3769, -12831799.0908 8256379.3573, -12831873.4509 8256249.8129, -12831932.5217 8256097.7796, -12832006.0371 8255671.2046, -12832090.894 8255529.89329999, -12831970.8546 8255535.6359, -12831733.4641 8255608.8534, -12831532.1844 8255650.2404, -12831373.5903 8255618.9591, -12831212.8594 8255517.9595, -12831063.2664 8255453.506, -12830815.649 8255401.8011, -12830545.0492 8255414.6968, -12830304.8462 8255489.1007, -12830104.9894 8255530.1551, -12829946.4039 8255498.8436, -12829787.4843 8255399.0185, -12829637.906 8255334.53719999, -12829390.3025 8255282.78540001, -12829119.7044 8255295.6287, -12828875.9428 8255371.5914, -12828677.7948 8255412.2548, -12828519.2178 8255380.9135, -12828385.0594 8255290.6089, -12828296.1713 8255155.3791, -12828266.3674 8254996.2456, -12828300.2761 8254837.9429, -12828411.7765 8254672.9658, -12828483.9026 8254526.7328, -12828548.4767 8254281.7822, -12828557.8286 8254118.9513, -12828541.6379 8253956.6633, -12828500.305 8253798.9136, -12828432.7869 8253645.8133, -12828401.1478 8253476.8986, -12828435.0466 8253318.6282, -12828527.3735 8253185.7821, -12828663.776 8253099.0063, -12828823.058 8253071.7827, -12828980.4663 8253108.3416, -12829137.2048 8253205.7639, -12829305.1252 8253273.0028, -12829482.1518 8253310.0065, -12829644.8177 8253316.5084, -12829859.478 8253285.4582, -12830041.0544 8253220.8412, -12830278.1322 8253173.4422, -12830430.3935 8253115.7424, -12830615.8605 8253003.1234, -12830809.9462 8252810.0216, -12831104.9893 8252620.9466, -12830986.5087 8252541.255, -12830927.7924 8252458.115, -12830883.0797 8252284.1179, -12830906.4055 8252123.9658, -12830989.706 8251985.2932, -12831120.0329 8251889.6483, -12831277.1316 8251851.893, -12831436.5904 8251877.8933, -12831568.6185 8251960.4758, -12831585.4545 8251879.5809, -12831668.7396 8251740.90519999, -12831799.0535 8251645.2514, -12831956.1439 8251607.4828, -12832230.0607 8251648.9108, -12832446.8483 8251644.2238, -12832623.5386 8251605.8322, -12832793.1777 8251536.0781, -12832962.7988 8251506.9899, -12833186.2951 8251547.694, -12833385.1019 8251545.1087, -12833527.4981 8251519.3268, -12833702.3461 8251457.7073, -12833914.1459 8251406.7268, -12834165.5121 8251444.4125, -12834364.3157 8251441.8009, -12834504.8293 8251416.3407, -12834638.6789 8251315.8104, -12834795.7477 8251277.9834, -12835170.4482 8251334.1108, -12835351.1962 8251330.1316, -12835866.5824 8251201.6119, -12836249.3036 8251252.2768, -12836393.7663 8251244.0157, -12836553.0947 8251210.7638, -12836688.8306 8251160.5478, -12836831.4873 8251082.0797, -12837220.0615 8250770.3603, -12837658.6878 8250657.1765, -12837790.5775 8250597.5825, -12837912.9016 8250520.1796, -12838054.0258 8250400.5417, -12838179.7182 8250246.2613, -12838266.5752 8250087.4549, -12838323.2065 8249921.3919, -12838413.4172 8249770.8749, -12838543.6095 8249675.1279, -12838700.6235 8249637.2264, -12838860.0598 8249663.0591, -12839037.6536 8249768.8377, -12839205.5853 8249835.8211, -12839678.1328 8249947.1304, -12839935.5474 8250053.52929999, -12840057.9515 8250072.3023, -12840209.9923 8249874.0016, -12840285.5305 8249709.5003, -12840328.198 8249552.2044, -12840382.8896 8249180.0805, -12840421.3458 8249017.441, -12840433.0125 8248836.7684, -12840409.484 8248639.0716, -12840307.6393 8248241.7429, -12840330.7495 8248081.6484, -12840413.8287 8247942.9454, -12840543.9632 8247847.1868, -12840740.4146 8247799.7089, -12840946.8222 8247776.0035, -12841102.5494 8247728.8938, -12841264.5405 8247648.6759, -12841396.4663 8247553.34049999, -12841534.9862 8247410.6131, -12841643.7698 8247244.0325, -12841718.8216 8247059.7226, -12841770.045 8246835.1253, -12841872.1819 8246687.5986, -12841970.6067 8246620.0478, -12842157.2738 8246587.798, -12842339.1921 8246621.1553, -12842501.8058 8246624.5272, -12842759.7657 8246577.879, -12842665.7426 8246409.2098, -12842574.1236 8246297.1396, -12842467.829 8246198.933, -12842164.1028 8246006.498, -12842011.4603 8245950.2731, -12841851.9186 8245918.6577, -12841581.3859 8245922.4835, -12841321.0558 8245996.3119, -12841088.663 8246135.1158, -12840848.9174 8246378.3461, -12840614.905 8246545.8736, -12840264.564 8246612.1218, -12840099.9985 8246588.6011, -12839949.3747 8246589.8546, -12839719.0182 8246544.689, -12839546.9541 8246459.9303, -12839344.1781 8246394.7103, -12839166.0117 8246275.1589, -12839077.036 8246140.2221, -12839005.4116 8245823.3438, -12838931.1051 8245658.3883, -12838812.1242 8245472.9757, -12838782.1343 8245314.09130001, -12838815.7753 8245155.9465, -12838905.5546 8245016.2309, -12838975.0792 8244859.5182, -12839119.0498 8244641.5845, -12839185.7334 8244493.0229, -12839239.3475 8244264.2266, -12839238.0709 8244011.2308, -12839199.6275 8243834.44829999, -12839131.1271 8243667.0419, -12839023.5721 8243499.7814, -12838857.9962 8243332.7499, -12838793.1739 8243241.1697, -12838748.3331 8243067.4353, -12838771.4609 8242907.4567, -12838854.5117 8242768.8674, -12838984.5758 8242673.2027, -12839141.4398 8242635.3277, -12839381.6139 8242671.0237, -12839544.1746 8242671.6166, -12839704.8261 8242646.7241, -12840194.5359 8242466.2354, -12840322.9672 8242399.8377, -12840508.2922 8242255.8388, -12840671.9271 8242057.1525, -12840844.6488 8241930.0465, -12841001.4875 8241892.136, -12841164.0898 8241918.4302, -12841360.0564 8241999.89459999, -12841368.437 8241960.431, -12841460.3917 8241827.6274, -12841596.4348 8241740.7465, -12841924.595 8241666.3453, -12842087.8172 8241589.0166, -12842261.686 8241468.06939999, -12842418.5077 8241430.1312, -12842630.0777 8241464.3018, -12842866.8201 8241575.4902, -12843095.1567 8241629.0625, -12843329.672 8241629.7993, -12843740.1428 8241560.73480001, -12843897.3791 8241596.9207, -12843967.7306 8241649.2677, -12844162.0872 8241328.5032, -12844295.2 8241230.4493, -12844457.8483 8241166.3405, -12844612.0649 8241072.2979, -12844747.6326 8240952.8564, -12844855.4319 8240819.0273, -12844991.2118 8240718.9487, -12845106.5873 8240673.783, -12845318.0805 8239133.6614, -12845346.9936 8237992.0256, -12844853.2536 8236443.5311, -12844322.2597 8235568.1271, -12844146.4196 8235585.8465, -12843956.0186 8235417.8817, -12843334.8557 8235095.6262, -12843427.2509 8234551.30740001, -12843064.3494 8234396.7282, -12842944.1244 8234287.8714, -12842040.2101 8233898.1777, -12841570.7021 8233720.6495, -12841469.1028 8233741.6814, -12841157.2541 8233683.6693, -12840958.9515 8233679.52049999, -12840680.1639 8233728.4639, -12840436.0806 8233747.6906, -12840296.8382 8233785.8455, -12840164.2496 8233843.0397, -12839955.8909 8233985.4006, -12839798.5044 8234159.2455, -12839677.3569 8234380.8549, -12839602.5819 8234643.365, -12839514.7481 8234770.1494, -12839343.1879 8234878.3451, -12839081.6572 8234932.3993, -12838802.2673 8234893.1868, -12838652.1482 8234939.9845, -12838477.0844 8235028.6044, -12838240.0171 8235077.5739, -12838123.9382 8235050.7666, -12838065.1554 8235007.5547, -12837813.9292 8235152.2629, -12837761.5764 8235158.3293, -12837551.4547 8235117.06629999, -12837402.8108 8235017.272, -12837344.1617 8234934.378, -12837237.4522 8234529.6495, -12837109.1975 8234267.4244, -12837055.6534 8234059.771, -12837078.7899 8233899.9908, -12837170.9075 8233746.3505, -12837259.7441 8233676.3987, -12837352.0686 8233541.9203, -12837513.6422 8233430.2434, -12837678.644 8233259.9384, -12837851.622 8233132.7516, -12838164.4377 8233056.0533, -12838302.3412 8233004.7698, -12838539.92 8232963.8452, -12838687.932 8232967.924, -12838861.3815 8232873.1666, -12838973.0979 8232781.6091, -12839071.0046 8232675.3671, -12839162.2813 8232540.8788, -12839231.4296 8232393.7443, -12839276.7482 8232237.5878, -12839297.1225 8232076.2554, -12839292.0522 8231913.7197, -12839239.5356 8231625.3311, -12839174.3153 8231397.8709, -12839168.9303 8231126.2533, -12839123.5926 8230908.206, -12839124.7735 8230705.4537, -12839073.4981 8230408.9145, -12839107.0659 8230251.0847, -12839198.9169 8230118.5172, -12839334.7724 8230031.8143, -12839493.5216 8230004.4468, -12839650.4932 8230040.6672, -12839781.2953 8230134.8478, -12839866.76 8230274.2477, -12839911.5138 8230433.7344, -12839979.5762 8230581.3291, -12840069.8519 8230716.4423, -12840180.119 8230835.7454, -12840292.7318 8230926.1337, -12840416.8087 8230999.9409, -12840567.0836 8231061.3778, -12840739.7924 8231100.91749999, -12840876.5537 8231186.2236, -12840931.6848 8231262.201, -12841140.2495 8231310.2798, -12841372.957 8231454.624, -12841496.6457 8231381.3182, -12841707.5464 8231344.8959, -12841864.557 8231381.0757, -12841995.4107 8231475.2341, -12842079.7709 8231612.74, -12842149.9151 8231972.672, -12842221.2765 8232138.5658, -12842317.8752 8232288.4548, -12842353.187 8232446.3314, -12842339.6087 8232619.2196, -12842376.0974 8232878.0745, -12842435.0002 8232886.0388, -12844057.3193 8234738.5485, -12844664.0105 8235393.9297, -12845565.6984 8235997.1057, -12845692.7723 8236254.3382, -12845899.4244 8237085.21679999, -12846034.3534 8238767.5545, -12846087.3657 8240262.3115, -12846160.319 8240314.7434, -12846257.7552 8240426.0738, -12846381.9636 8240531.058, -12846504.9569 8240607.0195, -12846637.3084 8240665.0926, -12846901.6191 8240722.1083, -12847064.1374 8240722.5362, -12847272.114 8240691.259, -12847429.3494 8240727.3657, -12847560.4383 8240821.543, -12847706.8518 8241011.0899, -12847888.7193 8241159.3838, -12848099.2322 8241262.8898, -12848334.9247 8241318.4555, -12848471.9608 8241403.7373, -12848565.4485 8241535.451, -12848600.8552 8241693.127, -12848572.675 8241852.2633, -12848485.2839 8241988.1242, -12848444.5736 8242016.1174, -12848564.3679 8242184.8947, -12848618.6435 8242440.9047, -12848766.32 8242532.80039999, -12848873.2246 8242627.8743, -12849145.6484 8242824.2829, -12849177.2034 8242871.0493, -12849375.0513 8242779.1329, -12849538.691 8242515.4048, -12849596.1485 8242197.328, -12849531.3918 8242110.4942, -12849476.7609 8241948.4949, -12849400.7809 8241804.5494, -12849221.5074 8241591.2572, -12849116.2774 8241432.1381, -12849086.0842 8241273.3822, -12849133.9802 8241094.2999, -12848801.7559 8240658.6749, -12848704.9516 8240075.8291, -12848261.8565 8239676.0165, -12848165.0085 8239634.6214, -12848883.0192 8239275.1466, -12849277.0902 8240083.4445, -12849597.4812 8240558.8715, -12849785.8554 8240596.4452, -12850023.0715 8240596.6401, -12850202.7559 8240625.472, -12850339.8005 8240710.7114, -12850433.3126 8240842.3892, -12850468.7555 8241000.0416, -12850449.3634 8241109.7108, -12850614.7673 8241203.1722, -12850708.2902 8241334.855, -12850743.7414 8241492.5168, -12850706.3699 8241703.9107, -12850513.6031 8241994.5819, -12850254.9203 8242179.3761, -12850181.0044 8242615.66390001, -12850182.2816 8242827.8491, -12850215.0427 8242833.10549999, -12850352.1283 8242918.3697, -12850445.6684 8243050.0863, -12850536.9768 8243413.8019, -12850622.3568 8243586.3276, -12850663.536 8243597.8625, -12850781.3848 8243602.2363, -12851303.1048 8243049.4096, -12851643.7425 8242877.216, -12851799.5898 8242040.2817, -12852641.1651 8241929.1334, -12852858.8121 8241746.103, -12853007.4063 8241382.1341, -12853275.6862 8241351.62520001, -12853694.9379 8241466.7276, -12854033.3096 8241379.4513, -12854238.9887 8241170.4793, -12854307.618 8240933.2325, -12854206.3172 8240721.8658, -12854621.539 8240558.442, -12855258.2863 8240902.7256, -12855325.0781 8241615.3121, -12855635.6596 8241879.0084, -12855896.9512 8242224.5107, -12856016.3722 8242766.0553, -12855272.1332 8242699.7989, -12854848.266 8242713.0845, -12853907.981 8242404.2493, -12853324.6668 8243001.4566, -12852699.0513 8243060.3081, -12852314.9991 8243025.433, -12851708.6747 8243619.0651, -12851886.1467 8243629.5168, -12852027.4247 8243613.86429999, -12852184.7443 8243649.8837, -12852315.9448 8243744.0136, -12852404.8233 8243908.3615, -12852478.1043 8243933.0036, -12852578.2323 8244009.9763, -12852665.8446 8244148.2395, -12852693.7117 8244282.6555, -12852661.6964 8244465.3073, -12852488.2238 8244772.97600001, -12852439.7072 8244909.4038, -12852410.6152 8245051.2706, -12852401.5153 8245195.8152, -12852412.5856 8245340.2247, -12852443.6119 8245481.6881, -12852501.6048 8245633.8879, -12852582.654 8245775.1277, -12852684.7647 8245901.92849999, -12852775.691 8245984.2487, -12852966.4209 8246061.8519, -12853198.1213 8246099.0438, -12853455.1071 8246087.4937, -12853664.1616 8246135.3148, -12853795.4248 8246229.4497, -12853880.1718 8246367.0926, -12853913.1255 8246556.8179, -12853963.1251 8246711.8618, -12854046.2844 8246872.5488, -12854200.5929 8247092.1434, -12854236.1459 8247249.90999999, -12854208.0658 8247409.1861, -12854092.0302 8247589.8795, -12854010.2898 8247646.0487, -12853743.0612 8247755.8124, -12853948.7045 8247999.7192, -12854363.0079 8248231.9324, -12854456.6861 8248363.6921, -12854492.2507 8248521.4839, -12854464.1049 8248681.1639, -12854394.1197 8248814.3547, -12854340.8998 8248968.37129999, -12854307.4733 8249237.4453, -12854335.7019 8249470.9106, -12854421.562 8249703.7324, -12854463.3828 8249889.28549999, -12854456.6494 8249928.219, -12854681.3374 8250088.1484, -12854865.5295 8250163.0358, -12855046.4676 8250199.9523, -12855115.9216 8250231.2494, -12855232.0883 8250333.3804, -12855300.1287 8250452.4812, -12855325.88 8250587.2632, -12855305.2696 8250817.9651, -12855954.0125 8250642.631, -12856126.154 8250641.3684, -12856235.2689 8250680.2536, -12856408.1719 8250438.5188, -12856391.4789 8250351.2166, -12856432.8317 8250140.2342, -12856441.5676 8249977.4609, -12856404.5473 8249727.0002, -12856356.4423 8249590.3271, -12856289.8196 8249461.6925, -12856044.5253 8249138.3932, -12855999.2453 8248964.6273, -12856022.0193 8248804.4695, -12856104.8131 8248665.5778, -12856234.8409 8248569.4728, -12856378.9228 8248521.9666, -12856508.456 8248457.48920001, -12856878.5725 8248201.1504, -12857037.6441 8248173.3385, -12857370.9702 8248244.9232, -12857587.6261 8248250.8694, -12857783.3813 8248216.5313, -12858041.7603 8248105.4039, -12858201.9815 8248077.3651, -12858359.4254 8248113.2747, -12858490.7829 8248207.351, -12858575.6392 8248344.9759, -12858600.8043 8248504.7642, -12858558.1311 8248679.1789, -12858500.4109 8248762.9523, -12858352.7477 8248864.7807, -12858270.8072 8248888.6138, -12858303.8289 8248935.0078, -12858339.4779 8249092.793, -12858311.4789 8249252.1238, -12858224.1796 8249388.2343, -12858091.147 8249479.9665, -12857933.0577 8249513.0601, -12857774.4863 8249482.3701, -12857614.7355 8249367.96890001, -12857540.1763 8249496.9789, -12857469.8 8249758.8226, -12857469.4718 8250030.0004, -12857487.6062 8250100.5962, -12857653.1022 8250069.9493, -12857990.0667 8250045.1529, -12857654.1089 8250503.0993, -12857683.649 8250671.1553, -12857640.9417 8250845.6161, -12857583.1946 8250929.4065, -12857435.4758 8251031.2464, -12857277.3505 8251064.333, -12857118.7487 8251033.6226, -12856998.1036 8250956.4441, -12856843.5791 8251093.4814, -12857014.8728 8251240.90659999, -12857344.3671 8251477.7466, -12857448.5411 8251646.8429, -12857503.7188 8251780.8583, -12857587.3797 8251920.718, -12857717.6486 8252071.1983, -12857908.7228 8252222.495, -12858101.5152 8252535.1235, -12858176.774 8252828.5822, -12858246.5128 8252816.3769, -12858404.0575 8252852.308, -12858535.4995 8252946.4432, -12858622.6253 8253098.2139, -12858656.6113 8253119.2992, -12858806.8379 8253320.0545, -12858862.637 8253220.2356, -12858935.7956 8252970.5509, -12859018.879 8252831.0485, -12859148.8578 8252734.9005, -12859305.8298 8252696.5465, -12859465.4018 8252721.9454, -12859718.5384 8252859.5917, -12859981.2478 8252925.4563, -12860252.0237 8252920.9534, -12860679.4359 8252820.955, -12860839.0159 8252846.3248, -12860976.4081 8252931.5058, -12861070.263 8253063.264, -12861079.5013 8253102.61949999, -12861094.5377 8252996.3544, -12861210.214 8252762.914, -12861266.7032 8252497.6044, -12861255.8515 8252244.5612, -12861160.9877 8251864.5992, -12861183.6591 8251704.3631, -12861266.3883 8251565.3599, -12861414.5428 8251464.7298, -12861374.7019 8251457.0387, -12861225.4118 8251357.5068, -12861166.3674 8251274.6212, -12861120.9545 8251100.8372, -12861143.6245 8250940.618, -12861226.346 8250801.6295, -12861296.937 8250749.38, -12861316.1835 8250613.3326, -12861398.898 8250474.34849999, -12861528.805 8250378.1893, -12861817.2469 8250302.2552, -12862012.9806 8250208.8787, -12862185.051 8250076.7737, -12862318.0391 8249923.42679999, -12862392.9696 8249867.948, -12862070.951 8248893.113, -12863018.3682 8246568.2636, -12861712.6706 8246214.7418, -12861148.9431 8246016.9129, -12860276.2636 8245619.1331, -12859369.5053 8245344.7071, -12859131.3732 8245214.589, -12858887.3019 8244993.9479, -12859229.6767 8244298.91539999, -12860244.2863 8243489.7199, -12860437.9823 8243225.9665, -12861306.2743 8243672.827, -12861967.5121 8243797.081, -12862366.0359 8243853.7588, -12862338.0408 8244274.1312, -12862546.6753 8244659.2095, -12862796.8423 8245774.5226, -12863177.3221 8245745.0463, -12864089.2617 8246753.6275, -12865261.287 8247249.8975, -12866973.586 8247663.75580001, -12867009.2499 8247640.80699999, -12867168.2708 8247612.7798, -12867325.7476 8247648.4963, -12867457.2098 8247742.4074, -12867488.069 8247792.3221, -12867801.1004 8247870.5283, -12867987.4179 8247878.8421, -12867608.5309 8247406.3403, -12867282.4969 8246895.7877, -12867092.3222 8246788.525, -12866680.2268 8246404.4826, -12866371.3112 8246273.8718, -12866113.8494 8245917.9684, -12865908.8236 8245589.7325, -12865573.1505 8244400.9404, -12866167.5398 8244448.434, -12866652.9495 8244584.0701, -12867584.6937 8245610.9874, -12867449.9971 8246459.2283, -12867839.5419 8246890.8357, -12868160.4758 8247419.9755, -12868220.4632 8247360.88840001, -12868331.0685 8247306.002, -12868391.4703 8247295.6691, -12868509.5552 8247321.74539999, -12868564.4741 8247354.8555, -12868658.3224 8247454.6073, -12868892.3804 8247816.1972, -12869103.1859 8247849.775, -12869136.1919 8247691.4416, -12869227.7495 8247558.1733, -12869406.9113 8247412.1801, -12869552.7412 8247224.5093, -12869697.2152 8247117.3211, -12869805.4714 8247069.6307, -12869977.819 8247039.1873, -12870122.0444 8247071.841, -12870067.1008 8246804.0563, -12870072.7079 8246302.27799999, -12870253.509 8245744.6815, -12869858.9508 8245129.1252, -12869358.0131 8244943.802, -12869624.0668 8244239.6157, -12869884.5542 8244309.3774, -12869992.5342 8244281.0366, -12870795.1478 8246158.2989, -12871599.9394 8247245.6087, -12871725.8037 8247206.2824, -12871897.8144 8247106.632, -12872155.8495 8246899.3454, -12872280.7723 8246744.5623, -12872380.6478 8246551.9203, -12872507.1075 8246367.58039999, -12872642.8677 8246280.0774, -12872802.1533 8246251.8786, -12873011.464 8246271.872, -12873074.971 8245674.2206, -12873027.1036 8245595.7243, -12872667.5417 8245373.323, -12872686.4658 8245209.797, -12872218.1453 8244456.0939, -12872108.0175 8244532.3393, -12871918.9344 8244627.497, -12871775.7125 8244737.7533, -12871653.7742 8244871.2486, -12871528.3092 8245060.7657, -12871395.5189 8245152.6826, -12871237.582 8245186.04029999, -12871079.0491 8245155.6528, -12870929.7567 8245056.4006, -12870870.6547 8244973.6626, -12870825.0541 8244800.0857, -12870847.4961 8244639.9729, -12870929.9661 8244500.9944, -12871069.511 8244397.4231, -12871284.901 8244292.6775, -12871428.1216 8244182.4373, -12871550.0527 8244048.9581, -12871669.1262 8243862.278, -12871798.7843 8243766.0251, -12871955.5007 8243727.4501, -12872114.9228 8243752.5466, -12872210.7631 8243811.7656, -12872274.5837 8243797.0808, -12872439.3366 8243681.5465, -12872588.5047 8243528.9569, -12872614.1083 8243866.8383, -12872955.859 8244252.6961, -12873199.6488 8243962.7558, -12873346.5904 8243978.0155, -12873640.474 8243838.4993, -12873983.3379 8244233.0757, -12874421.9368 8244158.9548, -12874720.273 8244529.5668, -12874442.4848 8244548.64679999, -12874016.5504 8244760.4936, -12873898.9351 8245021.3652, -12873992.8892 8245004.71630001, -12874150.343 8245040.2754, -12874281.8447 8245134.0322, -12874366.9573 8245271.4185, -12874419.9159 8245591.0166, -12874474.4241 8245763.5512, -12874567.8836 8245939.1717, -12874680.5022 8246080.6819, -12874768.9339 8246160.8836, -12874916.1652 8246136.7692, -12875249.5803 8246045.1389, -12875397.1381 8245731.7593, -12875357.0205 8245190.174, -12876242.0105 8245094.2406, -12876571.5325 8245216.8698, -12876648.6493 8245103.4409, -12876514.0974 8245014.1343, -12876424.461 8244879.6727, -12876393.6704 8244720.9576, -12876426.5073 8244562.6589, -12876517.865 8244429.3763, -12876653.5423 8244341.8228, -12876812.4555 8244313.6014, -12876969.9078 8244349.0972, -12877101.4326 8244442.7952, -12877186.5893 8244580.1361, -12877212.1412 8244739.7786, -12877169.9262 8244914.211, -12877112.4458 8244998.0859, -12876965.1137 8245100.2326, -12876878.28 8245331.0087, -12876997.8698 8245375.5034, -12877227.7711 8245823.8887, -12877378.4636 8245857.8518, -12877457.5828 8245914.2098, -12877495.921 8245907.3973, -12877668.2134 8245946.2215, -12877831.2755 8246020.22160001, -12877997.3734 8246064.98969999, -12878079.1191 8246123.2083, -12878187.0378 8246048.8842, -12878343.7683 8246010.1624, -12878503.2605 8246035.1287, -12878640.7274 8246119.90389999, -12878765.6994 8246294.46589999, -12878800.5498 8246447.7133, -12879282.1458 8246225.8979, -12879185.2978 8246001.2972, -12879431.3138 8246182.2856, -12879952.2891 8246258.6073, -12879888.837 8246372.0011, -12880049.1371 8246511.565, -12880199.4184 8246810.328, -12879519.2563 8246762.3507, -12879784.1967 8247215.9671, -12879629.4626 8247516.9393, -12879920.0064 8247719.7754, -12879515.9168 8247920.4359, -12879527.0485 8248160.3632, -12879353.6851 8248238.0522, -12879368.4226 8248444.0288, -12879422.8814 8248627.0288, -12879459.5842 8248686.7923, -12879551.787 8248798.4389, -12879658.6063 8248896.1444, -12879777.9628 8248978.0055, -12879912.3807 8249043.9931, -12879928.912 8248973.9926, -12879809.8002 8248690.4119, -12880288.474 8248638.0597, -12880288.4739 8248208.3497, -12880228.3614 8248158.1821, -12880424.2838 8247787.3888, -12880553.4143 8247501.6723, -12880860.6562 8247695.7838, -12880678.0922 8248153.8196, -12881183.4825 8248140.7325, -12881458.1224 8247976.8691, -12881534.5374 8247843.011, -12881595.1679 8247691.7963, -12881661.8499 8247313.8937, -12881727.3936 8247203.0722, -12881624.3079 8247117.8265, -12881141.5135 8246885.2261, -12880660.8451 8246977.4828, -12880567.8859 8246938.996, -12880757.4108 8246544.5184, -12880578.3995 8246518.6674, -12880428.9534 8246419.5893, -12880369.7351 8246336.9125, -12880323.9043 8246163.3632, -12880346.1455 8246003.1933, -12880428.4524 8245864.0842, -12880558.0311 8245767.6524, -12880714.7433 8245728.8816, -12880874.2372 8245753.79599999, -12881011.7258 8245838.5239, -12881105.8446 8245969.9017, -12881141.9627 8246127.5122, -12881114.4639 8246286.8634, -12881027.6181 8246423.1865, -12880984.2816 8246453.2667, -12881313.7 8246722.5478, -12882302.4148 8246961.856, -12882524.8874 8247095.6045, -12882700.0491 8247166.055, -12882696.6734 8246948.138, -12882618.5554 8246537.6153, -12882651.2674 8246379.2511, -12882742.5353 8246245.8597, -12882878.172 8246158.1709, -12883037.0998 8246129.8089, -12883194.6198 8246165.18069999, -12883326.2549 8246258.7905, -12883414.6514 8246414.0412, -12884114.5248 8246505.023, -12884254.7874 8246814.6897, -12884412.3835 8247261.2835, -12884703.413 8247320.1241, -12884717.5198 8247218.0924, -12884799.7581 8247078.9124, -12884929.3008 8246982.3883, -12885159.4292 8246917.9066, -12885042.6382 8246837.9293, -12884823.4043 8246745.7625, -12884663.6987 8246640.0142, -12884604.4316 8246557.36909999, -12884558.5007 8246383.84130001, -12884580.6511 8246223.6543, -12884662.881 8246084.4944, -12884792.4085 8245987.9856, -12884949.1026 8245949.1242, -12885108.6153 8245973.9481, -12885246.1564 8246058.5999, -12885468.91 8246364.9349, -12885609.761 8246505.3095, -12885790.7615 8246624.6465, -12885983.9304 8246701.2137, -12886119.1764 8246797.3145, -12886180.857 8246896.52369999, -12886304.6815 8246841.8783, -12886447.9089 8246801.881, -12887030.4008 8246780.7453, -12887462.4431 8246681.0791, -12887741.1626 8246583.1286, -12888451.0665 8246209.6421, -12888640.9225 8246173.4172, -12888874.7393 8246203.588, -12888987.8748 8246194.4486, -12889093.0165 8246149.3202, -12889269.1758 8246010.1838, -12889362.1804 8245973.7935, -12889409.2621 8245977.1372, -12889487.4064 8246021.27449999, -12889527.1615 8246106.6338, -12889528.7158 8246157.9909, -12889494.7022 8246264.6745, -12889328.3302 8246510.8178, -12889276.5852 8246624.748, -12889251.7529 8246752.849, -12889248.6911 8247020.0195, -12889218.9055 8247219.4941, -12889083.379 8247659.6885, -12888983.4503 8247901.0333, -12888866.6724 8248131.8375, -12888751.1863 8248286.2521, -12888331.2758 8248594.7363, -12888243.474 8248691.2674, -12888172.622 8248802.7679, -12888074.3955 8249046.3969, -12888042.0909 8249432.9396, -12888005.3171 8249552.9478, -12887933.5524 8249653.5014, -12887763.6565 8249833.7148, -12887695.6639 8249937.7195, -12887632.0149 8250112.8429, -12887545.26 8250473.8151, -12887492.0417 8250579.1745, -12887413.2415 8250655.06449999, -12887364.278 8250678.0616, -12887254.2431 8250686.3788, -12887142.2205 8250649.0637, -12886817.4239 8250474.4364, -12886707.6495 8250445.2507, -12886654.1345 8250445.9973, -12886555.2143 8250478.4125, -12886515.0533 8250511.3054, -12886482.6067 8250551.67989999, -12886451.2596 8250652.6132, -12886473.6199 8250810.53939999, -12886626.7414 8251051.6892, -12886916.2977 8251407.3898, -12887071.154 8251532.2999, -12887286.0344 8251640.444, -12887436.2338 8251747.1292, -12887521.6655 8251884.4845, -12887547.4652 8252044.2467, -12887485.6648 8252313.1434, -12887473.3291 8252535.253, -12887438.9811 8252735.3134, -12887352.1769 8252871.8285, -12887219.4448 8252964.1254, -12887009.5251 8253008.9312, -12886744.1347 8252979.5396, -12886673.9585 8252987.7438, -12886784.1045 8253461.2616, -12886900.976 8253432.2433, -12887299.8347 8253477.1769, -12887482.7551 8253589.6815, -12887577.0868 8253721.1127, -12887613.5572 8253879.6225, -12887602.4656 8254025.1537, -12887611.3246 8254166.7526, -12887517.8697 8254558.5902, -12887497.9054 8254738.6689, -12887506.8886 8254901.5307, -12887546.7484 8255099.192, -12887510.3598 8255311.1516, -12887475.6618 8255365.7223, -12887406.8678 8255654.3115, -12887388.3758 8255798.1596, -12887395.8802 8255997.3023, -12887447.1264 8256208.4963, -12887550.7326 8256419.7674, -12887808.5964 8256781.5565, -12887905.9872 8257028.8335, -12888000.5542 8257057.9504, -12888106.359 8256985.1743, -12888264.807 8257003.5763, -12888277.8099 8256943.6793, -12888369.1055 8256810.02929999, -12888504.8677 8256722.1124, -12888663.9994 8256693.5884, -12888821.7701 8256728.8894, -12888953.6637 8256822.5307, -12889039.1822 8256959.9617, -12889065.0326 8257119.8272, -12889023.0277 8257294.6157, -12888972.6207 8257374.6146, -12889075.4578 8257349.0486, -12889235.2288 8257373.8202, -12889373.0284 8257458.5237, -12889603.5689 8257782.7808, -12889651.8888 8257992.5261, -12889638.337 8258154.2426, -12889647.6312 8258299.028, -12889709.7829 8258588.6947, -12889682.4233 8258748.3438, -12889595.5906 8258884.9955, -12889462.7792 8258977.4077, -12889304.6314 8259011.2144, -12889145.7309 8258981.1595, -12888995.9192 8258882.0902, -12888936.5058 8258799.3447, -12888889.8358 8258623.4449, -12888892.6591 8258455.6217, -12888853.3402 8258239.7093, -12888763.9823 8258387.014, -12888631.1693 8258479.4052, -12888524.3783 8258504.4255, -12888500.656 8258642.71679999, -12888427.8967 8258858.8562, -12888404.2285 8259056.8077, -12888413.2372 8259219.7628, -12888468.4941 8259563.9674, -12888353.8013 8260014.2028, -12888375.5426 8259998.69829999, -12888670.8316 8260765.2753, -12888791.0566 8261018.7284, -12888285.3775 8261486.6421, -12888395.8363 8261554.559, -12888712.131 8261992.6347, -12888760.4288 8262202.3967, -12888733.0357 8262362.1198, -12888646.1437 8262498.8268, -12888513.2558 8262591.2671, -12888338.8031 8262633.6712, -12888187.8555 8262695.2837, -12887781.8578 8262965.0033, -12887623.6178 8262998.7925, -12887277.1728 8262936.9633, -12887208.4849 8262585.6634, -12887241.1683 8262426.93729999, -12887196.1014 8262415.5672, -12886864.1162 8263308.9394, -12886737.2121 8263743.8973, -12886271.9367 8264909.2185, -12886301.404 8265075.569, -12886259.2896 8265250.5289, -12886086.987 8265530.8978, -12886031.623 8265684.5411, -12885999.1548 8265844.3803, -12885914.5505 8265992.4769, -12885851.5574 8266162.6155, -12885814.5043 8266431.841, -12886134.9735 8267152.3148, -12886138.69 8267240.49, -12886272.717 8267364.9902, -12886553.5514 8267540.1408, -12886600.1864 8267550.5893, -12886903.9155 8267765.5796, -12887260.6645 8267979.5018, -12887355.1763 8268111.1893, -12887395.4705 8268286.3349, -12887400.8292 8268465.7161, -12887432.4092 8268626.0357, -12887496.3532 8268795.8866, -12887591.2106 8268955.4343, -12887627.5807 8269113.4992, -12887599.9052 8269274.7236, -12887506.6867 8269479.2314, -12887460.2457 8269691.9408, -12887454.3304 8269837.1294, -12887469.6222 8269988.0117, -12887457.8308 8270177.2615, -12887478.861 8270357.6011, -12887567.9685 8270614.4575, -12887707.8671 8270884.3178, -12887819.5156 8271046.7954, -12887907.0977 8271314.1922, -12888075.5711 8271576.2814, -12888111.9644 8271734.3997, -12888084.523 8271894.3252, -12887997.5076 8272031.2007, -12887711.47 8272233.0648, -12887604.769 8272331.5749, -12887515.4313 8272440.3383, -12887379.0732 8272535.16219999, -12886990.7198 8272621.5396, -12886854.9383 8272672.8249, -12886727.612 8272742.5916, -12886401.4 8272821.6873, -12886252.4694 8272888.5928, -12886115.8172 8272978.0115, -12885982.4614 8273101.0764, -12885872.4602 8273245.4698, -12885789.1562 8273406.8067, -12885739.1202 8273562.4547, -12885711.2967 8273778.5216, -12885744.191 8274092.4937, -12885705.8467 8274336.5472, -12885722.8912 8274571.8905, -12885759.6013 8274712.5682, -12885823.7871 8274862.9472, -12886033.0868 8275172.2949, -12886069.4546 8275330.4995, -12886015.5242 8275649.7639, -12886007.0458 8275794.9414, -12886032.2455 8276011.3969, -12886124.6138 8276264.4803, -12886151.7506 8276432.7067, -12886087.8945 8276755.3068, -12886102.8357 8277027.0538, -12886151.7834 8277202.0473, -12886230.325 8277365.8707, -12886533.0304 8277766.8739, -12886581.3711 8277977.0949, -12886525.7034 8278266.9667, -12886519.2822 8278466.7499, -12886542.456 8278628.7255, -12886648.5197 8279026.7629, -12886618.8929 8279199.2229, -12886557.8616 8279345.8823, -12886454.8605 8279507.8297, -12886321.6412 8279600.4432, -12886163.0391 8279634.2781, -12886003.7086 8279604.074, -12885853.521 8279504.6676, -12885793.9762 8279421.6678, -12885707.9547 8279101.729, -12885646.3654 8278950.1637, -12885561.8687 8278810.1179, -12885443.6658 8278672.2021, -12885303.3558 8278556.9425, -12885161.6867 8278475.4887, -12884991.5678 8278412.2631, -12884745.759 8278362.1578, -12884595.6131 8278262.7425, -12884536.0926 8278179.7464, -12884489.1392 8278002.3635, -12884478.6187 8277734.7597, -12884463.0439 8277682.5575, -12884424.4388 8277739.0099, -12884276.559 8277841.7546, -12883861.6049 8277935.295, -12883710.3088 8277996.944, -12883535.9991 8278097.8624, -12883325.3464 8278142.7174, -12883166.0593 8278112.4581, -12883003.2938 8278004.6365, -12882826.3681 8277845.4103, -12882653.355 8277745.8572, -12882446.8525 8277677.1442, -12882230.6031 8277652.9355, -12882067.6985 8277664.6961, -12881850.2813 8277709.1049, -12881638.7132 8277668.8692, -12881369.0807 8277545.87960001, -12881178.2729 8277506.3152, -12881058.7552 8277531.7254, -12880899.4903 8277501.4196, -12880749.4135 8277401.93739999, -12880689.9427 8277318.9196, -12880643.9101 8277144.65, -12880656.0364 8277057.2863, -12880225.526 8276865.854, -12880173.5017 8277106.327, -12880153.488 8277359.2801, -12880235.8173 8278583.0506, -12880238.6497 8278921.9205, -12880211.0334 8279160.034, -12880160.8612 8279376.539, -12880099.8871 8279492.2666, -12880055.943 8279532.9914, -12880005.4751 8279560.85629999, -12879888.4878 8279568.5586, -12879775.6639 8279510.4626, -12879684.9247 8279405.011, -12879535.6783 8279153.3244, -12879444.0651 8279039.8827, -12879331.0808 8278951.9867, -12879198.3134 8278901.3868, -12879127.3919 8278890.7401, -12878984.9079 8278900.9404, -12878783.2547 8278985.048, -12878664.06 8279078.0086, -12878332.5168 8279403.4098, -12878204.3986 8279488.772, -12877990.2371 8279551.1362, -12877845.6627 8279544.6879, -12877776.729 8279526.1707, -12877655.9611 8279447.4622, -12877563.168 8279326.0128, -12877310.6237 8278744.1419, -12877191.3657 8278532.7719, -12877094.8683 8278403.7281, -12876986.1048 8278288.5793, -12876856.9618 8278206.2853, -12876710.2551 8278177.22039999, -12876637.0489 8278186.4392, -12876508.4696 8278246.8041, -12876400.5221 8278339.7578, -12876329.1737 8278465.0401, -12876299.4117 8278612.6238, -12876326.4063 8278851.3952, -12876515.8545 8279394.40869999, -12876555.5005 8279549.16969999, -12876561.0812 8279705.3923, -12876548.1339 8279781.6734, -12876485.7034 8279917.1827, -12876385.6529 8280018.3816, -12876257.6998 8280073.99, -12876119.3166 8280073.5573, -12875987.6412 8280019.5009, -12875825.5438 8279864.0017, -12875703.6812 8279662.6624, -12875602.5166 8279446.3206, -12875525.2845 8279221.0934, -12875494.8631 8279064.6524, -12875467.5812 8278436.7686, -12875444.7659 8278289.5821, -12875356.8132 8278090.0804, -12875265.5552 8277978.548, -12875092.303 8277846.0718, -12874892.2727 8277751.3641, -12874542.5569 8277639.3123, -12873912.4753 8277493.8914, -12873779.3729 8277439.4588, -12873660.0963 8277360.9553, -12873502.6505 8277207.4097, -12873075.988 8276676.6776, -12872415.6464 8275951.6017, -12872108.7699 8275556.9533, -12872003.834 8275482.1064, -12871877.8037 8275450.2999, -12871810.3496 8275454.0549, -12871675.8799 8275495.30049999, -12871277.8933 8275719.3877, -12871045.4778 8275794.3286, -12870795.6996 8275834.626, -12870192.6434 8275876.6984, -12869764.8842 8275945.8737, -12869183.5402 8276082.0709, -12868786.51 8276228.9916, -12868405.5037 8276397.297, -12868262.6814 8276482.3531, -12868132.5497 8276585.13319999, -12868020.2151 8276705.1891, -12867933.0254 8276844.4364, -12867857.1771 8277078.4721, -12867862.98 8277328.957, -12868009.1784 8277821.091, -12868040.4248 8277986.9045, -12868048.9688 8278153.9952, -12868022.8164 8278400.7485, -12867848.9756 8279214.2338, -12867835.9455 8279381.1303, -12867845.2138 8279549.8118, -12867901.0442 8279798.1997, -12868006.3164 8280033.7959, -12868151.2052 8280251.0328, -12868388.8483 8280510.0949, -12868587.6508 8280682.3088, -12868802.5984 8280834.0689, -12869027.4524 8280963.9848, -12869259.7716 8281064.3356, -12869423.9495 8281098.5463, -12869592.0903 8281097.99329999, -12869760.6196 8281066.5398, -12870255.253 8280925.3024, -12870511.6171 8280898.2332, -12870856.3594 8280918.9229, -12871457.6783 8280999.5669, -12871868.2571 8281084.592, -12872229.1603 8281235.2069, -12872346.6793 8281316.7207, -12872448.1047 8281411.6617, -12872485.6991 8281464.0215, -12872524.726 8281575.5088, -12872515.7107 8281675.97770001, -12872459.5467 8281742.8081, -12872418.8569 8281756.06499999, -12872326.7933 8281736.2555, -12872075.6343 8281581.0545, -12872014.1285 8281566.9512, -12871886.084 8281574.2618, -12871764.1228 8281630.6603, -12871548.9644 8281787.5568, -12871196.5808 8281988.8927, -12871159.8126 8282029.0536, -12871125.3191 8282129.3263, -12871151.7106 8282234.9941, -12871230.6376 8282318.0586, -12871439.1964 8282427.7794, -12871514.0665 8282510.0915, -12871531.4379 8282561.33519999, -12871524.7159 8282663.5572, -12871500.8041 8282706.8071, -12871417.4383 8282758.78719999, -12871364.2089 8282765.4716, -12871251.5835 8282748.1668, -12870823.5038 8282602.1281, -12870471.1797 8282523.1743, -12869486.9357 8282398.1506, -12869103.5096 8282373.4654, -12868800.1282 8282388.0695, -12868503.4758 8282454.8265, -12868294.0601 8282548.6995, -12868043.0133 8282721.2761, -12867893.116 8282887.118, -12867821.9688 8283020.2679, -12867779.9638 8283169.5446, -12867765.6234 8283408.7133, -12867798.1294 8283652.126, -12867964.6067 8284288.9132, -12868041.4108 8284774.9825, -12868138.9023 8285085.6168, -12868221.6749 8285225.8043, -12868334.1073 8285345.3112, -12868471.4039 8285439.2155, -12868627.4269 8285505.7096, -12868794.6881 8285547.8741, -12868965.6231 8285569.2036, -12869562.463 8285579.7937, -12869723.9169 8285620.8268, -12869866.0419 8285704.8203, -12869977.9552 8285826.6775, -12870070.4246 8285969.3684, -12870777.7076 8287346.6897, -12871114.5322 8287920.65779999, -12871314.6388 8288180.9994, -12871812.9312 8288622.4205, -12872031.2868 8288871.17499999, -12872250.2052 8289206.1951, -12872494.4524 8289809.7146, -12872578.3467 8289950.2968, -12872650.9295 8290004.3785, -12872733.0556 8290021.0742, -12872861.3873 8289968.8316, -12872937.9389 8289891.4798, -12873005.4056 8289791.0457, -12873131.643 8289538.45489999, -12872897.5813 8290066.3642, -12872485.59 8290407.8749, -12872349.685 8290541.72070001, -12872237.875 8290595.8558, -12872175.0779 8290604.477, -12872047.0302 8290573.7946, -12871931.0872 8290491.3584, -12871780.4691 8290321.75419999, -12871548.2807 8290006.7254, -12871390.6745 8289830.4197, -12871274.6013 8289725.4294, -12870898.2936 8289450.0132, -12870733.9062 8289280.0684, -12870590.9327 8289382.692, -12870461.3926 8289510.3561, -12870229.8363 8289854.57, -12870096.2276 8289947.0207, -12869937.3293 8289980.555, -12869777.8416 8289949.9592, -12869627.6607 8289850.0846, -12869522.9003 8289713.044, -12869419.117 8289610.9658, -12869177.2378 8289441.025, -12869125.1678 8289362.7536, -12868774.7901 8289593.9006, -12868615.8933 8289627.40479999, -12868456.4185 8289596.7819, -12868383.094 8290040.8274, -12868482.2919 8290245.5019, -12868569.9628 8290498.3702, -12868715.1797 8290521.2952, -12868853.3628 8290606.7587, -12868947.8376 8290739.0828, -12868983.9179 8290897.7031, -12868993.6656 8291080.4159, -12869133.2362 8290917.1167, -12869233.4948 8290765.2524, -12869311.5183 8290580.9186, -12869354.5652 8290376.5278, -12869437.5703 8290236.7083, -12869568.0682 8290139.8909, -12869725.7776 8290101.1193, -12869886.1919 8290126.4176, -12870145.3684 8290263.2356, -12870503.6224 8290358.7033, -12870642.1878 8290444.3571, -12870736.6924 8290576.6553, -12870772.8102 8290735.2633, -12870744.9249 8290895.53419999, -12870657.3668 8291032.5559, -12870523.7423 8291125.0291, -12870238.9654 8291192.2862, -12870040.6446 8291282.9465, -12869865.4684 8291412.9278, -12869710.6593 8291591.4927, -12869614.9468 8291775.8763, -12869966.2005 8291791.6703, -12870666.4861 8291762.9942, -12870892.2866 8291768.1385, -12871179.9065 8291828.98349999, -12871453.0887 8291935.3787, -12871577.9999 8292007.0284, -12871688.4164 8292098.4894, -12871997.4448 8292497.7657, -12872103.5241 8292595.7849, -12872606.1899 8292859.3812, -12872822.4228 8293019.1828, -12872954.7869 8293165.34929999, -12873026.9073 8293269.1102, -12873072.3542 8293382.3232, -12873124.07 8293606.7337, -12873183.0926 8293704.1929, -12873227.4653 8293743.6368, -12873641.1662 8294020.6305, -12873734.2893 8294030.0453, -12873981.3194 8293915.4726, -12874099.6186 8293887.1611, -12874222.9189 8293880.9125, -12874339.5232 8293908.7422, -12874387.7979 8293937.3504, -12874424.9723 8293974.0339, -12874465.1884 8294062.4146, -12874449.8032 8294148.0673, -12874381.7918 8294205.8001, -12874274.9363 8294217.9016, -12874032.0695 8294210.2622, -12873911.9646 8294235.74889999, -12873798.5186 8294281.3341, -12873695.7597 8294346.2536, -12873470.706 8294547.3556, -12873363.509 8294614.22999999, -12873243.0991 8294659.8413, -12873046.5935 8294674.4917, -12872238.2979 8294546.5663, -12872033.8136 8294541.6203, -12871832.708 8294588.3996, -12871387.9563 8294755.6571, -12871208.507 8294847.1228, -12871103.0273 8294929.9463, -12870941.7611 8295141.2598, -12870668.1446 8295660.1359, -12870604.733 8295847.7283, -12870498.3583 8296306.59660001, -12870417.353 8296496.8537, -12870305.1084 8296671.9299, -12869907.6715 8297146.2745, -12869845.6309 8297260.07, -12869826.6007 8297384.1039, -12869838.7027 8297446.3494, -12869906.4665 8297560.227, -12870089.0761 8297764.7347, -12870128.795 8297887.467, -12870127.5805 8297950.3305, -12870111.8587 8298010.9572, -12870046.2301 8298117.7843, -12869776.3139 8298361.3044, -12869729.4255 8298459.85059999, -12869732.6671 8298570.1026, -12869757.3346 8298623.5199, -12869841.505 8298714.8003, -12869961.9157 8298777.5562, -12871049.4775 8299060.8436, -12870745.0539 8298619.14459999, -12870483.4532 8298333.6571, -12870943.4307 8298102.9345, -12871308.3432 8297997.434, -12871704.628 8297661.707, -12871763.6273 8298597.1836, -12871755.7093 8299336.3373, -12871882.7802 8299362.903, -12872032.7507 8299363.6952, -12872256.1239 8299321.8879, -12872396.3629 8299262.30129999, -12872573.0179 8299119.52660001, -12872653.9694 8298990.7645, -12872700.8968 8298844.9547, -12872756.0548 8298462.3252, -12872793.2898 8298313.8275, -12872775.0402 8298231.7068, -12872698.0168 8298049.7526, -12872664.8647 8297878.4323, -12872698.0138 8297719.0157, -12872790.0929 8297584.8221, -12872926.7877 8297496.7068, -12873086.8569 8297468.3598, -12873245.4242 8297504.1858, -12873299.7534 8297542.92849999, -12873392.5638 8297552.0812, -12873472.6768 8297624.9157, -12873584.9936 8297821.8692, -12873773.8512 8297964.1351, -12874024.7633 8298070.5214, -12874377.8514 8298132.8471, -12874516.2418 8298218.2914, -12874610.915 8298350.6778, -12874647.1541 8298509.4322, -12874631.2295 8298701.9985, -12874648.8725 8298883.4039, -12874691.4453 8299041.8461, -12874763.3295 8299200.8431, -12874792.226 8299381.7257, -12874784.3808 8299541.1519, -12874798.5063 8299686.3584, -12874905.5882 8300043.898, -12875044.6226 8300233.6381, -12875161.8205 8300447.41790001, -12875412.4674 8300961.8771, -12875626.4687 8301471.84309999, -12875698.1509 8301609.0588, -12875836.6753 8301795.6119, -12876326.9368 8302290.7616, -12876576.6605 8302573.0619, -12876740.6019 8302816.7801, -12877022.9474 8303314.1387, -12877201.8319 8303530.2296, -12877269.695 8303596.5622, -12877323.5552 8303561.7972, -12877483.7382 8303533.3313, -12877642.4563 8303569.0916, -12877775.0463 8303663.5219, -12877860.9018 8303801.9491, -12877886.6776 8303962.8634, -12877849.7831 8304115.3873, -12878164.4042 8304168.8033, -12878340.5532 8304294.2365, -12878426.4266 8304432.6688, -12878452.217 8304593.5948, -12878409.6948 8304769.4427, -12878351.7651 8304854.0061, -12878203.2601 8304957.0063, -12877989.8693 8305007.449, -12877869.6241 8305057.5645, -12877820.5052 8305134.5958, -12877686.7169 8305227.3747, -12877584.6648 8305249.0227, -12877423.5857 8305444.1173, -12877316.816 8305667.1682, -12877251.9259 8305761.8623, -12877103.3873 8305864.8531, -12876685.8964 8305936.7126, -12876495.5009 8305998.97649999, -12876276.248 8306128.7537, -12876167.2018 8306225.6583, -12876073.5477 8306335.6621, -12875934.4855 8306432.0497, -12875582.6962 8306510.0736, -12875380.9828 8306594.0649, -12875258.1287 8306672.6782, -12875134.5092 8306780.5869, -12875039.962 8306891.7462, -12874961.776 8307015.00609999, -12874883.7218 8307199.8076, -12874842.3001 8307396.1374, -12874839.0358 8307596.78279999, -12874878.45 8307870.2156, -12874818.063 8308281.9394, -12874753.8366 8308450.6967, -12874717.718 8308629.5777, -12874713.1565 8308812.0286, -12874741.0706 8309033.8542, -12874725.5303 8309180.3418, -12874584.3971 8309498.3524, -12874529.5288 8309747.5947, -12874536.483 8310002.7389, -12874629.4072 8310379.7767, -12874623.1852 8310438.4181, -12874482.8177 8310777.0098, -12874439.4784 8310991.6133, -12874449.3055 8311264.8521, -12874545.9889 8311649.056, -12874507.6173 8311790.6234, -12874389.4125 8312026.2829, -12874336.4071 8312257.4242, -12874338.9094 8312512.7376, -12874417.5864 8312844.0828, -12874379.6921 8313026.5368, -12874264.4373 8313172.833, -12874035.0588 8313280.9206, -12873879.8178 8313320.1545, -12873725.9473 8313386.075, -12873592.2697 8313416.06499999, -12873385.3502 8313385.4069, -12873256.3236 8313299.6945, -12873032.3275 8312964.3649, -12872926.728 8312838.5314, -12872788.0057 8312720.061, -12872621.4047 8312622.8558, -12872504.4389 8312533.4493, -12872436.22 8312444.3767, -12872323.7232 8312184.9554, -12872290.8008 8311978.4385, -12872303.9095 8311884.7631, -12872378.8283 8311662.9178, -12872402.4691 8311481.882, -12872388.9438 8311263.336, -12872329.1688 8311049.4341, -12872315.1299 8310937.77499999, -12872330.6843 8310826.619, -12872374.7116 8310723.4058, -12872483.0123 8310579.9776, -12872554.7283 8310452.7506, -12872608.0685 8310316.7655, -12872656.2518 8310127.8785, -12872809.6966 8309935.0711, -12872894.058 8309794.1444, -12872949.7477 8309659.1218, -12872986.1351 8309517.652, -12873002.5127 8309372.4887, -12872998.5626 8309226.4577, -12872887.2382 8308699.9997, -12872893.9405 8308550.1822, -12872878.7562 8308398.7025, -12872912.0952 8308238.3466, -12872997.8404 8308005.6523, -12873057.4143 8307638.2985, -12873043.2574 8307438.1268, -12872957.4611 8307054.033, -12872978.721 8306939.342, -12872827.9798 8306846.3358, -12872737.6567 8306710.7102, -12872706.6834 8306550.6568, -12872739.8698 8306391.0534, -12872782.4736 8306328.2752, -12872651.9183 8306303.2833, -12872501.3664 8306203.2487, -12872410.8213 8306076.5602, -12872368.7804 8305874.9981, -12872320.3835 8305842.8384, -12872284.7734 8305789.3606, -12872243.6484 8305576.7786, -12872262.5371 8305485.9665, -12872178.5936 8305324.1173, -12872203.5196 8305077.7984, -12872286.6347 8304937.6699, -12872417.3535 8304840.6095, -12872536.2001 8304811.3433, -12872554.638 8304641.9994, -12872548.0812 8304495.5148, -12872617.5703 8304209.1371, -12872695.7249 8304122.4384, -12872939.0214 8304014.2864, -12872900.8654 8303846.9591, -12872926.6835 8303722.777, -12873058.4848 8303543.66749999, -12873177.3773 8303477.7213, -12873405.773 8303456.47339999, -12873491.9145 8303061.527, -12873554.1872 8302948.1157, -12873662.6498 8302849.4565, -12873734.0976 8302817.2791, -12873938.7348 8302804.5881, -12874168.0338 8302898.2165, -12874222.5464 8302949.1697, -12874306.2619 8303267.1919, -12874301.4787 8303481.2728, -12874417.6145 8303494.3992, -12874581.278 8303485.625, -12874779.1307 8303439.3107, -12875007.5398 8303414.2494, -12875106.6027 8303440.0797, -12875268.3457 8303555.3557, -12875398.2845 8303743.4415, -12875414.0469 8303712.54779999, -12875587.6028 8303583.5659, -12875745.5664 8303544.5946, -12875906.2916 8303569.80669999, -12876314.9673 8303207.9563, -12876028.8294 8302848.0555, -12875640.5878 8302223.9287, -12875454.7302 8302014.583, -12875296.3961 8301892.0936, -12875115.5935 8301822.3545, -12874922.9476 8301814.2067, -12874392.9268 8301990.9953, -12874330.2345 8302047.1113, -12874313.2285 8302089.1187, -12874310.6381 8302191.7277, -12874337.8717 8302361.2277, -12874314.6229 8302468.21639999, -12874244.2398 8302539.7704, -12874146.1987 8302560.3936, -12874093.662 8302550.0256, -12873989.8182 8302481.5224, -12873944.1803 8302425.1228, -12873575.6183 8301788.1909, -12873421.926 8301602.5831, -12873359.8623 8301554.8309, -12873221.4253 8301488.015, -12873071.3496 8301454.1737, -12872764.2333 8301419.0615, -12872542.6543 8301340.6667, -12872409.0108 8301248.8846, -12872092.9241 8300986.6114, -12871617.3507 8300659.0543, -12871180.2961 8300282.2166, -12870983.6296 8300142.0754, -12870633.8985 8299976.1585, -12870202.4968 8299854.7906, -12869918.3747 8299817.8991, -12869498.4702 8299824.78939999, -12869286.1349 8299775.9459, -12869091.2933 8299669.9702, -12868692.7849 8299362.625, -12868513.314 8299280.0481, -12868387.0753 8299264.6438, -12868323.4765 8299272.6922, -12867944.5311 8299392.1955, -12867673.4576 8299426.9785, -12867396.3082 8299392.3844, -12867125.1152 8299300.0998, -12866923.3928 8299254.7561, -12866792.4007 8299259.7694, -12866670.3051 8299291.9559, -12866515.6375 8299382.405, -12866451.0334 8299479.133, -12866433.7769 8299601.6148, -12866473.6177 8299800.6748, -12866470.4686 8299938.6199, -12866423.377 8300062.9375, -12866294.5634 8300212.6789, -12866122.2672 8300313.1705, -12865860.565 8300392.3222, -12865652.4644 8300401.7387, -12865309.324 8300341.5477, -12865365.4637 8300548.1816, -12865332.5653 8300736.4549, -12865298.3616 8300795.0753, -12865280.6157 8300900.9112, -12865275.8262 8301083.1673, -12865316.8458 8301316.3888, -12865431.7745 8301572.41139999, -12865469.0565 8301736.6709, -12865398.8616 8302203.8329, -12865407.418 8302367.7642, -12865441.4707 8302528.3397, -12865500.1825 8302681.605, -12865573.8555 8302812.531, -12865870.5553 8303192.7353, -12865910.1166 8303366.988, -12865922.1572 8303608.181, -12865973.9699 8303801.91969999, -12866071.3983 8303997.6866, -12866305.8623 8304328.8859, -12866341.9533 8304487.81009999, -12866316.1928 8304735.5392, -12866343.0928 8304962.5588, -12866309.7162 8305171.7932, -12866305.9012 8305317.7484, -12866322.4017 8305462.818, -12866392.1186 8305773.65649999, -12866356.3426 8305978.5665, -12866293.1375 8306201.401, -12866282.0287 8306456.2766, -12866316.8109 8306653.8757, -12866411.3431 8306884.2792, -12866451.1893 8307059.7263, -12866406.3924 8307367.2153, -12866422.9015 8307603.6516, -12866492.0855 8307830.3146, -12866620.3026 8308058.3906, -12866649.8873 8308244.8922, -12866649.2994 8308451.2899, -12866677.7878 8308613.08560001, -12866762.6067 8308834.389, -12866883.2274 8309016.9126, -12867039.1022 8309170.3265, -12867376.2109 8309412.8973, -12867461.9393 8309551.5531, -12867487.5096 8309712.6285, -12867456.9143 8309873.30300001, -12867450.5759 8310019.2627, -12867483.5546 8310254.0482, -12867568.4164 8310475.3911, -12867786.2638 8310833.2085, -12867889.2916 8311184.1391, -12867934.2553 8311405.9685, -12868045.858 8311660.8949, -12868079.8512 8311874.9177, -12868032.7487 8312068.5212, -12867968.5934 8312213.8902, -12867929.6376 8312354.7275, -12867909.6755 8312517.886, -12867915.7167 8312684.4284, -12867872.3245 8312862.7655, -12867680.267 8313123.6731, -12867606.2357 8313249.6237, -12867539.4499 8313419.5501, -12867503.133 8313598.516, -12867505.4004 8313853.8784, -12867593.896 8314309.1416, -12867645.7136 8314484.2583, -12867729.3669 8314651.3833, -12867754.9614 8314812.5713, -12867712.1268 8314988.6005, -12867440.1651 8315339.36159999, -12867361.6832 8315504.2518, -12867294.8221 8315719.4997, -12867206.5065 8315848.0049, -12867087.2814 8315937.16539999, -12866983.1825 8316039.661, -12866754.5543 8316358.7249, -12866605.6568 8316461.6522, -12866446.1733 8316495.2326, -12866286.1277 8316464.4536, -12866150.3978 8316374.1004, -12866060.0801 8316238.2188, -12866026.8592 8316065.7222, -12866024.3343 8315813.2131, -12865984.8691 8315634.8615, -12865897.6666 8315433.9402, -12865661.6079 8315073.7824, -12865624.9327 8314883.294, -12865617.6517 8314688.2757, -12865541.7312 8314284.0706, -12865621.2383 8313836.0787, -12865613.3017 8313653.6197, -12865579.1933 8313492.8046, -12865495.54 8313290.4432, -12865371.7198 8313109.9292, -12865227.527 8312970.407, -12864966.7027 8312792.1352, -12864907.1232 8312708.5943, -12864860.4763 8312530.4778, -12864864.0797 8312387.1635, -12864847.5919 8312241.9555, -12864770.9968 8311998.4397, -12864626.3919 8311766.5144, -12864525.9983 8311660.4904, -12864397.889 8311560.0391, -12864338.326 8311476.5079, -12864292.4644 8311301.3339, -12864322.4639 8311088.6271, -12864373.9031 8310874.7509, -12864379.6806 8310655.8793, -12864339.9061 8310440.5932, -12864247.4798 8310222.3123, -12864155.7847 8310086.0514, -12864043.9428 8309965.8377, -12863732.2482 8309743.0803, -12863672.7072 8309659.5637, -12863622.937 8309478.4179, -12863558.9005 8309327.144, -12863402.47 8309103.1721, -12863253.6206 8308968.8083, -12862909.6072 8308737.9865, -12862850.0836 8308654.4744, -12862793.9988 8308454.4974, -12862727.3627 8308304.3792, -12862649.0774 8308181.1516, -12862541.5448 8308057.111, -12862401.0327 8307940.9598, -12862081.8823 8307743.9474, -12861874.7319 8307674.3818), (-12861759.6023 8251485.1483, -12861741.6712 8251419.8114, -12861693.4855 8251453.0718, -12861759.6023 8251485.1483)), ((-12865089.9107 8243042.1742, -12865246.6467 8243003.7449, -12865406.0312 8243028.9837, -12865543.2941 8243113.9686, -12865687.6423 8243313.9881, -12865795.7182 8243430.503, -12865664.0604 8243555.5278, -12865557.9628 8243698.4535, -12865425.1225 8243790.2469, -12865267.1873 8243823.47119999, -12865108.7077 8243792.9613, -12864959.522 8243693.6066, -12864900.4972 8243610.8358, -12864855.0445 8243437.2534, -12864877.6111 8243277.1875, -12864960.1777 8243138.3008, -12865089.9107 8243042.1742)), ((-12867507.6471 8243120.7008, -12867664.3724 8243082.2199, -12867823.7665 8243107.4067, -12867961.0579 8243192.3473, -12868054.9128 8243323.8451, -12868090.7413 8243481.4641, -12868062.9721 8243640.711, -12867975.9174 8243776.8332, -12867843.1059 8243868.6708, -12867685.18 8243901.9471, -12867526.6889 8243871.4886, -12867377.4695 8243772.1816, -12867250.8884 8243597.15779999, -12867142.7872 8243480.6617, -12867274.4188 8243355.6119, -12867377.3908 8243217.2808, -12867507.6471 8243120.7008)), ((-12832783.2701 8259454.4392, -12832642.1412 8259340.9301, -12832483.4841 8259253.6929, -12832329.6807 8259199.8491, -12832151.3194 8259169.1016, -12831934.3118 8259173.78499999, -12831636.8316 8259231.8748, -12831354.7844 8259177.1511, -12831210.4341 8259165.0804, -12831047.855 8259175.6898, -12830797.4361 8259225.3215, -12830527.8699 8259173.028, -12830383.5209 8259160.9412, -12830203.029 8259174.2846, -12830000.6484 8259226.5803, -12829800.5102 8259227.3419, -12829618.6328 8259203.7992, -12829565.3841 8259182.9716, -12829430.8717 8259084.0597, -12829371.4669 8259005.5493, -12829329.7793 8258902.2033, -12829316.5185 8258791.5356, -12829332.6055 8258681.2461, -12829579.9708 8258196.0247, -12829661.1022 8257919.7257, -12829782.882 8257749.4163, -12829913.7051 8257651.2682, -12830027.4325 8257534.4492, -12830238.1144 8257207.2055, -12830368.5424 8257111.5068, -12830525.7556 8257073.7408, -12830706.4724 8257103.2258, -12830933.1454 8257177.6267, -12831109.9963 8257257.0219, -12831302.0057 8257302.862, -12831439.142 8257388.6426, -12831617.6607 8257634.6683, -12831774.3762 8257785.0507, -12831975.2693 8257907.2512, -12832180.7549 8257977.1886, -12832360.05 8258001.6773, -12832522.8732 8257996.73, -12832682.9181 8257966.3247, -12832852.6974 8257903.6145, -12832994.1352 8257822.6641, -12833223.5451 8257654.9913, -12833461.4132 8257519.2793, -12833582.9439 8257410.6357, -12833695.7825 8257269.9075, -12833796.7038 8257447.9607, -12833926.5878 8257598.9717, -12834082.8544 8257722.381, -12834259.7611 8257813.6509, -12834486.5167 8257875.5705, -12834630.8472 8257887.5753, -12834778.7996 8257878.88, -12835100.3653 8257943.4271, -12835299.2663 8257937.3097, -12835692.2114 8257870.7634, -12835849.7545 8257907.1992, -12836125.5524 8258102.8649, -12836331.5928 8258200.9426, -12836502.896 8258307.9329, -12836596.3847 8258440.0969, -12836631.6182 8258598.1884, -12836603.1175 8258757.6407, -12836515.3083 8258893.6691, -12836063.4523 8259236.34269999, -12835838.2371 8259284.9209, -12835668.4516 8259347.7112, -12835275.2781 8259601.1725, -12835089.4174 8259639.482, -12834893.2484 8259600.1267, -12834727.9889 8259516.2423, -12834554.6738 8259464.0033, -12834393.0456 8259443.414, -12834212.1958 8259450.5374, -12834070.1215 8259478.84839999, -12833916.7741 8259533.9999, -12833789.1661 8259602.681, -12833477.3814 8259815.3016, -12833318.9623 8259847.9151, -12833160.2716 8259816.6548, -12832981.8818 8259696.7391, -12832783.2701 8259454.4392)), ((-12841561.9648 8295386.2356, -12841722.1084 8295358.5762, -12841880.4793 8295395.0653, -12842059.1204 8295514.0084, -12842226.8734 8295587.5969, -12842140.1558 8295758.3926, -12842079.1988 8295965.0188, -12842020.9239 8296049.1971, -12841872.0903 8296151.3454, -12841712.9309 8296184.3005, -12841553.4258 8296153.0697, -12841418.3685 8296062.5084, -12841328.7508 8295926.69489999, -12841298.5004 8295766.7414, -12841348.9259 8295517.8922, -12841561.9648 8295386.2356)))"
62,21163,1757,2023-10-15 06:33:14,HBZ004, ,64325.0,2023-09-24,1330,0 - hand sketch of any type,Mutual Aid,Being Held,2023/10/12 13:13:20,D,163.3,,,5,7c43b95f-4434-454d-bc4d-841bb8188455,2434616437.5,632010.780333113,"MULTIPOLYGON (((-13379470.5053 8243080.8849, -13379314.981 8242992.233, -13379250.4442 8242913.8514, -13379176.2083 8242693.812, -13379195.5118 8242448.195, -13379187.1186 8242285.7445, -13379063.7664 8241786.9889, -13379050.5117 8241576.1251, -13379014.8525 8241442.2611, -13378192.3764 8240600.2614, -13378176.5237 8240592.648, -13378214.7227 8240726.6713, -13377967.5259 8240711.8438, -13377765.1993 8240744.4767, -13377604.7292 8240724.9736, -13377464.6939 8240645.1027, -13377366.3599 8240517.2191, -13377325.0097 8240361.2033, -13377350.3131 8240195.808, -13375315.2462 8239217.84660001, -13372023.2003 8238139.5467, -13371633.6112 8237760.53, -13372105.7028 8233488.2651, -13373531.1876 8231326.8759, -13373516.8542 8228839.9124, -13370425.6431 8229623.16089999, -13368078.5776 8231460.7227, -13365757.3417 8230864.8887, -13363128.5367 8228885.7172, -13360606.1104 8227079.7354, -13360961.093 8225477.5764, -13364432.9574 8223420.4613, -13366020.2313 8222710.0096, -13368687.9282 8222117.6869, -13372106.1088 8222793.0511, -13372082.3996 8222469.0043, -13372035.6453 8222277.7253, -13371963.2877 8222095.1451, -13371863.1 8221925.6107, -13371739.5354 8221773.4675, -13371599.273 8221638.7149, -13371148.429 8221293.1506, -13370885.715 8221047.5705, -13370779.9615 8220906.3112, -13370708.7171 8220749.8426, -13370692.019 8220578.1658, -13370719.8491 8220402.1467, -13370788.867 8220230.4777, -13370885.7149 8220069.6774, -13371003.7136 8219917.5723, -13371277.5597 8219650.3095, -13371839.723 8219233.1379, -13372007.8156 8219052.8055, -13372096.8711 8218809.4721, -13372102.437 8218626.9772, -13372067.9279 8218440.14199999, -13372010.0417 8218257.6563, -13371621.537 8217340.9505, -13371518.0097 8217036.8554, -13371505.7647 8216880.46809999, -13371528.0285 8216726.2566, -13371619.3105 8216441.7333, -13371693.8944 8216322.28019999, -13371786.2897 8216222.3755, -13371898.7225 8216152.8775, -13372152.5308 8216059.4902, -13372335.0947 8215966.1043, -13372445.3012 8215887.9218, -13372541.0359 8215790.1943, -13372615.6198 8215677.267, -13372666.8269 8215549.1397, -13372706.9018 8215266.8332, -13372712.468 8214973.68, -13372666.8268 8214671.85279999, -13372583.3371 8214383.0658, -13372445.3012 8214124.6869, -13372251.6052 8213888.0282, -13372173.6816 8213751.2475, -13372120.2482 8213597.1005, -13372017.834 8213106.4572, -13371983.3251 8212778.6562, -13371942.1371 8211975.4959, -13371872.0057 8211678.1316, -13371749.5542 8211411.165, -13371594.8202 8211194.1262, -13371543.6132 8211074.7573, -13371487.9535 8210707.98179999, -13371455.6707 8210590.7913, -13371396.6714 8210480.1127, -13371235.2582 8210276.1216, -13371128.3915 8210200.1688, -13370998.1478 8210174.1282, -13370867.9038 8210178.4683, -13370746.5656 8210219.6995, -13370610.7559 8210371.6062, -13370199.987 8210931.5174, -13369774.7466 8211408.9947, -13369530.9567 8211853.9443, -13369441.9012 8211947.2784, -13369321.6763 8212001.5431, -13369186.9795 8212016.7371, -13369047.8302 8212008.05479999, -13368619.2503 8211951.6194, -13367953.5598 8211893.014, -13367836.6742 8211860.45579999, -13367736.4865 8211788.828, -13367669.6949 8211682.4725, -13367648.5443 8211552.2438, -13367684.1665 8211419.8467, -13367827.7685 8211170.2523, -13368022.5776 8210590.7912, -13368100.5014 8210462.7515, -13368208.4813 8210356.4153, -13368332.0459 8210276.1215, -13368463.4029 8210219.6995, -13368869.719 8210126.387, -13369003.3023 8210119.8768, -13369133.5461 8210135.0672, -13369520.938 8210226.2098, -13369648.9556 8210232.72, -13369768.0675 8210215.35939999, -13369871.5944 8210158.9376, -13369936.1597 8210063.4558, -13369945.0652 8209937.5952, -13369886.0659 8209809.5669, -13369779.1991 8209701.0703, -13369640.05 8209627.2933, -13369490.8818 8209573.046, -13367730.6944 8207653.7045, -13367547.2897 8205367.3695, -13370715.9833 8203907.2999, -13368991.279 8202690.8191, -13366525.8332 8200592.4976, -13366464.4676 8200641.3292, -13366310.1818 8200684.8424, -13366151.0987 8200665.23359999, -13366011.9455 8200585.55129999, -13365914.3515 8200458.1826, -13365870.2185 8200290.5206, -13365843.4532 8200011.4734, -13364904.4804 8199211.7876, -13363740.8146 8197044.8354, -13363442.7879 8195050.0448, -13361452.3119 8193971.2862, -13361560.9075 8194294.9038, -13361543.8763 8194454.43, -13361430.0762 8194700.6225, -13361245.4072 8194859.2556, -13361091.2072 8194902.624, -13360932.259 8194882.9146, -13360777.9665 8194794.4142, -13360714.0512 8194716.361, -13360648.9543 8194521.689, -13360286.792 8194752.7721, -13360256.2123 8194928.22779999, -13360204.69 8195014.9959, -13360065.3704 8195125.65919999, -13359911.1581 8195169.0048, -13359752.2058 8195149.2694, -13359527.9434 8195046.9847, -13359299.5593 8195001.6831, -13359049.1203 8195011.7518, -13358825.0936 8195075.2425, -13358681.0557 8195148.1149, -13358536.5797 8195254.4085, -13358470.1421 8195324.0383, -13358509.9456 8195311.423, -13358669.4644 8195325.9097, -13358810.9988 8195401.0311, -13358912.556 8195525.1162, -13358958.3498 8195678.8812, -13358941.2603 8195838.4324, -13358861.6601 8195983.1141, -13358755.5996 8196093.2243, -13358671.8592 8196209.9467, -13358567.083 8196438.0915, -13358523.456 8196649.0158, -13358533.2029 8196925.6649, -13358501.8919 8197105.0744, -13358450.3344 8197191.8566, -13358310.9481 8197302.5208, -13358156.6797 8197345.8441, -13357997.6843 8197326.0665, -13357858.678 8197246.2629, -13357761.2662 8197118.839, -13357720.5884 8196963.6033, -13357732.9294 8196798.3799, -13357717.5167 8196625.9753, -13357735.4513 8196383.5765, -13357795.924 8196188.5637, -13357850.9928 8195812.6544, -13357918.1607 8195699.6183, -13357846.3082 8195690.6782, -13357707.3344 8195610.8882, -13357609.9472 8195483.4897, -13357569.2823 8195328.2869, -13357591.6563 8195169.4044, -13357673.5889 8195031.5324, -13357206.4186 8193560.2053, -13356996.2169 8192776.7258, -13357464.3937 8191181.1027, -13358467.6297 8191381.75, -13358468.8268 8191602.1499, -13358723.9027 8191622.5222, -13358846.0091 8191518.804, -13358998.64 8191470.4217, -13359158.0766 8191484.8924, -13359299.5416 8191559.9678, -13359401.0526 8191683.98349999, -13359475.5999 8191892.9636, -13359534.3961 8191991.7705, -13359625.1728 8191930.8551, -13359827.9223 8191866.5613, -13359987.3686 8191881.0149, -13360175.3044 8191980.724, -13360402.6136 8192267.0125, -13360587.6961 8192252.4554, -13360523.8054 8192174.4264, -13360467.3577 8192005.6009, -13360479.1352 8191845.6514, -13360563.0007 8191662.2163, -13360607.7801 8191492.276, -13360690.3923 8191353.1356, -13360819.0432 8191257.6989, -13360974.5161 8191219.488, -13361200.2591 8191248.6041, -13361315.3743 8191149.8646, -13361423.6764 8191030.1508, -13361654.4137 8190656.2153, -13361783.0398 8190560.7717, -13362134.9371 8190473.2021, -13362317.8188 8190399.8471, -13362441.6595 8190319.8273, -13362188.2577 8188517.5345, -13361998.5574 8188467.3262, -13361843.5751 8188378.4549, -13361779.7056 8188300.4764, -13361723.2613 8188131.74759999, -13361745.6202 8187783.7218, -13361718.0147 8187552.3679, -13361631.0828 8187317.1414, -13361501.6531 8187123.5669, -13361360.4546 8186986.0797, -13361211.4696 8186886.5899, -13360996.1312 8186798.6052, -13360760.9468 8186757.6876, -13360606.8275 8186669.2751, -13360542.9857 8186591.3035, -13360469.0913 8186340.9599, -13360493.6428 8186184.0383, -13360595.3687 8185983.6555, -13360717.3577 8185879.9881, -13360869.8606 8185831.60719999, -13361081.4898 8185850.7651, -13361368.6044 8185948.3703, -13361390.3012 8185793.761, -13361522.3857 8185589.4685, -13361764.8242 8185520.2754, -13361917.7248 8185520.18689999, -13362059.4965 8185499.4221, -13362609.0554 8185349.5993, -13362821.6268 8185275.4919, -13362989.2096 8185179.6402, -13363210.9598 8185109.2156, -13363359.0544 8185100.9878, -13363516.7764 8185067.8953, -13363671.9033 8185000.3814, -13363605.868 8184820.0571, -13363617.5707 8184660.2589, -13363831.3803 8184250.1018, -13363881.6192 8184096.7368, -13363905.6753 8183955.2695, -13363909.8438 8183811.8277, -13363894.0447 8183669.2035, -13363771.5792 8183221.2109, -13363799.6941 8183052.6198, -13363747.095 8182852.5094, -13363755.854 8182789.9541, -13363864.3608 8182607.0356, -13363992.8214 8182511.6608, -13364148.0949 8182473.4335, -13364306.0498 8182498.2936, -13364456.6701 8182586.7568, -13364681.526 8182665.362, -13364811.5883 8182545.5308, -13364963.9944 8182497.09, -13365123.246 8182511.4202, -13365394.5938 8182633.6124, -13365437.8199 8182538.4438, -13365599.6973 8182400.6996, -13365752.0947 8182352.2438, -13365911.3448 8182366.5568, -13366052.6985 8182441.4144, -13366154.191 8182565.1865, -13366200.046 8182718.6381, -13366190.8818 8182804.9538, -13366268.0097 8182836.2119, -13366794.9921 8182924.1974, -13367003.5415 8183002.3102, -13367233.6338 8183035.2921, -13367465.2345 8183015.5696, -13367702.7238 8182936.6077, -13367871.6512 8182835.4779, -13368149.9011 8182601.8366, -13368302.2845 8182553.3273, -13368461.5423 8182567.5857, -13368602.9242 8182642.3958, -13368704.4611 8182766.13509999, -13368777.9218 8183004.2554, -13368854.5973 8183166.2398, -13368969.9151 8183326.0004, -13369113.5489 8183460.7827, -13369248.4692 8183548.9839, -13369412.4346 8183620.8346, -13369586.3654 8183663.0667, -13369862.9966 8183689.7372, -13370004.4135 8183764.5309, -13370105.989 8183888.2686, -13370151.9338 8184041.7204, -13370135.1048 8184201.0413, -13370058.1137 8184341.4678, -13369932.9247 8184441.1713, -13369690.4484 8184510.7902, -13369541.9935 8184573.5404, -13369390.8257 8184669.5549, -13369246.5719 8184803.7228, -13369149.3139 8184932.4266, -13369066.3084 8185091.301, -13369016.1712 8185244.7188, -13368968.8882 8185504.688, -13368917.5318 8185591.402, -13368778.5189 8185702.0808, -13368624.5563 8185745.5462, -13368413.6579 8185719.6047, -13368243.6295 8185637.4589, -13368107.8626 8185591.5963, -13367623.2533 8185522.7623, -13367453.3907 8185440.7091, -13367310.6909 8185393.8308, -13367354.5744 8185540.596, -13367337.6828 8185699.9444, -13367242.3161 8185921.6353, -13367201.372 8186150.941, -13367212.9679 8186383.6034, -13367287.8439 8186663.21899999, -13367265.4015 8186874.921, -13367176.1684 8187139.7101, -13367336.6472 8187338.4226, -13369974.8271 8187924.4046, -13370505.1514 8186446.1327, -13370527.2267 8186287.4086, -13370608.8223 8186149.5671, -13370737.2531 8186054.0309, -13370892.5614 8186015.643, -13371050.6105 8186040.3683, -13371186.8412 8186124.3655, -13371280.0817 8186254.5819, -13371343.5318 8186481.5015, -13371452.3131 8186687.3998, -13371591.4599 8186851.236, -13371761.6714 8186980.2282, -13372058.2552 8187106.2568, -13372424.3708 8187150.2544, -13372614.4581 8187245.8936, -13372767.6687 8187296.0569, -13373213.5874 8187347.1106, -13373355.1073 8187421.8743, -13373471.1187 8187547.5115, -13373600.0426 8187646.9463, -13373656.4737 8187620.2606, -13373561.7092 8187496.8354, -13373520.7624 8187341.8945, -13373542.7751 8187183.1437, -13373624.3229 8187045.254, -13373959.7983 8186801.0229, -13374101.6409 8186664.2279, -13374223.5316 8186487.1415, -13374300.7344 8186305.7058, -13374341.9585 8186112.851, -13374348.4248 8185969.4588, -13374331.8217 8185808.8751, -13374290.3487 8185652.8736, -13374216.402 8185489.564, -13374145.6606 8185279.1288, -13374157.1368 8185119.3106, -13374230.7675 8184973.6095, -13374403.4514 8184761.7519, -13374565.5754 8184448.6883, -13374687.3388 8184344.8182, -13374910.2023 8184282.9555, -13374954.9698 8183892.7715, -13374820.0729 8183997.73080001, -13374666.1839 8184041.3098, -13374507.4399 8184021.9147, -13374368.5178 8183942.5607, -13374271.01 8183815.5837, -13374230.0709 8183660.7226, -13374252.0597 8183502.0491, -13374354.0157 8183346.6656, -13374307.187 8183207.4555, -13374318.6578 8183047.6816, -13374453.5754 8182777.0006, -13374514.6659 8182589.6071, -13374539.2794 8182376.0393, -13374519.0317 8182162.0181, -13374468.4721 8181990.0774, -13374400.3416 8181852.6636, -13374281.4715 8181782.2734, -13374149.2564 8181727.1706, -13373869.583 8181671.70310001, -13373715.4227 8181583.625, -13373651.4921 8181505.8217, -13373619.3236 8181412.1378, -13373575.1615 8181386.9046, -13373511.2342 8181309.1023, -13373385.6282 8180924.47, -13373321.2832 8180844.5972, -13373128.9463 8180690.2598, -13373063.7481 8180610.9004, -13373007.1135 8180442.4368, -13373011.2951 8180372.5819, -13372957.0317 8180211.1676, -13372968.5287 8180051.4592, -13373016.4749 8179956.6252, -13372989.2814 8179782.6972, -13372880.748 8179537.3532, -13372665.9625 8179247.7938, -13372625.0843 8179093.0171, -13372647.0967 8178934.4449, -13372728.5755 8178796.7192, -13372856.8537 8178701.24449999, -13373011.9975 8178662.8545, -13373169.8956 8178687.5145, -13373503.735 8178892.4928, -13373632.8351 8178954.4413, -13373892.6263 8179019.7772, -13374174.5768 8179013.4851, -13374374.1456 8179027.9757, -13374569.401 8179004.2601, -13374756.5492 8178943.6526, -13374883.6178 8178877.6249, -13374998.6533 8178795.8337, -13375151.4306 8178747.0457, -13375310.616 8178761.1518, -13375451.9897 8178835.7933, -13375553.5841 8178959.3742, -13375599.607 8179112.6886, -13375580.6698 8179322.4658, -13375591.3448 8179501.3274, -13375668.4538 8179765.9963, -13375867.198 8179785.4862, -13376008.5968 8179860.1267, -13376110.2147 8179983.716, -13376156.2559 8180137.0476, -13376142.207 8180271.0678, -13376252.3181 8180411.9726, -13376288.1484 8180568.0268, -13376257.9966 8180743.2029, -13376206.7575 8180829.9093, -13376063.4809 8180944.209, -13375898.4959 8181021.7052, -13375840.108 8181128.394, -13375715.0519 8181228.1485, -13375621.1507 8181255.241, -13375582.4587 8181300.4998, -13375347.5586 8181712.9131, -13375264.4004 8181968.0917, -13375247.3392 8182128.543, -13375255.5435 8182289.6962, -13375288.8131 8182447.5826, -13375346.33 8182598.3141, -13375426.6792 8182738.1782, -13375515.6818 8182850.5856, -13375609.2003 8182938.187, -13375661.8649 8182898.9572, -13375817.0796 8182860.4849, -13375975.0748 8182885.0963, -13376184.6541 8183012.4418, -13376240.4275 8183255.1753, -13376210.2653 8183430.4156, -13376159.0082 8183517.1532, -13376099.1671 8183564.8925, -13376152.1027 8183547.9789, -13376393.0512 8183578.6359, -13376476.9178 8183634.1727, -13376522.1312 8183689.0353, -13376666.2668 8183677.8481, -13376872.1354 8183617.0257, -13377040.1746 8183523.9705, -13377186.5177 8183377.7021, -13377320.7813 8183145.3418, -13377387.9188 8182903.8661, -13377397.5185 8182689.0881, -13377381.7047 8182567.7105, -13377246.4021 8182313.4289, -13376977.9982 8181986.604, -13376840.9302 8181532.0713, -13376852.3449 8181372.3308, -13376924.4995 8181229.4266, -13377046.1775 8181125.565, -13377198.468 8181076.8849, -13377288.9661 8181084.8787, -13377379.9993 8181007.1676, -13377440.0528 8180987.9689, -13377606.0717 8180993.8591, -13377765.9391 8180974.3703, -13377920.7932 8180930.0648, -13378066.8198 8180862.0346, -13378200.422 8180771.9561, -13378318.3098 8180662.0489, -13378427.3499 8180519.9819, -13378539.7328 8180308.6998, -13378661.373 8180204.8255, -13378973.6503 8180095.1035, -13379113.1752 8180014.5726, -13379366.6477 8179829.6047, -13379560.1413 8179774.237, -13379892.2914 8179809.6023, -13380044.2018 8179555.5471, -13380172.3955 8179459.9384, -13380327.5129 8179421.3921, -13380485.447 8179445.8978, -13380621.6566 8179529.6474, -13380731.455 8179682.5858, -13380832.9201 8179691.5, -13380994.6087 8179741.8987, -13381171.9294 8179765.3986, -13381353.8913 8179755.9551, -13381424.8806 8179567.9605, -13381452.932 8179409.1273, -13381446.5301 8179158.6716, -13381386.095 8178932.1825, -13381287.1668 8178741.5261, -13381104.2374 8178510.5953, -13380925.9986 8178419.7861, -13380742.8345 8178232.2978, -13380513.367 8178093.9561, -13380291.296 8178025.7644, -13380041.7246 8178010.2827, -13379847.4667 8178040.9484, -13379491.7137 8178152.6104, -13379472.8597 8178184.5462, -13379334.1447 8178295.3048, -13379188.4485 8178336.6563, -13379017.1015 8178467.6955, -13378846.426 8178516.1288, -13378687.7925 8178496.8344, -13378488.5155 8178384.8835, -13378356.3325 8178329.8799, -13378200.1655 8178290.7058, -13377967.5213 8178261.2958, -13377828.6734 8178182.0657, -13377719.8927 8178056.2932, -13377582.0309 8177942.1911, -13377405.586 8177847.6778, -13377340.7211 8177853.9487, -13377092.5111 8177826.9806, -13376938.2284 8177766.55619999, -13376849.527 8177771.8843, -13376677.8004 8177811.7408, -13376519.1863 8177792.4013, -13376365.0782 8177704.4231, -13376257.1087 8177584.2331, -13375879.0699 8177530.95929999, -13375724.9743 8177442.9705, -13375661.0599 8177365.2273, -13375639.1137 8177300.0198, -13375392.4272 8177304.0341, -13375231.6791 8177340.7454, -13375073.078 8177321.37579999, -13374875.3472 8177210.1783, -13374726.1916 8177149.55, -13374587.085 8177115.8723, -13374350.5804 8177085.8743, -13374196.5114 8176997.8582, -13374132.6165 8176920.10589999, -13374075.9883 8176751.7338, -13374087.458 8176592.0984, -13374159.6226 8176449.3124, -13374281.2641 8176345.5637, -13374433.4772 8176296.9738, -13374592.6083 8176311.092, -13374951.6396 8176482.2975, -13375247.6704 8176537.6374, -13375348.3789 8176474.3788, -13375315.8384 8176351.3457, -13375331.3984 8176238.9658, -13375224.4865 8176168.4109, -13375017.5251 8175832.321, -13375012.7607 8175877.6972, -13374935.945 8176018.01259999, -13374810.9603 8176117.6816, -13374657.2329 8176161.2099, -13374443.4454 8176146.1031, -13374248.2643 8176169.8042, -13374077.6698 8176223.3935, -13373931.1857 8176298.212, -13373758.8367 8176346.991, -13373600.2596 8176327.5918, -13373446.215 8176239.5681, -13373382.3345 8176161.8168, -13373325.7294 8175993.4555, -13373337.2145 8175833.8369, -13373409.3865 8175691.0727, -13373531.0265 8175587.3473, -13373780.6216 8175488.8203, -13373984.3582 8175343.7323, -13374156.769 8175138.55569999, -13374266.5282 8174907.2051, -13374363.6845 8175061.0414, -13374484.2491 8175193.2584, -13374641.0692 8175312.0177, -13374724.9777 8175357.215, -13373987.9544 8174160.1067, -13373962.6144 8174180.3086, -13373808.9209 8174223.8071, -13373650.3894 8174204.4132, -13373511.662 8174125.142, -13373414.3018 8173998.3169, -13373373.44 8173843.6527, -13373395.4239 8173685.1902, -13373476.8335 8173547.5552, -13373568.7584 8173479.1261, -13373558.1924 8173461.9608, -13372125.6099 8171570.0737, -13369837.0281 8168658.6021, -13369207.599 8166460.3964, -13369133.2053 8166481.3982, -13368974.8485 8166461.9196, -13368836.3147 8166382.6376, -13368740.5566 8166269.7273, -13368619.4978 8166163.8028, -13368483.3921 8166078.153, -13368335.5902 8166014.8851, -13368179.7302 8165975.5562, -13368019.6484 8165961.1336, -13367859.2853 8165971.9724, -13367689.3105 8166011.1191, -13367530.9665 8165991.6105, -13367377.2074 8165903.5749, -13367313.4804 8165825.87479999, -13367257.0962 8165657.6941, -13367268.7016 8165498.3027, -13367430.5648 8165160.6, -13367475.6979 8164987.567, -13367493.6006 8164805.9279, -13367565.7853 8164663.4308, -13367687.3333 8164559.9567, -13367839.3544 8164511.584, -13367962.9112 8164522.6625, -13367989.2101 8164344.7084, -13368070.624 8164207.3046, -13368198.7179 8164112.102, -13368353.5866 8164073.892, -13368511.1613 8164098.6118, -13368646.9567 8164182.4206, -13368739.8688 8164312.2958, -13368813.1427 8164559.1894, -13368905.4642 8164603.6955, -13368949.4479 8164516.8285, -13369070.9738 8164413.3344, -13369222.9821 8164364.93469999, -13369348.9251 8164376.2036, -13369419.8282 8164323.4882, -13369574.6942 8164285.2517, -13369732.2768 8164309.946, -13369868.0892 8164393.73439999, -13369961.0251 8164523.5976, -13370030.046 8164791.7721, -13370151.7846 8164802.6273, -13372154.211 8165438.5072, -13372172.4798 8165261.5941, -13372253.8246 8165124.1296, -13372381.8786 8165028.8443, -13372565.9035 8164983.3294, -13372719.8219 8164972.3795, -13372925.9819 8164926.1988, -13372988.1332 8164935.9096, -13373075.9968 8164988.2575, -13373186.6658 8164952.9547, -13373249.3215 8164958.5274, -13373436.7363 8165057.5563, -13373486.3521 8165117.95, -13373593.9698 8165127.5167, -13373735.0646 8165202.0625, -13373836.4389 8165325.4472, -13373882.3349 8165478.4963, -13373875.053 8165653.2791, -13373898.0645 8165830.6415, -13374006.4814 8166131.9974, -13375442.0071 8166700.7285, -13378865.4178 8168503.8207, -13379226.7651 8168792.2763, -13379580.6423 8168712.1837, -13379738.3462 8168736.6764, -13379874.3483 8168820.3256, -13379969.1248 8168952.38, -13380078.2432 8169213.4932, -13380191.4509 8169273.1767, -13380292.9872 8169396.5358, -13380339.0422 8169549.6236, -13380326.487 8169670.0008, -13380710.8391 8169976.7082, -13381186.3652 8170314.5598, -13382285.2693 8170972.5685, -13382302.039 8170944.1403, -13382430.0573 8170848.6078, -13382584.9835 8170810.0641, -13382742.7402 8170834.4982, -13382878.8135 8170918.1138, -13383003.8067 8171092.1173, -13383118.452 8171312.5294, -13383283.9209 8171500.0338, -13383398.8614 8171577.7603, -13383817.9256 8171671.1193, -13383798.6825 8171598.6915, -13383820.4384 8171440.2526, -13383901.6287 8171302.551, -13384029.6319 8171206.9867, -13384341.1436 8171127.4077, -13384524.4182 8171053.84399999, -13384766.6008 8171065.6738, -13384907.9158 8171140.0596, -13385263.6412 8171599.7824, -13385376.7458 8171570.0387, -13385673.3043 8171359.622, -13385825.3356 8171310.8358, -13385984.3752 8171324.7027, -13386125.7067 8171399.0675, -13386248.4254 8171547.9163, -13386326.0245 8171681.6486, -13386427.2524 8171806.86420001, -13386561.0788 8171925.4587, -13386748.1608 8172044.8665, -13386872.1275 8172217.2501, -13386943.0531 8172397.4216, -13387036.4381 8172550.0369, -13387206.0921 8172724.8979, -13387384.0161 8172841.4418, -13387587.3056 8172946.0305, -13387790.7738 8173085.8071, -13387954.6727 8173157.1488, -13388163.9295 8173203.5597, -13388583.5744 8173228.9305, -13388724.9672 8173303.2629, -13388826.6985 8173426.566, -13388872.955 8173579.6775, -13388856.5451 8173738.8055, -13388744.6796 8173977.6404, -13388694.9489 8174222.9905, -13388696.576 8174402.033, -13388734.1542 8174595.3081, -13388824.9488 8174809.3571, -13388961.4874 8174997.4619, -13389136.7726 8175149.9757, -13389367.3186 8175279.287, -13389469.3763 8175402.96199999, -13389567.5179 8175665.4944, -13389545.735 8175876.9322, -13389469.1977 8176017.3902, -13389344.4148 8176117.2985, -13388896.3922 8176259.2514, -13388869.4216 8176446.7673, -13388818.3603 8176533.5057, -13388679.8196 8176644.4096, -13388510.0302 8176692.8292, -13388409.851 8176699.06, -13388369.6118 8176932.86159999, -13388318.5413 8177019.6027, -13388179.984 8177130.5048, -13388026.3221 8177174.3147, -13387867.6986 8177155.2201, -13387728.7715 8177076.1898, -13387624.1799 8176924.0192, -13387594.1349 8177061.4755, -13387695.9009 8177184.8551, -13387742.1599 8177338.0512, -13387720.3214 8177549.5334, -13387622.2571 8177737.014, -13387561.5361 8177924.383, -13387499.951 8178454.8735, -13387425.9894 8178638.5139, -13387254.5085 8178930.9789, -13387189.0537 8179078.334, -13387139.02 8179287.2875, -13387133.445 8179502.1022, -13387154.6309 8179643.9301, -13387201.7367 8179798.1744, -13387295.2859 8179980.2271, -13387346.5149 8180152.0983, -13387497.039 8180499.51820001, -13387692.3672 8180793.9854, -13387750.5374 8181041.3133, -13387805.6599 8181192.8997, -13387904.0771 8181363.5531, -13388077.9242 8181578.3309, -13388124.2208 8181731.6138, -13388107.7818 8181890.9149, -13388031.1581 8182031.474, -13387818.3769 8182208.7359, -13387681.9294 8182374.6506, -13387564.525 8182615.9575, -13387547.9359 8182693.6243, -13387756.2395 8182625.8373, -13387886.5368 8182566.3052, -13388035.7112 8182467.3256, -13388165.4582 8182343.8992, -13388262.3474 8182215.0012, -13388337.9125 8182072.5078, -13388394.6215 8181902.5151, -13388430.6841 8181675.8763, -13388511.8938 8181537.9344, -13388640.0077 8181442.1562, -13388936.5118 8181367.2712, -13389068.1364 8181050.1294, -13389229.5296 8180911.9103, -13389381.7285 8180862.9837, -13389540.9774 8180876.78599999, -13389648.9533 8180933.5288, -13389738.9806 8180822.033, -13389831.2393 8180647.9789, -13389892.0554 8180441.877, -13389914.465 8180214.4584, -13389986.3544 8180071.4566, -13390107.8257 8179967.4025, -13390259.999 8179918.4648, -13390419.2287 8179932.247, -13390560.7683 8180006.607, -13390763.2834 8180240.0809, -13390888.4921 8180341.5115, -13391017.1722 8180417.2452, -13391067.2704 8180477.9251, -13391289.8204 8180360.0588, -13391604.3342 8180121.5532, -13391924.8275 8180040.3518, -13392091.1905 8179974.5395, -13392257.9077 8179869.9752, -13392514.4487 8179651.9321, -13392666.5988 8179602.9477, -13392825.8241 8179616.6775, -13393161.3274 8179774.4171, -13393318.2485 8179810.5426, -13393553.818 8179832.7866, -13393859.2936 8179974.7261, -13394305.0569 8180055.1156, -13394446.984 8180135.4167, -13394580.2432 8180187.8201, -13395031.9392 8180269.0736, -13395179.7627 8180354.9804, -13395312.0978 8180409.6941, -13395486.082 8180451.29819999, -13395735.5739 8180474.6673, -13395877.1741 8180548.9293, -13395979.1238 8180672.24759999, -13396025.5757 8180825.4576, -13396009.3079 8180984.7519, -13395932.3776 8181126.2299, -13395812.8794 8181245.336, -13395718.3978 8181375.9837, -13395645.4777 8181519.8314, -13395600.2263 8181655.9211, -13395567.9046 8181904.4288, -13395579.3538 8182065.3657, -13395614.8851 8182219.783, -13395584.67 8182624.3764, -13395612.3157 8182819.5402, -13395715.1229 8183164.5938, -13395694.5783 8183474.608, -13395741.4743 8183738.9411, -13395794.1496 8183872.3689, -13395864.8511 8183997.1557, -13396141.8192 8184341.1479, -13396188.2996 8184494.4318, -13396172.0294 8184653.805, -13396083.1778 8184850.9265, -13396037.0133 8185060.9346, -13396035.4424 8185275.9752, -13396079.2612 8185489.2887, -13396062.9872 8185648.6826, -13395966.0629 8185830.2061, -13395913.7415 8185963.81669999, -13395877.7104 8186121.1623, -13395866.6928 8186282.2209, -13395887.543 8186478.3272, -13395952.3921 8186683.3686, -13396038.0366 8186840.8582, -13396229.5633 8187107.821, -13396265.8466 8187263.9053, -13396236.1454 8187439.3068, -13396185.0996 8187526.2238, -13396046.4728 8187637.4316, -13395676.9313 8187758.3094, -13395552.3012 8187829.1721, -13395414.1512 8187934.9095, -13395231.5284 8188131.6192, -13395059.2701 8188433.0269, -13394934.3614 8188533.1997, -13394780.5096 8188577.2224, -13394517.9114 8188546.5505, -13394608.0448 8188828.6506, -13394651.2358 8188909.7844, -13394779.7545 8188859.4173, -13395015.4277 8188686.8635, -13395167.7427 8188637.7635, -13395327.1658 8188651.4506, -13395469.4432 8188726.0717, -13395567.7604 8188825.7256, -13395681.5874 8188912.9767, -13395907.5103 8189037.3775, -13396054.1491 8189214.7365, -13396127.2233 8189350.7275, -13396212.6488 8189466.0312, -13396326.8147 8189580.068, -13396442.1647 8189665.3117, -13396584.6299 8189740.9242, -13396719.8223 8189788.6539, -13397008.1589 8189830.7286, -13397231.1722 8189883.9936, -13397421.2266 8189983.6084, -13397639.2419 8190265.0331, -13397746.7633 8190360.01299999, -13397906.6337 8190468.3716, -13398087.3374 8190682.7462, -13398217.6084 8190762.4113, -13398355.2547 8190932.0357, -13398632.8204 8191055.2348, -13398791.165 8191085.7739, -13399145.2559 8191116.358, -13399287.0942 8191190.6538, -13399389.2503 8191314.0953, -13399549.3739 8191795.9211, -13399686.6463 8191960.7166, -13399736.7369 8192102.126, -13400074.1892 8192603.3894, -13400221.4424 8192985.0055, -13400382.258 8193181.1108, -13400563.2641 8193319.6629, -13400786.8542 8193416.5062, -13401151.3008 8193496.8033, -13401321.2793 8193508.3503, -13401501.6335 8193496.07419999, -13401723.038 8193382.5418, -13401938.9566 8193328.2064, -13402097.2458 8193352.2857, -13402270.707 8193453.6415, -13402437.571 8193519.0457, -13402816.3359 8193586.1136, -13402934.9603 8193655.552, -13403105.981 8193624.8019, -13403313.2878 8193633.5916, -13403503.3227 8193606.8193, -13403706.3226 8193624.0128, -13403781.7768 8193657.3181, -13403879.7368 8193774.4099, -13404037.5248 8193787.7667, -13404179.4615 8193861.9927, -13404311.2693 8194015.0395, -13404433.2857 8194120.7462, -13404711.5594 8194279.8899, -13404850.7096 8194454.5835, -13405177.3157 8194515.0107, -13405318.2613 8194601.0153, -13405518.2805 8194787.8311, -13405781.6065 8194951.4293, -13405946.6008 8195136.3822, -13406153.5257 8195277.999, -13406336.4748 8195351.4455, -13406512.2022 8195386.7395, -13406709.2759 8195389.6182, -13406903.5263 8195355.0823, -13407061.8717 8195379.06, -13407198.6635 8195462.4816, -13407411.3101 8195740.4278, -13407620.4211 8195909.027, -13407865.9738 8196017.6573, -13408206.1881 8196078.6081, -13408343.0053 8196162.0157, -13408437.0141 8196291.9156, -13408473.6027 8196448.1234, -13408444.161 8196623.7825, -13408393.2006 8196710.8883, -13408254.5958 8196822.4617, -13408100.6611 8196866.8129, -13407897.7385 8196842.9586, -13407974.9433 8196928.3294, -13408100.6665 8197029.6803, -13408240.6715 8197110.0792, -13408426.1313 8197177.0469, -13408633.6523 8197213.6441, -13408770.4953 8197297.0556, -13408864.5266 8197426.9696, -13408936.4122 8197720.0435, -13409022.7813 8197917.3025, -13409113.4624 8198051.0524, -13409257.4781 8198198.1975, -13409368.8368 8198352.0283, -13409405.4563 8198508.2737, -13409376.03 8198683.9847, -13409325.0673 8198771.1211, -13409180.6349 8198890.4706, -13409082.1839 8198995.0749, -13408955.9645 8199191.15739999, -13408901.467 8199324.1627, -13408865.9763 8199463.4741, -13408850.1842 8199606.3804, -13408854.3994 8199750.1006, -13408907.1911 8199985.0948, -13408999.5893 8200033.3346, -13409102.0288 8200156.78, -13409148.883 8200310.2965, -13409143.3782 8200365.1996, -13409305.3759 8200504.11559999, -13409418.1906 8200640.0517, -13409463.5627 8200808.4622, -13409572.8874 8200865.5281, -13409675.3481 8200988.9789, -13409722.2197 8201142.5085, -13409697.5383 8201388.8671, -13409478.5136 8201589.083, -13409383.3793 8201723.7873, -13409479.4364 8201951.0054, -13409584.0848 8202096.9589, -13409830.7596 8202330.3353, -13409967.997 8202415.6052, -13410116.8629 8202478.3162, -13410255.9909 8202513.8584, -13410506.4195 8202528.3441, -13410925.8133 8202466.4747, -13411080.0827 8202418.635, -13411254.0217 8202324.0933, -13411238.5016 8202105.2752, -13411196.658 8201957.7745, -13411207.3497 8201797.565, -13411279.019 8201653.9483, -13411400.5249 8201549.2414, -13411553.2917 8201499.6145, -13411727.3442 8201497.0516, -13411886.2593 8201468.3898, -13412038.7402 8201415.1739, -13412183.8005 8201336.8995, -13412345.6133 8201295.9319, -13412504.0997 8201319.8081, -13412641.0615 8201403.1908, -13412783.6291 8201563.25, -13412977.8035 8201697.9418, -13413096.3174 8201749.6811, -13413257.7014 8201772.8111, -13413320.3378 8201810.9359, -13413520.4392 8201829.5047, -13413662.621 8201903.6213, -13413765.1628 8202027.0301, -13413812.1254 8202180.5524, -13413796.2075 8202340.3324, -13413719.8793 8202481.5347, -13413595.0013 8202582.211, -13413494.3861 8202612.0222, -13413342.6899 8202728.4681, -13413180.4997 8202920.176, -13413063.632 8203162.5377, -13413013.3586 8203426.9511, -13413023.555 8203642.271, -13413078.2191 8203850.7677, -13413194.9099 8204073.2657, -13413483.646 8204427.0516, -13413530.6195 8204580.6249, -13413514.6919 8204740.456, -13413441.4301 8204875.9762, -13413523.9149 8204926.1777, -13413618.1279 8205056.1586, -13413654.8734 8205212.5199, -13413644.3672 8205275.4869, -13413758.6438 8205405.0421, -13413805.6297 8205558.6334, -13413789.7066 8205718.486, -13413713.3452 8205859.7535, -13413588.4118 8205960.47689999, -13413422.6136 8206003.6309, -13413406.258 8206084.5874, -13413355.2952 8206171.8382, -13413216.5954 8206283.6491, -13413062.4983 8206328.1648, -13412903.2017 8206309.5538, -13412593.7898 8206153.3305, -13412437.5702 8206112.0192, -13412232.8144 8206086.43069999, -13412165.6853 8206140.5298, -13412011.5841 8206185.0229, -13411852.2925 8206166.3894, -13411697.188 8206078.8433, -13411632.6505 8206001.1316, -13411606.5873 8205924.9423, -13411371.3262 8205957.8484, -13411235.2645 8206003.993, -13411106.9356 8206068.6568, -13410820.8852 8206285.8819, -13410413.9866 8206405.43289999, -13410204.7995 8206508.5289, -13409884.1123 8206752.4886, -13409732.3845 8206826.5512, -13409586.5986 8206931.4591, -13409449.9434 8207074.1634, -13409342.9751 8207240.3689, -13409269.6256 8207423.971, -13409234.4126 8207600.3114, -13409231.6136 8207798.0614, -13409266.5332 8207992.7182, -13409377.7193 8208249.10409999, -13409455.9406 8208504.25199999, -13409638.2778 8208560.0942, -13409897.9007 8208687.8799, -13410034.1597 8208852.0265, -13410081.0931 8209005.7142, -13410065.0843 8209165.6352, -13409963.2978 8209331.8563, -13409920.3853 8209514.9827, -13409843.9121 8209656.2855, -13409718.8619 8209756.9983, -13409665.505 8209777.5898, -13409613.1656 8210016.2547, -13409511.568 8210203.9626, -13409421.4246 8210298.454, -13409365.7955 8210418.7523, -13409329.9484 8210576.6754, -13409319.1435 8210720.2618, -13409328.392 8210863.95989999, -13409357.5151 8211004.9726, -13409413.3155 8211156.9879, -13409482.3258 8211283.3128, -13409568.217 8211398.788, -13409682.9296 8211512.9383, -13409814.0587 8211607.7054, -13409941.7969 8211673.7712, -13410165.1304 8211741.3409, -13410379.9433 8211757.5344, -13410593.4219 8211728.6263, -13410929.5479 8211622.4584, -13411089.4849 8211635.8319, -13411278.5748 8211734.4693, -13411513.0648 8212044.5851, -13411619.4096 8212141.5002, -13411738.186 8212222.6446, -13411867.0819 8212286.438, -13412021.0551 8212335.9323, -13412162.9398 8212359.1804, -13412306.6737 8212362.41799999, -13412554.2485 8212319.9646, -13412799.5927 8212209.4283, -13412943.5805 8212101.8471, -13413093.3889 8211935.4093, -13413313.4085 8211745.6983, -13413530.426 8211647.0238, -13413736.7306 8211489.80969999, -13413889.3738 8211440.1633, -13414049.3102 8211453.47249999, -13414191.6841 8211527.6692, -13414294.3722 8211651.2259, -13414308.3281 8211696.1492, -13414352.0852 8211702.7279, -13414489.2614 8211786.1862, -13414583.5815 8211916.2714, -13414650.3383 8212191.8628, -13414725.0743 8212375.0405, -13414822.2015 8212526.4164, -13414975.5479 8212686.0439, -13415118.8694 8212883.6811, -13415165.4277 8213063.963, -13415218.6727 8213197.7611, -13415300.1097 8213337.73269999, -13415402.4053 8213463.2197, -13415566.8265 8213602.7218, -13415773.3196 8213711.6073, -13415928.1837 8213758.3277, -13416375.0982 8213847.2629, -13416554.7468 8213844.923, -13416731.259 8213811.3635, -13416899.2696 8213747.6051, -13417068.179 8213644.9312, -13417214.4233 8213511.8564, -13417332.6287 8213353.2733, -13417553.8369 8212871.8538, -13417516.7287 8212674.689, -13417530.7606 8212461.5631, -13417602.4027 8212317.68, -13417723.9863 8212212.7167, -13417876.6155 8212162.9834, -13418061.5068 8212178.2682, -13418220.638 8212226.644, -13418398.8287 8212249.3251, -13418516.7551 8212243.63, -13418758.1007 8212041.2662, -13418910.7188 8211991.513, -13419086.2414 8212012.7583, -13419164.6732 8211950.7846, -13419310.6463 8211768.4797, -13419450.2825 8211499.4572, -13419571.826 8211394.4767, -13419724.4249 8211344.7116, -13419884.366 8211357.8942, -13420073.5589 8211456.2999, -13420273.119 8211660.0271, -13420410.1046 8211824.5758, -13420457.2715 8211978.2519, -13420441.4824 8212138.2527, -13420365.1872 8212279.7089, -13420240.242 8212380.632, -13420042.2978 8212438.0223, -13420087.7267 8212586.0605, -13420071.9285 8212746.074, -13419951.5155 8212975.0161, -13419892.3527 8213144.9371, -13419838.3645 8213574.2834, -13419848.3084 8213851.1612, -13419882.5386 8213991.0713, -13419935.8746 8214124.8494, -13420054.3421 8214310.8551, -13420188.84 8214361.8393, -13420378.6396 8214394.9043, -13420567.9172 8214493.335, -13420797.4657 8214736.1153, -13420921.8817 8214839.667, -13421093.4908 8214937.8027, -13421326.9132 8215011.0783, -13421516.3046 8215109.5366, -13421619.1629 8215233.0461, -13421666.3783 8215386.7835, -13421636.438 8215709.4715, -13421647.7641 8215907.1215, -13421716.1255 8216149.3637, -13421833.8615 8216358.2183, -13421870.842 8216514.7692, -13421841.6539 8216690.9481, -13421790.7229 8216778.3805, -13421651.2327 8216910.8406, -13421545.0425 8217056.1099, -13421447.4311 8217268.5573, -13421400.2408 8217495.0768, -13421323.9121 8217636.6457, -13421278.3913 8217673.42629999, -13421466.8566 8217938.8553, -13421525.7381 8218081.3276, -13421599.3775 8218205.1498, -13421689.5054 8218317.5008, -13421805.5772 8218425.1934, -13421656.6484 8218408.4767, -13421494.9446 8218414.942, -13421124.7709 8218507.9934, -13420965.197 8218489.53419999, -13420825.1477 8218410.7224, -13420726.3913 8218283.8098, -13420656.8171 8218034.96, -13420584.339 8217870.1679, -13420495.5496 8217734.643, -13420386.6937 8217614.7016, -13420264.4663 8217516.5201, -13420050.1447 8217406.7079, -13419933.8627 8217366.081, -13419735.0698 8217333.8402, -13419579.6395 8217246.3378, -13419514.9207 8217168.5835, -13419456.1511 8217008.4939, -13419379.5212 8216865.73659999, -13419205.5411 8216659.9863, -13419092.5488 8216570.8049, -13418952.0587 8216490.4159, -13418800.7474 8216433.0307, -13418660.1706 8216402.488, -13418408.9222 8216397.0466, -13418180.8084 8216446.7032, -13418016.3132 8216519.2389, -13417872.6741 8216614.7141, -13417562.5577 8216704.8843, -13417442.7672 8216801.572, -13417176.3201 8216895.767, -13416945.4405 8217074.689, -13416903.1325 8217086.9362, -13416786.8609 8217215.1618, -13416671.0029 8217418.2119, -13416614.7024 8217589.22160001, -13416588.0344 8217785.44049999, -13416599.231 8217983.1573, -13416644.9429 8218169.3723, -13416629.062 8218329.5004, -13416536.7851 8218541.4327, -13416494.7073 8218753.2767, -13416493.9112 8218933.3775, -13416526.0467 8219117.1302, -13416509.9987 8219278.9234, -13416433.5579 8219420.4791, -13416278.7758 8219569.2878, -13416166.0533 8219732.0301, -13416086.3954 8219913.33209999, -13416045.1357 8220103.5909, -13416112.4158 8220240.5292, -13416164.1681 8220409.47299999, -13416148.2735 8220569.6491, -13416115.729 8220629.9103, -13416247.7673 8220866.2919, -13416295.5575 8221022.29079999, -13416279.6649 8221182.4803, -13416203.2011 8221324.0704, -13416049.0564 8221448.4439, -13415923.1863 8221520.4024, -13415809.357 8221608.6689, -13415686.1041 8221739.8817, -13415596.129 8221874.7282, -13415484.2993 8222094.058, -13415427.2578 8222283.78980001, -13415407.4014 8222480.9441, -13415428.9731 8222695.9731, -13415536.3725 8223021.42239999, -13415607.7943 8223146.6556, -13415695.9221 8223260.7134, -13415855.6048 8223406.0573, -13416082.9671 8223538.1421, -13416220.883 8223669.5121, -13416387.267 8223776.73969999, -13416519.5606 8223833.6859, -13416658.4796 8223871.6313, -13416927.3342 8223889.2853, -13417191.5861 8223836.6207, -13417429.4519 8223719.7051, -13417602.6927 8223663.2546, -13417762.8977 8223676.4973, -13417905.5449 8223750.7362, -13418008.4686 8223874.4373, -13418055.6701 8224028.3768, -13418039.811 8224188.6338, -13417963.3522 8224330.299, -13417838.1747 8224431.3518, -13417603.0738 8224501.605, -13417455.4034 8224568.2606, -13417251.2325 8224715.5253, -13417108.9583 8224878.0615, -13416939.6401 8225160.6809, -13416815.6259 8225267.7888, -13416720.6672 8225376.2592, -13416601.1628 8225577.4759, -13416526.5389 8225818.2041, -13416511.244 8226051.8535, -13416528.1688 8226195.14289999, -13416564.8371 8226334.6807, -13416628.7864 8226483.7984, -13416707.8351 8226610.9466, -13416756.7304 8226770.5037, -13416740.839 8226930.8179, -13416664.3283 8227072.5234, -13416539.0872 8227173.5933, -13416266.495 8227259.6981, -13416047.9776 8227384.7894, -13415938.8333 8227478.98139999, -13415843.8342 8227587.4739, -13415649.5291 8227905.3894, -13415510.4681 8228017.581, -13415355.9385 8228062.2876, -13415195.7961 8228043.6421, -13415026.5073 8227970.2716, -13414833.4446 8227926.46019999, -13414635.5848 8227920.3514, -13414442.9498 8227951.4701, -13414281.4012 8227932.6406, -13414102.487 8227857.7983, -13413908.6977 8227817.3449, -13413728.7381 8227813.3408, -13413534.3838 8227844.8716, -13413373.3133 8227826.0778, -13413189.7735 8227748.7445, -13412995.9913 8227708.2675, -13412798.0601 8227705.5696, -13412620.2968 8227736.1046, -13412272.0842 8227712.43289999, -13412129.32 8227731.8078, -13411973.7228 8227777.134, -13411811.5414 8227855.3689, -13411653.061 8227969.8286, -13411423.6793 8228037.195, -13411290.7728 8228092.9128, -13411137.6276 8228187.692, -13410842.6282 8228424.4943, -13410688.0593 8228469.1068, -13410325.0721 8228427.4973, -13410023.1498 8228420.6407, -13409861.5262 8228432.5243, -13409703.7465 8228469.5864, -13409505.3511 8228560.9787, -13409380.4223 8228742.7443, -13409145.8993 8229230.7476, -13409104.4743 8229387.7191, -13409079.8614 8229600.3782, -13409003.1755 8229742.0609, -13408877.7825 8229843.0415, -13408723.1708 8229887.6226, -13408563.3743 8229868.8733, -13408267.6709 8229719.1478, -13408109.0791 8229813.8874, -13407882.5427 8229995.3764, -13407727.921 8230039.9381, -13407484.4518 8230012.2269, -13407340.3387 8230011.4168, -13407156.3443 8230040.1474, -13406994.7975 8230021.1581, -13406839.2404 8229933.242, -13406774.5376 8229855.2429, -13406716.7331 8229685.9568, -13406734.8116 8229345.501, -13406717.3488 8229223.6991, -13406382.5211 8229172.6086, -13406226.9888 8229084.6887, -13406162.2867 8229006.6768, -13406082.8023 8228830.3386, -13405980.3974 8228682.007, -13405781.0069 8228497.2134, -13405600.8987 8228280.5787, -13405446.6931 8228156.2135, -13404842.7587 8227854.8533, -13404686.1168 8227813.2694, -13404479.7703 8227787.2928, -13404302.9947 8227852.28939999, -13404165.7987 8227938.6832, -13403909.3088 8228144.0596, -13403754.6995 8228188.5265, -13403594.9492 8228169.6726, -13403439.4698 8228081.7046, -13403374.8186 8228003.6938, -13403317.1066 8227834.4207, -13403327.9904 8227673.6593, -13403400.0506 8227529.6078, -13403516.503 8227429.4522, -13403475.0379 8227379.41969999, -13403417.3289 8227210.1615, -13403428.2099 8227049.4136, -13403500.2623 8226905.3736, -13403702.0776 8226696.8536, -13403832.1386 8226460.3485, -13403892.0486 8226233.9939, -13403899.593 8225999.9473, -13403832.5406 8225685.0979, -13403761.1374 8225500.2022, -13403644.7035 8225318.1601, -13403415.0297 8225061.1274, -13403346.0019 8224892.9235, -13403368.2222 8224731.2231, -13403401.3801 8224653.5806, -13403157.4825 8224619.0802, -13402942.728 8224640.3396, -13402787.1335 8224685.4534, -13402624.9162 8224763.4552, -13402258.2787 8225044.9273, -13402099.1322 8225090.65869999, -13401902.3029 8225098.092, -13401709.5906 8225143.1381, -13401513.4123 8225233.2496, -13401395.7387 8225318.5982, -13401305.0533 8225535.9391, -13401262.504 8225747.9087, -13401264.8776 8225964.1143, -13401315.68 8226188.49589999, -13401299.4549 8226348.7737, -13401222.6504 8226490.3166, -13401084.4344 8226601.3816, -13400860.6146 8226728.0779, -13400701.7843 8226874.5238, -13400639.1641 8226964.5322, -13400671.405 8227003.7939, -13400689.8859 8227064.57109999, -13400668.3134 8227277.4994, -13400591.4875 8227419.054, -13400447.2238 8227534.9592, -13400453.1695 8227695.5472, -13400476.6134 8227796.2753, -13400519.735 8227848.3491, -13400563.7959 8228030.20709999, -13400648.9949 8228276.5769, -13400632.7521 8228436.8987, -13400555.9142 8228578.4754, -13400423.2737 8228704.7705, -13400367.8324 8228780.1679, -13400335.9068 8228881.8535, -13400391.891 8229053.232, -13400375.6414 8229213.5702, -13400313.5594 8229330.9089, -13400358.0224 8229500.1118, -13400327.4225 8229681.6034, -13400284.3717 8229801.9079, -13400399.3163 8229939.38319999, -13400478.6403 8230061.8508, -13400527.2699 8230270.3439, -13400497.5271 8230446.7797, -13400458.8342 8230512.7733, -13400509.6076 8230583.39239999, -13400546.2199 8230740.3598, -13400537.5945 8230791.5284, -13400585.555 8230855.1182, -13400632.4463 8231009.3226, -13400616.1989 8231169.7034, -13400539.3338 8231311.3327, -13399998.8965 8231748.9998, -13399787.4768 8231800.644, -13399745.3134 8231968.5861, -13399743.7712 8232069.13139999, -13399790.9469 8232293.4101, -13399774.6792 8232453.8174, -13399737.0431 8232523.1471, -13399731.2707 8232580.0621, -13399654.3747 8232721.7097, -13399528.8006 8232822.5772, -13399376.8902 8232870.1963, -13399328.5968 8232920.4988, -13399102.7909 8233280.6192, -13398944.5963 8233439.7401, -13398834.2539 8233589.7808, -13398653.8115 8233734.6884, -13398499.0519 8233779.0829, -13398339.191 8233760.1043, -13398199.0775 8233680.703, -13398104.863 8233558.8776, -13397943.2365 8233540.1771, -13397741.7043 8233425.9549, -13397671.8626 8233343.9163, -13397265.6937 8233316.4201, -13396965.8533 8233430.7168, -13396775.7301 8233485.2083, -13396595.421 8233457.7273, -13396468.5401 8233481.5032, -13396299.8982 8233544.9831, -13396130.242 8233647.4771, -13395959.3581 8233807.6211, -13395828.8081 8234002.1712, -13395760.1209 8234169.0265, -13395711.2382 8234381.9445, -13395588.3045 8234608.1056, -13395431.9857 8234827.8991, -13395474.1528 8234966.9063, -13395457.7872 8235127.3645, -13395380.7834 8235269.0191, -13395108.1606 8235463.4854, -13394930.3553 8235519.2946, -13394554.8861 8235842.3883, -13394400.056 8235886.7115, -13394314.3471 8235876.48920001, -13394193.0839 8235979.5862, -13394038.2486 8236023.9028, -13393878.3478 8236004.823, -13393686.7162 8235896.07549999, -13393572.7622 8235768.485, -13393446.5585 8235666.3709, -13393011.1419 8235414.8951, -13392868.6864 8235260.4088, -13392692.5972 8235134.8919, -13392526.0639 8235045.0727, -13392373.5714 8234989.6649, -13392214.3053 8234958.8333, -13392034.1696 8234954.3012, -13391813.0154 8234987.186, -13391757.3143 8234980.5656, -13391710.4452 8235066.6828, -13391584.7207 8235167.4511, -13391429.8851 8235211.7082, -13391270.007 8235192.5734, -13391114.5172 8235104.263, -13391015.1477 8234984.795, -13390641.1706 8235083.0974, -13390446.2013 8235059.7412, -13390260.1559 8234954.0488, -13390032.871 8234738.9273, -13389979.8436 8234835.75909999, -13389840.2541 8234947.5861, -13389679.6025 8235000.669, -13389550.5798 8235065.2291, -13389259.0439 8235285.5047, -13389105.7684 8235326.0746, -13389143.4837 8235461.5205, -13389126.9799 8235621.9789, -13389049.8483 8235763.5807, -13389001.6971 8235832.4095, -13388769.2074 8235908.5208, -13388705.3331 8235900.8533, -13388694.1211 8235983.05259999, -13388635.654 8236135.2824, -13388577.0285 8236201.9552, -13388471.8461 8236275.3228, -13388383.936 8236306.839, -13388212.4916 8236314.7499, -13388129.0268 8236293.2566, -13388053.9535 8236249.2091, -13387910.158 8236071.0952, -13387871.7137 8235926.8618, -13387893.3182 8235642.6239, -13387965.7556 8235498.5585, -13388088.1439 8235393.7348, -13388156.6145 8235371.7209, -13388092.7647 8235259.3141, -13388071.709 8235152.413, -13388079.8498 8235035.6791, -13388104.9514 8234960.5157, -13388174.8045 8234854.4883, -13388288.7505 8234763.2471, -13388368.1309 8234734.7906, -13388457.8805 8234549.3042, -13388475.9493 8234486.04299999, -13388407.61 8234397.4367, -13388366.0672 8234241.6162, -13388387.8709 8234081.8247, -13388496.4736 8233897.2765, -13388551.0494 8233836.9463, -13388487.2105 8233744.0118, -13388374.4799 8233627.2028, -13388102.6114 8233402.9201, -13387978.3345 8233329.6725, -13387845.093 8233274.4623, -13387241.0002 8233159.1688, -13387085.5996 8233070.7955, -13386954.9013 8232901.2672, -13386883.4893 8232717.9918, -13386804.8205 8232575.9366, -13386611.7544 8232342.3712, -13386543.1064 8232139.5326, -13386554.3583 8231978.6929, -13386638.333 8231768.9681, -13383218.9469 8230222.5583, -13382135.8598 8228953.0757, -13382505.712 8226895.0634, -13382407.2823 8226813.2369, -13382341.6037 8226713.1907, -13382244.756 8226363.0406, -13382171.2851 8226249.9521, -13382068.871 8226152.0885, -13381955.325 8226071.6238, -13381724.8938 8225947.6664, -13381445.4821 8225823.7109, -13381297.427 8225712.8053, -13381136.0138 8225623.647, -13380956.7895 8225588.854, -13380777.565 8225586.6793, -13380609.4725 8225632.34539999, -13380357.8905 8225762.8213, -13380277.7405 8225823.7111, -13380227.6466 8225901.9983, -13380218.7412 8226184.7096, -13380177.5529 8226265.1754, -13380099.6292 8226308.6709, -13380008.3473 8226306.4962, -13379819.1042 8226252.1268, -13379722.2562 8226263.0007, -13379636.5401 8226317.3701, -13379575.3145 8226406.5366, -13379555.2771 8226521.8023, -13379567.5222 8226643.5944, -13379697.7659 8227130.7828, -13379740.0674 8227235.1843, -13379802.4062 8227326.5372, -13379976.0645 8227452.6926, -13380043.9694 8227515.7712, -13380090.7237 8227589.7261, -13380091.837 8227672.3825, -13380047.3091 8227752.8645, -13379830.2359 8227968.21249999, -13379779.0291 8228061.7496, -13379742.2935 8228277.1066, -13379704.4451 8228368.472, -13379635.427 8228438.0846, -13379540.8054 8228470.7157, -13379212.413 8228446.7863, -13379118.9046 8228405.4537, -13378874.0016 8228168.3397, -13378761.5688 8228140.0606, -13378648.0231 8228159.6383, -13378258.4048 8228422.8569, -13377996.8039 8228694.7866, -13377875.2247 8228750.1229, -13377840.2965 8230372.7704, -13381010.3329 8232688.1601, -13379252.0514 8235029.3847, -13381476.0231 8235795.63, -13384436.0846 8236601.10279999, -13386177.7702 8239067.8936, -13387035.4062 8239273.3564, -13387071.7365 8239242.2475, -13387225.1407 8239192.9471, -13387602.7793 8239223.7866, -13387824.6794 8239205.4476, -13387987.919 8239230.5686, -13388206.6177 8239338.1119, -13388389.6587 8239379.358, -13388392.9387 8239332.2843, -13388465.4003 8239188.1417, -13388587.8407 8239083.2563, -13388741.2303 8239033.9257, -13388901.7334 8239047.8145, -13389044.4063 8239122.7642, -13389147.0793 8239247.1306, -13389193.7925 8239401.5862, -13389187.6221 8239461.59089999, -13389249.7662 8239466.965, -13389430.5459 8239540.033, -13389588.7272 8239576.4936, -13389750.6555 8239587.71329999, -13389912.3415 8239573.4157, -13390086.8678 8239528.0513, -13390266.5025 8239443.958, -13390385.3608 8239361.977, -13390614.8701 8239166.0982, -13390769.6469 8239116.2747, -13390925.359 8239112.9498, -13391080.3217 8239085.7826, -13391245.9973 8239100.0661, -13391388.6941 8239174.9706, -13391617.2772 8239441.201, -13391861.9878 8239434.5276, -13392245.5966 8239343.33259999, -13392404.8476 8239367.7423, -13392542.3085 8239451.912, -13392636.6163 8239582.7628, -13392673.1128 8239739.9627, -13392643.1505 8239916.5979, -13392565.0253 8240049.5331, -13392515.1574 8240098.3766, -13392499.1434 8240254.8002, -13392373.8835 8240465.4183, -13392282.5565 8240495.3654, -13392258.0145 8240640.0035, -13392045.8439 8240961.5314, -13392012.0168 8241106.36, -13392001.2357 8241315.0623, -13391955.3507 8241585.4235, -13391745.7476 8241923.9186, -13391606.0553 8242035.8884, -13391451.0776 8242080.1908, -13391291.0508 8242061.0429, -13391128.0809 8241977.6408, -13390956.0139 8241923.4732, -13390490.6244 8241862.7072, -13390364.7003 8241791.1761, -13390248.686 8241861.1418, -13390055.299 8242014.136, -13389900.312 8242058.4059, -13389740.2885 8242039.2244, -13389600.1034 8241959.5733, -13389461.4705 8241783.7015, -13389257.4895 8241606.3308, -13389014.6407 8241487.8856, -13388857.0806 8241448.6439, -13388582.3709 8241414.5938, -13388515.9596 8241414.6345, -13388389.6197 8241450.3876, -13388258.6429 8241434.6606, -13388136.9705 8241461.7543, -13387940.1907 8241551.7193, -13387779.7909 8241668.5891, -13387601.9446 8241873.7769, -13387434.7115 8242007.66749999, -13387279.7074 8242051.8829, -13387119.6889 8242032.6445, -13386979.5311 8241952.9433, -13386881.0186 8241825.1691, -13386839.4617 8241669.1848, -13386861.3159 8241509.2368, -13386943.1812 8241370.181, -13387072.3311 8241273.6281, -13387323.0102 8241206.06009999, -13387518.192 8241112.6894, -13387689.7237 8240980.70489999, -13387830.1081 8240815.8788, -13387893.9376 8240697.9674, -13387876.5447 8240629.3935, -13387817.9686 8240558.4172, -13387775.88 8240434.1361, -13387597.3003 8240420.0777, -13387441.7408 8240331.6296, -13387317.2237 8240185.6761, -13386138.8736 8240049.6599, -13384452.3268 8242398.7494, -13381435.9991 8241342.0822, -13380892.2577 8241674.8355, -13380865.9695 8241672.2072, -13380897.8878 8241810.6809, -13380827.6424 8242246.1887, -13380844.16 8242529.3257, -13380826.137 8242702.692, -13380748.7747 8242844.348, -13380622.7668 8242945.0427, -13380467.6988 8242989.1222, -13380283.0102 8242969.77939999, -13380138.6754 8242973.4921, -13379978.7323 8243001.6566, -13379630.5305 8243100.2916, -13379470.5053 8243080.8849), (-13402073.219 8224277.2944, -13402499.2479 8224331.2622, -13402713.9951 8224310.0168, -13402903.0715 8224251.5957, -13403092.4519 8224147.9744, -13403256.1818 8224007.1721, -13403394.7725 8223814.7501, -13403286.6525 8223624.6817, -13403131.2309 8223434.8292, -13403073.5629 8223265.6569, -13403084.448 8223104.9945, -13403156.4713 8222961.0349, -13403282.3024 8222852.8239, -13403415.8132 8222788.9598, -13403549.8341 8222697.9012, -13403655.7326 8222600.1883, -13403747.0228 8222488.66219999, -13403830.0627 8222349.3982, -13403884.8097 8222216.0112, -13403923.5723 8222058.5164, -13403937.2628 8221896.8893, -13403928.0988 8221752.969, -13403899.0302 8221611.7295, -13403739.3725 8221179.051, -13403750.2415 8221018.4333, -13403826.1927 8220836.5046, -13403864.6607 8220660.5166, -13403872.713 8220498.54, -13403851.891 8220319.602, -13403763.552 8220064.7413, -13403679.8209 8219925.9548, -13403493.619 8219684.3242, -13403451.8536 8219528.9029, -13403473.2975 8219369.3927, -13403590.4548 8219158.0201, -13403654.3491 8218970.5709, -13403690.4823 8218645.0583, -13403761.7968 8218388.86029999, -13403792.7043 8217978.7045, -13403891.1596 8217778.1346, -13403938.835 8217642.1443, -13403961.0832 8217497.0464, -13403810.247 8217254.3825, -13403754.7797 8217047.9993, -13403776.2115 8216888.5421, -13403857.4974 8216749.7753, -13403986.0002 8216653.2652, -13404141.7511 8216614.0064, -13404339.4534 8216639.2896, -13404426.8725 8216468.6114, -13404548.7148 8216363.7992, -13404701.5245 8216314.3052, -13404861.5554 8216327.8193, -13405131.1396 8216454.8676, -13405311.2192 8216305.1804, -13405464.0221 8216255.6712, -13405624.0521 8216269.1687, -13405982.1332 8216455.4146, -13406133.3533 8216513.0651, -13406384.9911 8216562.7754, -13406521.8346 8216606.5913, -13406673.7147 8216550.7041, -13406799.9312 8216481.5652, -13406974.7901 8216353.6166, -13407156.0711 8216307.8447, -13407303.463 8216298.6659, -13407444.3358 8216269.5044, -13407579.7846 8216220.9842, -13407707.1725 8216154.0505, -13407864.6468 8216034.4031, -13407996.4334 8215886.8536, -13408097.6898 8215716.8265, -13408164.6968 8215530.5722, -13408190.4608 8215388.8154, -13408195.5949 8215226.837, -13408178.8614 8215083.7342, -13408130.8891 8214893.8567, -13408153.0122 8214728.528, -13408215.1582 8214574.0793, -13408251.046 8214416.0756, -13408261.8178 8214254.3965, -13408247.2102 8214093.0236, -13408207.584 8213935.9296, -13408143.9169 8213786.9822, -13408057.7772 8213649.8476, -13407908.556 8213467.7032, -13407841.7774 8213288.4583, -13407752.8267 8213132.0938, -13407572.1828 8212932.3552, -13407346.0987 8212786.2563, -13407194.9466 8212728.6576, -13407054.4819 8212697.9062, -13406911.1122 8212687.0348, -13406767.6273 8212696.2551, -13406524.6205 8212759.9781, -13406395.0264 8212822.367, -13406264.6558 8212910.6423, -13406110.2568 8212955.0924, -13405950.8307 8212936.3186, -13405742.4286 8212821.519, -13405573.9833 8212758.9687, -13405226.1062 8212706.199, -13405070.9369 8212618.4387, -13405006.4084 8212540.6007, -13404931.748 8212321.7286, -13404919.7298 8212110.8815, -13404875.1284 8211899.066, -13404889.5231 8211685.9758, -13405081.1496 8211331.0402, -13405151.4289 8211146.1223, -13405183.6752 8210969.1233, -13405183.1338 8210771.267, -13405154.6233 8210611.8438, -13405101.5707 8210458.854, -13405025.2837 8210316.0639, -13404926.798 8210182.1154, -13404883.7643 8210022.0739, -13404883.1232 8209863.1853, -13404857.4046 8209703.306, -13404813.8182 8209566.1101, -13404751.5978 8209436.3279, -13404658.125 8209305.79, -13404590.7753 8209258.8146, -13404390.2004 8209180.27839999, -13404195.6492 8209146.4381, -13403980.388 8209152.643, -13403788.1006 8209197.6345, -13403576.9768 8209296.91049999, -13403393.5502 8209441.2165, -13403256.9767 8209608.0302, -13403089.9401 8209908.2909, -13402964.7908 8210008.8956, -13402810.5498 8210053.224, -13402484.3567 8210022.3784, -13402321.5901 8210180.249, -13402195.0071 8210376.5211, -13402124.6601 8210561.3936, -13402092.342 8210738.3717, -13402092.801 8210936.22969999, -13402126.4366 8211114.7755, -13402110.1883 8211275.365, -13402033.547 8211416.6253, -13401913.6964 8211528.8585, -13401804.6783 8211671.864, -13401729.0911 8211815.0629, -13401681.4092 8211950.9328, -13401644.8471 8212199.8752, -13401651.4445 8212343.7528, -13401682.3665 8212501.6132, -13401666.0905 8212662.3899, -13401552.3966 8212875.1967, -13401494.78 8213026.5793, -13401443.4642 8213359.4604, -13401381.0844 8213501.8025, -13401342.9655 8213640.7036, -13401322.7912 8213855.6231, -13401347.6637 8214070.0541, -13401397.1418 8214217.095, -13401545.9331 8214179.6473, -13401704.6676 8214203.7895, -13401841.7552 8214287.5131, -13401935.8913 8214417.8086, -13402009.68 8214649.5569, -13401993.4881 8214809.5869, -13401916.81 8214950.9141, -13401791.5611 8215051.57, -13401670.1801 8215086.4365, -13401575.8862 8215296.7617, -13401591.7762 8215364.86169999, -13401562.1084 8215540.9467, -13401510.3079 8215629.3143, -13401493.0979 8215719.025, -13401398.9377 8215884.7515, -13401338.6666 8216035.16399999, -13401305.3992 8216175.361, -13401283.342 8216373.2051, -13401169.483 8216586.2989, -13401117.0555 8216720.5022, -13401102.1587 8216783.2732, -13401155.9912 8216960.2941, -13401139.7772 8217120.37259999, -13401068.2023 8217252.2605, -13401056.3028 8217426.64729999, -13400979.5806 8217568.016, -13400844.395 8217697.0023, -13400837.0179 8217763.354, -13400724.5942 8217973.776, -13400672.1495 8218108.0017, -13400638.8613 8218248.2354, -13400615.5255 8218458.5264, -13400501.7666 8218671.3946, -13400449.3133 8218805.6315, -13400416.018 8218945.8776, -13400392.8567 8219154.3892, -13400308.4524 8219393.0735, -13400406.7384 8219489.1333, -13400539.9914 8219673.6373, -13400554.4056 8219735.446, -13400509.1315 8220003.9537, -13400402.0764 8220110.0813, -13400430.9763 8220170.4466, -13400656.0474 8220486.9537, -13400692.607 8220643.7088, -13400660.2952 8220835.367, -13400610.4027 8220973.1777, -13400757.1471 8221097.90209999, -13400893.4444 8221262.4903, -13400940.2758 8221416.49539999, -13400934.3414 8221475.0781, -13401169.1657 8221596.5933, -13401378.6058 8221648.0829, -13401567.833 8221747.098, -13401670.462 8221871.0016, -13401717.3136 8222025.0138, -13401701.1038 8222185.2024, -13401624.3477 8222326.6693, -13401454.3759 8222491.7194, -13401327.5686 8222688.3079, -13401248.1512 8222908.4391, -13401212.0754 8223178.3821, -13401218.2094 8223394.4392, -13401275.2528 8223621.4461, -13401371.9695 8223814.6727, -13401519.4492 8223996.2662, -13401703.934 8224139.9697, -13401915.9657 8224238.4127, -13402073.219 8224277.2944), (-13406124.0542 8206375.2391, -13406174.4337 8206049.2118, -13406246.2405 8205905.5579, -13406367.8878 8205800.8698, -13406537.2673 8205745.9701, -13406694.9084 8205747.2024, -13406854.8352 8205724.2064, -13407175.78 8205622.4199, -13407395.9598 8205501.8005, -13407591.9705 8205317.5768, -13407726.1534 8205105.1495, -13407805.045 8204866.5191, -13407823.9635 8204615.8656, -13407781.7912 8204368.0809, -13407723.4411 8204217.18639999, -13407631.8996 8204062.5842, -13407514.9542 8203926.256, -13407390.9058 8203822.6201, -13407159.6773 8203679.4189, -13407013.0882 8203611.472, -13406840.0508 8203563.949, -13406601.1162 8203533.7412, -13406446.1264 8203446.1128, -13406381.6662 8203368.3805, -13406324.0941 8203199.6863, -13406337.0913 8203006.8193, -13406383.7128 8202754.5662, -13406382.0476 8202610.7345, -13406360.4173 8202468.5373, -13406319.2439 8202330.742, -13406250.5773 8202184.3175, -13406159.8941 8202050.4583, -13406049.4278 8201932.4586, -13405828.9349 8201778.7159, -13405617.3222 8201697.3053, -13405420.9343 8201589.2716, -13405270.0262 8201531.713, -13405129.7813 8201500.9649, -13404986.6298 8201490.0663, -13404843.3573 8201499.2293, -13404685.5 8201533.28059999, -13404502.7982 8201607.7876, -13404337.64 8201715.8466, -13404196.0999 8201853.4825, -13404175.5151 8201910.5957, -13404094.6851 8202440.51039999, -13404020.8646 8202617.3234, -13403988.238 8202766.5543, -13404012.7768 8202876.9586, -13403987.5349 8203059.7166, -13404011.1883 8203203.0212, -13403981.6183 8203378.8258, -13403930.5606 8203465.9827, -13403785.2126 8203582.8459, -13403653.1917 8203643.3828, -13403532.2678 8203720.9829, -13403423.2987 8203814.6864, -13403328.4051 8203922.67099999, -13403268.8105 8204046.5739, -13403222.7472 8204257.1657, -13403219.7868 8204454.8292, -13403249.8385 8204632.0572, -13403348.317 8204958.4959, -13403332.1544 8205118.4651, -13403314.9967 8205160.5013, -13403350.068 8205310.6733, -13403311.7947 8205636.3712, -13403323.4187 8205779.8008, -13403354.8568 8205920.2166, -13403464.7965 8206165.9401, -13403682.3296 8206444.3843, -13403729.1163 8206598.0675, -13403711.1659 8206828.7509, -13403773.619 8206953.4433, -13403855.2961 8207071.8493, -13404153.37 8207430.8613, -13404298.1018 8207565.3626, -13404514.7251 8207692.424, -13404755.6034 8207763.2057, -13404988.4936 8207774.8042, -13405235.1926 8207728.3045, -13405463.3282 8207623.3925, -13405659.3436 8207466.305, -13405773.1412 8207327.221, -13405868.3612 8207153.987, -13405928.8325 8206965.7387, -13405955.1002 8206743.2679, -13406124.0542 8206375.2391)), ((-13372438.1856 8175606.9029, -13372596.8748 8175566.7743, -13372758.4301 8175591.8891, -13372893.3618 8175674.8618, -13372985.8606 8175805.1087, -13373021.5873 8175963.3471, -13372988.9041 8176137.5964, -13372940.7317 8176221.8098, -13372799.483 8176335.7384, -13372644.2199 8176378.8308, -13372490.4315 8176357.4051, -13372347.2977 8176279.342, -13372251.9361 8176153.5927, -13372209.9159 8175996.9054, -13372232.129 8175839.56889999, -13372314.7195 8175701.198, -13372438.1856 8175606.9029)), ((-13413653.3029 8193636.1539, -13413554.9453 8193629.5076, -13413377.8372 8193656.7118, -13413005.6458 8193763.2989, -13412846.6194 8193744.71, -13412691.7675 8193657.3233, -13412531.9656 8193473.5956, -13412378.3866 8193349.9362, -13411932.1007 8193135.1799, -13411740.9838 8193174.3756, -13411581.9726 8193155.7607, -13411406.9977 8193044.0868, -13411237.726 8192960.9706, -13411066.6696 8192907.5949, -13410551.22 8192842.1883, -13410368.2272 8192757.2966, -13410213.8357 8192710.5778, -13409806.341 8192657.7771, -13409651.5461 8192570.3381, -13409587.1507 8192492.745, -13409529.5977 8192324.321, -13409540.3176 8192164.3202, -13409732.0713 8191773.94479999, -13409796.5038 8191533.1622, -13409632.6907 8191512.6027, -13409336.9367 8191360.41749999, -13409164.1733 8191313.0189, -13408909.08 8191280.981, -13408754.324 8191193.5378, -13408689.95 8191115.9507, -13408611.6144 8190887.8298, -13408557.0595 8190903.5499, -13408398.1028 8190884.8705, -13408258.7078 8190806.0941, -13408160.5412 8190679.4671, -13408102.8081 8190465.0632, -13408068.5488 8190257.7236, -13407859.1295 8190163.6385, -13407683.5391 8190125.2562, -13407528.6881 8190037.7246, -13407463.3662 8189958.9679, -13407376.8626 8189782.81490001, -13407269.9135 8189638.9127, -13407153.6174 8189527.0649, -13407020.1661 8189434.1706, -13406818.9015 8189240.1986, -13406704.9437 8189153.1189, -13406344.2272 8188967.7962, -13406253.9905 8188858.9634, -13406009.2759 8188773.8362, -13405734.1206 8188738.0177, -13405439.2378 8188586.115, -13405266.5616 8188538.6405, -13405011.6228 8188506.4825, -13404856.969 8188418.9874, -13404792.6595 8188341.3934, -13404763.0935 8188255.0956, -13404479.4919 8188231.6838, -13404324.8499 8188144.1805, -13404078.1863 8187802.1569, -13403945.8814 8187681.3119, -13403797.1942 8187585.963, -13403728.6808 8187495.9795, -13403557.7299 8187474.4254, -13403403.1144 8187386.9111, -13403338.829 8187309.3145, -13403281.4597 8187140.9538, -13403290.0337 8186846.9633, -13403239.5421 8186601.3508, -13403140.7774 8186390.4811, -13402997.2 8186207.2755, -13402864.6443 8186096.3781, -13402604.4996 8186025.9426, -13402336.4232 8186026.5544, -13402005.8807 8186104.2116, -13401812.17 8186081.2702, -13401672.9328 8186002.4163, -13401574.9415 8185875.7785, -13401533.4256 8185721.043, -13401581.9291 8185341.7259, -13401378.8638 8185250.9871, -13401174.2304 8185135.0795, -13401073.1825 8185004.4725, -13400964.8453 8184777.6863, -13400900.4526 8184588.5096, -13400908.2622 8184220.0393, -13400877.1972 8184061.6796, -13400829.1093 8183926.5238, -13400748.3961 8183778.326, -13400640.8373 8183717.391, -13400525.2416 8183614.1288, -13400389.9663 8183526.5076, -13400242.6765 8183461.1623, -13400086.7218 8183418.9641, -13399901.7574 8183314.1531, -13399835.4514 8183241.2732, -13399690.3801 8183244.0866, -13399465.0568 8183297.3209, -13399063.4311 8183243.85, -13398882.2865 8183242.8056, -13398672.8399 8183217.9085, -13398479.2364 8183125.7539, -13398267.9297 8183188.5485, -13398154.8154 8183169.9258, -13398078.5182 8183136.175, -13397996.2771 8183037.8003, -13397884.66 8183023.3002, -13397730.2019 8182935.7154, -13397666.0141 8182858.1131, -13397608.8092 8182689.8042, -13397619.7779 8182530.0202, -13397696.4661 8182377.0745, -13397786.8461 8182270.3816, -13397863.5874 8182149.2694, -13398045.5507 8181747.0038, -13398166.9316 8181642.7967, -13398345.8323 8181585.0477, -13398507.727 8181562.1869, -13398661.6539 8181514.7494, -13398836.7859 8181424.9665, -13398961.661 8181327.4476, -13398928.9213 8181183.0243, -13398919.8401 8181006.4201, -13398884.3924 8180824.8284, -13398898.924 8180612.63270001, -13398970.6415 8180469.5414, -13399091.989 8180365.338, -13399244.1059 8180316.2147, -13399407.2479 8180327.1549, -13399476.0257 8180268.0873, -13399628.1383 8180218.9569, -13399787.3858 8180232.5375, -13399852.0298 8180266.3954, -13400069.8586 8180154.0964, -13400237.0239 8180100.0892, -13400396.2695 8180113.65649999, -13400584.4136 8180212.1772, -13400729.0752 8180351.3293, -13400859.5349 8180445.8783, -13400986.6556 8180511.8401, -13401121.7045 8180559.4347, -13401379.0757 8180605.5537, -13401521.9903 8180614.0057, -13401682.3708 8180599.6026, -13401855.4474 8180554.3616, -13402064.0377 8180451.8767, -13402256.6739 8180292.0767, -13402386.8813 8180121.2945, -13402516.3304 8179857.6959, -13402677.4714 8179719.1871, -13402819.7443 8179660.6508, -13402942.9129 8179587.5851, -13403117.8724 8179434.5051, -13403206.7154 8179322.0741, -13403279.0717 8179198.352, -13403333.5338 8179065.7477, -13403371.4516 8178912.9633, -13403448.9547 8178758.0982, -13403570.2102 8178653.848, -13403722.2602 8178604.646, -13403881.4781 8178618.1366, -13404023.1192 8178692.2232, -13404269.0663 8179015.5487, -13404408.477 8179154.5111, -13404556.1159 8179255.6135, -13404925.9059 8179442.0597, -13405058.194 8179601.6795, -13405175.8569 8179778.3227, -13405278.9648 8179881.0738, -13405379.689 8179924.6319, -13405603.3976 8179970.6309, -13405739.8856 8180053.9161, -13405946.0758 8180337.0261, -13405982.5243 8180492.9158, -13405968.5265 8180601.7971, -13406062.1725 8180780.8139, -13406228.4226 8180968.0198, -13406454.1742 8181128.489, -13406589.8374 8181292.1103, -13406636.5102 8181445.25990001, -13406620.4694 8181604.584, -13406584.9294 8181688.522, -13406809.6851 8181819.857, -13406903.4792 8181949.5329, -13406939.9566 8182105.4511, -13406905.6651 8182309.7174, -13406846.0778 8182514.0797, -13406829.4378 8182692.5391, -13406857.9253 8182940.8211, -13406954.1575 8183014.3569, -13407187.942 8183140.559, -13407290.1111 8183263.7574, -13407336.8117 8183416.9423, -13407320.7829 8183576.3097, -13407214.6259 8183784.69, -13407157.6375 8183973.3833, -13407137.6869 8184187.4579, -13407162.7373 8184401.6056, -13407132.8884 8184579.4516, -13407071.6111 8184729.7306, -13407216.7203 8184918.0405, -13407263.431 8185071.2599, -13407247.265 8185231.9863, -13407157.384 8185492.7747, -13407092.4418 8185946.1312, -13407099.4974 8186066.3495, -13407195.4322 8186238.5464, -13407309.697 8186376.5837, -13407446.1576 8186492.6463, -13407641.2185 8186614.5317, -13407811.6577 8186779.1565, -13408027.7225 8186905.7776, -13408162.9301 8186953.2797, -13408310.1317 8186982.2703, -13408453.7183 8187057.259, -13408555.964 8187180.5029, -13408683.4743 8187591.1921, -13408799.7664 8187813.2858, -13408952.8859 8187988.6255, -13409172.6629 8188148.2681, -13409309.1488 8188312.7494, -13409373.5366 8188464.022, -13409459.395 8188600.6866, -13409773.8496 8188950.2801, -13409820.6402 8189103.564, -13409791.4783 8189480.8428, -13409805.6839 8189623.7224, -13409845.1991 8189780.2992, -13409934.9133 8189975.8009, -13410159.4782 8190278.4735, -13410302.7637 8190352.6646, -13410405.0863 8190475.9352, -13410451.9003 8190629.2457, -13410447.8714 8190717.5575, -13410684.6415 8190732.8614, -13410879.0775 8190701.3282, -13411047.7054 8190640.8524, -13411215.8439 8190543.0841, -13411378.3077 8190490.31889999, -13411538.2575 8190503.6974, -13411691.3947 8190565.4119, -13411844.2995 8190600.517, -13411991.4174 8190677.2578, -13412243.6993 8190994.9246, -13412371.9082 8191120.228, -13412519.8934 8191221.3234, -13412878.619 8191406.6579, -13412949.5315 8191487.7823, -13413036.507 8191477.0541, -13413196.3029 8191501.1187, -13413333.0876 8191584.3839, -13413463.4379 8191764.2516, -13413549.1847 8191916.80610001, -13413826.0408 8192055.4137, -13413999.6455 8192099.6782, -13414211.564 8192120.548, -13414549.569 8192284.8194, -13414723.183 8192329.068, -13414936.2187 8192350.0098, -13415078.2297 8192424.01, -13415180.6591 8192547.2456, -13415279.32 8192857.8608, -13415369.4748 8193033.359, -13415490.8945 8193187.7522, -13415543.909 8193084.1472, -13415665.2162 8192979.49679999, -13415817.4692 8192929.9452, -13415977.0089 8192943.1915, -13416119.0416 8193017.1772, -13416268.9026 8193194.9052, -13416327.3971 8193189.7614, -13416633.3958 8193098.8261, -13416792.9399 8193112.0549, -13416934.9831 8193186.0261, -13417037.4534 8193309.2476, -13417084.4225 8193462.5694, -13417035.4129 8193815.2253, -13417133.2149 8193932.8289, -13417193.7141 8194128.1912, -13417256.6199 8194155.2706, -13417465.2295 8194198.6445, -13417602.1103 8194281.858, -13417696.2526 8194411.6034, -13417733.024 8194567.72029999, -13417703.8083 8194743.3657, -13417628.9986 8194849.8557, -13417743.3106 8195206.0828, -13417818.343 8195369.1237, -13417898.0369 8195488.59969999, -13418139.6028 8195780.0289, -13418186.6116 8195933.3933, -13418170.7974 8196093.0457, -13418094.6141 8196234.1707, -13417969.9002 8196334.8314, -13417816.0389 8196379.3797, -13417656.9473 8196360.8897, -13417501.986 8196273.5761, -13417437.4776 8196196.0165, -13417325.4964 8195870.9982, -13417256.6794 8195724.8073, -13417154.5317 8195577.28059999, -13417041.9608 8195461.5001, -13416897.4414 8195355.3246, -13416736.7168 8195275.9001, -13416582.2364 8195229.301, -13416429.0463 8195206.4656, -13416213.9416 8195089.1571, -13416124.0169 8195078.6861, -13416035.1534 8195028.5914, -13415705.4352 8194976.8945, -13415565.8887 8194898.2171, -13415467.5442 8194771.6228, -13415378.8973 8194469.6608, -13415258.4485 8194249.5534, -13415088.4316 8194065.1767, -13414878.9476 8193927.4782, -13414694.7081 8193857.4687, -13414478.6472 8193820.52, -13414180.4187 8193671.7511, -13413653.3029 8193636.1539)), ((-13424713.1776 8222740.231, -13424569.214 8222739.7531, -13424391.462 8222767.3478, -13424221.1915 8222825.4405, -13424063.5739 8222912.26739999, -13423826.5991 8223089.2245, -13423655.2305 8223139.0077, -13423495.5512 8223120.5947, -13423355.3876 8223041.7855, -13423256.5253 8222914.8312, -13423174.1949 8222615.681, -13423104.4972 8222449.5713, -13422995.9072 8222283.9531, -13422768.6697 8222029.3256, -13422710.5707 8221860.3516, -13422721.0288 8221699.7036, -13422792.6525 8221555.5918, -13422947.7366 8221419.6371, -13423044.4285 8221312.8228, -13423134.2591 8221177.9002, -13423201.9117 8221030.5635, -13423245.7216 8220874.4417, -13423263.7629 8220731.3967, -13423261.7558 8220587.2315, -13423239.7404 8220444.7518, -13423170.2462 8220240.2356, -13423070.4873 8220069.202, -13422953.0043 8219932.8412, -13422767.7471 8219789.4701, -13422701.982 8219710.5294, -13422643.9042 8219541.607, -13422636.1385 8219283.0219, -13422567.7154 8219040.6881, -13422442.8091 8218822.14, -13422257.6328 8218631.3558, -13422478.5536 8218648.3221, -13422692.1719 8218619.0334, -13422895.0397 8218545.8875, -13423091.8986 8218421.929, -13423247.5732 8218382.2605, -13423406.4543 8218405.9455, -13423590.8372 8218513.2117, -13423741.2042 8218573.1506, -13423899.0815 8218608.7843, -13424108.8149 8218627.9077, -13424251.4234 8218701.9749, -13424354.3777 8218825.5029, -13424401.6743 8218979.295, -13424385.9601 8219139.4521, -13424309.673 8219281.0821, -13424163.8197 8219406.0495, -13424047.7826 8219543.6296, -13423965.1587 8219683.0555, -13423910.7943 8219816.5342, -13423869.7472 8219991.9008, -13423859.7211 8220171.7479, -13423881.0232 8220350.6113, -13423939.8414 8220539.7422, -13424014.0986 8220683.8392, -13424098.2999 8220800.771, -13424197.9294 8220904.8258, -13424326.0295 8221003.9834, -13424551.6691 8221115.1677, -13424708.2669 8221156.2946, -13424899.1756 8221176.7118, -13425041.8413 8221250.7874, -13425144.845 8221374.34529999, -13425244.2633 8221685.7583, -13425344.9124 8221876.8722, -13425496.0556 8222055.3081, -13425683.401 8222195.1092, -13425897.3432 8222289.1046, -13426132.5452 8222332.9675, -13426285.8318 8222409.3823, -13426421.801 8222456.7533, -13426580.9164 8222486.8009, -13426742.7656 8222491.5399, -13426938.4792 8222462.843, -13427141.4056 8222389.5409, -13427295.8514 8222297.2002, -13427491.5303 8222133.0071, -13427644.2897 8222083.0017, -13427804.4713 8222096.0245, -13428047.8277 8222221.3907, -13428182.0719 8222273.45269999, -13428340.0469 8222309.0063, -13428530.2391 8222326.414, -13428885.1264 8222492.0173, -13429281.6606 8222562.933, -13429419.2009 8222646.2247, -13429513.921 8222776.2969, -13429551.0985 8222932.9385, -13429522.0732 8223109.295, -13429471.1925 8223196.8541, -13429332.4344 8223309.2258, -13428959.5809 8223418.274, -13428825.9421 8223471.9374, -13428671.4923 8223564.3249, -13428403.1794 8223773.8799, -13427892.534 8223934.7507, -13427736.4769 8224024.4103, -13427458.0456 8224239.1654, -13427286.6778 8224289.0408, -13427126.9676 8224270.7043, -13426971.3072 8224183.283, -13426906.4504 8224105.5254, -13426780.2789 8223746.1683, -13426686.4088 8223571.7188, -13426535.2057 8223393.27269999, -13426332.1654 8223244.539, -13426116.5851 8223154.3003, -13425894.6133 8223114.11, -13425681.3117 8222997.3083, -13425529.8182 8222940.01619999, -13425167.6623 8222883.6751, -13425010.7804 8222807.3521, -13424855.6742 8222760.7726, -13424713.1776 8222740.231)), ((-13405301.4312 8236913.1265, -13405145.4783 8236824.9454, -13404971.3377 8236662.5499, -13404784.7921 8236553.1763, -13404485.824 8236464.3893, -13404284.1147 8236350.3054, -13404219.3802 8236272.2175, -13404120.7645 8236040.8263, -13404127.0381 8235850.67899999, -13404052.4189 8235767.0002, -13403994.6263 8235597.5582, -13404005.5019 8235436.628, -13404070.6346 8235306.3861, -13403999.3516 8235147.7568, -13403810.4686 8234886.8204, -13403759.5578 8234720.6432, -13403774.0102 8234506.8991, -13403846.1243 8234362.7094, -13403968.262 8234257.646, -13404121.4413 8234208.0342, -13404281.8589 8234221.5823, -13404424.5842 8234296.1848, -13404561.2123 8234460.988, -13404651.8037 8234638.557, -13404931.8207 8234708.7151, -13405121.4309 8234807.802, -13405297.5513 8235000.4792, -13405489.6464 8235134.4032, -13405575.0271 8235169.0115, -13405829.2286 8235138.4958, -13406192.4976 8235182.6222, -13406413.2167 8235159.6355, -13406485.06 8235068.2939, -13406665.387 8234913.062, -13406777.5758 8234876.681, -13406812.9391 8234836.3926, -13407005.2625 8234484.7713, -13407127.3564 8234379.6548, -13407280.5149 8234329.9773, -13407440.9391 8234343.457, -13407583.6969 8234417.9987, -13407686.6056 8234542.022, -13407733.6688 8234696.2523, -13407714.7793 8234884.5365, -13407654.6229 8234987.3708, -13407606.5158 8235026.0993, -13407667.5392 8235286.5726, -13407650.8085 8235453.3263, -13407574.038 8235595.1074, -13407428.4943 8235728.2511, -13407319.2425 8235871.8108, -13407223.4111 8236065.8715, -13407168.5524 8236285.8259, -13407090.931 8236429.1572, -13406965.4004 8236530.2001, -13406810.6382 8236574.7856, -13406424.9802 8236535.8739, -13406331.2751 8236547.6859, -13406240.466 8236674.7789, -13406073.6957 8236808.9847, -13405884.9452 8236863.3368, -13405764.0227 8236857.17679999, -13405684.7132 8236835.57819999, -13405616.1525 8236887.4002, -13405461.374 8236931.96, -13405301.4312 8236913.1265)))"
63,21169,1760,2023-10-15 06:33:14,HWF036,Long Lake,249396.7,2023-09-24,0730,0 - hand sketch of any type,Wildfire,Being Held,2023/10/08 08:07:02,E,205938.0,1683131160000,Under Investigation,1,8125f87b-643f-4431-a795-17962ca9f5ba,9150024938.32813,1085592.29191318,"MULTIPOLYGON (((-13362410.0691 8140169.6476, -13362225.3267 8140129.04649999, -13361584.0338 8140064.09359999, -13361385.5857 8139950.2325, -13361322.1487 8139872.7427, -13361266.1101 8139705.0905, -13361277.8183 8139546.2585, -13361433.6274 8139225.9188, -13361481.7565 8139054.3372, -13361502.7168 8138858.4403, -13361674.6286 8138490.4124, -13361711.1805 8138334.2198, -13361726.5024 8138168.5358, -13361895.017 8137807.1778, -13361959.4091 8137453.2238, -13362076.129 8137256.6377, -13362190.8174 8137126.9501, -13362284.2497 8136975.3392, -13362354.945 8136792.6487, -13362389.5431 8136599.8056, -13362376.4828 8136333.3059, -13362295.0215 8136079.28159999, -13362225.3469 8135954.9475, -13362139.0803 8135841.5385, -13361938.6777 8135665.8309, -13361733.2417 8135560.0889, -13361526.9536 8135505.8905, -13361313.9261 8135495.8376, -13361070.2904 8135531.758, -13360841.3759 8135503.32, -13360617.5458 8135437.8821, -13360422.5245 8135423.5213, -13360176.4829 8135459.4556, -13359949.0109 8135552.5213, -13359762.7652 8135604.825, -13359354.8334 8135555.8492, -13359159.3767 8135561.9565, -13358985.6262 8135599.8613, -13358778.6617 8135690.6589, -13358571.5832 8135748.7779, -13358411.916 8135728.8888, -13358283.2723 8135672.3856, -13358146.272 8135633.7511, -13357916.2621 8135612.6875, -13357687.4164 8135643.9914, -13357285.2246 8135770.2823, -13357021.2811 8135737.3557, -13356795.4542 8135675.3492, -13356600.2087 8135664.2997, -13356371.9342 8135699.56, -13356081.5374 8135829.3687, -13355884.4602 8135871.4296, -13355725.3945 8135851.5571, -13355529.701 8135740.7973, -13355381.5294 8135680.091, -13355243.278 8135646.2156, -13355004.011 8135615.2144, -13354791.9163 8135496.2922, -13354625.6267 8135433.1814, -13354284.8536 8135378.8794, -13354147.0545 8135299.6336, -13354034.5511 8135152.24319999, -13353905.8992 8134928.911, -13353732.4262 8134750.479, -13353615.5078 8134669.2027, -13353488.4385 8134605.0172, -13353353.6907 8134559.1711, -13353196.1055 8134530.3064, -13353058.3334 8134451.0488, -13352961.8483 8134324.6048, -13352921.6455 8134170.6305, -13352944.0036 8134012.8227, -13353010.0321 8133877.2588, -13353057.5234 8133724.1466, -13353079.1974 8133583.2632, -13353081.0886 8133440.7315, -13353063.1611 8133299.3258, -13353025.7651 8133161.7985, -13352961.3454 8133015.0432, -13352873.9744 8132879.0993, -13352833.7806 8132725.149, -13352856.132 8132567.4071, -13352922.8682 8132430.6377, -13352970.3529 8132277.5559, -13352994.7681 8132012.0041, -13352979.3121 8131870.3334, -13352944.3266 8131732.1989, -13352824.0089 8131484.891, -13352763.907 8131304.378, -13352775.7882 8131145.7331, -13352847.9489 8131004.02, -13352969.1717 8130901.26, -13353267.3073 8130806.5882, -13353398.0009 8130750.3635, -13353548.3101 8130655.387, -13353667.6757 8130548.6864, -13353798.1758 8130379.8811, -13353890.7861 8130187.5863, -13353941.4614 8129980.2092, -13353970.3105 8129619.33, -13354042.4343 8129477.6352, -13354163.6158 8129374.8777, -13354514.0416 8129260.4613, -13354730.8052 8129138.8505, -13354923.0097 8128954.5149, -13355053.7274 8128742.8763, -13355109.0754 8128592.5539, -13355138.0236 8128453.08910001, -13355179.2654 8127836.4827, -13355148.6827 8127625.2606, -13355051.799 8127256.0237, -13354956.0373 8126966.2788, -13354967.7689 8126745.3895, -13354950.4856 8126579.3679, -13354973.8803 8126413.95049999, -13355047.3164 8126247.6699, -13355092.0736 8126057.2142, -13355100.5868 8125879.5005, -13355077.466 8125699.90349999, -13355090.3842 8125526.738, -13355177.8744 8125331.4654, -13355222.6234 8125141.0325, -13355230.2791 8124945.5494, -13355198.67 8124744.8492, -13355220.9005 8124587.3826, -13355302.1388 8124450.8524, -13355616.2485 8124217.6769, -13355759.6937 8124079.5353, -13356015.39 8123885.4714, -13356069.813 8123540.4237, -13356225.7411 8123307.7439, -13356308.9869 8123130.8301, -13356350.992 8122976.3576, -13356375.1705 8122765.7632, -13356434.432 8122607.0911, -13356467.5055 8122432.3696, -13356468.7549 8122212.4001, -13356406.3851 8122103.1303, -13356224.9415 8121906.8198, -13356088.1692 8121727.7182, -13355971.988 8121523.0304, -13355841.9986 8121377.1645, -13355656.0751 8121240.6246, -13355426.0586 8121144.1864, -13355247.8704 8121041.7364, -13355184.6617 8120964.3837, -13355128.913 8120797.1007, -13355136.9006 8120601.36649999, -13355114.5001 8120425.0002, -13355061.8718 8120255.2135, -13354980.6164 8120097.1644, -13354861.1441 8119942.5822, -13354593.275 8119681.7732, -13354449.2708 8119577.904, -13354272.786 8119494.4998, -13354083.6611 8119446.3598, -13353906.6012 8119434.7104, -13353730.2111 8119454.036, -13353543.3458 8119510.342, -13353355.8591 8119611.2164, -13353074.6214 8119830.7271, -13352922.3569 8119916.3579, -13352730.3249 8120065.1677, -13352603.1133 8120136.1638, -13352490.0273 8120222.2552, -13352314.7233 8120422.3769, -13352197.0859 8120661.1391, -13352148.8724 8120879.3407, -13352108.586 8121259.7521, -13352104.9772 8121480.7749, -13351996.5988 8121696.3018, -13351238.5769 8122288.5724, -13351075.2469 8122457.0538, -13350262.4792 8123087.48569999, -13350087.5576 8123271.317, -13349920.7061 8123403.4127, -13349767.8964 8123446.0975, -13349610.4944 8123426.2939, -13349457.8253 8123338.3594, -13349352.3738 8123209.1081, -13349244.0921 8123007.6796, -13349129.8844 8122964.232, -13348786.6957 8122909.3716, -13348649.186 8122830.1483, -13348552.9295 8122703.8373, -13348473.8457 8122404.2534, -13348414.7586 8122255.5081, -13348343.2932 8122132.4947, -13348255.4365 8122020.6433, -13348036.714 8121779.354, -13347909.2276 8121674.806, -13347678.5888 8121603.7013, -13347466.1812 8121589.5438, -13347324.9477 8121604.8951, -13347150.6247 8121648.8774, -13346913.1858 8121636.316, -13346623.5387 8121549.8039, -13346411.7576 8121528.1988, -13346200.1199 8121551.1712, -13345997.8711 8121617.7185, -13345842.8992 8121704.41889999, -13345705.3057 8121816.7604, -13345589.2707 8121951.332, -13345465.6317 8122151.0941, -13345121.3498 8122428.0443, -13344949.2964 8122639.9471, -13344741.4821 8122804.2378, -13344326.1936 8123084.3513, -13344299.8534 8123290.5096, -13344222.9686 8123429.5259, -13344098.4233 8123527.9691, -13343945.5747 8123570.5358, -13343788.1822 8123550.6083, -13343635.5758 8123462.551, -13343572.4639 8123385.0721, -13343449.4682 8123021.1606, -13343348.9786 8122833.1071, -13343198.7357 8122657.87399999, -13342997.5085 8122512.2637, -13342801.2994 8122429.4651, -13342572.5285 8122385.9661, -13342375.4032 8122273.9042, -13342227.602 8122213.0352, -13342089.6549 8122178.9681, -13341853.3716 8122147.9051, -13341661.8203 8122039.0362, -13341514.0291 8121978.1546, -13341376.0894 8121944.0751, -13341131.9878 8121911.9963, -13340930.7889 8121797.5305, -13340783.0082 8121736.6362, -13340645.0759 8121702.544, -13340411.7172 8121671.8057, -13340259.1883 8121583.6995, -13340144.6534 8121454.812, -13339993.2578 8121335.6473, -13339861.6971 8121332.506, -13339703.3285 8121353.7701, -13339255.4214 8121496.6679, -13338796.4428 8121446.7413, -13338654.7469 8121456.9802, -13338513.665 8121486.1595, -13338333.9773 8121623.6435, -13338181.1315 8121666.0808, -13338023.791 8121646.0346, -13337763.6341 8121504.6891, -13337542.4464 8121439.5446, -13337448.8348 8121424.6436, -13337407.1529 8121435.5326, -13337176.0491 8121567.134, -13337009.1246 8121726.4552, -13336882.2488 8121917.8183, -13336635.9689 8122115.0821, -13336504.3562 8122259.5243, -13336387.7052 8122458.7775, -13336322.2915 8122661.7609, -13336300.62 8122891.7464, -13336327.017 8123103.8117, -13336296.1241 8123277.5019, -13336244.7926 8123363.2712, -13336106.4154 8123472.4064, -13335953.5184 8123514.8097, -13335792.6862 8123494.2709, -13335642.0149 8123431.7567, -13335470.3116 8123393.688, -13335466.5262 8123423.9527, -13335389.4729 8123562.8848, -13335264.8051 8123661.1848, -13335111.8986 8123703.57209999, -13334954.5221 8123683.4566, -13334645.3222 8123522.8281, -13334491.2316 8123480.2899, -13334234.2516 8123445.3539, -13334057.0121 8123354.5508, -13333869.7172 8123299.2886, -13333657.5635 8123281.0217, -13333446.2536 8123307.3375, -13333293.8914 8123355.7124, -13333166.2606 8123418.3066, -13332876.8876 8123633.3614, -13332696.4684 8123683.3126, -13332451.8308 8123718.2345, -13332221.7562 8123811.7193, -13332090.7035 8123907.3721, -13331958.4562 8124101.6666, -13331887.1223 8124283.7741, -13331835.523 8124543.313, -13331784.1311 8124629.0676, -13331645.6635 8124738.1405, -13331492.713 8124780.4605, -13331331.7673 8124759.8098, -13331164.8693 8124692.2365, -13330991.1263 8124655.453, -13330831.4098 8124648.6519, -13330659.7579 8124669.5933, -13330429.5424 8124640.0274, -13330288.3738 8124590.8917, -13330148.8287 8124563.8713, -13329989.1145 8124557.0521, -13329836.9455 8124573.1938, -13329584.7328 8124543.5871, -13329308.9565 8124740.3459, -13328909.778 8124842.6198, -13328745.1808 8124909.4097, -13328608.9422 8124993.2088, -13328399.319 8125157.4501, -13328300.9006 8125403.5756, -13328223.1993 8125912.2858, -13328171.7563 8125998.0324, -13328033.2091 8126107.06, -13327880.2084 8126149.3146, -13327678.2885 8126123.3072, -13327426.4227 8126068.5997, -13327284.285 8126066.211, -13327143.1981 8126083.6606, -13326989.1471 8126126.567, -13326843.69 8126193.0854, -13326710.4077 8126281.579, -13326592.5811 8126389.8703, -13326446.705 8126591.257, -13326353.7875 8126822.0215, -13326321.6509 8127015.0579, -13326331.9598 8127246.69, -13326308.3418 8127457.9702, -13326231.0761 8127596.8872, -13326106.2176 8127695.0914, -13325988.2129 8127727.649, -13326000.1865 8127781.5628, -13325969.0354 8127955.325, -13325917.5525 8128041.0804, -13325778.9344 8128150.0974, -13325625.878 8128192.3185, -13325468.4264 8128171.9919, -13325331.0553 8128092.2776, -13325235.1162 8127965.5675, -13325195.5194 8127811.5589, -13325219.6013 8127571.6144, -13325197.2464 8127359.3449, -13325046.1716 8126882.335, -13324952.7097 8126690.5409, -13324845.759 8126548.4593, -13324749.3593 8126481.701, -13324589.6848 8126403.7449, -13324436.3547 8126358.2941, -13324242.2694 8126336.1952, -13324030.0544 8126354.8487, -13323558.1747 8126501.9411, -13323427.3171 8126557.6128, -13323276.691 8126651.9356, -13323219.2625 8126704.6686, -13323108.0294 8126953.8311, -13323029.7891 8127084.0419, -13322891.1448 8127192.9917, -13322796.5087 8127219.0578, -13322758.6697 8127248.7911, -13322605.6131 8127290.9449, -13322448.1871 8127270.5561, -13322310.8637 8127190.7943, -13322214.9869 8127064.0589, -13322206.8509 8127032.361, -13321858.1683 8126974.4004, -13321705.7391 8126885.848, -13321642.8204 8126808.1423, -13321587.7712 8126640.4599, -13321600.3115 8126481.9478, -13321673.0287 8126340.6123, -13321806.2149 8126234.7557, -13321819.2898 8126069.4292, -13321849.2296 8125991.7158, -13321738.501 8125952.52660001, -13321682.3558 8125915.8648, -13321345.3474 8125590.1915, -13321205.6529 8125476.4996, -13321046.0896 8125396.1608, -13320960.6825 8125371.9047, -13320788.3078 8125367.9133, -13320633.2907 8125425.2709, -13320522.1074 8125534.1265, -13320487.1748 8125601.1438, -13320476.1552 8125743.0408, -13320526.707 8125876.7466, -13320655.8248 8126069.056, -13320816.8806 8126157.6733, -13320908.4866 8126287.5172, -13320942.8824 8126442.744, -13320911.6177 8126616.4574, -13320860.0848 8126702.1635, -13320721.4148 8126811.0679, -13320609.4748 8126841.86469999, -13320594.2007 8126977.5609, -13320516.8318 8127116.41219999, -13320391.9036 8127214.5158, -13320238.8326 8127256.621, -13320081.4132 8127236.1819, -13319928.9987 8127147.5896, -13319866.0958 8127069.8657, -13319811.0842 8126902.1633, -13319823.6626 8126743.64769999, -13319896.4164 8126602.3237, -13319943.0023 8126563.1877, -13319630.2981 8126409.793, -13319447.9651 8126348.7475, -13319353.3786 8126329.2703, -13319159.7525 8126319.8175, -13318967.5363 8126344.1216, -13318847.4811 8126382.1821, -13318690.0084 8126475.2279, -13318621.3225 8126535.9726, -13318516.3994 8126685.66610001, -13318476.5345 8126858.7359, -13318483.6889 8126945.84839999, -13318546.8056 8127090.581, -13318599.6463 8127144.5974, -13318725.1968 8127214.751, -13319120.6654 8127290.4622, -13319238.6388 8127344.5926, -13319340.9772 8127423.1923, -13319416.0492 8127531.4286, -13319437.353 8127596.233, -13319442.869 8127738.9689, -13319402.7954 8127856.6721, -13318810.7309 8128091.7915, -13318276.7939 8128103.3571, -13317914.5526 8128055.8247, -13317822.3029 8127915.4614, -13317762.9677 8127854.5003, -13317614.5235 8127765.2335, -13317439.6855 8127730.335, -13317260.7068 8127759.1515, -13317104.4741 8127853.1243, -13316987.5403 8127985.8067, -13316775.1039 8128428.6789, -13316657.6067 8128583.757, -13316598.1424 8128384.9038, -13316524.0169 8128230.215, -13316416.0373 8128085.7003, -13316273.0498 8127970.4354, -13316104.1447 8127894.2206, -13315830.6729 8127845.1772, -13315647.5907 8127855.0578, -13315478.3353 8127898.4641, -13315332.687 8127980.1258, -13315228.6342 8128097.1255, -13315180.9419 8128241.28809999, -13315148.8573 8128641.4924, -13315060.5493 8128956.9065, -13314975.9037 8129092.7844, -13314917.6775 8129149.8218, -13314775.6442 8129235.3524, -13314609.7315 8129276.8795, -13314522.3741 8129281.4688, -13313694.4777 8129189.1312, -13313505.0938 8129191.8766, -13313325.2568 8129228.0246, -13313169.5385 8129297.94, -13313052.0227 8129398.64639999, -13312964.8844 8129548.7667, -13312894.3319 8129723.9874, -13312855.1129 8129767.91969999, -13312802.0167 8129785.1808, -13312656.8635 8129730.99539999, -13312480.471 8129569.9873, -13312330.5715 8129473.3663, -13312158.7051 8129416.2006, -13311888.2525 8129370.3128, -13311713.4175 8129374.2595, -13311548.4203 8129415.2235, -13311391.9812 8129480.0273, -13311253.7656 8129558.4224, -13311091.1156 8129692.1796, -13311009.1223 8129795.44709999, -13310983.9547 8129952.7203, -13311020.3712 8130075.41969999, -13311108.2432 8130197.7478, -13311361.7197 8130333.9964, -13311453.3742 8130441.3846, -13311467.7404 8130569.9833, -13311436.1175 8130649.6513, -13311409.7997 8130682.5405, -13311292.2306 8130715.0058, -13311124.8202 8130701.101, -13310949.9586 8130635.044, -13310253.557 8130211.2611, -13309966.7557 8130096.5264, -13309400.5939 8129928.803, -13309229.7734 8129844.2755, -13308915.6471 8129638.6805, -13308746.2714 8129554.7476, -13308460.349 8129466.9242, -13308255.1047 8129440.4741, -13308048.0951 8129439.3033, -13307743.8845 8129490.6111, -13307557.1237 8129561.7859, -13307395.6023 8129674.6882, -13307268.5106 8129821.0459, -13307067.2883 8130255.8495, -13306918.611 8130498.2923, -13306805.3149 8130340.0947, -13305745.5104 8129270.788, -13305641.4339 8128576.6985, -13305671.047 8128305.191, -13305706.8751 8128126.1658, -13305766.134 8127952.1293, -13305853.2312 8127791.78, -13305907.8803 8127723.4119, -13306042.6347 8127616.8295, -13306339.9964 8127469.2033, -13306719.2864 8127312.2148, -13306852.2731 8127225.4054, -13306952.9094 8127101.1492, -13306982.0167 8127025.0012, -13306992.9438 8126944.0487, -13306981.4071 8126862.9482, -13306950.3369 8126786.3796, -13306839.0479 8126658.7909, -13306676.7848 8126591.8759, -13306587.8036 8126584.6212, -13306409.9404 8126608.0265, -13305858.0889 8126758.6098, -13304988.0002 8126895.9311, -13304807.675 8126948.9564, -13304638.0824 8127021.7223, -13304482.4118 8127116.7012, -13304414.7442 8127175.1266, -13304356.4009 8127241.2177, -13304272.8197 8127389.0442, -13304208.0906 8127611.481, -13304154.9544 8127736.1959, -13304067.5813 8127832.0372, -13304010.0636 8127860.8403, -13303882.0799 8127881.0584, -13303608.8839 8127849.881, -13303461.9085 8127850.3018, -13303313.1719 8127898.45809999, -13303191.6391 8128001.2206, -13303158.8515 8128073.3518, -13303156.466 8128232.5825, -13303344.7743 8128761.8743, -13303515.8457 8128713.1121, -13303672.4871 8128739.1091, -13303806.929 8128823.7355, -13303898.2779 8128953.8417, -13303932.3352 8129109.2107, -13303900.6628 8129282.9242, -13303848.914 8129368.548, -13303709.9394 8129477.181, -13303634.7941 8129497.67099999, -13303875.0562 8129884.0619, -13303904.9781 8129978.3529, -13303887.2731 8130075.2305, -13303861.645 8130117.9872, -13303974.3631 8130233.0951, -13303467.602 8130624.7889, -13303340.7492 8130674.7438, -13303207.2113 8130682.8612, -13303075.2074 8130641.63, -13302959.6311 8130553.8171, -13302912.4012 8130492.4105, -13302839.8765 8130353.6048, -13302653.9954 8129871.2104, -13302524.6853 8129626.4596, -13302356.9892 8129399.0468, -13302154.8273 8129195.5145, -13301845.1569 8128964.6156, -13301507.6341 8128770.954, -13301228.2266 8128666.1253, -13300775.8959 8128544.3341, -13300641.286 8128476.6351, -13300550.0555 8128390.136, -13300522.0743 8128341.7654, -13300500.1585 8128238.8761, -13300578.3559 8127955.9244, -13300601.2349 8127816.388, -13300600.9267 8127585.3178, -13300576.2983 8127274.7814, -13300360.5849 8127044.7787, -13300274.0928 8126899.0354, -13300141.9687 8126437.8127, -13300064.6332 8126278.0132, -13299806.9837 8125868.2499, -13299730.7917 8125682.5158, -13299708.5404 8125586.5666, -13299696.5933 8125397.90119999, -13299713.0931 8125050.0826, -13299681.7901 8124781.7763, -13299679.2748 8124600.8779, -13299699.1023 8124518.4317, -13299736.6386 8124451.3342, -13299845.7563 8124364.4774, -13300044.1447 8124321.401, -13300187.0372 8124339.7949, -13300256.8812 8124363.7263, -13300388.2472 8124437.6613, -13300628.6681 8124644.2088, -13300764.7389 8124738.9586, -13300920.0512 8124800.2139, -13301002.75 8124813.0696, -13301169.623 8124795.1814, -13301248.8615 8124764.4678, -13301387.2579 8124655.014, -13301442.6797 8124582.0986, -13301523.9785 8124406.2855, -13301644.0543 8124030.1279, -13301722.4344 8123855.0996, -13301827.6189 8123711.4785, -13302052.6769 8123484.7723, -13302123.7326 8123354.7188, -13302137.8028 8123282.6372, -13302116.6421 8123131.8066, -13302021.1401 8123000.6801, -13301871.5687 8122905.1705, -13301587.7403 8122815.6487, -13300929.5608 8122737.6478, -13300594.1604 8122721.4271, -13300259.5028 8122738.0426, -13300040.1257 8122781.6016, -13299831.2159 8122865.45979999, -13299278.4972 8123224.2805, -13299081.9254 8123297.40339999, -13298979.2275 8123312.9752, -13298772.8195 8123313.993, -13298181.0522 8123210.6761, -13298007.5904 8123216.0519, -13297938.969 8123238.8676, -13297845.4123 8123310.4969, -13297805.7108 8123398.6902, -13297794.1538 8123682.7436, -13297768.0849 8123783.1315, -13297349.581 8124001.4323, -13296952.0157 8124164.6617, -13296640.74 8124255.3769, -13296321.8902 8124312.22559999, -13296108.9156 8124333.0608, -13295778.5326 8124326.7563, -13295315.9385 8124349.3857, -13294750.0704 8124409.3083, -13294398.5935 8124487.1203, -13294271.5826 8124570.4686, -13294168.2694 8124687.5844, -13293937.9428 8125103.3545, -13293784.0178 8125286.8562, -13293650.7665 8125394.54909999, -13293370.8648 8125555.1965, -13293102.3006 8125657.5058, -13292698.5682 8125711.9586, -13292049.5912 8125719.6335, -13289783.0741 8125808.5364, -13288644.029 8125786.3642, -13288306.1939 8125828.3256, -13288007.0067 8125905.8953, -13287890.474 8126077.9978, -13287853.5618 8126215.9579, -13287848.4688 8126362.3891, -13287885.0378 8126583.5523, -13288011.2495 8127015.469, -13288016.7614 8127233.7064, -13287981.4265 8127368.9585, -13287916.4727 8127474.1013, -13287837.6552 8127533.8122, -13287766.6003 8127560.0852, -13287685.3255 8127548.9555, -13287651.8626 8127506.5065, -13287639.9162 8127435.0613, -13287620.0654 8127454.7808, -13287600.184 8127207.9866, -13287549.9014 8127039.8164, -13287507.1403 8126963.0119, -13287261.2575 8126668.0941, -13287076.2035 8126497.9777, -13287045.2905 8126665.3744, -13286993.363 8126750.855, -13286854.1836 8126859.1395, -13286700.9151 8126900.5562, -13286614.0945 8126888.8853, -13286499.4162 8126919.8705, -13286342.0803 8126898.7156, -13286190.058 8126809.4263, -13286127.5032 8126731.4126, -13286073.2469 8126563.451, -13286085.3758 8126418.8941, -13285969.7297 8126427.203, -13285891.7962 8126382.3691, -13285810.0758 8126281.0013, -13285792.9671 8126206.2884, -13285784.559 8125991.7916, -13285819.3524 8125842.53149999, -13285917.758 8125667.9169, -13285993.5399 8125486.4613, -13286212.7113 8125101.324, -13286273.4787 8124873.616, -13286337.9803 8124497.9046, -13286359.3257 8124273.3868, -13286355.6963 8124122.4494, -13286251.9837 8123544.3029, -13286187.2807 8123316.1046, -13286169.9697 8123120.3897, -13286187.3321 8122928.554, -13286246.0844 8122765.0279, -13286293.1299 8122698.7201, -13286346.6157 8122648.6033, -13286409.7312 8122615.2954, -13286531.2127 8122597.3002, -13286770.3828 8122656.8887, -13286849.7316 8122635.1625, -13286882.7651 8122604.7404, -13286925.8209 8122506.1556, -13286929.1373 8122441.1248, -13286891.1165 8122224.0496, -13286798.2756 8121966.5866, -13286869.8905 8121913.1605, -13287175.1066 8121750.5384, -13287411.5175 8121680.6963, -13287733.9022 8121657.8322, -13287864.0987 8121669.9381, -13287992.25 8121701.4314, -13288109.2002 8121766.9601, -13288258.5823 8121915.629, -13288331.6263 8122046.137, -13288515.0934 8122457.3168, -13288595.7721 8122577.8239, -13288734.8905 8122739.0272, -13288840.6024 8122828.4109, -13288955.6266 8122897.9304, -13289076.0945 8122941.8809, -13289199.7977 8122953.0418, -13289319.8446 8122930.9775, -13289426.2885 8122874.127, -13289539.9642 8122740.6017, -13289700.3659 8122608.3982, -13289781.0888 8122461.0293, -13289844.7756 8122145.8714, -13289885.7175 8122038.8299, -13289972.0889 8121958.7459, -13290088.0919 8121970.2261, -13290151.7833 8122067.0863, -13290195.6172 8122104.143, -13291002.3887 8122754.6945, -13291222.0826 8122878.8562, -13291361.2475 8123031.5304, -13291447.9102 8123197.5474, -13291472.5134 8123326.7209, -13291467.6468 8123465.3934, -13291403.2963 8123842.2972, -13291418.0437 8124000.2473, -13291441.5914 8124076.0126, -13291520.4891 8124214.4277, -13291635.0447 8124321.6848, -13291702.1129 8124358.2393, -13291842.2136 8124392.3923, -13292049.4876 8124364.2542, -13292460.1678 8124217.9214, -13292645.4009 8124104.9639, -13292738.0582 8123991.017, -13292769.9793 8123924.4524, -13292805.4778 8123777.4709, -13292838.8496 8123310.0208, -13292955.723 8122934.6114, -13292984.4755 8122778.4286, -13292967.2771 8122622.5989, -13292898.1615 8122477.8856, -13292722.2599 8122299.4225, -13292568.6739 8122211.0747, -13292392.8105 8122154.5735, -13292011.9008 8122088.9573, -13291821.62 8122040.8328, -13291637.6999 8121977.5218, -13291465.7911 8121897.0556, -13291069.391 8121645.1973, -13290352.0834 8121114.0091, -13290123.864 8120983.8818, -13289798.7079 8120842.5012, -13289531.8418 8120762.4489, -13289242.4443 8120717.3915, -13288561.2061 8120730.3877, -13288391.8542 8120718.8934, -13288177.2362 8120645.127, -13287980.2199 8120506.8956, -13286717.9067 8120301.3694, -13286356.0998 8120286.9308, -13286116.7734 8120299.8212, -13285878.9399 8120334.886, -13285652.3736 8120399.7711, -13285545.1169 8120445.494, -13285427.8917 8120522.4766, -13285038.9563 8120835.8804, -13284586.4748 8121388.6373, -13284337.3758 8121616.266, -13284149.0002 8121734.7585, -13283948.7674 8121828.5383, -13283635.9807 8121934.2273, -13283420.9212 8121984.8694, -13283086.1593 8122020.242, -13282637.6634 8121999.80349999, -13281840.5239 8121841.4909, -13281259.1965 8121744.4453, -13280924.3532 8121643.5689, -13280717.8864 8121540.6221, -13280526.7478 8121413.9406, -13280269.2659 8121181.6204, -13280127.2492 8121000.7517, -13280012.1985 8120802.4687, -13279680.5723 8119934.2553, -13279571.9199 8119721.4748, -13279095.1573 8118901.0004, -13278901.6516 8118482.8118, -13278718.7246 8117967.6638, -13278608.6722 8117459.0906, -13278596.3271 8117257.0788, -13278618.9211 8117063.9143, -13278681.5935 8116891.6748, -13278774.0196 8116742.27619999, -13278957.9438 8116561.7421, -13279108.0411 8116479.8351, -13279349.8541 8116418.3872, -13279651.4494 8116397.1957, -13279716.7108 8116381.8298, -13279818.5937 8116319.6048, -13279867.4106 8116213.5267, -13279867.721 8116150.1946, -13279848.7369 8116084.9418, -13279763.3077 8115957.3489, -13279542.7005 8115806.0228, -13278981.0561 8115535.51959999, -13278806.8813 8115424.8731, -13278652.8694 8115297.9139, -13278533.4526 8115146.9845, -13278491.2206 8115063.5446, -13278439.3564 8114890.7022, -13278376.3703 8114547.6909, -13278313.8342 8114380.8765, -13278267.3214 8114300.9551, -13278210.936 8114225.8542, -13278066.7419 8114097.5882, -13277886.336 8114009.5128, -13277787.4049 8113985.1737, -13277585.3019 8113976.3053, -13277383.5479 8114006.5909, -13276778.9483 8114153.0413, -13276576.2122 8114173.2654, -13276374.581 8114150.762, -13276187.972 8114080.9908, -13276024.5046 8113972.6514, -13275681.015 8113630.171, -13275520.4241 8113512.3326, -13275338.5337 8113424.7367, -13275139.919 8113380.4789, -13274935.7318 8113378.3812, -13274835.4807 8113393.4698, -13274646.4798 8113455.8089, -13274483.5154 8113553.1912, -13274212.94 8113783.7141, -13274068.581 8113858.3816, -13273934.9493 8113879.1221, -13273879.7545 8113868.7932, -13273798.2023 8113823.09839999, -13273751.8183 8113759.532, -13273748.677 8113681.6164, -13273796.3557 8113599.5617, -13273884.1192 8113517.8687, -13274295.0044 8113225.0102, -13274396.8706 8113115.4485, -13274479.3383 8112987.62259999, -13274565.7989 8112779.3408, -13274648.7119 8112421.9645, -13274698.0413 8112282.91139999, -13274889.8062 8111981.8164, -13274986.146 8111783.1768, -13275072.8249 8111317.61869999, -13275122.9529 8111166.2863, -13275235.234 8110957.6952, -13275400.2312 8110724.6943, -13275434.9537 8110608.8455, -13275404.6817 8110497.9736, -13275315.4154 8110407.3731, -13275190.8185 8110342.7521, -13274968.5558 8110288.25770001, -13274811.0601 8110272.3873, -13274658.1818 8110292.113, -13274386.0402 8110416.5345, -13274257.2809 8110450.8338, -13274136.4522 8110438.0634, -13274029.1012 8110386.93199999, -13273951.4057 8110294.2734, -13273929.6591 8110237.0412, -13273906.795 8109831.3521, -13273861.5576 8109687.0917, -13273785.2163 8109552.023, -13273620.1324 8109382.5824, -13273237.5938 8109148.1978, -13273163.1805 8109083.9399, -13273149.8406 8109034.7718, -13273177.394 8108977.6933, -13273156.8391 8108970.9501, -13273203.9926 8108936.0697, -13273222.1057 8108892.0999, -13273327.9172 8108853.1131, -13273435.691 8108785.1015, -13273650.2239 8108685.7205, -13273823.8547 8108531.0654, -13274043.6426 8108202.4508, -13274096.0725 8108095.15339999, -13274111.3185 8107971.8766, -13274101.8235 8107904.2638, -13274047.2477 8107775.4026, -13274000.8257 8107713.3445, -13273881.836 8107611.6304, -13273735.8167 8107552.6466, -13273411.3866 8107481.4034, -13273154.7047 8107464.7104, -13272905.5062 8107515.1569, -13272756.0978 8107596.2297, -13272634.849 8107710.5144, -13272535.3134 8107843.8984, -13272320.7949 8108281.613, -13272181.5732 8108485.8574, -13272071.8131 8108608.5015, -13271942.875 8108721.9331, -13271725.544 8108867.4215, -13271721.031 8108905.2637, -13271642.923 8109043.288, -13271465.1815 8109190.2844, -13271327.5116 8109359.1311, -13271198.1391 8109459.33919999, -13271032.2875 8109515.7165, -13270883.8813 8109596.8481, -13270762.865 8109690.5724, -13270609.8499 8109731.5572, -13270452.9144 8109710.106, -13270316.4526 8109629.5534, -13270221.6752 8109502.422, -13270140.3387 8109184.2278, -13270063.8788 8109004.6049, -13269976.7565 8108870.6902, -13269730.7891 8108569.0118, -13269722.3029 8108534.9481, -13269573.932 8108551.8298, -13269505.6385 8108584.9306, -13269401.386 8108691.2143, -13269373.2606 8108757.8403, -13269362.8682 8108829.9905, -13269375.7766 8108893.5912, -13269426.5657 8109013.4862, -13269499.4737 8109113.4135, -13269590.8043 8109174.7931, -13269744.0708 8109231.0944, -13269818.973 8109286.9951, -13269851.97 8109375.3426, -13269846.2396 8109431.993, -13269821.0802 8109485.4611, -13269725.8375 8109566.7497, -13269306.9268 8109685.3602, -13269155.4736 8109753.0282, -13268551.0908 8110165.2821, -13268460.1667 8110241.4766, -13268389.6308 8110326.4792, -13268319.4385 8110484.2074, -13268299.4007 8110605.7253, -13268287.7887 8110955.6618, -13268259.618 8111086.659, -13268204.8475 8111203.6329, -13268063.8188 8111359.2315, -13267939.8815 8111442.5895, -13267790.3563 8111503.84, -13267627.0752 8111540.0571, -13267207.532 8111593.2162, -13266712.2342 8111623.6229, -13265595.4542 8111598.8294, -13264972.3269 8111606.9218, -13263628.1273 8111665.5699, -13263263.2594 8111641.2018, -13262459.4531 8111504.8669, -13262262.2311 8111831.6447, -13261855.7626 8111432.856, -13260629.1044 8111232.5552, -13259726.6584 8111180.3241, -13258512.2473 8111135.6525, -13257494.5495 8111141.716, -13256667.585 8111111.5991, -13255655.6665 8111131.6076, -13255468.8729 8111110.0158, -13255305.0912 8111052.6646, -13255098.505 8110927.343, -13254691.1024 8110538.2523, -13254550.7931 8110446.6305, -13254390.7489 8110379.4695, -13254221.2569 8110342.7237, -13253868.8976 8110323.7769, -13253415.1861 8110338.7891, -13252969.9318 8110387.2637, -13251853.6054 8110640.0017, -13251416.5317 8110722.6823, -13251149.4636 8110745.97, -13250217.3885 8110770.5048, -13249924.0362 8110799.4491, -13249630.8958 8110849.013, -13248954.7134 8111011.1023, -13248141.8948 8111319.5229, -13247869.3286 8111407.0501, -13247304.7437 8111523.2875, -13247012.157 8111560.9665, -13246616.0689 8111579.0875, -13245328.7602 8111573.3615, -13244949.1489 8111545.62789999, -13244290.9689 8111461.2711, -13243905.8117 8111440.9616, -13243618.8107 8111443.8302, -13242695.4616 8111497.3719, -13242610.4006 8111488.4933, -13242300.4383 8111404.5869, -13242269.9469 8110961.85189999, -13242453.4622 8109744.2666, -13242478.0158 8109373.1094, -13242506.9384 8108388.7417, -13242639.1365 8107519.6905, -13242636.655 8107339.0382, -13242593.8218 8107161.0161, -13242500.2469 8106997.2039, -13242437.8166 8106923.4124, -13242288.5683 8106792.7761, -13240435.5019 8105545.4929, -13240178.6902 8105419.1388, -13239906.9201 8105341.301, -13239718.6889 8105318.1773, -13239333.9656 8105300.9923, -13239153.8556 8105265.5355, -13239007.4914 8105187.76399999, -13238909.3849 8105072.8904, -13238877.2601 8105006.4414, -13238840.9547 8104862.4737, -13238826.9623 8104625.4567, -13238822.497 8104189.7764, -13238843.5139 8103578.3709, -13238825.3922 8102973.6819, -13238803.4917 8099965.7588, -13238820.2533 8099331.3791, -13238809.4161 8099155.9284, -13238788.1437 8099072.7648, -13238755.5652 8098992.0868, -13238657.86 8098851.323, -13238529.2696 8098738.8963, -13238455.3767 8098694.0129, -13238213.4601 8098583.2357, -13237778.2864 8098465.0253, -13237609.6643 8098400.22600001, -13237371.7793 8098272.0402, -13236987.0153 8098013.053, -13236841.8224 8097892.8755, -13236656.7052 8097690.5984, -13236507.5009 8097473.209, -13236446.904 8097318.5794, -13236430.3503 8097159.2766, -13236441.1454 8097083.0789, -13236500.219 8096945.3004, -13236602.7173 8096844.0639, -13237178.5343 8096476.6677, -13237357.7472 8096328.9219, -13237445.5003 8096190.0548, -13237512.13 8095936.4555, -13237510.7955 8094912.0663, -13237560.9322 8094156.4867, -13237570.4022 8093771.2433, -13237555.8499 8092612.7346, -13237615.0037 8091780.6961, -13237577.7673 8090467.4897, -13237616.5483 8090071.267, -13237676.1619 8089023.4569, -13237419.2511 8089008.2189, -13237681.0016 8088940.2536, -13237694.5318 8088617.60189999, -13237658.7694 8088467.0118, -13237622.9716 8088400.3227, -13237511.9004 8088297.797, -13237367.6666 8088254.6018, -13237295.7934 8088259.65290001, -13237166.1577 8088311.5221, -13236897.4169 8088515.3856, -13236780.5915 8088556.762, -13236667.674 8088554.0974, -13236562.6771 8088517.7871, -13236149.4929 8088320.7895, -13236043.7258 8088239.3367, -13235968.4164 8088133.3094, -13235933.0259 8088010.7132, -13235924.608 8087668.7092, -13235881.6478 8087213.5186, -13235901.1567 8086985.9689, -13235961.207 8086699.1088, -13235954.1101 8086487.8884, -13235889.0465 8086293.0484, -13235634.536 8085888.7413, -13235408.0855 8085437.9074, -13235353.7104 8085022.3459, -13235377.3445 8084858.7774, -13235451.5218 8084635.8911, -13235458.1346 8084531.8945, -13235442.1342 8084478.8177, -13235364.7797 8084387.3778, -13235239.9729 8084328.18729999, -13235005.7634 8084294.202, -13234470.3348 8084329.812, -13233503.2871 8084322.2728, -13233274.9139 8084294.6196, -13233004.0272 8084230.0499, -13232886.0702 8084174.6764, -13232790.5167 8084093.7168, -13232557.2584 8083700.8202, -13232477.0753 8083602.2976, -13232334.7053 8083501.2879, -13232213.0297 8083462.0691, -13232097.7992 8083511.6983, -13231817.876 8083692.9296, -13231733.8149 8083709.0709, -13231467.0048 8083703.7688, -13231229.9276 8083776.6116, -13231135.6837 8083753.4948, -13231030.5483 8083656.5352, -13230964.1815 8083634.1426, -13230743.4521 8083681.2116, -13230595.3624 8083668.71019999, -13230482.4193 8083676.0747, -13230244.0868 8083774.0871, -13230180.6097 8083736.4027, -13230159.2174 8083676.6928, -13230161.8543 8083608.4264, -13230196.1369 8083552.4242, -13230291.3482 8083508.7509, -13230892.1806 8083457.9303, -13230987.9894 8083387.9508, -13231044.7429 8083316.9885, -13231069.9503 8083122.0176, -13231115.0022 8083106.1942, -13231386.097 8083157.4588, -13231546.3797 8083132.3783, -13231635.317 8083075.4024, -13231766.0342 8082892.2767, -13231843.6514 8082831.3755, -13231885.985 8082821.4564, -13231960.8229 8082844.78369999, -13232087.2894 8083000.7146, -13232246.9215 8083112.3816, -13232351.3057 8083108.4322, -13232441.9206 8083048.9362, -13232477.1861 8082951.4554, -13232446.3875 8082845.4198, -13232298.0651 8082639.3435, -13232176.2953 8082301.2151, -13231828.8483 8081729.5757, -13231774.6994 8081590.1238, -13231770.2758 8081460.1665, -13231852.4131 8081216.9368, -13232095.2819 8080847.9246, -13232247.7468 8080535.7763, -13232312.7793 8080455.0425, -13232389.8545 8080418.7729, -13232612.3443 8080426.3871, -13232714.0851 8080404.1059, -13232808.2946 8080329.29, -13232846.9146 8080274.231, -13232899.0857 8080138.5378, -13232910.5623 8079987.0031, -13232829.5768 8079562.3063, -13232829.8029 8079433.7095, -13232863.1116 8079326.2075, -13232932.1111 8079254.7042, -13233086.0013 8079212.3505, -13233421.0474 8079197.2423, -13233833.1489 8079203.3082, -13234163.4987 8079234.7917, -13234301.9725 8079228.1338, -13234443.4042 8079200.253, -13234575.9452 8079149.6908, -13234691.8635 8079082.5897, -13234788.8767 8078995.5243, -13234892.8773 8078816.398, -13234979.3207 8078438.647, -13235181.8855 8077964.4347, -13235323.7733 8077251.2275, -13235391.8567 8077114.3277, -13235490.685 8077009.0124, -13235614.1921 8076945.9276, -13236401.3401 8076668.8585, -13236702.7215 8076588.6162, -13237000.1424 8076555.281, -13237674.4595 8076519.4974, -13237818.2977 8076527.0363, -13237938.2532 8076576.6876, -13238015.6768 8076669.8623, -13238164.4815 8077087.7387, -13238239.7856 8077211.0527, -13238341.3518 8077322.2326, -13238400.7298 8077368.4732, -13238535.5111 8077432.6774, -13238684.639 8077451.4677, -13238762.2697 8077442.1663, -13238988.1899 8077363.6641, -13239405.7437 8077101.60189999, -13240031.9814 8076767.2024, -13240174.2723 8076711.7047, -13240317.0464 8076680.8968, -13240529.0387 8076688.9948, -13241103.399 8076871.39819999, -13241497.876 8076952.2661, -13241969.7697 8076971.9204, -13242201.0029 8076930.3676, -13242344.3867 8076864.9373, -13242624.1868 8076700.7374, -13242825.5908 8076548.1481, -13243000.9828 8076350.9841, -13243316.7314 8075912.5462, -13243544.3616 8075678.376, -13243664.1414 8075590.9787, -13243794.5207 8075541.6172, -13243928.693 8075534.5202, -13244461.9068 8075637.4831, -13244599.1271 8075648.18119999, -13244735.756 8075634.781, -13244864.8125 8075582.9538, -13244981.9133 8075498.2673, -13245325.1741 8075105.8745, -13245378.2965 8075065.2539, -13245490.3038 8075017.7317, -13245658.7363 8075013.9798, -13246160.381 8075128.3978, -13246231.0514 8075175.2349, -13246480.1553 8075415.9817, -13246577.7428 8075470.3213, -13246697.5957 8075486.0046, -13246888.4958 8075433.2061, -13247059.3759 8075316.2567, -13247154.0255 8075206.3809, -13247226.5918 8075074.1507, -13247250.0239 8075001.2037, -13247263.4171 8074852.265, -13247220.15 8074492.5, -13247221.2826 8074351.7533, -13247259.9377 8074218.7752, -13247342.3872 8074104.8768, -13248070.6004 8073619.4505, -13248624.1026 8073223.4273, -13248754.6744 8073165.7274, -13249021.2193 8073082.3015, -13249714.9475 8072915.7353, -13249918.3105 8072827.4505, -13250041.2163 8072741.4025, -13250195.6438 8072565.8761, -13250272.4482 8072421.9292, -13250333.3522 8072263.1616, -13250391.0148 8072014.5311, -13250403.7849 8071592.82810001, -13250435.1084 8071452.2436, -13250465.0742 8071396.0578, -13250505.0256 8071351.5714, -13250605.8379 8071293.6619, -13250979.803 8071215.2321, -13251119.2735 8071163.48569999, -13251520.452 8070938.7852, -13251417.2121 8070877.4718, -13251323.2541 8070750.7381, -13251285.4922 8070597.47380001, -13251309.7921 8070441.5018, -13251392.3738 8070307.0607, -13251576.299 8070174.8665, -13251676.9044 8070145.79079999, -13251740.853 8070133.3068, -13251948.9944 8070155.316, -13252087.12 8070231.2671, -13252185.2148 8070354.8008, -13252228.0306 8070506.719, -13252217.9996 8070588.92670001, -13252338.7623 8070510.9417, -13252525.6286 8070340.0589, -13252731.2681 8070068.759, -13252891.0719 8069781.3384, -13253156.8134 8069202.5913, -13253344.5275 8068880.9453, -13253536.666 8068667.423, -13253652.4273 8068581.0745, -13253783.9189 8068516.1967, -13253923.7033 8068477.6399, -13254065.9142 8068467.26780001, -13254200.8275 8068488.8084, -13254326.0273 8068541.3506, -13254430.3684 8068627.085, -13254469.6245 8068682.2368, -13254587.7423 8068936.2905, -13254668.6704 8069056.9481, -13254783.3278 8069144.21199999, -13254924.1482 8069174.1766, -13255070.8786 8069141.0119, -13255356.4711 8069017.7081, -13255575.7455 8068970.0144, -13256290.319 8068946.3506, -13257070.2164 8068960.0951, -13257817.7405 8068924.1005, -13258180.7101 8068872.5862, -13258397.1744 8068809.1049, -13258535.0963 8068742.0375, -13258664.0061 8068651.9957, -13258973.4688 8068373.497, -13259106.6012 8068272.3136, -13259318.3224 8068146.9885, -13259461.8531 8068085.1003, -13259676.7477 8068028.4739, -13259963.0617 8067994.86, -13260886.7311 8067955.4716, -13261042.3367 8067968.2864, -13261190.2779 8068005.7964, -13261329.7645 8068067.4372, -13261809.0558 8068334.1754, -13262037.8792 8068421.8172, -13262199.8132 8068458.8066, -13262452.23 8068474.6565, -13262705.8484 8068457.825, -13263900.7623 8068279.7524, -13264150.2869 8068513.936, -13264395.92 8068669.9342, -13264443.331 8068684.72559999, -13264711.2888 8068554.3398, -13266158.9358 8068815.5732, -13266312.5157 8068831.8232, -13266468.9367 8068826.0349, -13266626.2918 8068800.9279, -13266859.33 8068720.6691, -13267154.826 8068574.8002, -13267639.7595 8068299.9135, -13267855.0296 8068205.9729, -13269081.0211 8067816.6622, -13269546.2656 8067632.6855, -13269845.6345 8067471.0824, -13270063.9348 8067324.6572, -13270196.6885 8067207.7263, -13270563.0227 8066809.3954, -13270706.3014 8066710.578, -13270779.6113 8066681.0254, -13270931.576 8066646.3041, -13271163.2026 8066635.7054, -13271875.085 8066734.3608, -13272116.4248 8066735.3639, -13272880.0013 8066611.327, -13273022.7091 8066565.1103, -13273147.4922 8066481.8869, -13273198.791 8066421.76569999, -13273269.8604 8066270.8285, -13273283.4375 8066085.2459, -13273117.3177 8065415.6055, -13273088.1309 8065053.7604, -13273121.9963 8064798.38359999, -13273242.1347 8064297.6238, -13273340.0602 8063673.7868, -13272926.3145 8062615.8561, -13272770.3623 8062594.5646, -13272619.8149 8062505.7282, -13272557.9495 8062428.2514, -13272504.4921 8062261.6074, -13272556.2264 8060862.6299, -13272327.8779 8060649.8088, -13271832.4051 8060094.0872, -13271593.7865 8059876.4221, -13271067.263 8059514.3044, -13270043.7546 8058730.928, -13268071.3116 8057389.83560001, -13267672.3632 8057187.3011, -13267247.683 8057038.8866, -13266813.2984 8056923.9279, -13266153.451 8056797.8006, -13265832.0386 8056711.8425, -13265634.9383 8056619.9718, -13265464.0297 8056490.0649, -13265390.4114 8056413.0985, -13265222.7502 8056143.6312, -13265105.5821 8055850.6064, -13265025.4815 8055542.20269999, -13264990.1936 8055225.92589999, -13264989.0144 8054909.9507, -13265013.4406 8054594.7916, -13265163.9445 8053789.399, -13265235.6799 8053286.2792, -13265237.3497 8052981.7732, -13265194.9975 8052778.103, -13265115.8312 8052578.674, -13265009.6079 8052386.8441, -13264638.9581 8051822.375, -13264297.2181 8051248.1384, -13264097.0057 8050968.7791, -13263857.8632 8050705.8403, -13263268.8955 8050130.033, -13263002.4103 8050113.719, -13262985.8706 8049781.0972, -13262868.0917 8049591.8457, -13262772.3388 8049387.9143, -13262702.6568 8049175.7154, -13262653.7686 8048961.2658, -13262536.2009 8048228.2931, -13262547.9421 8047820.4296, -13262596.2852 8047515.008, -13262789.5329 8046747.6416, -13262904.4953 8046485.843, -13263022.4948 8046357.8401, -13263093.7076 8046316.7855, -13263247.0112 8046283.6135, -13263395.5209 8046316.5247, -13263507.7459 8046411.7835, -13263668.3521 8046660.1942, -13263761.3276 8046766.9804, -13263816.941 8046812.231, -13263941.0545 8046853.0048, -13264006.5768 8046850.80699999, -13264127.7812 8046789.2315, -13264180.5651 8046735.9625, -13264256.4609 8046593.9986, -13264294.0009 8046419.526, -13264296.0854 8046326.7573, -13264271.1726 8046129.6802, -13264242.9081 8046030.1936, -13264158.3652 8045841.0677, -13263812.315 8045302.1754, -13263705.5045 8045014.0871, -13263688.9153 8044823.2711, -13263698.2746 8044733.1834, -13263748.6095 8044564.7722, -13263836.5695 8044415.1835, -13263998.8512 8044212.8443, -13264261.4246 8043993.3121, -13264618.4317 8043769.3779, -13265155.0119 8043484.00379999, -13265441.3403 8043268.2411, -13265694.7838 8042991.6366, -13265973.5383 8042603.04299999, -13266154.5541 8042385.588, -13266682.2971 8041877.7139, -13266899.5774 8041722.4709, -13267210.2468 8041560.6759, -13267458.448 8041481.1225, -13267868.9644 8041410.3384, -13268111.8938 8041345.4275, -13268345.8195 8041244.8922, -13268574.8567 8041115.6183, -13269024.124 8040833.0758, -13269308.1829 8040629.0188, -13269708.71 8040269.7163, -13270270.2077 8039671.8727, -13270484.3015 8039514.4922, -13270640.1428 8039449.7255, -13270879.833 8039419.4145, -13271033.7452 8039439.2852, -13271182.8869 8039486.432, -13271395.7173 8039597.9151, -13271655.6238 8039790.8972, -13271798.817 8039877.1411, -13272041.342 8039957.7944, -13272213.9082 8039971.8118, -13272389.816 8039951.0513, -13272476.4666 8039927.6696, -13272644.0998 8039848.6173, -13272795.813 8039733.1583, -13272926.6479 8039587.5515, -13273033.2459 8039417.5033, -13273301.5878 8038903.1651, -13273466.7592 8038699.6461, -13273597.9452 8038603.4944, -13273940.823 8038421.8093, -13274145.2191 8038279.2777, -13274336.4252 8038096.8232, -13274816.5654 8037512.4738, -13275011.6222 8037307.1844, -13275235.8651 8037151.276, -13275478.7879 8037057.8934, -13275644.5267 8037030.4102, -13275809.3366 8037034.7951, -13276041.1916 8037100.8411, -13276236.5913 8037230.1203, -13276674.7503 8037675.2588, -13276802.8491 8037775.5823, -13276943.6235 8037854.002, -13277320.9234 8037987.2566, -13277468.1437 8038056.715, -13277596.9419 8038160.0914, -13277708.8502 8038287.7114, -13277856.7853 8038508.3525, -13278130.4762 8038981.4424, -13278334.0136 8039286.4981, -13278501.8387 8039498.738, -13278629.671 8039621.5802, -13278770.3778 8039725.667, -13278921.8445 8039810.596, -13279809.3311 8040153.9357, -13281179.1674 8040593.2129, -13281413.3387 8040641.4326, -13281575.2874 8040646.3348, -13281738.9521 8040623.309, -13281979.8955 8040549.7811, -13282772.8872 8040185.4508, -13283472.2672 8039920.6255, -13283705.0152 8039871.1363, -13283928.9191 8039875.8012, -13284137.787 8039926.5457, -13284419.0407 8040022.1104, -13284999.7869 8040275.6233, -13285291.5534 8040436.7856, -13285503.8592 8040574.7952, -13285701.0964 8040737.0933, -13285822.6651 8040858.8275, -13286081.508 8041198.1485, -13286201.025 8041423.7182, -13286239.7631 8041589.4801, -13286240.9839 8041673.8947, -13286208.0969 8041842.0286, -13286088.1117 8042068.0562, -13285972.2192 8042195.5877, -13285758.0022 8042347.7935, -13285355.4345 8042569.5641, -13285218.1465 8042686.5389, -13285123.577 8042833.6269, -13285086.2414 8042996.2341, -13285097.347 8043160.1038, -13285245.3479 8043727.9218, -13285291.1935 8044155.0012, -13285305.8211 8044598.5672, -13285305.3515 8045421.3071, -13285341.9414 8046493.8192, -13285316.2288 8047183.8187, -13285322.6214 8047349.2437, -13285354.2953 8047502.823, -13285427.3382 8047633.0012, -13285540.404 8047718.2856, -13285677.9269 8047753.6315, -13285905.0776 8047726.1051, -13286647.5805 8047481.3132, -13286889.3646 8047415.9055, -13287135.0802 8047368.76299999, -13287804.0432 8047276.4072, -13287764.0476 8047106.1403, -13287787.5225 8046950.558, -13287869.1924 8046816.1571, -13288038.1158 8046693.5076, -13288242.5514 8046629.1215, -13288399.5381 8046549.9366, -13288712.4144 8046299.9485, -13288765.907 8046197.158, -13288886.6853 8046096.6012, -13289036.8682 8046050.6238, -13289193.1181 8046066.3693, -13289367.0694 8046159.1071, -13289524.0906 8046217.2898, -13289562.8667 8046084.1534, -13289583.091 8045944.6952, -13289571.3719 8045698.7807, -13289493.9724 8045425.7208, -13289507.0943 8045268.9565, -13289579.6712 8045129.4582, -13289700.4211 8045028.9035, -13289850.5776 8044982.9169, -13290006.807 8044998.6437, -13290144.8297 8045073.6398, -13290243.1983 8045196.2535, -13290308.4623 8045419.4559, -13290370.8829 8045565.0887, -13290522.7438 8045780.4447, -13290638.9013 8045888.0521, -13290770.4341 8045976.1288, -13290930.6641 8046048.4638, -13291083.6571 8046088.8341, -13291223.4822 8046104.1869, -13291364.0794 8046099.8916, -13291817.2345 8046012.8848, -13292055.2821 8045900.3985, -13292345.2336 8045655.1522, -13292495.3847 8045609.1088, -13292648.6622 8045624.4834, -13292680.301 8045572.3414, -13292818.5973 8045460.2794, -13292940.0487 8045320.0942, -13293073.435 8045223.1103, -13293226.2838 8045187.0967, -13293381.1475 8045213.0637, -13293711.6578 8045442.8059, -13293884.2529 8045529.9029, -13294070.2681 8045582.4019, -13294376.9948 8045616.2655, -13294445.6722 8045653.5304, -13294639.446 8045556.7067, -13294793.5779 8045520.3563, -13294948.4532 8045546.2917, -13295081.2904 8045630.1799, -13295254.2306 8045833.9708, -13295474.2456 8045991.0369, -13295564.4116 8046119.8441, -13295597.8811 8046273.5587, -13295565.0958 8046451.9785, -13295508.7431 8046583.1892, -13295471.8106 8046719.1768, -13295434.5503 8047020.3696, -13295579.6155 8046851.1677, -13295720.635 8046736.3922, -13295856.6014 8046652.2695, -13295802.9129 8046557.7693, -13295950.6855 8046603.7636, -13296536.8146 8046392.3332, -13296783.7016 8046239.9904, -13297072.883 8045976.9313, -13297526.8092 8045499.785, -13298024.8406 8045122.81229999, -13298230.3616 8044946.7504, -13298415.1135 8044748.4329, -13298513.6867 8044594.4766, -13298549.4923 8044507.7466, -13298601.4984 8044225.327, -13298592.4428 8043932.25, -13298550.3075 8043742.9202, -13298438.2508 8043473.0837, -13298282.3139 8043222.8251, -13298094.2935 8042990.3545, -13297877.0075 8042785.9113, -13297440.4098 8042431.6442, -13297355.4347 8042304.1607, -13297341.7441 8042234.8554, -13297357.8412 8042188.4044, -13297403.9124 8042174.0113, -13297523.4753 8042221.0303, -13298000.7951 8042558.7376, -13298212.0514 8042664.894, -13298435.8241 8042746.7715, -13298592.1993 8042784.0912, -13298832.8807 8042807.2083, -13299070.3685 8042805.2623, -13299305.5747 8042776.72649999, -13299462.1697 8042732.4831, -13299613.0416 8042658.7161, -13299681.0375 8042606.5575, -13299791.6187 8042474.8235, -13299836.3741 8042399.8952, -13299898.8359 8042236.7544, -13299925.6283 8042070.4871, -13299939.5384 8041823.6172, -13299971.7351 8041671.3202, -13300086.1839 8041479.1229, -13300247.2719 8041315.4297, -13300372.0519 8041219.0849, -13300783.2975 8040985.9966, -13301072.2756 8040877.9189, -13301521.9377 8040753.3938, -13301676.4192 8040724.8438, -13301833.2354 8040719.1131, -13302071.4942 8040748.8868, -13302454.1882 8040838.1979, -13302720.8408 8040950.2134, -13302873.8571 8041061.0579, -13302960.157 8041059.13050001, -13302994.9894 8041075.5314, -13303043.7617 8041128.487, -13303077.36 8041252.718, -13303060.3407 8042045.5693, -13303170.8825 8042744.6794, -13303242.7791 8043624.8472, -13303301.5832 8043904.0464, -13303541.8201 8044768.6911, -13303688.1377 8045418.9101, -13303924.0567 8046088.727, -13303967.6022 8046419.1807, -13303976.9001 8046766.8169, -13303939.725 8047059.0946, -13303862.5731 8047356.9209, -13303675.8793 8047852.3502, -13303567.885 8048047.24229999, -13303471.8016 8048160.4861, -13303354.0299 8048253.4123, -13302717.1784 8048562.6417, -13302508.5028 8048696.0389, -13302335.7755 8048874.7347, -13302215.0617 8049093.6578, -13302169.9357 8049255.4926, -13302146.6833 8049424.5395, -13302030.9643 8051167.9713, -13302033.0488 8051247.7449, -13302203.5984 8051640.7159, -13302325.8456 8051702.6002, -13302465.1484 8051728.739, -13303132.139 8051706.8729, -13303660.7711 8051724.5454, -13304058.6349 8051679.4329, -13304531.2266 8051542.9047, -13304685.5439 8051513.9525, -13304919.7585 8051511.2298, -13305156.0233 8051545.0603, -13305458.4171 8051641.8664, -13305939.6455 8051860.5798, -13306121.4526 8051986.0117, -13306580.9261 8052393.1526, -13306776.7835 8052531.6099, -13306921.1125 8052600.0463, -13307376.9459 8052772.2971, -13307749.1738 8052939.4785, -13307961.2689 8053057.0435, -13308590.6345 8053459.8997, -13308884.8549 8053604.1535, -13309124.179 8053662.4743, -13309290.5665 8053666.0314, -13309788.9054 8053565.1419, -13310131.6774 8053546.0288, -13310304.6416 8053559.441, -13310470.5467 8053593.42230001, -13310698.8947 8053684.0329, -13311162.0347 8053986.7417, -13311447.4001 8054121.5718, -13311579.4282 8054202.6748, -13311686.1628 8054307.8556, -13311762.0422 8054432.2188, -13311806.0384 8054569.8309, -13311828.6606 8054715.9229, -13311840.9784 8055102.9799, -13311830.411 8055412.7102, -13311841.9302 8055563.0565, -13311891.7455 8055848.8375, -13311879.7556 8055940.7646, -13311925.1548 8055902.726, -13312075.3792 8055856.2232, -13312283.2533 8055876.5153, -13312446.9824 8055961.5297, -13312579.252 8056009.9939, -13312734.4328 8056041.8722, -13313097.8942 8056077.6762, -13313236.3441 8056152.3438, -13313335.2333 8056274.8197, -13313381.4276 8056433.7684, -13313388.1396 8056591.3003, -13313420.6485 8056760.7026, -13313389.4589 8056932.7752, -13313321.991 8057063.9598, -13313275.9399 8057197.3247, -13313214.7126 8057515.3095, -13313184.7627 8057579.2143, -13318579.6046 8057583.827, -13319545.4659 8057555.0332, -13320804.8708 8057552.2994, -13321496.4398 8057534.9353, -13323202.2269 8057547.3742, -13324627.9056 8057531.234, -13325659.8552 8057547.6601, -13326581.5327 8057588.427, -13327416.3549 8057579.8403, -13327595.2325 8057563.4927, -13327763.4528 8057526.9656, -13327990.958 8057426.6921, -13328248.4349 8057271.0924, -13328312.3035 8057245.8791, -13328435.4497 8057228.8607, -13328544.2278 8057254.2879, -13329031.2641 8057456.0232, -13329248.8942 8057500.223, -13329391.6446 8057479.967, -13329773.7601 8057312.1582, -13329895.7412 8057289.3207, -13329955.1261 8057294.069, -13330065.1108 8057334.2228, -13330383.2525 8057545.03279999, -13330521.9589 8057588.2716, -13330673.4377 8057602.3827, -13331361.3587 8057576.4905, -13333722.2752 8057588.7432, -13334610.3747 8057562.8492, -13336550.6558 8057544.0168, -13339021.2423 8057542.4482, -13339370.8051 8057553.629, -13339785.826 8057600.8174, -13340108.3878 8057795.9275, -13340140.1175 8057838.2964, -13340288.9831 8057776.1421, -13340450.1383 8057668.7712, -13340576.464 8057546.0148, -13340670.4161 8057418.2199, -13340743.2542 8057277.2756, -13340797.0906 8057110.1945, -13340910.6666 8056920.2525, -13341069.3244 8056796.0402, -13341078.723 8056719.5586, -13341057.9689 8056639.4557, -13341080.3552 8056483.54, -13341161.1498 8056348.4106, -13341281.7636 8056247.9264, -13341418.0528 8056074.6924, -13341395.6913 8055803.1391, -13341408.5807 8055635.077, -13341607.4594 8055236.8656, -13341683.974 8054933.7523, -13341791.2609 8054754.2831, -13341917.8696 8054660.9496, -13342070.6455 8054623.891, -13342225.8451 8054648.8658, -13342553.0308 8054850.949, -13342651.8574 8054893.7087, -13342870.4683 8054832.034, -13343041.8443 8054742.1059, -13343350.4868 8054516.4661, -13343503.2512 8054479.3793, -13343731.8927 8054510.0144, -13343925.1383 8054501.0503, -13344096.4362 8054460.9491, -13344258.1781 8054391.6537, -13344377.3743 8054316.5849, -13344441.5798 8054262.3125, -13344474.4087 8054050.52229999, -13344464.7253 8053874.5646, -13344421.2219 8053692.47380001, -13344433.2002 8053535.4738, -13344504.8135 8053395.3158, -13344624.9296 8053293.7791, -13344781.4626 8053244.5721, -13344806.4881 8053195.5884, -13344981.8608 8053053.0642, -13345010.6901 8052881.194, -13345042.5085 8052827.9162, -13345210.5897 8052703.8982, -13345276.4953 8052687.8817, -13345417.6371 8052570.0465, -13345570.3511 8052532.9283, -13345878.2947 8052581.5352, -13346006.7867 8052586.7804, -13346111.2112 8052566.1269, -13346305.1204 8052482.9889, -13346450.6246 8052384.0329, -13346588.1576 8052247.8181, -13346697.2161 8052087.8167, -13346794.0324 8051863.5872, -13346850.9369 8051768.8864, -13346963.0399 8051689.118, -13347137.6733 8051636.1819, -13347312.1508 8051650.7918, -13347487.2766 8051634.8935, -13347623.7275 8051600.3557, -13347754.0509 8051547.1266, -13347923.6742 8051439.3108, -13347898.6927 8050767.5321, -13347918.3444 8050457.5216, -13347963.2555 8050241.4082, -13348011.0625 8050111.1971, -13348086.2727 8050006.9507, -13348134.1446 8049969.4659, -13348242.8499 8049932.41749999, -13348351.0425 8049944.4061, -13348448.1365 8049996.1608, -13348715.6517 8050209.6749, -13348825.3879 8050247.4469, -13348900.7109 8050130.4034, -13349061.7047 8049961.3243, -13349187.9524 8049681.9207, -13349363.248 8049425.3854, -13349512.7541 8049316.0839, -13349682.6026 8049262.3035, -13349858.0588 8049266.3245, -13350021.7825 8049330.1635, -13350162.7059 8049444.5656, -13350400.0803 8049716.4644, -13350543.1763 8049671.3619, -13350699.5928 8049685.8209, -13350891.8531 8049784.3854, -13350985.3947 8049628.1734, -13351077.0043 8049560.2502, -13351200.1553 8049534.2288, -13351323.4332 8049537.3597, -13351318.3803 8049522.2422, -13351586.6372 8049317.2196, -13351736.461 8049269.9705, -13351892.8707 8049284.4039, -13352031.5586 8049358.2768, -13352130.9741 8049480.1121, -13352147.0524 8049534.3897, -13352258.4356 8049507.5224, -13352418.2752 8049522.261, -13352556.9725 8049596.1262, -13352656.3996 8049717.9582, -13352701.1012 8049868.823, -13352684.1274 8050025.2777, -13352521.8544 8050339.6716, -13352657.9472 8050404.0713, -13352827.9401 8050449.0098, -13353020.7423 8050463.4665, -13353160.8722 8050450.6379, -13353302.6356 8050416.8959, -13353459.0711 8050431.298, -13353619.7226 8050513.737, -13353752.1398 8050561.4314, -13353907.3571 8050592.4286, -13354047.9083 8050599.2468, -13354257.0913 8050572.663, -13354456.1829 8050503.0834, -13354608.0823 8050414.398, -13354805.8237 8050251.8224, -13355182.0151 8050123.35450001, -13355319.4331 8050044.7081, -13355429.9478 8049957.46, -13355464.9861 8049917.448, -13355385.5625 8049785.3365, -13355328.4538 8049566.61559999, -13355350.5249 8049410.8129, -13355430.9852 8049275.6652, -13355557.3269 8049182.1757, -13355709.9162 8049144.8701, -13355748.7397 8049151.046, -13355794.7012 8049039.1808, -13355875.1499 8048904.0351, -13356001.4795 8048810.5431, -13356154.0589 8048773.2305, -13356309.1754 8048797.895, -13356481.4974 8048890.5537, -13356656.0828 8048836.941, -13356811.202 8048861.5952, -13357071.4168 8049021.2894, -13357196.8776 8049075.2867, -13357394.576 8049034.7736, -13357751.2379 8049093.544, -13357897.2284 8049057.8063, -13358052.3555 8049082.4352, -13358152.8257 8049144.7008, -13358231.241 8049124.7346, -13358420.2959 8049031.2854, -13358694.1694 8048831.844, -13358846.7339 8048794.4765, -13359001.8582 8048819.0849, -13359135.4369 8048901.8456, -13359226.7106 8049029.8986, -13359261.4926 8049183.3464, -13359231.3879 8049355.4043, -13359180.8038 8049440.4679, -13359044.103 8049548.9086, -13358892.8416 8049591.3178, -13358793.2772 8049579.8922, -13359018.0643 8049712.6918, -13359151.9458 8049812.4666, -13359227.244 8049748.5638, -13359377.024 8049701.1597, -13359533.453 8049715.4331, -13359672.2203 8049789.1658, -13359750.1236 8049884.4385, -13359873.1272 8049879.5484, -13360125.1962 8049803.4288, -13360292.9921 8049707.2487, -13360492.8939 8049542.5837, -13360666.3838 8049592.828, -13360904.5463 8049855.0163, -13360822.1015 8050217.9214, -13361407.1 8050983.6375, -13361585.3535 8051041.9551, -13361739.555 8051126.5798, -13361876.7498 8051236.744, -13361982.2268 8051354.9774, -13362076.155 8051503.8905, -13362142.8485 8051666.8845, -13362217.3159 8051989.5447, -13362230.103 8052182.8553, -13362201.8141 8052392.2367, -13362122.9113 8052606.9819, -13361997.8068 8052798.4446, -13361832.9117 8052956.8066, -13361668.5203 8053058.8744, -13361484.4838 8053133.4133, -13361424.134 8053501.6662, -13361450.2765 8054583.1604, -13361083.3619 8054802.7225, -13360510.5379 8054831.9667, -13360326.5763 8055668.7604, -13360808.9431 8055893.5737, -13360908.588 8056015.3914, -13360953.4958 8056166.3273, -13360942.6436 8056274.5385, -13361415.782 8057242.7228, -13362134.1299 8057810.9929, -13362006.2212 8057828.2035, -13361847.2721 8057808.4309, -13361695.823 8057721.4784, -13361633.101 8057644.8176, -13361616.4329 8057594.9055, -13361485.5257 8057618.7099, -13361534.1044 8057667.2929, -13361607.9129 8057978.2111, -13361562.9877 8058222.1061, -13361660.7985 8058469.0784, -13361882.4354 8058606.2739, -13361966.895 8058755.1973, -13361996.3605 8058927.5949, -13362053.7468 8059092.3311, -13362132.7961 8059254.6534, -13362234.489 8059398.5836, -13362387.0936 8059544.7171, -13362550.8828 8059648.0713, -13362731.351 8059718.21289999, -13362985.6918 8059772.7682, -13363059.6798 8059814.0922, -13363212.4943 8060027.9363, -13363252.0896 8060202.1543, -13363223.2103 8060328.7199, -13363186.8674 8060387.8778, -13362939.0959 8060590.2486, -13362764.5718 8060765.3105, -13362650.2256 8060844.8193, -13362635.8073 8060884.8338, -13362500.2179 8060990.9102, -13362506.8625 8061332.7079, -13362046.7186 8061618.1832, -13361750.7149 8062351.2093, -13361878.7933 8062440.393, -13361931.6048 8062639.0868, -13362136.2369 8062839.0358, -13362157.9461 8063128.7499, -13362182.873 8063218.172, -13362462.1076 8063432.9393, -13362499.5934 8063663.1391, -13362366.1225 8063906.2114, -13362477.8861 8064069.8816, -13362512.8131 8064223.6178, -13362482.7329 8064396.0332, -13362432.0895 8064481.2913, -13362253.4285 8064623.159, -13362076.0851 8064739.7225, -13361916.5617 8064904.0232, -13361829.7147 8065036.9414, -13361770.7817 8065165.2541, -13361730.2456 8065300.5373, -13361706.3825 8065460.68509999, -13361630.388 8065598.7864, -13361583.082 8065636.3431, -13361599.971 8065858.6595, -13361802.0241 8066305.2006, -13361793.139 8066628.1405, -13361921.5317 8066854.6402, -13362047.7148 8066874.5954, -13362119.6545 8066919.1194, -13362343.7159 8066738.096, -13362191.3863 8066966.5594, -13362684.1285 8068475.85760001, -13362293.8854 8068674.7588, -13362148.686 8068731.126, -13361921.8941 8068762.2241, -13361728.6083 8068747.9766, -13361524.637 8068690.4368, -13361330.0655 8068659.6527, -13361177.1119 8068697.1811, -13361050.5205 8068791.0165, -13360969.963 8068926.5798, -13360947.9634 8069082.8022, -13361049.0524 8069475.7633, -13361068.5282 8069686.6414, -13361056.9354 8069827.4963, -13361025.8874 8069965.3662, -13360901.2091 8070243.8823, -13360885.7359 8070452.9199, -13360941.2061 8070619.0471, -13361004.0335 8070695.8435, -13361155.7421 8070782.9532, -13361214.4763 8070790.2624, -13361171.1835 8070849.4966, -13361087.4378 8071032.8483, -13361238.2594 8071246.2759, -13361293.0045 8071399.7411, -13361379.253 8071553.7875, -13361478.6801 8071677.7236, -13361582.3678 8071773.6123, -13361920.2419 8071991.6146, -13362011.8554 8072120.018, -13362102.5415 8072480.4401, -13362222.5982 8072708.6115, -13362174.7232 8072733.083, -13362015.0894 8072868.687, -13361943.6334 8073009.3732, -13361932.0043 8073166.79869999, -13361941.5381 8073198.5524, -13361797.2651 8073298.0032, -13361716.6757 8073433.65649999, -13361683.2481 8073587.9819, -13361633.3375 8073720.252, -13361496.2396 8073962.0582, -13361471.9147 8074200.6148, -13361641.6507 8074450.714, -13361722.983 8074627.1201, -13361864.3189 8075079.5325, -13361859.5107 8075144.6218, -13361900.7352 8075339.7771, -13361901.8209 8075551.7179, -13361858.897 8075759.2594, -13361755.7332 8075978.5622, -13362773.5605 8076492.6533, -13362737.2721 8076565.5042, -13362722.9439 8076750.1419, -13362751.3887 8076995.1721, -13362718.9812 8077343.7495, -13362647.4043 8077561.8575, -13362528.6829 8077758.2488, -13362409.0193 8077888.1601, -13362214.9376 8078022.9301, -13362212.2149 8078182.6104, -13362942.1136 8078510.3701, -13364528.5905 8078412.904, -13364521.9492 8078464.5503, -13364562.0574 8078617.3235, -13364657.9903 8078742.6959, -13364794.8383 8078821.1779, -13364955.8603 8078841.1307, -13365043.8898 8078830.5942, -13365251.4895 8078955.3321, -13365451.1206 8079158.39060001, -13365603.0529 8079245.50159999, -13365759.5559 8079264.8769, -13366226.3235 8079969.91749999, -13366488.7192 8080727.8142, -13367308.0978 8080665.6088, -13367858.5595 8080223.4948, -13368006.8004 8080134.589, -13368081.8114 8080052.9931, -13368241.3737 8080192.56, -13368386.1672 8080275.5051, -13368542.6974 8080294.8237, -13368694.5157 8080252.0281, -13368831.6203 8080142.9538, -13368882.2903 8080057.47339999, -13368912.275 8079884.67409999, -13368877.1347 8079730.6526, -13368848.0605 8079689.9848, -13368960.9847 8079628.1975, -13369005.5562 8079580.307, -13369144.9641 8079597.5011, -13369800.1855 8079429.6078, -13370038.1878 8079278.7299, -13370232.8979 8079123.7698, -13370389.6574 8078853.0786, -13370570.3656 8078659.8813, -13370794.8188 8078520.121, -13370993.3452 8078455.8877, -13371142.1204 8078339.2201, -13371328.3376 8078238.4896, -13371531.3862 8078178.7437, -13371653.2523 8078169.4159, -13371698.6559 8078224.7487, -13371850.6378 8078311.7197, -13372007.1336 8078330.9615, -13372174.7797 8078275.4556, -13372198.6431 8078286.1632, -13372345.5725 8078384.0574, -13372511.1333 8078524.939, -13372606.3244 8078629.464, -13372694.8729 8078761.5935, -13372778.4843 8078937.5609, -13372874.207 8079054.1798, -13373026.2194 8079141.1355, -13373411.65 8079188.8709, -13373583.1652 8079230.4921, -13373744.8633 8079301.3161, -13373877.9298 8079388.2656, -13374007.8103 8079507.9694, -13374124.3084 8079663.4813, -13374202.7507 8079821.8685, -13374292.8452 8080086.2973, -13374355.8891 8080163.07159999, -13374507.9408 8080250.009, -13374664.4826 8080269.1985, -13374816.2621 8080226.279, -13375080.5615 8080016.5309, -13375231.2118 8079924.4166, -13375412.5313 8079855.0573, -13375618.1816 8079820.6417, -13375812.6064 8079765.6361, -13375936.0085 8079667.2708, -13376011.8699 8079528.768, -13376035.1449 8079353.4008, -13376079.1914 8079200.4826, -13376193.4975 8078981.3951, -13376370.6592 8078784.9306, -13376720.7892 8078526.49449999, -13376796.6246 8078388.0055, -13376813.1382 8078230.9173, -13376722.8455 8077901.1837, -13376709.5354 8077760.3371, -13376715.9212 8077619.0081, -13376751.3729 8077445.8555, -13376824.2649 8077265.89679999, -13376902.2026 8076900.64810001, -13376984.4698 8076724.6251, -13377087.1374 8076580.9015, -13377213.1526 8076457.2226, -13377537.8045 8076213.5243, -13377613.6026 8076075.0708, -13377630.0951 8075918.0297, -13377584.7229 8075766.8103, -13377484.5398 8075644.91089999, -13377362.226 8075580.311, -13378052.504 8075292.7122, -13378535.7583 8075153.7767, -13378784.5052 8074766.5259, -13378166.6267 8073259.8869, -13378269.8978 8073229.7804, -13378497.2512 8073550.8965, -13378590.6257 8073656.9241, -13378741.1679 8073779.3938, -13378928.6363 8073877.4814, -13379114.9829 8073931.278, -13379308.1532 8073948.4591, -13379484.9123 8073931.4636, -13379594.2118 8073946.2019, -13380034.8442 8074154.9997, -13380096.9556 8074225.8216, -13380227.2884 8074124.9972, -13380262.4847 8074116.26569999, -13380266.5344 8073998.94609999, -13380337.6496 8073858.0756, -13380457.5815 8073755.6886, -13380607.6907 8073707.6951, -13380980.5055 8073726.7257, -13381120.1136 8073705.9709, -13381270.7702 8073660.0873, -13381178.8039 8073786.9027, -13381087.2546 8073987.9415, -13381194.0088 8074031.982, -13381517.2962 8074085.9323, -13381534.7603 8073947.2264, -13382085.1029 8073615.7878, -13382144.6961 8073317.6885, -13381980.0541 8073305.6318, -13381822.8429 8073327.6187, -13381672.1966 8073373.51129999, -13381754.7796 8073261.6882, -13381822.2358 8073137.4988, -13381876.6638 8072988.1174, -13381907.6475 8072826.8252, -13381979.6101 8072684.1994, -13382070.2677 8072606.7706, -13382275.6255 8072662.7111, -13382799.2273 8072295.659, -13383527.6362 8072351.76919999, -13384007.3586 8072357.2985, -13384271.8184 8072141.5272, -13384364.2207 8072152.7347, -13384515.775 8072109.6708, -13384635.6955 8072013.8573, -13384687.2703 8072076.6266, -13384752.7461 8072084.5646, -13384904.2966 8072041.4933, -13385042.091 8071931.3871, -13385126.4425 8071776.9472, -13385142.77 8071619.9843, -13385097.2758 8071468.901, -13385027.5155 8071379.1003, -13385101.3835 8071186.9992, -13385216.2765 8071239.5243, -13385369.5395 8071280.7451, -13385575.5972 8071303.5318, -13385620.2134 8071327.0344, -13385678.43 8071412.79, -13385822.2894 8071425.3639, -13386175.8644 8071594.2226, -13386276.1295 8071715.9368, -13386321.6489 8071867.0176, -13386279.7485 8072314.2288, -13386311.8383 8072576.7944, -13386356.5698 8072710.8771, -13386428.2344 8072851.8985, -13386551.4767 8072913.5058, -13386702.4187 8072962.6888, -13386841.5967 8072986.061, -13387105.497 8072976.8934, -13387378.9022 8072900.2547, -13387783.7589 8072943.78100001, -13388000.4856 8072933.6996, -13388189.2657 8072950.17670001, -13388266.2336 8073142.9991, -13388409.7845 8073172.3262, -13388453.7855 8073224.177, -13388469.733 8073275.052, -13388351.0064 8073218.8561, -13388142.5112 8073200.6626, -13387992.4649 8073248.803, -13387872.6477 8073351.301, -13387801.6812 8073492.2295, -13387790.5972 8073649.6891, -13387837.3848 8073838.2007, -13387848.1283 8074014.5376, -13387379.1239 8073682.5487, -13387255.1463 8073660.0977, -13387153.5485 8073708.813, -13386815.3231 8073774.0083, -13386515.9217 8073995.8735, -13386213.6634 8074350.1926, -13386178.6987 8074422.2539, -13386317.3203 8074601.3066, -13386255.8098 8074566.48709999, -13386638.5436 8075044.9524, -13386379.1297 8075144.6483, -13386601.6144 8075350.2389, -13386939.1299 8075596.9605, -13386899.4677 8075776.9709, -13386732.2734 8075718.5906, -13386575.4518 8075693.6623, -13386434.2864 8075692.386, -13386249.5512 8075722.8849, -13386361.4051 8075847.1222, -13386248.7422 8076579.6872, -13385085.0468 8076793.488, -13385060.7378 8076820.988, -13385004.3495 8076924.9118, -13385177.3398 8077042.2282, -13385340.2967 8077109.9389, -13385530.0476 8077150.4324, -13385734.8402 8077150.8855, -13385874.5993 8077405.5067, -13385937.681 8077626.2118, -13385951.1641 8077767.0343, -13385944.9531 8077908.3689, -13385914.5895 8078064.5584, -13385867.4008 8078197.903, -13385802.1454 8078323.3723, -13385708.7312 8078452.07729999, -13385383.6775 8078746.3902, -13385296.1217 8078881.6661, -13385176.8472 8079011.9515, -13384975.8968 8079155.4069, -13384729.6765 8079252.9344, -13384675.5844 8079299.1691, -13385018.4959 8079462.7938, -13385172.6235 8079501.3699, -13385330.8779 8079515.3128, -13385471.8621 8079506.7351, -13385627.2685 8079473.7084, -13385969.251 8079328.2475, -13386282.3885 8079355.654, -13386372.1472 8079446.2587, -13386431.3155 8079534.6338, -13386471.9362 8079632.9618, -13386521.3002 8079836.3281, -13386594.4426 8079997.2358, -13386683.2504 8080129.2152, -13386791.5764 8080245.6521, -13386961.7017 8080371.82989999, -13387137.592 8080454.0436, -13387325.9115 8080501.1195, -13387519.7382 8080511.3264, -13387711.9466 8080484.2892, -13387895.4713 8080421.0021, -13388248.5311 8080208.0375, -13388362.083 8080123.8661, -13388462.834 8080024.6814, -13388548.8235 8079912.41480001, -13388729.7547 8079561.5728, -13388992.6058 8079337.22739999, -13389197.1593 8079065.916, -13389332.0358 8078950.4891, -13389497.2217 8078914.57590001, -13389577.147 8078918.8731, -13389474.2103 8078838.8314, -13389422.4992 8078766.9198, -13389362.7621 8078568.9669, -13389368.5343 8078478.5561, -13389406.8547 8078343.1238, -13389431.0352 8077966.377, -13389371.1873 8077696.8818, -13390264.8083 8077472.2849, -13391041.4129 8077831.3465, -13391059.5679 8077862.3046, -13391071.0513 8077855.5482, -13391279.0324 8078190.455, -13391351.0135 8078348.4297, -13391397.39 8078508.3984, -13391403.5196 8078745.6756, -13391369.5392 8078896.3933, -13391315.1023 8079037.7587, -13391164.5704 8079296.60239999, -13390889.9332 8079659.6135, -13390766.0459 8079848.0725, -13390398.4192 8080564.9771, -13390323.0428 8080679.3253, -13390232.5925 8080777.5594, -13390073.3104 8080880.473, -13389957.5527 8080911.748, -13389837.7206 8080917.975, -13389600.119 8080880.82810001, -13389481.6121 8080879.2319, -13389372.2807 8080928.2599, -13389285.5338 8081020.3756, -13389225.7616 8081139.0772, -13389200.1463 8081276.9037, -13389201.4172 8081420.128, -13389246.37 8081753.5933, -13389240.9248 8081871.1523, -13389114.8738 8082166.9131, -13389098.2747 8082320.9469, -13389128.8265 8082427.2504, -13389195.0824 8082531.3373, -13389298.0278 8082624.244, -13389597.4425 8082836.6038, -13389688.0308 8082956.5723, -13389720.4709 8083027.0891, -13389762.057 8083258.6357, -13389750.0114 8083837.79869999, -13389775.5205 8083960.5247, -13389841.3454 8084068.8783, -13389946.441 8084150.2905, -13390082.0098 8084195.2689, -13390230.9636 8084201.6359, -13390602.3703 8084143.1041, -13390754.991 8084163.3866, -13390895.7485 8084233.9774, -13391012.9013 8084342.3262, -13391269.1357 8084751.2286, -13391427.4137 8084919.6592, -13391627.5501 8085038.5031, -13392079.6985 8085183.7399, -13392216.6213 8085266.7675, -13392275.9576 8085321.8972, -13392374.8001 8085448.9058, -13392481.684 8085669.5813, -13392520.3974 8085827.15779999, -13392534.1358 8085984.9235, -13392482.4657 8086594.7463, -13392447.3321 8086731.6493, -13392378.4508 8086841.95579999, -13392333.847 8086884.7025, -13392228.9537 8086940.0658, -13392111.9464 8086952.2286, -13391895.3005 8086906.3844, -13391793.4288 8086901.6405, -13391695.8054 8086941.504, -13391653.0852 8086979.1089, -13391584.5951 8087083.1612, -13391562.6625 8087147.1774, -13391514.9593 8087522.0305, -13391472.9587 8087676.2284, -13391403.4441 8087826.8123, -13391263.0117 8088038.4901, -13391095.6552 8088228.6431, -13390795.913 8088508.331, -13390411.098 8088917.1284, -13390184.4748 8089128.8678, -13390003.4061 8089258.5038, -13389673.1002 8089418.8292, -13389540.2351 8089500.362, -13389237.8992 8089778.245, -13389036.8765 8090052.1458, -13388724.1112 8090576.5381, -13388284.8017 8091235.1545, -13387981.3991 8091745.2974, -13387833.8602 8091942.2451, -13387408.856 8092447.2301, -13387172.262 8092654.704, -13386910.7003 8092812.9388, -13386388.0383 8093048.0085, -13385746.2872 8093244.3334, -13385450.5465 8093363.0361, -13385084.8765 8093567.3455, -13384673.0241 8093870.5882, -13384364.647 8094136.9521, -13384174.2243 8094381.6487, -13384006.6646 8094677.5769, -13383667.9853 8095423.9103, -13383517.3047 8095677.1064, -13383425.8667 8095789.952, -13383317.35 8095878.0621, -13383196.014 8095933.5059, -13383070.1898 8095963.5459, -13382716.5279 8096004.957, -13382612.8955 8096045.1691, -13382566.5083 8096079.0343, -13382493.3575 8096172.1761, -13382453.4517 8096291.52929999, -13382449.0349 8096357.9628, -13382472.4879 8096491.68999999, -13382529.0144 8096616.0313, -13382667.0102 8096836.3556, -13382710.1461 8096954.3894, -13382702.4473 8097159.3517, -13382642.2296 8097381.8972, -13382438.424 8097970.3301, -13382348.8069 8098425.42409999, -13382308.3485 8098565.2016, -13382215.508 8098750.0651, -13381884.9155 8099258.0173, -13381770.7638 8099510.4026, -13381703.5251 8099719.1148, -13381662.0772 8099947.6581, -13381649.4447 8100185.5092, -13381668.6968 8100502.1586, -13381766.2535 8101261.8376, -13381724.3665 8101777.9336, -13381716.3832 8102150.3228, -13381668.179 8102349.3739, -13381603.2629 8102457.4426, -13381511.6181 8102535.5728, -13381352.1085 8102582.0297, -13381559.7574 8102809.3791, -13381729.2655 8102959.7898, -13381887.9333 8103060.1897, -13382010.4671 8103209.0711, -13382127.614 8103395.1569, -13382249.3837 8103523.9076, -13382361.7378 8103610.412, -13382615.1997 8103766.99849999, -13382820.0269 8104031.2335, -13382948.8349 8104158.3621, -13383018.2895 8104255.1041, -13383074.5126 8104410.2605, -13383161.6058 8104564.7086, -13383312.8333 8104739.1002, -13383563.4392 8105087.3173, -13383657.2919 8105193.7145, -13383765.0146 8105285.9902, -13383884.5103 8105362.3474, -13384030.1115 8105427.383, -13384187.8484 8105469.4645, -13384323.5752 8105552.8802, -13384415.9961 8105681.5596, -13384451.5933 8105836.0284, -13384421.8842 8106009.4815, -13384371.2278 8106095.3645, -13384193.2708 8106237.5723, -13383992.2764 8106290.8045, -13383845.4809 8106353.1379, -13383696.0546 8106448.392, -13383565.4048 8106568.1932, -13383438.9518 8106739.1887, -13383356.5285 8106915.9945, -13383309.2917 8107105.3118, -13383272.6226 8107447.50689999, -13383210.3847 8107588.8295, -13382896.5389 8107858.2166, -13382747.8982 8108043.2161, -13382653.1454 8107813.4486, -13382502.7852 8107606.2302, -13382446.5396 8107439.4652, -13382460.5855 8107148.5721, -13382429.3371 8106938.0653, -13382377.8318 8106787.2638, -13382289.5315 8106613.332, -13382205.296 8106499.1078, -13382106.0149 8106397.7402, -13381836.02 8106215.6578, -13381648.0481 8105971.8208, -13381669.084 8106186.0074, -13381767.7279 8106570.1853, -13381709.8806 8106916.6213, -13381705.0988 8107094.0071, -13381727.1618 8107252.218, -13381830.1244 8107642.4406, -13381798.7112 8107825.4638, -13381724.7944 8108031.8549, -13381699.7185 8108189.635, -13381705.1071 8108402.4249, -13381760.5951 8108626.1522, -13381884.9738 8108860.9523, -13382052.203 8109044.0689, -13382227.2339 8109164.7781, -13382302.3894 8109194.55879999, -13382492.6262 8109028.3845, -13382628.7399 8108855.923, -13382732.3658 8109101.1195, -13382896.0837 8109319.9179, -13382941.7871 8109471.7743, -13382895.9373 8109838.9377, -13382980.1702 8110111.5994, -13383065.4853 8110287.1211, -13383194.7609 8110456.1185, -13383356.2903 8110594.4956, -13383526.6838 8110689.246, -13383694.7094 8110745.672, -13383869.9643 8110772.0062, -13384087.0847 8110762.06889999, -13384277.1039 8110778.7264, -13384417.2586 8110852.5569, -13384518.0426 8110974.9193, -13384599.988 8111229.6366, -13384663.2278 8111356.8372, -13384748.4191 8111480.0434, -13384794.2464 8111632.1703, -13384777.8483 8111789.97510001, -13384703.3597 8111942.9319, -13384656.648 8112095.7775, -13384635.6225 8112236.3294, -13384634.3268 8112378.4478, -13384652.7875 8112519.3664, -13384690.6463 8112656.3418, -13384755.4935 8112802.4105, -13384839.1752 8112932.29, -13384885.6056 8113086.4091, -13384869.2069 8113244.245, -13384691.164 8113573.5353, -13384620.1096 8113774.2979, -13384591.9541 8114003.2599, -13384612.2488 8114215.3086, -13384698.5969 8114466.8608, -13384780.7508 8114603.9559, -13384914.5068 8114770.3311, -13384960.2873 8114922.2835, -13384919.8205 8115320.6236, -13384924.3994 8115498.2117, -13384954.8038 8115655.2091, -13385021.3892 8115830.9678, -13385097.6666 8116123.3045, -13385156.486 8116252.718, -13385243.3956 8116386.8829, -13385423.0066 8116568.7125, -13385551.3285 8116724.4579, -13385597.1349 8116876.445, -13385580.7455 8117034.3619, -13385498.3896 8117218.5306, -13385454.4599 8117408.9196, -13385447.5984 8117604.2131, -13385478.2883 8117798.0876, -13385461.6799 8117958.0947, -13385380.4613 8118140.1788, -13385336.5238 8118330.5908, -13385329.6591 8118525.9084, -13385360.3401 8118719.7685, -13385343.7274 8118879.7986, -13385187.0154 8119175.257, -13385016.4686 8119311.5873, -13384851.2929 8119389.8791, -13384706.8148 8119493.0431, -13384510.816 8119700.8458, -13384414.6404 8119828.6006, -13384346.8277 8119953.6006, -13384297.0381 8120086.841, -13384263.7615 8120243.3532, -13384225.0401 8120612.0981, -13384148.9378 8120751.4541, -13384024.9831 8120850.5135, -13383810.9997 8120911.3425, -13383511.4012 8120902.2509, -13383326.5838 8120920.7813, -13383163.1044 8120916.0028, -13382932.8478 8120950.3394, -13382782.6973 8121004.98480001, -13382642.9255 8121082.4871, -13382516.9732 8121180.9388, -13382407.9415 8121297.9177, -13382318.5155 8121430.54469999, -13382122.9787 8121804.7082, -13382076.1576 8121957.7423, -13382020.3816 8122275.7407, -13381969.5917 8122361.7981, -13381855.4356 8122465.33829999, -13381764.9913 8122575.0883, -13381640.0144 8122810.1315, -13381592.4463 8122981.4548, -13381575.62 8123140.6517, -13381589.0866 8123335.7528, -13381636.7696 8123523.0383, -13381620.2854 8123681.08959999, -13381544.1042 8123820.478, -13381420.0637 8123919.537, -13381202.5461 8123988.3865, -13381030.0885 8124080.0658, -13380891.0537 8124190.6655, -13380773.2976 8124323.7724, -13380680.3985 8124475.344, -13380620.3931 8124623.75029999, -13380584.2984 8124779.7365, -13380548.3376 8125114.1392, -13380472.1219 8125253.5444, -13380348.0434 8125352.6056, -13380085.5301 8125436.4887, -13379885.6802 8125551.8199, -13379705.4 8125722.8653, -13379416.216 8126116.5707, -13378962.3193 8126335.8925, -13378831.259 8126427.6087, -13378725.5874 8126528.2373, -13378629.4705 8126651.608, -13378548.0714 8126799.9624, -13378440.9666 8126936.3204, -13378363.6547 8126989.9296, -13378039.9994 8127112.8808, -13377874.2314 8127216.3645, -13377696.8715 8127390.5291, -13377566.8305 8127602.5082, -13377493.4652 8127786.2197, -13377454.793 8127959.8996, -13377446.8123 8128137.6727, -13377469.0042 8128310.5156, -13377451.5587 8128476.9104, -13377370.7413 8128657.8798, -13377326.5434 8128848.5196, -13377319.4665 8129044.1105, -13377350.3951 8129239.8, -13377312.0573 8129610.5046, -13377144.9492 8129635.9845, -13376917.2393 8129701.72, -13376786.7532 8129758.3447, -13376650.9941 8129843.0652, -13376542.7297 8129935.4335, -13376448.3479 8130041.9982, -13376265.4325 8130350.9, -13376141.213 8130449.9625, -13375912.5873 8130524.1004, -13375712.5355 8130639.4034, -13375543.4946 8130796.8335, -13375414.1295 8130988.3256, -13375335.7057 8131186.8575, -13375287.8184 8131435.2145, -13375219.2016 8131562.4171, -13375169.1753 8131695.8097, -13375128.726 8131923.4859, -13375133.0929 8132101.4806, -13375168.2473 8132276.0157, -13375233.1233 8132441.7868, -13375334.959 8132606.7507, -13375370.5132 8132761.8212, -13375340.5016 8132935.8718, -13375289.5642 8133022.0103, -13375151.6052 8133132.002, -13374998.7578 8133175.26299999, -13374829.2771 8133154.5301, -13374684.2088 8133101.7862, -13374527.1841 8133070.9351, -13374367.2754 8133065.069, -13374208.4189 8133084.3321, -13374037.8979 8133134.6114, -13373885.8233 8133209.5051, -13373544.1327 8133309.614, -13373338.2208 8133414.2466, -13373266.1486 8133475.6832, -13373138.609 8133590.2984, -13372991.1524 8133804.4579, -13372900.5333 8134061.7031, -13372847.631 8134517.3442, -13372771.1776 8134656.8525, -13372646.84 8134755.9167, -13372493.9436 8134799.1368, -13372303.824 8134775.8151, -13372166.0631 8134734.5131, -13372007.6129 8134711.87919999, -13371829.8717 8134716.1806, -13371655.5746 8134751.3328, -13371332.1418 8134876.4997, -13371102.4716 8134921.7927, -13370935.7984 8134983.8135, -13370782.4039 8135073.8845, -13370569.5324 8135241.47559999, -13370295.1696 8135320.0665, -13370163.5675 8135374.3288, -13370026.1749 8135456.6069, -13369890.7003 8135571.9863, -13369787.5246 8135694.5938, -13369704.7615 8135831.8625, -13369644.4498 8135980.4141, -13369606.9828 8136144.2495, -13369529.5134 8136285.4681, -13369406.6235 8136398.9914, -13369306.262 8136527.837, -13369314.9797 8136626.7637, -13369195.1504 8137192.1676, -13369194.7685 8137352.5659, -13369218.2493 8137505.8348, -13369200.9144 8137669.4816, -13369124.3612 8137809.0139, -13368972.8137 8137949.0593, -13368867.3679 8138093.7182, -13368761.3024 8138336.6235, -13368722.1575 8138535.7716, -13368726.579 8138771.136, -13368851.5396 8139234.8514, -13368834.7576 8139393.2147, -13368758.1806 8139532.7761, -13368633.7084 8139631.8414, -13368480.6872 8139675.0105, -13368123.6818 8139647.8465, -13367965.0235 8139669.7747, -13367703.6353 8139741.6527, -13367553.7679 8139731.6817, -13367411.7804 8139742.5036, -13367087.7935 8139810.397, -13366847.993 8139926.7726, -13366734.7837 8140013.3128, -13366634.6959 8140114.7949, -13366549.6777 8140229.2447, -13366481.3841 8140354.4359, -13366405.9164 8140591.9472, -13366356.834 8141022.8566, -13366280.1942 8141162.4243, -13366155.6611 8141261.4714, -13365878.6268 8141342.995, -13365687.3536 8141437.8569, -13365519.9416 8141570.4836, -13365356.3726 8141778.5546, -13365230.5681 8141878.5878, -13365079.1541 8141921.2299, -13365018.9376 8142020.3887, -13364894.3734 8142119.4267, -13364741.2772 8142162.5352, -13364583.4474 8142143.0119, -13364430.2205 8142055.1813, -13364366.7341 8141977.6971, -13364310.6105 8141810.023, -13364333.647 8141341.3675, -13364298.837 8141149.7676, -13364103.9981 8140946.0234, -13363940.2077 8140838.7476, -13363722.5848 8140754.5692, -13363509.766 8140634.2747, -13363378.3622 8140579.26129999, -13363223.0605 8140539.9469, -13362981.5025 8140508.927, -13362813.1591 8140412.3816, -13362620.8875 8140264.5088, -13362410.0691 8140169.6476), (-13328938.0671 8113587.2055, -13329193.8968 8113507.995, -13329301.536 8113540.5339, -13329537.6225 8113497.5214, -13329367.549 8113406.9069, -13329304.6697 8113329.405, -13329249.5575 8113162.0828, -13329261.9197 8113003.84749999, -13329385.3247 8112761.6724, -13329441.0837 8112611.8515, -13329499.5076 8112272.4962, -13329557.452 8112111.1335, -13329586.6886 8111950.7599, -13329659.4532 8111808.97559999, -13329780.6995 8111706.856, -13330201.2621 8111563.0857, -13330338.6781 8111481.80479999, -13330474.3531 8111367.5117, -13330567.3189 8111260.1438, -13330652.9137 8111125.2249, -13330716.3847 8110978.555, -13330755.6512 8110826.5668, -13330833.8845 8110674.0691, -13330955.0962 8110571.9468, -13331106.2844 8110524.6919, -13331229.4518 8110536.3743, -13331339.5508 8110375.7364, -13331500.5451 8110240.0778, -13331651.7229 8110192.8142, -13331809.3874 8110207.7567, -13332017.0053 8110329.4563, -13332061.8285 8110397.015, -13332214.9682 8110349.122, -13332343.8094 8110361.3232, -13332370.0591 8110310.1292, -13332491.2434 8110207.9877, -13332642.4136 8110160.7044, -13332800.0788 8110175.6258, -13332939.7362 8110250.4331, -13333039.6846 8110373.504, -13333053.408 8110420.2309, -13333210.2391 8110496.65910001, -13333234.9775 8110527.1185, -13333329.2423 8110482.9185, -13333474.2829 8110380.8635, -13333599.4263 8110255.1266, -13333697.1822 8110115.8245, -13333821.4546 8110011.0423, -13333989.253 8109958.5251, -13334340.5399 8109993.55269999, -13334360.4022 8109954.7906, -13334481.5527 8109852.6223, -13334632.7022 8109805.3013, -13334790.3624 8109820.18, -13334930.0325 8109894.9463, -13335167.3954 8110171.5614, -13335277.7853 8110260.80879999, -13335403.1349 8110335.9974, -13335441.1672 8110382.7971, -13335636.5189 8110256.5397, -13335761.6229 8110130.7695, -13336051.9072 8109681.4537, -13336167.1814 8109596.58, -13336321.1083 8109559.3368, -13336516.7394 8109595.9638, -13336792.0357 8109356.51, -13336977.4585 8109174.9471, -13336895.6693 8109005.0512, -13336536.7507 8108668.7665, -13336418.7808 8108701.4844, -13336259.166 8108681.1025, -13336085.025 8108609.8486, -13335911.6368 8108573.2495, -13335734.5394 8108567.3657, -13335567.0775 8108590.5924, -13335406.7424 8108570.0999, -13335200.1432 8108468.8044, -13334976.2656 8108415.351, -13334763.781 8108411.98179999, -13334537.3792 8108457.4589, -13334351.6388 8108450.4571, -13334158.9633 8108479.6102, -13333991.5106 8108537.6593, -13333836.6604 8108623.955, -13333711.9683 8108723.6229, -13333604.3582 8108841.5895, -13333455.4014 8108958.9452, -13333233.0686 8109025.6068, -13333046.5551 8109120.7946, -13332883.0865 8109166.0486, -13332711.768 8109144.0897, -13332472.7301 8109070.9249, -13332260.6972 8109056.3472, -13332201.1596 8109065.3391, -13332357.7085 8109092.2557, -13332492.1016 8109176.1434, -13332583.6907 8109305.5498, -13332618.24 8109460.3668, -13332587.3085 8109633.7267, -13332536.0237 8109719.3128, -13332397.8382 8109828.1751, -13332245.195 8109870.4183, -13332088.117 8109850.2715, -13331951.0205 8109770.8669, -13331855.2148 8109644.5486, -13331815.5896 8109490.9526, -13331838.3 8109333.9535, -13331919.8132 8109197.9497, -13332047.4577 8109104.0774, -13332033.0988 8109090.7187, -13331834.7758 8109167.26829999, -13331684.605 8109261.5304, -13331565.2491 8109367.575, -13331453.8848 8109505.682, -13331333.3861 8109715.1722, -13331208.889 8109813.2186, -13331056.2392 8109855.4374, -13330896.2817 8109834.8952, -13330758.433 8109775.7588, -13330621.3813 8109739.1266, -13330374.1536 8109722.0674, -13330209.3443 8109744.57590001, -13330129.0931 8109734.2611, -13330055.87 8109791.9082, -13329995.3982 8109808.5948, -13329822.2333 8109803.0181, -13329646.7533 8109827.8944, -13329494.6372 8109876.0981, -13329352.9346 8109946.9448, -13328922.033 8110042.7501, -13328914.825 8110081.3859, -13328863.4943 8110166.9532, -13328725.2452 8110275.75559999, -13328572.5705 8110317.9266, -13328474.095 8110305.2472, -13328397.1352 8110365.754, -13328336.9283 8110382.3819, -13328128.2707 8110355.5078, -13327976.1148 8110267.2728, -13327904.7145 8110163.7787, -13327824.052 8110308.8567, -13327699.498 8110406.8533, -13327546.8144 8110449.0041, -13327376.743 8110427.0817, -13327208.5239 8110367.9247, -13326884.8675 8110182.2889, -13326917.087 8110042.5681, -13326933.9748 8109866.9117, -13326994.5121 8109749.0585, -13326954.9356 8109627.177, -13326771.2656 8109648.4704, -13326634.9354 8109687.713, -13326495.7966 8109750.7999, -13326310.2491 8109801.9902, -13326272.1078 8110069.3486, -13326429.7032 8110319.9967, -13326550.9498 8110596.92979999, -13326476.1748 8110735.2345, -13326519.0177 8110742.2122, -13326653.3781 8110826.2248, -13326744.8888 8110955.7337, -13326779.3262 8111110.6148, -13326748.2527 8111283.9923, -13326696.889 8111369.559, -13326558.5856 8111478.3398, -13326405.8728 8111520.474, -13326248.7726 8111500.2001, -13326152.1454 8111534.5138, -13326229.2504 8111541.8787, -13326368.8711 8111616.824, -13326468.7323 8111740.0079, -13326506.5145 8111894.7323, -13326545.7519 8111919.2667, -13326637.2747 8112048.7955, -13326648.5026 8112099.295, -13326687.248 8112120.0902, -13326787.1213 8112243.2778, -13326840.8182 8112438.2973, -13326970.1399 8112616.3392, -13327004.1039 8112800.3871, -13327137.5588 8112578.90959999, -13327265.3225 8112485.0738, -13327419.3579 8112447.9978, -13327575.7264 8112473.4424, -13327710.1298 8112557.4543, -13327801.6805 8112686.979, -13327836.1487 8112841.8904, -13327804.4245 8113019.0483, -13327734.2414 8113184.48449999, -13327691.7584 8113399.678, -13328146.6563 8113483.3634, -13328604.7103 8113332.3628, -13328938.0671 8113587.2055), (-13332001.5558 8096922.4642, -13331932.3819 8096899.7056, -13331775.6814 8096982.1156, -13331546.7813 8097049.308, -13331326.6582 8096810.5301, -13331249.4949 8096581.9369, -13331384.2339 8096301.6138, -13331264.5255 8096284.1924, -13331112.625 8096196.1808, -13331049.8772 8096118.8679, -13330994.863 8095951.9399, -13331007.396 8095791.1585, -13331086.8288 8095526.76519999, -13331116.7656 8095182.45, -13331161.5019 8095060.6843, -13331085.0348 8095016.3777, -13331047.337 8094966.6569, -13330981.8604 8094712.684, -13330990.8087 8094650.8957, -13330013.0621 8094756.6992, -13329732.2527 8094807.1531, -13329417.4535 8094951.582, -13329223.105 8095219.7427, -13329057.436 8095750.4508, -13329073.6841 8096268.3023, -13329516.4559 8097071.46019999, -13329513.4152 8097315.9519, -13329809.3591 8097478.1666, -13330481.5848 8097501.6778, -13331179.7756 8097604.7112, -13331626.0661 8097450.7966, -13331808.0275 8097437.8358, -13332152.4112 8097565.9747, -13332271.67 8097099.4389, -13332161.2351 8096974.9968, -13332001.5558 8096922.4642), (-13290813.9823 8096764.5166, -13290957.8228 8096584.9482, -13291123.6806 8096273.3985, -13291298.2867 8096127.8867, -13291578.7206 8095979.6422, -13291705.7834 8095948.4283, -13291777.8201 8095913.3745, -13291784.6855 8095865.0635, -13291866.7963 8095729.7287, -13291994.7329 8095636.7051, -13292148.6147 8095600.4455, -13292322.1822 8095637.7388, -13292552.421 8095457.2161, -13292706.2959 8095420.946, -13293030.6561 8095478.868, -13293149.4847 8095455.6814, -13293342.3063 8095368.5784, -13293537.8369 8095216.7832, -13293625.331 8095116.7505, -13293628.932 8094948.2133, -13293600.531 8094791.2352, -13293534.5262 8094582.3567, -13293547.6237 8094424.5555, -13293620.5794 8094284.0921, -13293742.0529 8094182.7927, -13293812.3922 8094161.1974, -13293819.2575 8094078.4466, -13293892.205 8093937.987, -13293920.086 8093914.7351, -13293973.471 8093811.9398, -13294094.9315 8093710.6415, -13294246.0312 8093664.2433, -13294318.4987 8093671.4836, -13294376.5592 8093623.0569, -13294750.018 8093523.6304, -13295009.9477 8093549.6262, -13295148.9289 8093624.9919, -13295220.2027 8093713.6802, -13295355.5631 8093681.724, -13295511.4441 8093707.7895, -13295645.1586 8093792.1859, -13295663.6317 8093818.56539999, -13295737.9436 8093827.3475, -13295876.9371 8093902.7021, -13295976.0622 8094026.0213, -13296019.9105 8094178.1399, -13295997.1508 8094321.4111, -13296208.8082 8094371.5761, -13296370.0923 8094454.5084, -13296880.9958 8094170.8184, -13296905.9634 8093607.309, -13296970.3098 8093085.9358, -13296868.3823 8093026.2493, -13296806.0094 8092948.6716, -13296751.7792 8092781.5428, -13296764.8065 8092623.776, -13296837.6844 8092483.3165, -13296959.7671 8092381.4207, -13297119.2772 8092306.4584, -13297213.8994 8091654.5806, -13297645.16 8091393.1267, -13297645.4876 8091297.2509, -13297598.4951 8091090.0961, -13297485.5657 8090859.0048, -13297445.4464 8090700.4376, -13297468.8327 8090543.9208, -13297550.7827 8090408.6236, -13297678.5569 8090315.5724, -13297832.2993 8090279.2245, -13297988.1165 8090305.228, -13298155.1393 8090407.6474, -13298284.208 8090465.7373, -13298454.8199 8090512.1466, -13298682.1441 8090537.9137, -13298821.1039 8090613.1811, -13298857.2483 8090658.11249999, -13299068.9194 8090529.7273, -13300259.4608 8090169.3093, -13300951.9051 8090278.9078, -13301474.9635 8090649.4206, -13301493.8182 8091397.019, -13301975.5733 8091614.3014, -13302978.5129 8092170.9696, -13303466.6182 8092481.3807, -13303921.3978 8093144.2666, -13303959.6406 8092929.9903, -13304041.4963 8092794.5809, -13304169.227 8092701.3897, -13304322.9832 8092664.8959, -13304478.8695 8092690.7699, -13304612.6626 8092774.9917, -13304657.7641 8092839.2317, -13304806.8579 8092822.5871, -13304926.0092 8092788.8711, -13304986.3491 8092714.5921, -13305102.9635 8092496.1511, -13305163.3606 8092255.9422, -13305163.9572 8092008.2382, -13305106.4288 8091747.3403, -13305129.6568 8091590.7817, -13305285.0392 8091297.2555, -13305331.208 8091126.2754, -13305351.9636 8090928.35409999, -13305424.6623 8090787.8469, -13305570.5992 8090677.3943, -13305626.2555 8090490.7761, -13305645.1483 8090314.6837, -13305625.9575 8090097.0141, -13305640.3293 8089920.4273, -13305713.013 8089779.9367, -13305834.2461 8089678.5071, -13305985.1856 8089631.8997, -13306142.3777 8089647.356, -13306281.3922 8089722.4738, -13306484.1296 8089969.5422, -13306526.8443 8089813.0033, -13306605.7716 8089660.4, -13306726.9899 8089558.9578, -13306818.7542 8089527.0998, -13306869.047 8089443.8338, -13306996.6848 8089350.6381, -13307150.3571 8089314.1043, -13307179.8279 8089320.1536, -13307223.8602 8089283.2997, -13307327.457 8089162.3062, -13307440.9289 8088962.3706, -13307506.5945 8088741.9922, -13307516.0654 8088534.7142, -13307445.6369 8088215.7572, -13307476.4142 8088007.8844, -13307558.154 8087872.528, -13307695.8466 8087776.9413, -13307761.8697 8087667.6041, -13307889.4662 8087574.4163, -13308043.0974 8087537.8737, -13308198.887 8087563.6546, -13308524.8311 8087717.7745, -13308509.5604 8087457.9579, -13308444.4803 8087255.8931, -13308540.3171 8087404.3234, -13308660.5796 8087534.0363, -13308801.5023 8087640.8561, -13309146.3474 8087839.8468, -13309206.9012 8087925.9883, -13309364.755 8088003.6811, -13309464.0171 8088126.7202, -13309508.1001 8088278.6337, -13309489.1226 8088442.0943, -13309513.1032 8088455.0389, -13309552.3554 8088537.0816, -13309634.1645 8088581.2404, -13309673.3125 8088629.762, -13309731.8803 8088831.5683, -13309713.9341 8088988.7623, -13309636.7359 8089126.794, -13309556.0221 8089189.9712, -13309704.6089 8089305.1578, -13309962.5634 8089446.9074, -13310035.9439 8089537.8492, -13310602.8655 8089313.5402, -13311017.7576 8089004.4015, -13311405.8579 8088759.4749, -13311314.2273 8088329.0296, -13311035.303 8088348.1149, -13310723.2704 8088338.2601, -13310542.9425 8087976.2774, -13310496.4407 8087293.2715, -13310518.2583 8086699.218, -13310252.0655 8086904.5225, -13309605.574 8087011.0213, -13309194.3131 8086914.3126, -13308394.3897 8086594.5517, -13308359.8625 8086482.2929, -13308332.4283 8086672.5043, -13308328.9901 8086849.4898, -13308356.2822 8087024.3885, -13308413.4667 8087191.8916, -13308306.6494 8087029.5699, -13308184.1599 8086901.9818, -13308056.4863 8086806.932, -13307709.342 8086603.6839, -13307646.9145 8086526.265, -13307592.4943 8086359.3632, -13307605.2847 8086201.7184, -13307677.8966 8086061.2801, -13307799.0432 8085959.8709, -13307949.895 8085913.249, -13308017.5394 8085919.88359999, -13307868.639 8085725.9821, -13307814.5378 8085386.6677, -13307842.8715 8084885.8735, -13307985.1514 8084689.1354, -13308116.9111 8084337.233, -13308535.8468 8084090.50550001, -13308384.9086 8083582.1531, -13308276.6648 8083604.8382, -13308258.6976 8083761.9197, -13308181.5238 8083899.8396, -13308057.1359 8083997.159, -13308003.8612 8084011.7105, -13307951.4299 8084102.4981, -13307813.3399 8084210.53069999, -13307661.0653 8084252.11729999, -13307586.9335 8084242.3539, -13307499.4068 8084310.823, -13307347.1278 8084352.4038, -13307190.6415 8084331.7865, -13307039.2582 8084243.4112, -13306976.8578 8084166.0104, -13306868.1864 8083834.2042, -13306810.9745 8083704.6968, -13306725.8434 8083570.1627, -13306620.7567 8083450.6275, -13306498.3017 8083349.0327, -13306345.5502 8083260.2154, -13306179.7274 8083199.318, -13305986.1214 8083164.70929999, -13305834.7758 8083076.3226, -13305772.3977 8082998.9232, -13305645.4401 8082597.3141, -13305579.8592 8082452.2301, -13305492.4342 8082319.2119, -13305282.6192 8082070.9521, -13305272.5645 8082040.4224, -13304911.9213 8082029.6185, -13304331.5506 8081725.9879, -13303992.6993 8081312.5553, -13303852.1689 8081072.7328, -13303872.7679 8080976.4351, -13303813.6417 8080992.5489, -13303657.2338 8080971.8646, -13303505.9598 8080883.4545, -13303443.6239 8080806.05699999, -13303415.3033 8080719.029, -13303344.7505 8080625.243, -13303305.8743 8080472.0713, -13303329.1112 8080315.753, -13303437.1325 8080129.4996, -13303500.84 8079964.5537, -13303529.1308 8079818.22469999, -13303025.8145 8079882.027, -13303108.5342 8080188.0318, -13302636.229 8081029.9569, -13301924.2056 8081545.2402, -13301540.2999 8081851.4865, -13301253.2907 8081746.0831, -13301234.5081 8080999.4437, -13301073.4665 8080916.7592, -13300881.6716 8081770.9963, -13301001.5131 8082168.1078, -13300938.5511 8082219.8566, -13300986.9842 8082280.033, -13301030.8588 8082431.8834, -13301012.7413 8082588.9265, -13300849.9668 8082911.6382, -13300809.6943 8083065.723, -13300783.4549 8083275.8692, -13300730.4478 8083380.6716, -13300838.5666 8083508.2753, -13301022.4339 8083648.2783, -13301154.0309 8083811.7755, -13301197.9186 8083963.65559999, -13301179.8017 8084120.73129999, -13301102.4921 8084258.5875, -13300978.0031 8084355.7957, -13300684.7681 8084447.5026, -13300472.6573 8084574.3043, -13300343.0942 8084694.6014, -13300229.0308 8084847.4767, -13300090.7597 8084955.421, -13299938.4232 8084996.8552, -13299779.7698 8084975.7921, -13299637.2875 8084913.4591, -13299500.833 8084876.3619, -13299254.4749 8084858.3064, -13299099.5648 8084878.024, -13298938.0967 8084856.5687, -13298786.7961 8084768.0175, -13298724.4749 8084690.5401, -13298671.8465 8084504.425, -13298478.9343 8084493.1254, -13298372.4618 8084508.7029, -13298474.0624 8084861.9682, -13298585.5773 8085135.1229, -13297843.9559 8085683.4242, -13297284.1517 8085689.5164, -13296935.0783 8085588.0183, -13296697.4706 8085759.7122, -13296835.8102 8085968.7789, -13296598.1883 8086140.47869999, -13296176.6755 8086355.5684, -13295385.3049 8086626.3495, -13294864.6081 8086754.3986, -13294523.7028 8086776.9655, -13294143.6214 8086677.373, -13294162.0314 8086956.8105, -13293878.6851 8087380.951, -13293560.2239 8087745.0469, -13293003.9577 8088280.7856, -13292869.374 8088601.5677, -13292296.2637 8089356.7767, -13292314.6138 8089636.3202, -13291657.6332 8089653.2044, -13291528.2802 8089691.4261, -13291517.8485 8089731.324, -13291679.0141 8089711.0051, -13291791.6133 8089741.6308, -13291947.4818 8089855.2092, -13292011.2478 8089953.0987, -13292044.0686 8090083.2192, -13292032.9384 8090216.9678, -13291986.0131 8090323.9952, -13291850.7766 8090461.5954, -13291744.6811 8090510.26079999, -13291590.47 8090535.7517, -13291433.0791 8090588.858, -13291490.8038 8090844.8695, -13291308.337 8091387.2918, -13291174.3784 8091472.3456, -13291130.1686 8091754.5072, -13291078.5209 8091839.61209999, -13290940.0392 8091947.4524, -13290787.5054 8091988.7427, -13290630.8961 8091967.759, -13290304.0553 8091787.7514, -13290128.1743 8091736.2001, -13289912.8695 8091856.0023, -13289724.3223 8092012.7457, -13289716.3532 8092069.1753, -13289638.7502 8092207.0658, -13289513.9777 8092304.19210001, -13289361.4282 8092345.4555, -13289204.8147 8092324.4409, -13289053.4715 8092235.6045, -13288991.185 8092157.9674, -13288962.5446 8092074.97820001, -13288831.8792 8092057.4383, -13288685.398 8091973.7973, -13288571.8163 8092065.0734, -13288425.9092 8092255.7917, -13288300.5388 8092353.3508, -13288147.981 8092394.5898, -13287991.3693 8092373.5495, -13287844.0454 8092287.04029999, -13287693.019 8092266.744, -13287512.913 8092172.743, -13287326.7217 8092116.51619999, -13287150.9475 8092097.1501, -13286974.487 8092108.6527, -13286802.6991 8092150.6749, -13286656.4035 8092213.5533, -13286330.0926 8092447.3856, -13285941.1442 8092540.8839, -13285775.7299 8092603.54819999, -13285638.1538 8092683.8059, -13285373.8238 8092887.4474, -13285221.2378 8092928.63, -13285042.6459 8092904.56539999, -13284828.1584 8092840.3598, -13284652.0606 8092824.0096, -13284475.8037 8092838.5385, -13284304.7412 8092883.5057, -13284159.526 8092948.8911, -13284012.3895 8093047.1987, -13283884.5239 8093169.6093, -13283789.1466 8093297.32769999, -13283693.896 8093476.4215, -13283791.0876 8093625.36919999, -13284218.4785 8093972.218, -13283903.2753 8094398.4058, -13283651.5115 8094526.3468, -13283774.9535 8094710.9339, -13284010.8103 8094847.4741, -13284109.7562 8094970.9709, -13284235.3861 8095397.0981, -13284360.5987 8095631.0245, -13284463.4051 8095752.8888, -13284582.6448 8095856.1413, -13284835.8984 8096160.2489, -13284958.281 8096262.3757, -13285095.1068 8096344.0638, -13285259.9667 8096408.4273, -13285415.8884 8096441.0312, -13285592.6847 8096448.1092, -13285750.7061 8096428.07379999, -13285861.2583 8096394.8166, -13285970.1955 8096323.9974, -13286091.3321 8096286.9436, -13286449.8046 8096001.0165, -13286601.0014 8095954.7571, -13286809.7645 8095975.8276, -13286925.1198 8095881.3548, -13287076.3111 8095835.0866, -13287233.6039 8095850.95269999, -13287372.5535 8095926.48749999, -13287471.5685 8096049.9558, -13287560.679 8096352.80830001, -13287604.5623 8096446.1195, -13287777.0454 8096534.6673, -13287977.6298 8096723.8608, -13288086.9724 8096801.332, -13288213.5812 8096833.5877, -13288390.036 8096846.7769, -13288548.6609 8096832.21809999, -13288703.0579 8096792.9758, -13288833.6721 8096738.1403, -13288984.1544 8096644.8931, -13289194.8031 8096471.258, -13289345.9904 8096424.9403, -13289503.2995 8096440.7595, -13289642.2822 8096516.2571, -13289743.001 8096641.7713, -13289823.6447 8096821.7703, -13289934.4369 8096979.2033, -13289828.075 8097024.32, -13289856.3136 8097037.9686, -13290130.3277 8097058.7725, -13290271.2397 8097044.563, -13290408.8052 8097010.8423, -13290618.3548 8096916.2739, -13290813.9823 8096764.5166), (-13269345.4788 8097602.9245, -13269626.4159 8097350.58, -13269563.4711 8097366.8592, -13269782.2475 8097170.3395, -13270473.0403 8097254.0608, -13271105.3069 8097214.2233, -13271784.7454 8096713.5009, -13272124.6335 8096444.5567, -13272686.4173 8096241.1419, -13273403.393 8095391.6174, -13273518.81 8094823.5471, -13273526.1787 8094138.2353, -13273057.5964 8093655.8141, -13272645.1689 8093554.7846, -13271765.2202 8093686.6611, -13271371.7191 8093482.6678, -13271304.3448 8092410.4742, -13270992.27 8092021.8737, -13270037.373 8091663.249, -13268780.3717 8091613.3553, -13267533.3738 8091634.6152, -13267137.7099 8091918.1568, -13266347.8311 8092272.5112, -13265962.191 8093008.3484, -13266006.2409 8093717.4553, -13265683.8867 8093839.2465, -13265023.4444 8093829.5187, -13264429.9829 8093916.4152, -13264147.3877 8094157.5172, -13263586.2768 8094965.6531, -13262776.9623 8095402.4966, -13261767.7962 8095207.12349999, -13261573.399 8095246.3276, -13260931.6904 8094972.9113, -13260114.3418 8095302.9889, -13259720.1669 8095912.1386, -13259754.3303 8096469.5433, -13260078.0809 8096964.0594, -13260197.2157 8097018.1506, -13260298.7149 8096934.2752, -13260450.1039 8096888.5371, -13260609.3596 8096905.176, -13260739.9249 8096959.2779, -13260877.0629 8096994.7527, -13261035.5033 8097011.3711, -13261208.5482 8097000.9787, -13261396.2255 8097020.5674, -13261568.5079 8097086.2152, -13261735.6924 8096885.6658, -13261765.242 8096816.0446, -13261828.4982 8096744.3413, -13261889.6738 8096638.8699, -13261955.007 8096600.935, -13262018.2595 8096529.232, -13262047.8052 8096459.6133, -13262275.4197 8096309.9551, -13262304.9622 8096240.3375, -13262370.2897 8096202.401, -13262433.5351 8096130.6986, -13262532.5648 8096090.6758, -13262595.8075 8096018.9732, -13262791.778 8095905.1591, -13262890.8027 8095865.1327, -13262958.2079 8095860.9574, -13263187.8706 8095745.0476, -13263255.2745 8095740.8698, -13263320.5929 8095702.9278, -13263387.9963 8095698.7488, -13263453.3135 8095660.8059, -13263621.8209 8095650.3543, -13263687.1364 8095612.4097, -13263824.0287 8095637.8073, -13264026.236 8095625.2548, -13264129.4284 8095652.7393, -13264196.8307 8095648.553, -13264573.8159 8095726.8057, -13264748.5985 8095817.6181, -13264851.7962 8095845.0932, -13264957.0874 8095906.3304, -13265093.9889 8095931.7055, -13265165.5811 8095995.0379, -13265268.7825 8096022.5077, -13265788.9944 8096227.3661, -13265860.595 8096290.6941, -13265965.9006 8096351.9206, -13266416.6449 8096527.1799, -13266521.9582 8096588.4003, -13266728.3872 8096643.3048, -13266970.6266 8096729.8642, -13267075.9473 8096791.078, -13267143.3576 8096786.8642, -13267625.7545 8096926.1848, -13267762.6829 8096951.5136, -13267830.0941 8096947.2934, -13267899.612 8096976.8399, -13267971.2374 8097040.1534, -13268009.158 8097105.578, -13268078.678 8097135.1234, -13268221.936 8097261.7492, -13268259.8598 8097327.1742, -13268329.383 8097356.718, -13268401.0156 8097420.03059999, -13268476.8685 8097550.8818, -13268536.9913 8097604.0191, -13268958.0002 8097591.7783, -13268928.329 8097615.6089, -13269345.4788 8097602.9245), (-13327070.7634 8078926.0509, -13327709.8796 8080231.4389, -13327751.2553 8080675.3509, -13328017.657 8080859.644, -13328304.9807 8081535.7482, -13328437.6855 8081433.0201, -13328375.0912 8081170.8161, -13328397.8036 8081014.4198, -13328479.0852 8080878.9726, -13328606.3006 8080785.5247, -13328792.3961 8080740.7171, -13328999.2427 8080719.4323, -13329244.6 8080728.898, -13329472.8681 8080685.9763, -13329592.7615 8080702.7277, -13329660.5862 8080624.4306, -13329803.2844 8080361.7578, -13329924.0309 8080260.0767, -13330074.6186 8080213.0493, -13330129.0552 8080218.2265, -13330256.5266 8080178.4144, -13330340.124 8080178.8199, -13330582.1482 8080273.5393, -13330736.7071 8080310.556, -13330912.8182 8080322.7189, -13331046.1411 8080294.5805, -13331252.9713 8080328.1566, -13331344.2091 8080385.1397, -13331506.218 8080195.5753, -13331637.1628 8080085.2548, -13331787.7358 8080038.1942, -13331882.5148 8080047.1858, -13332020.8143 8079986.6485, -13332209.66 8079648.2476, -13332350.2621 8079201.6001, -13332369.1704 8078611.3494, -13332224.4631 8078428.7516, -13332224.5095 8078286.6097, -13332239.4372 8078228.2286, -13332166.2367 8078233.4424, -13332002.0749 8078198.8454, -13331634.3155 8078225.0204, -13331563.7281 8078206.899, -13331379.8475 8078219.9779, -13331309.2608 8078201.8539, -13331194.3352 8078210.02489999, -13330934.9769 8078135.8853, -13330861.1321 8078071.7032, -13330741.319 8078010.786, -13330521.4256 8077841.2624, -13330391.8483 8077642.1848, -13330360.7232 8077528.6877, -13330282.0053 8077395.4289, -13330278.7494 8077349.37879999, -13330252.5108 8077304.9598, -13330278.941 8077025.4044, -13330336.4903 8076859.3455, -13330380.8246 8076833.0599, -13330443.255 8076736.0734, -13330487.5882 8076709.7878, -13330572.9965 8076611.1704, -13330638.68 8076560.2301, -13330684.6405 8076556.9664, -13330728.9718 8076530.67979999, -13331027.7126 8076509.4569, -13331099.913 8076550.6021, -13331199.9859 8076659.1809, -13331306.5855 8076859.852, -13331327.7889 8077159.1597, -13331424.6106 8077221.6953, -13331450.8555 8077266.1095, -13331570.662 8077327.0093, -13331669.12 8077412.5677, -13331788.9304 8077473.4653, -13331838.1613 8077516.2438, -13331908.7428 8077534.3611, -13332030.1906 8077618.2809, -13332148.3732 8077656.1486, -13332268.1914 8077717.0402, -13332384.7422 8077731.879, -13332550.5304 8077789.4912, -13332694.9728 8077871.7645, -13332721.2278 8077916.1778, -13332701.9311 8077969.7262, -13333095.9836 8078143.2636, -13333227.7225 8078428.2921, -13333870.8502 8078636.1939, -13334218.3335 8078611.3572, -13334192.2823 8078373.8376, -13334205.136 8078208.1599, -13334279.5912 8078065.585, -13334297.221 8077988.7925, -13334292.2996 8077919.7157, -13334410.5097 8077633.5529, -13334446.6294 8077492.11860001, -13334492.5933 8077488.8309, -13334540.1983 8077508.5671, -13334678.0899 8077498.7012, -13334842.2471 8077533.2361, -13335173.8518 8077648.3441, -13335731.7562 8077447.1394, -13335365.1913 8077138.4125, -13335396.1166 8076720.0051, -13335162.1016 8076706.3169, -13334964.0871 8076629.14019999, -13334876.238 8076391.8191, -13334840.23 8075886.9009, -13334737.2751 8075721.7283, -13334514.8193 8075443.3184, -13334257.8197 8075248.5716, -13334033.9307 8075234.1288, -13333576.0983 8075063.8622, -13333123.2786 8075106.3282, -13332927.4442 8075201.484, -13332728.0572 8075104.0673, -13332304.7954 8074992.1517, -13331993.073 8075024.4969, -13331797.9415 8075129.7197, -13331487.7038 8075040.1586, -13331344.5843 8074735.7474, -13331253.3643 8074305.8897, -13330792.4876 8074663.3548, -13330449.2714 8074393.4462, -13330384.6867 8074053.0304, -13330690.1049 8073645.7812, -13330575.6873 8073603.1734, -13330266.3265 8073381.623, -13330208.3563 8072848.0222, -13330102.7821 8072500.438, -13329572.6363 8072162.6736, -13329356.0714 8072107.0048, -13329197.9313 8071874.7478, -13329178.7089 8071602.2312, -13329032.6839 8071541.564, -13328998.5246 8071057.1174, -13328680.5472 8070998.4722, -13328409.2666 8071027.7964, -13328379.6326 8071182.0318, -13327956.1289 8071637.9659, -13327179.9533 8071398.5932, -13327142.5952 8072740.2272, -13327208.7279 8072816.7221, -13327652.524 8073079.6151, -13327774.7306 8073233.3141, -13327773.0431 8073497.2221, -13327685.0535 8073686.0633, -13327232.1306 8073870.2202, -13327174.3574 8074056.9324, -13326841.3283 8074506.5855, -13326765.9152 8075019.2789, -13326794.1301 8075565.2971, -13326763.0289 8075699.4229, -13326423.2093 8076342.4714, -13326426.4381 8076677.1909, -13326590.766 8077863.4239, -13326809.5711 8078670.3378, -13327070.7634 8078926.0509), (-13290639.3946 8076713.2603, -13290762.1364 8076450.3106, -13290700.6829 8076288.6667, -13290426.3932 8076179.2205, -13290348.5372 8076090.8708, -13290373.6697 8076021.25559999, -13290571.5518 8075999.7802, -13290697.8618 8076050.9633, -13290834.3498 8076063.245, -13291025.1072 8075868.0612, -13291113.8376 8075798.5167, -13291176.3351 8075781.6682, -13291226.5129 8075706.1599, -13291297.6612 8075756.7066, -13291315.0339 8075827.7778, -13291371.8567 8075853.779, -13291447.5738 8075844.5551, -13291510.0039 8075891.4261, -13291543.9897 8075957.1583, -13291670.6477 8075948.8311, -13291785.8772 8075830.8085, -13291873.6405 8075876.0103, -13291873.5132 8076003.456, -13291854.0028 8076093.9467, -13291901.2764 8076103.5809, -13291960.1702 8076031.7386, -13291977.1209 8075966.9041, -13292101.2204 8075984.2255, -13292210.3747 8076032.2644, -13292221.8094 8076141.95979999, -13292242.0267 8076191.6054, -13292336.2988 8076206.6392, -13292471.1847 8076129.7875, -13292677.8346 8076371.0602, -13292714.2237 8076279.4513, -13292806.3313 8076196.9154, -13292880.1052 8076158.0682, -13292798.9704 8073050.2369, -13294664.8356 8072935.5415, -13295020.9561 8073001.1485, -13295479.9624 8072698.9912, -13294949.1536 8072169.4231, -13294555.7658 8072373.7763, -13294285.1433 8072383.17589999, -13293861.2635 8072317.7696, -13293883.2442 8072265.3673, -13293726.05 8072195.0755, -13293611.0555 8072121.996, -13293739.0009 8071812.1056, -13293096.5164 8071514.8518, -13293070.2584 8071631.2105, -13292915.4717 8071726.3241, -13292801.823 8071738.0593, -13292107.085 8071418.6959, -13292180.1087 8071239.8331, -13292158.7975 8071173.3117, -13292093.0155 8071139.4333, -13292088.305 8071067.5753, -13291643.0001 8070867.6254, -13291618.0294 8070809.8365, -13291851.8671 8070692.5835, -13291204.779 8070387.0311, -13291268.7579 8070005.0564, -13290829.7093 8069575.484, -13290530.2798 8069531.4624, -13290407.9469 8069539.4839, -13290364.3828 8069521.1188, -13290414.606 8069382.0118, -13290131.0357 8069256.298, -13289811.5516 8069294.2015, -13289796.9669 8069265.448, -13289703.973 8069203.6317, -13289720.1023 8069126.1834, -13289673.5701 8068802.4488, -13289458.5864 8068298.7908, -13289082.9233 8068123.918, -13288804.0074 8068133.6614, -13288714.2453 8067991.008, -13288693.6171 8067869.2999, -13288620.1804 8067717.0978, -13288559.3929 8067759.2565, -13288580.168 8069315.3156, -13288608.5035 8069360.1496, -13288651.6026 8069501.63539999, -13288818.5982 8069528.92189999, -13288853.2685 8069866.2005, -13288833.1854 8069948.1571, -13288010.7434 8071699.8342, -13287818.1405 8072192.1463, -13288072.8927 8072264.68639999, -13288631.2169 8072508.4541, -13288697.678 8076198.9447, -13289939.8427 8077234.9578, -13290772.7638 8077001.8956, -13290639.3946 8076713.2603), (-13240358.2813 8080297.2097, -13240457.4803 8080088.3672, -13241013.3818 8080065.7707, -13241189.1813 8080126.4568, -13241168.377 8079599.8962, -13241258.6375 8079411.8867, -13241505.0794 8079295.858, -13241294.2484 8078983.5345, -13241125.0057 8078861.584, -13240805.5352 8078768.7801, -13240604.819 8078973.4216, -13240270.4959 8078972.8042, -13240079.302 8078821.6773, -13239882.7352 8078924.571, -13238969.4894 8078724.4969, -13238619.6581 8078978.4219, -13237882.1801 8078838.9457, -13237819.3229 8078629.5145, -13237654.2686 8078578.2827, -13237511.6833 8078738.84, -13237313.3153 8078811.3244, -13237115.6202 8078721.3948, -13237059.7581 8078805.8425, -13236893.4346 8078906.889, -13236759.2541 8078863.981, -13236845.805 8079132.9345, -13236987.7324 8079134.7958, -13237346.4626 8079032.6494, -13237819.481 8079674.8134, -13237429.8486 8079768.6476, -13236660.8468 8079610.57819999, -13236345.6149 8079415.8375, -13236297.4848 8079459.2397, -13236260.6255 8079522.2829, -13236283.3283 8080261.8762, -13236560.0694 8080316.7853, -13237291.2758 8080172.5863, -13237414.7965 8080205.9662, -13237570.455 8080095.3651, -13238441.7322 8080095.1104, -13238736.9522 8079945.8573, -13238935.881 8080055.9878, -13239930.0867 8080078.7959, -13240358.2813 8080297.2097), (-13342620.9869 8072335.8957, -13342233.1923 8072570.2523, -13341927.0386 8072570.2523, -13341851.0305 8072806.1277, -13341950.6058 8072928.476, -13341995.2443 8073079.874, -13341978.0062 8073236.7958, -13341896.4224 8073400.4264, -13341849.0512 8073552.2362, -13341798.8156 8073948.4459, -13341722.3658 8074086.5122, -13341598.5894 8074184.2472, -13341268.3755 8074277.133, -13341345.3469 8074972.8298, -13341222.8856 8075519.8659, -13340926.9372 8075773.8605, -13340528.9374 8075480.7907, -13340355.4505 8075031.4389, -13340345.2176 8074726.5074, -13340193.6595 8074638.92409999, -13340098.494 8074521.9397, -13340023.3335 8074259.5695, -13339702.323 8074640.72029999, -13339334.9387 8074836.0771, -13339232.8874 8075461.253, -13339273.708 8075852.0145, -13339141.0414 8076145.099, -13339141.0414 8076535.8962, -13338885.9134 8076868.0898, -13338622.6857 8077110.4715, -13338748.3397 8077338.5937, -13338827.4725 8077679.5503, -13338830.2226 8077971.2911, -13338869.9391 8078104.3681, -13339131.9674 8078051.7373, -13339261.8636 8077996.1756, -13339452.7272 8077869.0295, -13339724.0115 8077601.3761, -13339824.7861 8077478.358, -13339912.6788 8077325.0701, -13339977.0502 8077141.67800001, -13340004.2686 8076967.0232, -13340000.8006 8076790.291, -13339964.4245 8076609.0363, -13339976.6218 8076450.2415, -13340048.5278 8076309.6903, -13340169.0668 8076207.9037, -13340319.5036 8076160.6986, -13340476.4623 8076175.4095, -13340615.5494 8076249.7499, -13340715.1523 8076372.1705, -13340759.7884 8076523.6453, -13340742.5181 8076680.6374, -13340543.9143 8077054.0395, -13340583.8826 8077037.4, -13340723.4026 8077027.3041, -13341258.6184 8077058.8033, -13341432.0965 8077130.5384, -13341522.8741 8077222.3157, -13341585.7494 8077316.1157, -13341672.676 8077548.6876, -13341685.8029 8077730.409, -13341639.078 8077860.2654, -13341552.5098 8078021.1166, -13341437.8514 8078323.4429, -13341610.058 8078257.8357, -13341767.0626 8078272.52220001, -13341920.8837 8078364.8971, -13342084.9755 8078377.44759999, -13342224.1193 8078451.7782, -13342249.4376 8078482.8828, -13342372.2617 8078469.865, -13342511.4099 8078544.191, -13342775.5593 8079055.1169, -13343220.2313 8079123.4889, -13343089.6059 8078548.0434, -13343697.0145 8078110.2342, -13343827.6401 8077860.06899999, -13343743.944 8077547.9302, -13343900.9367 8077562.5706, -13344040.0823 8077636.8592, -13344056.2347 8077222.1856, -13344435.0487 8077247.1997, -13344650.5808 8077109.6235, -13344585.2681 8076684.4047, -13344957.5507 8076296.726, -13345284.3338 8076529.9427, -13345444.0149 8076454.7757, -13345737.4541 8076226.7768, -13345887.8534 8076179.4599, -13346044.8201 8076194.0533, -13346183.96 8076268.2885, -13346283.6522 8076390.6319, -13346332.9005 8076557.3, -13346491.236 8076476.1037, -13346593.6482 8076606.8347, -13346601.0788 8076598.064, -13346554.0318 8076456.2699, -13346565.9886 8076298.7905, -13346637.7677 8076158.1818, -13346758.2115 8076056.2932, -13346850.8055 8076027.14899999, -13346853.8561 8075835.8487, -13346831.3341 8075696.2065, -13346754.1784 8075480.0624, -13346630.4739 8075286.84969999, -13346466.563 8075126.4679, -13346242.322 8074986.0391, -13346183.8731 8074914.3085, -13346100.9321 8075129.1218, -13345651.907 8075363.5658, -13345294.7279 8075344.0287, -13345171.5921 8075022.5857, -13345166.7823 8075066.5453, -13345090.3847 8075204.6654, -13344966.6357 8075302.47, -13344814.7688 8075344.7549, -13344658.3908 8075324.9462, -13344506.7724 8075237.4453, -13344444.071 8075160.4597, -13344388.9278 8074994.1001, -13344400.9288 8074836.6537, -13344472.736 8074696.0923, -13344593.187 8074594.2586, -13344743.5615 8074546.976, -13344900.4922 8074561.5911, -13344947.0207 8074586.4252, -13344845.7026 8074445.3686, -13344600.7798 8073742.1449, -13344795.0385 8073336.0358, -13344673.8817 8073184.3215, -13344481.0801 8073028.9447, -13344417.4526 8072950.8201, -13344301.8002 8072608.9242, -13344267.4035 8072543.171, -13344000.503 8072503.814, -13343863.9805 8072425.0072, -13343161.8581 8073019.4562, -13342845.4994 8072726.4941, -13342620.9869 8072335.8957), (-13382855.5109 8080319.53549999, -13382685.4476 8080522.2601, -13382617.9428 8080646.5812, -13382568.3635 8080779.1064, -13382520.167 8081086.6274, -13382419.539 8081270.7297, -13382193.3784 8081456.0572, -13382055.7445 8081617.2203, -13381954.5593 8081803.53239999, -13381894.2472 8082006.8542, -13381877.4944 8082165.1809, -13381885.6703 8082324.1872, -13381913.7181 8082462.9301, -13381967.9441 8082612.599, -13382085.8798 8082809.6253, -13382230.8298 8082963.0378, -13382440.6964 8083227.6572, -13382486.216 8083378.9936, -13382464.8816 8083612.5176, -13382478.2706 8083806.592, -13382522.3455 8083977.8964, -13382586.8864 8084123.4344, -13382718.2966 8084311.7647, -13382874.3363 8084455.2299, -13383072.8931 8084570.2723, -13383292.1967 8084637.6133, -13383556.2998 8084651.659, -13383783.7311 8084603.3812, -13384189.454 8084392.7096, -13384523.0422 8083838.0287, -13384552.3854 8083755.1536, -13384580.4099 8083594.4726, -13384813.6582 8083109.7556, -13384881.2007 8082887.89019999, -13384971.351 8082712.4904, -13385091.356 8082609.9056, -13385241.609 8082561.7576, -13385472.2593 8082573.3128, -13385681.6827 8082542.04159999, -13385880.0365 8082467.8273, -13386058.6487 8082353.9162, -13386220.8401 8082191.5314, -13386342.4062 8081996.759, -13386413.1369 8081796.8395, -13386457.3087 8081505.651, -13386457.3634 8081311.1763, -13386406.689 8081056.7482, -13386330.8617 8080908.8195, -13386207.9876 8080736.1272, -13386147.8451 8080682.78540001, -13385943.2895 8080387.2343, -13385160.8033 8080226.0191, -13384988.028 8080239.5597, -13384506.7645 8080382.1693, -13384350.2006 8080363.187, -13383959.5581 8080145.1383, -13383827.2785 8080095.4949, -13383689.3912 8080064.7759, -13383530.9076 8080053.5667, -13383372.6248 8080067.3298, -13383218.4382 8080105.72689999, -13383072.1433 8080167.8131, -13382855.5109 8080319.53549999), (-13329767.9869 8087828.1153, -13329918.7476 8087781.0333, -13329998.2696 8087782.6079, -13330028.941 8087722.8479, -13330092.9361 8087668.9517, -13330069.5057 8087643.6323, -13330047.094 8087575.5927, -13329869.7589 8087561.1755, -13329718.0539 8087473.2324, -13329655.3958 8087395.9953, -13329600.4817 8087229.2485, -13329612.808 8087071.5604, -13329685.0089 8086930.9022, -13329805.8606 8086829.1311, -13329993.1848 8086770.6295, -13330110.4422 8086795.2336, -13330252.9375 8086871.6431, -13330352.5204 8086994.3762, -13330363.5209 8087031.89379999, -13330477.9314 8086996.15439999, -13330611.2523 8087088.379, -13330631.809 8086890.5705, -13330597.8585 8086647.90959999, -13330626.9855 8086446.8956, -13330675.3158 8086268.43509999, -13330690.4028 8086109.8225, -13330662.6514 8085871.4764, -13330536.5012 8085765.6396, -13330383.4274 8085677.2958, -13330217.3693 8085616.9207, -13330021.1926 8085582.6201, -13329813.7489 8085465.3777, -13329640.2598 8085402.8288, -13329445.2752 8085574.033, -13329420.2275 8086368.5155, -13329174.0922 8086762.0147, -13329092.3137 8087184.5426, -13329110.3684 8088159.1228, -13329224.0919 8088476.3799, -13329336.9612 8090074.8282, -13329325.5235 8090137.4228, -13329455.1346 8090018.6574, -13329605.9208 8089971.573, -13329763.155 8089986.5298, -13329902.4014 8090061.2034, -13330002.0224 8090183.9924, -13330046.5328 8090335.8143, -13330029.0123 8090493.0772, -13329952.1803 8090631.3374, -13329827.9762 8090729.1032, -13329675.7041 8090771.1764, -13329519.034 8090751.0161, -13329367.2673 8090663.0301, -13329304.5851 8090585.7578, -13329271.5465 8090485.4247, -13329275.7851 8090933.3652, -13329176.0122 8091245.5316, -13328559.1927 8092143.5514, -13328643.8627 8092768.201, -13328347.0788 8093023.1686, -13328059.7836 8093124.8713, -13328131.7013 8093424.9674, -13328146.6822 8093637.5428, -13328425.2076 8093699.223, -13328743.9444 8094042.9079, -13329407.9009 8094097.599, -13329721.32 8093790.5046, -13330118.2501 8093803.02759999, -13330902.2179 8093577.177, -13330933.7933 8093420.8593, -13330944.431 8093235.9233, -13330925.7631 8093059.7572, -13330841.4737 8092808.25, -13330680.4669 8092564.1087, -13330640.9653 8092410.853, -13330663.658 8092254.21589999, -13330745.0153 8092118.5385, -13330872.3889 8092024.9072, -13331025.9858 8091987.8693, -13331181.935 8092013.1799, -13331251.0867 8092056.3659, -13331349.1815 8091973.721, -13331572.3392 8091897.6944, -13331574.7652 8091866.54689999, -13331670.6811 8091679.5591, -13331791.58 8091577.6901, -13331942.3818 8091530.5481, -13332198.073 8091550.4871, -13332299.3141 8091585.9969, -13332428.822 8091545.5021, -13332831.6554 8091582.7074, -13333090.1402 8091581.7968, -13333213.297 8091543.8681, -13333922.9278 8091643.9662, -13334124.3446 8091717.842, -13334251.4983 8091731.0408, -13334468.8431 8091607.3239, -13334657.4044 8091421.1183, -13334867.077 8091085.5232, -13334987.6796 8090967.573, -13335123.0751 8090760.1458, -13334846.5963 8090760.1696, -13334542.1701 8090904.0066, -13334358.9311 8090896.7821, -13333901.5387 8091173.5817, -13333760.8454 8091336.1955, -13333651.1813 8091364.3747, -13333247.9 8091260.97, -13332622.4214 8091173.39769999, -13332453.6261 8091083.7345, -13332096.5228 8091058.3394, -13331800.7895 8090896.349, -13331770.301 8090791.6681, -13331687.1026 8090857.1899, -13331534.8398 8090899.3016, -13331378.1625 8090879.1801, -13331180.2278 8090766.2171, -13331033.1408 8090705.3632, -13330895.824 8090671.2157, -13330661.2321 8090639.9857, -13330524.5075 8090560.7486, -13330428.98 8090434.7279, -13330389.4959 8090281.514, -13330412.8585 8090120.2995, -13330468.8606 8089983.4294, -13330425.2267 8089850.9879, -13330438.649 8089679.0156, -13330481.7305 8089530.9344, -13330216.3051 8089493.681, -13330019.6724 8089379.7069, -13329956.9947 8089302.4531, -13329902.0589 8089135.6667, -13329914.3809 8088977.93819999, -13329986.5935 8088837.2409, -13330087.3602 8088752.3762, -13329975.0039 8088649.42, -13329680.1672 8088472.3022, -13329617.501 8088395.0549, -13329562.5799 8088228.2858, -13329574.9081 8088070.5767, -13329647.1188 8087929.8998, -13329767.9869 8087828.1153)), ((-13271784.1567 8038705.8194, -13271871.655 8038654.8792, -13272028.181 8038660.1648, -13272258.4412 8038716.3277, -13272194.4925 8038821.3169, -13272094.0859 8038746.8757, -13271893.0201 8038754.4919, -13271784.1567 8038705.8194)), ((-13381062.8427 8134126.5572, -13380849.7118 8134120.7915, -13380657.1544 8134154.6383, -13380264.5511 8134303.4636, -13380172.7282 8134310.6186, -13380068.0893 8134290.7901, -13380006.9168 8134260.6623, -13379853.6466 8134096.3629, -13379800.7218 8133920.3088, -13379836.7908 8133710.3732, -13379905.5486 8133544.834, -13379946.3746 8133353.3173, -13379948.4387 8133139.7569, -13379911.3249 8132947.4945, -13379854.1274 8132797.78809999, -13379782.3366 8132670.9117, -13379691.6901 8132369.3577, -13379651.8098 8132182.4455, -13379558.1306 8131971.0859, -13379466.4992 8131839.7007, -13379368.6944 8131736.2356, -13379242.7292 8131637.4295, -13379115.7059 8131565.5834, -13378935.4343 8131499.9678, -13378734.4081 8131468.6943, -13378531.4073 8131393.8821, -13378407.0853 8131261.6029, -13378349.7163 8131070.6236, -13378398.2046 8130704.188, -13378842.3449 8130669.164, -13379051.3598 8130735.0462, -13379252.1831 8130764.3419, -13379464.9127 8130751.5305, -13379653.716 8130701.0553, -13379918.3287 8130583.3895, -13380087.0284 8130570.2514, -13380430.2127 8130666.18509999, -13380571.7637 8130679.9671, -13380713.8515 8130673.8764, -13380905.0234 8130633.338, -13381128.4154 8130531.9744, -13381293.907 8130490.8588, -13381488.1897 8130521.0155, -13381715.9301 8130582.9933, -13381964.3008 8130589.6861, -13382173.1575 8130547.2649, -13382554.1408 8130409.2102, -13382712.303 8130423.0959, -13382852.8183 8130497.1397, -13382953.8521 8130619.8381, -13382999.6996 8130772.1226, -13382983.2327 8130930.3297, -13382907.007 8131069.8688, -13382782.8673 8131169.0495, -13382630.1086 8131212.4537, -13382460.8754 8131191.9264, -13382228.3568 8131118.8908, -13382051.4857 8131101.7096, -13381874.3235 8131115.5541, -13381719.0778 8131154.2133, -13381425.9155 8131296.9381, -13381160.3742 8131368.3894, -13380972.9884 8131470.1186, -13380861.6015 8131558.7289, -13380763.6058 8131662.007, -13380680.9087 8131777.9436, -13380615.1202 8131904.2837, -13380541.5321 8132160.5341, -13380528.9334 8132491.9854, -13380588.5846 8132751.8685, -13380713.3514 8132987.4357, -13380854.473 8133147.5053, -13381041.1431 8133283.6092, -13381287.8879 8133383.7087, -13381598.0946 8133425.1322, -13381738.6568 8133499.2256, -13381839.7148 8133621.9876, -13381885.5599 8133774.3403, -13381869.0645 8133932.6093, -13381792.7885 8134072.1944, -13381668.5846 8134171.39819999, -13381515.7577 8134214.7988, -13381303.1456 8134188.9791, -13381062.8427 8134126.5572)))"
64,21171,1765,2023-10-15 06:33:14,HWF135, ,467.7,2023-09-24,1015,0 - hand sketch of any type,Wildfire,Being Held,2023/09/09 14:13:00,E,380.0,1689525120000,Lightning,5,fbcc077a-7f2c-41b2-b174-694e41493147,16287753.015625,36044.1295578195,"POLYGON ((-12702314.3271 7895498.0634, -12702351.3205 7895522.4226, -12702610.2285 7895421.8525, -12702789.6519 7895287.6204, -12702935.79 7895115.452, -12703067.1856 7895034.9002, -12703219.4433 7895011.4874, -12703368.9006 7895048.8518, -12703492.333 7895141.1881, -12703534.1164 7895212.209, -12703584.2402 7895067.0988, -12703635.8374 7894995.7368, -12703709.5616 7894934.213, -12704727.3549 7894395.5463, -12704789.346 7894377.9266, -12704850.2023 7894381.5456, -12704904.757 7894409.3997, -12705020.8177 7894507.4644, -12705119.7854 7894522.3797, -12705189.6463 7894509.1633, -12705282.98 7894464.611, -12705375.6426 7894365.3737, -12705400.9488 7894263.1549, -12705382.7027 7894151.7242, -12705200.4747 7893795.8815, -12705052.5211 7893280.8274, -12704920.1444 7893028.4255, -12704909.5685 7892973.2474, -12704947.5894 7892802.0195, -12704910.0646 7892717.468, -12704864.1632 7892677.72, -12704804.6011 7892656.5189, -12704672.9927 7892661.1876, -12704586.0225 7892708.1703, -12704434.2637 7892854.84179999, -12704373.2481 7892875.3053, -12704313.1838 7892858.99449999, -12704246.2571 7892773.9039, -12704217.9438 7892650.1443, -12704217.9016 7892471.6398, -12704285.0645 7892084.028, -12704288.0133 7891974.8311, -12704240.0947 7891824.4045, -12704041.022 7891484.4511, -12703989.5048 7891343.5846, -12703991.6923 7891281.9194, -12704040.7164 7891210.2451, -12704098.4635 7891184.8029, -12704287.7773 7891168.9167, -12704331.8426 7891138.1079, -12704358.1364 7891086.7896, -12704414.4856 7890830.75069999, -12704451.4886 7890759.2988, -12704505.4915 7890701.2514, -12704577.2772 7890660.7924, -12704699.1277 7890639.4734, -12704780.4712 7890647.2453, -12704889.5851 7890682.6341, -12704973.1117 7890750.1504, -12705006.0311 7890812.9162, -12705020.1989 7890922.6959, -12705005.0081 7891108.8859, -12705021.4252 7891183.1008, -12705061.8758 7891252.1647, -12705161.7192 7891337.9747, -12705472.5969 7891502.8251, -12705595.2683 7891592.8766, -12705933.7194 7891917.4008, -12705997.8881 7892031.7926, -12706004.396 7892164.3663, -12705920.1156 7892493.8641, -12705898.1245 7892795.9198, -12705864.4141 7892889.5396, -12705777.6574 7892944.2613, -12705698.2837 7892943.1379, -12705620.5991 7892916.5442, -12705463.5876 7892830.2108, -12705366.2134 7892836.9544, -12705309.3272 7892871.5379, -12705248.8034 7892950.0506, -12705222.3419 7893114.9613, -12705251.1585 7893243.7569, -12705342.991 7893365.8926, -12705454.0944 7893423.725, -12705671.6772 7893482.9887, -12705764.0149 7893556.0148, -12705794.6837 7893673.9535, -12705769.6571 7893813.4581, -12705775.8868 7893860.4527, -12705969.7005 7894036.4317, -12706006.2191 7894103.0717, -12706009.4339 7894145.9378, -12705967.339 7894215.9483, -12705890.8147 7894240.5845, -12705849.9971 7894214.5574, -12705790.5144 7894101.1021, -12705730.6996 7894035.8298, -12705707.3651 7894029.3466, -12705669.1126 7894047.1785, -12705654.2301 7894116.8337, -12705716.7161 7894194.5141, -12705886.0582 7894292.0661, -12706085.7513 7894503.3548, -12706123.4523 7894564.3009, -12706142.1223 7894630.9877, -12706143.2692 7894722.9072, -12706124.636 7894776.071, -12706061.7227 7894832.8857, -12705999.4788 7894839.3859, -12705807.9956 7894767.6282, -12705736.5073 7894765.9598, -12705718.0165 7894814.0857, -12705766.5136 7894975.7922, -12705750.9265 7895069.5145, -12705683.1648 7895149.0663, -12705490.1033 7895284.6435, -12705361.883 7895351.9476, -12705305.27 7895409.4817, -12705270.3866 7895517.71329999, -12705243.8599 7895758.1181, -12705198.1776 7895869.9479, -12705156.1971 7895913.7694, -12705098.8355 7895941.9905, -12704823.7044 7895953.7488, -12704742.9767 7895993.7927, -12704837.0167 7896125.9481, -12704867.9438 7896277.1666, -12704838.1336 7896428.6142, -12704426.0562 7897070.79959999, -12704297.3708 7897155.7064, -12704145.9303 7897184.1797, -12703995.2756 7897151.7929, -12703869.1849 7897063.8325, -12703660.9514 7897292.7167, -12703574.3334 7897351.3279, -12703500.3406 7897364.4583, -12703221.3334 7897349.1353, -12703072.7381 7897385.2138, -12703008.8248 7897415.6716, -12702915.1093 7897512.2786, -12702861.0492 7897630.17979999, -12702854.2158 7897721.69829999, -12702874.0551 7897890.6029, -12702858.1036 7897956.8855, -12702812.2677 7898015.284, -12702738.5289 7898045.6201, -12702654.9114 7898042.1536, -12702574.6463 7898008.7156, -12702473.7836 7897923.2163, -12702427.0461 7897848.89, -12702402.781 7897721.4814, -12702444.1127 7897483.3942, -12702402.7185 7897390.8876, -12702342.8705 7897362.0568, -12702233.8954 7897372.56669999, -12702095.4942 7897433.42849999, -12702012.3875 7897498.7165, -12701905.91 7897612.636, -12701867.892 7897683.8078, -12701869.631 7897735.1259, -12701923.1589 7897922.397, -12701909.4998 7897988.7182, -12701866.0905 7898048.6693, -12701756.6191 7898112.1928, -12701622.2163 7898149.2608, -12701479.8247 7898161.8678, -12701293.24 7898141.5638, -12701313.9225 7898171.9527, -12701344.7873 7898323.2258, -12701314.8983 7898474.6997, -12701228.8977 7898602.8297, -12701183.1478 7898632.9879, -12701153.4671 7898796.9065, -12701090.8823 7898925.9023, -12701044.8009 7899074.4644, -12701022.4811 7899228.4231, -12701024.2201 7899380.9146, -12700979.2562 7899549.3366, -12700922.4999 7899628.1311, -12700779.5545 7899722.3505, -12700628.0501 7899750.7624, -12700477.3593 7899718.294, -12700350.9066 7899629.9934, -12700268.3459 7899499.5869, -12700223.491 7899338.2303, -12700158.3298 7899292.726, -12700031.9518 7899099.7025, -12699916.0297 7898971.7354, -12699582.2482 7898727.1616, -12699527.6337 7898646.8759, -12699487.8864 7898480.1582, -12699512.7974 7898327.783, -12699594.5494 7898196.898, -12699720.435 7898107.8413, -12699961.8934 7898058.4194, -12700014.0918 7897981.5445, -12699894.7986 7897967.6627, -12699778.058 7897904.1047, -12699733.882 7897825.4646, -12699742.8453 7897734.6619, -12699812.2057 7897658.5509, -12699910.0106 7897607.7335, -12700308.5126 7897521.381, -12700449.2917 7897439.3197, -12700505.9161 7897356.454, -12700578.0425 7897122.1313, -12700695.4132 7896958.6143, -12700710.2595 7896893.11389999, -12700714.0509 7896731.3789, -12700766.3053 7896670.5348, -12700848.6428 7896676.4092, -12700902.6616 7896716.3327, -12700987.2782 7896814.5903, -12701045.7232 7896833.3226, -12701572.5108 7896702.4782, -12701681.2162 7896716.7968, -12701791.0916 7896784.8087, -12701843.5724 7896801.0229, -12701889.6843 7896789.6796, -12701923.6127 7896750.6601, -12701943.0783 7896611.0298, -12701931.5043 7896334.1246, -12701909.4177 7896243.8552, -12701841.908 7896195.2501, -12701618.8997 7896179.3271, -12701575.1714 7896132.20579999, -12701597.5285 7896067.8108, -12701826.71 7895931.9635, -12701851.8814 7895886.5201, -12701846.8946 7895841.0766, -12701812.7561 7895806.8097, -12701760.2822 7895786.8212, -12701415.3608 7895725.4469, -12701335.8769 7895693.1049, -12701296.0005 7895649.3966, -12701233.8769 7895496.0724, -12701191.2437 7895442.4092, -12701137.727 7895400.6575, -12700946.6073 7895314.0489, -12700899.988 7895263.6828, -12700879.2985 7895165.4214, -12700939.0619 7895080.6327, -12701044.5782 7895040.9766, -12701167.6921 7895053.76399999, -12701521.7282 7895243.4107, -12701848.8111 7895354.9962, -12702199.9562 7895446.2993, -12702314.3271 7895498.0634))"
65,21173,1766,2023-10-15 06:33:14,HBZ002, ,62994.1,2023-09-24,1015,0 - hand sketch of any type,Mutual Aid,Being Held,2023/10/12 13:20:20,E,53676.9,,,5,be0d99a3-c2c1-4724-a35a-0eb26cb72209,2502426394.24219,1557248.73490168,"MULTIPOLYGON (((-13340645.7754 8416262.8738, -13340523.3239 8413393.8619, -13339339.9976 8413819.9041, -13338591.9308 8413425.0894, -13337847.2032 8413028.0652, -13337757.0345 8412249.6925, -13337271.6815 8411946.3948, -13336789.6681 8411411.1938, -13335609.6815 8411841.5816, -13335172.196 8412668.9776, -13333677.1752 8411875.0324, -13332825.5811 8411805.9007, -13332132.0607 8411400.0444, -13331362.843 8411935.2443, -13330368.0752 8413200.4118, -13330348.5493 8413311.2796, -13330474.7114 8413204.79599999, -13330944.3409 8413050.6492, -13331182.9272 8412992.8478, -13331345.8046 8413019.0937, -13331485.9009 8413106.3557, -13331581.4437 8413241.0747, -13331617.5826 8413402.3173, -13331550.6292 8413783.9578, -13331541.3732 8413968.6838, -13331564.2821 8414152.2176, -13331644.3136 8414413.8765, -13331705.6012 8414747.4403, -13331673.5325 8414928.0938, -13331620.1716 8415017.3148, -13331476.2774 8415130.86949999, -13331317.2549 8415175.027, -13330951.2998 8415128.733, -13330785.0956 8415124.7271, -13330651.1039 8415140.6983, -13330091.0044 8415057.797, -13329924.926 8415065.3945, -13329714.4763 8415106.0354, -13329497.0288 8415078.3005, -13329338.377 8414986.5678, -13329272.8049 8414905.92459999, -13329215.2285 8414731.736, -13329227.9385 8414566.94, -13329303.245 8414419.8742, -13329500.9164 8414251.1791, -13329612.983 8414128.1961, -13329796.5296 8413836.6399, -13330042.822 8413628.3295, -13329159.8303 8413563.3837, -13329902.3313 8412064.5901, -13327875.2033 8412387.9647, -13328093.3895 8411672.0996, -13327341.983 8411442.413, -13326372.3902 8411933.0142, -13325624.3232 8411703.3196, -13325185.7244 8411609.6596, -13324122.6234 8411246.1816, -13323533.6343 8411067.3769, -13323555.4358 8411151.4329, -13323659.9062 8411354.5559, -13323480.9168 8411380.2582, -13323305.4225 8411437.5882, -13323158.1067 8411514.6059, -13323014.0846 8411620.3377, -13322752.6599 8411732.3636, -13322548.9191 8411866.76309999, -13322337.6981 8411925.1352, -13322174.0879 8411904.0989, -13322031.312 8411821.3538, -13321968.1516 8411738.0327, -13321815.5789 8411780.1846, -13321651.9738 8411759.1369, -13321509.2063 8411676.3829, -13321409.4675 8411544.7876, -13321368.258 8411384.8074, -13321391.9791 8411221.3095, -13321476.9403 8411079.7021, -13321609.9342 8410981.99199999, -13321770.2934 8410943.3604, -13321889.9868 8410962.8065, -13321772.396 8410562.03679999, -13321796.1059 8410398.5564, -13321881.0505 8410256.9603, -13322014.024 8410159.2543, -13322174.3631 8410120.6186, -13322386.1377 8410148.5992, -13322570.5795 8410141.9689, -13322715.5529 8410113.5926, -13323060.6523 8410006.6488, -13323224.8269 8410022.2323, -13323370.2315 8410100.1612, -13323474.2723 8410228.3285, -13323520.7768 8410386.8166, -13323486.0722 8410715.8824, -13323503.885 8410952.677, -13324341.9228 8410528.1977, -13325377.1939 8410898.3296, -13326842.1585 8410769.00429999, -13327561.2823 8410724.4098, -13328306.0097 8410637.4515, -13328540.8938 8409716.6479, -13329826.634 8407795.14810001, -13329793.6659 8409540.4789, -13329885.2686 8409511.7667, -13330049.4426 8409527.1962, -13330194.9063 8409604.9831, -13330299.0564 8409733.0423, -13330345.7034 8409891.4727, -13330327.5948 8410055.6556, -13330247.5408 8410200.0716, -13330117.9816 8410302.27179999, -13329959.0535 8410346.3687, -13329779.0148 8410315.9978, -13329775.427 8410505.9012, -13331428.5215 8410682.0455, -13331864.894 8409854.87259999, -13332695.3373 8410247.2664, -13333378.8391 8409482.5637, -13333486.8188 8408597.5696, -13333920.9649 8407768.40209999, -13334146.9434 8405608.99319999, -13334321.715 8405194.5661, -13333779.677 8403253.8018, -13333740.9774 8403264.7628, -13333709.0021 8403445.1422, -13333655.746 8403534.2368, -13333512.1042 8403647.6489, -13333353.3408 8403691.7756, -13333189.8892 8403671.0045, -13333047.1566 8403588.5647, -13332947.3285 8403457.2723, -13332891.9843 8403243.7809, -13332885.9872 8403112.03190001, -13332978.1989 8403019.0036, -13333146.7011 8402894.8046, -13333306.8186 8402855.9691, -13333469.4775 8402882.1371, -13333609.4023 8402969.243, -13333704.8473 8403103.7518, -13333716.3894 8403155.1888, -13333755.353 8403166.6991, -13333549.1191 8402428.1562, -13333503.5168 8402427.8599, -13333147.2945 8402285.3202, -13332866.7692 8402049.2451, -13332664.1677 8401708.5083, -13332372.5107 8401641.6992, -13332185.4941 8401686.2385, -13332123.155 8402180.64459999, -13332449.3213 8402425.6327, -13332235.2582 8402442.4299, -13332266.6511 8402548.9588, -13332248.5995 8402712.9819, -13332168.6601 8402857.2725, -13332039.255 8402959.4014, -13331880.4968 8403003.49199999, -13331717.0639 8402982.68949999, -13331558.6498 8402891.1493, -13331493.1646 8402810.6558, -13331435.6375 8402636.76870001, -13331448.2833 8402472.2401, -13331523.4271 8402325.3962, -13331649.3875 8402219.0556, -13331702.2527 8402202.47209999, -13331912.7613 8401481.3595, -13331823.7056 8400911.29070001, -13332143.1926 8401465.771, -13332832.2602 8401238.6295, -13332879.0145 8400991.454, -13332834.4866 8400828.9017, -13332871.2221 8400457.0488, -13332913.5235 8400223.2589, -13331890.4974 8400109.7064, -13331596.614 8399818.0402, -13330865.2448 8399996.1556, -13330629.2475 8400307.8676, -13330897.5276 8400855.6223, -13331163.581 8401254.2174, -13330776.1893 8401009.2682, -13330382.4114 8401553.2147, -13330786.2313 8401842.545, -13330852.4778 8401853.2267, -13330992.3529 8401940.3715, -13331087.7372 8402074.8971, -13331127.5766 8402252.7364, -13331131.273 8402432.1014, -13330894.8242 8402618.6534, -13330736.0663 8402662.7172, -13330572.643 8402641.89, -13330429.9587 8402559.4099, -13330330.1908 8402428.0987, -13330288.8446 8402268.3694, -13330312.3426 8402105.0502, -13330338.6667 8402061.0575, -13330087.3003 8402342.8059, -13330174.2065 8402396.9629, -13330269.5822 8402531.5076, -13330305.6345 8402692.5251, -13330273.577 8402872.8768, -13330220.2824 8402961.94089999, -13329874.9278 8403237.4591, -13329716.5845 8403417.4368, -13329640.8194 8403544.2956, -13329577.5903 8403698.0331, -13329542.1597 8403841.5428, -13329519.0744 8404031.8023, -13329439.0667 8404176.091, -13329309.5999 8404278.1914, -13329150.7957 8404322.2319, -13328987.3397 8404301.3655, -13328806.7775 8404196.9381, -13328639.7285 8404067.9402, -13328536.4415 8404015.4558, -13328468.3242 8404138.2627, -13328338.8442 8404240.3458, -13328180.0346 8404284.3652, -13328016.5816 8404263.4771, -13327858.1837 8404171.8407, -13327792.7265 8404091.2996, -13327749.9015 8403961.6364, -13327564.6051 8403944.9065, -13327421.9276 8403862.3531, -13327322.1942 8403730.977, -13327280.9048 8403571.2013, -13327304.4732 8403407.8612, -13327389.233 8403266.3397, -13327522.0071 8403168.6311, -13327682.1631 8403129.916, -13327844.811 8403156.21, -13328061.0223 8403272.0721, -13328273.6991 8403332.7631, -13328507.6572 8403345.9284, -13328511.6716 8403293.968, -13328586.8826 8403147.1362, -13328712.9005 8403040.8328, -13328870.1396 8402991.5756, -13328878.8321 8402924.5626, -13328782.4572 8402908.9515, -13328880.4183 8402278.6389, -13329032.926 8401859.9449, -13328484.1209 8402002.47649999, -13328036.6166 8402510.2669, -13327856.279 8402053.6993, -13327486.6984 8401307.6618, -13327074.8162 8401129.5149, -13327060.2556 8401108.3631, -13327078.8048 8401171.4731, -13327041.8727 8401396.421, -13327034.3805 8401544.0185, -13327050.5436 8401709.4575, -13327140.7972 8402118.0892, -13327108.6639 8402298.4149, -13327055.3347 8402387.4496, -13326911.6101 8402500.71679999, -13326752.8289 8402544.6942, -13326589.4174 8402523.7783, -13326446.7783 8402441.2209, -13326347.0818 8402309.856, -13326305.8222 8402150.1048, -13326349.6266 8401834.4243, -13326349.3566 8401649.7664, -13326321.7277 8401485.8582, -13326214.9201 8401122.5883, -13326320.5975 8400895.4526, -13326446.6112 8400789.2206, -13326603.8189 8400740.0278, -13326767.7918 8400755.5171, -13326846.2988 8400797.5473, -13326676.2925 8400550.5669, -13326118.5817 8400635.1795, -13326026.1867 8400526.0741, -13325653.2664 8400437.0094, -13325488.5134 8401087.2056, -13325082.1973 8400933.5582, -13324737.1069 8400857.849, -13324660.2965 8400757.6469, -13324345.2623 8400537.20709999, -13324227.2636 8400423.6498, -13323989.0399 8400630.7263, -13323898.871 8401325.4768, -13323022.7867 8401118.3809, -13323141.8985 8400960.2792, -13323240.9729 8400399.1574, -13322492.906 8400172.0487, -13321526.6528 8400659.6728, -13321743.7258 8399942.7206, -13320689.694 8399834.5334, -13320655.7603 8399878.9254, -13320521.4837 8399984.556, -13320362.7146 8400028.3799, -13320199.3746 8400007.3272, -13320019.4263 8399902.9639, -13319897.9108 8399803.5652, -13319757.3991 8399717.6034, -13319657.8574 8399586.192, -13319646.7457 8399545.8272, -13319521.8046 8399569.09229999, -13319333.2716 8399643.5952, -13319252.0571 8399694.4856, -13319177.0242 8399741.5014, -13319027.658 8399878.7313, -13318907.1711 8400041.9897, -13318813.8394 8400242.7085, -13318792.7931 8400324.3723, -13318845.8611 8400457.533, -13318983.0767 8400645.8646, -13319018.8734 8400806.9024, -13318986.4762 8400987.5513, -13318889.0481 8401211.0343, -13318779.913 8401735.4829, -13318910.4886 8401805.571, -13319036.2056 8401951.8382, -13319145.907 8402050.685, -13319546.9808 8402308.2802, -13319642.1643 8402442.966, -13319677.9849 8402604.0392, -13319644.7091 8402789.689, -13319551.3223 8403042.7069, -13319524.9645 8403244.0961, -13319540.5107 8403465.0671, -13319607.5446 8403716.84, -13319589.2081 8403880.8644, -13319509.0052 8404025.0458, -13319379.3993 8404126.9721, -13319220.5341 8404170.7981, -13319057.1046 8404149.7101, -13318862.693 8404036.9215, -13318701.9431 8403854.5461, -13318506.8927 8403715.30699999, -13318285.5781 8403623.5823, -13318114.8908 8403594.2292, -13318065.0859 8403630.9063, -13317831.1845 8403625.5109, -13317732.1964 8403739.6457, -13317622.329 8403913.7068, -13317450.1335 8404049.0543, -13317291.2577 8404092.8383, -13316914.2509 8404061.53329999, -13316751.4533 8404082.9028, -13316337.0901 8404080.7487, -13316169.3162 8404099.79029999, -13315898.5788 8404064.7397, -13315556.0556 8403832.658, -13315377.3737 8403933.8204, -13315067.7808 8404176.0973, -13314908.8863 8404219.8311, -13314745.4658 8404198.64679999, -13314588.3056 8404107.3469, -13314442.8875 8403979.5326, -13314258.8307 8403866.119, -13314159.6316 8403743.59749999, -13314079.1006 8403492.8922, -13313995.4198 8403328.3001, -13313655.2852 8402883.922, -13313581.0914 8402823.7077, -13313458.3041 8402856.5851, -13313294.917 8402835.3716, -13313152.415 8402752.5491, -13313052.9473 8402620.9928, -13311820.8118 8402737.7693, -13311778.7885 8402714.3009, -13311475.6159 8403062.6402, -13311227.3734 8403116.098, -13311241.4811 8402163.8682, -13310974.6619 8402049.7446, -13310632.0246 8401995.6717, -13310348.7752 8401835.7643, -13310083.2743 8401752.0303, -13309922.8393 8401658.6902, -13309857.5976 8401578.0116, -13309832.3873 8401501.05, -13308226.2001 8401514.7633, -13307793.3226 8401582.7721, -13307578.4605 8401858.8118, -13307666.8341 8401943.2413, -13307825.3386 8402045.0969, -13307977.7698 8402002.5373, -13308141.7411 8402018.4459, -13308286.8329 8402096.59619999, -13308390.4999 8402224.8468, -13308436.6276 8402383.2667, -13308418.0444 8402547.2391, -13308337.6342 8402691.2768, -13308207.8922 8402792.9903, -13307996.8062 8402850.8752, -13307846.9471 8402831.6678, -13307705.8017 8402870.36649999, -13307529.5121 8402867.73049999, -13307347.3635 8402896.4222, -13307189.8926 8402949.0025, -13307047.9885 8403022.2902, -13306872.2715 8403070.4468, -13306708.8957 8403049.0857, -13306566.4605 8402966.1312, -13306467.1055 8402834.47950001, -13306426.2715 8402674.5958, -13306450.3015 8402511.3321, -13306657.084 8402166.96149999, -13306779.0754 8401911.2794, -13306884.2892 8401494.22820001, -13307301.1041 8400836.878, -13307179.7967 8400657.4462, -13306765.6883 8400733.15339999, -13306378.584 8400497.3348, -13306069.5414 8400706.1342, -13306105.9553 8400757.86200001, -13306141.4724 8400918.9713, -13306108.8276 8401099.1868, -13306055.2495 8401188.0599, -13305742.1196 8401440.48979999, -13305631.9851 8401564.84619999, -13305534.2804 8401715.86069999, -13305390.2288 8401828.703, -13305231.3229 8401872.2133, -13305067.9777 8401850.8185, -13304925.584 8401767.8446, -13304826.2744 8401636.191, -13304785.4831 8401476.3231, -13304809.5462 8401313.0905, -13304894.7203 8401171.8602, -13305195.6704 8400939.7041, -13305305.8033 8400815.3648, -13305415.6983 8400644.144, -13305548.7264 8400546.86200001, -13305708.9516 8400508.6388, -13305844.2447 8400530.9278, -13305842.4684 8400541.74669999, -13305955.2727 8400315.5226, -13305454.3448 8400169.8222, -13305636.9087 8399390.5812, -13304871.0306 8399252.5528, -13303519.612 8400176.5017, -13303283.6146 8399942.7206, -13302985.2783 8400069.6294, -13302984.4452 8400208.9429, -13303183.3384 8400331.8081, -13303321.8846 8400382.5842, -13303484.4328 8400415.9922, -13303882.8665 8400455.2678, -13304027.8839 8400533.4874, -13304131.4555 8400661.7731, -13304177.4817 8400820.1886, -13304158.8065 8400984.1176, -13304078.3282 8401128.0799, -13303948.5529 8401229.6973, -13303789.6506 8401273.1728, -13303626.3223 8401251.7472, -13303468.2816 8401159.6137, -13303403.1142 8401078.8818, -13303276.0278 8400682.2936, -13303210.1156 8400529.7498, -13303086.8053 8400345.9557, -13302984.2214 8400246.3843, -13302979.7125 8401000.361, -13302452.058 8401073.8449, -13302549.6445 8400299.4775, -13302514.3969 8400067.4029, -13302402.48 8399974.5929, -13302003.2186 8399935.76969999, -13301926.4474 8399890.9915, -13301509.182 8399958.3058, -13301315.486 8399960.5321, -13300596.7081 8400084.2231, -13300754.2955 8400105.7972, -13300953.9745 8400239.2094, -13301099.1837 8400419.2217, -13301160.2348 8400629.6736, -13301138.1088 8400935.4234, -13301155.8018 8401082.148, -13301193.7099 8401224.9805, -13301316.4185 8401472.7187, -13301600.1779 8401830.9923, -13301646.1578 8401989.4498, -13301627.4238 8402153.3996, -13301378.1427 8402574.81409999, -13301319.7126 8402730.4378, -13301288.7497 8402874.9744, -13301278.2944 8403040.9169, -13301297.2135 8403224.6496, -13301341.2659 8403384.96809999, -13301415.7062 8403546.8884, -13301453.9784 8403721.0149, -13301421.2075 8403901.2808, -13301383.3681 8403963.95840001, -13301403.9038 8404057.3916, -13301371.1302 8404237.6661, -13301272.5147 8404372.8252, -13301392.4572 8404552.1393, -13301595.022 8404732.1605, -13302079.4156 8404979.4239, -13302217.0359 8405149.9696, -13302263.0514 8405308.4937, -13302244.3243 8405472.5186, -13302163.761 8405616.5493, -13302015.9724 8405732.2122, -13301879.9113 8405800.9208, -13301744.5417 8405897.2616, -13301625.8806 8406013.62789999, -13301526.85 8406147.1564, -13301414.0531 8406395.8864, -13301393.8721 8406609.9486, -13301365.3364 8406698.6153, -13301487.5709 8407187.9611, -13301463.0923 8407322.6246, -13301508.7166 8407410.8243, -13301684.0761 8407624.7299, -13301813.874 8407728.5455, -13301981.0667 8407824.9248, -13302084.7087 8407953.3646, -13302130.7403 8408111.94939999, -13302112.0045 8408276.0364, -13302031.4092 8408420.121, -13301858.8155 8408555.1937, -13301291.2251 8408709.0484, -13301138.752 8408775.1064, -13300994.5503 8408867.2414, -13300570.3294 8408997.1359, -13300328.149 8408986.3313, -13300162.7513 8409001.9392, -13299503.6483 8409187.2294, -13299340.1539 8409165.6891, -13299181.9931 8409073.36729999, -13299116.7996 8408992.5111, -13299059.9808 8408818.2094, -13299073.3593 8408653.5836, -13299149.2165 8408506.9335, -13299290.5883 8408388.64, -13299419.9982 8408319.992, -13299539.6691 8408233.2967, -13299726.8028 8408029.61339999, -13299803.1346 8407902.9747, -13299880.4901 8407686.5543, -13299833.9722 8407543.9015, -13299818.411 8407347.8714, -13299771.0383 8407169.256, -13299711.266 8407034.002, -13299633.2858 8406908.3984, -13299538.6162 8406794.8889, -13299372.8836 8406654.4446, -13299216.6417 8406481.2016, -13299085.1122 8406379.6402, -13298827.0739 8406227.4346, -13298727.8094 8406095.6175, -13298687.1229 8405935.6168, -13298711.3343 8405772.3022, -13298821.2989 8405587.3966, -13298881.6521 8405452.436, -13298926.3878 8405292.2578, -13298944.7092 8405145.5249, -13298923.6572 8404869.63620001, -13298798.6228 8404465.9715, -13298813.9051 8404278.0331, -13298872.8715 8404012.0684, -13298861.4498 8403735.6539, -13298779.0011 8403471.6283, -13298656.1938 8403269.2324, -13298541.7884 8403031.8828, -13298433.8164 8402968.8392, -13298325.1396 8402866.6934, -13298204.4485 8402781.618, -13297908.4137 8402639.2508, -13297500.8642 8402725.2566, -13297337.5186 8402703.6872, -13297195.1919 8402620.5522, -13297144.8274 8402553.6392, -13296982.393 8402532.18199999, -13296840.0736 8402449.0419, -13296740.8967 8402317.2637, -13296700.2759 8402157.3324, -13296724.5207 8401994.1073, -13296809.8594 8401852.9542, -13297146.48 8401605.8303, -13297483.8055 8401300.5589, -13297641.2304 8401251.9787, -13297684.5155 8401256.2402, -13297745.7663 8401221.7246, -13297928.2157 8401066.39720001, -13298031.8335 8400936.5522, -13298195.1437 8400670.9812, -13298374.8285 8400328.6167, -13298501.2457 8400222.8643, -13298787.7778 8400124.3076, -13298996.8098 8399996.7396, -13299157.0599 8399958.6618, -13299319.549 8399985.5801, -13299357.3208 8400009.339, -13299346.2442 8399978.3439, -13299781.5034 8399864.79519999, -13299873.8985 8399702.2677, -13300170.0085 8397496.2565, -13300746.6434 8399379.4498, -13300862.4157 8399461.8226, -13301308.8068 8399584.2705, -13301493.5973 8399610.9867, -13301319.7889 8399511.8667, -13301254.6595 8399431.1328, -13301197.8695 8399257.0727, -13301215.5863 8399038.3524, -13301286.4923 8398621.1079, -13301371.7052 8398479.9689, -13301504.7495 8398382.7886, -13301664.9507 8398344.6654, -13301827.4126 8398371.5231, -13301869.6947 8398396.7782, -13301888.0443 8398289.0814, -13301963.743 8398142.6109, -13302090.0708 8398036.8298, -13302247.3938 8397988.17459999, -13302411.2661 8398004.2048, -13302556.2197 8398082.429, -13302659.7307 8398210.6945, -13302705.7089 8398369.0678, -13302692.3505 8398486.112, -13302726.8728 8398605.0235, -13302716.6621 8398694.4904, -13302823.1239 8398836.6435, -13302858.5593 8398997.7283, -13302839.7648 8399101.2174, -13303081.6642 8399224.3793, -13303152.4928 8399312.1333, -13305256.1959 8398515.7033, -13305339.6856 8398624.7791, -13305708.1532 8398931.9808, -13306456.2201 8399161.2774, -13306722.0826 8398772.98659999, -13306549.6111 8397854.7377, -13306718.5109 8397513.6853, -13306798.6054 8397467.9837, -13306911.0945 8397452.5289, -13306952.8768 8397479.1637, -13306996.0692 8397547.2647, -13307241.7152 8398339.3204, -13307140.9555 8399304.5887, -13307200.9475 8399390.5813, -13307158.6462 8399789.097, -13307636.2067 8399604.3077, -13308294.1049 8399918.2296, -13308429.9147 8399486.3121, -13308642.5349 8399713.3995, -13308693.7419 8399851.4366, -13308589.1016 8400539.4337, -13309869.1854 8401131.8844, -13309889.2843 8401092.8908, -13310087.0638 8400939.4187, -13310369.6329 8400873.8294, -13310616.1387 8400903.1337, -13310836.3891 8400883.9792, -13310978.9213 8400845.821, -13311170.0316 8400757.842, -13311363.9272 8400697.611, -13311536.4815 8400714.2725, -13311687.4248 8400767.4662, -13311832.2324 8400795.74009999, -13311979.5596 8400803.5487, -13312136.1212 8400789.1379, -13312112.5532 8400976.9796, -13312124.8333 8401179.6672, -13312263.08 8401811.9608, -13312330.6715 8402003.4257, -13312444.4715 8402193.3259, -13312491.1672 8402244.4143, -13313333.7968 8401701.5272, -13313358.3768 8401537.1242, -13313358.4214 8401389.3298, -13313289.2392 8401049.2496, -13313313.1121 8400886.0037, -13313398.1164 8400744.6866, -13313531.0371 8400647.2613, -13313691.2188 8400608.8642, -13313859.7949 8400630.0418, -13314007.3021 8400627.4963, -13314153.0192 8400604.409, -13314294.1089 8400561.2299, -13314427.8241 8400498.8001, -13314548.5788 8400420.5456, -13314898.7204 8400311.0893, -13315034.5198 8400253.3629, -13315160.9746 8400177.2653, -13315416.4321 8399979.59709999, -13315047.252 8399945.3532, -13314858.0106 8399835.4228, -13314758.5536 8399703.9413, -13314717.5597 8399544.175, -13314741.3967 8399380.9583, -13314826.3564 8399239.6549, -13314959.231 8399142.22469999, -13315304.2532 8399050.0639, -13315437.9324 8398987.62919999, -13315561.6333 8398907.165, -13315746.9915 8398727.8646, -13315883.5315 8398508.97559999, -13315936.3804 8398371.0533, -13315969.5507 8398227.1084, -13315982.3981 8398079.9428, -13315974.6736 8397932.4215, -13315918.7961 8397699.3217, -13315785.3496 8397445.6899, -13315744.0578 8397284.8509, -13315757.8175 8397190.5484, -13315581.2573 8397239.1579, -13315417.9906 8397218.005, -13315223.8176 8397105.2203, -13315073.8376 8396918.3051, -13315005.9412 8396653.7263, -13315019.1825 8396582.989, -13314991.8911 8396560.43330001, -13314795.0391 8396459.9358, -13314581.6332 8396402.6259, -13314360.9965 8396391.0061, -13314160.6267 8396420.9619, -13313969.6413 8396488.6596, -13313810.0755 8396580.8877, -13313486.7684 8396832.7477, -13313328.0219 8396876.4001, -13313164.7679 8396855.1978, -13313022.3845 8396772.4371, -13312923.0023 8396640.9835, -13312882.0666 8396481.2719, -13312905.936 8396318.1281, -13312990.8974 8396176.9045, -13313295.5694 8395952.9799, -13313417.8666 8395840.7985, -13313550.8749 8395664.1045, -13313638.1349 8395480.9877, -13313694.0505 8395247.9771, -13313697.967 8395026.735, -13313661.111 8394827.2315, -13313517.9679 8394412.8195, -13313531.0045 8394248.4962, -13313606.4291 8394101.9928, -13313789.8137 8393926.7786, -13313978.45 8393952.6686, -13313954.0439 8393834.14019999, -13313972.0529 8393805.4177, -13314012.999 8393784.6224, -13314396.5538 8393712.79, -13315067.3448 8393678.8199, -13315640.2178 8393585.2315, -13315856.2306 8393501.0562, -13316010.4061 8393348.9582, -13316084.2132 8393304.727, -13316176.9426 8393282.0833, -13316482.3831 8393251.9315, -13316903.0593 8393100.8937, -13317048.8885 8393014.9851, -13317233.9169 8392854.70759999, -13317167.3303 8392642.8995, -13317144.2483 8392497.0833, -13317100.0563 8392356.7759, -13316890.9462 8392389.2213, -13316810.9472 8392366.7421, -13316782.928 8392312.3322, -13316757.8072 8392123.7625, -13316723.3028 8392077.4404, -13316631.4838 8392061.0108, -13316339.9928 8392102.2616, -13316104.5934 8392063.9445, -13316050.2777 8392019.2026, -13316032.9455 8391898.6313, -13316011.8764 8391860.0686, -13315780.3956 8391811.9951, -13315725.4152 8391761.114, -13315659.7402 8391654.8954, -13315552.9534 8391691.7238, -13315404.5257 8391772.6331, -13315193.8152 8391830.6298, -13315117.8037 8391820.77669999, -13315075.5709 8391896.5845, -13314946.1111 8391998.2619, -13314787.4775 8392041.9148, -13314393.4369 8391991.1108, -13314227.7551 8391986.7312, -13314032.8041 8392015.3895, -13313912.9837 8392000.6731, -13313791.3539 8392273.4468, -13313695.1836 8392445.9986, -13313565.6949 8392547.6599, -13313407.0402 8392591.2866, -13313243.8819 8392570.0961, -13313085.9146 8392478.2761, -13313020.7227 8392397.7249, -13312929.2231 8392130.3481, -13312711.0857 8392479.4049, -13312581.5822 8392581.04959999, -13312338.1575 8392650.1529, -13312119.1786 8392755.1383, -13311946.4473 8392802.5992, -13311783.2871 8392781.3755, -13311591.5575 8392673.0187, -13311371.0487 8392598.4964, -13311314.137 8392879.3244, -13311246.3006 8393054.976, -13311211.053 8393236.0175, -13311215.3874 8393493.9068, -13311299.607 8393889.9751, -13311267.1159 8394070.0392, -13311213.6502 8394158.8626, -13311069.8329 8394271.6956, -13310910.9844 8394315.3186, -13310747.637 8394308.2257, -13310601.0299 8394323.5582, -13310337.9162 8394406.4497, -13310208.9381 8394477.9384, -13310091.1449 8394566.711, -13309908.212 8394773.5023, -13309826.4501 8394917.9908, -13309754.5013 8395126.5748, -13309670.2124 8395294.5237, -13309609.1443 8395507.1883, -13309593.1134 8395672.5131, -13309600.7069 8395819.999, -13309699.748 8396209.7943, -13309681.2053 8396373.6319, -13309600.8845 8396517.5613, -13309471.2674 8396619.2093, -13309312.4997 8396662.7741, -13308932.9669 8396613.5703, -13308767.1815 8396609.0669, -13308568.6653 8396638.42, -13308404.4929 8396616.99, -13308246.4956 8396525.0162, -13308181.3189 8396444.3775, -13308056.7093 8396067.675, -13307999.1463 8395951.7239, -13307800.7747 8396317.3561, -13307669.0264 8396420.6231, -13307513.6946 8396484.6688, -13307357.3506 8396582.2837, -13307220.2995 8396705.6092, -13307112.6349 8396841.9493, -13306976.4811 8396948.6492, -13306817.69 8396992.1625, -13306654.4495 8396970.8147, -13306496.4656 8396878.7985, -13306431.3045 8396798.1401, -13306374.4148 8396624.1844, -13306387.7002 8396458.74580001, -13306461.2938 8396255.5511, -13306492.3172 8396036.4317, -13306473.8439 8395797.4759, -13306409.5179 8395585.7659, -13306313.0871 8395407.3212, -13306184.4416 8395250.58739999, -13306043.4946 8395131.8044, -13305867.3298 8395031.6573, -13305728.8686 8394980.964, -13305584.7127 8394950.0643, -13305300.6542 8394948.3395, -13305111.513 8394923.5631, -13304969.254 8394840.6646, -13304840.3379 8394695.5951, -13304695.3696 8394581.7929, -13304549.7796 8394502.3249, -13304393.5742 8394446.6463, -13304138.6026 8394410.3451, -13303973.0966 8394420.2206, -13303802.9749 8394457.7022, -13303639.7978 8394436.2932, -13303470.4065 8394337.5376, -13303244.8402 8394161.7904, -13303112.4653 8394096.837, -13302972.3558 8394050.9673, -13302808.8862 8394023.2713, -13302661.5116 8394020.433, -13302515.1762 8394038.1646, -13302372.7274 8394076.1215, -13302141.0584 8394188.7781, -13301975.3962 8394315.8903, -13302013.0846 8394445.7608, -13301994.3741 8394609.5436, -13301913.9199 8394753.3575, -13301741.6383 8394888.1707, -13301347.6479 8394984.4573, -13301282.7307 8395100.475, -13301153.02 8395201.9587, -13300994.2291 8395245.3357, -13300831.0415 8395223.8623, -13300673.1658 8395131.7402, -13300614.0414 8395058.4347, -13300558.5416 8395101.8494, -13300399.7494 8395145.213, -13300015.4788 8395094.9146, -13299849.7286 8395090.21, -13299653.9211 8395118.6708, -13299489.5712 8395097.0138, -13299331.7144 8395004.8641, -13299266.6472 8394924.1602, -13299209.9407 8394750.1888, -13299223.2973 8394585.8764, -13299260.9934 8394492.3243, -13299163.7061 8394435.5286, -13299064.5995 8394303.9229, -13298961.0572 8393969.6251, -13298879.7488 8393824.8981, -13298776.8428 8393694.6949, -13298625.474 8393559.9207, -13298391.1527 8393416.61729999, -13298285.0864 8393292.1745, -13298174.082 8393195.0504, -13297968.2874 8393072.9542, -13297794.32 8393012.4765, -13297630.8904 8392984.6681, -13297428.3887 8392985.935, -13297239.1993 8393022.8835, -13296720.3653 8392965.6897, -13296483.1514 8392996.3422, -13296186.1844 8393094.4798, -13295969.4933 8393065.81930001, -13295811.7229 8392973.61729999, -13295746.712 8392892.9031, -13295690.1046 8392718.9502, -13295703.2001 8392558.8104, -13295564.6629 8392477.8417, -13295465.6465 8392346.22029999, -13295425.1129 8392186.4957, -13295449.3583 8392023.4947, -13295602.3253 8391755.1463, -13295676.4802 8391518.2677, -13295763.6676 8391374.1132, -13295932.5069 8391208.40999999, -13296053.2597 8391023.2479, -13296132.9362 8390816.9881, -13296179.6801 8390551.3525, -13296264.9018 8390410.427, -13296397.8724 8390313.4469, -13296612.8476 8390262.4514, -13296788.0936 8390253.0324, -13296949.9669 8390217.5239, -13297087.6438 8390164.99, -13297348.3124 8390031.5019, -13297871.9926 8389816.1729, -13297874.866 8389695.78899999, -13297848.5148 8389501.8002, -13297867.737 8389265.9156, -13297955.9849 8389065.435, -13298000.2718 8388867.6112, -13298006.0614 8388664.9626, -13297973.144 8388464.9361, -13297894.5511 8388258.3428, -13297786.2351 8388087.1078, -13297604.7369 8387904.4009, -13297345.9728 8387741.6446, -13297280.9928 8387661.0005, -13297224.3927 8387487.1825, -13297240.5629 8387297.9276, -13297065.6865 8387198.3212, -13296793.5871 8387222.1433, -13296689.9452 8387183.9529, -13296614.6359 8387107.8296, -13296637.7464 8386920.8333, -13296523.5402 8386862.2537, -13296401.1172 8386853.0414, -13296050.8623 8386915.6703, -13295968.6758 8386897.4631, -13295862.7556 8386824.1024, -13295863.7147 8386787.1408, -13295905.3795 8386731.98839999, -13295963.2639 8386719.8926, -13296170.9439 8386724.9147, -13296278.2298 8386678.645, -13296300.7026 8386603.6583, -13296283.8345 8386560.9707, -13296156.6396 8386481.4362, -13296109.9789 8386297.4278, -13295954.1841 8386198.6918, -13295873.4785 8386065.9621, -13295855.0298 8385982.055, -13295859.6532 8385905.1076, -13295878.9849 8385872.2861, -13295993.261 8385779.3119, -13296005.1468 8385695.8467, -13295987.9449 8385628.2107, -13295931.8705 8385580.234, -13295760.336 8385503.1595, -13295684.9552 8385445.4315, -13295664.2387 8385386.6444, -13295668.3778 8385208.7372, -13295648.509 8385161.0173, -13295447.6094 8385137.4921, -13295361.6479 8385078.5334, -13295307.9562 8384997.3727, -13295300.7574 8384917.78, -13295320.7274 8384864.1923, -13295535.3776 8384743.7979, -13295598.2844 8384668.1063, -13295656.4784 8384529.703, -13295677.1966 8384378.9205, -13295480.2086 8384426.3075, -13295317.2742 8384404.7374, -13295052.6121 8384272.9386, -13294910.5274 8384234.367, -13294764.4673 8384215.9757, -13294507.8573 8384233.2008, -13294137.6191 8384330.7789, -13293974.6901 8384309.1792, -13293832.7594 8384226.177, -13293733.8875 8384094.6761, -13293693.4405 8383935.1182, -13293704.5939 8383695.5095, -13293661.7745 8383460.1042, -13293567.1926 8383240.38669999, -13293425.6999 8383047.6158, -13293289.4166 8382923.9349, -13293117.3151 8382817.5559, -13292963.4806 8382756.3, -13292792.4655 8382718.5845, -13292484.132 8382543.05039999, -13292257.8765 8382466.4072, -13292223.1061 8382461.7073, -13292207.9948 8382703.2982, -13292149.5357 8382970.6188, -13292038.3436 8383181.0144, -13292014.9612 8383256.7617, -13292026.1092 8383291.4313, -13292057.0025 8383311.7082, -13292326.8549 8383370.9931, -13292399.5888 8383447.4082, -13292445.1728 8383532.924, -13292445.2294 8383559.0672, -13292424.7846 8383578.8503, -13292234.8744 8383617.4394, -13292156.0753 8383663.1939, -13292072.4296 8383751.5491, -13292033.2206 8383862.1182, -13292029.3362 8383979.9881, -13292052.4358 8384097.702, -13292235.5903 8384329.9107, -13292268.7069 8384456.3909, -13292270.33 8384541.6718, -13292231.4627 8384600.4529, -13292073.5582 8384633.0088, -13292025.2979 8384659.8776, -13292005.3274 8384716.2715, -13292007.9888 8384879.6885, -13291990.9715 8384938.9128, -13291943.3889 8384995.0542, -13291752.1695 8385139.7917, -13291718.2254 8385219.2258, -13291796.4109 8385401.5158, -13291762.211 8385612.3491, -13291779.8697 8385684.2038, -13291848.5165 8385722.4808, -13292060.9996 8385759.71500001, -13292135.8094 8385789.006, -13292303.2239 8385945.4751, -13292348.3568 8386017.5509, -13292351.1888 8386054.776, -13292291.3894 8386085.0619, -13291994.5427 8386106.6736, -13291861.7974 8386145.5821, -13291815.9001 8386203.5158, -13291792.3856 8386355.9785, -13291767.3419 8386412.4177, -13291714.9976 8386454.5726, -13291568.0201 8386528.1886, -13291528.1729 8386568.4282, -13291522.166 8386643.5063, -13291608.5807 8386870.53899999, -13291615.0579 8386941.192, -13291585.4365 8386983.5918, -13291470.9388 8387032.0348, -13291444.2753 8387063.5094, -13291446.1255 8387115.1617, -13291498.1264 8387269.7259, -13291486.9314 8387335.2703, -13291398.9802 8387428.4053, -13291284.1616 8387491.52049999, -13291283.5402 8387677.496, -13291328.5985 8387915.9776, -13291295.6409 8388095.8182, -13291241.9733 8388184.4287, -13291097.9566 8388296.7836, -13290904.4096 8388349.3657, -13290645.7714 8388347.05099999, -13290412.226 8388398.0688, -13290180.5427 8388510.2618, -13289982.8289 8388675.2635, -13289889.7256 8388789.6039, -13289789.7058 8388951.1471, -13289688.811 8389203.7176, -13289595.7389 8389369.4291, -13289450.2016 8389482.9188, -13289290.7783 8389564.02750001, -13289143.3766 8389674.4541, -13289028.8784 8389794.4365, -13288930.9807 8389936.3867, -13288727.3331 8390102.2481, -13288584.799 8390271.129, -13288510.6588 8390398.66529999, -13288454.9578 8390535.2981, -13288376.9268 8390906.2173, -13288175.2385 8391225.0831, -13288083.5259 8391459.9514, -13287974.9686 8391653.1377, -13287845.1291 8391754.3417, -13287640.9951 8391819.4144, -13287423.5812 8391930.4079, -13286718.6213 8392112.7376, -13286515.0027 8392198.3611, -13286361.9399 8392300.8895, -13286241.2438 8392414.7014, -13286139.8041 8392546.0257, -13286031.3074 8392734.1395, -13285901.4218 8392835.325, -13285742.5854 8392878.3591, -13285480.7051 8392852.1584, -13285270.1921 8392872.5327, -13284807.6702 8392815.3328, -13284643.298 8392825.76, -13284561.0056 8393057.7921, -13284479.309 8393192.4066, -13284335.0899 8393304.7095, -13284176.2334 8393347.7129, -13283748.4261 8393293.5132, -13283601.0428 8393295.4458, -13283441.4934 8393321.1739, -13283277.2679 8393299.1634, -13283204.4945 8393256.466, -13283164.568 8393273.238, -13283024.3517 8393361.8416, -13282899.6954 8393471.3252, -13282789.5962 8393604.8732, -13282640.7335 8393720.7373, -13282402.9189 8393786.2113, -13282249.4557 8393849.0678, -13282092.8212 8393946.1158, -13281968.1411 8394055.5927, -13281821.6361 8394245.03190001, -13281727.3551 8394445.1407, -13281681.9683 8394623.955, -13281638.1805 8394988.8845, -13281557.32 8395132.49099999, -13281427.3296 8395233.6324, -13281268.4134 8395276.5854, -13281105.2729 8395254.6721, -13280769.2218 8395058.1948, -13280634.8233 8394997.4858, -13280438.9502 8394945.7412, -13280218.3905 8394933.09579999, -13279950.4419 8394972.2972, -13279733.7485 8394943.15009999, -13279576.1334 8394850.5723, -13279511.2803 8394769.6906, -13279455.0384 8394595.5606, -13279468.8361 8394431.2784, -13279544.947 8394285.10769999, -13279671.5394 8394179.76210001, -13279876.0639 8394117.1942, -13280085.5742 8394076.7202, -13280284.834 8393992.5616, -13280204.0369 8393945.1125, -13280139.1852 8393864.2461, -13280082.936 8393690.1424, -13280082.703 8393645.1757, -13279988.0983 8393682.2471, -13279745.1715 8393854.2892, -13279586.2741 8393897.19740001, -13279369.614 8393868.0431, -13279313.634 8393835.1589, -13279182.4613 8393659.9896, -13279093.4822 8393314.5378, -13279002.2516 8393107.8418, -13278935.2674 8392900.39949999, -13278949.0744 8392736.1557, -13279025.1789 8392590.02399999, -13279156.0384 8392483.4006, -13279052.3131 8392441.3889, -13278790.8903 8392395.5711, -13278714.9116 8392584.5446, -13278672.308 8392786.25649999, -13278564.8499 8392976.9169, -13278260.3051 8393214.3982, -13278153.7547 8393316.4182, -13278032.4535 8393478.8769, -13277950.8696 8393644.2698, -13277867.5392 8393991.06239999, -13277771.4587 8394226.7887, -13277738.5379 8394408.3178, -13277743.5649 8394647.9118, -13277825.9767 8395044.3204, -13277790.6385 8395235.1988, -13277713.0813 8395444.595, -13277684.8652 8395608.2901, -13277689.892 8395847.923, -13277769.2709 8396230.32769999, -13277735.9481 8396410.31669999, -13277682.0566 8396498.9327, -13277329.6399 8396774.54259999, -13277167.0381 8396950.4359, -13277100.3908 8397058.10629999, -13277242.844 8397024.7073, -13277405.198 8397052.1029, -13277544.3681 8397140.2231, -13277638.7257 8397275.3755, -13277673.6047 8397436.5593, -13277640.2746 8397616.5777, -13277586.3736 8397705.2075, -13277441.9598 8397817.4474, -13277282.9627 8397860.3309, -13277119.7754 8397838.3225, -13276977.7639 8397754.8438, -13276894.3882 8397643.43289999, -13276804.9647 8397729.006, -13276786.1675 8397916.2769, -13276890.403 8397981.1163, -13277161.2324 8398077.1011, -13277218.4391 8398113.0219, -13277343.7884 8398292.57989999, -13277426.9488 8398577.0255, -13277584.2609 8398837.9455, -13277619.1469 8398999.1636, -13277585.8093 8399179.2197, -13277530.9802 8399269.3747, -13277412.919 8399384.5014, -13277313.5297 8399517.5907, -13277093.9843 8399948.0458, -13276905.766 8400151.959, -13276732.8839 8400286.3005, -13276573.8294 8400329.18419999, -13276410.589 8400307.1539, -13276252.8977 8400214.4389, -13276185.5789 8400130.4072, -13276115.8357 8399982.3, -13276022.5848 8399844.812, -13275922.5535 8399736.1924, -13275797.6263 8399635.0663, -13275678.5943 8399482.2612, -13275573.0348 8399379.0343, -13275454.1634 8399291.5271, -13275324.293 8399221.4416, -13274987.687 8399115.6075, -13274848.4162 8398929.4018, -13274790.7676 8398699.5575, -13274769.4996 8398441.0889, -13274709.6327 8398247.1397, -13274603.5594 8398052.9093, -13274472.8083 8397897.8134, -13274299.4156 8397760.5389, -13274101.3245 8397662.3716, -13273905.4224 8397610.4346, -13273588.6496 8397588.2805, -13273454.854 8397748.9263, -13273227.1143 8398181.7315, -13273096.9538 8398282.77059999, -13272937.9194 8398325.5634, -13272774.7327 8398303.457, -13272617.1287 8398210.6873, -13272552.3206 8398129.7065, -13272402.2044 8397681.0308, -13272258.7918 8397443.7232, -13272143.5743 8397299.7374, -13272044.6863 8396971.8425, -13271906.0493 8396732.8496, -13271710.3946 8396537.9434, -13271587.2033 8396456.7523, -13271453.9326 8396393.5234, -13271277.1352 8396341.5846, -13271075.5758 8396320.9097, -13270984.0311 8396328.3712, -13270736.9538 8396522.2095, -13270566.7414 8396715.9375, -13270442.1 8396962.545, -13270366.4787 8397300.9129, -13270312.4915 8397389.4868, -13270167.9699 8397501.5813, -13270008.9343 8397544.3061, -13269566.0006 8397487.2182, -13269418.5239 8397488.869, -13269271.984 8397511.2302, -13269106.5713 8397488.7378, -13268949.0295 8397395.8983, -13268884.2684 8397314.893, -13268853.3683 8397218.7524, -13268934.3836 8397206.6323, -13268947.9761 8397172.5429, -13268835.4045 8397084.1881, -13268807.0374 8397107.5886, -13268817.4013 8397192.1222, -13268723.6169 8397179.364, -13268536.409 8397069.0283, -13268339.4121 8396925.7259, -13268110.8923 8396830.2778, -13267919.3063 8396717.3399, -13267802.1654 8396594.8361, -13267745.0478 8396579.7506, -13267585.3446 8396485.5967, -13267385.3213 8396239.3193, -13267234.4609 8396103.8412, -13267077.1677 8396007.7491, -13266896.1457 8395937.7769, -13266653.2723 8395794.5494, -13266535.2744 8395501.2838, -13266345.3815 8395481.907, -13266072.9656 8395525.6845, -13265894.333 8395598.3877, -13265936.3043 8395650.9312, -13265981.4806 8395809.4952, -13265961.9644 8395973.232, -13265880.7847 8396116.6915, -13265769.387 8396202.9864, -13265733.8441 8396265.7941, -13265603.6113 8396366.6756, -13265444.5713 8396409.2952, -13265247.1645 8396399.7952, -13265093.271 8396421.75199999, -13265155.5393 8396601.7559, -13265136.003 8396765.5085, -13265054.7986 8396908.9747, -13264924.5451 8397009.8534, -13264765.487 8397052.4623, -13264602.3493 8397030.177, -13264444.8726 8396937.24539999, -13264380.1641 8396856.2042, -13264326.5197 8396655.6494, -13264217.1699 8396640.7054, -13264059.7063 8396547.7701, -13264037.9545 8396520.5252, -13263996.2234 8396531.6992, -13263833.0992 8396509.3981, -13263655.1993 8396404.3885, -13263454.3407 8396251.278, -13263248.0278 8396158.16470001, -13263052.242 8396042.5759, -13262987.5568 8395961.53190001, -13262931.6857 8395787.216, -13262933.3661 8395631.8974, -13262910.0306 8395467.4251, -13262808.1644 8395135.278, -13262814.7583 8394889.2619, -13262774.1653 8394671.7297, -13262722.3239 8394533.4812, -13262651.7812 8394403.8069, -13262563.9111 8394285.2297, -13262460.4241 8394180.0566, -13262231.5084 8394025.879, -13262095.2298 8393969.5657, -13261952.4549 8393932.7961, -13261695.3647 8393917.4056, -13261415.6798 8393970.698, -13261207.7665 8393942.197, -13260999.4734 8393889.1216, -13260815.6154 8393878.0922, -13260650.7366 8393895.6588, -13260488.2483 8393941.2588, -13260391.1034 8394066.1188, -13260323.1876 8394197.1862, -13260271.5506 8394346.1794, -13260091.2652 8394676.5631, -13260010.0701 8394967.1217, -13259746.8249 8395349.2733, -13259530.3951 8395518.347, -13259401.4079 8395650.11069999, -13259315.9085 8395770.4494, -13259130.1251 8396096.959, -13259024.3109 8396178.7733, -13259093.6071 8396236.971, -13259187.9121 8396372.773, -13259222.3845 8396534.033, -13259188.6058 8396713.9542, -13258995.4196 8397041.116, -13258912.6377 8397292.4832, -13258858.4307 8397381.1073, -13258713.7304 8397492.9797, -13258502.3806 8397549.4048, -13258273.9686 8397517.8241, -13258071.4449 8397525.093, -13257676.4239 8397622.9549, -13257709.4854 8397748.3678, -13257689.7807 8397912.1294, -13257608.4174 8398055.5387, -13257478.0392 8398156.3035, -13257318.9105 8398198.759, -13257155.7661 8398176.3049, -13256972.7772 8398075.044, -13256799.0094 8398013.5496, -13256635.6063 8397984.8088, -13256488.153 8397981.0431, -13256304.7606 8398005.4216, -13256139.3675 8397982.6346, -13255985.1285 8397882.0027, -13255830.9129 8397816.5227, -13255640.6006 8397965.0707, -13255539.1264 8398072.30229999, -13255429.2279 8398222.8938, -13255255.9955 8398356.6965, -13255096.8483 8398399.1054, -13254933.7057 8398376.6013, -13254776.3176 8398283.4435, -13254576.2695 8398034.46989999, -13254405.07 8397871.6235, -13254167.2758 8397933.8936, -13254004.1459 8397911.3699, -13253862.3862 8397827.4383, -13253762.2204 8397692.7114, -13253678.1279 8397489.9959, -13253564.7571 8397321.7385, -13253407.0821 8397166.6143, -13253193.3567 8397028.3892, -13253095.0243 8396896.1027, -13253055.3783 8396736.02929999, -13253083.8756 8396495.3957, -13253066.491 8396274.7278, -13253003.6869 8396062.5086, -13252898.2122 8395868.0104, -13252767.9501 8395712.5643, -13252610.4761 8395584.8704, -13252431.576 8395489.6181, -13252237.822 8395430.3046, -13251984.3355 8395410.3413, -13252062.476 8395523.0987, -13252093.9874 8395699.2201, -13252152.3418 8395874.809, -13252132.5174 8396038.5166, -13252051.0647 8396181.8298, -13251920.6413 8396282.47119999, -13251761.5181 8396324.79550001, -13251546.6518 8396295.0549, -13251333.7045 8396244.0433, -13251131.2058 8396236.9521, -13250895.5211 8396278.5632, -13250691.3533 8396363.2513, -13250537.6925 8396465.1016, -13250404.0178 8396592.132, -13250304.1704 8396724.8141, -13250169.7307 8396958.5871, -13250039.2672 8397059.2065, -13249880.1157 8397101.495, -13249751.1618 8397083.6134, -13249196.4255 8397267.5012, -13249203.4927 8397545.2222, -13249093.5086 8397936.5384, -13249247.6783 8398028.677, -13249350.2735 8398157.7095, -13249395.1112 8398316.4363, -13249378.6468 8398506.989, -13249393.0555 8398691.0458, -13249478.773 8398966.4189, -13249521.0577 8399165.4994, -13249487.0302 8399345.4454, -13249432.7743 8399433.8959, -13249287.8877 8399545.617, -13249128.6781 8399587.9047, -13248965.5246 8399565.2644, -13248777.2502 8399453.6188, -13248690.9576 8399352.11200001, -13248397.5282 8399395.406, -13248241.5722 8399452.1897, -13248111.8992 8399522.7025, -13247941.9452 8399567.873, -13247778.7951 8399545.2064, -13247637.072 8399461.1352, -13247538.8045 8399328.72909999, -13247499.2645 8399168.5706, -13247524.5936 8399005.5549, -13247541.0599 8398978.7266, -13247367.803 8398943.3192, -13247091.9227 8398952.8102, -13246759.976 8399036.4912, -13246921.5474 8399053.5291, -13247065.9517 8399132.8701, -13247168.5251 8399261.95269999, -13247213.3233 8399420.7174, -13247186.8327 8399638.2685, -13247154.6594 8399694.7891, -13246974.8509 8399829.8731, -13247060.2174 8400122.5178, -13247217.103 8400373.4696, -13247251.3349 8400534.8777, -13247217.246 8400714.8478, -13247162.9528 8400803.2986, -13247018.0044 8400914.9969, -13246858.7513 8400957.2439, -13246695.5734 8400934.5496, -13246553.8354 8400850.442, -13246455.5681 8400717.9966, -13246416.0435 8400557.80210001, -13246466.4638 8400191.8323, -13246447.6876 8399950.7672, -13246271.3693 8400036.7573, -13246083.9674 8400173.5528, -13245924.7247 8400215.7752, -13245761.5655 8400193.062, -13245619.852 8400108.9443, -13245521.6114 8399976.499, -13245482.1113 8399816.315, -13245515.819 8399599.7633, -13245776.3619 8399194.4114, -13245910.1705 8399098.2158, -13246070.6961 8399061.2968, -13246215.9218 8399078.78149999, -13246263.5946 8398988.2246, -13246385.367 8398887.8171, -13246324.3046 8398805.5125, -13246241.0064 8398573.8387, -13246077.4321 8398309.2101, -13246094.7592 8398005.0193, -13246177.2666 8397788.3608, -13246072.9041 8397754.31, -13245894.0866 8397724.2586, -13245752.4199 8397640.1707, -13245621.9647 8397464.298, -13245552.402 8397275.4778, -13245478.6027 8397135.0585, -13245404.2465 8396901.16, -13245418.8081 8396736.8764, -13245495.624 8396591.0001, -13245622.7532 8396486.1989, -13245780.4377 8396438.7578, -13245892.3297 8396452.0926, -13245854.0618 8396379.8661, -13245739.4721 8396235.3337, -13245601.5721 8396112.9284, -13245444.5519 8396016.3676, -13245330.0397 8395971.0734, -13245246.9671 8396126.494, -13245116.4494 8396227.0156, -13244957.2854 8396269.1929, -13244794.2166 8396246.46850001, -13244636.9985 8396153.1168, -13244572.5116 8396071.9054, -13244543.935 8395981.9752, -13244475.2437 8395999.9338, -13244312.182 8395977.1994, -13244154.9752 8395883.8404, -13244090.4961 8395802.6277, -13243977.3436 8395497.1886, -13242582.2095 8395333.1816, -13243653.103 8394463.2351, -13244528.4678 8394448.5212, -13244620.8455 8394330.4295, -13244839.4571 8394168.7741, -13244991.6712 8394008.3936, -13245090.7777 8393852.8695, -13245166.8214 8393664.8111, -13245201.4358 8393502.3816, -13245227.5337 8393219.2133, -13245304.318 8393073.4092, -13245431.3907 8392968.6623, -13245589.0014 8392921.2493, -13245752.6597 8392938.5368, -13245912.8144 8393026.5682, -13246210.139 8393384.2839, -13246276.3465 8393346.0585, -13246643.4868 8393037.6992, -13246750.1421 8392910.5495, -13246850.348 8392752.77049999, -13247027.9187 8392625.0787, -13247231.5397 8392559.9446, -13247408.7265 8392461.6973, -13247563.9375 8392331.3878, -13247701.5195 8392158.323, -13247826.8095 8391909.9195, -13247882.6674 8391658.1429, -13247875.1836 8391394.7679, -13247895.1457 8391168.7304, -13247915.9971 8391087.9192, -13247755.9094 8390812.4678, -13247532.7542 8390672.1116, -13247468.2849 8390590.9852, -13247301.5781 8390099.1774, -13247229.098 8389970.67409999, -13247079.5289 8389766.415, -13247040.0543 8389606.4595, -13247049.9663 8389542.7034, -13246185.6215 8389779.3039, -13245138.9179 8390623.5499, -13245227.9706 8390887.0149, -13245444.8878 8391370.4335, -13245533.8675 8391619.34619999, -13245494.8659 8391686.3701, -13245339.9999 8391735.24589999, -13245035.814 8391746.43, -13244993.7672 8391763.34709999, -13245036.8042 8392138.69, -13244857.5798 8392612.4372, -13243773.328 8393484.3899, -13242874.9798 8393804.7249, -13242820.4332 8393370.9412, -13242940.6583 8392390.0169, -13241989.9898 8392278.8092, -13241982.1975 8391985.229, -13241156.2068 8391189.0629, -13243063.1097 8391409.2233, -13243186.6743 8390430.7836, -13242230.4399 8390321.8292, -13242020.3646 8390008.5278, -13242516.5309 8389772.6337, -13242962.9221 8389712.6028, -13243919.1565 8389830.4418, -13244270.9261 8389561.4156, -13244877.6173 8389950.5063, -13247033.876 8388223.1008, -13246387.1096 8387865.2207, -13245997.2789 8387630.8978, -13245123.6335 8387989.6987, -13245247.1981 8387009.4906, -13244434.5658 8387211.745, -13244288.7372 8386891.6965, -13244244.9743 8386383.8961, -13244095.3388 8386221.4213, -13244093.178 8386082.9842, -13244117.7303 8385979.8912, -13244199.6818 8385858.3014, -13243457.1806 8385798.3023, -13243516.861 8386468.7123, -13243469.7529 8386554.6895, -13243294.3674 8386688.1662, -13243253.4661 8386911.6991, -13243243.9434 8387087.9242, -13243389.3332 8387264.74889999, -13243409.2483 8387340.5448, -13243338.2982 8387387.9277, -13243225.365 8387431.7265, -13243207.825 8387756.304, -13242130.2525 8388616.5668, -13241179.5839 8388500.9702, -13240858.5556 8388007.7281, -13240843.3976 8388087.3626, -13240729.4082 8388341.8786, -13240635.2631 8388807.6179, -13240552.4485 8388957.5116, -13240500.6442 8389095.6648, -13240437.8542 8389486.4231, -13240329.4438 8389676.4563, -13240291.0455 8389712.577, -13240066.7142 8389771.8605, -13239765.1906 8389732.7319, -13239562.8527 8389739.4793, -13239365.5154 8389784.7704, -13239180.4275 8389866.9429, -13239014.3877 8389982.9793, -13238885.1221 8390114.2894, -13238799.3459 8390234.3044, -13238600.711 8390581.20759999, -13238413.2089 8390725.3422, -13238234.1578 8390810.3399, -13237872.9423 8391064.0504, -13237806.8816 8391088.7191, -13237577.0768 8391056.4625, -13237420.0588 8390963.0178, -13237355.6966 8390881.7976, -13237300.4763 8390707.4185, -13237365.5275 8390214.3861, -13237357.1747 8390048.5822, -13237323.0324 8389886.1317, -13237263.9428 8389731.0344, -13237183.5614 8389590.3879, -13237143.7262 8389428.034, -13237169.2555 8389265.2645, -13237255.2435 8389114.3791, -13237314.931 8388959.5302, -13237347.0985 8388815.5149, -13237370.9757 8388571.2053, -13237447.8705 8388425.5726, -13237574.9782 8388321.0269, -13237732.5443 8388273.8131, -13237896.0836 8388291.2668, -13238123.9991 8388389.5537, -13238359.3621 8388431.5686, -13238543.3701 8388427.0735, -13238723.8017 8388390.6355, -13238960.0042 8388288.2486, -13239322.89 8388033.2609, -13239482.9673 8387987.2539, -13239633.2442 8387917.3619, -13239959.3647 8387690.9691, -13240054.7603 8387655.0061, -13240044.9578 8387490.1862, -13240000.1847 8387303.9263, -13240014.8521 8387139.8643, -13240091.6797 8386994.2334, -13240166.6022 8386924.7282, -13240016.2915 8386903.6778, -13239859.3333 8386810.3368, -13239794.9819 8386729.1833, -13239739.7371 8386554.9205, -13239754.4091 8386390.87569999, -13239831.2345 8386245.2624, -13239958.2706 8386140.7076, -13240138.8304 8386086.5409, -13240283.0326 8386072.7123, -13240426.2856 8386038.49639999, -13240536.1407 8385987.0544, -13240605.1754 8385451.6502, -13241679.4084 8384587.313, -13241554.7307 8385564.9769, -13241292.6466 8386136.3663, -13241351.6775 8386252.3412, -13241447.3279 8386385.7735, -13241491.92 8386544.30049999, -13241471.8795 8386707.777, -13241390.3169 8386850.7934, -13241324.2953 8386901.5843, -13241649.3521 8387271.7557, -13242006.0134 8387329.2121, -13242379.608 8386660.5589, -13242837.1311 8385956.0789, -13242908.4949 8385784.3674, -13242867.2483 8385572.322, -13242890.2582 8385024.3313, -13242826.2673 8384680.3531, -13242745.6557 8384463.8151, -13242625.5775 8384694.4523, -13242579.7308 8384853.8614, -13242547.1568 8385092.1725, -13242465.6323 8385235.16879999, -13242335.2655 8385335.4901, -13242176.3181 8385377.5407, -13242013.4981 8385354.7831, -13241856.5489 8385261.5041, -13241718.3875 8385087.3569, -13241751.5355 8384842.1612, -13241934.0921 8384466.3963, -13241974.3694 8384305.4934, -13241993.1338 8384131.2022, -13242015.2578 8384088.9479, -13241979.0095 8384083.8809, -13241822.0881 8383990.6166, -13241757.7406 8383909.5112, -13241702.4722 8383735.3301, -13241717.0961 8383571.34489999, -13241793.8541 8383425.7679, -13241856.635 8383374.0703, -13241766.2513 8383195.1343, -13241744.3708 8383279.5965, -13241507.2515 8383461.45970001, -13241355.9468 8383315.2703, -13241370.595 8383041.1701, -13241162.1411 8382768.0092, -13240773.0914 8382896.8284, -13240853.0995 8383407.4425, -13240966.7761 8383754.614, -13241066.1712 8383966.02719999, -13241369.1592 8384328.8915, -13241377.1445 8384437.4297, -13240746.0865 8384941.6091, -13240538.5926 8384997.4845, -13240116.2327 8384985.4354, -13239905.345 8384880.0075, -13239799.7171 8384563.3415, -13239598.925 8384314.46589999, -13239509.6473 8383959.585, -13239571.6646 8383229.3285, -13239744.9967 8382703.6163, -13239930.441 8382382.1053, -13240183.7564 8382276.1073, -13242177.0065 8380677.9538, -13242420.7962 8378719.6113, -13242008.9142 8378222.3372, -13241591.466 8377629.6481, -13242233.7794 8377509.7842, -13242379.3988 8377459.1282, -13242474.9212 8377214.3276, -13242377.6566 8376815.5952, -13242126.6211 8376505.7815, -13242241.6522 8376022.0076, -13242185.2346 8375955.0308, -13242114.0731 8375912.738, -13242049.7949 8375831.7225, -13241994.5841 8375657.7327, -13242072.6662 8375016.8432, -13242149.3316 8374871.4321, -13242276.1413 8374767.0028, -13242433.3878 8374719.7812, -13242596.6355 8374737.1043, -13243036.3599 8375004.86, -13243209.4742 8375066.5011, -13243414.0679 8375105.6721, -13243552.4255 8375194.1894, -13243645.881 8375329.394, -13243656.2746 8375378.5357, -13243753.2187 8375366.067, -13243914.9847 8375394.1326, -13243951.4306 8375417.4464, -13243983.9767 8375407.6649, -13244147.2428 8375424.955, -13244291.1513 8375504.1072, -13244393.3407 8375632.8247, -13244436.2328 8375785.0927, -13244907.6737 8375126.2292, -13245383.9303 8375781.9657, -13245521.8646 8375780.5496, -13245666.3379 8375741.179, -13245990.9118 8375746.0797, -13246023.9186 8375989.24199999, -13245886.589 8376248.8393, -13245853.8315 8376414.6693, -13245914.634 8376326.1466, -13246083.0409 8376187.315, -13246240.2914 8376140.0028, -13246403.5774 8376157.2439, -13246712.6516 8376314.76569999, -13247041.8021 8376390.4911, -13247180.2263 8376478.9541, -13247273.7641 8376614.1344, -13247304.2396 8376757.87309999, -13247546.0393 8376893.2654, -13247648.3043 8377021.9601, -13247692.9681 8377180.2474, -13247673.0865 8377343.5307, -13247591.7453 8377486.4304, -13247423.0715 8377626.867, -13247436.9628 8377679.6849, -13247417.0744 8377842.9786, -13247335.7228 8377985.8853, -13247205.55 8378086.1907, -13247093.7211 8378115.85320001, -13247015.7 8378474.9551, -13246961.5623 8378563.1359, -13246817.0406 8378674.4861, -13246658.2635 8378716.5923, -13246495.5791 8378693.9517, -13246461.5473 8378673.7532, -13246476.4329 8378743.9978, -13246442.415 8378923.4332, -13246388.2674 8379011.6151, -13246243.7282 8379122.9611, -13246084.938 8379165.0578, -13245922.2452 8379142.4033, -13245799.2407 8379069.3844, -13245738.312 8379116.3139, -13245579.5188 8379158.3997, -13245416.8275 8379135.734, -13245273.6734 8379050.74, -13245715.8531 8379396.7571, -13245490.9877 8380109.4924, -13245440.8941 8380520.2902, -13245727.1048 8380942.8349, -13244990.0501 8381941.6049, -13245858.3422 8382114.8465, -13245537.742 8382541.3043, -13245734.7774 8383092.1825, -13246249.0736 8383123.2817, -13246685.4459 8383207.6943, -13246117.3436 8383693.0229, -13246253.2536 8383779.8992, -13246346.87 8383915.2232, -13246375.6827 8384051.18949999, -13246672.1098 8383845.2148, -13246798.0944 8383938.5852, -13246810.7444 8384094.2118, -13246754.5514 8384240.9797, -13246624.0995 8384450.8984, -13246537.5381 8384687.489, -13246614.4679 8384747.2821, -13247512.5497 8384300.7043, -13248346.3328 8385396.0985, -13249299.2276 8385511.6465, -13249906.4491 8385441.5298, -13249852.146 8385271.0476, -13249866.5907 8385107.0158, -13249943.2013 8384961.3265, -13250070.0687 8384856.6185, -13250210.6058 8384814.2485, -13250388.2741 8384663.8205, -13250646.8658 8384786.2962, -13250898.8686 8384841.1897, -13250928.5854 8384689.3552, -13251036.6012 8384483.8703, -13251165.6533 8384382.7104, -13251267.008 8384275.74, -13251434.8729 8384003.8034, -13251613.753 8383856.1064, -13251682.8718 8383842.5504, -13252176.1214 8383877.5474, -13252240.0899 8383750.6966, -13252238.1689 8383677.3912, -13252196.1017 8383479.2051, -13252125.706 8383308.9921, -13252015.5383 8383139.076, -13251888.9317 8383005.4407, -13251741.0866 8382895.8568, -13251610.519 8382827.7699, -13251336.7509 8382721.5785, -13251193.6227 8382687.1474, -13251028.6925 8382672.678, -13250863.5332 8382684.22739999, -13250719.8199 8382716.1213, -13250581.9349 8382767.7373, -13250452.5608 8382838.0716, -13250197.2041 8383052.448, -13249936.6112 8382899.9207, -13249691.924 8382818.308, -13249538.5644 8383547.57639999, -13248586.7828 8383434.2807, -13248851.5869 8382642.7985, -13248644.0917 8382613.403, -13248299.4026 8382410.7592, -13248094.2251 8382329.6848, -13247821.5055 8382291.1462, -13247512.1561 8382325.8142, -13247295.9461 8382295.7516, -13247138.9982 8382202.624, -13247074.6092 8382121.5856, -13247019.2303 8381947.4889, -13247033.7331 8381783.5352, -13247110.3671 8381637.9401, -13247355.4945 8381418.9355, -13247509.6228 8381190.3382, -13247599.4267 8380929.5786, -13247641.5968 8380528.8258, -13247718.2062 8380383.2492, -13247845.0285 8380278.6454, -13248056.7814 8380214.8763, -13248251.0089 8380176.7786, -13248360.5287 8380132.51609999, -13248117.0146 8379401.1976, -13247587.3359 8379213.2834, -13247169.6858 8379287.9654, -13246539.6174 8379578.8198, -13246220.1304 8379174.7351, -13247357.1878 8378734.9736, -13247291.0239 8378308.9137, -13249189.0213 8378533.1296, -13249130.0219 8378914.978, -13249501.7191 8379595.625, -13249926.3184 8379546.5841, -13250389.1901 8379230.0079, -13250525.9726 8379290.1303, -13250401.1636 8379604.1018, -13250041.5402 8379784.6398, -13249725.76 8379857.9656, -13249625.5103 8379906.0626, -13249481.1202 8380216.7337, -13249523.0585 8380330.7543, -13249599.9066 8380456.4588, -13249693.4747 8380570.2272, -13249907.4194 8380743.8677, -13250141.3434 8380850.723, -13250320.8443 8380890.6258, -13250504.5363 8380898.6951, -13250650.7553 8380882.0327, -13250909.5077 8380822.9837, -13251066.0152 8380769.0227, -13251196.5529 8380700.9698, -13251525.0645 8380443.0679, -13251682.3679 8380395.6109, -13251845.759 8380412.7387, -13251938.9564 8380463.8707, -13252076.3831 8380400.8273, -13252261.9281 8380345.7834, -13252427.0089 8380193.7386, -13252574.2739 8379809.9036, -13252716.1888 8379625.8022, -13252670.3422 8379566.1715, -13252508.8235 8379423.0583, -13252267.9746 8379078.1008, -13252239.6424 8378921.4549, -13252382.5084 8378891.2179, -13252575.1765 8378930.4021, -13252831.2695 8378954.95, -13253017.1345 8379051.6854, -13253043.1184 8379042.4918, -13253180.1143 8379085.01259999, -13253439.2888 8379329.1235, -13253642.9986 8379285.7641, -13253924.9469 8379289.06669999, -13253984.1897 8379302.629, -13254018.3054 8379410.6658, -13253989.7545 8379505.3527, -13253758.5013 8379809.9128, -13253258.0621 8379942.5723, -13253006.6577 8380048.9899, -13252826.0192 8380362.1156, -13252711.6375 8380500.7571, -13252614.322 8380797.86909999, -13252498.2596 8381384.1717, -13252566.942 8381448.3152, -13252810.1092 8381577.7914, -13253041.8644 8381635.6351, -13253262.3295 8381641.3778, -13253562.9312 8381583.7759, -13253774.3142 8381566.2422, -13254054.4457 8381488.2193, -13254486.6294 8381546.6838, -13254557.228 8381544.2469, -13254681.525 8381175.3935, -13254744.977 8380495.8636, -13254799.5235 8380191.6501, -13255511.9684 8379365.6734, -13255547.9506 8379252.0663, -13255689.1734 8379030.6049, -13255694.5119 8378901.74979999, -13255456.8 8378561.8922, -13255151.6441 8378204.0485, -13255090.1335 8377995.1382, -13255191.5593 8377917.9785, -13255284.6501 8377921.0952, -13255472.6743 8378029.1313, -13255938.6212 8378483.3733, -13256083.0316 8378744.7785, -13256122.1062 8379163.3939, -13256182.3656 8379548.6619, -13256253.3562 8379601.0231, -13256273.3937 8380142.7994, -13256757.6335 8380535.8342, -13257468.965 8380289.3523, -13257644.8498 8380027.3355, -13257798.4707 8379547.7356, -13257946.5255 8379347.9116, -13258225.1701 8378177.0428, -13258103.7903 8377306.1263, -13257148.3649 8376755.1305, -13256405.8638 8376522.0912, -13255446.1141 8376301.39500001, -13255382.2914 8376468.1777, -13255334.7008 8376700.9738, -13255280.6765 8376789.1922, -13255100.3429 8376928.4579, -13254880.8945 8377068.1514, -13254761.9361 8377183.3142, -13254672.4395 8377300.2386, -13254557.8612 8377530.6492, -13254495.3898 8377795.2824, -13254413.3023 8377929.2925, -13254209.8867 8378093.3577, -13254066.7765 8378261.3062, -13254006.6668 8378372.2793, -13253973.3084 8378506.5959, -13253935.842 8378554.11, -13253901.7742 8378660.9653, -13253806.8472 8378815.9089, -13253662.4268 8378927.39549999, -13253503.6864 8378969.6503, -13253340.9786 8378947.161, -13253199.5944 8378863.4237, -13253077.8741 8378707.8232, -13252900.3 8378752.0844, -13252653.5414 8378719.7977, -13252469.7355 8378721.4217, -13252191.1547 8378780.9485, -13252028.4544 8378758.4306, -13251871.5251 8378665.4482, -13251807.1166 8378584.4904, -13251751.655 8378410.514, -13251775.7782 8378002.6097, -13251756.58 8377856.5183, -13251696.1275 8377608.2691, -13251708.3812 8377438.28850001, -13251692.7158 8377266.0909, -13251709.3388 8377076.8298, -13251785.8325 8376931.2817, -13251912.5374 8376826.6589, -13252069.7614 8376779.2184, -13252488.4382 8376808.6007, -13252652.255 8376785.5238, -13252990.2394 8376706.334, -13253398.3622 8376545.1035, -13253575.0838 8376446.9298, -13253795.9857 8376269.6429, -13253932.8097 8376228.3199, -13254009.9567 8376074.6993, -13254136.6148 8375970.0514, -13254238.0275 8375939.4184, -13254181.7003 8375820.7983, -13251957.537 8375117.3533, -13251929.7071 8374440.6005, -13252181.2891 8374405.1004, -13253040.6756 8374507.1637, -13253887.817 8374163.26079999, -13254018.0054 8374204.5029, -13254084.6271 8374077.6445, -13254211.2504 8373973.0243, -13254368.398 8373925.5545, -13254531.6505 8373942.6106, -13254675.6369 8374021.5419, -13254777.9834 8374150.0858, -13254822.7806 8374308.2655, -13254814.1372 8374379.8237, -13255549.8169 8374305.2574, -13255370.5927 8374631.4163, -13255146.8405 8375343.6912, -13255546.4774 8375317.0629, -13255560.4752 8375327.6976, -13255591.4855 8375222.6411, -13255616.3113 8374984.9046, -13255601.8151 8374819.8768, -13255561.3236 8374643.5514, -13255586.4014 8374481.0527, -13255672.2272 8374340.8921, -13255805.4592 8374244.8519, -13256136.1379 8374153.4088, -13256283.4376 8374078.1215, -13256431.9649 8373968.6488, -13256589.0971 8373921.1319, -13256805.9579 8373943.7217, -13256940.7133 8374020.8146, -13257087.8037 8374205.4378, -13257132.6505 8374363.6036, -13257086.1638 8374752.1841, -13257083.3926 8374917.8241, -13257106.5244 8375081.8626, -13257162.7582 8375286.6529, -13257143.091 8375449.9155, -13257061.9558 8375592.8789, -13256931.9602 8375693.3204, -13256773.3096 8375735.6255, -13256558.1829 8375711.1525, -13256743.9476 8376039.1899, -13257207.3643 8375716.498, -13257371.0038 8376044.9385, -13257950.6073 8376868.487, -13258658.7456 8377031.5674, -13259139.8809 8377036.2397, -13259079.758 8375800.8258, -13259254.5296 8375729.8127, -13259301.2839 8375090.7259, -13259380.3207 8374749.0146, -13259525.036 8374376.25689999, -13260460.1197 8373877.057, -13261664.5966 8372020.3308, -13261418.5805 8373987.9875, -13261955.1406 8374360.7257, -13262094.2898 8374522.6951, -13262257.9295 8375079.6311, -13262695.4151 8374595.9154, -13262882.4318 8374950.933, -13263218.6168 8375190.5796, -13263217.5036 8376215.8223, -13264145.9081 8376715.1803, -13263948.8725 8377270.06229999, -13264250.5484 8377427.6564, -13264431.9991 8377931.5362, -13264794.9007 8378366.6319, -13264712.5242 8379496.669, -13264667.4312 8379754.5471, -13264508.7245 8379697.9538, -13264406.9019 8379734.6284, -13264229.9357 8379762.4272, -13264044.2259 8379828.8979, -13263823.4988 8379992.009, -13263671.4393 8380151.8604, -13263606.7749 8380278.2483, -13263555.8796 8380422.5804, -13263548.0923 8380495.3021, -13263548.5999 8380541.8627, -13263580.242 8380610.3334, -13263410.5143 8380712.7361, -13263355.7529 8380785.4908, -13263340.3964 8380845.2663, -13262023.3349 8381019.7298, -13261405.1625 8381175.0838, -13261109.73 8381339.411, -13260440.4507 8381390.548, -13260386.7289 8381268.5061, -13260329.167 8381204.4629, -13259979.4184 8381008.3991, -13259765.7145 8380969.87169999, -13259534.6353 8380950.0141, -13259110.317 8380956.6117, -13258989.7659 8380964.0189, -13258944.3656 8380982.5942, -13258832.7825 8381062.6141, -13258691.2594 8381122.619, -13258017.7701 8381715.0646, -13257794.0178 8382425.8029, -13257447.8142 8382496.8806, -13257571.3789 8383138.8314, -13259055.2677 8383605.3357, -13260020.4077 8383127.7245, -13260452.3274 8383127.7243, -13261307.261 8382952.2378, -13260760.6824 8383360.97249999, -13261023.118 8383716.5132, -13261152.1252 8383638.6439, -13261402.9858 8383432.8342, -13261560.2844 8383385.1465, -13261650.9209 8383394.5243, -13261743.7898 8383218.6157, -13261875.3269 8383091.2807, -13262226.6964 8382890.807, -13262295.4456 8382874.8383, -13262320.7818 8383121.6665, -13262383.6632 8383301.8566, -13262484.2743 8383721.0693, -13262599.6027 8383979.11379999, -13262657.356 8384055.4767, -13262908.8606 8384175.2206, -13263099.0509 8384175.2062, -13263363.4139 8384143.697, -13263391.4829 8384148.612, -13263440.4877 8384193.8992, -13263445.8844 8384161.6813, -13263645.7366 8384152.1795, -13263911.8061 8383988.9563, -13264028.4121 8383832.3972, -13264237.3559 8383668.0516, -13264298.0194 8383594.80129999, -13264625.7293 8383369.0852, -13264810.5149 8383291.1291, -13264846.5709 8383261.3302, -13264926.6052 8383139.5436, -13265118.7614 8382984.6433, -13265209.4997 8382936.3947, -13265257.4173 8382998.5031, -13265286.3258 8383002.0445, -13265262.4224 8382970.0298, -13265260.4287 8382917.1424, -13265271.797 8382867.4711, -13265341.7135 8382753.6569, -13265470.7429 8382636.1187, -13265832.6633 8382246.7363, -13266051.8169 8381970.6817, -13266269.8315 8381756.5177, -13266437.1983 8381545.8466, -13266450.6356 8381380.26, -13266432.8973 8381160.08209999, -13266585.4387 8381243.1843, -13266586.4708 8381214.34179999, -13266482.4438 8381037.0827, -13266141.8758 8380685.5699, -13266220.5043 8380539.1427, -13266156.1079 8380472.262, -13266036.4246 8380504.3392, -13266037.2706 8380515.6738, -13265797.1508 8380481.0072, -13265726.9726 8380437.5562, -13265647.2613 8380337.7502, -13265511.0568 8380303.9906, -13265353.9304 8380211.281, -13265289.3626 8380130.428, -13265233.5727 8379956.52440001, -13265247.6669 8379792.5879, -13265323.9173 8379646.8507, -13265450.4709 8379541.9594, -13265607.6589 8379494.2125, -13265824.7058 8379516.5491, -13265881.5747 8379547.6094, -13265989.6067 8379682.8668, -13266110.5645 8379695.3091, -13266254.7836 8379774.0698, -13266357.4105 8379902.5462, -13266402.4922 8380060.7721, -13266383.0197 8380224.1607, -13266302.015 8380367.3158, -13266172.0661 8380467.9847, -13266228.0876 8380528.0806, -13266238.9885 8380512.179, -13266446.7332 8380486.7043, -13266549.2959 8380491.4226, -13267290.6837 8380724.5873, -13267211.6468 8381082.1208, -13267069.1578 8381435.2301, -13267344.1169 8381701.7389, -13267809.4326 8381668.4248, -13268303.691 8381770.5886, -13268581.9898 8381288.6545, -13268774.5725 8381190.9389, -13269032.8336 8380449.2316, -13269483.7225 8380616.6436, -13269543.8695 8380608.3662, -13269717.3927 8380629.0537, -13269819.8625 8380709.0427, -13269827.0522 8380869.7835, -13269519.2998 8381421.905, -13268843.5905 8382172.5946, -13268685.5169 8382505.7654, -13268184.5793 8382756.7639, -13268459.5384 8383387.6301, -13269039.5129 8383858.5933, -13268785.7045 8384645.0804, -13268997.1111 8384724.42319999, -13269165.234 8384515.4534, -13269276.6849 8384263.09749999, -13269332.4864 8383959.83, -13269418.1538 8383819.3324, -13269551.3698 8383722.92, -13269711.433 8383685.5717, -13270014.7239 8383735.3398, -13270180.213 8383740.7155, -13270380.4409 8383712.0132, -13270693.5335 8383618.4634, -13270857.0304 8383635.1734, -13271035.581 8383729.2823, -13271191.32 8383785.5988, -13271576.1183 8383839.5456, -13271647.8121 8383878.1311, -13271779.112 8383752.6422, -13271894.6745 8383586.3598, -13271991.9323 8383349.8817, -13272087.5217 8383192.985, -13272220.6906 8383096.5331, -13272380.7256 8383059.1303, -13272542.7555 8383086.5885, -13272953.5344 8383334.9085, -13273127.08 8383395.9039, -13273281.7077 8383422.7502, -13273383.0083 8383236.1383, -13273421.2319 8383204.3866, -13273230.6917 8382585.7286, -13273168.3527 8382332.5146, -13273453.3307 8381874.9747, -13273850.6991 8382931.583, -13273958.3549 8382898.7468, -13274121.8422 8382915.3826, -13274363.9107 8383046.4044, -13274522.5896 8382924.3712, -13274673.918 8382763.6398, -13274803.7381 8382541.2941, -13274852.4345 8382402.1647, -13274882.4032 8382248.5778, -13274959.2885 8382101.1555, -13275085.7431 8381996.0653, -13275242.9159 8381948.09669999, -13275406.3846 8381964.7025, -13275598.1448 8382069.1092, -13275758.0404 8382220.4224, -13275927.999 8382330.1928, -13276115.749 8382405.4582, -13276314.3889 8382443.4507, -13276498.2799 8382444.4425, -13276679.5478 8382413.4282, -13277100.6382 8382239.2203, -13277403.4885 8382252.548, -13277604.1167 8382227.1597, -13277934.6134 8382136.6358, -13278177.3035 8382006.2627, -13278593.8943 8381688.2052, -13278725.9953 8381534.8572, -13278836.9076 8381342.7132, -13278949.831 8381259.5609, -13279076.9964 8381229.7185, -13279287.7421 8381245.5153, -13279293.8609 8381163.7367, -13279273.0775 8380999.2566, -13279226.8647 8380840.0614, -13279147.0993 8380674.13579999, -13279045.5197 8380530.7856, -13278989.4044 8380356.9844, -13279003.1928 8380193.0194, -13279100.0776 8379963.0108, -13279141.5627 8379708.9066, -13279124.0256 8379470.3901, -13279036.2254 8379171.3118, -13279050.0111 8379007.3733, -13279085.4069 8378939.4125, -13279025.9995 8378917.83910001, -13278895.1833 8379091.7654, -13278798.8768 8379310.5948, -13278753.773 8379551.6403, -13278616.9413 8379501.0453, -13278473.192 8379469.6702, -13278208.8336 8379464.6615, -13278012.9242 8379438.2538, -13277842.5191 8379338.0988, -13277623.1423 8379167.1827, -13277387.0838 8379065.3452, -13277252.9471 8379042.1318, -13277153.2212 8379119.3316, -13277023.8198 8379274.8869, -13276803.9789 8379642.2461, -13276538.8896 8379826.9063, -13276406.851 8379857.8437, -13276190.4084 8379828.6141, -13275961.9921 8379717.2528, -13275767.6548 8379658.5225, -13275605.7955 8379563.3241, -13275584.571 8379536.8222, -13274986.5279 8379705.8371, -13274778.0611 8379822.4432, -13274429.0375 8380105.8233, -13274270.4014 8380148.5313, -13274097.8128 8380125.1735, -13273956.7029 8380069.6066, -13273795.3422 8380032.7995, -13273630.2206 8380021.72689999, -13273465.4022 8380036.6617, -13273287.5574 8380083.2896, -13273104.5801 8380169.4058, -13272983.5596 8380253.2369, -13272675.6783 8380512.2253, -13272517.0225 8380554.8982, -13272279.8628 8380524.1005, -13272188.7412 8380695.7188, -13272312.306 8381230.9134, -13271373.8826 8381715.0645, -13271224.7144 8381177.6141, -13271339.3735 8381119.874, -13271053.2875 8380496.6158, -13270886.6715 8380272.6439, -13270711.6178 8380109.9693, -13270571.048 8380022.4818, -13270466.4598 8379979.1535, -13270265.1405 8380033.9969, -13269961.2383 8379998.4698, -13269796.7951 8379645.3993, -13269635.0896 8379615.7845, -13269451.2664 8379614.6199, -13269218.4422 8379651.7947, -13269002.2359 8379622.3815, -13268845.0815 8379529.7556, -13268780.4824 8379448.9416, -13268614.3288 8378963.6573, -13268531.2699 8378820.3031, -13268405.3622 8378658.5499, -13268349.5112 8378484.7059, -13268363.5339 8378320.7975, -13268464.7179 8378127.2067, -13268707.9889 8377901.8338, -13268793.1321 8377781.6842, -13268860.751 8377650.8357, -13268926.5433 8377440.1204, -13268989.9993 8377031.5844, -13269075.5956 8376891.2241, -13269223.8899 8376777.2687, -13269338.5187 8376657.8032, -13269476.0556 8376440.4095, -13269560.4651 8376178.052, -13269598.1868 8375792.7975, -13269674.3107 8375647.0966, -13269830.7751 8375512.0433, -13269949.7525 8375371.8117, -13270026.2745 8375246.0365, -13270090.5204 8375093.3828, -13270142.3511 8374822.7224, -13270140.7049 8374675.4508, -13270118.6139 8374529.84489999, -13270023.8862 8374271.1225, -13269863.548 8374033.9498, -13269823.6739 8373874.4655, -13269848.4342 8373711.9424, -13269933.9772 8373571.63579999, -13270067.0041 8373475.3514, -13270226.8434 8373438.0483, -13270388.6542 8373465.5229, -13270527.2929 8373553.5064, -13270621.2135 8373688.3274, -13270667.1803 8373901.8057, -13270653.6789 8374167.0624, -13270691.6015 8374403.0212, -13270764.4774 8374591.7525, -13270871.9699 8374763.0899, -13271024.0436 8374922.787, -13271226.7335 8375068.2483, -13271516.758 8375428.5895, -13271679.61 8375577.2697, -13271820.1067 8375664.6851, -13271955.1182 8375723.0541, -13272096.9271 8375762.0308, -13272242.772 8375780.8559, -13272426.4247 8375775.5286, -13272620.4177 8375734.0604, -13272954.5237 8375766.1726, -13273138.0539 8375757.6177, -13273317.3112 8375717.2648, -13273655.3985 8375590.0575, -13273785.6283 8375521.6579, -13273919.141 8375423.88139999, -13274023.71 8375320.3297, -13274118.6528 8375194.2315, -13274266.5678 8375087.0419, -13274417.928 8375019.0333, -13274570.8085 8374916.9967, -13274768.422 8374708.2995, -13274915.6389 8374585.96549999, -13275072.6565 8374538.0519, -13275246.4662 8374555.71589999, -13275388.2556 8374605.7815, -13275532.4231 8374634.6829, -13275789.2851 8374636.1001, -13275977.1873 8374588.5213, -13275421.4593 8374174.3541, -13275149.8396 8373814.9367, -13275208.839 8373553.1499, -13274642.2228 8373752.8171, -13275172.0058 8372392.9717, -13275071.916 8371450.3186, -13274711.2408 8370887.0035, -13274470.7908 8371470.27929999, -13274330.5283 8371217.4469, -13274338.3207 8370935.7929, -13274432.9422 8370392.475, -13273924.2122 8370235.0312, -13274456.3193 8369951.1973, -13274786.9382 8369736.1117, -13275772.1158 8369569.8129, -13276171.7527 8369625.2453, -13275660.7961 8369975.589, -13275431.478 8370068.721, -13275563.9482 8370592.0566, -13275294.5551 8370740.6373, -13275311.253 8371055.5499, -13276111.6401 8373335.74099999, -13276784.1033 8373873.4748, -13276834.6114 8373740.3329, -13276871.7151 8373485.7667, -13276842.0393 8373211.8454, -13276751.2924 8372971.1942, -13276590.8212 8372734.2819, -13276550.81 8372574.8653, -13276575.4179 8372412.3514, -13276660.8167 8372271.9944, -13276793.7301 8372175.6075, -13276953.5042 8372138.1661, -13277115.3082 8372165.4879, -13277253.9995 8372253.3279, -13277348.0241 8372388.037, -13277394.1758 8372601.4316, -13277379.355 8372835.4371, -13277401.1591 8373036.5653, -13277460.8774 8373229.8355, -13277556.3179 8373408.1441, -13277737.5014 8373615.4618, -13277923.4893 8373746.8411, -13278192.395 8373968.3722, -13278437.9447 8374092.5919, -13278688.901 8374147.3701, -13278854.2422 8374149.6581, -13279005.0591 8374128.7896, -13279525.25 8374172.3498, -13279689.6349 8374154.41790001, -13279831.827 8374117.0079, -13280031.94 8374024.7357, -13280194.9019 8373905.1801, -13280309.3056 8373785.5949, -13280539.8553 8373477.6243, -13280626.9266 8373336.8309, -13280690.9353 8373184.1292, -13280727.1844 8373041.4329, -13280746.8307 8372864.6853, -13280822.7029 8372718.9323, -13280948.9135 8372613.8799, -13281105.8474 8372565.852, -13281406.1412 8372591.2839, -13281625.2916 8372569.258, -13281818.1816 8372509.3316, -13282002.9747 8372408.9553, -13282164.0745 8372371.0827, -13282327.5472 8372398.5717, -13282510.9388 8372483.3132, -13282725.3132 8372533.924, -13282945.5088 8372538.7757, -13283179.4584 8372492.1966, -13283332.4733 8372429.5117, -13283458.7953 8372354.2477, -13283916.3365 8371977.6268, -13283811.6094 8371252.9317, -13284258.6116 8371508.4282, -13284319.4767 8371305.8393, -13284329.5506 8371048.8626, -13284273.3176 8370778.9165, -13284151.7062 8370531.8974, -13284049.3888 8370401.8852, -13283928.0308 8370289.5066, -13283790.6206 8370197.5274, -13283657.7292 8370134.7352, -13283517.4086 8370091.078, -13283372.3893 8370067.4049, -13283207.1404 8370065.2178, -13283037.2047 8370088.21899999, -13282821.2337 8370059.2451, -13282664.119 8369967.0334, -13282599.4576 8369886.447, -13282433.8496 8369405.8841, -13282350.6376 8369262.8746, -13282220.9968 8369097.0787, -13282164.9003 8368923.5701, -13282178.6023 8368759.8543, -13282254.4054 8368614.1689, -13282380.5262 8368509.1521, -13282778.083 8368404.8378, -13282932.0855 8368344.8807, -13283074.8255 8368261.5277, -13283406.9871 8368011.3921, -13283566.6347 8367973.8309, -13283728.3683 8368000.9933, -13283868.0909 8368089.3131, -13283964.267 8368201.1901, -13284074.7064 8368298.213, -13284279.5805 8368420.309, -13284506.6275 8368493.1051, -13284744.2053 8368512.8666, -13285015.5022 8368468.5831, -13285152.8666 8368416.4335, -13285281.6464 8368345.6398, -13285466.2282 8368194.5259, -13285561.1198 8368082.2052, -13285643.9457 8367949.2903, -13285770.0566 8367844.184, -13285926.856 8367796.0871, -13286090.0291 8367812.4301, -13286234.2174 8367890.6732, -13286337.0156 8368018.6606, -13286382.4444 8368176.5021, -13286363.4406 8368339.6705, -13286282.9538 8368482.8038, -13286153.491 8368583.6531, -13285995.1745 8368626.5403, -13285733.9304 8368605.791, -13285480.276 8368644.9475, -13285292.165 8368718.2585, -13285136.0976 8368815.0294, -13284962.4668 8368978.6797, -13284830.0297 8369177.2625, -13284745.5771 8369400.6036, -13284713.2028 8369655.6673, -13284743.3919 8369911.00859999, -13284851.2844 8370234.9747, -13284956.0373 8370407.8572, -13285269.8921 8370790.7576, -13285425.1466 8370920.0586, -13285627.296 8371034.8631, -13285793.3544 8371205.1766, -13285977.5401 8371326.0773, -13286236.3709 8371419.0873, -13286597.6748 8371462.1222, -13286741.9405 8371540.3923, -13286844.7995 8371668.4341, -13286890.2633 8371826.35, -13286845.1941 8372254.3392, -13286857.272 8372437.8887, -13286901.0036 8372637.8016, -13286875.7626 8372854.6783, -13286795.2384 8372997.9057, -13286528.555 8373207.0761, -13286747.5703 8373155.4445, -13286914.1811 8373165.9097, -13287070.5658 8373151.4539, -13287327.1975 8372942.3614, -13287484.0937 8372894.196, -13287647.3828 8372910.5132, -13287791.6878 8372988.7772, -13288280.2425 8373574.6427, -13288418.401 8373695.869, -13288595.4077 8373802.91799999, -13288698.3307 8373930.9715, -13288743.8489 8374088.923, -13288705.5929 8374335.6793, -13288594.3882 8374464.9997, -13288394.8186 8374593.3478, -13288255.7284 8374713.5387, -13288142.4393 8374852.5914, -13288187.9652 8374963.88390001, -13288373.8826 8375240.3721, -13288469.638 8375513.0791, -13288444.3755 8375730.5601, -13288383.4346 8375866.0379, -13288338.6334 8376025.5169, -13288296.8834 8376423.4062, -13288306.3907 8376662.2736, -13288429.8789 8377164.5251, -13288440.163 8377319.2808, -13288612.4452 8377270.4268, -13288857.0196 8377144.0511, -13289068.9766 8376948.4652, -13289099.3371 8377201.1238, -13289203.9236 8377466.3084, -13289249.3637 8377674.7749, -13289279.5092 8377949.2003, -13289370.7265 8378189.848, -13289481.6647 8378359.0718, -13289636.9622 8378515.7593, -13289821.3942 8378636.6777, -13290009.183 8378711.5495, -13290281.2673 8378753.2652, -13290549.2784 8378724.3737, -13290652.6684 8378741.6334, -13290740.2852 8378570.8452, -13290796.8107 8378338.52839999, -13290801.4158 8378117.7895, -13290751.669 8377847.1872, -13290769.6321 8377629.4389, -13290845.3507 8377483.4917, -13291020.8814 8377316.095, -13291153.2905 8377117.1825, -13291237.6305 8376893.5372, -13291270.6149 8376668.3892, -13291346.3141 8376522.4564, -13291472.4343 8376417.1714, -13291649.0789 8376370.8515, -13291675.4441 8376318.7734, -13291655.1697 8376274.1442, -13291420.9053 8375987.912, -13291224.1703 8375618.3358, -13291402.4854 8375514.5585, -13291588.4531 8375513.2064, -13292084.1276 8376008.3524, -13292495.5325 8376069.9576, -13292564.8039 8376244.8235, -13292644.8109 8376322.349, -13293107.8999 8376280.182, -13292801.7715 8377134.6673, -13292846.4145 8377258.3965, -13292973.0327 8377282.0165, -13293090.1838 8377350.5493, -13293200.9173 8377508.4673, -13293236.0312 8377669.1416, -13293190.3681 8377869.8714, -13293258.7688 8377876.6524, -13293403.2293 8377954.8551, -13293506.2941 8378082.9103, -13293624.6424 8378458.4381, -13293703.1435 8378604.32329999, -13293828.0325 8378768.8609, -13293873.6924 8378926.8807, -13293856.5822 8379075.1413, -13294041.7372 8379104.438, -13294207.1531 8379100.59399999, -13294540.198 8379019.2832, -13295013.42 8379051.6181, -13295398.0807 8378975.259, -13295566.2265 8379003.2141, -13295808.2901 8379097.4451, -13296028.2657 8379130.8999, -13296287.7533 8379258.9379, -13296519.7426 8379315.3861, -13296666.6309 8379323.4884, -13296813.2151 8379311.0313, -13297177.207 8379210.2359, -13297340.6528 8379226.34799999, -13297485.1815 8379304.4831, -13297588.3353 8379432.5023, -13297635.2829 8379594.6677, -13297643.3333 8379801.0825, -13297690.0312 8379998.0943, -13297811.225 8380268.4166, -13297922.3864 8380437.5554, -13298036.0066 8380558.0808, -13298167.054 8380659.3175, -13298552.0743 8380900.0849, -13298772.4687 8380992.142, -13298971.1727 8381029.5129, -13299173.345 8381028.213, -13299336.1429 8380998.3742, -13299686.1959 8380891.1339, -13299849.6827 8380907.1926, -13300054.4157 8381012.8228, -13300229.1399 8381070.109, -13300392.7711 8381094.964, -13300558.2693 8381093.8683, -13300721.5578 8381066.849, -13301021.5223 8380975.9462, -13301260.2241 8380936.817, -13301506.1601 8380831.3278, -13301722.1157 8380764.5693, -13301885.6034 8380780.5824, -13302259.9979 8380998.7733, -13302731.5535 8381210.1523, -13302929.6016 8381250.8853, -13303172.9331 8381248.6296, -13303350.9725 8381278.0346, -13303490.1387 8381365.4758, -13303584.755 8381500.0007, -13303620.3561 8381661.801, -13303608.659 8381857.3954, -13303634.713 8382058.2484, -13303698.551 8382250.436, -13303787.427 8382411.6783, -13303915.7923 8382568.1883, -13304056.4613 8382686.81669999, -13304215.562 8382779.1723, -13304388.2592 8382842.4474, -13304532.6887 8382870.8051, -13304698.0596 8382878.2947, -13304862.5635 8382859.7751, -13305004.783 8382821.8328, -13305220.5105 8382719.1547, -13305531.3655 8382495.3926, -13305921.9285 8382400.2889, -13306064.4048 8382349.9689, -13306240.5302 8382250.4656, -13306482.9722 8382052.4744, -13306639.9258 8382003.8388, -13306803.4493 8382019.7442, -13306948.1295 8382097.7191, -13307051.4847 8382225.64899999, -13307166.6329 8382613.6612, -13307263.0725 8382812.3293, -13307398.6464 8382986.5734, -13307650.8744 8383217.4476, -13307908.3197 8383376.9047, -13308133.3933 8383457.0176, -13308333.8727 8383483.6716, -13308577.608 8383464.0104, -13308755.909 8383481.3049, -13308900.638 8383559.2555, -13309004.0476 8383687.1822, -13311917.7951 8383452.7019, -13311930.8536 8383288.6244, -13312006.2033 8383142.3563, -13312132.1309 8383036.6267, -13312289.0654 8382987.8643, -13312452.62 8383003.6453, -13312602.4357 8383084.2387, -13312757.0157 8383222.015, -13312947.9698 8383332.5583, -13313196.6731 8383406.2546, -13313198.8417 8382472.4477, -13313766.6836 8382861.65829999, -13313741.2605 8382784.1702, -13313754.2775 8382620.1053, -13313854.3098 8382425.8053, -13314033.2359 8382230.0394, -13314151.9277 8382030.8852, -13314231.4341 8381785.9851, -13314263.6919 8381469.6427, -13314376.2957 8381282.411, -13314508.8584 8381185.2326, -13314577.9846 8381168.6574, -13314414.4504 8380884.4759, -13312514.2267 8379667.6326, -13313124.2576 8379396.757, -13313518.3287 8379776.42979999, -13314527.9964 8379883.0081, -13315299.4405 8380362.6298, -13315426.3447 8380993.291, -13315649.3823 8381234.0388, -13315889.0991 8381249.6592, -13316061.6679 8381311.5022, -13316242.7186 8381343.4779, -13316426.5625 8381343.4709, -13316589.7898 8381316.0993, -13316796.9733 8381240.54249999, -13316993.5924 8381115.7927, -13317500.9014 8380944.9471, -13317673.2501 8380839.1038, -13317933.9639 8380615.5419, -13318125.2358 8380555.9456, -13318342.6555 8380576.7506, -13318619.5156 8380653.9651, -13318801.5612 8380679.5267, -13319021.7219 8380667.8835, -13319234.6522 8380610.6372, -13319446.3856 8380500.1094, -13319670.7374 8380312.5723, -13319944.2735 8380243.3889, -13320145.6184 8380153.4622, -13320267.5367 8380070.9883, -13320606.3347 8379786.7196, -13320700.0024 8379750.5375, -13320789.0245 8379744.9429, -13321058.464 8379770.6325, -13321233.4661 8379857.5684, -13321390.4167 8379910.0482, -13321829.8258 8379957.0283, -13322086.1998 8379938.8645, -13322456.4389 8379829.8758, -13322619.9395 8379845.4249, -13322764.7362 8379923.0624, -13322868.329 8380050.7263, -13322929.8138 8380260.4074, -13322933.9918 8380550.2405, -13322989.9469 8380782.7447, -13323117.3008 8381027.2364, -13323348.5474 8381291.2778, -13323410.0568 8381500.98969999, -13323394.594 8381639.8689, -13323453.0917 8381650.7642, -13323592.4942 8381737.82289999, -13323687.476 8381872.0865, -13323723.2739 8382032.6926, -13323691.1328 8382212.5141, -13323605.6698 8382351.7778, -13323709.628 8382476.8899, -13323439.1216 8382867.8281, -13323361.2944 8383066.9021, -13323481.9922 8383269.0779, -13323824.2269 8383663.3711, -13323914.6149 8383636.6058, -13324257.6827 8383660.1371, -13324422.1441 8383641.1783, -13324585.8338 8383596.6233, -13324749.4219 8383612.131, -13324894.4821 8383689.8534, -13325097.6673 8383874.0222, -13325319.5945 8383726.5282, -13325479.3435 8383687.9725, -13325641.5543 8383714.2565, -13325781.0212 8383801.2964, -13325876.0697 8383935.5676, -13325923.6999 8384148.9518, -13325918.3581 8384234.5797, -13325974.0479 8384313.2475, -13326050.8048 8384623.2231, -13328878.3914 8386126.3848, -13328373.7472 8384585.6431, -13328969.463 8384081.1051, -13329143.561 8384257.8436, -13329261.1842 8384843.4451, -13330345.3829 8385640.529, -13330907.3007 8386907.3895, -13331005.4097 8386922.749, -13331243.8901 8386907.6426, -13331616.6336 8386830.2326, -13331869.6626 8386713.5999, -13332080.5322 8386647.4536, -13332262.9731 8386664.5586, -13332353.9569 8386695.5133, -13332541.7314 8386795.8685, -13332645.5899 8386923.5067, -13332700.508 8387102.1447, -13332782.4148 8387270.714, -13332848.7573 8387019.0012, -13332993.9897 8386792.837, -13333221.164 8386639.6739, -13333656.2541 8386478.2901, -13333904.7492 8386349.489, -13334010.3072 8386208.8901, -13334109.4925 8386050.6168, -13334184.4274 8385878.1818, -13334329.9207 8385332.6001, -13334390.4116 8385157.4254, -13334551.0946 8384883.7552, -13336054.4682 8384204.2253, -13336199.7821 8384307.8904, -13336545.0082 8384602.0083, -13336695.7738 8384704.9854, -13337023.8595 8384869.6084, -13337289.0285 8384961.1353, -13337650.5181 8385033.8903, -13337926.1468 8385071.0177, -13338832.7353 8385150.106, -13339185.6129 8385195.4289, -13340045.2587 8385352.6127, -13340215.0306 8385374.1618, -13340485.8355 8385381.3231, -13340849.4524 8385330.9705, -13341016.0148 8385264.5915, -13341172.2477 8385171.012, -13341452.607 8384923.5242, -13341688.9443 8384627.6522, -13341883.489 8384423.5454, -13342122.84 8384315.4697, -13342476.7719 8384287.3965, -13342846.6311 8384323.27269999, -13343114.1327 8384387.1011, -13343680.8415 8384614.4579, -13343761.9906 8384638.03459999, -13343935.3548 8384640.1018, -13344101.4225 8384585.4617, -13344524.504 8384398.74, -13345223.0556 8384158.8853, -13345679.7651 8383924.75509999, -13345896.3771 8383830.3267, -13346040.0325 8383866.424, -13346174.4784 8383959.6889, -13346286.2508 8384083.5133, -13346349.5782 8384241.7442, -13346445.3578 8384677.3296, -13346539.2152 8385295.8066, -13346595.6192 8385549.1276, -13346703.2487 8385770.7926, -13346752.1042 8385832.9108, -13346867.6276 8385929.1158, -13346939.0539 8385958.7318, -13347175.0363 8386002.0106, -13347341.5053 8385986.7367, -13347761.9463 8385898.2145, -13348010.1241 8385924.9246, -13348239.6032 8386041.434, -13348375.6726 8386150.0658, -13348494.0977 8386275.1752, -13348731.3119 8386601.4024, -13348828.4878 8386685.0955, -13351347.0131 8385132.6756, -13352474.4593 8385132.6756, -13352492.0452 8385151.8604, -13352536.8719 8385127.645, -13352683.6531 8385001.6426, -13352858.1183 8384761.6099, -13353151.9699 8384118.0568, -13353259.6552 8383951.663, -13353318.504 8383870.9488, -13353583.0809 8383688.5973, -13353544.9827 8383683.6838, -13353402.4251 8383601.8575, -13353293.2004 8383475.2598, -13353151.7493 8383357.5837, -13353025.2248 8383282.2982, -13352889.4738 8383225.3821, -13352729.0195 8383184.6722, -13352564.1838 8383169.6029, -13352399.0241 8383180.5451, -13352235.1933 8383217.4614, -13352072.1542 8383197.1572, -13351913.9295 8383106.2957, -13351848.4083 8383026.2001, -13351776.2534 8382805.3134, -13351791.6143 8382579.9933, -13351965.5446 8382231.3794, -13352032.243 8382001.7111, -13352044.4403 8381744.5101, -13351994.1603 8381492.00169999, -13351938.3805 8381355.6284, -13351864.1988 8381228.3601, -13351773.0592 8381112.6726, -13351666.7362 8381010.8168, -13351433.8559 8380863.7814, -13351152.6703 8380776.4394, -13350947.7296 8380658.7135, -13350882.2409 8380578.6348, -13350824.4474 8380405.4288, -13350853.7573 8378563.8801, -13350825.9427 8376726.2775, -13349641.5035 8377159.0827, -13348891.2101 8376764.0083, -13346830.6862 8376466.6067, -13346209.5235 8376411.1227, -13344632.1264 8375949.5117, -13343170.5015 8375621.0753, -13340204.9501 8375898.47, -13338859.0974 8377589.6934, -13337791.5436 8376999.2747, -13337260.5496 8376056.0348, -13336634.9341 8375128.44829999, -13335767.7552 8375601.1034, -13335471.6455 8375550.064, -13334176.9997 8374891.0226, -13334051.2087 8373337.9593, -13332578.4519 8373473.2848, -13332687.545 8372328.6437, -13330631.474 8371277.3276, -13329355.6608 8371594.11819999, -13328013.2396 8372333.0799, -13326678.5189 8374016.8297, -13328309.3493 8375430.2338, -13329912.3499 8376846.1287, -13333427.8195 8378255.63579999, -13334184.7921 8378877.2362, -13334566.6178 8379547.7356, -13337514.358 8379279.0845, -13337987.4659 8379672.07329999, -13338993.7941 8379143.65250001, -13340474.3434 8379008.22299999, -13343518.8564 8379852.8981, -13345222.1196 8380107.2719, -13345247.723 8380580.2462, -13343321.896 8380609.1142, -13342086.2495 8380427.0259, -13341980.0937 8380430.3859, -13341683.3001 8380829.1482, -13341309.3892 8381124.9088, -13340510.4775 8381233.476, -13340092.8855 8381244.1556, -13339642.4295 8381077.6155, -13339051.3389 8381031.1018, -13338482.2403 8381012.8661, -13338094.1924 8380847.2116, -13337653.5074 8380833.3999, -13337513.1094 8380752.7268, -13336755.8592 8380969.2637, -13336026.7549 8381491.322, -13335635.0352 8381859.0867, -13335424.9354 8381984.1296, -13335260.7832 8382055.9344, -13334888.3686 8382003.1596, -13334877.5678 8381165.7722, -13334902.5377 8380685.0462, -13334705.5224 8380439.9531, -13334409.6574 8380329.3219, -13333101.6535 8379680.9546, -13331033.3738 8378099.9205, -13330711.2947 8378358.1964, -13330395.1842 8378757.0561, -13330515.7103 8378893.5856, -13330562.1513 8379051.35949999, -13330544.1068 8379214.8573, -13330464.3772 8379358.6662, -13330335.3522 8379460.4317, -13330177.0852 8379504.3338, -13330014.1783 8379483.547, -13329938.3688 8379439.7091, -13329919.2516 8379472.9182, -13329537.3353 8379607.3494, -13329176.0513 8379698.6811, -13328966.4014 8379256.1611, -13328899.0033 8378384.5474, -13328741.7913 8378214.9644, -13328445.1361 8378188.3707, -13327693.1473 8378206.6237, -13326772.9706 8378112.0571, -13326761.1643 8378060.1456, -13326644.7111 8378092.3877, -13326481.8436 8378071.5255, -13326324.0334 8377980.1662, -13326257.813 8377898.6361, -13326189.5416 8377749.3721, -13326098.0573 8377611.3283, -13325993.6552 8377497.5082, -13325455.2112 8377226.4197, -13325251.1898 8377209.4391, -13325236.2095 8377383.7134, -13325156.394 8377527.4311, -13324984.9446 8377662.4549, -13324698.2384 8377747.1356, -13324475.8715 8377876.078, -13324291.2422 8378055.0758, -13324137.9045 8378291.0149, -13323966.4188 8378426.0295, -13323808.1327 8378469.7886, -13323645.2633 8378448.8625, -13323469.3939 8378342.3798, -13323411.8182 8378513.0572, -13323475.8069 8378603.5173, -13323523.3299 8378816.7655, -13323469.9074 8379056.9364, -13323435.1388 8379359.5582, -13323355.2671 8379503.29599999, -13323226.1385 8379604.941, -13323064.7546 8379649.5396, -13322887.521 8379650.2232, -13322724.3572 8379677.7271, -13322567.4952 8379730.457, -13322428.8843 8379802.1411, -13322252.9191 8379850.7488, -13322090.0228 8379829.785, -13321896.2158 8379717.4329, -13321685.6091 8379451.4777, -13321657.2274 8379365.2815, -13321481.0801 8379347.9674, -13321323.3016 8379256.4841, -13321258.1419 8379176.1492, -13321201.0513 8379002.7275, -13321213.8973 8378838.7374, -13321287.668 8378658.1565, -13321327.8195 8378459.755, -13321332.033 8378294.0985, -13321299.7221 8378085.034, -13321303.3262 8378018.7713, -13321167.3796 8377898.8043, -13320997.2379 8377793.6898, -13320897.9798 8377662.6784, -13320856.9876 8377503.4224, -13320880.6287 8377340.6761, -13321114.4192 8376943.1903, -13321169.4129 8376806.5787, -13321206.8543 8376651.8227, -13321312.4947 8376446.1277, -13321438.1732 8376340.3401, -13321594.9 8376291.428, -13321988.9454 8376319.9382, -13322135.1667 8376304.4251, -13322277.8083 8376268.6757, -13322488.6881 8376168.6902, -13322141.7177 8375980.4019, -13321943.4909 8375719.6877, -13321733.7071 8375645.4857, -13321259.486 8375077.4122, -13320863.8884 8373835.044, -13320054.2654 8372309.4774, -13319268.212 8372364.9022, -13318189.2944 8371796.3129, -13317713.9603 8371720.9026, -13316349.1833 8370762.8139, -13318339.5758 8370986.8003, -13318808.2307 8370731.7668, -13320856.5094 8371057.7677, -13322438.3594 8373881.4942, -13323382.3486 8373457.7555, -13323930.0407 8374334.1008, -13324825.0493 8374234.2587, -13325796.8685 8373750.5985, -13326327.8625 8373207.0732, -13326530.4639 8372146.75959999, -13326147.5248 8371663.2362, -13325012.0661 8370769.4669, -13325241.3841 8369809.2846, -13325989.4512 8370117.5049, -13326633.9911 8369294.8733, -13325856.9811 8368569.8807, -13326686.3112 8368541.0597, -13327370.926 8368370.3538, -13327569.0748 8367791.7567, -13328324.9342 8368405.8249, -13328617.5734 8368350.0005, -13328898.8308 8368561.4508, -13329077.4538 8369013.2928, -13330287.1165 8369266.0225, -13330509.0245 8369100.1474, -13331244.0435 8368687.7188, -13331644.2802 8368430.0589, -13331854.4458 8368529.29379999, -13331963.7356 8368813.7657, -13332022.6476 8369279.8549, -13332070.2448 8369850.8184, -13332299.0399 8370372.5172, -13333588.1196 8371022.2841, -13334437.4873 8371621.0958, -13335381.4765 8371649.9287, -13336636.7104 8371531.0373, -13337289.7918 8370983.18949999, -13337586.8828 8370994.4952, -13337888.9682 8371225.2603, -13337679.2633 8371812.1697, -13337545.3653 8372536.5072, -13337804.4689 8373001.217, -13338321.4243 8373034.0408, -13338625.7131 8372987.746, -13338937.604 8373116.4503, -13339875.7388 8373080.4476, -13340149.8048 8372879.1858, -13340055.9554 8372764.0769, -13340030.6651 8372654.9807, -13339945.6561 8372454.9807, -13339818.7741 8372274.7009, -13339777.4905 8372235.0208, -13339708.7572 8372254.1809, -13339545.9893 8372233.6223, -13339403.805 8372151.6424, -13339304.3047 8372020.9858, -13339262.9521 8371861.963, -13339286.1707 8371699.2923, -13339370.3482 8371558.2535, -13339502.3989 8371460.765, -13339532.2909 8371453.49099999, -13339598.7087 8371316.1173, -13339191.9153 8370734.3316, -13339101.2239 8370092.508, -13339595.2939 8369495.8584, -13340116.0625 8369115.4073, -13340124.0147 8368938.1779, -13340198.6591 8368791.9226, -13340336.8942 8368661.52929999, -13340459.1145 8368501.374, -13340381.9482 8368427.9943, -13338578.5723 8368057.7726, -13338310.0327 8368442.5272, -13338476.3657 8368456.7427, -13338621.0949 8368533.9499, -13338724.7917 8368661.1912, -13338780.0993 8368855.8753, -13338814.9106 8369069.1128, -13338894.4188 8369274.7091, -13339014.8688 8369459.2569, -13339156.7817 8369603.0221, -13339323.4774 8369717.02, -13339202.1085 8369867.1938, -13339046.1547 8369770.249, -13338858.1317 8369696.7269, -13338714.3503 8369666.5724, -13338567.779 8369656.7529, -13338384.9869 8369673.3275, -13338146.8434 8369734.8565, -13337707.3471 8369699.6617, -13337486.893 8369583.4913, -13337387.4618 8369452.8522, -13337162.5235 8368666.4171, -13337185.7802 8368503.8228, -13337269.9638 8368362.8686, -13337401.9868 8368265.46060001, -13337561.3333 8368226.7329, -13337607.0222 8368234.0618, -13337396.3593 8367525.7502, -13337562.2255 8365985.3181, -13336082.7895 8366116.0762, -13335925.829 8364567.0753, -13335558.4747 8365606.3546, -13335352.5336 8365734.8898, -13333667.1563 8366393.1134, -13333303.1417 8365515.495, -13331826.3579 8365671.1861, -13332154.1758 8365710.462, -13332293.3712 8365797.1733, -13332388.2963 8365931.0368, -13332424.1967 8366091.2519, -13332406.6842 8366189.8738, -13332583.3996 8366206.9596, -13332728.0252 8366284.262, -13332831.5897 8366411.5509, -13332877.9948 8366569.0449, -13332860.0256 8366732.2709, -13332780.4708 8366875.85809999, -13332651.6926 8366977.48659999, -13332493.7071 8367021.3576, -13332277.6704 8366993.8507, -13332088.9083 8366903.4484, -13331931.2811 8366854.0322, -13331521.7378 8366796.71989999, -13331364.1126 8366705.6037, -13331298.9597 8366625.4937, -13331241.7392 8366452.447, -13331247.3674 8366379.3583, -13331184.4288 8366371.1658, -13331026.8168 8366280.0472, -13330961.6714 8366199.9386, -13330904.4623 8366026.899, -13330905.6849 8365859.6232, -13330876.6314 8365678.1833, -13330825.3271 8365526.8319, -13330687.1337 8365484.4699, -13330318.2477 8364990.7893, -13330126.4581 8364916.421, -13329721.6371 8364855.3245, -13329579.7015 8364773.2304, -13329418.0751 8364566.6057, -13329277.649 8364436.8941, -13329409.9374 8364321.4479, -13329255.2809 8364260.6002, -13329294.5168 8364163.029, -13329278.4975 8364024.7223, -13329217.0814 8363959.2687, -13329122.6287 8363927.5598, -13329013.2461 8363936.4994, -13328918.899 8363969.5305, -13328883.2639 8363997.9991, -13328867.1771 8364107.8889, -13328878.5467 8364287.3563, -13328730.1185 8364626.9841, -13328616.6575 8364650.7627, -13328214.0086 8364625.9143, -13328198.8981 8364762.3728, -13328119.2718 8364905.8727, -13327990.4612 8365007.39329999, -13327721.5789 8365084.0678, -13327554.1182 8365159.0591, -13327402.1976 8365262.0376, -13327282.5821 8365376.0795, -13327182.2455 8365507.4619, -13327103.6589 8365652.9515, -13327044.1847 8365826.7871, -13327011.1694 8366041.0921, -13326931.5063 8366184.6051, -13326802.6572 8366286.1232, -13326644.648 8366329.865, -13326482.0408 8366309.0298, -13326436.1247 8366282.4461, -13326212.2504 8366260.9805, -13326010.8883 8366273.5842, -13325628.1996 8366389.91089999, -13325412.202 8366362.2035, -13325254.6586 8366270.9596, -13325189.5747 8366190.7985, -13325132.5001 8366017.711, -13325148.591 8365747.9569, -13325125.5162 8365547.20149999, -13325064.6272 8365354.5496, -13324920.318 8365111.82, -13324863.1649 8364938.4708, -13324875.9124 8364774.7882, -13324950.8223 8364628.7642, -13325221.8599 8364397.0513, -13325352.671 8364243.2574, -13325436.2976 8364100.6504, -13325600.9456 8363742.5215, -13325726.3491 8363636.8488, -13326026.2151 8363530.2715, -13326153.2359 8363456.58959999, -13326268.7807 8363365.9157, -13326446.8678 8363156.4793, -13326638.4508 8362794.3752, -13326700.2354 8362742.2974, -13326129.4213 8362204.7903, -13326728.6125 8360703.7467, -13328176.8792 8360575.2992, -13328641.0814 8360954.0044, -13329625.1458 8360444.6394, -13331222.5804 8361862.0898, -13331395.1257 8361157.7602, -13332201.0788 8360497.7888, -13332417.0385 8359786.9463, -13333376.6125 8359299.804, -13334037.8503 8360048.2449, -13334342.8658 8360914.1397, -13334132.472 8362719.3367, -13334748.0687 8362827.8841, -13335667.5677 8362717.1214, -13336233.6856 8362608.7773, -13336424.0767 8362428.7569, -13336666.5699 8362363.6875, -13337008.6592 8362438.8818, -13337161.0642 8362654.3417, -13337377.5011 8362909.9558, -13337945.1645 8363018.3997, -13338387.399 8363152.5934, -13338395.5693 8363045.1475, -13338470.1917 8362899.0268, -13338595.3912 8362793.1518, -13338751.7095 8362743.9739, -13338914.8561 8362759.1337, -13339059.4765 8362836.2756, -13339163.0981 8362963.4145, -13339209.6139 8363120.7924, -13339191.7917 8363283.9541, -13339112.3973 8363427.5389, -13338983.7683 8363529.22730001, -13338825.8965 8363573.2113, -13338663.3226 8363552.6526, -13338517.4542 8363468.5192, -13338006.3902 8364132.793, -13338882.4747 8364303.4009, -13339612.7305 8363707.3984, -13340180.4598 8363696.3205, -13340926.3005 8363920.0925, -13341821.3091 8364041.9514, -13342417.9816 8364369.8725, -13341456.1812 8364859.5655, -13339750.7666 8365123.2599, -13339036.0954 8365854.5624, -13339318.8469 8366548.2588, -13339184.1504 8367403.8338, -13339849.841 8367488.06669999, -13340652.4544 8367275.26959999, -13341557.482 8367226.5044, -13341773.4418 8366512.7968, -13341943.5402 8365723.2648, -13342166.1931 8365641.0119, -13342489.0026 8365444.08609999, -13342948.9756 8365311.6188, -13343447.687 8365460.0933, -13343909.6629 8364821.8958, -13343871.6203 8364407.4166, -13343633.6876 8364157.8788, -13342990.7364 8363945.7065, -13342981.948 8363826.0113, -13343215.6746 8363591.7046, -13343569.8481 8363502.7536, -13343678.0709 8363054.915, -13344342.3574 8363131.5544, -13344993.3616 8363240.5357, -13345918.7694 8363454.8185, -13346398.8092 8363796.2887, -13346960.9231 8363550.3587, -13347192.4745 8363149.105, -13347571.2662 8362989.8933, -13348189.5789 8362987.7854, -13348905.8446 8362918.7646, -13349879.0905 8362720.5436, -13350386.2797 8362792.6449, -13350509.6133 8363396.10279999, -13350305.8915 8363819.7929, -13350451.6078 8364091.7138, -13351062.2616 8364077.4991, -13351809.7943 8364005.85059999, -13352579.9137 8364026.7017, -13352785.3604 8364466.9459, -13352603.5992 8364763.4117, -13351949.8916 8365252.3903, -13351736.0036 8365488.0764, -13351786.9103 8365642.1637, -13353342.8764 8366475.1185, -13354769.5025 8366159.514, -13354732.0645 8366025.9357, -13354468.5752 8365786.1832, -13354432.7624 8365674.0758, -13354383.6182 8365679.1174, -13354366.128 8365842.3637, -13354287.007 8365986.1552, -13354158.5504 8366088.14, -13354000.7232 8366132.4642, -13353838.059 8366112.2367, -13353680.1855 8366021.6142, -13353614.8017 8365941.7156, -13353557.0679 8365768.8722, -13353569.1783 8365605.1383, -13353643.5206 8365458.8201, -13353768.5381 8365352.6546, -13353924.8008 8365303.1381, -13354088.0266 8365317.9641, -13354232.8488 8365394.8287, -13354336.7636 8365521.7899, -13354379.6797 8365507.9047, -13354243.0767 8365080.2641, -13354377.179 8364567.3419, -13354655.4284 8363258.048, -13354876.8736 8363072.9993, -13354800.5103 8362883.6611, -13352109.4565 8361543.1398, -13352516.8859 8360772.4007, -13355939.9602 8361532.0653, -13357178.9461 8363244.3663, -13357874.693 8362181.0538, -13358607.1751 8361890.8847, -13359282.8845 8362068.0858, -13359625.5217 8361896.5804, -13359783.5094 8361729.1714, -13360189.8789 8361154.3853, -13360460.2896 8361242.60239999, -13360541.8992 8361500.5767, -13360524.0968 8361857.6598, -13361096.279 8362287.3781, -13361658.4423 8361948.4745, -13361993.8194 8361659.7607, -13361930.6614 8361529.2016, -13361691.7791 8361210.4642, -13361650.0142 8361051.8107, -13361672.7098 8360889.3208, -13361756.3349 8360748.2462, -13361887.8897 8360650.5112, -13362046.9304 8360611.3006, -13362208.7406 8360636.7071, -13362378.7863 8360741.6786, -13362583.3403 8360982.1103, -13362854.3755 8361185.7154, -13362909.7273 8361253.1846, -13363081.0279 8361204.8423, -13363242.854 8361230.2277, -13363382.3129 8361316.2905, -13363477.7314 8361449.6579, -13363514.2783 8361609.6066, -13363447.6733 8362010.3298, -13363740.0915 8362344.4976, -13364355.8579 8362483.8732, -13364783.0685 8362388.9691, -13365518.8409 8362068.3156, -13365930.8845 8362141.1824, -13367017.3628 8361740.2671, -13366584.3299 8362963.0166, -13368805.1536 8364141.6556, -13368039.2756 8365473.3897, -13366770.1905 8365438.852, -13365822.8177 8365838.2178, -13365189.9282 8366291.1122, -13364760.1805 8366284.4655, -13364818.9822 8366536.0404, -13364915.43 8366754.2915, -13365084.1184 8366971.5197, -13365210.4081 8367078.12380001, -13365391.5488 8367192.8518, -13365465.3658 8367289.0778, -13365510.967 8367454.8933, -13365766.992 8367386.6851, -13366011.4406 8367434.6178, -13366386.2465 8367648.463, -13366490.3984 8367775.2844, -13366537.5259 8367932.575, -13366520.3015 8368095.8931, -13366441.3979 8368239.8536, -13366126.9859 8368491.0546, -13366022.0333 8368593.9597, -13365979.149 8368651.773, -13366003.1597 8368713.2099, -13366189.8322 8368678.9767, -13366393.3162 8368595.0112, -13366560.8235 8368482.3018, -13366721.1055 8368318.0375, -13366871.2204 8368206.3504, -13367106.4595 8368122.3243, -13367306.565 8367992.6718, -13367472.4182 8367821.2511, -13367593.5096 8367622.6455, -13367718.3555 8367516.2162, -13368028.2901 8367416.0888, -13368254.0405 8367311.2954, -13368389.4856 8367216.6322, -13368737.8064 8366911.6313, -13369014.3921 8366841.3242, -13369398.3019 8366874.4066, -13369581.59 8366866.6691, -13369760.7503 8366827.1629, -13369930.3371 8366757.0901, -13370085.1963 8366658.5809, -13370232.9307 8366520.9757, -13370351.7339 8366357.6629, -13370494.467 8366080.1069, -13370619.2443 8365973.652, -13370775.3975 8365923.7757, -13370938.6606 8365938.2275, -13371372.3233 8366160.1179, -13371699.1863 8366241.09529999, -13371891.8169 8366342.7423, -13371996.0429 8366469.4616, -13372043.2778 8366626.6863, -13372026.178 8366789.9852, -13371947.3968 8366933.9762, -13371790.0555 8367059.5102, -13371614.4479 8367164.5716, -13371476.8961 8367286.1713, -13371342.7311 8367460.8624, -13371247.7513 8367659.6817, -13371198.6903 8367855.7233, -13371193.6936 8367935.874, -13371207.7925 8368221.7918, -13371265.2608 8368428.8895, -13371248.1404 8368592.2265, -13371169.3256 8368736.2449, -13371041.0633 8368838.55789999, -13370883.2892 8368883.26, -13370506.7701 8368840.4016, -13370287.0863 8368853.5552, -13369741.9016 8369001.6287, -13369524.0168 8369098.4134, -13369134.3418 8369368.8054, -13369009.4925 8369477.177, -13368882.2383 8369634.0826, -13368736.9596 8369891.5217, -13368608.6429 8369993.8094, -13368353.5379 8370073.3291, -13368144.8503 8370188.74669999, -13368527.9683 8370720.67849999, -13368786.2295 8371465.8435, -13369409.6185 8372559.3322, -13369515.8656 8372684.2959, -13369519.9664 8372654.697, -13369703.8804 8372338.4733, -13369785.7624 8372114.143, -13369813.161 8371932.3123, -13369797.0357 8371671.3479, -13369820.5856 8371501.3259, -13369904.1676 8371359.9573, -13370035.7962 8371261.9339, -13370245.2236 8371207.988, -13370398.5183 8371146.19520001, -13370540.2725 8371061.1401, -13370707.0403 8370924.12569999, -13370863.2969 8370874.2115, -13371026.6707 8370888.6683, -13371171.7716 8370965.2492, -13371276.0529 8371092.0567, -13371323.3048 8371249.384, -13371306.1807 8371412.7841, -13371116.207 8371763.2635, -13371051.6981 8371935.4209, -13371016.386 8372134.5281, -13371024.6328 8372374.7262, -13371004.5628 8372566.1701, -13370889.2794 8372799.0256, -13370831.2856 8373030.7301, -13370829.7212 8373065.57329999, -13370907.2917 8373168.8578, -13370941.1988 8373158.7845, -13371104.623 8373173.2426, -13371249.7703 8373249.8443, -13371354.0862 8373376.6889, -13371401.3557 8373534.0638, -13371392.0443 8373622.9309, -13371550.2352 8373725.3513, -13371722.3007 8373868.2676, -13371866.7825 8373948.7137, -13372004.3835 8374000.4298, -13372147.832 8374032.4571, -13372312.7208 8374044.1922, -13372469.3278 8374031.3499, -13372684.7009 8374064.8422, -13372911.3353 8374202.5873, -13373062.2839 8374270.0916, -13373258.1792 8374319.2229, -13373649.2641 8374355.6957, -13373930.5428 8374503.1244, -13374080.1565 8374561.169, -13374242.6813 8374661.1242, -13374332.7753 8374785.8496, -13374751.2746 8374837.1606, -13374896.4911 8374913.7057, -13375000.8928 8375040.525, -13375048.2511 8375197.9095, -13375016.6574 8375389.448, -13375116.6846 8375510.949, -13375164.0486 8375668.3426, -13375147.0024 8375831.8472, -13375068.1912 8375976.0486, -13374939.8614 8376078.5317, -13374823.8904 8376111.4598, -13374741.5855 8376270.0428, -13374687.6307 8376426.6122, -13374633.8657 8376828.3523, -13374555.034 8376972.5683, -13374426.6802 8377075.0567, -13374216.8975 8377134.6044, -13374164.3458 8377133.4721, -13373959.0288 8377019.4964, -13373804.6953 8376959.9965, -13373661.1831 8376927.9905, -13373274.1381 8376880.4898, -13373203.3935 8376838.10450001, -13373103.6142 8376716.8416, -13373045.3361 8376543.9141, -13373045.8346 8376412.7606, -13372942.6795 8376414.4605, -13372726.9495 8376449.4704, -13372184.6822 8376394.7689, -13371865.2882 8376445.0429, -13371346.7619 8376390.6308, -13371200.1846 8376402.0033, -13371000.2976 8376443.6284, -13370770.2744 8376452.2619, -13370537.4311 8376490.5185, -13370379.2305 8376538.7337, -13370214.7261 8376620.6097, -13370066.9103 8376729.8546, -13369759.8344 8377085.374, -13369667.1591 8377222.5748, -13369325.1522 8377838.8868, -13369258.5764 8378049.2931, -13369237.1533 8378250.5457, -13369254.4603 8378452.2006, -13369309.8643 8378646.8475, -13369391.6059 8378811.6892, -13369500.6861 8378959.8097, -13369911.9511 8379321.9462, -13370334.5424 8379583.0995, -13370519.0506 8379665.6846, -13370752.4599 8379715.7024, -13370969.3253 8379714.4259, -13371187.0902 8379733.6847, -13371534.9651 8379905.0199, -13371676.6557 8379944.5614, -13371822.4623 8379963.96230001, -13372024.4457 8379957.1275, -13372238.8186 8379905.8258, -13372484.1764 8379780.9317, -13372777.2345 8379538.3423, -13372933.6571 8379488.32150001, -13373097.225 8379502.7438, -13373242.5184 8379579.3679, -13373346.9604 8379706.2896, -13373420.8503 8379995.65169999, -13373503.0103 8380038.9765, -13373607.4634 8380165.902, -13373719.8143 8380514.61, -13373876.8118 8380774.6485, -13373913.6903 8380934.9555, -13373882.7838 8381114.9349, -13373851.6272 8381167.7021, -13373840.3875 8381275.3458, -13373761.4948 8381419.6415, -13373633.0534 8381522.1803, -13373276.416 8381630.7191, -13373052.5859 8381757.2857, -13372940.6183 8381852.886, -13372843.0197 8381963.1656, -13372761.6904 8382085.979, -13372698.2136 8382218.9369, -13372639.0753 8382431.6941, -13372625.3879 8382652.1249, -13372653.3188 8382852.6999, -13372744.4 8383161.8373, -13372721.6676 8383379.2441, -13372654.2397 8383546.3424, -13372617.2474 8383689.018, -13372565.916 8384147.4882, -13372486.9683 8384291.8279, -13372358.4595 8384394.386, -13372200.3633 8384439.219, -13372037.2539 8384419.357, -13371862.5082 8384326.537, -13371688.1941 8384267.8916, -13371524.7284 8384241.7617, -13371269.0219 8384252.5026, -13371052.0262 8384226.0498, -13370957.8884 8384172.3144, -13370949.5375 8384251.9963, -13370800.9097 8384551.6095, -13370708.0892 8385000.2478, -13370655.4143 8385089.3727, -13370512.7129 8385203.1997, -13370302.6658 8385262.7077, -13369978.2741 8385238.711, -13369718.2287 8385286.8722, -13369598.2294 8385268.1675, -13369424.0367 8385168.6894, -13369358.3103 8385088.7333, -13369234.1472 8384832.38989999, -13369170.9317 8384644.5031, -13369173.7684 8384401.7513, -13369130.3566 8384171.8461, -13369161.6314 8383869.4764, -13369207.7214 8383797.0995, -13369298.683 8383713.3453, -13369456.4538 8383637.4767, -13369613.1744 8383527.4389, -13369599.5802 8383487.0414, -13369613.7819 8383318.0882, -13369553.5995 8383310.7383, -13369395.167 8383220.2578, -13369329.4587 8383140.3218, -13369141.2043 8382619.6436, -13369064.5134 8382493.8569, -13368936.5266 8382333.9851, -13368878.2979 8382160.8921, -13368890.0843 8381996.7781, -13369077.6784 8381623.7712, -13369139.3 8381450.2983, -13369164.74 8381270.9415, -13369040.9878 8381231.6496, -13368605.141 8381176.2356, -13368446.7664 8381085.7596, -13368381.0878 8381005.8375, -13368322.8831 8380832.7702, -13368334.6805 8380668.686, -13368409.6419 8380506.44129999, -13368455.5022 8380347.205, -13368500.5892 8379844.885, -13368555.5352 8379736.1847, -13368332.2043 8379430.1021, -13368215.4218 8379312.7383, -13368065.9966 8379205.5997, -13367900.2725 8379126.07769999, -13367741.3377 8379080.1338, -13367540.404 8379058.6283, -13367357.1901 8379072.7491, -13366788.1109 8379247.9297, -13366354.1714 8379202.1817, -13366211.5663 8379120.6554, -13366175.2075 8379073.2735, -13365671.5101 8379259.1026, -13366089.9885 8378656.5042, -13366103.9966 8378536.8373, -13366087.1321 8378316.7456, -13366024.9572 8378104.9817, -13365880.1087 8377856.0567, -13365821.6887 8377682.1474, -13365833.5387 8377518.1361, -13365864.3703 8377457.1979, -13365373.1739 8377509.7843, -13364617.3145 8377658.5045, -13365047.0076 8376835.0314, -13365071.1127 8376445.3389, -13364567.9532 8376381.5406, -13364311.3204 8376392.2062, -13364150.7826 8376431.9259, -13363998.4218 8376496.3098, -13363852.3664 8376589.0778, -13364013.0361 8376544.74899999, -13364176.5261 8376559.3663, -13364321.6724 8376636.1402, -13364425.9209 8376763.1431, -13364473.0671 8376920.6379, -13364455.7808 8377084.1514, -13364376.7446 8377228.2682, -13364248.2403 8377330.5862, -13364090.2403 8377375.1994, -13363927.3052 8377355.1718, -13363769.0683 8377264.6378, -13363703.4747 8377184.7131, -13363645.4115 8377011.6948, -13363661.2156 8376793.855, -13363680.2321 8376744.7677, -13363713.9608 8376716.0438, -13363704.9572 8376704.6924, -13363546.967 8376749.28989999, -13363384.047 8376729.2515, -13363225.8303 8376638.713, -13363160.2484 8376558.79029999, -13363030.8054 8376196.20709999, -13362881.5284 8375964.7518, -13362707.4364 8375801.3511, -13362433.3437 8375635.6746, -13362333.3945 8375505.2802, -13362299.2203 8375375.5348, -13362049.1738 8375261.58739999, -13361970.4089 8375172.9365, -13362003.3364 8375317.1489, -13361961.9422 8375552.0797, -13361776.7809 8375699.4069, -13361618.7994 8375743.9566, -13361455.9052 8375723.8775, -13361313.4202 8375642.2914, -13361213.4906 8375511.8812, -13361171.647 8375352.9198, -13361228.485 8374939.8111, -13361229.012 8374737.5034, -13361174.0869 8374486.2259, -13361063.3477 8374263.1136, -13360556.3794 8374478.3196, -13360361.5702 8375556.7212, -13360436.1544 8376515.4331, -13360859.1684 8376477.7037, -13361549.3493 8376548.724, -13360963.8089 8377567.4963, -13361511.5007 8378126.8822, -13362259.5677 8378519.8096, -13362691.4872 8378506.4897, -13363007.6347 8378910.5379, -13364028.2582 8379444.0798, -13364341.4558 8379507.0967, -13364849.5528 8380093.6033, -13365002.9478 8380519.0203, -13364956.1362 8380784.9373, -13363927.2382 8381231.2303, -13363991.8499 8381572.8892, -13363956.9089 8381774.8689, -13363904.6134 8381924.427, -13363845.6296 8382024.0137, -13363702.8776 8382137.6624, -13363326.5381 8382245.0547, -13363141.6584 8382326.9955, -13363004.24 8382419.3759, -13362690.948 8382686.3164, -13362540.1742 8382738.5798, -13362393.8539 8382816.0582, -13362014.1033 8383110.6039, -13361676.1057 8383209.5176, -13361478.5122 8383307.5758, -13361332.3552 8383419.3224, -13361198.3511 8383567.2687, -13361145.0194 8383740.0735, -13361121.9425 8383957.4699, -13361101.2348 8383995.1904, -13361140.9886 8383998.7259, -13361337.2015 8384119.8663, -13361432.8896 8384253.6656, -13361469.5182 8384414.1168, -13361391.7673 8384852.3699, -13361391.2094 8385071.3335, -13361451.8591 8385151.2912, -13361489.963 8385318.1998, -13361491.2601 8385424.1492, -13361624.6429 8385656.3286, -13361673.3145 8385869.5021, -13361642.0897 8386049.5587, -13361589.2965 8386138.634, -13361446.4305 8386252.305, -13361010.3693 8386365.3595, -13360793.574 8386465.9334, -13360618.1968 8386599.9973, -13360485.0762 8386752.5723, -13360383.4602 8386927.78980001, -13360317.0838 8387119.21419999, -13360260.3009 8387566.353, -13360187.9406 8387821.3749, -13360178.9545 8388060.5763, -13360200.3263 8388206.5198, -13360248.3246 8388365.3119, -13360311.3647 8388498.6239, -13360403.6196 8388636.4237, -13360601.3338 8388828.6977, -13360939.9928 8389042.5314, -13361049.1728 8389182.6701, -13361184.5214 8389307.5475, -13361506.974 8389495.6656, -13361611.3627 8389622.9262, -13361658.5384 8389780.7127, -13361641.1665 8389944.5066, -13361561.9427 8390088.8489, -13361433.178 8390191.3024, -13361607.6198 8390708.3152, -13361914.2708 8390863.6075, -13362171.4107 8390929.7849, -13362318.5092 8391007.6329, -13362422.9337 8391134.9071, -13362470.1372 8391292.72, -13362452.7806 8391456.5489, -13362373.5572 8391600.93, -13362174.0121 8391764.6636, -13362012.104 8391959.6857, -13361867.3968 8392074.8396, -13361709.0668 8392119.499, -13361545.8095 8392099.3866, -13361403.0019 8392017.6292, -13361206.73 8391555.7141, -13361075.3442 8391161.3542, -13360338.8111 8391734.12300001, -13360285.9629 8391823.2588, -13360142.968 8391936.9952, -13359738.6276 8392038.6782, -13359567.1657 8392105.7851, -13359424.88 8392190.8838, -13359182.2448 8392381.841, -13359023.891 8392426.4448, -13358860.6325 8392406.2719, -13356691.854 8390485.0898, -13356612.5265 8390629.3916, -13356976.5206 8390841.03939999, -13357080.8523 8390968.389, -13357128.7886 8391129.0767, -13357138.6334 8391350.4744, -13357118.2718 8391541.3489, -13357041.0058 8391704.1143, -13356988.7471 8391913.9682, -13357024.1108 8392099.2945, -13357130.128 8392334.2573, -13357289.7516 8392536.5523, -13357510.0465 8392704.5714, -13357679.3641 8392911.209, -13357735.3299 8393043.2509, -13357911.9502 8393088.9293, -13358082.6987 8393194.4444, -13358178.4508 8393328.449, -13358215.059 8393489.1138, -13358202.7205 8393564.5996, -13358436.6596 8393818.5532, -13358533.3653 8394032.5344, -13358634.5512 8394186.6375, -13358788.8888 8394344.868, -13358979.1948 8394470.9434, -13359095.5199 8394612.93110001, -13359172.8932 8394759.8017, -13359287.3375 8394912.0229, -13359334.5006 8395069.9381, -13359317.0673 8395233.84529999, -13359237.2805 8395379.11029999, -13359076.9708 8395530.7638, -13358860.3617 8395695.9814, -13358699.4638 8395897.4096, -13358603.7898 8396096.8488, -13358545.0107 8396330.21589999, -13358291.5358 8396808.6959, -13358246.7892 8396949.4108, -13358220.6554 8397107.6152, -13358141.2899 8397252.0642, -13358012.3534 8397354.5613, -13357853.8852 8397399.1728, -13357690.5189 8397378.9629, -13357270.3074 8397150.283, -13357111.8717 8397101.2274, -13356925.8681 8397069.7716, -13356716.6787 8396949.83959999, -13356622.2663 8396865.7833, -13356621.149 8396893.0324, -13356629.0336 8396976.2024, -13356704.2575 8397129.8789, -13357213.0882 8397844.3264, -13357298.7625 8397996.9014, -13357364.1147 8398159.8813, -13357401.3815 8398336.8393, -13357407.1665 8398614.1, -13357359.0761 8398886.7063, -13357251.3826 8399172.641, -13357385.0701 8399252.1289, -13357512.752 8399125.7748, -13357648.0369 8398906.1306, -13357714.582 8398714.4203, -13357745.1371 8398494.7242, -13357819.711 8398347.7052, -13357945.2138 8398240.9822, -13358102.1392 8398191.1388, -13358266.103 8398205.9192, -13358411.6233 8398283.0261, -13358702.2975 8398621.63409999, -13358832.7087 8398724.2978, -13359115.9148 8398900.0044, -13359211.762 8399034.0965, -13359260.4621 8399247.6718, -13359248.3356 8399458.86509999, -13359265.485 8399642.647, -13359387.263 8400017.3007, -13359361.5707 8400288.6625, -13359372.3112 8400472.9524, -13359510.7173 8400975.1569, -13359488.2323 8401216.4069, -13359498.9779 8401400.7197, -13359630.9923 8401881.4968, -13359613.5533 8402045.5562, -13359534.1648 8402190.1175, -13359405.1633 8402292.7094, -13359246.5992 8402337.3833, -13359072.5162 8402324.6982, -13358888.9734 8402341.8778, -13358452.8468 8402459.88359999, -13358289.3664 8402439.676, -13358146.3898 8402357.7449, -13358046.1404 8402226.827, -13357990.4273 8402014.8865, -13358009.463 8401794.3343, -13357995.5441 8401610.224, -13357868.2804 8401111.6736, -13357780.7426 8400908.3552, -13357714.5472 8400814.152, -13357769.6941 8401017.5633, -13357752.2151 8401181.6, -13357672.7984 8401326.125, -13357543.7851 8401428.6724, -13357385.2268 8401473.3007, -13357221.7708 8401453.0714, -13357063.087 8401362.1079, -13356997.3433 8401281.8658, -13356939.2323 8401108.2301, -13356951.425 8400942.0776, -13357020.6947 8400744.5894, -13357050.223 8400525.1639, -13357033.5623 8400304.3903, -13356966.0075 8400068.3863, -13356978.0789 8399903.88579999, -13357052.682 8399756.8456, -13357178.2196 8399650.1145, -13357237.6941 8399631.2309, -13357230.6635 8399604.4726, -13357246.5742 8399559.7968, -13357105.9006 8399476.2358, -13356932.0571 8399789.5604, -13356885.1021 8399840.3354, -13352602.2435 8399837.6887, -13352644.8736 8399973.79249999, -13352735.0304 8400134.7936, -13352838.9629 8400264.3251, -13352961.8489 8400375.97569999, -13353100.6618 8400466.9943, -13353251.9833 8400535.1383, -13353398.2402 8400575.987, -13353591.789 8400678.7044, -13353696.2071 8400806.27, -13353743.2919 8400964.3488, -13353697.431 8401436.9207, -13353730.1032 8401711.4932, -13353776.4213 8401851.80259999, -13353841.7856 8401984.2912, -13354047.0464 8402255.2934, -13354109.6152 8402465.3158, -13354092.0518 8402629.3781, -13354012.5474 8402773.8939, -13353788.4352 8402953.5735, -13353684.6398 8403058.6294, -13353577.0465 8403208.596, -13353503.7588 8403357.7621, -13353450.7638 8403534.6526, -13353429.9478 8403699.5994, -13353437.3327 8403884.1441, -13353478.5283 8404071.346, -13353460.9478 8404235.4427, -13353378.1039 8404385.9996, -13353211.9294 8404579.9532, -13353123.3559 8404741.9649, -13353056.0878 8404953.0086, -13353015.72 8405282.5826, -13352910.0452 8405474.6051, -13352648.9368 8405658.9019, -13352490.2563 8405703.4526, -13352134.6261 8405676.639, -13351828.9811 8405736.8796, -13351665.4421 8405716.5168, -13351506.7312 8405625.3813, -13351441.0075 8405545.0423, -13351382.9901 8405371.2599, -13351395.1924 8405206.6474, -13351469.9596 8405059.5543, -13351655.4835 8404896.7733, -13351773.3223 8404754.6866, -13351970.707 8404387.5443, -13352044.4988 8404210.956, -13352182.8902 8404059.7815, -13352278.6047 8403923.9392, -13352371.0569 8403722.71769999, -13352419.0355 8403512.0574, -13352495.2541 8403362.05919999, -13352625.6249 8403251.3556, -13352820.4312 8403150.4853, -13352978.4595 8403023.2538, -13353119.7204 8402852.8646, -13353229.1992 8402639.5454, -13353275.5169 8402479.9151, -13353329.3311 8402156.7478, -13353332.823 8401990.5598, -13353310.3187 8401825.8742, -13353255.5222 8401649.5799, -13353170.9998 8401485.4982, -13353036.3131 8401309.2539, -13352917.3755 8401193.3626, -13352717.0761 8401062.02, -13352492.4197 8400979.1718, -13352347.0171 8400954.24189999, -13352145.4797 8400953.3858, -13351883.4935 8400920.7703, -13351686.5475 8400835.8159, -13351544.5499 8400795.7832, -13350955.5555 8400723.5912, -13350725.4584 8400741.9376, -13350378.4597 8400716.0965, -13350232.1322 8400734.7962, -13350056.6463 8400780.8046, -13349850.9721 8400756.98480001, -13349685.0692 8400759.2075, -13349366.2163 8400830.6208, -13349182.2956 8400853.993, -13348912.2182 8400927.7751, -13348465.6654 8400875.07769999, -13348318.1832 8400878.3156, -13348156.4239 8400905.527, -13347802.2294 8400870.049, -13347618.6897 8400886.94309999, -13347423.7922 8400936.6905, -13347117.9265 8400909.7764, -13346952.8368 8400926.41359999, -13346763.631 8400974.549, -13346600.2092 8400954.0836, -13346441.6622 8400862.8931, -13346376.0368 8400782.5587, -13346301.6281 8400566.47, -13346217.2717 8400402.3282, -13346105.7465 8400255.3545, -13345970.4413 8400130.0123, -13345815.4673 8400030.1079, -13345645.5321 8399958.6747, -13345502.2692 8399923.5154, -13345224.2434 8399887.5206, -13345120.3644 8399827.7474, -13345269.7196 8399827.924, -13345351.026 8399576.6914, -13345539.3661 8399125.4548, -13345624.1262 8398844.5364, -13345665.2278 8398655.9886, -13345691.1672 8398373.2969, -13345669.2028 8398102.7525, -13345612.9929 8397881.35059999, -13345473.7335 8397991.6672, -13345202.8384 8398049.5551, -13344820.9802 8398156.01739999, -13344655.6181 8398135.2628, -13344451.7553 8398053.846, -13344205.6459 8398010.8574, -13343873.5857 8397821.5076, -13343702.5005 8397753.0294, -13343522.1455 8397715.346, -13343337.9984 8397709.6017, -13342794.0914 8397792.8949, -13342621.1958 8397856.65209999, -13342454.1266 8397955.1632, -13342292.7707 8398000.2191, -13342129.4255 8397979.6605, -13341986.7086 8397897.4576, -13341886.5956 8397766.1167, -13341803.1054 8397492.0149, -13341684.5368 8397283.8175, -13341563.1846 8397144.9747, -13341405.6227 8397020.1444, -13341351.2239 8396944.8513, -13341251.2377 8396727.1132, -13341142.4447 8396578.2089, -13341009.4958 8396450.4904, -13340842.3511 8396339.4962, -13340742.4881 8396208.4397, -13340700.9558 8396048.9081, -13340724.2057 8395885.69879999, -13340808.6206 8395744.1753, -13340941.0777 8395646.3315, -13341153.4998 8395594.5752, -13341217.5892 8395604.8172, -13341354.2462 8395684.9547, -13341490.1453 8395742.1769, -13341760.6447 8395796.31, -13341999.6145 8395785.0053, -13342390.6384 8395673.2571, -13342455.265 8395679.2235, -13342648.2899 8395782.0358, -13342754.9482 8395912.7392, -13342846.8233 8396106.7303, -13342967.9148 8396269.3901, -13343088.6211 8396383.2783, -13343235.6336 8396482.46809999, -13343567.5626 8396884.1282, -13343789.9601 8397047.6626, -13343941.129 8397115.9708, -13344083.0174 8397156.1333, -13344353.346 8397177.0714, -13344723.4527 8397249.4587, -13344944.2307 8397240.8579, -13345121.1604 8397191.9054, -13344908.3034 8397087.2529, -13344598.3099 8396860.6207, -13344601.5196 8396688.1191, -13344531.4555 8396437.2597, -13344594.8855 8396418.8678, -13345169.4229 8396522.0008, -13345482.1776 8396187.191, -13345341.9739 8396226.4024, -13345178.6613 8396205.9158, -13344973.5239 8396092.7128, -13344800.1894 8396030.29689999, -13344329.2178 8395968.0546, -13344025.8603 8395802.8132, -13343868.4189 8395750.7176, -13343711.5312 8395724.1649, -13343541.8003 8395626.2813, -13343480.7738 8395551.5137, -13343413.5737 8395324.5653, -13343326.2192 8395313.5841, -13343167.8341 8395222.3886, -13342964.6303 8394946.1489, -13342836.2094 8394813.9217, -13342536.6491 8394619.4065, -13342437.1178 8394497.4286, -13342359.2829 8394330.9911, -13342158.0416 8394305.5911, -13341911.5925 8394309.5246, -13341786.5104 8394293.774, -13341079.4992 8394448.7661, -13340811.1066 8394471.646, -13340392.4202 8394586.5454, -13339668.2683 8394485.1945, -13338646.5571 8394425.9619, -13338543.6417 8394495.8179, -13338358.2791 8394544.7136, -13338242.8906 8394624.6748, -13338113.9814 8394749.6075, -13337908.6813 8394911.89370001, -13337828.7116 8394939.9937, -13337737.8565 8394928.5019, -13337677.201 8394972.6586, -13337174.7544 8394919.6484, -13336948.2725 8394924.9019, -13336713.4897 8394895.17499999, -13336555.1922 8394803.8398, -13336440.2031 8394662.6836, -13336299.768 8394447.5866, -13336110.9526 8394272.1972, -13335985.7434 8394194.3063, -13335850.9329 8394134.62659999, -13335581.5212 8394075.5668, -13335306.0294 8394088.3555, -13334868.209 8394207.5237, -13334637.0589 8394321.195, -13334265.5323 8394609.2413, -13334106.9673 8394653.3256, -13333943.715 8394632.5919, -13333796.78 8394547.7387, -13333724.3588 8394662.851, -13333580.8876 8394776.1241, -13333249.9286 8394875.9581, -13333022.0899 8394846.9457, -13332758.852 8394764.43330001, -13332520.0553 8394750.3547, -13332284.2153 8394790.4379, -13332053.5093 8394888.2735, -13331686.7466 8394980.3993, -13331523.4921 8394959.61069999, -13331356.78 8394872.6466, -13331181.5022 8394816.0091, -13330707.4799 8394750.4549, -13330352.612 8394564.2643, -13330174.6285 8394516.87039999, -13329816.8803 8394470.1099, -13329658.6741 8394378.6291, -13329559.3556 8394256.4758, -13329434.6417 8394029.60320001, -13329345.7524 8394152.6555, -13329244.2522 8394335.0372, -13329429.2011 8394491.666, -13329550.529 8394549.3554, -13329789.5105 8394591.09839999, -13330053.5963 8394571.1205, -13330231.7715 8394587.8705, -13330609.0444 8394788.7021, -13330735.6119 8394967.2354, -13330771.6334 8395128.0866, -13330739.6158 8395308.255, -13330686.3798 8395397.2295, -13330541.0712 8395511.85629999, -13330365.4866 8395586.2525, -13330211.2089 8395687.0464, -13330076.7437 8395813.14370001, -13329972.6872 8395950.4344, -13329839.2866 8396055.6472, -13329680.6619 8396099.6459, -13329517.3876 8396078.81009999, -13329349.2978 8395981.6061, -13329165.2255 8395830.3401, -13329002.4324 8395744.01519999, -13328791.059 8395679.6976, -13328552.521 8395661.3162, -13328351.7401 8395688.1484, -13328142.9871 8395760.5478, -13327983.6218 8395853.07020001, -13327650.6374 8396113.5634, -13327491.9972 8396157.5155, -13327328.7267 8396136.6307, -13326946.1732 8395926.6032, -13326812.9533 8395762.6316, -13326740.4634 8395552.9719, -13326690.4844 8395666.98439999, -13326622.1572 8395742.8418, -13326517.5568 8395823.16170001, -13326413.629 8395857.1866, -13326343.7115 8395862.2217, -13326289.1573 8395847.9406, -13326181.2505 8395708.3327, -13326094.497 8395672.577, -13325952.5182 8395688.9052, -13325595.2306 8395801.9556, -13325529.952 8395807.3777, -13325492.3943 8395793.1504, -13325473.5983 8395752.44, -13325476.1312 8395660.398, -13325491.8529 8395602.6657, -13325522.8057 8395568.1117, -13325605.4943 8395538.5845, -13325840.545 8395517.9492, -13325922.9858 8395496.3225, -13326118.0959 8395385.4714, -13326238.7752 8395259.5353, -13326294.1409 8395147.4636, -13326298.7219 8395008.7282, -13326265.0532 8394947.3841, -13326156.3994 8394872.20449999, -13325991.0692 8394835.9954, -13325633.4279 8394825.3887, -13325463.6349 8394878.086, -13325298.1815 8394856.8749, -13325148.9824 8394792.3725, -13325006.5503 8394754.3376, -13324731.2224 8394737.813, -13324567.277 8394762.5596, -13324227.7353 8394862.8632, -13324311.4482 8394991.6597, -13324451.0442 8395138.6648, -13324629.517 8395263.87799999, -13324733.6381 8395392.1128, -13324788.1438 8395577.7847, -13324828.8154 8395834.9489, -13324935.7289 8396082.4535, -13324990.5013 8396269.0137, -13324972.2995 8396432.883, -13324892.281 8396576.9735, -13324762.8802 8396678.8872, -13324604.2097 8396722.7809, -13324337.3125 8396690.3765, -13324219.5848 8396692.5726, -13324272.5284 8396858.7926, -13324254.3095 8397022.6736, -13324174.2706 8397166.7683, -13324044.8496 8397268.6779, -13323886.1614 8397312.56, -13323722.8735 8397291.5922, -13323431.1528 8397123.4108, -13323254.5513 8397044.501, -13323058.353 8396993.888, -13322874.5586 8396981.1971, -13322709.4898 8396997.2795, -13322548.9634 8397039.0264, -13322396.9305 8397105.41089999, -13322257.1332 8397194.7997, -13322039.7926 8397423.9838, -13322269.208 8397720.0304, -13322315.6015 8397878.2605, -13322297.3369 8398042.1603, -13322217.2486 8398186.25469999, -13322087.7821 8398288.145, -13321860.6402 8398351.6586, -13321848.7348 8398458.4351, -13321766.029 8398607.2177, -13321647.2319 8398732.0234, -13321555.6812 8398868.2196, -13322709.9789 8399455.1437, -13323146.3513 8398023.7691, -13323768.1799 8397918.4524, -13324850.6528 8398306.4602, -13325609.8517 8397992.607, -13326872.9196 8397975.7746, -13327157.1927 8398206.2928, -13327321.9455 8397734.4116, -13327594.6782 8398025.9951, -13327157.1925 8398854.066, -13326893.3653 8398533.5114, -13326406.8993 8398451.149, -13325872.5656 8398419.9851, -13325637.9506 8398583.857, -13324642.4854 8398480.087, -13324231.7164 8398473.409, -13323677.3454 8398967.5991, -13323458.0459 8399684.4567, -13323608.3272 8400209.8997, -13324631.3534 8400321.227, -13325000.934 8400419.1966, -13325531.928 8400109.7063, -13325822.4719 8399893.7388, -13325946.0366 8399904.8709, -13327115.0142 8400304.10880001, -13328153.502 8401692.9196, -13328499.7057 8401695.1465, -13328700.0807 8401285.3933, -13328921.6066 8401176.2782, -13328961.6816 8400882.34309999, -13329558.8464 8401016.41139999, -13330374.3259 8401044.8967, -13330437.1488 8400550.7317, -13329410.299 8400056.2704, -13329881.1805 8400078.53540001, -13330219.5919 8399938.2676, -13330192.8751 8399492.9911, -13330099.3668 8399361.6396, -13329952.425 8398874.1012, -13330010.3112 8398008.1881, -13330060.405 8397861.2823, -13330304.1946 8398046.0279, -13330283.044 8398402.1771, -13330316.4398 8398644.8135, -13330332.0244 8398929.7546, -13330618.1155 8399272.5891, -13330594.7386 8399631.0238, -13330847.4338 8399590.9495, -13330975.4511 8398985.4084, -13331133.6884 8399412.1285, -13331140.7035 8399568.5162, -13331226.7899 8399647.1118, -13331370.6353 8399664.4193, -13331525.3695 8399236.9691, -13331796.9889 8398584.7102, -13331999.5905 8399098.9436, -13332055.2502 8399419.523, -13332381.4164 8399139.01519999, -13332557.3011 8399232.5167, -13332435.9629 8398014.8656, -13332995.8999 8398406.629, -13333265.293 8398460.053, -13333128.3702 8398805.0916, -13333120.5777 8399221.3855, -13333408.8952 8399243.6478, -13333307.5945 8399628.7976, -13333399.9897 8400013.9674, -13334054.5482 8400020.6469, -13334332.847 8400361.3054, -13334755.861 8400641.8595, -13334755.8611 8400795.5008, -13334594.4477 8400730.9267, -13334198.2963 8400504.09749999, -13333844.1545 8400501.5812, -13333297.5758 8400256.657, -13333276.425 8400777.68729999, -13333611.4967 8400844.4886, -13333768.4572 8401051.577, -13334351.7713 8401231.9488, -13334378.488 8401447.9558, -13334301.6776 8401612.7486, -13334911.7084 8402392.2248, -13335044.1785 8405080.9368, -13334834.8979 8406079.15119999, -13334671.2582 8408167.3716, -13335489.4565 8408423.7042, -13336573.7083 8408793.7304, -13336199.6749 8409145.9414, -13336462.3889 8409805.825, -13335613.0212 8409986.4113, -13335297.987 8410619.6141, -13337383.0011 8410929.5464, -13337972.9943 8410980.8315, -13338412.7064 8411038.80619999, -13338940.3606 8411043.266, -13339443.5247 8411148.0677, -13340054.6688 8411629.72950001, -13339332.2054 8412162.71599999, -13340571.1913 8412512.858, -13341279.1832 8413396.0924, -13341271.3909 8413788.675, -13346241.806 8414029.5884, -13344687.7861 8414542.6709, -13340645.7754 8416262.8738), (-13315849.1482 8395865.4151, -13316156.0971 8395231.47510001, -13315332.3414 8394416.8358, -13314766.6774 8394684.0109, -13314386.0003 8394469.3697, -13314226.7331 8395171.0291, -13314396.4459 8395495.55619999, -13314495.0562 8395629.0938, -13314686.4422 8395801.7624, -13314931.1284 8395929.3912, -13315208.1914 8396001.5118, -13315468.0154 8395996.357, -13315825.9732 8395906.1317, -13315849.1482 8395865.4151), (-13356574.3761 8380185.4262, -13356778.5169 8380057.66269999, -13356965.3247 8380094.8573, -13357187.0868 8380055.3633, -13357442.0598 8380094.3802, -13357474.6626 8379969.2219, -13357550.1454 8379793.066, -13357976.868 8379468.0386, -13358455.2037 8379547.2541, -13358486.8545 8379311.8477, -13358485.9191 8379149.1752, -13358187.4525 8379178.7719, -13357601.464 8379121.3822, -13357439.0315 8379151.2299, -13357254.7792 8379263.4529, -13357159.2668 8379344.3892, -13357000.8458 8379566.9748, -13356917.1883 8379591.0523, -13356783.762 8379847.48179999, -13356632.4401 8379245.0103, -13356346.0421 8379122.0197, -13355862.4565 8379116.0873, -13355734.6666 8379032.338, -13355786.6208 8378971.8146, -13355990.4897 8378902.6532, -13356227.845 8378978.1213, -13356488.4236 8378986.735, -13356558.376 8378950.1117, -13356479.8597 8378637.4698, -13354250.1303 8377472.0498, -13356170.3914 8377427.6564, -13356603.4244 8376604.209, -13355068.3286 8376076.0081, -13356461.2223 8375944.4822, -13356515.8605 8375795.1669, -13356261.2976 8375492.89370001, -13356337.2455 8375317.4799, -13356840.0233 8375127.6708, -13357046.9254 8375388.8623, -13357162.4372 8375846.8527, -13357777.8449 8376169.2171, -13358046.1249 8375794.1684, -13358680.6461 8375723.1553, -13358766.7815 8375466.2882, -13358513.1226 8375396.2847, -13358163.5399 8375363.5332, -13358045.1592 8375457.6262, -13357887.1583 8375502.0946, -13357724.2782 8375481.933, -13357566.1553 8375391.2856, -13357500.6445 8375311.3235, -13357449.204 8375157.6079, -13357380.2877 8375149.0735, -13357237.8571 8375067.4133, -13357138.0062 8374936.9558, -13357096.2535 8374777.9811, -13357119.0846 8374615.2003, -13357202.9477 8374473.9097, -13357369.5362 8374334.87169999, -13357531.3945 8374122.8515, -13357659.8306 8374013.6599, -13357816.2471 8373963.99859999, -13357979.6709 8373978.7504, -13358124.7042 8374055.6228, -13358171.5964 8374112.8499, -13358262.9678 8374019.6605, -13358443.3016 8373926.4253, -13358490.0016 8373858.3652, -13358218.6701 8373400.0756, -13357586.3754 8372918.6884, -13357155.5689 8373741.7243, -13356410.8417 8373351.2699, -13356516.5952 8372246.5735, -13357396.019 8372080.2178, -13357274.681 8371703.1591, -13357351.4913 8371201.9225, -13356958.5334 8370485.6124, -13357515.1309 8369547.6398, -13358134.0673 8370053.199, -13358997.9065 8369403.5175, -13358878.7947 8370445.6963, -13359131.4899 8370964.6231, -13358953.3787 8371924.9559, -13360432.8149 8371791.8769, -13360493.5044 8371911.9099, -13360555.2896 8371896.6875, -13360717.5943 8371922.1987, -13360958.8678 8372029.0777, -13361230.3088 8372072.87799999, -13361449.8533 8372056.1462, -13361780.8482 8371976.5406, -13361862.5879 8371989.375, -13362281.8315 8371188.6157, -13362869.5984 8370514.441, -13363274.8014 8369962.2845, -13363144.5576 8369540.988, -13363180.1798 8368660.778, -13361660.6688 8368762.7617, -13359738.1811 8368798.2346, -13358868.7759 8367842.7423, -13357784.5242 8367439.3002, -13356762.6112 8367228.721, -13352909.8437 8367299.6522, -13349295.1926 8366540.2847, -13346682.6314 8366437.4404, -13344439.5436 8365761.4836, -13344010.9635 8367188.8226, -13344889.2743 8367989.0509, -13345636.2281 8368596.4845, -13346036.9783 8368578.7486, -13347073.3628 8368977.8189, -13345599.8678 8369182.409, -13345655.5485 8369790.71500001, -13345724.8201 8369786.9198, -13345972.5492 8369723.1333, -13346135.8612 8369738.1429, -13346280.6923 8369815.21, -13346384.5371 8369942.3615, -13346475.2291 8370244.0072, -13346565.3468 8370437.1834, -13346620.5251 8370623.1637, -13346531.0309 8371222.2942, -13346464.8119 8371404.1374, -13346433.6747 8371585.3648, -13346440.8932 8371824.1121, -13346509.2885 8372093.5908, -13346491.6116 8372256.96459999, -13346412.2691 8372400.8014, -13346283.5903 8372502.7425, -13346125.5756 8372546.9404, -13345962.7862 8372526.5236, -13345702.7188 8372408.5664, -13345559.4049 8372376.0264, -13345412.965 8372363.77929999, -13345193.6801 8372383.8703, -13344868.7074 8372471.52939999, -13344600.8927 8372446.6736, -13344381.9857 8372470.5712, -13344224.3069 8372519.519, -13345043.1846 8372557.3398, -13345382.2303 8372680.96779999, -13345410.8571 8372816.3344, -13345099.256 8373168.9065, -13344323.2321 8373512.1715, -13343942.2611 8373705.2501, -13343985.2327 8373983.264, -13344711.3524 8374573.2149, -13346116.0152 8375345.9103, -13346643.6694 8375587.7887, -13347392.8497 8375980.58079999, -13349327.5824 8375940.6349, -13350510.9086 8375510.12039999, -13351258.9756 8375902.9084, -13352005.9293 8375836.3326, -13353071.2569 8377902.6787, -13353103.7792 8378082.096, -13353321.2654 8378091.0694, -13353466.3344 8378168.0758, -13353497.1613 8378204.8864, -13353619.4139 8378193.5447, -13353811.5401 8378141.8244, -13354034.7853 8378162.0947, -13354179.8628 8378239.08749999, -13354283.9635 8378366.2656, -13354330.9056 8378523.8648, -13354313.3908 8378687.3955, -13354234.1371 8378831.4398, -13354105.4602 8378933.6066, -13354008.3023 8378960.7184, -13353992.1379 8379053.345, -13354115.7122 8379089.8796, -13354297.9656 8379100.8247, -13354552.1383 8379191.52929999, -13354642.7955 8379193.7542, -13354758.3225 8379169.9358, -13354833.0304 8378989.9529, -13354860.8013 8378795.4171, -13354922.5808 8378677.5622, -13355012.9621 8378639.6213, -13355110.5586 8378810.55439999, -13355134.3518 8379213.8684, -13355073.9292 8379320.7685, -13354899.0813 8379385.0801, -13354816.0933 8379447.0973, -13354789.3762 8379488.9088, -13354786.4305 8379546.9536, -13354826.354 8379667.68649999, -13354930.718 8379782.0944, -13355004.8534 8379817.0553, -13355237.5838 8379866.9307, -13355294.2359 8379918.8832, -13355298.656 8379993.0272, -13355280.7893 8380067.8972, -13355147.3151 8380206.8818, -13355158.6428 8380392.4206, -13355126.1757 8380426.392, -13355000.9263 8380497.0766, -13354975.7573 8380563.7547, -13354977.1556 8380584.8162, -13355100.5175 8380650.26299999, -13355204.6688 8380777.4683, -13355288.4544 8381052.4127, -13355346.6273 8381064.3548, -13355929.9414 8381499.63549999, -13356904.2232 8381352.1404, -13356884.6935 8381141.5831, -13356747.0184 8380662.803, -13356528.0217 8380360.9385, -13356574.3761 8380185.4262), (-13357311.4163 8364363.2253, -13358080.4336 8366205.7115, -13358469.139 8366087.2649, -13359025.925 8366279.3377, -13359394.5229 8366842.2935, -13359520.0305 8367367.3566, -13360357.1176 8367696.4366, -13361786.1492 8367895.8127, -13361506.4038 8367257.0623, -13361740.628 8366865.9544, -13361971.2014 8366533.884, -13361827.9874 8366451.8874, -13361762.5132 8366372.059, -13361704.5864 8366199.2746, -13361716.5161 8366035.5225, -13361790.6987 8365889.1175, -13361915.6024 8365782.8098, -13362146.8222 8365721.6944, -13362039.1551 8365621.8675, -13361380.1438 8365411.3402, -13361010.8858 8365244.5687, -13360705.5827 8365296.4914, -13360469.5982 8365050.1286, -13360352.3982 8364732.5457, -13360434.8404 8364182.1457, -13360945.2206 8364158.8541, -13361172.8257 8364166.1111, -13361238.7679 8363849.1938, -13361579.4056 8363468.1246, -13360835.7914 8363073.7829, -13359068.0379 8362783.5787, -13357788.9768 8363827.0381, -13358056.1437 8364755.42, -13357311.4163 8364363.2253)), ((-13375472.8351 8371077.2756, -13375284.7773 8370575.086, -13375209.0276 8370489.5825, -13375150.7536 8370316.81719999, -13375162.3882 8370152.9599, -13375236.3394 8370006.3436, -13375361.1113 8369899.7515, -13375570.6562 8369822.59, -13375740.5312 8369720.9004, -13375899.8248 8369681.3036, -13376061.8745 8369706.4294, -13376143.7307 8369719.9634, -13376288.8592 8369796.4304, -13376357.1979 8369878.6219, -13376514.0959 8369942.22290001, -13376675.6775 8369976.7175, -13377023.1108 8370008.2102, -13377168.2533 8370084.6623, -13377272.6227 8370211.3671, -13377319.9953 8370368.6338, -13377303.0062 8370532.0247, -13377224.2915 8370676.1435, -13377096.0832 8370778.5877, -13376845.1646 8370849.9038, -13376605.4972 8370878.0901, -13376438.2915 8370938.8508, -13376291.025 8371013.9091, -13376017.3559 8371222.1617, -13375859.5638 8371266.9857, -13375696.7391 8371247.2328, -13375538.4975 8371157.0273, -13375472.8351 8371077.2756)), ((-13247351.5828 8382552.8595, -13247499.7369 8382503.3665, -13247661.6705 8382519.5273, -13247812.8644 8382597.3269, -13247918.4607 8382727.0195, -13247957.7701 8382881.4587, -13247940.654 8383055.36, -13247860.2722 8383191.5946, -13247722.0276 8383298.5376, -13247568.7607 8383336.5554, -13247396.7788 8383311.5491, -13247243.8673 8383219.4508, -13247175.9409 8383134.2686, -13247124.4477 8382961.3542, -13247145.4434 8382795.6822, -13247215.4967 8382653.7272, -13247351.5828 8382552.8595)), ((-13238916.8091 8386243.8965, -13238527.6185 8386027.9759, -13238359.6613 8385972.8791, -13238147.683 8385939.4245, -13237975.7971 8385843.7803, -13237929.44 8385768.847, -13237866.1506 8385583.8219, -13237879.8275 8385426.6492, -13237944.9348 8385305.1755, -13237927.1413 8385253.1254, -13237946.6817 8385035.2606, -13238048.7613 8384841.8963, -13238233.528 8384616.06059999, -13238438.7658 8384232.055, -13238565.7884 8384127.553, -13238723.2583 8384080.3467, -13238886.7069 8384097.7704, -13239030.7325 8384177.1165, -13239216.8158 8384391.1509, -13239426.3425 8384544.4225, -13239519.8453 8384679.84969999, -13239561.2907 8384876.3231, -13239550.1839 8385039.2239, -13239569.9916 8385219.7572, -13239701.9993 8385292.4659, -13239865.5561 8385498.7344, -13239828.7242 8385743.3847, -13239747.1397 8385886.36460001, -13239616.7235 8385986.6474, -13239429.8543 8386024.7349, -13239371.2223 8386125.1546, -13239227.3065 8386229.0609, -13239074.322 8386263.8059, -13238916.8091 8386243.8965)), ((-13245157.6672 8400333.1345, -13245312.6056 8400293.6334, -13245472.3536 8400319.335, -13245621.4787 8400403.8405, -13245713.8416 8400542.5351, -13245748.7884 8400709.4679, -13245715.0099 8400888.9459, -13245663.6673 8400969.5748, -13245521.9694 8401086.4721, -13245355.4036 8401129.67409999, -13245187.5253 8401104.7729, -13245046.6642 8401017.8425, -13244951.6084 8400890.1877, -13244911.5875 8400725.9736, -13244940.1436 8400567.0147, -13245019.6217 8400429.3416, -13245157.6672 8400333.1345)), ((-13326486.7553 8396910.99409999, -13326640.7908 8396875.5573, -13326803.3829 8396901.3853, -13326949.5822 8396986.2426, -13327047.1065 8397115.9842, -13327084.095 8397282.5163, -13327047.144 8397463.5355, -13326998.7987 8397552.0744, -13326856.3598 8397661.7337, -13326698.6733 8397706.703, -13326534.185 8397686.32999999, -13326382.0614 8397605.1473, -13326287.5614 8397472.8449, -13326249.9714 8397313.2846, -13326270.3327 8397146.2612, -13326358.2786 8397005.0011, -13326486.7553 8396910.99409999)), ((-13313476.101 8399986.1135, -13313114.4203 8399956.5865, -13312994.7639 8399969.7391, -13313045.3728 8399453.9615, -13313120.8582 8399307.35849999, -13313247.0405 8399201.3723, -13313404.3092 8399152.4714, -13313568.2256 8399168.2537, -13313713.3157 8399246.2665, -13313817.0341 8399374.38979999, -13313863.2585 8399532.7122, -13313844.802 8399696.6321, -13313764.529 8399840.6707, -13313634.9136 8399942.4379, -13313476.101 8399986.1135)), ((-13339395.9735 8398361.4818, -13339555.9569 8398322.537, -13339718.5341 8398348.5524, -13339860.6661 8398436.8677, -13339953.9387 8398569.8299, -13339990.18 8398730.7084, -13339958.3755 8398910.9997, -13339905.2274 8399000.0825, -13339593.2904 8399247.5278, -13339475.3473 8399364.3827, -13339377.1021 8399498.2813, -13339210.6063 8399794.8982, -13339018.052 8399984.7554, -13338855.6123 8400113.1988, -13338696.9595 8400157.4173, -13338533.5744 8400136.7736, -13338390.854 8400054.47689999, -13338290.9818 8399923.3213, -13338249.4795 8399763.69479999, -13338272.7936 8399600.4096, -13338357.4216 8399458.6271, -13338551.8472 8399266.5512, -13338832.3358 8399057.9243, -13338952.3022 8398943.1641, -13339052.8658 8398811.0191, -13339263.4469 8398459.3357, -13339395.9735 8398361.4818)), ((-13324367.1599 8401272.59619999, -13324537.1456 8401231.1528, -13324656.9003 8401241.9191, -13324824.4175 8401319.10849999, -13324938.5731 8401453.6328, -13324982.8746 8401619.70229999, -13324959.8001 8402001.2543, -13325059.2568 8402453.2774, -13325019.9162 8402655.0853, -13324972.8658 8402731.9154, -13324817.2554 8402853.0297, -13324653.273 8402886.9257, -13324382.4863 8402854.4713, -13324094.8337 8402709.7086, -13323990.0862 8402559.783, -13323968.3275 8402411.9234, -13323983.5934 8402270.1004, -13324074.2861 8402094.54119999, -13324114.4535 8401944.1583, -13324156.3892 8401531.8872, -13324242.0313 8401382.9059, -13324367.1599 8401272.59619999)), ((-13337769.2797 8401971.2975, -13337987.4659 8401808.7235, -13338374.8577 8401799.8154, -13340269.5814 8400947.714, -13340426.6928 8400898.2262, -13340590.6907 8400913.4062, -13340926.0017 8401091.21029999, -13341097.2044 8401156.4569, -13341283.7649 8401255.86599999, -13341387.9822 8401383.6214, -13341434.8086 8401541.79779999, -13341416.9638 8401705.8159, -13341337.2169 8401850.18199999, -13341207.9601 8401952.4551, -13341049.2837 8401996.7361, -13340885.8517 8401976.1406, -13340584.3808 8401804.225, -13340286.7599 8401681.5086, -13339406.7894 8401906.7129, -13338512.8939 8402361.0441, -13337769.2797 8401971.2975)), ((-13335331.3275 8405555.7494, -13335492.7219 8405517.5044, -13335648.7403 8405540.8627, -13335797.2667 8405632.0056, -13335889.9033 8405765.9596, -13335926.458 8405926.7936, -13335898.4805 8406102.6184, -13335844.0365 8406201.2818, -13335705.6281 8406302.0699, -13335538.1348 8406355.7057, -13335375.8262 8406331.78689999, -13335229.6013 8406250.3836, -13335129.1272 8406115.7177, -13335091.7604 8405964.35419999, -13335114.2223 8405797.5972, -13335199.0599 8405658.6542, -13335331.3275 8405555.7494)), ((-13325091.8567 8411727.72469999, -13325149.7584 8411714.9169, -13325312.5891 8411741.2934, -13325452.5918 8411828.6578, -13325548.0089 8411963.435, -13325584.0094 8412124.6826, -13325551.7998 8412305.2484, -13325498.3819 8412394.3945, -13325354.4408 8412507.7898, -13325195.4345 8412551.7985, -13325031.8043 8412530.8246, -13324888.9852 8412448.1289, -13324789.1758 8412316.5669, -13324708.5948 8412032.2461, -13324607.8308 8411834.773, -13325091.8567 8411727.72469999)))"
66,21175,1771,2023-10-15 06:33:14,HWF109, ,117884.2,2023-09-24,1630,0 - hand sketch of any type,Wildfire,Being Held,2023/08/27 17:00:00,E,45061.0,1688499300000,Lightning,5,2125c3a8-419b-4217-b982-f8c3df39f7f5,4570504994.78906,651474.658275144,"MULTIPOLYGON (((-12732867.8411 8349219.4683, -12732650.0298 8349190.6065, -12732485.3372 8349199.1459, -12732225.1105 8349247.1606, -12732064.9424 8349213.3251, -12731915.4537 8349109.8434, -12731857.1003 8349024.8268, -12731803.38 8348763.2228, -12731894.0142 8348379.8417, -12731803.4285 8347946.4414, -12731726.654 8347740.27489999, -12731608.7714 8347554.6066, -12731424.4241 8347373.274, -12731364.1078 8347285.3849, -12731321.1935 8347108.5624, -12731370.4452 8346767.1893, -12730591.9619 8346452.7373, -12730431.8617 8346418.8792, -12730297.2701 8346325.6663, -12730209.1061 8346187.5887, -12730181.071 8346026.11079999, -12730217.5179 8345866.3318, -12730312.7795 8345733.0804, -12730452.0472 8345647.0652, -12730613.6799 8345621.65, -12730772.5585 8345660.7838, -12730903.9945 8345758.3866, -12731010.1555 8345937.3893, -12731309.2645 8346054.3616, -12731644.3682 8346032.09309999, -12731779.5162 8346001.5352, -12731940.6424 8346030.0412, -12732204.6432 8346184.01839999, -12732450.1036 8346257.032, -12732669.3067 8346270.604, -12732868.7422 8346242.6525, -12733075.8078 8346169.3387, -12733294.4137 8346032.9561, -12733428.8378 8345978.3214, -12733645.4835 8345675.0208, -12733725.467 8345530.6473, -12733781.9168 8345375.5204, -12733813.4441 8345213.4608, -12733819.2744 8345048.4595, -12733794.1122 8344833.9549, -12733828.3068 8344618.9886, -12733902.3768 8344478.5414, -12733951.3516 8344340.2058, -12733980.6287 8344196.3916, -12733997.7439 8343982.3949, -12734104.5733 8343680.0043, -12734141.1457 8343500.3342, -12734146.9672 8343335.3707, -12734130.4449 8343189.5527, -12734087.8662 8343030.099, -12734029.5094 8342895.4963, -12733919.9583 8342726.34660001, -12733766.1722 8342569.4379, -12733583.1856 8342447.9848, -12733396.607 8342372.361, -12733217.2777 8342335.7123, -12732984.7899 8342323.7479, -12732581.3581 8342386.7989, -12732399.0849 8342348.3029, -12732252.3535 8342286.2123, -12732110.5609 8342249.3745, -12731946.7178 8342232.0058, -12731800.3693 8342238.2984, -12731656.3187 8342264.9297, -12731479.7661 8342330.1245, -12731393.1502 8342399.0273, -12731232.9295 8342581.57869999, -12731166.8588 8342635.6379, -12731078.043 8342656.1989, -12730924.9259 8342943.0529, -12730860.5036 8343033.183, -12730709.1976 8343133.7097, -12730512.4068 8343171.3724, -12730312.6305 8343181.7823, -12730169.5708 8343213.4084, -12729982.8587 8343288.7611, -12729799.6751 8343403.2763, -12729639.0149 8343434.004, -12729478.9843 8343400.1393, -12729344.4595 8343306.9471, -12729220.1916 8343119.2381, -12729110.0699 8342996.4544, -12728872.466 8342816.4536, -12728755.4449 8342633.1034, -12728700.4186 8342455.6272, -12728628.3656 8342307.203, -12728562.2961 8342210.6631, -12728418.2493 8342160.7863, -12728037.3506 8342078.9772, -12727902.8681 8341985.7753, -12727814.8 8341847.7498, -12727798.8464 8341781.3006, -12727714.5139 8341763.0825, -12727580.0412 8341669.8789, -12727491.9832 8341531.8558, -12727464.0247 8341370.4691, -12727493.7353 8341240.4401, -12727371.6989 8341135.7499, -12727229.1484 8341053.0494, -12727083.2607 8340996.10939999, -12726655.4702 8340680.2948, -12726436.833 8340586.9533, -12726062.4741 8340504.04819999, -12725659.2565 8340206.9964, -12725510.0877 8340137.0299, -12725351.8312 8340091.2971, -12725206.6753 8340071.9134, -12725060.2391 8340072.9519, -12724633.8929 8340147.5989, -12724473.9564 8340113.6406, -12724251.1553 8339976.5418, -12724176.6349 8339960.7158, -12724118.5464 8339920.4135, -12723849.428 8339853.0326, -12723715.0388 8339759.7827, -12723627.0758 8339621.74939999, -12723587.8209 8339406.5454, -12723520.8075 8339374.0609, -12723424.399 8339259.2867, -12723360.7069 8338995.61869999, -12723413.3534 8338735.3609, -12723421.9763 8338524.1529, -12723390.881 8338325.0661, -12723314.44 8338119.0804, -12723196.9212 8337933.5197, -12723029.2523 8337764.9175, -12722828.0256 8337638.4161, -12722603.5537 8337560.4951, -12722340.9989 8337540.3757, -12722377.0872 8337753.1261, -12722343.0514 8337893.7612, -12722022.8971 8338114.5208, -12721662.6856 8338477.3242, -12721579.5026 8338598.0141, -12721506.9972 8338746.1246, -12721462.6707 8338885.9071, -12721438.195 8339030.5119, -12721434.9674 8339195.4498, -12721457.5379 8339358.8667, -12721505.3527 8339516.7378, -12721577.2356 8339665.1751, -12721745.4709 8339881.81880001, -12721974.8665 8340056.47519999, -12722123.8994 8340214.4941, -12722022.865 8340733.7907, -12722008.1528 8340905.7236, -12721962.5029 8341140.103, -12721829.8997 8341341.5639, -12721735.8127 8341557.7267, -12721772.2159 8341582.6637, -12721895.0374 8341762.1279, -12721928.1883 8341922.53239999, -12721896.8718 8342083.3113, -12721805.9513 8342219.4734, -12721669.5564 8342309.8525, -12721508.8873 8342340.3985, -12721296.3944 8342295.1863, -12721254.3892 8342263.4335, -12721151.9239 8342326.8344, -12721040.3272 8342421.8865, -12720943.0198 8342531.5715, -12720844.3357 8342685.9811, -12720779.6168 8342837.7668, -12720739.3967 8342997.8283, -12720724.6671 8343162.2254, -12720741.761 8343363.137, -12720790.2836 8343539.9399, -12720878.1262 8343721.3784, -12720998.9209 8343882.6955, -12721119.1968 8343995.5432, -12721260.5926 8344091.3682, -12721409.8004 8344161.4582, -12721602.2877 8344219.8506, -12721784.8708 8344337.8618, -12721947.5355 8344552.9012, -12722069.7844 8344663.6234, -12722225.6955 8344768.7538, -12722318.2052 8344903.90999999, -12722351.3791 8345064.3806, -12722315.6362 8345247.9379, -12722224.7464 8345520.4889, -12722207.1815 8345684.6627, -12722214.9436 8345845.1899, -12722168.3798 8346021.3811, -12721914.6546 8346423.4542, -12721763.1581 8346523.8424, -12721602.3974 8346554.4075, -12721442.3373 8346520.3538, -12721395.9932 8346488.1742, -12721351.3443 8346517.7566, -12721190.582 8346548.3126, -12721030.524 8346514.25, -12720896.0499 8346420.8645, -12720808.0608 8346282.6735, -12720742.3274 8345913.2452, -12720677.1977 8345722.378, -12720543.9159 8345503.3993, -12720447.1622 8345406.0377, -12720136.5572 8345215.5594, -12719945.2102 8345152.7847, -12719653.9255 8345129.1082, -12719471.9107 8345090.33299999, -12719352.2805 8345007.2187, -12719231.6387 8345054.6166, -12719015.1852 8345095.6927, -12718855.1688 8345061.5897, -12718705.9495 8344957.899, -12718617.5953 8344828.6785, -12718585.8274 8344732.0643, -12718162.5233 8344831.0389, -12718002.5167 8344796.9187, -12717868.1117 8344703.4996, -12717664.6957 8344386.139, -12717533.0215 8344233.5855, -12717464.6032 8344180.7038, -12717274.0946 8344138.5821, -12717057.7174 8344041.4473, -12716831.6068 8343996.004, -12716780.7699 8343737.12479999, -12716615.2022 8343357.0102, -12716497.7693 8343171.2121, -12716358.351 8343025.7724, -12716145.3307 8342883.6597, -12715904.3229 8342797.38449999, -12715667.9649 8342771.8018, -12715403.7759 8342804.3246, -12715243.8261 8342770.154, -12715094.704 8342666.4229, -12715036.5949 8342581.3481, -12714994.0981 8342404.5445, -12715020.2427 8342242.8344, -12715103.5809 8342088.2616, -12715157.6862 8341932.3813, -12715227.3302 8341531.5501, -12715317.4813 8341386.6604, -12715502.5609 8341189.1474, -12715895.3411 8341281.9786, -12716026.5021 8341379.7878, -12716109.7355 8341520.7773, -12716133.9451 8341696.4014, -12716120.5025 8341852.1507, -12716131.5236 8342016.8131, -12716168.1249 8342177.7245, -12716237.6801 8342347.3016, -12716346.8201 8342516.70350001, -12716472.4317 8342650.0508, -12716619.2554 8342759.5217, -12716782.8294 8342841.7878, -12716940.2665 8342890.4813, -12717240.7078 8342945.29379999, -12717465.2476 8343018.8838, -12717738.6502 8343038.7691, -12717972.8878 8342998.0331, -12718226.2917 8342885.324, -12718391.8616 8342848.2037, -12718667.8877 8342885.8882, -12718922.7069 8342861.9555, -12719097.4052 8342807.2555, -12719275.3576 8342713.0348, -12719482.6653 8342533.4, -12719636.4856 8342306.1414, -12719718.3219 8342082.575, -12719775.7481 8341746.0541, -12719878.4404 8341573.6245, -12719836.472 8341507.69179999, -12719808.6807 8341346.2773, -12719845.3281 8341186.6505, -12719983.7387 8340989.1061, -12720058.8665 8340842.257, -12720110.1342 8340685.4461, -12720147.7059 8340472.1559, -12720234.0931 8340333.1091, -12720517.2412 8340130.1037, -12720561.251 8339944.5912, -12720655.3469 8339706.7493, -12720688.9486 8339471.1025, -12720680.6991 8339306.3339, -12720641.5051 8339127.3309, -12720545.628 8338916.3741, -12720502.7958 8338972.096, -12720384.4336 8338847.9064, -12720237.6314 8338738.5682, -12720020.9763 8338636.9723, -12719659.3296 8338392.2777, -12719559.9794 8338392.9079, -12719102.0252 8338473.22640001, -12718838.0028 8338407.3635, -12718779.5612 8338445.50240001, -12718301.6654 8338520.1482, -12718162.7028 8338566.3249, -12718015.7815 8338640.8319, -12717828.1646 8338786.8732, -12717688.1615 8338956.0875, -12717586.3337 8339150.7653, -12717517.0846 8339383.3923, -12717457.0515 8339467.0609, -12717305.6377 8339567.2638, -12717145.0102 8339597.7036, -12716985.1215 8339563.5858, -12716850.8246 8339470.21459999, -12716762.9934 8339332.1053, -12716712.3494 8339043.5081, -12716664.6401 8338885.6164, -12716573.8114 8338705.807, -12716524.3517 8338642.0245, -12716427.9674 8338662.2625, -12716210.6328 8338758.452, -12715853.8475 8338992.62259999, -12715545.9928 8339058.0554, -12715328.6352 8339154.2239, -12715125.223 8339309.6099, -12714917.0699 8339557.0633, -12714578.1744 8339483.4969, -12714443.9096 8339390.0833, -12714356.1243 8339251.947, -12714328.4609 8339090.5614, -12714369.2632 8338837.8598, -12714349.9859 8338582.3584, -12714258.3217 8338316.1109, -12714176.8371 8337910.1976, -12714112.9752 8337758.1677, -12714023.3582 8337609.2086, -12713995.7078 8337447.85729999, -12714032.4607 8337288.3443, -12714127.9016 8337155.4567, -12714267.194 8337069.8466, -12714428.693 8337044.8147, -12714598.5209 8337087.0404, -12714740.7418 8337159.7901, -12714879.4173 8337206.7404, -12715160.187 8337242.575, -12715280.0522 8337272.3659, -12715447.4264 8337380.75020001, -12715502.4714 8337452.1343, -12715565.4008 8337407.4497, -12715724.8956 8337371.7512, -12716046.973 8337428.4562, -12716193.0609 8337437.8277, -12716339.0287 8337426.7387, -12716482.0342 8337395.4054, -12716652.3935 8337328.7367, -12716808.6037 8337233.4448, -12716945.9174 8337112.4278, -12717049.8805 8336984.5437, -12717140.3733 8336825.3414, -12717197.1029 8336670.52449999, -12717228.955 8336508.7273, -12717235.1472 8336343.93419999, -12717218.9732 8336198.2172, -12717126.9904 8335808.99, -12717100.8969 8335634.3285, -12717057.2706 8335494.3926, -12716994.629 8335361.9026, -12716914.192 8335239.4362, -12716817.5257 8335129.3762, -12716600.0064 8334965.2034, -12716479.3022 8335010.2639, -12716304.505 8335043.369, -12716144.7185 8335009.2543, -12715961.7405 8334882.0059, -12715919.2786 8334727.1018, -12715725.5873 8334644.4766, -12715564.6976 8334609.72609999, -12715418.6664 8334600.346, -12715254.6641 8334614.2273, -12714862.7398 8334696.3495, -12714702.9669 8334662.2051, -12714333.4447 8334410.189, -12714079.9027 8334306.6517, -12713917.9141 8334277.5121, -12713771.6528 8334273.21029999, -12713626.2169 8334289.3382, -12713484.4359 8334325.582, -12713253.3419 8334435.0787, -12713068.308 8334584.1738, -12712921.4905 8334771.1433, -12712793.35 8335056.9668, -12712702.1351 8335183.9225, -12712550.7452 8335283.9701, -12712215.9216 8335350.6217, -12712122.7489 8335489.7632, -12712001.9169 8335609.3315, -12711896.8431 8335752.8018, -12711760.4473 8335842.9192, -12711598.8946 8335873.4089, -12711419.5878 8335855.6938, -12711255.335 8335866.6185, -12711094.8094 8335903.144, -12710941.9617 8335964.3718, -12710714.3725 8336116.9607, -12710599.5906 8336235.1687, -12710456.8855 8336429.398, -12710305.4399 8336529.416, -12710144.8507 8336559.691, -12709915.2905 8336510.4776, -12709704.7711 8336418.2166, -12709361.9399 8336330.4274, -12709213.0301 8336226.6684, -12709125.3801 8336088.52929999, -12709059.6816 8335715.7756, -12708987.2683 8335508.4184, -12708862.1891 8335306.1827, -12708664.81 8335114.0426, -12708605.9795 8335027.7508, -12708516.971 8334591.7101, -12708072.7568 8334306.7292, -12708014.7939 8334221.6956, -12707972.512 8334045.0516, -12707998.7796 8333883.5489, -12708043.6042 8333811.6637, -12708028.2931 8333747.699, -12708054.5583 8333586.2025, -12708228.7631 8333305.2738, -12708298.8926 8333156.15479999, -12708370.7383 8332844.8684, -12708473.2836 8332680.3967, -12708629.3434 8332490.4638, -12708727.9118 8332294.332, -12708788.531 8332045.6342, -12708784.7118 8331770.848, -12708812.7329 8331598.4429, -12709042.1241 8331209.8827, -12709182.2971 8330736.2619, -12709199.753 8330499.1561, -12709168.185 8330281.92149999, -12709075.4515 8330043.4399, -12708867.8538 8329728.59139999, -12708825.577 8329552.0596, -12708851.8095 8329390.6514, -12709004.8333 8329113.463, -12709101.6553 8328747.8796, -12709199.4565 8328611.89509999, -12709408.1224 8328444.62120001, -12709548.1141 8328275.8033, -12709656.6202 8328064.442, -12709717.173 8327815.8779, -12709713.4184 8327541.8806, -12709663.6271 8327254.7025, -12709609.3561 8327080.00639999, -12709484.4325 8326856.8771, -12709289.9551 8326653.9305, -12709201.9821 8326524.9169, -12709159.715 8326348.4626, -12709176.9114 8326170.4171, -12709163.2753 8325987.995, -12709129.809 8325845.9797, -12709069.8399 8325694.9424, -12709041.5479 8325529.1853, -12709078.347 8325369.953, -12709173.7218 8325237.3426, -12709416.2347 8325068.5829, -12709524.0768 8324677.9691, -12709542.3266 8324477.6698, -12709521.5773 8324241.5135, -12709570.4364 8324030.0318, -12709665.7852 8323897.4385, -12709804.8788 8323812.0644, -12709966.1032 8323787.1736, -12710124.4033 8323826.634, -12710238.7062 8323912.00990001, -12710440.9259 8323916.4505, -12710622.7131 8323899.5804, -12710852.9489 8323826.0326, -12710820.2403 8323762.0051, -12710792.8119 8323592.6633, -12710829.5636 8323433.4632, -12710924.8818 8323300.8643, -12711063.9498 8323215.4734, -12711347.3539 8323169.3737, -12711415.089 8323233.5844, -12711461.0334 8323080.1811, -12711478.9161 8322839.2635, -12711403.1419 8322678.6859, -12711169.8655 8322329.8351, -12711159.6661 8322270.1817, -12710992.3954 8322104.954, -12710891.3118 8321961.7897, -12710706.4257 8321790.3502, -12710455.636 8321229.1621, -12710413.369 8321052.8414, -12710266.1077 8320960.4926, -12709985.8674 8320835.2244, -12709899.8462 8320843.7477, -12709704.9241 8320801.9554, -12709449.8115 8320718.5009, -12708916.7228 8320656.2123, -12708693.4166 8320512.1567, -12708635.554 8320427.2864, -12708592.2664 8320246.5121, -12708591.7345 8320057.24, -12708328.6405 8319961.7996, -12708052.8286 8319902.6012, -12707980.4651 8319852.1612, -12707771.6458 8319843.7893, -12707593.2806 8319877.354, -12707333.5195 8319769.4375, -12706771.0105 8319356.3296, -12706518.6675 8319084.91749999, -12706283.6876 8318925.5809, -12706134.8242 8319110.8494, -12706059.6619 8319263.5839, -12706094.9395 8319324.3189, -12706005.6235 8319430.1032, -12705980.9608 8319514.76299999, -12705834.2718 8319717.2514, -12705742.6761 8319916.3368, -12705637.2849 8320403.8976, -12705561.2169 8320563.0558, -12705515.2595 8320721.0435, -12705494.5391 8320884.2914, -12705499.1269 8321044.4014, -12705452.0552 8321220.9099, -12705392.0346 8321304.2761, -12705240.8312 8321403.9878, -12705015.5842 8321449.6238, -12704950.4907 8321721.0612, -12704859.5115 8321856.6415, -12704723.2879 8321946.461, -12704652.044 8321959.8376, -12704562.8721 8322018.6301, -12704349.9412 8322058.6024, -12704172.2508 8321998.8054, -12704097.7539 8322014.3184, -12703896.6182 8322100.8496, -12703557.7201 8322321.0111, -12703397.4119 8322351.0829, -12703237.9597 8322316.7488, -12703089.4167 8322213.0632, -12703031.6053 8322128.1297, -12702989.5103 8321951.7457, -12703038.4589 8321695.1185, -12702880.0479 8321523.4761, -12702754.5226 8321325.2709, -12702582.744 8320983.40429999, -12702247.0081 8320687.4018, -12701758.3754 8320578.1011, -12701435.405 8320368.2627, -12701130.9054 8320312.9476, -12700753.7706 8320370.8826, -12700436.4518 8320548.6476, -12700314.4245 8320875.5586, -12699976.7568 8321229.6665, -12699930.4184 8321298.6219, -12699897.2958 8321522.842, -12699944.7742 8321736.7795, -12699913.0691 8321897.0264, -12699821.996 8322032.5473, -12698824.2904 8323131.4282, -12698278.0023 8323850.3589, -12698119.9632 8323960.9973, -12698001.136 8324074.7311, -12697805.4341 8324336.3287, -12697654.0674 8324435.9248, -12697493.69 8324465.8764, -12697334.2204 8324431.4049, -12697200.4465 8324337.8693, -12697065.0852 8324144.1642, -12696901.8873 8323997.9349, -12696728.569 8323896.4269, -12696533.4676 8323828.5714, -12696384.331 8323724.2701, -12696326.585 8323639.2669, -12696284.6413 8323462.8093, -12696311.1247 8323301.5794, -12696397.7553 8323163.1347, -12696531.0887 8323068.9729, -12696732.8461 8323001.9084, -12696922.084 8322891.639, -12697084.2933 8322744.3655, -12697257.6679 8322513.7591, -12697406.6001 8322427.1511, -12698324.9327 8321515.9263, -12698726.5244 8321227.1855, -12698464.7764 8320969.94919999, -12698474.5284 8320649.8257, -12698870.5895 8320407.6415, -12699063.8443 8320435.3891, -12699459.2511 8320378.2725, -12699642.5527 8320293.6532, -12700158.7421 8320342.1236, -12700431.9538 8320348.2692, -12700845.4356 8320211.9586, -12701244.71 8319794.5987, -12701312.1405 8319643.9436, -12701279.6982 8319712.5606, -12701012.1545 8319538.8956, -12700924.4101 8319409.908, -12701055.5639 8318882.0795, -12700990.6832 8318392.4107, -12700996.7406 8318319.29119999, -12700762.0593 8318235.8916, -12700580.9119 8318214.3073, -12700437.7078 8318218.1718, -12700208.7813 8318168.7816, -12700060.3641 8318065.0936, -12699971.5098 8317934.4384, -12699879.1329 8317749.083, -12699756.4339 8317590.1132, -12699548.8212 8317402.9346, -12699342.1999 8317286.8184, -12699186.2991 8317235.1877, -12699042.4409 8317210.3081, -12698850.8766 8317209.3143, -12698808.7625 8317310.726, -12698357.3913 8317505.8585, -12698321.4882 8317559.2603, -12698140.5361 8317678.342, -12697980.1912 8317716.5502, -12697820.9806 8317673.8487, -12697737.889 8317615.7815, -12697636.3217 8317687.5356, -12697476.8425 8317863.0568, -12697347.2887 8318103.9917, -12697270.2222 8318417.7389, -12697179.1438 8318553.1637, -12697042.8885 8318642.8013, -12696882.6349 8318672.717, -12696670.9736 8318626.945, -12696570.9631 8318570.8725, -12696392.3654 8318436.957, -12696324.625 8318337.2425, -12696282.7108 8318160.911, -12696307.5242 8318009.8445, -12696267.559 8317946.616, -12696222.129 8317719.0298, -12696148.018 8317532.3045, -12696071.7285 8317419.7754, -12695830.2614 8317377.7398, -12695675.3081 8317323.3172, -12695199.8631 8317243.8605, -12694633.356 8317081.041, -12694283.9429 8316933.7014, -12694184.418 8316672.4524, -12694210.9819 8316511.0143, -12694332.8949 8316217.2097, -12694373.5497 8315754.54909999, -12694343.1604 8315592.9441, -12694295.2398 8315454.84529999, -12694219.016 8315309.2064, -12694028.0668 8315083.5453, -12693789.1182 8314716.7441, -12693577.1925 8314519.53989999, -12693434.632 8314424.8246, -12693286.2886 8314354.4554, -12692709.0055 8314241.9785, -12692657.8433 8314175.781, -12692424.0444 8314219.2816, -12692264.8192 8314184.7493, -12691812.9605 8313837.4617, -12691592.275 8313605.6057, -12691602.3125 8313285.8098, -12691716.2321 8313110.5834, -12691787.0276 8312942.3068, -12691836.5615 8312623.6914, -12691694.3364 8312006.30699999, -12691557.8298 8311960.9428, -12691241.7926 8311891.9251, -12691108.3217 8311798.4388, -12691021.2963 8311660.5422, -12690994.2404 8311499.6714, -12691007.7297 8311441.9425, -12690937.9653 8311348.5102, -12690896.2183 8311172.3149, -12690923.2844 8311008.2739, -12690995.872 8310849.7946, -12691041.2712 8310673.7974, -12690875.5 8310603.2446, -12690614.5038 8310572.845, -12690267.5398 8310425.8942, -12690203.7862 8310309.6111, -12690046.9129 8310372.6938, -12689803.3818 8310329.4923, -12689582.9769 8310098.1155, -12689437.3165 8309470.35, -12689385.3246 8309448.3123, -12689140.6305 8309402.6966, -12688997.3191 8309429.2918, -12688838.2126 8309394.7085, -12688704.8171 8309301.2105, -12688617.8656 8309163.3323, -12688596.1267 8308980.0463, -12688434.7435 8308976.1598, -12688209.1322 8309011.4337, -12688050.0391 8308976.8355, -12687901.977 8308873.0336, -12687754.7573 8308665.8224, -12687481.7193 8308516.8642, -12687306.0465 8308632.1049, -12686986.6119 8308627.09, -12686718.3002 8308495.3226, -12686378.7028 8308467.1952, -12686218.6272 8308496.8395, -12686059.5545 8308462.2009, -12685854.0239 8308273.4584, -12685839.0687 8307936.4495, -12685938.3219 8307774.3906, -12685905.9413 8307767.3387, -12685757.9335 8307663.511, -12685525.506 8307321.9159, -12685442.9403 8307294.216, -12685377.0042 8307245.8215, -12685289.6772 8307116.8637, -12685248.0877 8306940.7374, -12685274.7498 8306779.90609999, -12685361.3907 8306641.8984, -12685419.8796 8306600.7226, -12685488.8223 8306304.4801, -12685506.3356 8306159.5175, -12685499.6634 8305977.202, -12685455.9763 8305781.4099, -12685407.334 8305659.0754, -12685558.5623 8305721.4877, -12685686.7146 8305753.2559, -12685623.2976 8305599.97, -12685526.5244 8305445.4342, -12685417.6847 8305322.6305, -12685305.8731 8305228.9749, -12685182.1405 8305151.8177, -12685031.6973 8305086.59179999, -12684893.6295 8305049.7797, -12684935.3018 8305173.0488, -12684713.9645 8305090.6098, -12684429.5798 8305060.4943, -12684240.5771 8305019.2905, -12684059.4943 8304933.9967, -12683881.1307 8304887.9375, -12683793.0991 8304826.1479, -12683589.3298 8304775.3016, -12683441.414 8304671.4696, -12683301.712 8304444.3828, -12683191.0276 8304397.5064, -12682865.8578 8304323.0599, -12682716.308 8304218.0592, -12682544.0312 8304033.9438, -12682394.7482 8303929.5301, -12682177.7567 8303835.35320001, -12681850.5851 8303760.4234, -12681717.3795 8303666.871, -12681630.624 8303529.0163, -12681603.8007 8303368.2884, -12681676.2808 8303022.6784, -12681668.811 8302749.67589999, -12681612.0476 8302538.495, -12681512.6984 8302343.75550001, -12681282.1308 8302051.53109999, -12681083.6951 8301906.9318, -12681055.4078 8301865.1077, -12680845.7576 8301762.91879999, -12680486.8988 8301677.336, -12680339.0885 8301573.4859, -12680281.6981 8301488.6128, -12680237.6726 8301301.6073, -12680237.963 8301150.0054, -12680213.5794 8300987.7103, -12680164.1533 8300831.2375, -12680093.5754 8300688.97339999, -12680066.6398 8300527.3679, -12680103.932 8300368.818, -12680199.4978 8300237.0277, -12680338.4812 8300152.4786, -12680499.2855 8300128.3066, -12680534.3315 8300137.1912, -12680534.1667 8299982.8697, -12680490.6775 8299703.15389999, -12680527.9565 8299544.6193, -12680623.5038 8299412.8384, -12680758.6956 8299316.2178, -12680868.863 8299208.4969, -12681018.4926 8299117.4525, -12681493.7386 8299064.8037, -12681583.6598 8298907.1311, -12681716.7201 8298813.5569, -12681875.5421 8298778.76829999, -12682035.446 8298808.1706, -12682062.4278 8298827.2437, -12682144.6975 8298696.3229, -12682176.4482 8298673.9911, -12681945.5127 8298523.5166, -12681440.788 8298506.4825, -12681216.7763 8298581.86, -12680811.2259 8298919.0408, -12680300.8807 8298991.5952, -12679771.9349 8298873.7346, -12679488.2531 8298746.5829, -12679373.1434 8298563.5515, -12679383.6832 8298244.42189999, -12679403.0413 8298217.7317, -12678828.5122 8296876.8443, -12678635.7876 8296975.3821, -12678475.9306 8297004.8143, -12678317.1411 8296970.0643, -12678169.455 8296866.2372, -12678112.1256 8296781.4011, -12678070.7633 8296605.4805, -12678097.5423 8296444.8992, -12678197.0085 8296281.3267, -12678178.9075 8296172.5558, -12678216.2176 8296014.1084, -12678311.7602 8295882.4195, -12678450.683 8295797.9551, -12678611.3986 8295773.8378, -12678768.9304 8295813.8152, -12679190.7898 8296121.0577, -12679357.0113 8296195.01259999, -12679533.53 8296238.9259, -12679678.5594 8296251.4975, -12679823.924 8296243.7248, -12679966.7933 8296215.759, -12680104.3851 8296168.1451, -12680309.8733 8296051.4042, -12680483.8718 8295891.349, -12680599.8397 8295728.1153, -12680690.7485 8295520.7292, -12680816.9754 8295319.9362, -12681150.5866 8295083.61869999, -12681283.4396 8294959.2259, -12681429.0393 8294750.4011, -12681515.3382 8294530.1628, -12681542.9352 8294387.0189, -12681550.3757 8294241.4235, -12681537.5162 8294096.2105, -12681504.6083 8293954.206, -12681444.4361 8293801.7229, -12681361.1953 8293660.5486, -12681244.1618 8293521.1659, -12681118.8902 8293414.3369, -12681061.3635 8293329.2821, -12681015.4889 8293134.5192, -12681010.758 8292976.766, -12680985.328 8292833.2509, -12680889.8389 8292588.0382, -12680835.2808 8292356.3852, -12680804.1548 8292117.2012, -12680705.8189 8291866.7434, -12680660.5366 8291674.4546, -12680683.3078 8291502.7821, -12680784.8535 8291341.2501, -12680917.7877 8291247.7845, -12681146.287 8291175.4026, -12681363.9801 8291044.0236, -12681543.4698 8290863.7898, -12681681.3283 8290628.689, -12681828.7084 8290250.3055, -12681875.4774 8290018.5394, -12681869.0017 8289782.1818, -12681783.8115 8289401.8952, -12681833.8065 8289071.6091, -12681825.9279 8288853.4516, -12681779.0393 8288658.8793, -12681700.5325 8288484.4275, -12681583.4858 8288010.6711, -12681340.4998 8287827.617, -12681253.9347 8287690.0519, -12681228.4871 8287562.7018, -12681194.5158 8287538.8398, -12681139.1057 8287456.917, -12680952.7323 8287366.1244, -12680707.648 8287303.111, -12680574.7511 8287209.7465, -12680488.2076 8287072.1844, -12680461.4666 8286911.808, -12680498.6803 8286753.5452, -12680594.062 8286621.99, -12680755.5211 8286523.7532, -12680916.0752 8286461.0216, -12681071.6644 8286367.129, -12681221.1128 8286234.3676, -12681342.118 8286080.4798, -12681485.9127 8285992.9708, -12681638.0558 8285947.28159999, -12681769.7287 8285885.5758, -12681988.1782 8285723.2226, -12682271.3201 8285379.5413, -12682488.0043 8284980.6685, -12682546.7548 8284751.8285, -12682554.0608 8284533.7777, -12682542.0709 8284449.1498, -12682483.7776 8284408.2188, -12682426.4941 8284323.5583, -12682385.0972 8284147.956, -12682411.7366 8283987.6268, -12682430.8812 8283957.1567, -12682401.5435 8283833.6787, -12682351.6569 8283696.9449, -12682273.4732 8283553.1522, -12682170.9815 8283419.995, -12682054.9828 8283309.1062, -12681940.047 8283126.49539999, -12681913.2884 8282966.2092, -12681950.4509 8282808.0227, -12682061.6436 8282627.331, -12682136.0422 8282421.4597, -12682226.748 8282277.1056, -12682359.5011 8282183.7268, -12682526.5016 8282147.129, -12682705.6622 8282149.8309, -12682867.2553 8282125.4088, -12683039.826 8282068.9699, -12683194.2282 8281987.0544, -12683355.0402 8281951.7937, -12683514.5876 8281981.0956, -12683584.5714 8282025.4879, -12683698.6828 8281849.9455, -12683837.2813 8281765.5373, -12683997.676 8281741.3467, -12684154.9399 8281781.1326, -12684284.6355 8281878.7135, -12684433.3481 8282109.1334, -12684626.1478 8282291.1894, -12684942.8577 8282232.6987, -12685312.2784 8282314.95210001, -12685741.7344 8282622.9636, -12685918.9926 8282714.9932, -12686057.2694 8282759.7216, -12686200.4162 8282784.7343, -12686397.8349 8282779.1871, -12686363.8536 8282576.3871, -12686400.9194 8282418.1863, -12686496.141 8282286.6305, -12686711.3666 8282166.4952, -12686952.655 8282217.7054, -12687162.9007 8282333.7506, -12687191.6009 8282298.1031, -12687305.3797 8282044.8506, -12687420.7321 8281860.9868, -12687845.0484 8281554.0097, -12687964.9581 8281347.76919999, -12688129.4245 8281227.039, -12688245.7276 8281112.0632, -12688527.127 8280686.1449, -12688659.7729 8280592.67239999, -12688818.1729 8280557.8178, -12688998.2848 8280590.7587, -12689194.6132 8280673.2125, -12689401.7647 8280712.6008, -12689609.268 8280711.8697, -12689870.0845 8280660.7843, -12690036.2321 8280691.1469, -12690252.0686 8280778.3311, -12690443.6344 8280816.8897, -12690662.9901 8280814.4358, -12690938.3212 8280759.9101, -12691056.8806 8280777.5237, -12691164.7569 8280847.8799, -12691407.9056 8280811.7324, -12691712.0148 8280886.8716, -12691786.5924 8280870.5917, -12692191.3523 8280963.7494, -12692327.2837 8281052.3727, -12692448.4011 8281230.858, -12692489.1349 8281430.2567, -12692524.5104 8281456.8108, -12692632.9324 8281638.9184, -12692831.564 8281710.7252, -12692975.1255 8281733.09669999, -12693120.3981 8281735.2329, -12693419.7889 8281680.9754, -12693631.8893 8281711.3756, -12693767.8517 8281799.9814, -12693859.066 8281934.3443, -12693888.8967 8281986.6942, -12693937.1291 8282197.113, -12694014.0634 8282381.6564, -12694124.74 8282548.1063, -12694265.0938 8282690.344, -12694429.967 8282803.13939999, -12694613.3003 8282882.3453, -12694790.3247 8282922.7264, -12695030.179 8282935.5586, -12695189.6484 8282975.6494, -12695308.7542 8283053.2319, -12695391.2022 8283173.09189999, -12695777.9305 8283154.868, -12696129.8775 8283382.1239, -12696511.603 8283583.1069, -12696657.2439 8283895.9606, -12696761.6844 8284189.7118, -12697019.8178 8284230.1093, -12697218.8436 8284213.7516, -12697394.0857 8284166.0834, -12697558.3995 8284088.653, -12697711.3643 8283979.8744, -12697769.33 8283919.0016, -12697789.1368 8283832.262, -12697796.2471 8283686.8552, -12697783.087 8283541.875, -12697712.2749 8283297.63889999, -12697574.3158 8283060.2537, -12697532.5671 8282884.7649, -12697554.1841 8282664.2722, -12697530.6924 8282447.4307, -12697462.7117 8282240.2259, -12697361.7401 8282063.1835, -12697320.0018 8281887.7167, -12697346.3102 8281727.3812, -12697432.4331 8281589.6938, -12697564.9837 8281496.0498, -12697941.8993 8281408.9821, -12698175.9159 8281295.5966, -12698169.25 8281306.2562, -12698312.2501 8281201.102, -12698385.1152 8281184.9694, -12698318.7724 8281138.5984, -12698231.9694 8281001.355, -12698204.8659 8280841.1721, -12698241.6706 8280682.9474, -12698336.6601 8280551.2689, -12698475.0691 8280466.6002, -12698543.6712 8280456.115, -12698609.0176 8280386.9649, -12699500.8062 8280513.8205, -12699991.319 8280605.1438, -12700115.0472 8280898.5953, -12700184.6583 8281113.8615, -12700201.9022 8281056.9057, -12700290.9228 8280914.4634, -12700427.3321 8280818.014, -12700585.74 8280758.6015, -12700660.9149 8280654.3222, -12700799.2992 8280569.6086, -12700959.6142 8280545.0536, -12701116.9451 8280584.4725, -12701173.596 8280626.893, -12701400.5712 8280575.6787, -12701554.3738 8280520.44, -12701697.6535 8280441.7774, -12702020.794 8280213.978, -12702298.024 8280130.1122, -12702441.2883 8280051.4392, -12702670.8744 8279889.7839, -12702829.1947 8279854.632, -12702988.7759 8279883.5055, -12703124.8174 8279971.9179, -12703154.5199 8280015.5528, -12703221.0761 8279869.5396, -12703270.2431 8279675.7785, -12703282.3836 8279512.57859999, -12703271.6495 8279367.4792, -12703193.0902 8279094.4048, -12703160.9129 8278905.0059, -12703197.6022 8278746.7971, -12703292.4791 8278615.08869999, -12703476.2105 8278502.5247, -12703641.0018 8278467.1099, -12703664.7483 8278296.7195, -12703750.7142 8278159.0214, -12703883.1238 8278065.3067, -12704041.3996 8278030.1373, -12704200.9464 8278058.9774, -12704259.5789 8278097.0691, -12704330.2543 8278109.8427, -12704117.6722 8277984.0787, -12703980.1679 8277937.3055, -12703819.4467 8277908.1716, -12703674.3007 8277903.7086, -12703529.9467 8277919.522, -12703389.1935 8277955.3041, -12703190.773 8278044.7929, -12702799.4726 8278300.8492, -12702581.9157 8278372.49790001, -12702406.9446 8278468.5866, -12702216.1306 8278636.1038, -12702080.0374 8278828.86039999, -12701990.7116 8279047.3487, -12701922.2017 8279377.0244, -12701831.6899 8279511.7997, -12701696.2084 8279601.0571, -12701536.8155 8279630.9207, -12701144.9003 8279547.3425, -12700982.2265 8279532.28589999, -12700783.3342 8279548.7352, -12700517.9117 8279613.6715, -12700080.3129 8279519.5731, -12699917.9297 8279501.6514, -12699718.7803 8279514.5923, -12699441.3893 8279580.82109999, -12699010.8122 8279488.1723, -12698848.4324 8279470.2272, -12698649.2821 8279483.1392, -12698361.5267 8279552.352, -12697927.5987 8279458.9132, -12697765.2222 8279440.9444, -12697566.071 8279453.8272, -12697282.7775 8279521.6926, -12697072.2273 8279476.1778, -12696924.6244 8279372.9693, -12696867.2143 8279288.4774, -12696825.5029 8279113.07329999, -12696851.8119 8278952.7993, -12696937.9115 8278815.1689, -12697070.4185 8278721.5684, -12697228.7398 8278686.5419, -12697633.3861 8278770.3458, -12697777.8723 8278785.0603, -12697941.0411 8278777.3626, -12698352.2068 8278714.8892, -12698695.2237 8278795.6694, -12698857.5884 8278813.6161, -12699020.7567 8278805.8946, -12699466.9285 8278738.0047, -12699792.0953 8278831.4789, -12699936.5872 8278846.1513, -12700081.7114 8278840.5336, -12700398.5393 8278791.0188, -12700571.8643 8278737.2172, -12700763.6237 8278634.1398, -12700942.248 8278480.1252, -12701063.1087 8278321.0779, -12701151.4493 8278141.8539, -12701197.2315 8277984.7944, -12701250.8406 8277663.0047, -12701341.4358 8277464.3654, -12701387.7074 8277288.6379, -12701402.3211 8277143.9228, -12701394.5604 8276980.5111, -12701289.5717 8276513.8661, -12701315.7749 8276353.6316, -12701401.7616 8276215.9968, -12701534.1661 8276122.3485, -12701695.3905 8276086.5774, -12701890.698 8276093.99009999, -12702070.221 8276067.9847, -12702242.5063 8276011.1425, -12702417.4214 8275915.08919999, -12702557.9201 8275800.1698, -12702708.7694 8275606.9203, -12702693.968 8275542.781, -12702445.5474 8274969.5028, -12702139.7991 8274759.3006, -12702119.3912 8274534.8182, -12701798.0247 8274609.3023, -12701611.4944 8274680.0067, -12701471.1507 8274763.5648, -12701307.3878 8274907.33519999, -12701145.33 8275014.0856, -12700986.0332 8275043.9194, -12700827.6059 8275009.7561, -12700680.0388 8274906.6844, -12700619.6076 8274817.8434, -12700522.9995 8274595.59969999, -12700406.5748 8274433.3944, -12700232.3149 8274274.6401, -12700010.0776 8274152.322, -12699871.8757 8274107.9064, -12699728.849 8274083.1879, -12699457.3898 8274091.3058, -12699213.8983 8274162.2064, -12698961.1121 8274309.271, -12698801.8219 8274339.0549, -12698643.4199 8274304.8482, -12698604.9789 8274330.1556, -12698591.4686 8274391.9543, -12698500.9575 8274526.5988, -12698136.8702 8274751.6152, -12698023.7679 8274844.0138, -12698112.6962 8274979.5665, -12698236.8462 8275112.0083, -12698367.0198 8275211.3223, -12698458.2372 8275345.5096, -12698490.5948 8275504.5875, -12698459.0604 8275663.836, -12698368.5315 8275798.5016, -12698233.0766 8275887.65119999, -12698021.435 8275927.2012, -12697852.5247 8275876.2086, -12697700.6862 8275875.9223, -12697568.4023 8275994.8888, -12697428.5827 8276171.579, -12697270.5211 8276330.0532, -12697223.3603 8276518.1257, -12697142.332 8276667.6153, -12697083.8431 8276839.6327, -12697053.8634 8277073.7527, -12697078.3286 8277340.437, -12697031.6906 8277514.5472, -12696940.9185 8277640.333, -12696745.1257 8277806.9057, -12696548.9455 8278006.6198, -12696459.9128 8278121.5414, -12696345.4619 8278348.3635, -12696244.698 8278710.3395, -12696184.9201 8278793.1574, -12696034.4621 8278892.1168, -12695875.0624 8278921.8554, -12695716.5759 8278887.5644, -12695415.9857 8278676.1985, -12695249.9942 8278602.77929999, -12695083.2607 8278559.5512, -12694935.7038 8278456.3161, -12694878.3235 8278371.8193, -12694836.6642 8278196.4257, -12694862.8162 8277995.7983, -12694853.5108 8277796.1445, -12694711.3984 8277282.7264, -12694706.3497 8277000.1251, -12694743.2883 8276841.6619, -12694838.2902 8276710.0963, -12695122.2347 8276530.3499, -12695304.1519 8276353.2838, -12695422.0741 8276170.1463, -12695509.1792 8275945.5986, -12695647.015 8275727.3622, -12695724.9583 8275504.6571, -12695806.2259 8275015.56989999, -12695811.9839 8274833.9842, -12695792.1933 8274696.0771, -12695718.3076 8274614.3935, -12695394.4111 8274381.1009, -12695307.2939 8274252.8312, -12695286.7659 8274173.9479, -12695321.3866 8273963.3063, -12695281.9932 8273934.5696, -12695224.6438 8273850.1272, -12695183.0014 8273674.8425, -12695209.5494 8273513.3323, -12695280.9125 8273364.0433, -12695089.6309 8273208.6711, -12695039.5527 8273020.9694, -12695051.9855 8272945.3411, -12695020.404 8272697.9288, -12695178.5201 8272426.5015, -12695190.9344 8272377.79900001, -12695143.2406 8272301.9444, -12695116.2346 8272141.9375, -12695153.061 8271983.913, -12695226.0478 8271882.8232, -12695176.0465 8271276.023, -12695347.2511 8270980.9821, -12695529.2221 8270727.7862, -12695675.0744 8270396.8436, -12695756.4997 8269988.5611, -12695979.3122 8269592.3953, -12696001.661 8269351.8743, -12695918.1203 8269255.5902, -12695621.1964 8268769.024, -12695467.0425 8268615.5618, -12695268.1506 8268489.4982, -12695081.2862 8268420.1649, -12694884.651 8268387.8181, -12694764.5974 8268389.2314, -12694552.5236 8268424.79070001, -12694200.1777 8268359.83, -12694022.8106 8268363.4516, -12693791.0547 8268402.9183, -12693632.8029 8268368.6323, -12693363.7398 8268178.1702, -12693195.9763 8267930.165, -12693166.5438 8267682.0215, -12693119.1611 8267506.8399, -12693042.1345 8267342.5648, -12692925.9867 8267180.4013, -12692748.5698 8267015.7809, -12692633.1382 8266969.4297, -12692394.8985 8266914.2951, -12692247.6096 8266811.169, -12692221.8494 8266773.2061, -12692047.8241 8266728.2442, -12691885.9376 8266614.8857, -12691828.6828 8266530.50029999, -12691787.1607 8266355.369, -12691813.5316 8266195.3874, -12691904.5851 8266038.3655, -12691963.9494 8265886.2228, -12692035.0883 8265508.8689, -12692188.391 8265262.6309, -12692251.5907 8265131.9399, -12692307.1497 8264946.277, -12692330.8157 8264784.6789, -12692319.9228 8264549.2834, -12692263.143 8264339.2652, -12692173.8033 8264160.96, -12691971.3078 8263872.0749, -12691929.7968 8263697.007, -12691956.1549 8263537.0821, -12692042.1647 8263399.7926, -12692262.3692 8263237.4839, -12692410.0486 8263077.98170001, -12692542.9399 8262841.1911, -12692618.9655 8262567.8548, -12692713.8213 8262436.5674, -12692851.955 8262352.208, -12693011.9019 8262327.883, -12693168.8046 8262367.3722, -12693306.3346 8262465.011, -12693436.9226 8262440.4758, -12693578.558 8262523.7924, -12693688.1489 8262499.6001, -12693944.2696 8262541.44089999, -12694135.349 8262540.6903, -12694327.6147 8262312.4865, -12694464.3115 8262096.8663, -12694639.9696 8261972.8679, -12694957.109 8261966.9453, -12695085.9445 8262041.0573, -12695389.8915 8262130.4092, -12695694.9506 8262254.1308, -12695816.3256 8262432.81759999, -12695952.6425 8262700.2765, -12696108.8721 8262605.24589999, -12696268.8141 8262580.8496, -12696425.7398 8262620.2712, -12696555.2642 8262717.3856, -12696637.2575 8262857.1027, -12696658.9743 8263017.7122, -12696617.1467 8263225.5966, -12696616.184 8263402.3014, -12696867.2862 8263448.6595, -12697002.9544 8263536.9874, -12697123.9011 8263714.9763, -12697154.8104 8263873.14989999, -12697259.5555 8263876.4622, -12697421.11 8263854.6016, -12697594.1072 8263800.9759, -12697739.7499 8263727.6118, -12697872.1397 8263632.3263, -12697975.1776 8263531.96019999, -12698026.651 8263388.7534, -12698052.2458 8263136.4115, -12698012.2811 8262833.0568, -12698048.9988 8262675.2152, -12698143.7603 8262543.8559, -12698281.8348 8262459.3936, -12698441.7665 8262434.9508, -12698658.3198 8262484.7606, -12698820.8533 8262496.9923, -12699173.0953 8262454.6173, -12699666.3995 8262567.1877, -12699847.4422 8262569.6834, -12700008.5544 8262544.9493, -12700197.139 8262480.9529, -12700384.7833 8262371.48129999, -12700545.6002 8262225.3189, -12700690.9819 8262029.73309999, -12700874.3407 8261917.4823, -12701175.4629 8261853.6369, -12701286.8292 8261805.7684, -12701343.9254 8261545.051, -12701438.6144 8261413.6691, -12701576.6306 8261329.1579, -12701736.5274 8261304.6474, -12701904.5547 8261346.7256, -12702061.993 8261425.8613, -12702217.6149 8261474.3272, -12702396.9873 8261498.8409, -12702561.0451 8261493.7673, -12702735.715 8261525.3756, -12702877.3244 8261617.4118, -12702999.2639 8261746.9464, -12703128.9717 8261845.7968, -12703289.1761 8261930.2735, -12703349.0792 8261935.1898, -12703578.4411 8261883.24059999, -12703774.8383 8261790.4855, -12704103.9996 8261560.6056, -12704261.9224 8261525.5077, -12704421.1154 8261554.2776, -12704681.2891 8261707.28100001, -12704707.5432 8261589.9915, -12704793.2951 8261452.5886, -12704925.3936 8261359.0637, -12705083.3079 8261323.9491, -12705242.5006 8261352.7008, -12705378.2312 8261440.8508, -12705513.0053 8261625.1544, -12705658.0327 8261761.7892, -12705826.4263 8261868.1909, -12706011.9969 8261940.4471, -12706189.8718 8261974.2424, -12706396.0448 8261973.0611, -12706683.6686 8261903.4243, -12706769.492 8261807.9833, -12706903.4347 8261713.0991, -12707061.3477 8261677.9406, -12707140.8849 8261692.2843, -12707230.1336 8261613.8256, -12707324.6775 8261503.8335, -12707403.0173 8261381.7316, -12707501.1856 8261128.5745, -12707572.8994 8260707.3932, -12707602.4118 8260660.0644, -12707609.6388 8260615.6303, -12707695.3258 8260478.2117, -12707827.3702 8260384.647, -12707985.2507 8260349.4749, -12708295.689 8260400.5941, -12708512.7231 8260395.7419, -12708724.0056 8260345.78679999, -12708935.704 8260243.3517, -12709093.02 8260121.1851, -12709174.7704 8260027.6909, -12709189.268 8259938.4368, -12709249.4256 8259841.9149, -12709227.769 8259715.0779, -12709264.2329 8259557.2453, -12709358.7562 8259425.7966, -12709578.6108 8259276.20099999, -12709556.1926 8259144.9388, -12709592.6466 8258987.117, -12709687.1571 8258855.6743, -12709948.1429 8258694.0167, -12710088.199 8258579.218, -12710216.6694 8258426.9702, -12710329.111 8258215.9986, -12710440.7902 8258060.6448, -12710578.6421 8257976.0031, -12710738.438 8257951.3088, -12710966.7196 8257987.5418, -12711201.2313 8257971.9411, -12711426.2257 8257903.8876, -12711644.6722 8257775.9999, -12711802.5951 8257626.8981, -12711926.1148 8257448.1646, -12712004.4797 8257264.9513, -12712081.7986 8256945.129, -12712176.239 8256813.6901, -12712314.0481 8256729.03, -12712473.8113 8256704.3022, -12712630.7006 8256743.3492, -12712760.3356 8256840.10369999, -12712799.0797 8256905.1729, -12712886.1104 8256758.6068, -12713018.0234 8256664.9957, -12713386.9194 8256582.04689999, -12713524.3804 8256536.4592, -12713759.4468 8256401.4951, -12713973.7304 8256196.5394, -12714267.2033 8256141.5251, -12714378.3249 8256174.4983, -12714536.8606 8256264.6707, -12714814.6644 8256371.1953, -12714989.2675 8256464.663, -12715144.0081 8256515.5379, -12715286.7492 8256539.8995, -12715449.5779 8256543.2236, -12715593.1913 8256524.7082, -12715790.6221 8256474.0685, -12716036.9344 8256518.1845, -12716331.9727 8256666.52179999, -12716471.3989 8256705.675, -12716614.9087 8256725.0063, -12716867.4566 8256710.228, -12717108.9298 8256634.6773, -12717324.9776 8256502.8461, -12717502.7623 8256322.5715, -12717600.365 8256169.9846, -12717675.3721 8255985.4025, -12717718.6219 8255708.9235, -12717835.1129 8255173.91309999, -12717841.2171 8255010.9113, -12717825.2016 8254866.7808, -12717783.4678 8254709.11999999, -12717717.6295 8254559.9429, -12717618.198 8254408.5972, -12717494.0463 8254276.8477, -12717348.947 8254168.6954, -12717170.4202 8254080.8782, -12716996.274 8254031.9927, -12716816.3007 8254014.1387, -12716653.8593 8254025.07, -12716387.474 8254074.6363, -12716287.1689 8254043.161, -12716196.2572 8253992.5096, -12716045.3036 8253755.1101, -12716006.8304 8253537.0781, -12715939.3437 8253349.6808, -12715711.3372 8252965.1477, -12716070.4193 8252362.6711, -12716325.2451 8252035.2578, -12716425.0842 8251822.32720001, -12716467.7784 8251646.3344, -12716479.3156 8251465.5931, -12716404.2828 8250915.2255, -12716440.3356 8250604.9874, -12716461.9576 8250523.4084, -12716609.1434 8250223.9939, -12716667.7839 8250033.7253, -12716689.104 8249835.7486, -12716668.9359 8249617.3243, -12716705.9651 8249387.8774, -12716815.5867 8249203.3059, -12716852.1042 8249111.4231, -12716560.4798 8248913.1776, -12716482.6809 8248790.8413, -12716258.9057 8248796.3196, -12715962.7148 8248851.5175, -12715768.391 8248810.0271, -12715623.7998 8248754.538, -12715466.3487 8248717.4454, -12715319.0982 8248615.0296, -12715261.7151 8248531.0286, -12715219.1843 8248354.1393, -12715226.238 8248206.8556, -12715209.7092 8248044.7351, -12715170.8801 8247920.0907, -12716717.2052 8247472.7677, -12716738.6841 8247422.0817, -12716923.9027 8247165.3311, -12717055.5946 8247071.7676, -12717264.8816 8247024.8667, -12717543.5609 8247061.5625, -12717745.7608 8247200.5523, -12717827.9828 8247339.7449, -12717850.1133 8247499.9593, -12717782.9306 8247785.6513, -12717780.4688 8247908.65869999, -12717861.3595 8247896.0775, -12718136.1239 8247950.2937, -12718388.5902 8247939.8922, -12718580.6695 8247888.8493, -12718759.4936 8247802.0259, -12718877.4425 8247718.1827, -12718982.5927 8247618.7108, -12719181.8531 8247353.9023, -12719290.4477 8247248.2559, -12719388.647 8247118.3574, -12719457.9519 8246991.2097, -12719508.9157 8246855.6391, -12719573.6504 8246508.9345, -12719658.9535 8246371.6355, -12719833.8204 8246247.2993, -12720114.0871 8246130.2532, -12720303.2454 8245997.4596, -12720545.9367 8245942.9603, -12720749.6584 8245926.1437, -12720910.7295 8245954.8425, -12720988.372 8246004.8178, -12721321.7695 8245783.76959999, -12721481.2683 8245758.8829, -12721637.9743 8245797.681, -12721767.5367 8245894.1359, -12721849.82 8246033.2601, -12721892.0671 8246255.52269999, -12721925.5233 8246336.9034, -12722028.7 8246362.4422, -12722200.8244 8246490.5682, -12722262.6132 8246608.5555, -12722272.0716 8246794.7312, -12722422.1274 8246890.9135, -12722697.3159 8246988.0233, -12722980.5956 8247149.7598, -12723155.552 8247308.9532, -12723306.043 8247409.1392, -12723471.6177 8247481.6224, -12723719.5888 8247546.5976, -12723849.2088 8247643.0387, -12723947.8113 8247809.6488, -12724032.3746 8248011.1795, -12724078.7141 8248187.6109, -12724103.2519 8248399.3244, -12724147.2623 8248553.22079999, -12724078.288 8249002.6783, -12724079.8702 8249103.5642, -12724213.0305 8249308.7235, -12724383.5861 8249468.7519, -12724465.9698 8249607.9344, -12724488.2501 8249768.1782, -12724440.8796 8249947.687, -12724326.9636 8250204.6972, -12724443.9199 8250225.50639999, -12724579.676 8250313.1729, -12724671.0629 8250446.5902, -12724703.8745 8250605.024, -12724673.008 8250763.8543, -12724583.2572 8250898.393, -12724497.2699 8250959.6201, -12724545.6199 8251128.4971, -12724608.9836 8251261.6778, -12724643.8074 8251429.8359, -12724612.9362 8251588.6835, -12724523.1742 8251723.2363, -12724388.4712 8251812.5782, -12723862.9403 8251901.4247, -12723591.8332 8252029.6501, -12723562.0855 8252149.5841, -12723472.2975 8252284.1341, -12723337.5717 8252373.4636, -12723136.4076 8252411.7659, -12723101.5183 8252455.5358, -12723020.533 8252617.4872, -12722972.6465 8252773.3359, -12722949.6855 8252934.7733, -12722954.0758 8253115.8671, -12722980.1814 8253258.476, -12723032.8903 8253412.7697, -12723099.4813 8253541.5056, -12723234.6116 8253748.3824, -12723363.3673 8253875.6026, -12723548.5789 8254007.9948, -12723658.0429 8254192.9749, -12723715.4889 8254581.9653, -12723916.4069 8254702.15, -12724007.8357 8254835.6544, -12724040.6521 8254994.1845, -12723987.1338 8255230.4293, -12724251.4433 8255677.5107, -12724273.7367 8255837.8856, -12724199.3443 8256126.1373, -12724178.2057 8256324.3033, -12724189.2845 8256487.0711, -12724231.8602 8256701.2919, -12724229.4852 8256998.3952, -12724170.0431 8257223.6128, -12724110.7492 8257306.4186, -12723941.4581 8257418.6858, -12723777.2921 8257489.769, -12723796.2723 8257626.3751, -12723750.3848 8257800.1953, -12723691.0817 8257883.004, -12723541.4126 8257982.2467, -12723382.5697 8258012.4953, -12723224.401 8257978.8898, -12723091.4923 8257886.6549, -12723004.5015 8257750.1289, -12722997.5816 8257710.0483, -12722906.0166 8257690.5894, -12722591.2803 8257494.6631, -12722439.216 8257266.01, -12722273.3723 8257099.2162, -12721846.9334 8256831.7817, -12721759.9778 8256695.2606, -12721723.5198 8256512.8083, -12721668.1349 8256359.3859, -12721564.9137 8256186.4819, -12721556.1228 8256231.6146, -12721499.6944 8256337.6415, -12721194.7761 8256728.1745, -12721079.9493 8256963.1271, -12721037.448 8257161.3288, -12721032.0191 8257410.6639, -12721062.7537 8257570.9019, -12721125.7564 8257740.8186, -12721220.3813 8257909.4457, -12721275.7239 8258182.7645, -12721394.0088 8258427.022, -12721518.922 8258582.2135, -12721656.2846 8258700.2349, -12721795.7532 8258784.5763, -12721954.5614 8258848.4531, -12722107.6985 8258947.4169, -12722199.1466 8259081.0197, -12722271.4512 8259420.1392, -12722350.6038 8259622.6112, -12722481.6763 8259818.1061, -12722638.8446 8259968.1004, -12722823.7155 8260082.0805, -12723010.631 8260150.6359, -12723207.1725 8260182.1995, -12723424.0669 8260173.1165, -12723582.9 8260136.6892, -12723750.2492 8260067.6039, -12724205.9938 8259755.5881, -12724268.2176 8259741.58209999, -12724479.7348 8259779.217, -12724695.6754 8259898.1788, -12724748.7147 8259829.17589999, -12724789.3103 8259591.893, -12724874.6681 8259454.2934, -12725006.4784 8259360.4345, -12725164.2568 8259324.9005, -12725323.4854 8259353.2123, -12725485.4907 8259457.80259999, -12725638.4972 8259592.0709, -12725761.8936 8259668.0814, -12725946.3267 8259743.0524, -12726109.1598 8259775.0113, -12726335.466 8259610.2561, -12726502.6482 8259396.531, -12726608.9062 8259146.7485, -12726680.677 8258740.1228, -12726741.7937 8258587.0984, -12726775.8008 8258446.0636, -12726789.9575 8258247.2175, -12726767.3481 8258055.8184, -12726793.5899 8257891.8024, -12726871.1706 8257716.3065, -12726913.6517 8257540.1136, -12726924.3369 8257341.07419999, -12726893.1913 8257110.2941, -12726929.267 8256952.4291, -12727023.4454 8256820.79959999, -12727161.0862 8256735.8625, -12727320.8011 8256710.814, -12727477.7694 8256749.54649999, -12727607.5986 8256846.0414, -12727817.0915 8257185.5463, -12727912.9128 8257294.3133, -12728022.9153 8257388.6625, -12728226.3014 8257506.6204, -12728468.8058 8257578.8894, -12728612.9424 8257592.9598, -12728757.6312 8257586.7953, -12728900.0545 8257560.516, -12729054.1233 8257507.5608, -12729272.256 8257379.15869999, -12729462.9347 8257188.8559, -12729606.0234 8257086.8321, -12729763.7313 8257051.2106, -12729922.9292 8257079.415, -12730058.8754 8257167.0621, -12730150.4451 8257300.5353, -12730183.4034 8257459.091, -12730099.7375 8257950.1902, -12730107.461 8258131.29429999, -12730152.0454 8258325.5751, -12730232.8196 8258507.7684, -12730335.1837 8258657.2619, -12730448.2463 8258774.7577, -12730645.3381 8258931.46689999, -12730703.3596 8259010.482, -12731241.4303 8259135.9029, -12731421.9988 8259126.0261, -12731576.5252 8259091.7036, -12731724.0392 8259034.2297, -12732078.276 8258807.8826, -12732172.8608 8258782.6335, -12732270.6966 8258779.4418, -12732418.8607 8258818.9929, -12732621.5793 8258942.9125, -12732840.1268 8259037.0892, -12732930.1503 8259103.5068, -12733000.0634 8259190.9029, -12733045.1563 8259293.391, -12733091.9627 8259502.7277, -12733087.4205 8259614.6414, -12733054.2621 8259721.6112, -12732956.2539 8259857.2205, -12732675.606 8260046.0112, -12732503.8133 8260225.746, -12732370.9166 8260462.1866, -12732303.6311 8260725.0348, -12732303.5965 8260973.8976, -12732362.6135 8261215.644, -12732527.1174 8261559.9341, -12732694.3536 8261773.4474, -12732815.6376 8261875.4137, -12732961.1235 8261962.781, -12733108.0607 8262021.8872, -12733273.4636 8262059.5747, -12733462.3579 8262069.1519, -12734348.7574 8262013.887, -12735144.9837 8262942.3656, -12735201.313 8262977.355, -12735377.3927 8263042.6263, -12735452.3182 8263034.6299, -12735657.5192 8262983.5377, -12735839.0945 8262884.1112, -12736002.5963 8262747.4353, -12736139.8978 8262565.1038, -12736206.9669 8262433.627, -12736239.7175 8262290.191, -12736272.011 8261858.1782, -12736274.773 8261489.0029, -12736244.5789 8261265.036, -12736194.9863 8261134.1132, -12736089.9598 8261035.7187, -12735966.3374 8260965.9966, -12735829.3254 8260944.0471, -12735761.5377 8260947.9297, -12735622.2583 8260969.1465, -12735170.6056 8261192.9123, -12734949.972 8261264.1019, -12734840.7095 8261243.8731, -12734737.6426 8261154.5339, -12734733.3411 8261012.707, -12734771.261 8260916.3104, -12734857.5233 8260830.3632, -12734962.5404 8260751.2754, -12735502.1442 8260431.2244, -12735780.7684 8260247.3385, -12735971.8984 8260060.0236, -12736021.4071 8259988.6899, -12736099.02 8259835.70629999, -12736144.1992 8259672.4898, -12736157.5141 8259506.4753, -12736115.5259 8259201.6935, -12736005.4236 8258929.6517, -12735726.1744 8258777.9256, -12735522.4572 8258739.404, -12735304.3893 8258757.2733, -12734799.7011 8258848.8356, -12734175.8503 8258904.916, -12734011.1819 8258911.8553, -12733928.9973 8258899.4784, -12733851.7204 8258882.332, -12733741.7954 8258790.5221, -12733689.7113 8258671.9279, -12733668.5306 8258557.5282, -12733828.6548 8258351.985, -12734056.9025 8258194.5771, -12734342.0862 8258055.7634, -12734627.9228 8257884.824, -12734756.5745 8257786.6743, -12735112.7274 8257434.0119, -12735317.9188 8257287.03, -12735534.559 8257193.5649, -12735771.6804 8257171.6724, -12735925.9168 8257198.4065, -12736064.8789 8257264.2768, -12736194.5104 8257349.4046, -12736554.6102 8257658.10100001, -12736834.4566 8257952.2383, -12736981.7044 8258219.0174, -12737032.2768 8258372.1692, -12737092.2079 8258679.6815, -12737114.4314 8258953.2709, -12737265.0885 8258909.9062, -12737511.5044 8258766.558, -12737730.3291 8258689.5871, -12737510.2589 8258585.7853, -12737350.7622 8258475.5537, -12737293.0532 8258391.6116, -12737250.5042 8258216.9255, -12737312.753 8257793.4894, -12737311.484 8257648.4188, -12737290.0733 8257504.9396, -12737218.2091 8257307.1657, -12737195.7548 8257338.6409, -12737046.2764 8257438.1499, -12736887.4995 8257468.6864, -12736729.2805 8257435.3719, -12736596.2132 8257343.38579999, -12736508.9801 8257207.0281, -12736481.1377 8257047.4952, -12736517.0095 8256889.5836, -12736611.0171 8256757.83299999, -12736695.9337 8256705.2802, -12736475.0658 8256613.0121, -12735943.6126 8256493.7759, -12735752.2417 8256361.4553, -12735694.5674 8256277.5248, -12735570.8519 8255852.7359, -12735355.072 8255508.9274, -12735312.5849 8255334.298, -12735337.9795 8255174.3968, -12735423.0913 8255036.7564, -12735834.0408 8254765.4799, -12735951.1842 8254652.1927, -12736058.7894 8254506.5603, -12736146.0032 8254327.4894, -12736194.3564 8254152.9067, -12736211.713 8253954.4297, -12736193.7305 8253770.6444, -12736219.6948 8253607.0302, -12736304.7722 8253469.4085, -12736436.3323 8253375.4208, -12736593.9295 8253339.6712, -12736753.074 8253367.7144, -12736948.3988 8253493.3879, -12737094.0481 8253638.1901, -12737258.9285 8253749.5936, -12737442.0032 8253827.4312, -12737698.0172 8253886.8587, -12738113.4032 8254148.9343, -12738367.9426 8254241.6943, -12738565.3589 8254265.9379, -12738745.8805 8254254.8377, -12738989.5619 8254187.0756, -12739214.1991 8254063.7048, -12739374.642 8254038.2741, -12739533.6179 8254060.4403, -12739678.3633 8254059.1246, -12740049.4892 8254003.4768, -12740206.4669 8254041.9251, -12740336.4149 8254138.1624, -12740580.2821 8254574.8391, -12740605.5607 8254414.9358, -12740690.5663 8254277.2485, -12741053.0957 8254013.0621, -12741234.2175 8253811.3286, -12741307.61 8253686.3512, -12741362.9233 8253552.3597, -12741397.2935 8253413.9207, -12741302.969 8253346.7423, -12741245.2548 8253262.8885, -12741149.0381 8252899.45449999, -12740919.4117 8252382.2575, -12740853.7717 8252113.3415, -12740829.4017 8251913.6129, -12740776.0996 8251750.2965, -12740677.8202 8251563.2322, -12740541.3309 8251397.4474, -12740477.6947 8251342.5876, -12740248.3749 8251463.2834, -12740089.6399 8251583.2142, -12739967.5486 8251716.7956, -12739773.7961 8251989.9251, -12739624.4599 8252089.4152, -12739465.8081 8252119.9854, -12739249.315 8252085.7835, -12739049.3595 8252092.9694, -12738851.0201 8252079.1313, -12738580.7873 8252122.358, -12738819.4117 8252292.9173, -12738966.9505 8252361.7913, -12739105.7207 8252402.928, -12739248.8565 8252424.3149, -12739393.5707 8252425.5352, -12739725.1784 8252364.0645, -12739884.3142 8252392.0368, -12740020.2927 8252479.4461, -12740118.8241 8252622.6537, -12740176.2274 8252804.9082, -12740139.0858 8253047.9258, -12740049.587 8253182.6939, -12739900.2737 8253282.1767, -12739748.5929 8253343.5584, -12739594.4349 8253438.2678, -12739459.0319 8253558.3535, -12739334.1376 8253716.3584, -12739184.7608 8253815.8625, -12739026.0699 8253846.4302, -12738867.9184 8253813.1778, -12738723.9317 8253713.7048, -12738556.1874 8253545.2872, -12738389.3769 8253436.8152, -12738170.0775 8253352.529, -12737937.4745 8253319.814, -12737792.876 8253326.1546, -12737609.6068 8253357.4975, -12737399.549 8253313.2887, -12737251.9042 8253211.2453, -12737194.237 8253127.3618, -12737151.7201 8252952.7986, -12737177.0668 8252792.942, -12737262.1172 8252655.32429999, -12737397.6942 8252558.4403, -12737570.7943 8252490.6453, -12737724.9583 8252395.99, -12737872.7133 8252262.6898, -12737997.0654 8252101.4665, -12738030.2296 8252080.9334, -12737842.4798 8252021.7325, -12737662.8336 8252001.2462, -12737500.2924 8252009.7917, -12737354.3041 8252039.5055, -12737205.744 8252093.3202, -12736987.6961 8252135.2605, -12736829.5902 8252101.9723, -12736681.9771 8251999.934, -12736624.3262 8251916.0603, -12736557.5925 8251664.3428, -12736441.8242 8251398.8399, -12736331.4625 8250771.7576, -12736219.2804 8250511.3877, -12736108.213 8250007.4645, -12735968.05 8249709.2206, -12735933.754 8249441.7229, -12735879.8568 8249363.2937, -12735863.4298 8249316.5282, -12735874.3555 8249225.3227, -12735814.403 8249104.8177, -12735689.5229 8248922.8538, -12735578.5867 8248803.6358, -12735450.4028 8248703.2698, -12735291.598 8248616.8487, -12735137.7845 8248563.7516, -12734977.5744 8248535.4088, -12734814.9115 8248532.518, -12734616.0224 8248557.0845, -12734406.1182 8248512.8198, -12734258.6099 8248410.7828, -12734201.0137 8248326.9302, -12734158.5942 8248152.4626, -12734183.9886 8247992.7193, -12734269.039 8247855.2245, -12734400.5253 8247761.3433, -12734558.013 8247725.66359999, -12734769.2418 8247762.9435, -12734972.698 8247883.0642, -12735159.4199 8247951.2005, -12735355.6915 8247982.3894, -12735432.162 8247382.7378, -12735345.0666 8247246.549, -12735317.2858 8247087.2248, -12735353.1336 8246929.5297, -12735447.0353 8246797.96940001, -12735584.3945 8246712.9891, -12735743.8662 8246687.79200001, -12735900.667 8246726.2933, -12736030.4314 8246822.5111, -12736112.9922 8246961.4944, -12736135.5161 8247121.6467, -12736318.4692 8247595.6266, -12736544.7032 8247544.3094, -12736816.3249 8247574.4926, -12737088.0983 8247725.7988, -12737226.0334 8247769.3631, -12737386.7042 8247794.8491, -12737656.9578 8247780.64239999, -12737796.976 8247744.3532, -12737942.8487 8247682.6343, -12738110.3926 8247656.107, -12738476.9763 8247734.89, -12738621.5557 8247738.6527, -12738783.0099 8247718.7564, -12739069.4899 8247631.6669, -12739298.9444 8247487.9427, -12739415.9201 8247374.7108, -12739503.9214 8247259.7455, -12739575.0916 8247133.6315, -12739630.1786 8246991.8288, -12739744.6855 8246806.4086, -12739876.0841 8246712.44340001, -12740033.5235 8246676.6521, -12740369.9474 8246733.8311, -12740610.2941 8246733.0209, -12740783.6165 8246763.4648, -12740919.5033 8246850.7915, -12741106.5322 8247120.1451, -12741243.2582 8247100.173, -12741346.3768 8246997.3719, -12741432.2239 8246876.2624, -12741563.6029 8246782.2661, -12741721.0358 8246746.4386, -12741932.2727 8246783.50900001, -12742107.2934 8246901.6532, -12742387.9556 8247295.8871, -12742491.1807 8247397.3557, -12742671.8824 8247534.2377, -12742788.4772 8247757.4969, -12742893.5287 8247904.7874, -12742994.9855 8248008.0467, -12743121.7755 8248103.9612, -12743306.7712 8248213.0085, -12743493.5784 8248280.93779999, -12743726.0486 8248313.45579999, -12744005.276 8248290.1679, -12744268.7969 8248336.3293, -12744448.1126 8248439.25900001, -12744599.0158 8248500.157, -12744968.6479 8248571.6902, -12745121.7312 8248464.5344, -12745281.2087 8248439.1259, -12745438.0963 8248477.4344, -12745568.0152 8248573.508, -12745618.0744 8248657.53239999, -12745836.2465 8248695.1268, -12746034.8797 8248701.8357, -12746231.1402 8248670.449, -12746440.9764 8248590.6158, -12746627.7311 8248547.9858, -12746786.8114 8248575.7952, -12746922.8016 8248663.0329, -12747014.57 8248796.1456, -12747047.851 8248954.446, -12746990.6226 8249262.889, -12747029.4898 8249271.6624, -12747165.4957 8249358.9039, -12747257.277 8249492.026, -12747290.5662 8249650.3406, -12747251.9163 8249898.7595, -12747263.2271 8250126.9038, -12747217.935 8250300.6952, -12747158.9528 8250383.60939999, -12746961.4512 8250518.2669, -12747105.8027 8250784.919, -12747128.5751 8250945.1207, -12747083.2747 8251118.93029999, -12746869.7491 8251387.8539, -12746800.4729 8251499.2409, -12746847.6293 8251740.6616, -12746817.2314 8251899.6093, -12746727.8674 8252034.4376, -12746672.9499 8252071.0997, -12746710.2153 8252301.2306, -12746784.9454 8252485.8217, -12746916.8083 8252690.9361, -12746950.1044 8252849.3198, -12746919.7042 8253008.2915, -12746830.3287 8253143.1411, -12746695.8675 8253232.9064, -12746537.2196 8253263.6329, -12746379.0465 8253230.5435, -12746231.2796 8253128.6801, -12746120.2982 8252977.506, -12746005.0513 8252862.3379, -12745873.2422 8252766.6472, -12745728.1157 8252692.7885, -12745519.14 8252634.54219999, -12745442.4539 8252744.1163, -12745655.9841 8253060.3227, -12745723.1256 8253231.1194, -12745834.8418 8253411.2597, -12745879.0445 8253621.676, -12745840.2922 8253792.1719, -12745930.8494 8254021.4984, -12746156.4672 8254405.7574, -12746218.3981 8254638.7988, -12746339.3553 8254861.3032, -12746483.3047 8255023.8789, -12746657.8568 8255152.9194, -12746855.3818 8255242.7815, -12747179.2089 8255325.43069999, -12747309.2699 8255421.5624, -12747394.0836 8255563.8458, -12747461.2412 8255779.3597, -12747609.9555 8256064.829, -12747889.9121 8256461.0669, -12747923.2457 8256619.5268, -12747879.5787 8256848.0332, -12747741.4499 8257060.8584, -12747665.3822 8257111.813, -12747794.7276 8257194.7667, -12747886.6167 8257328.0215, -12747919.9541 8257486.4995, -12747830.392 8257873.7344, -12747810.1688 8258053.86779999, -12747818.9306 8258216.8167, -12747853.032 8258376.3898, -12747927.8514 8258561.1202, -12748008.2737 8258684.7776, -12748217.2073 8258745.2043, -12748398.1198 8258861.21, -12748490.0403 8258994.487, -12748523.3979 8259152.9977, -12748493.0052 8259312.11039999, -12748459.9559 8259361.9983, -12748443.9528 8259445.7738, -12748372.5511 8259577.2392, -12748317.0579 8259730.6992, -12748279.9286 8259987.7914, -12748225.8886 8260195.2615, -12748166.8387 8260278.2937, -12748078.4519 8260338.0404, -12748269.7497 8260366.4177, -12748493.1233 8260490.5935, -12748677.5111 8260634.8068, -12748938.0734 8260803.3246, -12749030.0274 8260936.6295, -12749062.6136 8261091.4194, -12749023.0958 8261298.3845, -12748968.1608 8261420.3861, -12749115.1503 8261509.6084, -12749207.3369 8261643.2438, -12749275.6819 8261854.0286, -12749390.6266 8262058.8512, -12749413.4823 8262219.2886, -12749369.995 8262386.3496, -12749507.0103 8262420.6629, -12749637.2257 8262516.8455, -12749720.2158 8262655.9707, -12749743.0804 8262816.4198, -12749697.7682 8262990.5223, -12749468.0531 8263341.2019, -12749404.9188 8263511.2219, -12749372.214 8263689.6453, -12749379.2631 8263943.2135, -12749446.0601 8264234.3418, -12749657.9215 8264602.94609999, -12749680.7907 8264763.43729999, -12749622.1317 8264988.8124, -12749546.723 8265133.8005, -12749493.8966 8265288.3309, -12749467.7161 8265431.1688, -12749461.5601 8265586.9226, -12749361.8821 8265980.98089999, -12749351.2798 8266201.9907, -12749365.3828 8266293.6625, -12749423.1504 8266465.6625, -12749508.8602 8266623.4677, -12749542.3936 8266782.7074, -12749511.9911 8266941.9873, -12749422.4942 8267077.1203, -12749243.5878 8267196.6446, -12749166.7814 8267215.6851, -12749068.8522 8267360.261, -12748940.0839 8267458.1424, -12748826.9679 8267575.8567, -12748683.5357 8267806.6056, -12748611.159 8268030.9381, -12748576.7165 8268235.76, -12748557.6697 8268658.523, -12748429.6136 8268868.8664, -12748294.886 8268958.8498, -12748135.9085 8268989.6747, -12747988.6702 8268958.9055, -12747660.7277 8269031.7361, -12747413.413 8269122.1963, -12747089.1807 8269319.2615, -12746922.5821 8269351.5358, -12746741.1445 8269343.8038, -12746543.8203 8269371.8446, -12746372.0276 8269429.6681, -12746197.8334 8269526.6775, -12746008.2365 8269695.124, -12745864.943 8269904.5166, -12745780.8378 8270124.777, -12745700.5112 8270533.6564, -12745629.0348 8270641.4592, -12745645.5517 8270758.6392, -12745699.1861 8270793.058, -12745791.2053 8270926.5825, -12745824.5582 8271085.3599, -12745799.5467 8271262.3791, -12745804.5051 8271443.9062, -12745887.9223 8271771.2607, -12745914.7796 8272052.6797, -12745898.4757 8272137.8702, -12745956.4479 8272438.5818, -12745910.9873 8272612.8864, -12745851.8127 8272696.0379, -12745702.1401 8272795.9269, -12745490.4553 8272836.8933, -12745293.0119 8272837.2856, -12745200.0996 8272853.4666, -12745198.2255 8272928.2892, -12745254.0683 8273335.8981, -12745208.5856 8273510.2191, -12745149.396 8273593.3749, -12744999.6958 8273693.2617, -12744840.603 8273724.03499999, -12744682.0012 8273690.8171, -12744548.5437 8273598.7724, -12744394.5029 8273331.5295, -12744451.0167 8273652.3444, -12744440.1418 8273699.3188, -12744666.9366 8274085.7376, -12744689.7264 8274246.4486, -12744645.2538 8274416.8454, -12744785.4317 8274506.8274, -12744877.4803 8274640.4301, -12744910.8301 8274799.2904, -12744870.2683 8275011.0718, -12744836.707 8275082.3605, -12744884.095 8275005.5086, -12745015.9299 8274911.0965, -12745173.9438 8274875.06139999, -12745333.5835 8274903.0022, -12745529.6211 8275028.8145, -12745607.9201 8275129.9543, -12745763.982 8275220.9554, -12745896.2609 8275412.89419999, -12745934.9581 8275517.7262, -12745973.6323 8275731.7483, -12746007.1111 8275737.6044, -12746143.5898 8275825.1765, -12746215.481 8275929.4814, -12746550.9909 8275884.6075, -12746715.8328 8275920.9149, -12746932.2262 8275922.6326, -12747090.3129 8275956.0325, -12747194.5682 8275986.2969, -12747293.2868 8276119.5714, -12747392.8746 8276123.7889, -12747620.612 8276085.7186, -12747780.2866 8276113.611, -12747916.7931 8276201.1548, -12748008.9192 8276334.7491, -12748042.3435 8276493.6316, -12748002.0722 8276704.3773, -12747920.8077 8276924.5679, -12748074.6382 8277160.233, -12748108.8672 8277322.9327, -12748105.617 8277540.3919, -12748188.4029 8277593.4792, -12748335.5476 8277559.8564, -12748385.5573 8277573.8162, -12748566.9312 8277690.1126, -12748659.0874 8277823.7254, -12748692.5323 8277982.6368, -12748662.065 8278142.1528, -12748572.4169 8278277.4785, -12748389.6505 8278393.8601, -12748288.8226 8278414.3535, -12748391.8579 8278587.1549, -12748414.742 8278747.9519, -12748369.3002 8278922.419, -12748308.6352 8279007.7242, -12748177.2175 8279121.3222, -12748059.7831 8279265.0621, -12748000.176 8279222.1949, -12747983.0609 8279311.7584, -12747854.2679 8279517.015, -12747719.0635 8279836.5415, -12747778.9915 8279949.0559, -12747877.5051 8280079.622, -12748009.3385 8280204.5785, -12748242.536 8280344.4693, -12748484.2685 8280413.92019999, -12748523.1999 8280392.0948, -12748637.6055 8280371.2872, -12748752.9316 8280386.1335, -12748934.4383 8280494.2329, -12749026.6358 8280627.8915, -12749112.4368 8281092.7306, -12749228.1522 8281258.8497, -12749256.4752 8281393.37389999, -12749399.8825 8281570.1786, -12749650.2613 8281764.7835, -12749733.4663 8281904.2693, -12749793.7972 8282302.6098, -12749884.2027 8282542.7055, -12749921.7632 8282721.0258, -12749850.275 8283134.1615, -12749927.2666 8283245.7469, -12749960.7629 8283404.7685, -12749914.4263 8283672.6572, -12749952.0776 8283765.5465, -12750072.5941 8283947.256, -12750200.0987 8284076.7751, -12750411.7027 8284236.20099999, -12750499.7016 8284383.6889, -12750518.2545 8284534.5058, -12750491.3989 8284665.9867, -12750421.1994 8284805.7478, -12750370.9574 8284961.595, -12750347.2226 8285105.25079999, -12750343.6768 8285250.8201, -12750371.8273 8285448.9, -12750485.2508 8285815.423, -12750482.4388 8285935.4868, -12750433.7518 8286087.5361, -12750410.0146 8286231.2138, -12750417.1188 8286485.5499, -12750478.5945 8286713.7365, -12750586.4209 8286917.3137, -12750619.9786 8287076.557, -12750588.2859 8287242.7192, -12750562.8892 8287297.2881, -12750607.9035 8287591.0699, -12750658.7264 8287746.7926, -12750726.7309 8287881.8877, -12750749.6939 8288042.8784, -12750704.2496 8288217.5777, -12750653.338 8288300.9907, -12750736.7675 8288436.8126, -12750857.4155 8288572.9104, -12750969.8028 8288665.3649, -12751199.9645 8288814.2984, -12751292.3061 8288948.0787, -12751325.8572 8289107.2161, -12751295.4002 8289266.9815, -12751205.6651 8289402.5415, -12750797.0501 8289655.6125, -12750679.9337 8289759.4767, -12750591.9708 8289863.0516, -12750412.1007 8290179.3012, -12750320.9704 8290294.8894, -12750338.5873 8290459.9652, -12750436.5865 8290714.3439, -12750619.0607 8290973.1282, -12750663.6214 8291184.5806, -12750631.94 8291350.6871, -12750567.4355 8291486.0178, -12750519.8763 8291642.8613, -12750498.6315 8291787.0399, -12750498.1682 8291940.3765, -12750452.8484 8292177.9596, -12750071.9758 8292733.5036, -12749841.0506 8292925.4848, -12749681.383 8293146.4201, -12749598.2765 8293348.3674, -12749503.5293 8293710.6763, -12749504.9018 8293842.9342, -12749571.4262 8294095.4613, -12749598.9929 8294288.9463, -12749528.1268 8294578.3098, -12749517.2033 8294829.222, -12749417.0377 8295279.9083, -12749406.4852 8295502.1339, -12749426.6658 8295676.988, -12749503.4996 8295899.6523, -12749544.0777 8296092.3515, -12749523.1428 8296385.3266, -12749576.3351 8296691.1723, -12749535.7854 8296903.6039, -12749361.4163 8297139.233, -12749269.9362 8297315.6791, -12749219.5845 8297471.7805, -12749194.2288 8297633.8539, -12749236.9224 8297999.5312, -12749298.2691 8298269.7935, -12749279.1424 8298495.9764, -12749285.1263 8298659.9409, -12749340.8689 8298896.5541, -12749376.5643 8299147.1484, -12749331.0189 8299322.0999, -12749235.7182 8299466.1903, -12749166.7296 8299615.0236, -12749125.5904 8299754.9793, -12749104.2948 8299899.311, -12749103.2586 8300045.2097, -12749122.5031 8300189.8359, -12749167.9149 8300347.5165, -12749241.4999 8300512.2103, -12749272.0112 8300726.4318, -12749225.9476 8300903.3633, -12749156.5964 8301046.5479, -12749182.7456 8301154.8814, -12749263.9302 8301336.9742, -12749305.0436 8301532.248, -12749269.834 8301791.772, -12749278.6774 8301955.6796, -12749315.0963 8302143.02839999, -12749284.5417 8302303.0655, -12749194.6113 8302438.8383, -12748983.9644 8302568.17189999, -12748954.9452 8302567.9645, -12748757.2164 8302818.83209999, -12748647.9821 8303049.1648, -12748512.3927 8303525.3845, -12748491.0742 8303669.7876, -12748491.1822 8303831.9807, -12748448.5217 8304019.5772, -12748506.1402 8304427.4511, -12748311.7839 8305129.984, -12748290.5479 8305319.2172, -12748310.9992 8305577.556, -12748385.9768 8305796.4105, -12748438.0023 8306043.6592, -12748362.5064 8306341.9426, -12748331.9452 8306632.0125, -12748346.5097 8306813.8885, -12748438.1231 8307241.6818, -12748407.5282 8307401.825, -12748282.6005 8307590.3845, -12748218.444 8307728.7454, -12748157.4663 8307995.13, -12748161.9466 8308232.1222, -12748255.1915 8308706.4057, -12748195.0589 8308937.2416, -12748124.8296 8309067.016, -12748068.9572 8309221.497, -12748040.0923 8309364.6922, -12748031.4024 8309510.521, -12748056.4599 8309727.9925, -12748128.4032 8309940.4057, -12748170.0645 8310138.4345, -12748069.1749 8310551.6227, -12747911.0204 8310776.5446, -12747834.207 8310921.7638, -12747761.2644 8311104.847, -12747724.5845 8311265.0397, -12747720.2087 8311538.4327, -12747805.1501 8311926.2056, -12747742.1568 8312274.9943, -12747857.1444 8312450.554, -12747880.1198 8312612.0865, -12747834.4553 8312787.3458, -12747714.6083 8312978.3234, -12747638.3287 8313183.579, -12747627.2597 8313279.876, -12747656.3549 8313491.7217, -12747564.5507 8313855.2108, -12747547.6993 8314073.6025, -12747605.4662 8314312.0158, -12747687.0533 8314475.3592, -12747916.3273 8314810.4702, -12747960.255 8315019.3017, -12747847.924 8315493.4379, -12747841.6152 8315748.7983, -12747880.1658 8315945.9511, -12747948.3519 8316148.82209999, -12748021.0822 8316293.8787, -12748065.719 8316506.0677, -12748035.0774 8316666.4089, -12747881.4346 8316893.6334, -12747873.461 8317052.5796, -12747831.45 8317272.3814, -12747637.4196 8317594.8941, -12747588.8777 8317732.8239, -12747557.7693 8317894.3445, -12747552.2673 8318058.7549, -12747572.509 8318222.0068, -12747611.7258 8318362.8948, -12747675.9391 8318507.8398, -12747713.0184 8318684.1446, -12747682.36 8318844.5314, -12747562.5937 8319025.25949999, -12747407.136 8319156.6929, -12747308.6277 8319264.6774, -12747195.0577 8319454.5975, -12747183.8826 8319736.0387, -12747256.627 8320112.9157, -12747221.4691 8320296.7786, -12747280.9933 8320383.1146, -12747314.5988 8320542.9451, -12747273.8516 8320756.0458, -12747180.5831 8320939.3598, -12747132.0106 8321077.3486, -12747041.8748 8321487.5303, -12747051.1808 8321631.5167, -12747020.1473 8321793.7848, -12746916.4958 8321961.1061, -12746846.8675 8322130.1164, -12746810.1126 8322290.5422, -12746798.8389 8322436.4482, -12746807.9462 8322582.5089, -12746837.2588 8322725.8813, -12746886.2071 8322863.7741, -12746962.3497 8323007.106, -12746996.3764 8323168.9748, -12746968.887 8323418.9593, -12746810.204 8323675.525, -12746571.62 8323865.2838, -12746476.861 8323976.7059, -12746398.5018 8324100.2556, -12746320.2789 8324285.4887, -12746231.2308 8324625.1168, -12746208.5525 8324788.1938, -12746210.8306 8324943.9019, -12746176.4375 8325131.5823, -12746086.1713 8325267.7339, -12745744.8958 8325507.4412, -12745630.8372 8325626.026, -12745546.0978 8325745.3148, -12745446.0954 8325960.7665, -12745319.0768 8326438.5077, -12745195.0949 8326713.661, -12745161.0833 8326874.7964, -12745152.654 8327039.2814, -12745173.0671 8327259.5014, -12745168.65 8327469.9576, -12745222.6519 8327864.7519, -12745157.6649 8328070.746, -12745219.4924 8328337.7028, -12745348.8872 8328580.7968, -12745382.4877 8328740.8123, -12745351.7365 8328901.4064, -12745261.409 8329037.6169, -12745135.0167 8329131.0714, -12745013.4787 8329254.1083, -12744889.0767 8329343.7768, -12744783.1084 8329444.7166, -12744681.9782 8329574.6502, -12744610.096 8329702.217, -12744546.2777 8329873.7169, -12744503.5237 8330079.0748, -12744392.3767 8330332.935, -12744355.474 8330567.7918, -12744366.1838 8330768.8059, -12744430.9011 8331085.7567, -12744400.1194 8331246.3975, -12744367.815 8331295.098, -12744327.5431 8331449.3555, -12744236.9127 8331576.6407, -12744046.0447 8331733.0698, -12743925.0666 8331870.29649999, -12743821.703 8332042.9669, -12743780.8379 8332152.7487, -12743766.335 8332281.2621, -12743775.0909 8332445.8499, -12743817.6193 8332663.082, -12743784.7202 8332834.694, -12743696.2199 8333054.8171, -12743663.0638 8333234.8898, -12743661.6266 8333417.9984, -12743696.3348 8333625.0703, -12743665.4614 8333794.0538, -12743545.3535 8333975.0804, -12743416.5887 8334126.5635, -12743208.893 8334451.0661, -12743158.8135 8334660.7573, -12743154.393 8334893.3365, -12743099.8364 8335102.1671, -12743012.329 8335338.498, -12742986.7047 8335501.3772, -12742988.4029 8335684.1009, -12742848.0908 8336177.8767, -12742830.6639 8336534.3751, -12742795.679 8336689.042, -12742784.3169 8336853.568, -12742808.9342 8337091.7589, -12742855.5726 8337327.7923, -12742785.2761 8337596.8251, -12742718.7738 8337773.78589999, -12742687.4735 8337935.7217, -12742687.647 8338173.7135, -12742743.6448 8338462.8721, -12742712.7953 8338623.6651, -12742622.0523 8338760.3945, -12742509.0448 8338850.7152, -12742408.3316 8338957.1755, -12742295.9462 8339124.3263, -12742207.0791 8339345.0831, -12742121.7349 8339771.954, -12741938.4105 8340051.7519, -12741906.7015 8340090.5507, -12741663.8848 8340259.0774, -12741533.4533 8340387.6212, -12741285.6089 8340731.2401, -12741187.7908 8340928.03149999, -12741044.5879 8341455.3269, -12741016.6799 8341654.9746, -12741030.1897 8341874.4217, -12741094.6776 8342100.4334, -12741125.7072 8342320.0448, -12741079.6968 8342495.9635, -12741019.6689 8342580.19, -12740879.0399 8342696.4988, -12740760.235 8342835.9738, -12740667.4092 8342993.9972, -12740608.4278 8343148.1199, -12740574.2396 8343309.5906, -12740566.3359 8343492.7827, -12740646.0124 8344003.615, -12740599.9799 8344179.5704, -12740453.0544 8344395.7867, -12740365.5858 8344597.5263, -12740331.4373 8344740.2672, -12740317.5582 8344943.8424, -12740278.5212 8345146.9462, -12740187.9012 8345283.3917, -12740051.6736 8345374.1488, -12739857.4991 8345422.7598, -12739847.8929 8345491.3993, -12739868.7027 8345728.7194, -12739958.0744 8345988.4209, -12740152.4709 8346289.2559, -12740186.0381 8346449.6774, -12740155.0991 8346610.6327, -12740064.4586 8346747.1038, -12739928.2026 8346837.8764, -12739767.5096 8346868.8391, -12739585.1525 8346830.5108, -12739367.783 8346747.5953, -12738947.7434 8346726.2094, -12738916.7182 8346831.2121, -12738893.8087 8346994.75429999, -12738895.378 8347144.5328, -12738860.3919 8347326.3705, -12738754.6343 8347490.541, -12738691.5513 8347623.0882, -12738647.4959 8347763.1421, -12738621.7315 8347926.2786, -12738627.5205 8348146.2518, -12738682.6732 8348399.4112, -12738752.8036 8348568.9191, -12738903.5077 8348825.7482, -12738926.3976 8348988.1016, -12738866.6965 8349181.0275, -12738892.5133 8349218.5646, -12738926.0664 8349379.0548, -12738895.0875 8349540.0683, -12738804.3879 8349676.5774, -12738668.0623 8349767.3623, -12738425.9716 8349816.7147, -12738173.6691 8350199.0207, -12738022.3152 8350299.7946, -12737901.394 8350323.0616, -12737903.5835 8350378.5538, -12737857.3068 8350555.173, -12737797.4125 8350639.134, -12737413.6257 8350909.8328, -12737237.2311 8351120.4105, -12737159.7854 8351266.307, -12737110.8244 8351404.7932, -12737023.8152 8351886.1742, -12736933.052 8352022.7034, -12736796.6602 8352113.4822, -12736635.8396 8352144.3983, -12736475.588 8352110.6449, -12736323.729 8352018.4393, -12736171.5258 8351956.7546, -12736010.9394 8351845.7227, -12735952.5174 8351760.7072, -12735896.7349 8351531.4804, -12735905.4867 8351341.3906, -12735894.008 8351194.9285, -12735839.0254 8350981.7895, -12735778.2358 8350848.0984, -12735699.466 8350724.1843, -12735604.2494 8350612.4584, -12735494.4397 8350515.0939, -12735290.4809 8350392.2609, -12735049.2565 8350307.6423, -12734711.9471 8350075.2033, -12734583.1045 8350005.0673, -12734445.7735 8349953.574, -12734286.9812 8349916.5656, -12734129.6515 8349814.9835, -12733979.0136 8349747.7205, -12733566.7116 8349651.1866, -12733401.139 8349536.6206, -12733232.7003 8349386.2838, -12733058.2861 8349285.2818, -12732867.8411 8349219.4683), (-12693306.4452 8307792.45359999, -12693699.1162 8307700.2109, -12694284.5517 8307806.7553, -12694646.0247 8307616.0093, -12695109.0458 8307165.4017, -12695304.651 8307168.2244, -12695146.8154 8306806.6521, -12695088.1984 8306348.5459, -12694836.3727 8305724.3825, -12694611.0441 8305525.1731, -12694419.2662 8305261.1381, -12694161.3712 8305061.4538, -12693868.523 8305024.5264, -12693542.6098 8305019.7576, -12692795.8918 8304812.8522, -12692306.0731 8304870.9163, -12691979.2008 8304931.3727, -12691754.4581 8304699.4518, -12691696.0669 8304241.4497, -12691669.2986 8303849.2457, -12691445.084 8303584.7081, -12691090.0637 8303350.8611, -12690635.8497 8303213.4524, -12690279.4 8303077.4943, -12689792.1429 8302972.1851, -12689667.2453 8302611.1955, -12689671.1942 8302350.1064, -12689280.7393 8302311.5272, -12688826.1256 8302206.6616, -12688406.0997 8301971.7333, -12687852.7855 8301930.579, -12687685.8811 8302189.1379, -12687328.0237 8302150.9596, -12687071.9441 8301853.2127, -12686584.307 8301780.3426, -12686517.6321 8301877.2254, -12686059.5189 8302000.6286, -12685632.4344 8302222.4209, -12685366.1704 8302577.3075, -12685394.1379 8302871.5523, -12685067.8132 8302899.049, -12685035.746 8302865.8966, -12684968.5267 8302995.4172, -12685088.0623 8303682.9065, -12685304.8702 8304404.644, -12685462.1738 8304766.3067, -12685718.2886 8305064.2265, -12685725.9568 8304574.5357, -12686021.804 8304415.915, -12686344.1248 8304649.5293, -12686826.3784 8305081.556, -12687087.1062 8305085.6094, -12687285.174 8304925.4082, -12687579.4933 8304864.6561, -12687966.0626 8305164.5167, -12688025.7333 8305524.6551, -12688281.9777 8305822.517, -12688408.8588 8306053.0778, -12688798.5105 8306157.0277, -12689219.7777 8306326.7609, -12689578.3412 8306332.2169, -12689808.4919 8306205.0688, -12690132.4862 8306340.6147, -12690455.5115 8306541.457, -12690784.9123 8306317.7881, -12691018.4578 8305962.03809999, -12691506.9008 8306002.00599999, -12691730.7055 8306299.28109999, -12691962.2698 8306074.1093, -12692419.0932 8306048.2283, -12692613.7056 8306116.4261, -12692718.2208 8305660.7515, -12693207.6103 8305635.3043, -12693464.0676 8305932.9918, -12693584.4387 8306620.6191, -12693743.6221 8306884.2471, -12693673.1831 8307242.5159, -12693408.5541 8307499.95700001, -12693306.4452 8307792.45359999), (-12682701.3368 8295647.9739, -12682416.2637 8295659.9698, -12682463.2749 8295681.2409, -12682701.3368 8295647.9739), (-12688958.6053 8294583.2461, -12688722.6211 8294573.4453, -12688578.5418 8294594.0492, -12688438.7261 8294634.5367, -12688274.0837 8294711.8721, -12688053.8724 8294854.5324, -12687879.12 8294898.9751, -12687704.3857 8294977.0335, -12687956.052 8295177.1647, -12688024.9021 8294981.1929, -12688244.2587 8294749.7291, -12688567.3383 8294738.119, -12688885.5442 8294706.6613, -12689171.7637 8294628.6349, -12688958.6053 8294583.2461)), ((-12733601.8673 8252117.2088, -12733761.4617 8252092.0365, -12733918.3661 8252130.608, -12734048.1989 8252226.9306, -12734130.7823 8252366.0369, -12734199.1149 8252805.2588, -12734244.9856 8252942.7657, -12734318.9466 8253088.4469, -12734341.4499 8253248.7361, -12734295.8362 8253422.5204, -12734236.6855 8253505.3653, -12734087.245 8253604.7636, -12733616.8616 8253679.9669, -12733462.9045 8253732.9903, -12733322.0702 8253807.6404, -12733162.6176 8253838.2239, -12733004.4929 8253804.8464, -12732856.8989 8253702.7087, -12732799.2777 8253618.7856, -12732756.8614 8253444.186, -12732782.3044 8253284.3343, -12732867.4416 8253146.7581, -12733037.0909 8253013.2592, -12733167.6335 8252862.985, -12733294.8915 8252623.52409999, -12733370.3799 8252333.8438, -12733464.3855 8252202.2135, -12733601.8673 8252117.2088)), ((-12685803.8954 8316917.28679999, -12685963.0873 8316882.3273, -12686123.3989 8316911.715, -12686259.9155 8317000.883, -12686489.5889 8317369.4241, -12686657.686 8317562.2917, -12686745.2477 8317711.9645, -12686766.9036 8317873.7911, -12686719.7618 8318048.7843, -12686659.5572 8318131.9616, -12686508.1688 8318231.2458, -12686347.8825 8318260.9308, -12686188.5994 8318226.2483, -12686111.9052 8318172.7393, -12686013.8207 8318151.3793, -12685865.6042 8318047.4074, -12685826.5228 8317989.7028, -12685780.852 8317963.4056, -12685640.8009 8317758.90429999, -12685557.1077 8317310.4219, -12685583.8016 8317149.3652, -12685670.5593 8317011.1617, -12685803.8954 8316917.28679999)), ((-12683838.4689 8323368.0439, -12683747.5633 8323230.9097, -12683636.3646 8323109.7096, -12683462.3487 8322976.2789, -12683236.4689 8322870.3699, -12683068.4075 8322914.1612, -12682830.6602 8323049.3377, -12682662.9467 8323212.015, -12682648.1097 8323229.1669, -12682663.935 8323331.2017, -12682646.0784 8323446.9766, -12682524.6572 8323626.7471, -12682426.4263 8323691.0908, -12682371.5952 8323766.7506, -12682220.0343 8323866.0211, -12682059.6089 8323895.6347, -12681900.2255 8323860.8326, -12681766.6587 8323767.0257, -12681679.6684 8323628.7967, -12681652.7737 8323467.6337, -12681718.6936 8323129.0029, -12681721.088 8322978.9583, -12681700.5684 8322824.6003, -12681639.976 8322632.902, -12681543.986 8322456.3105, -12681403.0776 8322288.4961, -12681245.8482 8322163.51340001, -12681077.1025 8322075.7633, -12680785.9077 8321994.1706, -12680545.8595 8321886.2996, -12680096.8046 8321783.0807, -12679948.5996 8321678.9392, -12679891.0591 8321593.8323, -12679787.2928 8321148.6184, -12679822.937 8320934.5988, -12679909.8466 8320796.3936, -12680043.3234 8320702.5758, -12680461.5071 8320595.5838, -12680593.0679 8320532.55399999, -12680714.5898 8320451.7945, -12680908.8718 8320257.3776, -12681124.3302 8319924.2266, -12681261.6588 8319822.7995, -12681282.2808 8319600.2558, -12681262.9995 8319418.5114, -12681160.9996 8319003.4436, -12681187.7953 8318842.3666, -12681274.6548 8318704.184, -12681408.0764 8318610.3679, -12681567.3254 8318575.4956, -12681727.6554 8318604.9854, -12681929.6478 8318748.4225, -12681996.2696 8319076.476, -12682029.9012 8319071.4135, -12682203.5326 8319123.1794, -12682391.0967 8319146.694, -12682527.609 8319235.9578, -12682619.076 8319371.1397, -12682651.2789 8319531.2309, -12682591.9077 8319837.1695, -12682583.8788 8319971.6083, -12682627.7591 8320006.7917, -12682710.1173 8320147.7461, -12682749.1421 8320417.3331, -12682801.4076 8320593.2622, -12682887.3089 8320765.2611, -12683003.366 8320917.6769, -12682876.0504 8320834.5493, -12682656.2412 8320747.10329999, -12682721.4849 8320855.5432, -12682857.2662 8321003.5729, -12683003.162 8321113.387, -12683217.2495 8321215.3082, -12683271.044 8321227.1742, -12683140.7707 8321043.0955, -12683425.3007 8321194.7046, -12683646.9971 8321247.9903, -12683769.219 8321250.3379, -12684169.6719 8321204.7727, -12684101.2282 8320917.3459, -12684400.144 8320720.2941, -12684559.4247 8320685.3475, -12684719.8122 8320714.78100001, -12685042.5224 8320914.3978, -12685122.6696 8320896.8067, -12685335.7296 8320935.8886, -12685466.3456 8321014.7808, -12685537.0533 8320949.2044, -12685764.4671 8320914.8588, -12685922.5731 8320954.8217, -12686052.977 8321052.8907, -12686135.412 8321193.8273, -12686157.0644 8321355.7316, -12686136.3397 8321432.6372, -12686232.2788 8321583.7306, -12686253.9343 8321745.6429, -12686206.7555 8321920.7237, -12686054.9116 8322137.6911, -12686075.6188 8322240.3883, -12686033.1018 8322453.185, -12685847.9818 8322703.3469, -12685789.9764 8322823.959, -12685697.822 8323141.1076, -12685616.6632 8323253.2002, -12685465.156 8323352.5311, -12685216.9247 8323387.8909, -12685086.2176 8323365.6047, -12685026.8256 8323491.4897, -12684919.2023 8323650.9425, -12684779.6266 8323761.0537, -12684668.1663 8323883.4308, -12684526.6965 8323976.1549, -12684366.2777 8324005.8191, -12684206.8809 8323971.0663, -12684058.5739 8323866.976, -12683971.0757 8323737.7134, -12683906.8425 8323517.7371, -12683838.4689 8323368.0439), (-12682037.0871 8321237.3493, -12681941.4608 8321022.9224, -12681720.6175 8320700.4675, -12681676.2255 8320690.7727, -12681645.967 8320957.7782, -12681675.9122 8321189.4579, -12681670.9803 8321450.3666, -12681722.5672 8321682.1312, -12681779.8067 8321816.7544, -12681865.8255 8321956.9792, -12681959.5274 8322068.5597, -12682031.2344 8321907.7579, -12682080.5695 8321689.7574, -12682083.2076 8321458.4549, -12682037.0871 8321237.3493)), ((-12702151.3455 8328008.5357, -12702260.0583 8327797.2918, -12702306.1297 8327639.1743, -12702325.8968 8327494.0773, -12702321.9788 8327311.1545, -12702289.0196 8327137.2768, -12702315.3858 8326975.9451, -12702399.8445 8326832.3854, -12702462.1518 8326679.9765, -12702540.2834 8326272.7428, -12702626.8327 8326134.1692, -12702760.1197 8326039.8722, -12702919.4296 8326004.5041, -12703080.0069 8326033.56, -12703216.9775 8326115.2357, -12703369.1196 8326177.6271, -12703813.5696 8326267.1999, -12703950.4727 8326356.1541, -12704042.4196 8326491.2017, -12704106.5941 8326839.6876, -12704029.905 8327090.6737, -12704048.9353 8327123.0291, -12704078.2404 8327338.1977, -12704055.3847 8327417.046, -12703994.2945 8327501.8629, -12704001.9935 8327558.3945, -12703955.1964 8327733.7279, -12703895.1058 8327817.1547, -12703743.7489 8327916.9225, -12703555.5158 8327952.2363, -12703202.7062 8327867.34839999, -12702999.7384 8328003.12399999, -12702873.3843 8328135.2673, -12702771.8526 8328287.3834, -12702698.229 8328454.8521, -12702620.4887 8328737.03, -12702560.3749 8328820.4571, -12702408.9796 8328920.2108, -12702248.5237 8328950.2837, -12702088.9349 8328915.8936, -12701955.0198 8328822.3871, -12701867.5926 8328684.3008, -12701840.2399 8328523.0996, -12701877.209 8328363.8394, -12702151.3455 8328008.5357)))"
67,21176,1770,2023-10-15 06:33:14,HWF104, ,18292.0,2023-09-24,1630,0 - hand sketch of any type,Wildfire,Being Held,2023/08/27 17:00:00,E,14250.0,1688401140000,Lightning,5,4930596e-92be-4e5d-a727-18270501ca1d,728346691.875,320297.666091252,"MULTIPOLYGON (((-12898638.6925 8418347.5478, -12898576.2229 8418036.3606, -12898516.7761 8417860.9798, -12898384.3002 8417633.7334, -12898305.372 8417461.2018, -12898211.6946 8417323.3949, -12898097.6523 8417201.964, -12897966.0537 8417099.89769999, -12897820.1388 8417019.7071, -12897673.9882 8416966.3294, -12897511.2271 8416858.9955, -12897450.2542 8416774.3066, -12897350.3628 8416535.68860001, -12897220.8447 8416355.4341, -12897114.8748 8416252.00410001, -12896995.5685 8416164.353, -12896848.3073 8416086.7157, -12896701.0313 8416035.8237, -12896556.8228 8415940.6973, -12896464.7084 8415803.3646, -12896432.7444 8415641.045, -12896465.8947 8415478.9688, -12896590.805 8415277.0727, -12896662.8571 8415086.6884, -12896745.0852 8414514.5466, -12896738.5835 8414348.0199, -12896706.1564 8414184.566, -12896648.6036 8414028.2088, -12896564.832 8413879.1002, -12896512.1466 8413673.0595, -12896556.1676 8413457.8236, -12896665.0703 8413287.4941, -12896738.0451 8413117.4437, -12896801.1735 8412785.5992, -12897049.4152 8412396.0739, -12897110.1701 8412261.0261, -12897155.1241 8412101.8103, -12897248.1784 8411965.2179, -12897432.1835 8411845.72999999, -12897610.619 8411778.5575, -12897769.3979 8411683.9471, -12898106.2323 8411397.3834, -12898232.8104 8411262.5981, -12898316.0212 8411140.175, -12898381.4103 8411007.3447, -12898427.7058 8410866.6937, -12898454.0075 8410720.9603, -12898454.9634 8410499.0499, -12898404.0476 8410264.2026, -12898311.2961 8410062.6897, -12898112.5896 8409763.6951, -12898048.9719 8409466.9528, -12897954.2817 8409246.1769, -12897812.4453 8409052.3989, -12897615.3602 8408885.2558, -12897401.1719 8408777.0927, -12897160.2669 8408716.6045, -12897022.4485 8408625.70449999, -12896930.4174 8408488.5127, -12896842.5466 8408053.1082, -12896772.5122 8407862.7208, -12896705.636 8407611.838, -12896727.9907 8407448.09790001, -12896811.7844 8407305.7393, -12897036.1842 8407121.6458, -12897201.6544 8406899.7443, -12897283.4472 8406713.6027, -12897330.2688 8406500.9843, -12897414.0403 8406358.6368, -12897710.192 8406136.3462, -12897831.2426 8406022.2924, -12897932.987 8405890.6752, -12898123.1518 8405569.8583, -12898255.3107 8405471.0026, -12898415.3406 8405430.9915, -12898578.3739 8405456.04159999, -12898719.074 8405542.2602, -12898815.5771 8405676.2523, -12898879.1214 8405908.276, -12898968.9307 8406090.6474, -12899091.8349 8406252.5047, -12899258.3219 8406398.713, -12899451.5242 8406507.0507, -12899649.8473 8406570.0426, -12899794.4686 8406658.635, -12899967.5674 8406845.48870001, -12900183.5035 8406987.2184, -12900391.2722 8407063.9273, -12900641.0459 8407107.2236, -12900790.8304 8407198.9509, -12900996.1972 8407382.1686, -12901191.3081 8407487.0798, -12901385.7705 8407545.6129, -12901587.8115 8407565.898, -12901826.1992 8407539.6282, -12902046.9882 8407462.952, -12902258.9789 8407409.8322, -12902744.6636 8407475.0677, -12902910.6072 8407465.5222, -12903090.6675 8407424.5841, -12903340.6839 8407306.2582, -12903546.6744 8407132.4861, -12903709.4165 8407026.6087, -12903882.5818 8406995.1867, -12904032.6356 8407003.8016, -12904198.1322 8406988.4327, -12904341.6381 8406953.1305, -12904478.8407 8406898.1638, -12904667.0288 8406781.2849, -12904860.1145 8406586.2215, -12905001.7791 8406494.0209, -12905164.0946 8406464.5383, -12905327.5579 8406500.7114, -12905467.5797 8406576.933, -12905624.0571 8406633.0301, -12905787.3704 8406663.9136, -12905935.0266 8406669.5689, -12906118.3437 8406647.6352, -12906277.8505 8406600.8747, -12906428.088 8406529.6928, -12906565.3561 8406435.84399999, -12906722.4186 8406279.5225, -12906843.596 8406093.90910001, -12907019.6191 8405692.3165, -12907074.0794 8405439.5878, -12907068.558 8405199.4956, -12907015.68 8404984.1687, -12906919.2688 8404784.564, -12906717.5345 8404500.5791, -12906670.0682 8404323.4706, -12906692.1919 8404159.7741, -12906775.7557 8404017.3666, -12906907.7702 8403918.3767, -12907067.7185 8403878.186, -12907311.59 8403913.39119999, -12907459.2674 8403916.4328, -12907605.9298 8403898.8547, -12907854.7025 8403838.0909, -12908017.7312 8403862.92629999, -12908313.4543 8404033.791, -12908560.016 8404110.1003, -12908706.8734 8404125.99859999, -12908854.5106 8404121.266, -12909123.4533 8404057.4122, -12909320.9554 8403957.3213, -12909571.3728 8403772.6377, -12909808.3933 8403663.1627, -12909969.7403 8403539.8572, -12910082.3098 8403417.47909999, -12910238.9867 8403191.1005, -12910452.7964 8403042.8491, -12910606.9567 8402883.7978, -12910724.7288 8402696.119, -12910805.3277 8402470.0353, -12910832.344 8402268.5939, -12910823.174 8402084.0039, -12910782.145 8401903.8179, -12910710.5062 8401733.5091, -12910513.9263 8401443.65659999, -12910406.9766 8401317.6558, -12910250.7802 8401187.9674, -12910072.7546 8401090.5131, -12909879.4396 8401028.8713, -12909659.4661 8401005.0917, -12909046.683 8401084.5976, -12908904.6336 8401124.9534, -12908769.5713 8401184.71679999, -12908400.1801 8401433.2617, -12908239.0526 8401468.1504, -12908076.9845 8401437.9438, -12907939.1695 8401347.3381, -12907847.0276 8401210.4185, -12907814.8785 8401048.4692, -12907847.7149 8400886.6625, -12908019.6785 8400604.517, -12908075.5827 8400447.8865, -12908136.0641 8400160.7973, -12908261.5177 8399971.3437, -12908333.4491 8399821.435, -12908381.0814 8399662.1035, -12908411.1854 8399463.0868, -12908519.9875 8399237.2704, -12908574.3499 8398984.7514, -12908573.1779 8398781.5992, -12908533.331 8398582.4086, -12908429.1452 8398346.1288, -12908215.1465 8398042.7789, -12908167.6864 8397865.8341, -12908189.7582 8397702.2761, -12908273.2206 8397559.9762, -12908523.6793 8397346.1516, -12908682.0034 8397242.9969, -12908844.1005 8397213.471, -12909021.6429 8397252.6675, -12909281.8335 8397353.7754, -12909258.4802 8397627.9648, -12909211.7271 8397824.936, -12909058.8636 8398091.6413, -12909012.8499 8398232.11509999, -12908984.9772 8398396.0444, -12908983.0483 8398562.327, -12909011.3714 8398744.8659, -12909063.5964 8398902.7249, -12909139.8342 8399050.45929999, -12909288.4217 8399238.6766, -12909475.4769 8399388.588, -12909708.301 8399498.2171, -12909993.3717 8399665.0239, -12910256.5884 8399748.9497, -12910514.1089 8399763.1675, -12910784.94 8399708.726, -12911017.0424 8399596.0876, -12911344.8505 8399353.2092, -12911731.0968 8399253.5795, -12911917.2993 8399173.0351, -12912070.4553 8399070.1095, -12912191.1673 8398955.9301, -12912282.3284 8398839.641, -12912401.2595 8398641.0607, -12912517.0087 8398534.4976, -12912614.9721 8398412.86200001, -12912752.9958 8398309.1954, -12912912.7901 8398268.9089, -12913075.7121 8398293.614, -12913337.5088 8398452.4061, -12913488.4165 8398521.7132, -12913837.1496 8398614.0651, -12913704.753 8398527.1696, -12913631.2444 8398289.0629, -12913660.4039 8398071.769, -12913745.4242 8397890.8776, -12913795.6957 8397732.4079, -12913852.8426 8397321.825, -12913974.2048 8397097.7354, -12914042.7285 8396867.8809, -12914100.1019 8396379.0248, -12914087.4445 8396213.265, -12914049.0574 8396051.5327, -12913994.087 8395914.3746, -12913910.1766 8395770.95579999, -12913817.5804 8395655.89199999, -12913695.4824 8395543.3145, -12913457.9306 8395402.42109999, -12913125.9863 8395304.9645, -12912935.7973 8395154.0884, -12912687.3905 8394990.3122, -12912595.2408 8394853.5698, -12912563.016 8394691.78069999, -12912595.7205 8394530.0926, -12912618.6302 8394496.3128, -12912566.8817 8394486.6998, -12912413.9777 8394386.3057, -12912353.194 8394302.2354, -12912296.2638 8394099.3608, -12912230.4791 8393946.7897, -12912130.4829 8393791.715, -12912018.7011 8393668.9118, -12911794.4061 8393507.8052, -12911519.6927 8393382.57460001, -12911413.7331 8393399.1069, -12911239.3305 8393458.7565, -12911077.9144 8393547.8331, -12910743.5151 8393783.38809999, -12910584.1061 8393936.7663, -12910460.0098 8394119.9937, -12910364.4436 8394371.2986, -12910272.8056 8394516.4253, -12910137.8111 8394610.9294, -12909976.8404 8394645.8233, -12909814.916 8394615.68209999, -12909662.0464 8394515.2288, -12909601.2929 8394431.1342, -12909539.7831 8394201.977, -12909550.6344 8394007.2052, -12909538.0835 8393841.4902, -12909450.9656 8393496.6373, -12909483.188 8393337.6786, -12909349.5725 8393432.5746, -12909200.5147 8393591.1314, -12909021.1983 8393716.6236, -12908860.242 8393751.4887, -12908665.0449 8393716.984, -12908517.7661 8393708.8162, -12908370.7855 8393721.2567, -12908171.1351 8393762.6125, -12908009.2371 8393732.435, -12907859.1383 8393640.9349, -12907706.0576 8393576.8696, -12907453.2502 8393526.83429999, -12907268.9775 8393529.4809, -12906995.3569 8393581.9942, -12906819.4956 8393594.3819, -12906588.6248 8393657.7187, -12906377.8891 8393771.4493, -12906198.0875 8393929.7485, -12906049.1643 8394136.1664, -12905914.122 8394230.5886, -12905753.1391 8394265.3883, -12905591.2399 8394235.1555, -12905438.4351 8394134.6193, -12905377.733 8394050.49409999, -12905330.3671 8393873.6262, -12905352.5031 8393710.0693, -12905436.2047 8393527.3219, -12905481.3915 8393348.3561, -12905494.8662 8393164.254, -12905477.1202 8393001.3185, -12905404.8433 8392696.1067, -12905333.9364 8392545.8895, -12905223.0779 8392382.17149999, -12905175.7266 8392205.34220001, -12905197.8484 8392041.9177, -12905281.3048 8391899.76079999, -12905610.2097 8391652.4293, -12905743.171 8391524.6717, -12905879.3682 8391327.5769, -12905967.8071 8391104.8492, -12906001.9055 8390904.8041, -12905994.924 8390683.5965, -12905841.6645 8390088.1354, -12905789.4988 8389824.99719999, -12905822.3308 8389663.4452, -12905914.9435 8389527.1594, -12906052.9403 8389437.3193, -12906222.7371 8389406.4544, -12906386.2493 8389416.8703, -12906533.1477 8389404.4771, -12906676.8938 8389371.7228, -12906814.6881 8389319.2456, -12906959.2586 8389237.9208, -12907089.3449 8389134.9422, -12907213.0159 8388998.2274, -12907328.524 8388815.7736, -12907460.26 8388716.9786, -12907670.9983 8388661.6901, -12907824.3644 8388598.6076, -12908179.3565 8388352.4228, -12908338.9609 8388312.2907, -12908501.6486 8388337.0649, -12908768.685 8388480.5758, -12908892.1065 8388513.066, -12908873.9865 8388445.533, -12908896.0156 8388282.1811, -12909045.1856 8388022.0152, -12909121.3222 8387814.3446, -12909152.6884 8387595.3618, -12909134.6093 8387356.4699, -12909055.7521 8387110.9546, -12908874.2313 8386845.0227, -12908735.2723 8386712.1568, -12908412.2137 8386496.8708, -12908351.5406 8386412.8561, -12908290.1375 8386183.936, -12908324.9478 8385938.5439, -12908326.8896 8385772.5447, -12908302.884 8385608.2889, -12908197.3439 8385211.7683, -12908219.3787 8385048.4895, -12908302.6986 8384906.4329, -12908453.9535 8384785.7289, -12908577.5267 8384649.0719, -12908818.1161 8384253.2411, -12908949.7953 8384154.4474, -12909166.0381 8384073.2364, -12909365.7644 8383941.6393, -12909472.0196 8383839.4393, -12909563.0382 8383723.4217, -12909687.7183 8383473.7124, -12909793.4056 8383318.0114, -12909931.239 8383228.1747, -12910093.0238 8383198.6787, -12910253.6175 8383234.1069, -12910388.0645 8383328.9541, -12910607.876 8383673.0432, -12910800.545 8383870.4876, -12910987.4322 8383988.1545, -12911194.6634 8384064.3236, -12911468.4553 8384096.2889, -12911741.1755 8384056.1725, -12911896.517 8383998.44039999, -12912058.4289 8383905.7801, -12912586.7697 8383783.1986, -12912768.1185 8383693.1724, -12912978.1985 8383542.2864, -12913193.0964 8383503.0143, -12913676.2619 8383624.7653, -12913860.0316 8383634.8286, -12914026.2335 8383616.0974, -12914193.0211 8383641.3648, -12914561.7166 8383861.1058, -12914638.4907 8383887.7249, -12914551.2248 8383596.2964, -12914472.484 8383450.2801, -12914335.2868 8383258.07, -12914287.7772 8383081.5179, -12914309.671 8382918.2687, -12914392.8494 8382776.1851, -12914524.3833 8382677.3448, -12914918.3289 8382576.6776, -12915089.0896 8382507.9836, -12915245.3433 8382410.6289, -12915459.9471 8382233.0496, -12915596.1644 8382059.1278, -12915693.3002 8381860.641, -12915741.2758 8381682.7075, -12915789.1652 8381332.5007, -12915872.2973 8381190.4309, -12916003.7831 8381091.5857, -12916376.2893 8380996.9935, -12916514.7533 8380946.8083, -12916675.8287 8380857.7658, -12916959.732 8380646.0987, -12917225.5514 8380595.1373, -12917399.6017 8380535.4513, -12917854.6076 8380254.4786, -12918016.2948 8380224.8209, -12918176.8605 8380260.0619, -12918311.3543 8380354.7264, -12918398.8742 8380494.1048, -12918411.3996 8380569.6222, -12918517.4632 8380542.7968, -12918802.3536 8380582.5192, -12919004.6024 8380577.53, -12919219.6597 8380528.1432, -12919471.6296 8380401.789, -12919633.935 8380360.7135, -12919796.484 8380385.2126, -12919936.9499 8380470.736, -12920033.5057 8380603.9968, -12920083.4998 8380816.9161, -12920074.5692 8381095.5716, -12920133.5065 8381480.3426, -12920091.5513 8381658.2596, -12919901.0397 8381988.3491, -12919751.5734 8382093.2741, -12919384.3037 8382185.6393, -12919250.7352 8382247.7846, -12919112.464 8382339.1568, -12918919.0029 8382535.7502, -12918691.7484 8382889.4935, -12918543.3264 8382993.6491, -12918369.9685 8383070.06099999, -12918217.2315 8383172.8932, -12918072.6464 8383314.7454, -12918005.4547 8383408.8531, -12918271.1929 8383221.6616, -12918430.6306 8383181.3393, -12918593.2377 8383205.8738, -12918733.7436 8383291.4525, -12918830.3149 8383424.7798, -12918887.3646 8383652.4828, -12918967.7819 8383838.5322, -12919245.5685 8384235.6378, -12919306.6512 8384464.486, -12919393.5215 8384647.6259, -12919564.8106 8384863.9853, -12919770.1481 8385019.4487, -12919919.6144 8385091.1234, -12920078.436 8385138.4916, -12920242.7013 8385160.3859, -12920408.3632 8385156.2668, -12920676.5142 8385092.159, -12920826.1752 8385020.8934, -12920962.7191 8384927.9648, -12921122.1786 8384887.5747, -12921284.832 8384912.0551, -12921425.4014 8384997.6017, -12921522.0436 8385130.924, -12921559.7358 8385291.3025, -12921532.6167 8385453.8153, -12921444.8972 8385593.2021, -12921310.2094 8385687.7956, -12920941.4035 8385773.54739999, -12920834.0269 8385823.5345, -12921052.2258 8385956.34089999, -12921183.657 8386109.8856, -12923510.293 8386044.6276, -12927293.1537 8385981.0351, -12927321.2293 8385900.2072, -12927415.5889 8385760.4764, -12927553.2511 8385670.281, -12927715.0163 8385640.3878, -12927875.7454 8385675.4421, -12928010.4616 8385769.9968, -12928136.1972 8385966.5979, -12932974.7651 8386637.474, -12934222.74 8386952.1424, -12934260.9096 8386525.4156, -12934292.1512 8386471.7171, -12934123.5774 8386369.0434, -12934062.6144 8386285.2447, -12934014.6137 8386108.7513, -12934036.0793 8385945.3796, -12934118.9103 8385803.017, -12934250.231 8385703.7853, -12934409.6325 8385663.1034, -12934572.345 8385687.2921, -12934713.0816 8385772.5927, -12934809.9729 8385905.7527, -12934847.9574 8386066.0779, -12934821.1285 8386228.6548, -12934796.9364 8386267.2507, -12934937.9598 8386352.5942, -12935034.8629 8386485.7618, -12935072.8553 8386646.0983, -12935046.0291 8386808.689, -12934918.49 8387027.6832, -12934886.1557 8387119.3266, -12935399.8206 8387248.7288, -12936890.7221 8388130.6143, -12936956.1873 8388097.1717, -12937080.7049 8388071.0624, -12937207.8203 8388080.7373, -12937327.3505 8388124.087, -12937432.481 8388195.1568, -12937522.7292 8388284.48879999, -12937749.7211 8388609.5711, -12937815.2207 8388656.6984, -12937887.5144 8388656.2616, -12937984.1364 8388570.5241, -12938238.5714 8388167.3556, -12938674.1408 8387643.9776, -12938782.293 8387548.5761, -12938845.0935 8387516.4551, -12938986.9213 8387494.2336, -12939356.942 8387531.2814, -12939892.934 8387522.74189999, -12940045.3866 8387506.1045, -12940336.2596 8387433.127, -12940463.5378 8387356.7019, -12940573.0413 8387255.4191, -12940664.4492 8387135.0389, -12940766.8409 8386930.9498, -12940916.1206 8386346.3489, -12940991.5169 8386225.8224, -12941201.3241 8386040.4761, -12941288.4412 8385934.9618, -12941342.6616 8385805.5801, -12941414.6779 8385529.5826, -12941485.3021 8385405.8654, -12941731.9819 8385141.0089, -12941948.6129 8384839.2186, -12942060.3334 8384738.9481, -12942186.3556 8384656.9484, -12942589.2825 8384454.8825, -12942730.0351 8384431.1838, -12942999.8636 8384455.3428, -12943124.0762 8384450.478, -12943179.6532 8384432.673, -12943268.6693 8384365.4509, -12943318.0805 8384269.3779, -12943319.7252 8384159.048, -12943189.96 8383877.66529999, -12943162.2439 8383754.3903, -12943195.6861 8383577.3375, -12943284.5414 8383414.23049999, -12943371.7357 8383322.1246, -12943774.3149 8383003.0441, -12944175.963 8382638.3978, -12944499.8727 8382399.1749, -12944577.6796 8382291.3998, -12944720.2376 8381912.5596, -12944820.9121 8381820.2621, -12945068.1702 8381677.1938, -12945163.5288 8381569.613, -12945215.0865 8381431.6224, -12945222.9209 8381356.3367, -12945190.9355 8381128.9295, -12945139.8822 8380980.4133, -12944916.8137 8380554.66399999, -12944842.0077 8380333.5585, -12944832.5802 8380185.2646, -12944843.5121 8380113.5278, -12944936.2128 8379917.5695, -12945095.9228 8379752.8628, -12945293.4909 8379620.2193, -12945511.8479 8379521.6872, -12945962.9632 8379385.45, -12946180.4764 8379297.243, -12946917.667 8378945.37169999, -12947031.3935 8378870.127, -12947119.1147 8378768.3725, -12947184.5468 8378579.0566, -12947187.2078 8378086.9027, -12947217.1322 8377879.4846, -12947301.788 8377694.9402, -12947482.6445 8377437.5945, -12946528.5144 8377673.2929, -12945852.1964 8376479.0699, -12947293.2373 8375696.1225, -12947511.3581 8375732.6369, -12947544.5916 8375682.794, -12947635.8669 8375637.5584, -12947961.9384 8375652.425, -12948068.9193 8375626.5247, -12948154.8997 8375562.6764, -12948185.384 8375517.6096, -12948264.4347 8375233.6404, -12948340.0092 8375150.3803, -12948391.4064 8375127.8401, -12948447.1696 8375120.9671, -12948558.635 8375151.3571, -12948811.141 8375353.5885, -12948925.3097 8375421.4719, -12949049.4295 8375458.9178, -12949176.1 8375461.9807, -12949355.0795 8375406.2901, -12949512.3231 8375308.3669, -12949756.9838 8375134.7325, -12949987.0114 8374907.8778, -12950091.3014 8374836.6647, -12950211.178 8374808.9172, -12950272.9651 8374813.374, -12950390.8209 8374853.0098, -12950663.1927 8374987.4761, -12950837.2037 8374998.1282, -12950992.9145 8374931.7769, -12951164.5459 8374781.1219, -12951262.7129 8374721.8472, -12951378.235 8374686.9045, -12951622.9215 8374646.2053, -12951787.4732 8374567.9693, -12951868.8048 8374481.3965, -12951933.0253 8374314.6759, -12951941.179 8374139.4413, -12951911.4419 8373754.503, -12951935.9644 8373653.4805, -12951988.6554 8373573.8069, -12951850.6238 8373515.5915, -12951547.6143 8373436.8653, -12951432.1496 8373366.1001, -12951339.4186 8373239.2562, -12951291.0934 8373063.18860001, -12951319.0517 8372846.4945, -12951495.7991 8372553.6818, -12951626.6501 8372454.3209, -12951802.3449 8372409.0403, -12952040.8651 8372389.6136, -12952217.3546 8372338.3568, -12952413.4202 8372237.5517, -12952730.8949 8371999.6393, -12952889.8965 8371958.6357, -12953052.3643 8371982.3733, -12953193.0492 8372067.1635, -12953294.2494 8372217.1963, -12953647.4184 8372096.9333, -12953828.9006 8371998.5361, -12953986.0448 8371865.7901, -12954069.9356 8371753.9182, -12954269.2108 8371290.9252, -12954382.1359 8371103.1204, -12954871.9926 8370566.3667, -12954980.0459 8370362.3884, -12955122.8127 8370021.1492, -12955206.4734 8369909.4742, -12955324.9241 8369835.81580001, -12955396.1881 8369819.73, -12955696.0532 8369836.9404, -12955847.4024 8369829.6627, -12955921.1569 8369812.0371, -12956059.2703 8369743.3723, -12956176.4032 8369636.9174, -12956564.2255 8369127.394, -12956731.1939 8368974.5076, -12956863.7493 8368913.5603, -12957005.0063 8368894.3236, -12957686.0009 8369008.9386, -12957782.042 8369009.1487, -12957897.3371 8368986.1106, -12957883.981 8368936.1752, -12958095.7147 8368950.4223, -12958367.3607 8368986.5134, -12958629.0279 8369045.055, -12958805.4518 8369118.6267, -12958900.8816 8369190.4951, -12958960.4829 8369290.3521, -12958967.4515 8369406.0036, -12958949.5561 8369461.7162, -12958877.6855 8369557.6616, -12958670.7072 8369704.1286, -12958585.2245 8369795.2677, -12958530.9899 8369909.4522, -12958516.1576 8370106.1621, -12958569.6538 8370363.2678, -12958712.9574 8370800.1238, -12958808.2952 8370926.0154, -12959035.7958 8371059.9918, -12959102.1808 8371129.6333, -12959123.1669 8371218.7874, -12959095.8767 8371307.6832, -12959018.9603 8371379.1844, -12958905.9812 8371422.733, -12958633.9184 8371452.2554, -12958048.6712 8371479.5956, -12957758.8756 8371531.31679999, -12957504.6547 8371629.77, -12957292.8982 8371742.2854, -12957213.454 8371816.4713, -12957170.4724 8371915.0116, -12957173.1576 8372034.4601, -12957221.4501 8372155.6466, -12957308.2863 8372259.8514, -12957422.1672 8372341.6682, -12957629.7301 8372410.16449999, -12958133.9947 8372473.9894, -12958266.4443 8372523.3596, -12958376.1461 8372598.6226, -12958462.2401 8372696.141, -12958527.1418 8372803.8748, -12958571.9141 8372966.383, -12958557.7059 8373071.1005, -12958500.1103 8373154.1185, -12958452.3883 8373188.0763, -12958207.7211 8373279.436, -12958086.7466 8373352.9722, -12957492.6377 8373813.3164, -12957234.1456 8374064.0722, -12957123.1385 8374241.1105, -12957066.3967 8374434.3679, -12957072.3663 8374636.3113, -12957163.7814 8374947.9988, -12957162.0217 8375013.2345, -12957112.4835 8375135.5107, -12957018.2088 8375238.6056, -12956724.4338 8375440.9974, -12956565.3781 8375583.7215, -12956480.4198 8375696.17, -12956314.0841 8376007.4171, -12956173.2137 8376173.6349, -12956051.1289 8376251.5192, -12955714.8323 8376388.1991, -12955537.8578 8376479.7174, -12955442.3033 8376555.3501, -12955383.3884 8376644.8325, -12955369.1491 8376694.10849999, -12955380.6912 8376788.538, -12955441.1326 8376870.3988, -12955545.172 8376924.5022, -12955608.5267 8376937.0148, -12955743.6319 8376936.0686, -12956161.2509 8376867.7061, -12956304.7391 8376866.8988, -12956446.5282 8376897.0384, -12957241.2745 8377291.03769999, -12957416.6794 8377404.8681, -12957553.0106 8377561.0373, -12957601.2997 8377692.0357, -12957613.9948 8377836.9355, -12957611.1799 8378356.7257, -12957587.1859 8378571.5285, -12957564.5427 8378639.27000001, -12957486.7975 8378759.2128, -12957210.1281 8378981.7774, -12957069.1092 8379130.7658, -12957005.0932 8379248.2061, -12956919.3307 8379577.9959, -12956846.3664 8379688.0251, -12956739.1912 8379754.0492, -12956675.031 8379769.0691, -12956284.4186 8379783.0453, -12956167.7963 8379829.316, -12956119.6769 8379866.5423, -12956046.6207 8379968.7629, -12956026.58 8380031.1961, -12955983.0867 8380303.4268, -12955960.1293 8380367.9168, -12955886.0088 8380479.2352, -12955835.0105 8380519.7818, -12955715.8685 8380568.1624, -12955649.9341 8380570.5194, -12955303.6447 8380465.9746, -12955155.2711 8380453.3615, -12955081.7773 8380463.2352, -12955009.7329 8380482.8213, -12954876.9509 8380552.9259, -12954714.4082 8380706.1095, -12954606.5354 8380900.1334, -12954585.2901 8380970.4911, -12954573.043 8381118.2943, -12954615.9056 8381343.1138, -12954821.2024 8381844.9591, -12954861.149 8381995.50249999, -12954856.3796 8382228.007, -12954812.9456 8382374.5646, -12954739.0783 8382503.0579, -12954689.74 8382558.0213, -12954569.6366 8382645.44650001, -12954427.7461 8382696.722, -12954197.9338 8382723.866, -12953964.0782 8382720.4288, -12953576.0709 8382686.4209, -12953357.6072 8382639.441, -12953227.9105 8382573.2817, -12953093.3725 8382434.3696, -12953116.7039 8382531.7728, -12953020.765 8382958.1563, -12952963.0929 8383044.2022, -12952814.0809 8383149.81, -12952416.1491 8383257.3537, -12952134.9179 8383231.615, -12951988.4805 8383247.4689, -12951633.8253 8383325.53, -12951471.9872 8383296.3504, -12951318.794 8383196.9186, -12951257.6635 8383113.2997, -12951205.3115 8382950.5345, -12951130.9776 8382802.2403, -12951034.403 8382667.4214, -12950931.7993 8382561.5861, -12950784.5349 8382451.068, -12950637.3934 8382374.8574, -12950462.2378 8382318.3801, -12950139.4439 8382258.9899, -12950060.4545 8382207.70090001, -12949989.5751 8382374.7635, -12949851.8944 8382848.4479, -12949813.0216 8382917.5004, -12949701.9554 8383029.3606, -12949285.5332 8383230.963, -12948809.1154 8383516.797, -12948273.0469 8383718.0609, -12948075.546 8383855.3115, -12947978.6579 8383982.1772, -12947912.0275 8384126.341, -12947783.4295 8384587.3691, -12947726.3715 8384734.81, -12947645.4721 8384868.6647, -12947536.6846 8384978.1577, -12947471.9837 8385021.641, -12947329.1305 8385080.098, -12946960.0385 8385148.0311, -12946824.9689 8385195.4641, -12946764.5525 8385232.5804, -12946663.713 8385332.7565, -12946626.9071 8385394.5741, -12946530.7609 8385672.9547, -12946469.9765 8385801.3555, -12946428.318 8385856.0874, -12946324.846 8385942.12, -12946204.2904 8385992.9179, -12946078.8223 8386004.5856, -12945791.2912 8385921.5464, -12945681.3693 8385924.2632, -12945590.5773 8385969.62349999, -12945530.7742 8386051.53630001, -12945521.6485 8386154.2473, -12945564.1812 8386252.5781, -12945655.152 8386333.1427, -12945716.6406 8386362.3065, -12945927.0369 8386418.4448, -12946155.3586 8386457.8619, -12946791.3978 8386501.5258, -12946943.3802 8386540.478, -12947081.718 8386607.886, -12947141.724 8386652.1324, -12947238.8724 8386760.5201, -12947377.5764 8387022.32209999, -12947477.3466 8387138.3911, -12947610.1317 8387227.1054, -12947902.3154 8387360.8751, -12948017.2501 8387452.3165, -12948056.832 8387513.9339, -12948095.2437 8387654.2127, -12948090.5995 8387805.9245, -12948020.6177 8388267.1925, -12948023.4407 8388418.2499, -12948056.0657 8388562.8769, -12948115.9698 8388697.7475, -12948203.7986 8388817.2118, -12948590.6315 8389174.2445, -12948720.198 8389253.4865, -12948941.6327 8389311.4116, -12949339.0225 8389320.4743, -12950198.2077 8389301.3478, -12950384.5631 8389330.5267, -12950475.4798 8389389.7625, -12950520.8273 8389476.8923, -12950502.0751 8389575.0117, -12950424.4098 8389659.6124, -12950179.4266 8389797.1855, -12949877.5085 8389902.61079999, -12949543.2706 8389956.7496, -12949201.2181 8389967.8238, -12948949.8435 8389933.4395, -12948391.256 8389785.2046, -12947342.8316 8389609.4084, -12946702.2993 8389415.8955, -12946566.0526 8389415.1441, -12946440.385 8389455.5089, -12946335.1532 8389538.6821, -12946152.8109 8389829.8439, -12946055.0454 8389927.935, -12945923.8149 8389993.2637, -12945635.6076 8390086.43949999, -12945498.5813 8390157.6264, -12945381.671 8390259.53159999, -12945334.6978 8390322.1191, -12945268.011 8390462.3212, -12945237.948 8390699.36389999, -12945263.0495 8390864.5286, -12945321.65 8391026.2033, -12945571.3931 8391540.1467, -12945590.6752 8391606.92949999, -12945593.5873 8391735.0427, -12945543.4564 8391844.8259, -12945445.4478 8391917.0235, -12945382.8083 8391931.2698, -12945251.5982 8391911.61699999, -12945122.9415 8391847.0719, -12944762.3965 8391599.0226, -12944571.6136 8391530.6849, -12944443.2403 8391540.3232, -12944334.0866 8391598.6278, -12944292.1276 8391644.1056, -12944245.6876 8391760.1975, -12944259.0541 8391894.3365, -12944333.3178 8392021.7854, -12944386.7559 8392076.5018, -12945036.7563 8392571.3823, -12945404.7009 8392895.9606, -12945561.3279 8393069.76210001, -12945661.4853 8393264.2244, -12945671.8403 8393398.0287, -12945626.6709 8393523.0085, -12945531.7448 8393625.6435, -12945061.0878 8393873.3841, -12944608.3623 8394181.2428, -12944469.4862 8394237.1436, -12944326.6974 8394252.3256, -12943919.7898 8394177.5169, -12943505.3552 8394168.6703, -12943411.0882 8394138.79469999, -12943346.8293 8394058.4445, -12943330.6271 8393938.467, -12943347.7249 8393722.1111, -12943339.2034 8393646.1736, -12943293.0792 8393497.8122, -12943204.8736 8393368.0005, -12943084.8949 8393264.04950001, -12942867.7946 8393160.2592, -12942710.9161 8393132.7267, -12942631.7478 8393136.3249, -12942480.7356 8393177.67010001, -12942411.3436 8393213.2055, -12942294.4843 8393310.9091, -12942214.2852 8393437.1, -12942180.5471 8393579.2716, -12942183.9838 8393655.9564, -12942225.5983 8393808.3421, -12942418.669 8394183.5088, -12942495.7162 8394429.6255, -12942500.1273 8394514.7876, -12942460.6088 8394681.924, -12942421.655 8394755.3793, -12942311.0489 8394872.327, -12942171.0896 8394943.0208, -12942015.8295 8394956.7428, -12941937.5342 8394941.3889, -12941862.2914 8394914.21899999, -12941723.3673 8394832.0455, -12941393.3759 8394583.5505, -12941240.0025 8394515.5606, -12941073.8857 8394484.7318, -12940823.5796 8394507.2337, -12940435.0423 8394656.5339, -12940200.9957 8394703.9363, -12939972.5635 8394680.055, -12939680.9227 8394590.7123, -12939531.9836 8394565.8248, -12939383.675 8394577.76049999, -12939245.7233 8394624.9593, -12939072.0322 8394748.9943, -12938878.7786 8394949.4458, -12938805.1692 8395057.2254, -12938768.0892 8395173.6146, -12938781.8121 8395292.45589999, -12938809.0982 8395351.5845, -12938904.9468 8395451.3667, -12939078.8239 8395586.3336, -12939159.8153 8395704.3794, -12939194.507 8395849.5266, -12939195.3265 8395924.6056, -12939164.9524 8396073.5258, -12939056.2908 8396283.3766, -12938838.6516 8396516.0452, -12938628.1144 8396635.5148, -12938472.7153 8396673.2481, -12938311.6778 8396669.1255, -12938076.7738 8396614.5662, -12937561.3027 8396431.0826, -12937117.026 8396201.9263, -12936988.9064 8396168.2406, -12936861.5556 8396168.2456, -12936739.5768 8396216.3105, -12936525.6938 8396373.3593, -12936404.6839 8396418.3941, -12936001.6588 8396385.6657, -12935867.1363 8396411.2579, -12935803.6074 8396441.6967, -12935689.4647 8396534.6922, -12935391.4098 8396886.0111, -12935219.8402 8397038.98879999, -12935083.3328 8397110.3217, -12934940.9991 8397140.7504, -12934796.0957 8397127.68990001, -12934727.4217 8397104.74189999, -12934551.6007 8396994.7927, -12934462.8944 8396892.5474, -12934413.424 8396769.8235, -12934382.4969 8396439.8362, -12934329.7139 8396313.2458, -12934286.7086 8396254.8074, -12934002.6064 8395987.6055, -12933501.4692 8395592.475, -12933404.8124 8395474.5846, -12933338.8605 8395340.3302, -12933305.8824 8395115.4626, -12933351.9055 8394721.3995, -12933547.3046 8393974.5275, -12933616.9195 8393584.1788, -12933602.5873 8393419.8671, -12933544.1534 8393312.9409, -12932531.5193 8392844.2522, -12931320.3496 8392664.0222, -12930712.6331 8392536.8622, -12930620.3677 8392544.9523, -12930376.7503 8392628.9848, -12930120.6534 8392792.9985, -12929959.8197 8392828.3203, -12929797.8565 8392798.6267, -12929334.2114 8392987.6054, -12929082.0317 8393381.0814, -12928946.9174 8393476.1844, -12928727.0222 8393554.7926, -12928525.1112 8393683.576, -12928357.2885 8393854.5548, -12928170.3214 8394141.9262, -12928035.5645 8394236.75289999, -12927944.9289 8394256.6316, -12927893.3324 8394353.3203, -12927829.2799 8394584.378, -12927818.7565 8394823.9543, -12927867.8511 8395077.40209999, -12927957.704 8395279.7321, -12928087.5952 8395458.9304, -12928222.3755 8395584.9006, -12928515.1272 8395792.1207, -12928603.0243 8395931.6661, -12928630.2494 8396094.4007, -12928588.4186 8396272.7167, -12928530.3566 8396358.7279, -12928338.9886 8396498.1262, -12928208.5871 8396628.6759, -12928112.1678 8396763.9957, -12927966.4216 8397027.0312, -12927894.3611 8397236.4443, -12927832.9552 8397593.7918, -12927753.6634 8397740.16260001, -12927698.198 8397896.8825, -12927623.7089 8398314.9778, -12927535.9535 8398454.6797, -12927401.1103 8398549.5502, -12927123.5617 8398629.0184, -12926900.1816 8398758.0717, -12926703.0941 8398951.8921, -12926570.1648 8399173.2483, -12926491.5816 8399438.4918, -12926480.3518 8399728.569, -12926517.2135 8399928.3649, -12926614.6077 8400160.987, -12926669.0303 8400391.8225, -12926641.9703 8400554.6853, -12926554.1695 8400694.4184, -12926345.4953 8400850.55789999, -12926187.6289 8401028.8268, -12926037.4355 8401134.456, -12925876.4004 8401169.7293, -12925535.5397 8401108.9023, -12925314.3252 8401104.8888, -12925097.1096 8401147.027, -12924893.3828 8401233.4771, -12924552.4524 8401477.1885, -12924586.9863 8401525.9972, -12924623.0616 8401742.349, -12924581.1025 8401920.779, -12924522.9496 8402006.8244, -12924328.8352 8402143.27660001, -12924071.3342 8402186.2617, -12923895.8093 8402243.2236, -12923748.4118 8402319.91879999, -12923461.4012 8402519.7225, -12923300.3224 8402554.9464, -12923138.1715 8402525.0679, -12922954.8354 8402405.0707, -12922797.3113 8402200.0536, -12922645.2168 8402057.4208, -12922542.1718 8401915.3159, -12922494.343 8401738.3733, -12922516.1079 8401574.6885, -12922599.3362 8401432.1528, -12922774.3504 8401300.33079999, -12922848.8835 8401282.8443, -12922741.519 8400925.5788, -12922774.2484 8400610.1818, -12922743.0753 8400353.7067, -12922683.3926 8400184.33129999, -12922544.0289 8400286.1709, -12922382.9952 8400321.3636, -12922220.8937 8400291.4731, -12922074.4409 8400211.5459, -12921900.1018 8400151.195, -12921736.361 8400123.5544, -12921570.3197 8400121.9081, -12921299.5554 8400176.7495, -12921067.5937 8400289.7206, -12920882.5285 8400442.1408, -12920746.0992 8400616.5942, -12920634.1001 8400859.1083, -12920452.7204 8401178.3987, -12920402.5691 8401336.9871, -12920363.4096 8401557.9792, -12920246.605 8401743.51959999, -12920111.6077 8401838.2992, -12919950.5278 8401873.4463, -12919788.405 8401843.4966, -12919582.6625 8401713.7254, -12919412.9405 8401641.2678, -12919214.9276 8401596.9857, -12919012.1184 8401591.358, -12918829.8533 8401619.9865, -12918672.2698 8401672.5277, -12918524.8288 8401749.11249999, -12918245.7987 8401943.013, -12918084.7075 8401978.1198, -12917922.5897 8401948.1285, -12917769.4581 8401847.7458, -12917687.0831 8401733.98789999, -12917635.8904 8401615.55129999, -12917471.5245 8401378.1299, -12917642.0472 8401312.7402, -12917845.3698 8401194.6387, -12918114.1893 8401126.6646, -12918335.1138 8401103.8678, -12918494.4219 8401056.8784, -12918660.3574 8400976.1365, -12918998.4766 8400756.1087, -12919411.5912 8400670.9683, -12919565.1047 8400607.5375, -12919706.8189 8400520.8305, -12919858.94 8400386.4048, -12919982.6543 8400225.375, -12920073.4165 8400043.661, -12920128.2685 8399847.4948, -12920220.7425 8399710.84179999, -12920358.753 8399620.6092, -12920520.8541 8399590.8164, -12920684.6547 8399626.7063, -12920838.4415 8399707.9229, -12920995.8347 8399760.8976, -12921159.5647 8399788.5534, -12921325.5985 8399790.2089, -12921507.8084 8399761.526, -12921665.3306 8399708.938, -12921812.698 8399632.3117, -12921960.1256 8399521.2934, -12922086.1421 8399378.93949999, -12922267.9552 8399378.7752, -12922091.2263 8399224.5461, -12921878.8676 8399113.5082, -12921647.0199 8399053.1605, -12921444.407 8399044.0582, -12921134.4863 8399097.2689, -12920709.6761 8399083.3798, -12920490.5969 8399113.9272, -12920350.149 8399159.4303, -12920217.3877 8399224.0681, -12919838.8071 8399484.717, -12919528.8407 8399555.8773, -12919341.3342 8399633.35189999, -12919157.7582 8399756.98399999, -12918992.5831 8399930.8051, -12918856.185 8400171.4278, -12918783.7656 8400450.4521, -12918695.8166 8400590.0905, -12918560.8202 8400684.827, -12918399.7579 8400719.9345, -12918237.6666 8400689.9551, -12918075.1438 8400583.4258, -12917957.3131 8400467.11379999, -12917822.2863 8400370.2944, -12917673.8046 8400295.8232, -12917515.5231 8400245.533, -12917369.7473 8400222.1445, -12917222.1408 8400219.3031, -12916881.2738 8400279.0657, -12916719.1978 8400249.0545, -12916566.1175 8400148.6695, -12916502.699 8400055.1414, -12916367.1703 8400101.601, -12916204.1411 8400188.0335, -12916000.6106 8400330.1491, -12916120.1095 8400502.6866, -12916227.7703 8400822.0741, -12916301.3505 8400950.29609999, -12916400.2946 8401076.0795, -12916180.5696 8401166.972, -12915999.0831 8401293.7431, -12915847.8688 8401455.5407, -12915697.2168 8401687.4416, -12915587.7249 8401921.4291, -12915524.3601 8402227.67099999, -12915347.0386 8402534.2398, -12915298.675 8402674.0125, -12915222.2859 8402994.7751, -12915164.0153 8403080.7593, -12915014.0547 8403185.8896, -12914811.5617 8403229.92549999, -12914585.9877 8403252.5735, -12914392.3158 8403313.2845, -12914229.1924 8403399.7112, -12913938.6621 8403602.4557, -12913546.7932 8403689.7889, -12913357.7991 8403763.8625, -12913201.0683 8403861.461, -12913063.6334 8403984.83780001, -12912970.4076 8404099.6053, -12912894.0322 8404226.2537, -12912830.0891 8404379.8586, -12912785.5189 8404551.9984, -12912664.4978 8404740.971, -12912591.9727 8404910.9845, -12912534.0908 8405198.5293, -12912549.121 8405548.1058, -12912440.7899 8405892.8054, -12912379.7342 8406235.5569, -12912272.2465 8406405.8892, -12911833.0744 8406714.7148, -12911493.6592 8406803.6727, -12911344.7304 8406877.5751, -12911223.4677 8406962.1618, -12911102.6101 8407076.4496, -12911011.3291 8407192.8542, -12910891.4847 8407428.67230001, -12910779.8683 8407605.46819999, -12910644.6413 8407700.1501, -12910292.6897 8407776.907, -12910152.0131 8407822.2694, -12909971.6396 8407915.6954, -12909812.3715 8408041.8779, -12909690.8389 8408181.1359, -12909587.2831 8408356.1135, -12909507.3352 8408599.283, -12909313.0938 8408937.9343, -12909262.6505 8409096.6143, -12909221.7007 8409327.1018, -12909133.4653 8409466.794, -12908998.1829 8409561.4697, -12908836.8808 8409596.4108, -12908674.6315 8409566.1848, -12908417.4597 8409409.819, -12908172.0902 8409329.1494, -12907896.0676 8409311.4019, -12907642.4164 8409359.9859, -12907423.8244 8409458.9574, -12907129.034 8409661.8347, -12906930.3485 8409704.8202, -12906659.1839 8409735.3542, -12906518.4474 8409780.6593, -12906385.3728 8409845.1412, -12906030.9512 8410087.8385, -12905861.278 8410166.18429999, -12905709.6221 8410271.8035, -12905543.8939 8410445.5716, -12905421.4301 8410652.2323, -12905356.3232 8410844.9805, -12905329.1267 8411046.6362, -12905340.8435 8411249.7906, -12905397.4653 8411464.3551, -12905468.5574 8411614.9553, -12905562.2969 8411752.5631, -12905676.3768 8411873.7885, -12905808.62 8411976.8828, -12905912.8002 8412143.4091, -12906001.3501 8412343.7198, -12906118.798 8412509.802, -12906262.129 8412647.4965, -12906452.0634 8412877.6612, -12906676.8341 8413039.3511, -12906829.1684 8413106.2781, -12907008.3197 8413151.62389999, -12907174.1098 8413165.21859999, -12907357.1629 8413149.8382, -12907528.1308 8413175.8935, -12907669.0825 8413262.0294, -12907765.8495 8413396.0427, -12907803.3896 8413557.1061, -12907774.1911 8413730.1096, -12907678.6556 8413995.6475, -12907655.3452 8414253.4407, -12907685.5214 8414473.3974, -12907756.3647 8414673.099, -12907804.5778 8414879.9542, -12907775.4167 8415052.7374, -12907679.3014 8415319.3978, -12907655.5594 8415558.7035, -12907681.9034 8415779.1931, -12907756.2307 8415995.2892, -12907804.6528 8416203.03980001, -12907777.1188 8416366.1838, -12907688.7724 8416505.9919, -12907553.3425 8416600.73179999, -12907391.8795 8416635.6752, -12907074.6883 8416577.4418, -12906927.1195 8416566.6374, -12906761.1701 8416579.1896, -12906450.0628 8416644.6023, -12906130.0298 8416585.7963, -12905982.4621 8416574.9729, -12905816.5107 8416587.5037, -12905512.6992 8416651.29779999, -12905196.7202 8416593.2068, -12905049.1536 8416582.3646, -12904883.2004 8416594.8743, -12904571.9962 8416660.2249, -12904245.8425 8416600.1903, -12904098.2771 8416589.329, -12903932.3221 8416601.8173, -12903632.4059 8416664.6891, -12903329.1253 8416622.3811, -12903071.9407 8416648.503, -12902930.2824 8416691.31239999, -12902795.9486 8416753.4514, -12902400.105 8417022.615, -12901954.1403 8417126.0642, -12901801.2546 8417191.9531, -12901660.5381 8417280.9857, -12901510.0997 8417417.9949, -12901388.5188 8417581.24099999, -12901300.2637 8417764.7285, -12901243.187 8417971.9852, -12901184.6348 8418058.034, -12901034.1693 8418163.0939, -12900872.6405 8418197.9017, -12900608.7192 8418166.0909, -12900369.9833 8418192.3604, -12900176.8833 8418256.2062, -12899987.7162 8418363.998, -12899792.6736 8418405.998, -12899511.5298 8418436.0788, -12899353.4476 8418488.3266, -12899195.4341 8418571.0434, -12899031.3116 8418606.3672, -12898868.9035 8418575.8885, -12898730.8793 8418484.9004, -12898638.6925 8418347.5478)), ((-12911179.0971 8381711.1362, -12911340.8437 8381681.619, -12911519.0877 8381720.9091, -12911819.2884 8381934.5557, -12911981.5364 8382021.494, -12912192.4153 8382086.649, -12912609.0009 8382150.8983, -12912749.4178 8382236.5795, -12912845.8676 8382369.9669, -12912883.3571 8382530.331, -12912856.0567 8382692.7522, -12912756.3941 8382861.0242, -12912636.9709 8382925.6206, -12912472.7517 8382961.2759, -12912311.0738 8382931.2359, -12911962.3085 8382690.3959, -12911815.5605 8382613.4051, -12911604.6698 8382548.2347, -12911177.7908 8382486.9622, -12911040.2927 8382396.6445, -12910948.3317 8382260.1127, -12910916.1992 8382098.5909, -12910948.8853 8381937.1853, -12911041.3072 8381800.9776, -12911179.0971 8381711.1362)), ((-12910643.011 8395112.4604, -12911223.1169 8394884.6731, -12911593.1412 8395244.4464, -12911675.8576 8395900.781, -12911389.5762 8396270.3979, -12910957.3967 8396642.1905, -12910662.4212 8396427.3475, -12910726.7205 8395841.8439, -12910356.7082 8395481.9979, -12910643.011 8395112.4604)))"
68,21179,1773,2023-10-15 06:33:14,PWF125, ,17714.2,2023-09-24,1630,0 - hand sketch of any type,Wildfire,Being Held,2023/09/29 14:40:17,E,17714.2,1690142280000,Lightning,5,deff6c8f-aca6-4ee7-b81b-10b3108ce911,591236397.5,209569.029812307,"POLYGON ((-13295247.163 7737042.3465, -13295269.079 7736857.7575, -13295249.1616 7736639.1174, -13295164.8596 7736359.497, -13295177.5023 7736209.0006, -13295319.1196 7735928.1249, -13295375.8426 7735733.5557, -13295390.9528 7735531.4265, -13295361.5122 7735321.549, -13295378.7355 7735116.4722, -13295407.2475 7735062.10279999, -13295505.4297 7734950.2393, -13295518.9655 7734860.5445, -13295653.4047 7734573.385, -13295708.6217 7734533.2919, -13295762.0726 7734068.2799, -13295915.1978 7733795.5395, -13296216.0161 7733642.1927, -13296016.3581 7733580.3754, -13295807.843 7733564.5548, -13295257.7502 7733676.8318, -13294982.6548 7733647.8617, -13294764.9209 7733671.6088, -13294527.9318 7733759.0276, -13294331.8393 7733895.8526, -13294351.679 7733987.5334, -13294321.1892 7734152.3325, -13294271.8677 7734233.472, -13294135.9634 7734339.2125, -13293929.6988 7734410.6305, -13293744.4873 7734385.6568, -13293591.2106 7734449.2127, -13293420.4734 7734551.5069, -13293227.1851 7734603.6524, -13293077.8407 7734583.5014, -13292895.8494 7734482.5272, -13292944.5376 7734636.5503, -13292926.8946 7734786.5105, -13292852.7775 7734917.9865, -13292733.704 7735010.5413, -13292704.839 7735017.1509, -13292788.4011 7735256.4615, -13292767.1134 7735342.2808, -13292902.1855 7735414.6365, -13292996.5198 7735532.4091, -13293038.0975 7735677.5639, -13293020.4544 7735827.5447, -13292900.3232 7736022.8091, -13292761.752 7736064.4018, -13292716.3473 7736144.9419, -13292551.8412 7736298.7316, -13292422.3224 7736496.2606, -13292356.4279 7736670.0223, -13292321.4087 7736874.8723, -13292247.2615 7737006.3791, -13292128.1484 7737098.9508, -13291982.5828 7737138.1968, -13291831.1125 7737117.7351, -13291746.6072 7737080.5346, -13291771.0343 7737185.2351, -13291755.8897 7737375.6584, -13291704.4189 7737442.5661, -13291679.2902 7737501.57989999, -13291370.2764 7737742.3663, -13291207.9369 7737923.4767, -13291111.0572 7738090.2182, -13291041.8649 7738315.0296, -13291176.572 7738505.1147, -13291262.5449 7738561.4921, -13291348.9152 7738685.323, -13291380.8112 7738832.9833, -13291350.24 7738997.8777, -13291300.8565 7739079.0508, -13291168.5809 7739181.8269, -13290965.8149 7739227.9615, -13290796.557 7739311.3384, -13290569.4572 7739342.1643, -13290591.4953 7739419.1924, -13290573.7972 7739569.2425, -13290430.5422 7739826.1787, -13290363.5204 7740028.242, -13290287.187 7740467.6439, -13290237.7827 7740548.8265, -13290105.4671 7740651.605, -13289959.8226 7740690.8326, -13289810.3647 7740670.604, -13289243.9452 7740351.4514, -13289164.1745 7740251.6661, -13289100.3908 7740268.8373, -13288950.9436 7740248.5928, -13288806.6057 7740163.614, -13288747.2506 7740089.4307, -13288729.2783 7740033.6008, -13288537.0454 7739922.7485, -13288342.8992 7739855.6196, -13288193.3319 7739758.4507, -13288142.8283 7739695.691, -13288093.8689 7739535.7769, -13288108.7307 7739070.9153, -13288066.4945 7738876.794, -13287873.7193 7738820.3411, -13287686.7402 7738710.2195, -13287601.7287 7738556.2307, -13287576.0509 7738476.421, -13287588.8463 7738325.8916, -13287658.708 7738192.0179, -13287774.7759 7738095.6034, -13287919.0114 7738051.6297, -13288069.0007 7738066.9292, -13288124.2092 7737964.9071, -13288129.5415 7737791.1111, -13288068.4982 7737486.1898, -13287987.8602 7737320.884, -13287877.4529 7737170.3053, -13287671.0278 7737043.3198, -13287659.8368 7737086.417, -13287459.0398 7737403.7654, -13287281.093 7737543.3053, -13287135.4911 7737582.4616, -13286661.8868 7737504.117, -13286153.7256 7737684.6844, -13285970.8945 7737636.706, -13285683.4229 7737598.271, -13285610.3525 7737472.5127, -13285336.9121 7737428.8261, -13285000.3853 7737222.6872, -13284910.0922 7737101.7287, -13284873.4743 7736955.2043, -13284897.0559 7736826.945, -13284407.6091 7736467.3269, -13284169.301 7736374.5158, -13283480.9915 7736152.1113, -13283251.7228 7736134.1743, -13283069.984 7736236.4994, -13282769.1627 7736290.5285, -13282506.0258 7736427.8288, -13282213.3601 7736360.5481, -13281979.5428 7736246.7708, -13281602.4532 7736178.5177, -13281211.9054 7735836.04249999, -13280897.0368 7735692.3366, -13280768.0495 7735668.6506, -13280384.6972 7735702.3016, -13280126.4985 7735688.5024, -13279916.6748 7735628.7178, -13279564.0491 7735635.4917, -13279249.215 7735718.076, -13279099.8783 7735697.6464, -13278620.4675 7735438.614, -13278375.5607 7735414.36949999, -13278175.533 7735444.6361, -13278001.322 7735508.4677, -13277842.463 7735604.4319, -13277704.7924 7735729.005, -13277593.3686 7735877.612, -13277531.1993 7735997.6974, -13277481.9642 7736141.6395, -13277454.3582 7736308.3921, -13277456.7786 7736488.4617, -13277413.772 7736718.0761, -13277364.2516 7736799.138, -13277128.0595 7736970.1547, -13277165.0277 7737317.4773, -13277236.8085 7737572.9952, -13277212.6338 7737774.8996, -13277156.8914 7737908.3467, -13277120.3485 7738056.0763, -13277111.8778 7738309.1436, -13277138.462 7738459.0026, -13277181.4935 7738587.2772, -13277241.9244 7738708.3043, -13277330.7579 7738840.8656, -13277362.3843 7738988.5947, -13277331.5077 7739153.4434, -13277281.9713 7739234.531, -13277149.4974 7739337.0698, -13277003.8047 7739376.043, -13276824.8834 7739351.5142, -13276625.5266 7739295.8645, -13276423.489 7739283.7477, -13276223.3509 7739313.981, -13275841.5709 7739431.0839, -13275692.1687 7739410.579, -13275547.9888 7739325.3532, -13275311.1591 7739067.805, -13275027.0087 7738889.1433, -13274939.2641 7738725.6758, -13274924.216 7738568.4431, -13275071.4818 7738101.6216, -13275114.6825 7737856.9283, -13275198.2005 7737720.3034, -13275336.3487 7737644.2608, -13275340.5552 7737595.7, -13275560.4146 7737200.8056, -13275613.7598 7737040.4266, -13275638.9226 7736872.3037, -13275708.9846 7736738.5598, -13275771.5627 7736686.7449, -13275726.1762 7736570.8409, -13275658.5438 7736590.0264, -13275529.9831 7736546.6793, -13275324.1308 7736385.7277, -13275273.0467 7736226.0647, -13275286.0831 7736075.5939, -13275390.8048 7735942.0157, -13275363.8771 7735857.8561, -13275356.6802 7735678.2108, -13275421.3175 7735449.2712, -13275460.6778 7735384.8784, -13275582.9536 7735296.5878, -13275908.1758 7735198.2322, -13275992.8553 7735160.3308, -13276402.2382 7734834.1621, -13276737.2428 7734756.0154, -13276946.7974 7734666.5556, -13277008.3287 7734588.8295, -13277100.6365 7734389.7704, -13277148.4906 7734141.2745, -13277147.1278 7734006.0324, -13277126.9947 7733872.2989, -13277062.558 7733680.2, -13277014.3732 7733593.3747, -13276982.7604 7733586.7836, -13276734.7191 7733431.0632, -13276644.6013 7733310.0619, -13276600.2771 7733176.7145, -13276408.6185 7732870.1309, -13276372.1852 7732723.6412, -13276473.7622 7732445.6842, -13276595.9797 7732357.4125, -13276963.007 7732287.7085, -13277190.1839 7732201.1486, -13277390.2646 7732074.7147, -13277600.9784 7731995.4689, -13277876.6571 7732101.7768, -13277965.9724 7732276.0702, -13278171.49 7731866.1688, -13278207.1793 7731713.5238, -13278197.1987 7731528.0208, -13278148.6921 7731335.7198, -13278161.6658 7731185.3421, -13278231.6332 7731051.6775, -13278541.9138 7730780.2348, -13278628.9059 7730596.8503, -13278751.0682 7730508.5667, -13278963.4746 7730485.6693, -13279109.4592 7730540.0026, -13279264.5917 7730679.5191, -13279490.6008 7730682.2663, -13279687.9027 7730638.089, -13279782.5731 7730576.8277, -13279882.0862 7730546.6063, -13280082.0849 7730385.5069, -13280167.716 7730281.0474, -13280245.638 7730150.5829, -13280327.3985 7729911.281, -13280362.5022 7729575.0163, -13280432.4163 7729441.361, -13280548.4482 7729345.1683, -13280692.5648 7729301.38539999, -13280842.3708 7729316.8151, -13281017.9969 7729412.7804, -13281200.9282 7729656.7064, -13281255.1683 7729825.5503, -13281272.6862 7729796.8433, -13281402.4885 7729695.8466, -13281386.3954 7729652.709, -13281360.9015 7729631.3333, -13281117.5388 7729491.6311, -13280964.5182 7729365.6035, -13280819.3548 7729287.5397, -13280561.2942 7729221.4445, -13280315.1631 7729229.7018, -13280154.6961 7729254.358, -13279926.968 7729363.2099, -13279764.5424 7729395.2507, -13279605.7083 7729368.9089, -13279474.1146 7729314.1955, -13279319.9491 7729285.1308, -13279162.3285 7729278.0878, -13278979.876 7729299.2563, -13278826.3168 7729279.8358, -13278668.6795 7729195.2477, -13278610.8559 7729121.3466, -13278496.5256 7728762.6723, -13278379.6747 7728556.8052, -13278211.2043 7728375.9874, -13277977.2691 7728230.7736, -13277867.6741 7728101.982, -13277833.9413 7727949.0517, -13277854.3968 7727812.1055, -13277942.0603 7727549.3106, -13277907.9235 7727451.5267, -13277544.3675 7726960.1938, -13277519.6942 7726737.2018, -13277601.0608 7726526.6224, -13277661.5934 7726271.0962, -13277686.6854 7726036.3672, -13277764.3133 7725830.788, -13278024.3918 7725690.9718, -13278174.1226 7725706.449, -13278411.5156 7725909.3936, -13278641.2266 7726134.9882, -13279156.0798 7726391.5645, -13279267.5763 7726310.28149999, -13279476.7873 7726273.3662, -13279659.184 7726244.3774, -13279810.8867 7726286.8779, -13279976.5091 7726443.8191, -13280170.134 7726703.948, -13280468.5781 7726690.009, -13281079.5684 7726606.0645, -13281337.3725 7726607.0056, -13281674.7967 7726672.0982, -13282782.5055 7726989.0124, -13282969.6167 7727054.8076, -13283082.9507 7727111.4446, -13283182.7562 7727179.5194, -13283305.5192 7727292.6453, -13283385.1818 7727300.8077, -13283517.5293 7727367.503, -13283679.1471 7727514.7025, -13283866.1211 7727616.7527, -13284015.0742 7727551.0803, -13284122.6673 7727483.929, -13284644.9675 7727105.0201, -13284819.7475 7727019.0739, -13285209.3475 7726886.3343, -13285337.7217 7726827.9097, -13285627.6702 7726623.2632, -13285751.5499 7726555.0823, -13285955.8178 7726492.73789999, -13286328.5028 7726474.3438, -13286434.3773 7726360.6123, -13286574.2887 7726090.0857, -13286660.7234 7726025.5951, -13286691.6375 7725806.3179, -13286708.6183 7725526.2237, -13286739.6052 7725472.5337, -13286691.708 7725323.5809, -13286704.5059 7725173.3117, -13286774.269 7725039.679, -13286890.1527 7724943.4487, -13287034.1471 7724899.5739, -13287233.0382 7724919.894, -13287396.5778 7725023.169, -13287383.0241 7724979.7764, -13287395.8079 7724829.5134, -13287465.5558 7724695.8807, -13287581.4256 7724599.6444, -13287725.4092 7724555.7587, -13288143.6151 7724612.4377, -13288395.192 7724594.1011, -13288524.9908 7724557.6363, -13288663.3271 7724495.4482, -13288988.7971 7724269.0377, -13289135.3477 7724234.7576, -13289283.732 7724259.8944, -13289410.892 7724340.5424, -13289518.5891 7724470.6914, -13289660.8284 7724589.5651, -13289843.652 7724683.6566, -13290003.6332 7724559.0173, -13290224.6909 7724500.7208, -13290434.397 7724541.5897, -13290624.3436 7724645.073, -13290718.5057 7724762.7128, -13290758.2016 7724922.7191, -13291408.1307 7724600.6586, -13291816.9226 7724372.1767, -13291886.6681 7724326.8452, -13291772.1552 7724311.3693, -13291642.3816 7724235.0196, -13291552.1451 7724114.3444, -13291515.4697 7723968.10239999, -13291538.0527 7723819.0247, -13291559.8733 7723783.1591, -13291507.6946 7723616.1875, -13291530.2769 7723467.1171, -13291574.2133 7723394.90119999, -13291436.4351 7723278.4649, -13291365.5539 7723174.6695, -13291313.7748 7723062.5902, -13291284.517 7722889.6633, -13291323.2406 7722723.2013, -13291384.6207 7722629.509, -13291468.8911 7722556.6776, -13291919.3673 7722309.6382, -13292129.4544 7722149.34, -13292301.5256 7722044.0806, -13292416.3785 7722011.7873, -13292538.8826 7722035.9291, -13292582.4978 7721975.671, -13292779.4422 7721912.5801, -13292999.857 7721913.8119, -13293122.3673 7722126.7536, -13293220.9938 7722096.6152, -13293370.6763 7722111.7866, -13293502.8758 7722183.7452, -13293597.05 7722301.3112, -13293615.6625 7722366.284, -13293775.4222 7722371.0032, -13293980.8368 7722439.0309, -13294106.0468 7722581.9831, -13294170.6611 7722744.3624, -13294253.8904 7722835.8078, -13294374.6234 7722909.3238, -13294457.7152 7722887.1398, -13294654.3114 7722564.473, -13294781.1867 7722471.4961, -13294931.5193 7722442.3614, -13295058.0375 7722455.9292, -13295244.11 7722530.9915, -13295388.8778 7722565.1572, -13295591.9238 7722566.4757, -13295759.0971 7722536.2285, -13295838.6223 7722550.738, -13296094.195 7722489.9856, -13296259.642 7722426.3667, -13296440.8853 7722383.7892, -13296589.2535 7722408.7775, -13296716.456 7722489.2824, -13296802.7243 7722612.7945, -13296820.7296 7722685.6067, -13296909.647 7722713.3792, -13297104.5654 7722619.311, -13297446.2722 7722345.21149999, -13297598.2439 7722304.2962, -13297792.4739 7722318.7207, -13297879.088 7722402.1539, -13297978.6775 7722566.0875, -13298088.8966 7722655.7256, -13298350.4324 7722812.942, -13298427.5202 7722927.9898, -13298500.1799 7723093.6907, -13298504.1254 7723213.5288, -13298572.8623 7723437.6054, -13298688.4605 7723550.1392, -13299081.3409 7723586.3935, -13299212.1697 7723635.9343, -13299400.2155 7723910.3123, -13299533.8239 7724002.2874, -13299710.0407 7724095.3403, -13299802.3113 7724205.5237, -13299868.3887 7724329.051, -13299906.3055 7724613.2954, -13299718.5491 7724935.6115, -13299472.4399 7725312.1405, -13299373.0416 7725566.6751, -13299208.1671 7725825.5091, -13299013.6254 7725985.5277, -13298857.3372 7726139.163, -13298834.8557 7726212.0071, -13298916.1378 7726211.9941, -13299060.9783 7726179.2497, -13299256.7119 7726096.659, -13299451.5451 7726118.7635, -13299720.6788 7726271.6354, -13299741.2458 7726467.9481, -13299713.6469 7726605.0124, -13299764.5358 7726626.466, -13299840.8646 7726619.53279999, -13300168.3243 7726525.3596, -13300393.7287 7726423.3458, -13300697.9737 7726417.88139999, -13300852.466 7726451.3243, -13301047.3343 7726547.5123, -13301184.8485 7726780.3509, -13301243.6013 7726771.3449, -13301358.8931 7726789.1666, -13301387.9576 7726764.9135, -13301526.7952 7726559.5525, -13301733.4651 7726393.3275, -13301852.4265 7726327.35189999, -13302104.1229 7726405.2318, -13302241.7098 7726512.433, -13302290.5949 7726598.8862, -13302300.1056 7726484.4371, -13302369.6025 7726350.6456, -13302485.3022 7726254.1657, -13302629.223 7726209.9894, -13302891.6433 7726206.9588, -13302950.6686 7726300.9038, -13303156.1063 7726190.4527, -13303467.0813 7726177.1653, -13303662.4502 7726280.5174, -13303800.0559 7726387.688, -13303908.7811 7726496.7692, -13304089.7863 7726492.0558, -13304236.7203 7726300.6479, -13304353.2708 7726198.4573, -13304496.7975 7726114.2582, -13304429.9608 7725872.7827, -13304402.3265 7725623.9427, -13304305.1852 7725361.8589, -13304116.9588 7725417.9109, -13303906.5449 7725389.8192, -13303776.6366 7725313.67, -13303755.7657 7725286.1186, -13303675.0932 7725298.7357, -13303647.0726 7725142.6328, -13303610.3651 7725094.1742, -13303278.4334 7725254.0499, -13303121.9728 7725300.7191, -13303020.8916 7725307.3967, -13302706.7063 7725161.0251, -13302535.8915 7725099.6399, -13302261.6472 7725110.4664, -13302196.0042 7725209.698, -13302067.8166 7725318.9059, -13301753.6671 7725541.1265, -13301605.0007 7725574.1727, -13301461.5042 7725568.1218, -13301243.1825 7725423.607, -13301199.2231 7725224.9884, -13301232.7286 7725087.1531, -13301304.7392 7724946.7856, -13301707.4927 7724660.6402, -13301822.649 7724507.3003, -13301988.7918 7724387.372, -13302171.3609 7724186.4432, -13302259.5996 7723984.4719, -13302286.1912 7723837.4231, -13302384.0177 7723671.1493, -13302487.5436 7723591.6746, -13302607.8811 7723547.412, -13302719.5724 7723481.9251, -13302859.438 7723043.319, -13302818.7966 7722917.8382, -13302831.2731 7722767.5983, -13302919.7793 7722597.1869, -13303044.3232 7722405.2438, -13303125.2852 7722165.9616, -13303164.7356 7721635.9623, -13303158.2196 7721501.1049, -13303130.3494 7721358.608, -13303143.0396 7721205.7285, -13303212.476 7721072.0233, -13303328.0866 7720975.5996, -13303471.9028 7720931.4407, -13303621.5772 7720946.4079, -13303753.8479 7721018.1749, -13303848.5131 7721136.0294, -13303910.2807 7721268.8694, -13304173.8664 7721204.2952, -13304322.2326 7721229.1285, -13304449.5173 7721309.5049, -13304507.0399 7721379.52269999, -13304585.3688 7721390.6082, -13304714.6345 7721475.0033, -13304784.6141 7721598.187, -13304814.3916 7721727.97999999, -13304885.8507 7721890.1287, -13304990.5346 7722053.2426, -13305163.0726 7722073.2477, -13305293.4205 7722144.4955, -13305390.3944 7722259.1151, -13305431.0683 7722399.2619, -13305425.1769 7722421.0868, -13305650.0076 7722490.2597, -13305913.5553 7722518.3757, -13306045.8741 7722590.1161, -13306140.2425 7722707.527, -13306175.512 7722823.3683, -13306343.586 7722785.3315, -13306478.5022 7722793.6332, -13306590.7246 7722820.1219, -13306745.9825 7722918.0958, -13306832.4149 7723041.4958, -13306905.2458 7723372.0537, -13307025.648 7723304.7908, -13307184.2083 7723256.0189, -13307333.9334 7723270.9158, -13307466.2782 7723342.6378, -13307560.6776 7723460.0416, -13307674.4183 7723893.0484, -13307843.997 7723818.4263, -13308010.1735 7723846.0885, -13308141.6991 7723934.1791, -13308326.8004 7724101.0303, -13308604.9501 7724213.2317, -13308873.8023 7724258.2361, -13309036.46 7724232.8341, -13309434.9293 7724103.0832, -13309443.5131 7723896.8254, -13309622.4853 7723571.2404, -13309680.9323 7723431.0905, -13309721.5749 7723250.0645, -13309726.3691 7723056.2557, -13309754.1317 7722869.9853, -13309832.1378 7722741.0767, -13309953.8009 7722652.3965, -13310057.1597 7722627.9192, -13310068.0626 7722554.7463, -13310146.0606 7722425.8399, -13310267.715 7722337.1583, -13310462.1921 7722291.09309999, -13310563.3691 7722295.2066, -13310757.3091 7722335.5107, -13310891.9655 7722340.62389999, -13311059.1344 7722320.5585, -13311244.9475 7722267.56490001, -13311438.6803 7722286.736, -13311608.7542 7722145.1222, -13311752.54 7722100.8005, -13311902.2487 7722115.6054, -13312010.8711 7722174.3879, -13312039.5417 7722153.2681, -13312183.325 7722108.9382, -13312382.1907 7722128.5923, -13312434.4659 7722156.8881, -13312488.3031 7722213.6512, -13312571.6824 7722219.10719999, -13312726.9977 7722303.1397, -13312959.1935 7722590.6184, -13313079.9945 7722708.1391, -13313219.3299 7722802.8539, -13313357.0887 7722866.2024, -13313536.2314 7722913.1283, -13313678.6807 7722923.4831, -13313730.1513 7722866.6629, -13313892.1122 7722831.5209, -13314053.4511 7722856.5988, -13314141.3331 7722830.9609, -13314291.0594 7722845.7196, -13314423.4586 7722917.3146, -13314517.9572 7723034.6226, -13314559.8659 7723179.41260001, -13314542.6173 7723329.6369, -13314465.5887 7723518.744, -13314428.9531 7723734.8049, -13314439.1974 7723903.2324, -13314482.5336 7723907.5025, -13314614.9534 7723979.1036, -13314709.4684 7724096.425, -13314748.9987 7724265.6999, -13314974.6462 7724224.6647, -13315123.1005 7724249.2939, -13315250.5209 7724329.5008, -13315476.2761 7724645.2904, -13315661.8335 7724816.4672, -13315777.2141 7724886.3001, -13315901.173 7724939.3615, -13316188.2572 7725000.3207, -13316423.757 7725000.8495, -13316609.8143 7724954.8044, -13316650.0782 7724801.1293, -13316750.9386 7724672.5151, -13316858.1233 7724611.5323, -13317029.9962 7724578.1867, -13317093.246 7724227.095, -13317171.1394 7724098.0912, -13317292.7348 7724009.2792, -13317439.1371 7723974.4579, -13317587.5931 7723999.038, -13317715.034 7724079.2003, -13317801.6541 7724202.4884, -13317864.5824 7724475.3326, -13317892.4711 7724543.1881, -13318060.1771 7724552.328, -13318192.64 7724623.8714, -13318287.2172 7724741.1562, -13318358.1427 7724997.5882, -13318447.8426 7725014.1048, -13318669.9052 7725153.6562, -13318829.3656 7725170.7961, -13318965.393 7725240.6654, -13319385.9374 7725262.3442, -13319518.4246 7725333.8703, -13319620.1923 7725475.8279, -13319701.9818 7725487.0773, -13319877.9803 7725582.0835, -13319972.5949 7725699.3607, -13320014.6225 7725844.1678, -13319997.529 7725994.0021, -13319923.9676 7726125.5747, -13319689.8277 7726323.6748, -13319603.9043 7726432.6198, -13319610.0404 7726512.5845, -13319695.186 7726820.916, -13319678.0846 7726970.7687, -13319604.5084 7727102.3558, -13319376.9653 7727286.3793, -13319442.6113 7727370.4624, -13319467.5099 7727558.9769, -13319511.1218 7727713.4625, -13319350.0798 7727865.8902, -13319395.1283 7727929.3663, -13319424.7112 7728080.0024, -13319395.2647 7728251.6318, -13319340.0033 7728328.0975, -13319127.458 7728487.6224, -13319093.3058 7728496.9597, -13319242.145 7728676.3612, -13319262.9259 7728722.8688, -13319488.6019 7728835.6599, -13319901.1788 7728954.8639, -13320069.8742 7728902.6573, -13320219.7283 7728917.3069, -13320352.2875 7728988.8506, -13320446.9533 7729106.1728, -13320459.5322 7729149.5019, -13320893.7015 7729410.2877, -13321101.8565 7729603.0576, -13321271.803 7729849.4422, -13321428.3775 7730197.7551, -13321528.0787 7730177.027, -13321677.9598 7730191.64940001, -13321810.5544 7730263.1784, -13321905.2586 7730380.5009, -13321934.1758 7730480.0352, -13322013.2446 7730577.9849, -13322022.7274 7730610.6235, -13322185.5578 7730621.2279, -13322318.1645 7730692.7518, -13322412.8818 7730810.0741, -13322454.9865 7730954.962, -13322437.9326 7731104.9008, -13322363.2871 7731238.5186, -13322296.2696 7731304.8206, -13322487.3679 7731438.4705, -13322574.1509 7731561.8182, -13322606.6139 7731709.1924, -13322592.4486 7731794.277, -13322644.4668 7731858.7049, -13322686.5822 7732003.611, -13322669.354 7732155.1281, -13322604.6899 7732314.1479, -13322569.4117 7732479.3264, -13322563.2943 7732648.1376, -13322584.1035 7732804.433, -13322562.6909 7732992.7339, -13322480.2261 7733192.3614, -13322444.8348 7733391.847, -13322445.9467 7733543.9278, -13322474.2442 7733711.1401, -13322421.9653 7734022.0782, -13322420.4278 7734174.1679, -13322442.3028 7734323.0288, -13322385.0773 7734695.0428, -13322377.8243 7734830.0861, -13322395.2161 7734998.1596, -13322487.6863 7735379.4867, -13322396.1966 7735783.7977, -13322386.3351 7736003.0777, -13322408.5674 7736153.5749, -13322454.0231 7736298.7366, -13322521.5843 7736434.9882, -13322616.8436 7736568.1695, -13322688.5973 7736807.87, -13322782.7622 7736999.2177, -13322860.0176 7737247.93999999, -13322927.5949 7737384.2044, -13323019.8517 7737513.6548, -13323062.0087 7737658.66529999, -13323027.423 7737885.4493, -13322901.0527 7738068.9272, -13322767.5392 7738305.5239, -13322630.6143 7738439.1664, -13322525.3166 7738592.2357, -13322445.9964 7738778.7644, -13322397.9289 7739020.9524, -13322300.1107 7739196.059, -13322181.3437 7739289.1191, -13322035.9088 7739328.9498, -13321886.4115 7739309.3586, -13321625.791 7739182.385, -13321307.5255 7739123.864, -13321148.2609 7739031.0077, -13320967.6634 7738890.1998, -13320752.2884 7738793.7048, -13320620.7595 7738763.054, -13320486.2538 7738751.0412, -13320351.3885 7738757.9001, -13320202.5011 7738787.9939, -13320060.1431 7738841.0526, -13319913.8798 7738925.3348, -13319808.7857 7739010.3098, -13319665.8485 7739157.6113, -13319504.8614 7739420.6371, -13319453.9026 7739564.0231, -13319424.8873 7739722.766, -13319351.1897 7739854.5736, -13319201.3149 7739971.9147, -13319093.43 7740015.6023, -13318873.8955 7740058.0503, -13318736.7256 7740101.7316, -13318571.9545 7740187.2856, -13318387.3291 7740332.0796, -13318194.0855 7740384.8999, -13318044.5758 7740365.2307, -13317717.8283 7740175.2935, -13317521.973 7740096.6064, -13317355.5646 7739999.4747, -13317294.7012 7739923.9893, -13317204.1739 7739745.1027, -13317057.5786 7739655.592, -13316977.3225 7739556.0464, -13316908.4226 7739429.4296, -13316778.7114 7739253.1161, -13316567.8223 7739028.1113, -13316287.0359 7738929.5894, -13315868.0476 7738924.9942, -13315571.0185 7738996.8722, -13315373.5128 7738976.8545, -13315205.1674 7738988.2566, -13314826.9288 7739085.8769, -13314457.3276 7739088.2981, -13314022.7296 7739198.5364, -13313873.2516 7739178.787, -13313743.0092 7739102.681, -13313535.4547 7738836.0107, -13313370.4522 7738668.6967, -13313055.1428 7738510.1476, -13312839.0999 7738473.3358, -13312636.9986 7738483.4089, -13312487.7364 7738520.6382, -13312270.2176 7738537.3937, -13312074.4228 7738446.1012, -13311819.9918 7738113.1936, -13311681.5921 7737995.3168, -13311482.1962 7737885.6545, -13311320.1568 7737838.5979, -13311185.3772 7737825.2045, -13311017.6789 7737831.2787, -13310709.6894 7737900.265, -13310560.2435 7737880.4528, -13310460.5803 7737822.1569, -13310339.3606 7737683.6489, -13310319.9481 7737607.0602, -13310312.045 7737471.5012, -13310324.4999 7737387.8622, -13310402.6384 7737258.6988, -13310524.5218 7737169.83429999, -13310671.2101 7737135.0757, -13310947.7177 7737151.8193, -13311073.0684 7737135.1062, -13311421.8418 7737034.8869, -13311577.5933 7737044.0744, -13311728.7913 7737029.9155, -13311827.332 7737003.7536, -13311981.6896 7736944.9503, -13312133.637 7736851.4084, -13312344.7062 7736646.6374, -13312403.5116 7736547.2227, -13312600.9944 7736077.5227, -13312458.2071 7736064.9169, -13312317.2666 7735984.6617, -13312114.7543 7735816.38, -13311902.1604 7735714.2618, -13311693.4532 7735670.0879, -13311497.4581 7735671.1372, -13311356.416 7735697.5941, -13311188.2329 7735752.5517, -13311051.2258 7735839.3687, -13310886.7267 7735877.0944, -13310740.2016 7735857.8243, -13310565.868 7735784.6315, -13310401.6706 7735754.4136, -13310207.2758 7735743.1949, -13310033.1349 7735781.548, -13309879.0618 7735757.9165, -13309724.1776 7735685.8281, -13309530.4237 7735647.8699, -13309362.7007 7735637.2693, -13309158.9963 7735667.8788, -13308992.8788 7735645.0358, -13308831.0971 7735578.2424, -13308651.6475 7735536.8808, -13308474.9315 7735536.5634, -13308229.1989 7735559.8304, -13307924.5664 7735669.2026, -13307723.2988 7735670.9912, -13307603.6777 7735611.0464, -13307561.9192 7735685.4576, -13307443.0195 7735778.2477, -13307297.5659 7735817.7778, -13307148.1684 7735797.9023, -13307003.7236 7735713.3227, -13306846.4613 7735540.9572, -13306651.4044 7735408.1391, -13306508.0527 7735350.9793, -13306272.0493 7735300.7816, -13306178.987 7735247.9402, -13306074.8889 7735223.6086, -13305691.899 7735251.4915, -13305550.3757 7735234.2163, -13305392.9714 7735159.7883, -13305189.6105 7735122.361, -13305005.3535 7735117.613, -13304835.8574 7735153.1097, -13304681.9695 7735131.7885, -13304535.8269 7735044.4715, -13304467.7543 7734966.5293, -13304389.9313 7734715.8569, -13304162.2251 7734713.6727, -13303990.9775 7734686.322, -13303833.7168 7734622.9908, -13303697.9923 7734523.5082, -13303510.0472 7734465.6869, -13303051.9699 7733856.7956, -13302814.1313 7733697.6938, -13302540.2686 7733615.213, -13302238.8488 7733624.3181, -13302020.5068 7733773.5797, -13301649.8276 7733811.7967, -13301509.2558 7733845.30699999, -13301353.1511 7733826.4938, -13301181.6748 7733757.771, -13301043.4266 7733728.7, -13301126.4436 7733996.5248, -13301108.9633 7734146.4869, -13301034.9957 7734278.0275, -13300941.8516 7734350.5886, -13300962.3032 7734501.0104, -13301038.1473 7734706.9165, -13301173.0839 7734925.8418, -13301215.6808 7735121.8283, -13301185.3364 7735286.6753, -13301136.0823 7735367.8696, -13300889.9169 7735577.9077, -13300806.357 7735684.1444, -13300738.3637 7735801.001, -13300660.6304 7736024.1223, -13300621.4817 7736320.2431, -13300547.4852 7736451.8173, -13300428.4853 7736544.5095, -13300271.0401 7736587.1427, -13300107.7738 7736595.4198, -13299959.3773 7736627.7086, -13299817.847 7736682.8585, -13299674.4481 7736768.1648, -13299527.0809 7736808.0535, -13299377.6799 7736788.0224, -13299254.2689 7736724.2204, -13299110.4751 7736675.297, -13298910.2589 7736646.1864, -13298775.309 7736650.3002, -13298642.243 7736673.1906, -13298406.7706 7736764.8982, -13298215.3073 7736902.9509, -13298072.2423 7737069.2453, -13298022.8518 7737151.018, -13297972.6916 7737395.6742, -13297751.5811 7737732.3877, -13297696.0867 7737855.7383, -13297645.4219 7738021.9843, -13297570.5233 7738145.326, -13297493.8813 7738207.125, -13297485.0721 7738376.2969, -13297500.9044 7738510.6803, -13297535.2487 7738641.5499, -13297587.4374 7738766.3583, -13297656.4554 7738882.6754, -13297879.8164 7739140.3458, -13298028.5772 7739618.1803, -13298112.2843 7739765.0074, -13298229.3814 7739912.8799, -13298284.935 7740106.3124, -13298289.1897 7740330.7299, -13298363.0957 7740684.0855, -13298410.6519 7740828.6796, -13298480.2135 7740964.0377, -13298513.1503 7741115.7513, -13298482.7267 7741280.7193, -13298335.3198 7741533.9374, -13298261.3619 7741758.5326, -13298212.8664 7742105.495, -13298224.0991 7742257.3504, -13298253.8933 7742389.4026, -13298348.9255 7742605.92, -13298481.6238 7742780.8374, -13298622.2547 7742902.2922, -13298941.2292 7743105.5787, -13299027.7759 7743229.3912, -13299059.8414 7743377.1024, -13299029.422 7743542.1213, -13298954.4942 7743665.5666, -13298796.2915 7743841.71899999, -13298697.3218 7744018.7482, -13298644.4228 7744179.4236, -13298569.7122 7744578.2603, -13298520.3723 7744659.5388, -13298338.3693 7744880.8229, -13297910.7872 7745035.5787, -13297315.8676 7745171.8699, -13297101.0738 7745281.843, -13296914.2653 7745332.3452, -13296661.5971 7745377.496, -13296401.9249 7745506.2655, -13296091.7786 7745578.2615, -13295550.5911 7745770.9047, -13295343.453 7745716.9504, -13295131.0097 7745551.7719, -13294918.5472 7745412.5465, -13294742.7177 7745352.6173, -13294492.6177 7745314.2029, -13294362.4539 7745237.7004, -13294255.5098 7745052.7024, -13294195.2364 7744817.4667, -13294027.8829 7744332.4501, -13294040.557 7744181.7977, -13294111.3672 7744045.8188, -13294217.2442 7743932.5654, -13294370.8249 7743659.0907, -13294429.2216 7743363.934, -13294411.7982 7743151.1116, -13294354.1306 7742935.975, -13294314.5795 7742702.8999, -13294373.295 7742535.6875, -13294536.736 7742284.8915, -13294606.1748 7742130.7108, -13294712.4278 7741535.3421, -13294685.4861 7741287.3351, -13294581.6638 7740983.1839, -13294393.2907 7740645.1297, -13294241.4135 7740555.2156, -13294182.0032 7740481.0723, -13294130.4972 7740321.4625, -13294143.1649 7740170.8892, -13294212.9256 7740036.9256, -13294390.2285 7739904.6165, -13294399.5678 7739860.6136, -13294529.6222 7739673.1356, -13294588.466 7739532.7959, -13294624.674 7739384.963, -13294637.3557 7739233.2773, -13294609.8061 7739007.411, -13294567.1183 7738828.5724, -13294589.6773 7738679.1962, -13294804.6794 7738315.0437, -13294857.9821 7738143.6583, -13294898.8479 7738121.5976, -13294908.025 7738012.3922, -13294977.7533 7737878.4604, -13295106.4883 7737771.3141, -13295257.6583 7737714.5706, -13295171.9859 7737454.1455, -13295160.4282 7737376.2068, -13295176.2785 7737250.8856, -13295247.163 7737042.3465))"
69,21180,1774,2023-10-15 06:33:14,MWF043,Myers Lake Fire,151492.6,2023-09-25,1507,0 - hand sketch of any type,Wildfire,Being Held,2023/09/04 00:00:00,E,130805.0,1688126040000,Lightning,2,fc326bc3-c9d9-4061-ae80-9a007ad8ced7,5906512941.88281,836271.634769235,"POLYGON ((-12355353.5833 8368480.4508, -12355339.5349 8368469.6238, -12355150.3257 8368495.9177, -12354991.7779 8368453.8381, -12354847.479 8368342.613, -12354793.4344 8368254.5442, -12354725.9902 8367900.6002, -12354363.0786 8367792.6797, -12353935.8963 8367437.4254, -12353869.6413 8367343.9051, -12353862.5274 8367310.2247, -12353781.0505 8367251.9187, -12353715.96 8367145.816, -12353656.4718 8366962.653, -12353522.216 8366859.1312, -12353437.3465 8366744.7886, -12353334.3688 8366639.8771, -12353139.0837 8366502.9788, -12352882.4887 8366404.38, -12352776.7743 8366383.9115, -12352738.2865 8366556.3958, -12352729.6712 8366721.6532, -12352746.9706 8366886.23, -12352789.7601 8367046.073, -12352856.988 8367197.2456, -12352946.9998 8367336.0243, -12353057.5801 8367458.9903, -12353210.527 8367588.5518, -12353286.9574 8367733.8988, -12353301.3687 8367897.5462, -12353168.8855 8368333.83699999, -12353149.7444 8368479.7454, -12353151.7325 8368644.6227, -12353092.6318 8368883.7058, -12353025.9717 8369033.9623, -12352986.7377 8369175.7948, -12352966.6323 8369340.1066, -12352974.3128 8369520.8433, -12352934.6478 8369681.2845, -12352836.7324 8369813.128, -12352695.552 8369896.816, -12352533.0505 8369919.3385, -12352374.4884 8369877.1941, -12352230.2027 8369765.8965, -12352176.1797 8369677.792, -12352140.5035 8369528.7432, -12352086.6391 8369391.8063, -12351948.6983 8369174.9537, -12351777.1707 8369009.0505, -12351554.7158 8368878.0138, -12351386.4178 8368748.1644, -12351332.4118 8368660.0655, -12351298.5753 8368480.8564, -12351377.526 8368093.85499999, -12351381.687 8367855.0855, -12351343.1746 8367656.6164, -12351275.9102 8367485.5606, -12351180.0183 8367328.8062, -12351058.4136 8367191.11379999, -12350693.3811 8366902.3911, -12350594.318 8366775.8899, -12350487.7874 8366674.6016, -12350287.9024 8366544.5365, -12350152.2169 8366488.2135, -12350010.0282 8366451.3521, -12349864.1026 8366434.6693, -12349717.2795 8366438.4893, -12349572.4154 8366462.7378, -12349432.3285 8366506.9432, -12349158.6852 8366653.5445, -12348996.2463 8366675.9803, -12348828.505 8366631.3111, -12348592.0415 8366517.3809, -12348395.4268 8366471.8311, -12348175.4195 8366465.9681, -12347826.9425 8366519.3304, -12347653.9296 8366580.606, -12347479.1069 8366681.5912, -12347326.7271 8366814.1342, -12347166.8439 8367008.5668, -12347010.1114 8367101.3121, -12346671.7036 8367153.0853, -12346447.6538 8367234.6053, -12346295.1472 8367329.7998, -12346257.1454 8367448.7177, -12346159.3744 8367571.4327, -12346089.3677 8367614.8922, -12346018.4814 8367624.6529, -12345854.5641 8367735.294, -12345692.0926 8367757.6594, -12345533.6189 8367715.3816, -12345401.0086 8367623.1247, -12345254.3214 8367551.1626, -12345373.6147 8366998.8709, -12345391.0613 8366779.0945, -12345348.2896 8366507.1537, -12345296.967 8366369.308, -12345226.9944 8366239.9602, -12345063.9544 8366041.5002, -12344844.5674 8365870.1674, -12344630.4547 8365765.3218, -12344398.289 8365711.4038, -12344159.9663 8365711.17499999, -12343945.0748 8365758.6729, -12343728.9759 8365859.3443, -12343554.2455 8365993.357, -12343411.1425 8366160.8315, -12343313.1191 8366337.519, -12343148.0817 8366916.0133, -12343126.7619 8367117.041, -12343144.1271 8367318.4555, -12343192.9756 8367495.6634, -12343304.4102 8367758.7349, -12343402.8565 8367913.90030001, -12343526.7101 8368049.5852, -12343672.208 8368161.6643, -12343850.2097 8368252.9331, -12343817.7312 8368429.3781, -12343816.3144 8368617.5707, -12343775.0037 8368783.7844, -12343676.9395 8368915.4867, -12343535.6762 8368998.9868, -12343373.1712 8369021.304, -12343206.9936 8368976.9141, -12343032.7691 8368884.3294, -12342839.7917 8368824.9867, -12342620.6786 8368803.5919, -12342375.6933 8368828.4115, -12342217.217 8368786.056, -12342087.4019 8368685.6354, -12341903.3108 8368361.92859999, -12341806.3619 8368227.8985, -12341581.0899 8368024.9977, -12341417.2366 8367808.26030001, -12341258.0857 8367672.4878, -12341170.3123 8367517.5829, -12341077.4162 8367262.0079, -12340944.4009 8367063.8689, -12340784.9649 8366911.8793, -12340606.4983 8366800.8398, -12340406.6911 8366646.2062, -12340352.8329 8366558.0551, -12340319.2729 8366378.8525, -12340356.1815 8366206.5726, -12340453.8691 8365970.8042, -12340487.5734 8365790.1314, -12340491.634 8365643.08349999, -12340474.4765 8365473.3752, -12340533.006 8365272.4529, -12340557.2202 8365090.2775, -12340533.6737 8364816.0616, -12340440.0831 8364557.3026, -12340282.8322 8364331.6299, -12340118.2714 8364185.3472, -12339888.2775 8364060.2637, -12339687.6668 8363904.9793, -12339633.8365 8363816.856, -12339600.3049 8363637.7169, -12339667.0445 8363302.9859, -12339667.4202 8363064.3427, -12339614.197 8362831.7385, -12339500.1305 8362601.6511, -12339410.9569 8362484.8525, -12339292.3786 8362369.77579999, -12339157.2925 8362274.6963, -12339026.0382 8362208.87259999, -12338779.0397 8362139.8097, -12338580.457 8362128.7987, -12338301.0071 8362071.7732, -12338063.2059 8362076.5147, -12337870.1495 8362024.7993, -12337726.2393 8361913.3434, -12337672.4469 8361825.2304, -12337638.9713 8361646.1319, -12337682.1007 8361445.1571, -12337754.3871 8361231.838, -12337779.7159 8360994.6155, -12337755.2208 8360775.6996, -12337595.4203 8360333.1547, -12337510.6749 8360191.2786, -12337412.5021 8360072.4286, -12337316.9224 8359903.5497, -12337297.4891 8359740.6108, -12337440.7925 8359275.1437, -12337461.2102 8359111.1045, -12337456.7928 8358955.9259, -12337493.2134 8358786.2266, -12337713.5871 8358460.4469, -12337680.4181 8358406.1165, -12337641.6869 8358198.9119, -12337639.3956 8358029.6655, -12337606.3254 8357849.0771, -12337526.1397 8357644.0567, -12337416.68 8357474.5271, -12337234.2308 8357294.2532, -12337112.0665 8357212.922, -12336879.4513 8357094.7107, -12336695.0088 8356927.14779999, -12336671.8159 8356882.8037, -12336621.9239 8356615.6943, -12336629.726 8356315.9316, -12336674.7038 8356158.065, -12336776.9996 8356029.9994, -12336938.7967 8355941.6363, -12337183.9817 8355861.3488, -12337085.0826 8355784.7415, -12336864.988 8355411.0263, -12336757.0183 8355286.1203, -12336645.6956 8355190.5015, -12336522.1741 8355111.3319, -12336388.8575 8355050.1511, -12336248.34 8355008.1492, -12336103.3555 8354986.143, -12335901.8964 8354989.2514, -12335722.2833 8355025.4673, -12335535.3116 8355100.68, -12335251.0276 8355266.5138, -12334978.4692 8355304.2933, -12334795.2954 8355362.6094, -12334792.8055 8355197.084, -12334747.4501 8354812.9931, -12334801.7376 8354622.63, -12334703.8783 8354448.7849, -12334693.5476 8354328.0458, -12334744.15 8354150.6093, -12334833.7403 8353988.4054, -12334131.8951 8354085.2119, -12333774.4757 8353238.9494, -12333205.8587 8353236.2584, -12333062.1897 8353124.849, -12333008.5152 8353036.8088, -12332975.1882 8352857.9046, -12333009.6812 8352697.64729999, -12333103.3243 8352563.2, -12333322.9829 8352416.9458, -12333521.4214 8352209.5668, -12333660.1078 8352121.5251, -12333821.4479 8352094.1072, -12333980.831 8352131.2808, -12334113.4873 8352227.2697, -12334198.8025 8352367.1606, -12334223.5137 8352529.2128, -12334183.7769 8352688.2436, -12334608.1568 8352838.6598, -12335008.2143 8352795.8244, -12336021.4654 8353399.9741, -12336351.8497 8352821.4183, -12336807.4086 8352398.0146, -12337296.5402 8352157.6011, -12337687.5691 8351323.1785, -12338053.0479 8350894.1069, -12339191.2574 8350016.4036, -12339015.6679 8349542.6901, -12338792.8694 8349583.821, -12338664.2242 8349350.1487, -12338717.819 8349148.46, -12338950.405 8349116.8957, -12338935.9992 8348689.5205, -12339226.9061 8348007.2958, -12339589.311 8347623.3476, -12339374.5832 8347090.1858, -12339335.3765 8346635.8647, -12339595.2474 8346087.4105, -12339818.5388 8345762.5837, -12340406.3597 8345403.0501, -12340024.6348 8345275.535, -12339857.0638 8345142.2242, -12339763.8446 8345106.64069999, -12339605.3915 8345106.7432, -12339438.4976 8345052.5793, -12339361.7169 8345044.7138, -12339076.382 8345111.4358, -12338981.6878 8345108.3701, -12338886.9093 8345081.2319, -12338796.1815 8345033.9726, -12338714.6827 8344968.4214, -12338487.5095 8344651.2261, -12338407.4071 8344576.9961, -12338301.1021 8344515.8046, -12338167.6471 8344455.8188, -12336751.9459 8344072.3879, -12335311.8785 8343975.2848, -12334508.9438 8344509.8802, -12332769.0855 8345451.0928, -12331529.9783 8345119.5334, -12330879.3251 8344783.3836, -12330208.3115 8344109.2988, -12329121.2681 8345343.8999, -12327947.486 8346615.0627, -12327352.2477 8347452.8181, -12327605.272 8347669.6921, -12327892.6461 8347539.159, -12328168.0772 8347940.91480001, -12328393.4892 8348696.0881, -12328305.645 8349211.6878, -12328126.2104 8349447.0586, -12327510.4504 8349149.0176, -12327176.654 8349597.4776, -12327095.1171 8349597.3219, -12327195.2654 8349680.5657, -12327301.7912 8349905.4334, -12327196.5199 8350266.5255, -12327256.3819 8350309.9253, -12327341.5441 8350449.8561, -12327366.0988 8350611.8859, -12327326.2263 8350770.8355, -12327163.5372 8350992.9579, -12327057.3934 8351210.172, -12326952.0525 8351350.9953, -12326810.9478 8351433.9801, -12326466.0209 8351492.5916, -12326328.5656 8351543.5477, -12326228.1123 8351600.24229999, -12326161.9052 8351790.7603, -12326133.2029 8351990.4374, -12326141.4997 8352258.0977, -12326069.1309 8352482.4766, -12326004.6811 8352562.9245, -12325945.4659 8352598.6192, -12325947.4255 8352654.404, -12325711.525 8352760.6082, -12325627.2927 8352845.0442, -12325607.9039 8352988.7318, -12325614.2379 8353190.4008, -12325671.382 8353422.8524, -12325689.7924 8353641.1534, -12325633.9217 8353814.3423, -12325424.8007 8354077.7194, -12325323.4651 8354252.1282, -12325261.7094 8354424.8928, -12325229.4953 8354624.1039, -12325231.7945 8354789.2912, -12325259.8631 8354952.0879, -12325328.1089 8355141.9792, -12325505.8073 8355484.7716, -12325549.6524 8355862, -12325496.5947 8356073.2757, -12325352.816 8356272.8391, -12325259.485 8356477.3901, -12325173.3269 8356596.4845, -12325190.1867 8356738.1564, -12325235.0998 8356897.1645, -12325407.8739 8357221.697, -12325426.1749 8357438.8217, -12325370.2672 8357612.0972, -12325283.3905 8357720.5139, -12325198.8898 8357778.0234, -12324911.3146 8357809.8909, -12324987.6201 8357971.6206, -12325149.9372 8358170.2929, -12325339.5615 8358314.4799, -12325539.2777 8358406.4965, -12325719.9332 8358450.512, -12325908.9037 8358491.2768, -12326146.9795 8358492.0911, -12326379.1341 8358439.2308, -12326718.1278 8358295.3462, -12327161.8719 8358025.4032, -12327324.811 8358008.8601, -12327705.6622 8358123.3797, -12327933.0201 8358154.1175, -12328285.4538 8358117.6663, -12328537.9278 8358124.4559, -12328700.5077 8358096.2539, -12328856.6799 8358042.9194, -12328987.005 8357975.4612, -12329176.6971 8357844.1581, -12329391.1984 8357807.8435, -12329615.1429 8357860.2202, -12329836.248 8357936.7441, -12330333.9921 8358010.1383, -12330148.1972 8358034.9709, -12330404.1281 8358006.5959, -12330543.374 8357960.3607, -12330676.7726 8357894.0049, -12330889.4417 8357857.9559, -12331300.9403 8357949.946, -12331502.1591 8357952.2462, -12331639.2985 8357858.5582, -12331761.7398 8357742.248, -12331990.1206 8357583.161, -12332146.7602 8357403.6031, -12332221.5334 8357277.1927, -12332285.2258 8357127.2998, -12332421.2271 8356957.2463, -12332612.2661 8356853.0599, -12332856.9664 8356809.8507, -12333029.8637 8356749.0013, -12333219.5087 8356637.7268, -12333281.1049 8356401.8603, -12333374.7917 8356267.3431, -12333513.0965 8356179.55, -12333674.5262 8356152.1222, -12333833.9956 8356189.3212, -12333998.0964 8356308.0703, -12334105.8334 8356415.1851, -12334223.5319 8356502.847, -12334385.8854 8356587.9801, -12334567.5651 8356645.2526, -12334743.8961 8356772.8252, -12334953.9934 8357155.2068, -12334995.462 8357357.9534, -12335059.2702 8357530.05569999, -12335306.091 8357945.9138, -12335352.3495 8358164.5779, -12335419.1617 8358335.5541, -12335514.602 8358492.31360001, -12335623.4634 8358618.1353, -12335748.2089 8358822.5924, -12335817.3142 8358980.4827, -12336006.3036 8359293.0807, -12336061.6029 8359457.16570001, -12336138.7832 8359603.2901, -12336250.0918 8359749.2122, -12336420.7209 8359916.3756, -12336451.493 8360163.7163, -12336304.3811 8360649.19990001, -12336286.4368 8360831.98879999, -12336300.4483 8361015.5964, -12336151.9202 8361597.7125, -12336122.3272 8362000.4655, -12336139.4919 8362201.753, -12336194.6857 8362396.0667, -12336257.6087 8362528.9098, -12336441.2937 8362831.2113, -12336466.0845 8362993.4872, -12336426.3346 8363152.7548, -12336328.2183 8363284.2578, -12336186.9841 8363367.55390001, -12336024.585 8363389.694, -12335914.3179 8363360.1233, -12335787.7071 8363434.7854, -12335723.6665 8363443.51299999, -12335513.3621 8363387.1044, -12335257.9296 8363209.8152, -12335106.0808 8363144.8566, -12334819.8153 8363065.855, -12334691.7484 8362969.3522, -12334370.2857 8363004.21, -12334160.0066 8362947.7669, -12334096.0091 8362895.9243, -12334022.7578 8362775.8034, -12333525.9314 8362839.1323, -12333535.7997 8362935.4131, -12333584.3893 8363112.5743, -12333655.9357 8363266.34839999, -12333680.8849 8363430.0759, -12333641.0726 8363589.3361, -12333542.9012 8363720.8086, -12333422.1814 8363806.7111, -12333417.9216 8364007.0119, -12333319.7132 8364427.0239, -12333310.6671 8364592.2014, -12333327.5286 8364756.7667, -12333396.6413 8364985.2, -12333526.3077 8365206.9322, -12333649.9318 8365342.7289, -12333967.3054 8365607.9457, -12334043.3331 8365753.4453, -12334057.3139 8365917.0771, -12333914.4276 8366381.85059999, -12333893.9077 8366546.0389, -12333898.8223 8366706.9454, -12333858.3162 8366868.9942, -12333760.1041 8367000.5269, -12333618.7701 8367083.8133, -12333456.2822 8367105.9059, -12333253.8937 8367069.3801, -12333015.4322 8367077.0886, -12332312.6754 8366872.72389999, -12332076.6587 8366729.8801, -12331908.2699 8366599.2755, -12331854.515 8366511.0649, -12331811.2976 8366278.8157, -12331816.7136 8366064.7304, -12331777.1853 8365847.8819, -12331702.0973 8365660.2807, -12331606.1503 8365489.6901, -12331427.6791 8365449.85629999, -12331283.8033 8365338.2235, -12331143.4407 8365029.6615, -12331056.3072 8364889.1246, -12330948.3025 8364763.9724, -12330744.8958 8364609.7703, -12330551.7122 8364719.1888, -12330316.3687 8364754.5615, -12330158.2977 8364802.4757, -12329947.582 8364913.9252, -12329746.6046 8365093.2029, -12329587.6417 8365186.7619, -12329425.1851 8365208.7604, -12329266.8668 8365166.15, -12329137.2956 8365065.5553, -12329056.6102 8364922.6143, -12329012.2204 8364671.9028, -12328910.6493 8364435.9526, -12328792.5709 8364272.1067, -12328614.6726 8364109.9344, -12328469.6241 8363930.7022, -12328328.447 8363813.3864, -12328169.0818 8363722.408, -12327996.3696 8363660.529, -12327815.5563 8363629.6282, -12327632.1335 8363630.6437, -12327451.6725 8363663.5445, -12327279.6538 8363727.3318, -12327121.3025 8363820.0687, -12327007.7121 8363913.2377, -12326908.169 8364021.3354, -12326773.8739 8364239.0014, -12326647.5015 8364407.9115, -12326423.3525 8364557.8915, -12326233.3678 8364764.3833, -12326076.4306 8364856.6495, -12325913.9726 8364878.5694, -12325755.5078 8364842.5755, -12325582.542 8364830.5768, -12325353.0379 8364768.6777, -12325209.3857 8364682.0328, -12325065.4519 8364619.3029, -12324597.9114 8364496.835, -12324454.1602 8364385.0856, -12324400.5111 8364296.8492, -12324333.6612 8363948.2251, -12324265.8353 8363764.4569, -12324115.7294 8363545.548, -12323985.647 8363423.0405, -12323833.0756 8363321.0649, -12323682.4893 8363253.2288, -12323484.6947 8363196.2639, -12323340.9859 8363084.5135, -12323287.3594 8362996.285, -12323255.7698 8362825.4307, -12323078.3576 8362642.1057, -12322857.0918 8362505.6363, -12322684.2108 8362371.1774, -12322630.5973 8362282.953, -12322597.4864 8362103.7832, -12322625.4809 8361874.4492, -12322602.1834 8361600.0646, -12322647.452 8361442.3255, -12322750.0625 8361314.3706, -12322876.523 8361245.6218, -12322871.5974 8361203.6234, -12322921.1451 8361030.9484, -12322987.8645 8360888.8552, -12323014.9122 8360601.6072, -12323005.1312 8360399.8758, -12322925.9976 8359982.08959999, -12322960.7447 8359821.7308, -12323054.6613 8359687.28850001, -12323319.4804 8359514.966, -12323471.0895 8359373.62479999, -12323721.4845 8359439.8559, -12323968.1917 8359444.066, -12324325.336 8359394.0638, -12324367.8314 8359294.7887, -12324408.6831 8359078.3963, -12324401.2391 8358840.0161, -12324340.4562 8358609.43, -12324259.2689 8358444.8141, -12324150.7824 8358296.8228, -12324018.2939 8358169.9507, -12323865.829 8358068.0505, -12323680.5874 8357988.4702, -12323483.5933 8357945.7532, -12323282.0825 8357941.4681, -12322987.2525 8357979.3022, -12322829.1282 8357936.5991, -12322696.4595 8357833.4179, -12322576.0296 8357678.5735, -12322485.523 8357599.1423, -12322436.8979 8357599.275, -12322226.87 8357542.5374, -12321917.3939 8357303.9346, -12321836.0259 8357170.0108, -12321799.7953 8356991.7043, -12321748.2014 8356998.6419, -12321590.106 8356955.9185, -12321460.7839 8356855.3057, -12321380.3352 8356712.4445, -12321361.2614 8356549.5419, -12321406.5228 8356391.9178, -12321431.6162 8356360.6365, -12321382.0023 8356315.2244, -12321300.6551 8356181.3139, -12321286.6891 8356133.0428, -12321341.5673 8355835.1493, -12321616.6332 8355472.3635, -12321800.5707 8355356.0141, -12321884.8625 8355323.894, -12321860.0479 8355150.8447, -12321924.0062 8354969.9118, -12320854.8707 8354132.6463, -12319737.8907 8353531.5829, -12318073.85 8353211.3407, -12318177.2076 8352888.7235, -12318680.8881 8352729.6745, -12319276.7244 8352823.6082, -12319118.6043 8352580.8432, -12319159.6062 8352557.6717, -12318797.0961 8352297.9185, -12318580.4533 8351852.8435, -12318029.8415 8351816.6486, -12317828.2927 8351454.6292, -12317708.3268 8351097.9912, -12317293.8071 8351173.2675, -12316975.6036 8351029.2167, -12316795.8593 8350648.1288, -12317056.6297 8350419.1704, -12317627.2277 8350149.0772, -12318203.4535 8350104.939, -12318369.5581 8350382.506, -12318898.3396 8350437.7516, -12319069.8215 8350633.6165, -12319364.9906 8350817.083, -12319613.6801 8350771.8515, -12319997.0993 8350858.5145, -12319958.04 8351143.142, -12319938.036 8351449.54339999, -12320025.7831 8351694.2614, -12320233.0109 8351620.9231, -12320381.7966 8351354.2728, -12320514.6403 8351307.2526, -12320583.6623 8350248.6898, -12320527.9604 8350216.9369, -12320482.7089 8349823.226, -12319505.3186 8349863.8224, -12319504.0302 8349646.7812, -12319320.2321 8349705.5463, -12319084.7959 8349690.1001, -12318985.3001 8349604.6206, -12318999.0121 8349394.9927, -12319090.3398 8349203.6216, -12318990.8504 8349118.148, -12318623.7896 8349107.2045, -12318530.099 8348732.6539, -12318544.6795 8348509.9518, -12318800.0118 8348421.4714, -12318853.8145 8348201.3536, -12318878.8896 8348018.8221, -12319116.8417 8347994.9728, -12319205.5791 8347842.9326, -12319225.2746 8347541.6648, -12319457.8373 8347399.0643, -12319791.5031 8347430.0216, -12319696.8908 8346816.8431, -12319020.1521 8347108.5848, -12317560.7288 8347250.3665, -12316742.4328 8346785.0233, -12317032.638 8346118.4783, -12316456.2409 8345723.9509, -12316323.2123 8345248.9755, -12316726.3473 8344946.5019, -12317256.7674 8344789.5062, -12317367.2005 8344358.0598, -12317261.3883 8343884.9824, -12317092.1263 8343544.8328, -12317046.2183 8342993.5063, -12317096.7631 8342640.4613, -12317494.3518 8342419.9298, -12317575.6965 8342014.1161, -12317268.447 8341692.3832, -12316658.3089 8341816.639, -12316196.9421 8341758.7968, -12315882.0057 8341751.74319999, -12315995.2432 8341893.9044, -12316304.8336 8342125.6802, -12316389.6947 8342265.5765, -12316413.9853 8342427.4579, -12316293.5122 8342859.3087, -12316273.1225 8343132.9417, -12316291.55 8343278.4226, -12316336.1951 8343437.1902, -12316396.283 8343570.9223, -12316503.3174 8343750.2402, -12316527.6147 8343912.1541, -12316487.5498 8344070.8969, -12316389.3463 8344201.7935, -12316248.2658 8344284.4963, -12316086.2374 8344306.1482, -12315883.5826 8344262.8191, -12315557.1978 8344223.3552, -12315410.7944 8344221.3708, -12315159.0552 8344266.8492, -12314920.1542 8344375.1178, -12314696.9041 8344404.9087, -12314774.0889 8344655.6715, -12314801.0942 8344835.9225, -12314760.9869 8344994.6747, -12314662.7405 8345125.5637, -12314495.9747 8345211.6645, -12314525.1186 8345239.90869999, -12314600.5588 8345385.1958, -12314614.0803 8345548.4041, -12314558.0174 8345721.3153, -12314493.5052 8345801.5875, -12314290.4942 8345920.5219, -12314031.8314 8345957.27399999, -12313856.6449 8345909.7407, -12313517.9719 8345662.4805, -12313367.8411 8345594.6054, -12313206.5161 8345547.2602, -12313077.5077 8345446.6623, -12312997.3423 8345303.9357, -12312978.4775 8345141.2669, -12313023.8414 8344983.9392, -12313132.847 8344831.8305, -12313221.7002 8344629.3252, -12313132.2026 8344441.3981, -12312948.2726 8344391.46899999, -12312817.3904 8344289.4031, -12312637.7262 8344070.7211, -12312389.7316 8343881.3564, -12312308.6808 8343747.5771, -12312275.894 8343568.8163, -12312325.3761 8343344.9796, -12312271.9926 8343086.1128, -12312216.6805 8342950.3413, -12312116.9274 8342769.4394, -12312098.0871 8342606.8242, -12312138.5935 8342466.4014, -12312040.5507 8342291.7967, -12311958.7339 8341790.3705, -12311993.6231 8341630.4603, -12312087.4973 8341496.4867, -12312225.7653 8341409.2674, -12312426.0326 8341375.8268, -12312587.1953 8341370.6086, -12312698.654 8341224.0305, -12312784.5792 8341041.9099, -12312886.0198 8340697.9376, -12312988.4998 8340570.4741, -12313132.1924 8340492.5912, -12313197.0567 8340486.1275, -12313179.7002 8340267.3489, -12313230.0176 8340092.8133, -12313332.4832 8339965.355, -12313476.1601 8339887.4715, -12313632.281 8339860.236, -12313771.2801 8339814.4255, -12314028.2786 8339682.1021, -12314190.835 8339665.8817, -12314303.396 8339700.4555, -12314261.1929 8339368.9603, -12314306.4912 8339211.7459, -12314408.926 8339084.287, -12314520.6328 8339023.7125, -12314555.1647 8338861.1324, -12314648.9568 8338727.1744, -12314787.1429 8338639.938, -12314948.2481 8338612.978, -12315107.2377 8338650.4834, -12315239.4032 8338746.6264, -12315324.2065 8338886.4697, -12315350.5727 8339062.34440001, -12315340.4631 8339248.2453, -12315398.9187 8339588.9579, -12315467.2765 8339849.3909, -12315892.1328 8339738.0422, -12316203.6509 8338744.7911, -12316285.0215 8338339.1935, -12317027.4544 8338278.5476, -12318225.6788 8338357.3762, -12319409.1733 8338243.2685, -12320086.4361 8338342.4205, -12321003.4955 8338539.3705, -12321358.2612 8338822.5994, -12321440.3672 8338757.7406, -12321751.1442 8338778.0181, -12321723.4911 8338385.7724, -12322563.4152 8337070.62, -12322027.763 8336852.1306, -12322134.7861 8335850.3836, -12322752.2609 8335386.2851, -12322196.2692 8334257.5267, -12322949.7557 8333634.3177, -12324009.3578 8333547.8991, -12324035.8218 8333281.4591, -12324120.5243 8332984.999, -12324806.585 8332515.6743, -12324653.6954 8332010.157, -12324687.4642 8331487.3036, -12325334.0274 8331214.1676, -12326163.7905 8331552.1542, -12326307.2361 8330995.4862, -12326721.9469 8329762.4028, -12326760.8598 8328505.2731, -12325885.8336 8328411.9977, -12325377.5661 8328584.1985, -12324693.6636 8328539.9169, -12324570.6243 8327786.7143, -12324566.3225 8326982.407, -12321720.3548 8325893.133, -12321237.3408 8323955.3314, -12321276.5731 8323927.60769999, -12320832.3747 8323119.7515, -12320950.4971 8322143.2896, -12321208.601 8321531.4251, -12321283.5516 8320798.3316, -12321652.6643 8320576.4236, -12322386.2185 8320624.2042, -12323076.7498 8320915.095, -12324036.5116 8320840.753, -12324739.4286 8320940.9742, -12325537.9108 8320828.65869999, -12326397.5018 8320924.5243, -12326946.8032 8320614.1335, -12326883.0473 8320518.3772, -12326840.2228 8320287.5444, -12326861.0821 8319995.2618, -12326810.6238 8319619.9744, -12326848.8722 8319442.9014, -12326975.6105 8319253.5071, -12327057.7418 8319070.2825, -12327212.2849 8318454.1734, -12327231.7834 8318309.3224, -12327230.9672 8318163.1656, -12327209.8534 8318018.5476, -12327162.3666 8317861.1935, -12327030.7664 8317621.5947, -12326841.7538 8317424.2812, -12326590.7193 8317253.9619, -12326302.419 8317154.0127, -12326159.5444 8317043.0274, -12325960.9088 8316700.28149999, -12325775.415 8316499.6929, -12325544.4244 8316354.02839999, -12325244.8547 8316257.9845, -12325116.18 8316158.0008, -12325036.0848 8316015.9697, -12325017.0157 8315853.9688, -12325061.9324 8315697.1781, -12325163.8509 8315569.9627, -12325480.424 8315386.6643, -12325604.5911 8315279.2715, -12325699.6812 8315168.4941, -12325787.0716 8315029.4302, -12325851.6662 8314878.3864, -12325980.1072 8314360.4176, -12326263.3715 8313981.5741, -12326426.8927 8313877.96459999, -12326373.7751 8313815.3353, -12326214.1558 8313694.0305, -12326000.0187 8313593.1488, -12325750.5528 8313541.4468, -12325586.5478 8313540.8997, -12325299.703 8313577.8011, -12325142.5064 8313535.423, -12324999.7186 8313424.4714, -12324898.1698 8313265.0303, -12324803.8571 8313153.6402, -12324714.9007 8313079.594, -12324782.6045 8313190.8994, -12324806.9975 8313352.1217, -12324767.2886 8313510.264, -12324669.6458 8313640.7445, -12324529.244 8313723.2801, -12324367.9061 8313745.0399, -12324210.7118 8313702.6409, -12324067.9351 8313591.6691, -12324014.6449 8313504.0404, -12323981.6924 8313326.0558, -12324042.9942 8313010.72399999, -12324037.2312 8312755.5987, -12324165.616 8312832.2968, -12324300.1207 8312888.6635, -12324575.816 8312963.0914, -12324495.7637 8312831.4764, -12324474.9526 8312759.6971, -12324462.3881 8312462.0003, -12324278.8519 8312497.4072, -12324102.7221 8312449.8991, -12323901.0147 8312356.4766, -12323646.3308 8312285.5876, -12323503.5894 8312174.6266, -12323450.3159 8312087.0112, -12323425.5999 8311953.46, -12323064.1126 8311838.9533, -12322921.389 8311727.9885, -12322868.1255 8311640.3741, -12322835.208 8311462.42979999, -12322869.7065 8311303.11259999, -12322962.9907 8311169.5348, -12323100.5614 8311082.4527, -12323261.0382 8311055.3975, -12323419.4854 8311092.573, -12323551.2779 8311188.2022, -12323619.0316 8311299.6283, -12323637.3514 8311160.1609, -12323383.118 8311073.2362, -12323228.1482 8310977.322, -12323041.4369 8310904.7389, -12322880.6198 8310872.80789999, -12322735.0224 8310865.8979, -12322268.3175 8310922.2051, -12322111.1956 8310879.7791, -12322033.4511 8310819.31899999, -12319817.4465 8313490.75249999, -12319691.2237 8313691.2517, -12319552.2559 8314032.4941, -12319661.0285 8314172.2574, -12319730.1991 8314208.73269999, -12320030.0553 8314294.06930001, -12320161.8587 8314389.8007, -12320246.4874 8314529.1248, -12320270.7849 8314690.389, -12320230.9717 8314848.5331, -12320165.6482 8314935.7132, -12320113.0983 8315149.8457, -12320038.916 8315305.7889, -12319993.0529 8315463.563, -12319972.392 8315626.5848, -12319979.5931 8315808.9918, -12320013.043 8315969.8776, -12320079.1398 8316140.0054, -12320173.7278 8316296.0537, -12320285.8935 8316425.4375, -12320365.2657 8316577.9754, -12320378.8758 8316740.5419, -12320323.1794 8316912.8344, -12320222.2799 8317055.09480001, -12320149.749 8317202.53019999, -12320041.8608 8317593.6075, -12319944.0802 8317724.0941, -12319803.549 8317806.5821, -12319642.1108 8317828.2481, -12319433.2269 8317771.76, -12319272.5052 8317663.4543, -12319125.3237 8317590.7739, -12318696.6645 8317468.4955, -12318622.5087 8317734.5916, -12318524.7015 8317865.0613, -12318384.1526 8317947.5234, -12318222.171 8317969.2302, -12317965.636 8317937.7763, -12317786.0368 8317889.1644, -12317657.4381 8317789.0302, -12317577.4673 8317646.883, -12317547.8039 8317493.5911, -12317499.7176 8317355.6189, -12317382.2595 8317149.7116, -12317269.3874 8317020.7559, -12317167.0932 8316993.0586, -12317024.3629 8316881.9018, -12316934.3924 8316733.6354, -12316928.2948 8316662.27, -12316884.4815 8316596.0948, -12316763.4423 8316469.1734, -12316596.9061 8316331.5213, -12316525.341 8316186.8498, -12316398.7199 8316114.3179, -12316254.158 8316055.0876, -12316063.4724 8315902.229, -12316007.8256 8315887.1525, -12315792.4337 8315759.1048, -12315586.7565 8315685.0561, -12315443.0197 8315660.2634, -12315234.0389 8315660.1751, -12315091.1341 8315630.3987, -12314928.1777 8315621.0035, -12314667.4866 8315550.3273, -12314489.9162 8315430.5527, -12314359.711 8315364.7299, -12313873.0326 8315223.1291, -12313730.3867 8315111.937, -12313647.8812 8314975.8374, -12313631.3376 8314833.4075, -12313682.822 8314597.0814, -12313809.1905 8314335.78630001, -12313980.5552 8313661.849, -12313994.0999 8313425.2048, -12313948.7406 8313018.7229, -12313993.8717 8312862.0647, -12314250.5885 8312540.2295, -12314351.5883 8312366.9439, -12314408.4177 8312212.8688, -12314500.1842 8311837.1114, -12314516.262 8311667.5248, -12314480.1053 8311376.5009, -12314419.6073 8311202.6943, -12314295.2321 8311001.1378, -12314114.476 8310821.45929999, -12313945.1612 8310714.3182, -12313730.5194 8310626.46630001, -12313409.312 8310378.0238, -12313251.2705 8310287.4079, -12313079.9252 8310225.6563, -12312900.4803 8310194.644, -12312718.386 8310195.3126, -12312324.71 8310246.862, -12312166.3502 8310203.8728, -12312021.1278 8310114.7863, -12311869.4615 8310052.4864, -12311727.9278 8310017.668, -12311570.6887 8310002.639, -12311357.2252 8309944.6671, -12311228.8516 8309844.5332, -12311149.092 8309702.4798, -12311130.3408 8309540.5883, -12311234.9697 8309174.8232, -12311259.7776 8309030.9817, -12311263.5013 8308866.844, -12311238.968 8308663.5146, -12311285.1044 8308452.0465, -12311378.5572 8308318.6704, -12311575.5216 8308182.3892, -12311726.6334 8308024.5315, -12311841.6731 8307838.6535, -12311915.6147 8307632.8822, -12311945.6206 8307398.8987, -12312054.0332 8307000.0533, -12312068.4823 8306781.8612, -12312027.7719 8306530.2038, -12311969.8461 8306376.6783, -12311877.3199 8306206.315, -12311858.5597 8306044.5008, -12311903.6889 8305888.0028, -12312005.6907 8305761.1392, -12312148.7099 8305683.6249, -12312479.227 8305650.318, -12312673.2264 8305606.6058, -12312880.2038 8305585.96859999, -12313151.9084 8305620.9741, -12313592.851 8305581.7655, -12313760.3921 8305621.8665, -12313936.7174 8305633.9544, -12314101.1843 8305684.459, -12314305.738 8305841.8069, -12314519.4861 8305942.9139, -12314750.4649 8305993.2571, -12314986.8296 8305990.2539, -12315250.429 8305920.8392, -12315447.3858 8305808.1642, -12315378.106 8305681.566, -12315223.8744 8305502.1362, -12314981.7601 8305308.6568, -12314901.9745 8305166.7301, -12314848.019 8304762.4861, -12314804.8889 8304623.1432, -12314733.7875 8304475.323, -12314567.0534 8304259.4181, -12314350.2267 8304094.0977, -12314133.1422 8304000.5444, -12313882.4291 8303957.2557, -12313700.623 8303964.3117, -12313292.1611 8304033.5369, -12313100.3748 8303981.5038, -12312846.1073 8303859.7146, -12312405.2112 8303754.0284, -12312346.4835 8303849.9731, -12312218.5802 8304296.421, -12312065.6537 8304539.08, -12312008.8385 8304692.9781, -12311924.7257 8305023.939, -12311826.9757 8305154.0978, -12311686.5994 8305236.295, -12311525.4165 8305257.7524, -12311316.9523 8305201.1398, -12311071.9146 8305080.1866, -12310895.2017 8305036.696, -12310622.7547 8305030.4787, -12310375.0259 8305088.65129999, -12310133.7171 8305215.512, -12309945.1859 8305386.6932, -12309811.9479 8305582.2629, -12309721.6967 8305819.7694, -12309623.898 8305949.9118, -12309483.4831 8306032.075, -12309322.2769 8306053.486, -12309165.3386 8306010.8161, -12309022.9399 8305899.6766, -12308969.8836 8305812.0355, -12308897.2362 8305427.8622, -12308829.8424 8305239.1085, -12308716.8546 8305052.0701, -12308510.9 8304846.762, -12308457.8573 8304759.1302, -12308425.3146 8304581.2956, -12308472.8609 8304363.7486, -12308559.955 8304101.7242, -12308577.252 8303956.8854, -12308572.4552 8303792.8894, -12308514.4589 8303544.7651, -12308387.905 8303303.0665, -12308291.1045 8303196.0378, -12307924.8431 8303092.2849, -12307629.6334 8303072.0854, -12307201.5376 8303132.5014, -12307044.6735 8303089.8049, -12306916.4767 8302989.6926, -12306836.8718 8302847.7271, -12306812.1081 8302632.868, -12306819.8738 8302519.1775, -12306673.8165 8302413.9869, -12306594.2223 8302272.0301, -12306575.586 8302110.29169999, -12306635.6458 8301902.5643, -12306662.2433 8301860.44169999, -12306518.5596 8301601.9158, -12306499.9264 8301440.19169999, -12306545.1378 8301283.8255, -12306647.1644 8301157.1153, -12306790.1472 8301079.7522, -12306957.7638 8301063.1727, -12307063.1382 8301078.1862, -12307137.2612 8301031.4868, -12307297.5698 8301004.8116, -12307466.1443 8301048.403, -12307575.0881 8301020.848, -12307792.9008 8300906.2818, -12308005.8398 8300870.8286, -12308232.4316 8300888.7894, -12308436.2677 8300863.6853, -12308433.1471 8300637.9041, -12308471.4179 8300462.7864, -12308564.8164 8300329.5885, -12308702.3455 8300242.9011, -12308893.5995 8300195.7734, -12309075.3068 8300112.1216, -12309223.9302 8300007.1625, -12309352.0967 8299877.9448, -12309356.0543 8299709.7109, -12309278.3168 8299251.2363, -12309313.0425 8299092.2496, -12309406.4082 8298959.0648, -12309524.5501 8298884.5783, -12309494.2216 8298764.3932, -12309394.599 8298570.0954, -12309239.8607 8298384.327, -12309179.5592 8298284.7293, -12309147.0239 8298107.0529, -12309181.7464 8297948.0914, -12309275.0996 8297814.9285, -12309412.5731 8297728.2562, -12309572.8028 8297701.5416, -12309730.8901 8297738.9356, -12309862.2665 8297834.6277, -12309946.5167 8297973.75069999, -12309999.5381 8298305.2968, -12310079.1025 8298528.0122, -12310141.5788 8298623.6837, -12310269.1943 8298388.3998, -12310351.2036 8298116.7761, -12310455.7833 8297986.755, -12310623.4699 8297858.4299, -12310766.7234 8297692.0174, -12310918.0871 8297596.5449, -12311095.0834 8297528.5837, -12311250.5738 8297434.254, -12311399.8281 8297301.0396, -12311606.3733 8297048.1185, -12311749.2259 8296970.6991, -12311910.848 8296954.6007, -12312056.4302 8296995.6682, -12312097.8212 8296852.1032, -12312199.6916 8296725.3881, -12312396.8919 8296621.0349, -12312450.1482 8296454.7799, -12312474.7848 8296274.3901, -12312467.7765 8296092.4598, -12312429.339 8295914.5169, -12312360.6423 8295745.96679999, -12312263.7751 8295591.9296, -12312150.8811 8295465.7652, -12312064.921 8295312.72779999, -12312046.1791 8295151.1524, -12312091.2327 8294994.8807, -12312193.6922 8294854.8336, -12312275.6007 8294692.34359999, -12312376.9534 8294294.1298, -12312438.2689 8294188.4328, -12312510.819 8294001.9301, -12312546.5091 8293804.9917, -12312541.9044 8293586.7566, -12312497.9428 8293391.5153, -12312399.2981 8293176.7745, -12312226.9971 8292962.0644, -12312140.7531 8292808.5276, -12312093.9441 8292484.05, -12312002.0581 8292246.8317, -12311867.7207 8292052.5335, -12311701.6354 8291899.1712, -12311622.0518 8291757.4696, -12311603.3267 8291595.9709, -12311648.3663 8291439.7767, -12311750.168 8291313.1584, -12311892.9072 8291235.7934, -12312054.4038 8291219.7015, -12312209.5597 8291267.3832, -12312326.1184 8291364.6334, -12312391.9761 8291117.30659999, -12312493.7606 8290990.68349999, -12312636.4862 8290913.3072, -12312922.397 8290870.3216, -12313157.5033 8290774.1373, -12313307.6854 8290671.8324, -12313448.4278 8290532.4512, -12313591.5633 8290454.8284, -12313753.0398 8290438.7006, -12314205.424 8290571.0845, -12314367.9367 8290588.9855, -12314616.9743 8290564.1492, -12314432.1429 8290258.5906, -12314399.5121 8290081.1276, -12314434.0809 8289922.3096, -12314527.2367 8289789.2197, -12314664.5001 8289702.5384, -12314824.5389 8289675.7343, -12314982.4849 8289712.9722, -12315113.7916 8289808.4661, -12315189.7135 8289924.9678, -12315446.0568 8289798.9757, -12315607.5156 8289782.80830001, -12315762.6662 8289830.4059, -12315887.3989 8289934.3734, -12315962.3281 8290078.5555, -12315969.6197 8290202.6588, -12316103.786 8290233.2601, -12316375.6982 8290239.2506, -12316639.89 8290174.5293, -12316961.0308 8290009.5763, -12317122.4917 8289993.3753, -12317290.3186 8290051.4192, -12317440.7922 8289970.0997, -12317602.2518 8289953.8882, -12317757.4197 8290001.4454, -12317954.5416 8290160.2188, -12317992.0534 8290232.3522, -12318044.2269 8290284.2765, -12318216.6206 8290411.814, -12318269.2236 8290290.0341, -12318368.0565 8289774.3983, -12318767.8873 8289637.439, -12319209.2708 8289862.1147, -12319769.5982 8289898.7532, -12320266.961 8288675.7767, -12322159.5987 8289861.4909, -12323622.3194 8289501.1187, -12324600.6858 8288426.2471, -12326260.1742 8288533.4086, -12326477.0337 8289578.6368, -12327051.6834 8289421.2416, -12327533.7099 8289187.7973, -12327899.0296 8289190.933, -12328271.6145 8289397.9388, -12328321.1066 8289656.1675, -12328423.5396 8289585.3165, -12328343.7444 8289443.9893, -12328324.6585 8289282.5754, -12328336.3183 8289241.7934, -12328242.1884 8289168.7269, -12328162.3129 8289027.24979999, -12328143.2318 8288865.8446, -12328187.9068 8288709.599, -12328289.3919 8288582.7925, -12328431.912 8288505.1312, -12328675.9136 8288465.7983, -12328862.5267 8288394.6475, -12329061.8342 8288275.0065, -12329221.7972 8288247.8934, -12329534.2918 8288334.5196, -12329670.4707 8288235.1321, -12329838.9207 8288143.2998, -12330000.319 8288126.8196, -12330155.5341 8288174.1052, -12330280.4467 8288277.81, -12330355.6432 8288421.8195, -12330367.8149 8288564.74, -12330582.358 8288578.4469, -12330996.1417 8288538.0742, -12331231.9543 8288577.2962, -12331285.7282 8288595.6351, -12331564.327 8288776.9156, -12331836.5035 8288865.9353, -12331968.232 8288961.2767, -12332081.0472 8289110.0693, -12332210.5441 8289230.7112, -12332382.1153 8289542.8715, -12332423.4725 8289766.377, -12332681.4583 8289556.5326, -12332284.4714 8289139.7593, -12332246.3891 8288713.2147, -12332658.2758 8288380.5662, -12333369.7938 8288458.4005, -12333912.9871 8288623.3612, -12333918.7269 8289047.8368, -12333377.099 8289372.348, -12333328.2078 8289630.2595, -12333743.774 8289754.5211, -12334062.0285 8289872.5916, -12334423.6007 8289865.363, -12334452.149 8289782.9767, -12336777.2078 8288896.6365, -12338074.4912 8287945.1647, -12338941.3072 8287276.4895, -12340327.9108 8286537.021, -12341804.1565 8286009.5155, -12341838.6152 8286080.9307, -12342317.8288 8285893.3257, -12342884.7747 8286014.897, -12342970.5706 8285891.3097, -12343107.4386 8285804.1367, -12343267.3024 8285776.7262, -12343425.3208 8285813.3371, -12343556.936 8285908.28059999, -12343641.6954 8286046.8058, -12343666.0987 8286208.6883, -12343921.4637 8285916.8892, -12345659.3235 8285607.1318, -12347317.6047 8285949.7757, -12347381.8138 8285838.74140001, -12348355.2849 8285568.092, -12348386.0158 8285305.6374, -12348846.356 8284849.7512, -12347402.7782 8283418.8441, -12347261.4183 8283175.273, -12347039.4853 8283360.1343, -12346880.6405 8283454.1806, -12346720.0184 8283476.3543, -12346425.1422 8283416.7637, -12346254.574 8283285.034, -12346174.4112 8283143.8576, -12346113.7767 8282717.3865, -12346060.6744 8282562.6585, -12345980.7516 8282409.7283, -12345958.7219 8282227.1789, -12345967.3059 8281989.732, -12345937.4514 8281810.4754, -12345861.3567 8281606.2862, -12345744.5507 8281422.4111, -12345549.2245 8281233.2573, -12345426.818 8281155.0447, -12345294.7388 8281094.6569, -12345155.5572 8281053.2684, -12345011.9808 8281031.6841, -12344866.8032 8281030.3237, -12344697.2427 8281050.6285, -12344540.612 8281008.8598, -12344412.2721 8280909.6928, -12344332.17 8280768.5432, -12344312.7534 8280607.3523, -12344357.0364 8280451.1738, -12344556.9738 8280199.1382, -12344643.59 8280060.489, -12344713.108 8279892.6784, -12344770.6784 8279645.5724, -12344863.164 8279512.2704, -12345187.4096 8279293.6008, -12345404.3519 8279051.6367, -12345546.5141 8278973.7372, -12345659.9081 8278959.2074, -12345621.3705 8278891.3275, -12345601.9299 8278730.18029999, -12345646.1736 8278574.03279999, -12345747.2221 8278447.1504, -12346036.1675 8278274.84799999, -12346157.5254 8278165.4883, -12346290.4533 8278004.7773, -12346432.5863 8277926.8711, -12346593.7321 8277910.04559999, -12347016.3649 8278047.1286, -12347231.4347 8278079.3982, -12347412.5902 8278071.5288, -12347857.9553 8277995.7036, -12348087.081 8278019.7534, -12348318.2441 8278010.7251, -12348524.3109 8278072.937, -12348649.3195 8278176.1919, -12348749.5552 8278366.9853, -12348828.1478 8278621.7561, -12348927.844 8278794.771, -12349042.9461 8278920.6202, -12349174.8139 8278971.3362, -12349389.9212 8279003.5477, -12349571.0981 8278995.62479999, -12349937.1767 8278933.3384, -12350095.0858 8278969.7706, -12350226.6692 8279064.5071, -12350311.4793 8279202.8292, -12350326.583 8279291.585, -12350473.0228 8279308.7487, -12350723.05 8279279.4068, -12350880.9703 8279315.8241, -12351012.5701 8279410.55129999, -12351097.3989 8279548.8713, -12351133.1773 8279718.6554, -12351191.7222 8279871.33560001, -12351320.0893 8280071.1518, -12351464.2742 8280104.3897, -12351639.1134 8280230.2202, -12351735.2718 8280383.048, -12351991.9223 8280463.689, -12352126.757 8280574.9551, -12352327.983 8280635.5939, -12352453.0885 8280738.8222, -12352486.9208 8280803.1414, -12352584.4953 8280857.405, -12352705.6185 8280860.5318, -12352953.2268 8280805.4283, -12353114.0856 8280735.5459, -12353237.8355 8280659.49669999, -12353362.8708 8280554.2892, -12353491.9246 8280408.7285, -12353673.4358 8280292.7529, -12353833.1461 8280265.1307, -12353991.1044 8280301.4871, -12354285.0498 8280509.4182, -12354513.7188 8280613.9173, -12354847.499 8280818.6566, -12354979.6547 8280878.8727, -12355154.7998 8280933.3828, -12355355.8633 8280738.8696, -12355461.4375 8280569.3238, -12355534.3345 8280377.2376, -12355635.2419 8280250.1859, -12355777.3238 8280172.0751, -12355938.5017 8280155.0411, -12356093.7271 8280201.73080001, -12356218.8791 8280304.8902, -12356241.1704 8280347.2164, -12357192.4493 8280452.5383, -12357270.2024 8281326.9678, -12358154.5436 8281538.7497, -12360227.4074 8281342.2834, -12359937.0547 8281132.0387, -12359788.9543 8281063.1092, -12359588.4104 8281004.864, -12359445.7114 8280895.0648, -12359392.2261 8280808.0728, -12359358.5523 8280631.0144, -12359404.1363 8280360.4671, -12359504.5724 8280215.0935, -12359476.6375 8280068.2242, -12359489.8701 8280005.5889, -12359612.3819 8279828.2571, -12359793.7866 8279712.1373, -12360135.9284 8279669.6928, -12360205.8542 8279528.9503, -12360044.642 8279490.6727, -12359993.9579 8279451.6801, -12359887.1765 8279264.4387, -12359867.424 8279103.3147, -12359915.5743 8278932.1245, -12359985.8202 8278780.3638, -12359961.5453 8278652.7845, -12359860.1041 8278625.9588, -12359717.4463 8278516.2008, -12359663.9742 8278429.2387, -12359630.3033 8278252.2381, -12359663.847 8278093.4418, -12359760.1201 8277954.0814, -12359917.8982 8277808.4614, -12360176.9775 8277484.063, -12360318.9595 8277405.8919, -12360480.0687 8277388.7637, -12360844.2387 8277483.8635, -12361025.3965 8277491.5059, -12361309.3534 8277463.2125, -12361464.5591 8277509.772, -12361504.3826 8277542.5486, -12361815.829 8277496.057, -12362165.0961 8277586.6165, -12362328.1155 8277594.8929, -12362472.5466 8277580.7068, -12362732.0893 8277500.7147, -12362762.3085 8277477.7091, -12362850.9137 8277397.5, -12362918.2652 8277208.733, -12363033.2916 8277084.1209, -12363106.4631 8277054.4571, -12363129.4341 8277023.3944, -12363202.533 8276983.1104, -12363397.1774 8276949.1851, -12363555.1158 8276985.3202, -12363615.0424 8277027.0661, -12363691.1822 8277018.9018, -12363873.984 8276966.0099, -12364072.3382 8276870.108, -12364284.3439 8276833.1307, -12364497.2055 8276860.4465, -12364571.6843 8276835.7136, -12364800.0868 8276817.1576, -12364922.3041 8276780.6151, -12365116.5508 8276674.8691, -12365276.1451 8276647.0104, -12365434.0877 8276683.104, -12365565.8325 8276777.5411, -12365650.907 8276915.6497, -12365680.3805 8277103.3112, -12366323.1342 8276765.8961, -12367689.4251 8276167.0913, -12368336.193 8275920.0681, -12368800.5416 8275795.7164, -12369004.3602 8275767.1176, -12369206.9448 8275762.2537, -12369408.6174 8275791.1442, -12369890.8179 8275901.4001, -12370839.5945 8275981.1266, -12370867.2121 8275957.8064, -12371126.8141 8275916.1221, -12371513.9648 8275783.9277, -12372310.9847 8275392.1507, -12372615.6589 8275300.718, -12372685.3614 8275136.4109, -12372769.358 8274757.2708, -12372861.284 8274623.6951, -12372997.6008 8274536.0897, -12373157.1223 8274508.0673, -12373315.0613 8274543.982, -12373446.8719 8274638.2527, -12373532.0713 8274776.2334, -12373557.31 8274935.8187, -12373962.3055 8274857.0877, -12374208.9046 8274842.7827, -12374290.5643 8274728.8217, -12374493.8494 8274598.1215, -12374642.2803 8274534.98179999, -12374856.1694 8274511.8202, -12375011.404 8274558.077, -12375146.3911 8274658.7271, -12375290.7283 8274734.9615, -12375663.7127 8274853.5772, -12375980.6959 8275111.5931, -12376135.5927 8275205.9135, -12376304.4896 8275271.8535, -12376464.2306 8275305.2582, -12376735.7065 8275304.2605, -12376989.9152 8275235.0145, -12377194.2033 8275120.5421, -12377469.0063 8274882.5184, -12377617.6185 8274856.32, -12377706.5206 8274734.6506, -12377810.7454 8274508.1902, -12377932.8049 8274330.5683, -12378069.0576 8274242.8716, -12378228.5561 8274214.7403, -12378329.6161 8274237.3902, -12378470.8711 8274047.9779, -12378606.3969 8273942.0229, -12378721.424 8273816.5857, -12378861.6211 8273726.3287, -12379030.1846 8273696.5796, -12379202.4484 8273705.4261, -12379224.3698 8273619.0206, -12379357.7528 8273449.9633, -12379499.4615 8273371.4605, -12379660.4462 8273353.9207, -12380035.0758 8273454.7484, -12380251.3179 8273414.6139, -12380406.7787 8273364.7974, -12380820.2124 8273121.5439, -12381101.0277 8273078.9478, -12381274.5623 8273026.6416, -12381405.2036 8272963.5255, -12381623.3311 8272824.6808, -12381782.7871 8272796.4772, -12382016.0128 8272855.8513, -12382101.9471 8272917.1586, -12382243.3918 8272892.1316, -12382292.5937 8272908.5309, -12382467.8022 8273033.5165, -12382567.2115 8273194.0704, -12382889.3747 8273232.5405, -12382823.9674 8273151.0085, -12382730.6457 8272988.5412, -12382710.4098 8272827.60499999, -12382753.8384 8272671.3448, -12382854.1791 8272544.04240001, -12382995.8348 8272465.481, -12383268.528 8272432.36949999, -12383476.6174 8272369.58039999, -12383747.5645 8272213.7108, -12383950.1863 8272120.7617, -12384124.2692 8271990.4543, -12384246.0522 8271856.0559, -12384342.6836 8271702.5166, -12384405.7038 8271551.8134, -12384446.639 8271391.7888, -12384409.2292 8271327.5846, -12384267.9811 8271163.3602, -12384186.3596 8271031.6043, -12384145.4015 8270770.6593, -12384250.7748 8270576.42189999, -12384300.5675 8270448.0213, -12384169.9717 8270328.4933, -12384116.2672 8270241.8001, -12384082.0443 8270065.0957, -12384110.8317 8269856.0873, -12384099.4717 8269656.8627, -12384050.3749 8269463.4747, -12383973.0249 8269296.2055, -12383938.4947 8269117.8979, -12383971.4751 8268959.1758, -12384063.1283 8268825.5595, -12384382.8099 8268616.3988, -12384569.9547 8268441.5774, -12384757.9935 8268337.2315, -12384918.8585 8268319.5867, -12385344.5089 8268439.3174, -12385274.5854 8268317.6842, -12385254.3049 8268156.8553, -12385297.6509 8268000.67620001, -12385397.8837 8267873.4169, -12385543.6268 8267794.3925, -12385567.5968 8267656.1105, -12385554.8991 8267555.4488, -12385612.4639 8267348.004, -12385692.3743 8267257.2634, -12385700.6409 8267082.8349, -12385671.8607 8266878.471, -12385704.7932 8266719.7879, -12385796.3869 8266586.1893, -12386177.9533 8266333.2254, -12386296.6003 8266221.2768, -12386408.6388 8266074.5609, -12386544.6409 8265986.80039999, -12386684.0575 8265962.0429, -12386665.9577 8265817.1254, -12386709.2595 8265660.9867, -12386809.4364 8265533.747, -12386950.9161 8265455.1803, -12387111.7142 8265437.4933, -12387502.183 8265569.0079, -12387697.8111 8265606.0478, -12387932.898 8265600.7097, -12388170.5265 8265538.7104, -12388355.085 8265518.3788, -12388510.222 8265564.2942, -12388635.5914 8265666.7057, -12388753.8857 8265902.0642, -12388909.9356 8265937.1994, -12389152.5073 8266096.8197, -12389401.8647 8266189.5843, -12389527.2571 8266291.9897, -12389664.2771 8266538.7563, -12389725.9054 8266352.052, -12389826.0409 8266224.7588, -12389967.5031 8266146.1268, -12390128.3104 8266128.3726, -12390283.4718 8266174.2551, -12390450.1523 8266310.3457, -12390613.4806 8266499.0965, -12390756.1138 8266605.5177, -12390839.6054 8266596.2912, -12390974.8984 8266636.2847, -12390998.8824 8266605.0678, -12391194.2049 8266478.856, -12391353.4914 8266450.46679999, -12391511.3541 8266485.952, -12391864.8692 8266732.1809, -12392132.5925 8266844.3481, -12392307.8302 8266968.9995, -12392529.4868 8267306.9932, -12392762.1082 8267526.816, -12392972.1619 8267538.4426, -12393513.4429 8267730.9801, -12393946.9489 8268112.6675, -12394199.8546 8268577.2223, -12394240.6685 8268517.5457, -12394376.626 8268429.6114, -12394535.9435 8268401.1466, -12394693.8647 8268436.57419999, -12394728.0045 8268460.8417, -12394895.2768 8268505.3071, -12395146.027 8268693.2547, -12395276.1581 8268757.2424, -12395413.9142 8268802.4631, -12395592.7366 8268831.2919, -12395676.5314 8268830.034, -12395810.8529 8268760.5796, -12396012.1285 8268695.0426, -12396297.8686 8268540.8208, -12396458.7148 8268522.9238, -12396669.9619 8268598.8132, -12396758.7373 8268545.5778, -12396918.049 8268517.0611, -12397127.8426 8268564.0541, -12397179.9019 8268601.0335, -12397289.8521 8268770.2976, -12397610.4181 8268722.6585, -12397768.362 8268758.0224, -12397900.3901 8268851.7875, -12398018.4442 8269011.3013, -12398066.0791 8268981.2118, -12398177.3677 8268956.0197, -12398952.8088 8268916.0513, -12399431.7241 8268956.1968, -12399678.2549 8269047.7202, -12399797.781 8269115.9457, -12399902.6166 8269130.4667, -12400002.4882 8269074.1784, -12400078.4707 8269004.21369999, -12400143.7507 8269005.4252, -12400429.8869 8268876.5513, -12400487.6186 8268880.6456, -12400532.9831 8268916.6489, -12400592.2779 8269051.6095, -12401158.0561 8269299.5701, -12401223.019 8269397.4313, -12401314.7921 8269606.4887, -12401659.0728 8270083.0768, -12401750.7825 8270134.1549, -12401969.6568 8270362.0592, -12402221.2264 8270549.9018, -12402380.1784 8270749.9179, -12402472.3508 8270632.3375, -12402613.7685 8270553.41579999, -12402774.6463 8270535.377, -12402929.9826 8270581.0241, -12403055.6393 8270683.2651, -12403132.6669 8270827.2973, -12403186.7792 8271052.8298, -12403263.989 8271211.9938, -12403404.6561 8271413.739, -12403618.4534 8271608.8256, -12403732.3368 8271791.5863, -12403758.3257 8271951.6765, -12403708.1153 8272161.1787, -12403670.3709 8272212.7688, -12403601.0865 8272254.5135, -12403711.154 8272284.9194, -12403734.0919 8272305.7543, -12404135.6544 8272414.4623, -12404415.9837 8272646.7943, -12404540.4306 8272801.6966, -12404622.8123 8272810.6969, -12404641.0623 8272852.7571, -12404708.0106 8272918.1069, -12404854.9313 8272970.1117, -12404890.0553 8272971.9991, -12404980.6909 8272923.939, -12405022.1987 8272854.3162, -12405110.6094 8272863.9691, -12405594.3368 8272829.9824, -12405587.6765 8272792.5982, -12405620.2127 8272633.6931, -12405711.527 8272499.736, -12405847.4259 8272411.5422, -12406006.7899 8272382.8156, -12406164.8549 8272418.0194, -12406297.0559 8272511.6836, -12406382.8494 8272649.2559, -12406412.0509 8272828.7316, -12406410.7535 8273055.8327, -12406445.153 8273234.0823, -12406617.0479 8273622.336, -12406766.6431 8273849.2298, -12406958.3308 8274021.7867, -12407072.3337 8274204.5578, -12407099.8608 8274293.368, -12407204.4311 8274313.5074, -12407371.5102 8274449.2929, -12407448.0796 8274592.2707, -12407463.5355 8274753.7872, -12407438.8544 8274833.3565, -12407548.984 8274927.7012, -12407650.706 8275117.6352, -12407666.1671 8275279.1628, -12407612.8123 8275451.1874, -12407517.273 8275573.2337, -12407477.4934 8275602.9783, -12407401.139 8275639.2482, -12407091.0438 8275707.2718, -12406924.0911 8275778.0751, -12406757.7268 8275888.1484, -12406620.7833 8276023.2109, -12406747.1024 8276128.4308, -12406823.6762 8276271.4473, -12406841.3557 8276456.3724, -12406828.8697 8276703.8606, -12406861.5892 8276900.9033, -12406974.8303 8277205.2352, -12407153.4196 8277502.5161, -12407179.5004 8277662.7185, -12407141.7425 8277820.5741, -12406894.1252 8278164.0576, -12406998.7309 8278315.00199999, -12407024.8109 8278475.2226, -12407015.2881 8278512.2257, -12407129.9439 8278593.4418, -12407215.8215 8278731.1185, -12407409.7479 8279273.7418, -12407414.3408 8279326.6855, -12407382.3187 8279496.291, -12407423.9655 8279654.0695, -12407435.0869 8279840.7627, -12407419.7757 8279926.4663, -12407356.4267 8279994.501, -12407387.6365 8280092.52229999, -12407405.8595 8280282.9983, -12407622.9961 8280342.9932, -12407761.3717 8280546.9969, -12407787.4752 8280707.2633, -12407749.7137 8280865.1864, -12407653.9525 8280996.2186, -12407515.0741 8281079.9909, -12407420.9593 8281098.8633, -12407444.4001 8281278.1652, -12407306.639 8281482.6225, -12407167.7474 8281566.3936, -12407007.3266 8281589.8769, -12406802.018 8281536.9774, -12406745.0865 8281487.4858, -12406607.5307 8281666.6961, -12406468.6276 8281750.4561, -12406130.1087 8281801.0846, -12405987.2777 8281840.5956, -12405961.9435 8281938.7321, -12405839.2498 8282224.32, -12405738.214 8282716.77929999, -12405610.9301 8282890.8428, -12405349.6407 8283046.6107, -12405204.7119 8283172.9389, -12405176.5785 8283093.1674, -12404946.8393 8283388.5332, -12404876.3193 8283536.1627, -12404826.0742 8283710.862, -12404818.3401 8283807.7384, -12404917.2269 8284015.2038, -12404943.9073 8284125.6761, -12405031.1762 8284338.8479, -12405086.4229 8284431.489, -12405162.1985 8284448.3783, -12405294.5983 8284542.2158, -12405380.5083 8284680.0247, -12405406.573 8284840.3879, -12405368.7382 8284998.3853, -12405272.8807 8285129.4577, -12405118.9679 8285222.2287, -12405174.3834 8285536.0916, -12405289.585 8285691.4874, -12405351.5754 8285703.7483, -12405316.1563 8285818.9808, -12405276.2553 8285863.6698, -12405145.2654 8286141.7805, -12404902.1912 8286782.5818, -12404835.6729 8287131.5331, -12404831.5103 8287397.3872, -12404857.6241 8287499.1921, -12404926.4843 8287595.9073, -12405080.9441 8287904.70799999, -12405185.3768 8288001.5788, -12405255.4549 8288297.8498, -12405274.3121 8288474.0137, -12405410.0967 8288978.7453, -12405410.0697 8289465.766, -12405237.2337 8289857.1973, -12405250.8118 8289913.986, -12405170.952 8290170.2825, -12405018.9607 8290253.3218, -12404811.7679 8290542.29249999, -12404708.9655 8290618.41089999, -12404624.9691 8290877.5377, -12404548.4305 8290949.7743, -12404235.2725 8291368.8669, -12403875.7932 8291903.507, -12403697.1638 8292563.2005, -12403571.007 8292791.5208, -12403438.8262 8293145.8498, -12403212.8134 8293310.9042, -12402968.3133 8293533.6376, -12402905.3454 8293658.6066, -12402904.8262 8293829.0434, -12402852.6285 8293964.0418, -12402854.8503 8294104.6511, -12402906.5335 8294199.1226, -12403007.1228 8294259.5752, -12403033.8268 8294303.6715, -12403035.5096 8294343.1868, -12402989.0295 8294501.6519, -12403012.0561 8294603.8944, -12403192.6627 8294827.896, -12403342.0824 8294958.0414, -12403318.1343 8295349.0126, -12403249.5684 8295803.781, -12403347.1944 8296243.05889999, -12403268.9558 8296807.3183, -12403252.9809 8297385.5233, -12403232.8846 8297543.7969, -12403124.5943 8297770.6247, -12403106.6708 8297883.7416, -12403020.8101 8298039.9552, -12402970.2295 8298310.7402, -12402748.6205 8298803.0636, -12402620.3704 8299135.1174, -12402536.2934 8299495.2448, -12402586.0288 8299650.9833, -12402591.2061 8299747.2719, -12402568.6227 8299811.20759999, -12402760.9535 8299776.6404, -12402919.5849 8299812.0548, -12403052.2268 8299906.1313, -12403138.2676 8300044.2541, -12403164.3314 8300204.9572, -12403126.3642 8300363.2676, -12403030.2634 8300494.5776, -12402895.5355 8300575.7218, -12402805.3963 8300698.8778, -12402628.3835 8300791.6948, -12402708.5915 8301755.4261, -12402678.0501 8301908.6013, -12402565.7587 8302176.1482, -12402535.2623 8302729.9191, -12402608.544 8302847.5797, -12402634.605 8303008.3453, -12402596.6111 8303166.7122, -12402564.8553 8303210.0959, -12402567.0884 8303391.1104, -12402475.0485 8303584.59409999, -12402577.0761 8303934.9146, -12402563.7994 8303993.0358, -12402570.4155 8304155.2306, -12402598.2207 8304204.0934, -12402683.6135 8304283.723, -12402696.9861 8304393.2939, -12402966.2464 8304450.8726, -12403018.5848 8304487.9944, -12403132.9448 8304671.5841, -12403159.0229 8304832.3876, -12403121.0301 8304990.7962, -12403024.8675 8305122.1869, -12402882.7333 8305206.5351, -12402925.9672 8305349.483, -12402984.4096 8305439.7049, -12402995.977 8305505.2801, -12402945.9166 8305619.2687, -12402946.9474 8305744.8704, -12402869.4038 8305929.6722, -12402796.4791 8306044.502, -12402773.3853 8306023.1598, -12402757.2811 8306059.3308, -12402485.8069 8306315.1487, -12402158.7272 8306488.8491, -12401891.5114 8306747.9512, -12401713.3476 8306970.0155, -12401586.8834 8307201.931, -12401641.2625 8307233.1249, -12401691.22 8307321.4286, -12401687.647 8307410.2741, -12401665.4121 8307459.3841, -12401026.1669 8307819.8141, -12400941.265 8307995.5225, -12400655.4683 8308304.2151, -12400607.165 8308373.3592, -12400455.1264 8308746.8546, -12400462.7183 8309113.3381, -12400601.1305 8309366.468, -12400595.102 8309453.4505, -12400420.3858 8309656.8702, -12400308.0188 8309696.1189, -12400177.7591 8310001.3744, -12399863.8469 8310301.864, -12399729.5188 8310293.5481, -12399758.5151 8310459.2651, -12399748.9815 8310498.9327, -12400448.5655 8310316.7607, -12400523.0803 8310327.0568, -12400561.9166 8310368.9257, -12400571.0929 8310425.3353, -12400533.4879 8310490.5954, -12399930.2227 8310792.16030001, -12400065.837 8310832.0832, -12400192.1272 8310934.9404, -12400268.9209 8311078.701, -12400284.2806 8311241.026, -12400230.479 8311413.8232, -12400167.1886 8311494.4916, -12399966.4666 8311615.2671, -12399716.7427 8311669.7852, -12399515.4477 8311754.8925, -12399434.2258 8311810.5648, -12399457.4559 8311855.317, -12399472.7991 8312017.6601, -12399418.9729 8312190.46899999, -12399290.985 8312328.8373, -12399290.2168 8312404.92459999, -12399238.9599 8312693.2147, -12399110.9951 8312867.8567, -12398730.2625 8313105.6957, -12398621.6734 8313203.2117, -12398519.8807 8313325.5622, -12398376.5794 8313411.7436, -12398160.9077 8313480.4761, -12397838.7404 8313644.7515, -12397675.8783 8313668.3481, -12397513.2745 8313626.2196, -12397376.6189 8313548.9197, -12397240.5862 8313496.2429, -12396785.7279 8313396.4325, -12396656.1159 8313297.722, -12396574.6652 8313156.50159999, -12396554.0329 8312994.7238, -12396601.4793 8312822.8349, -12396714.9786 8312574.8131, -12396805.3631 8312159.8897, -12396877.2718 8312030.9408, -12396929.8538 8311894.7049, -12397024.5992 8311458.552, -12397103.9796 8311318.3468, -12397156.5521 8311182.1222, -12397193.6455 8310973.4266, -12396607.5378 8310888.0633, -12396122.2753 8310913.5106, -12395846.2754 8311007.6362, -12394810.5822 8311642.77929999, -12394718.289 8311685.4961, -12394530.1181 8311710.8324, -12394276.7481 8312050.9488, -12394106.4831 8312153.2135, -12393917.4352 8312180.5299, -12393703.1705 8312117.9802, -12393573.622 8312019.2331, -12393485.6154 8311866.979, -12393362.1379 8311950.2563, -12393477.3248 8312262.7483, -12393459.8348 8312336.6776, -12393395.1159 8312376.2956, -12393338.1572 8312368.1195, -12392755.123 8312106.7729, -12392519.4189 8312069.1731, -12392171.3196 8311853.1095, -12392075.4422 8311826.7852, -12391937.191 8311956.7061, -12391845.207 8312123.8318, -12391799.3852 8312383.0013, -12392259.4958 8312716.6829, -12392298.3605 8312784.9668, -12392228.4846 8313688.9957, -12392227.0189 8314113.7593, -12392179.5158 8314270.9043, -12391950.3751 8314596.462, -12391795.8734 8314713.5772, -12391871.1511 8315198.2253, -12391914.8432 8315229.1255, -12392009.0776 8315347.6373, -12392529.5433 8315337.0481, -12392618.6006 8315373.0926, -12392647.1636 8315440.221, -12392587.5914 8315622.1309, -12392534.4211 8315678.5272, -12391944.2373 8315690.7329, -12391778.4207 8315795.6632, -12391585.5959 8315812.6372, -12391640.6197 8316113.2451, -12391602.3186 8316271.8291, -12391384.0799 8316489.3241, -12391262.9399 8317063.9985, -12391258.8281 8317409.8096, -12391296.6336 8317569.7947, -12391358.9602 8317721.8885, -12391532.9573 8317969.5592, -12391629.9386 8318283.1172, -12391731.0285 8318221.2437, -12391787.2584 8318206.8597, -12392462.1315 8318373.2899, -12392508.9656 8318434.2293, -12392518.0559 8318559.7609, -12393016.921 8318799.5325, -12393288.3851 8319141.0896, -12393475.1596 8319165.8135, -12393704.9988 8319187.3459, -12393884.7126 8318741.5072, -12393921.8327 8318696.0307, -12393958.4089 8318681.2853, -12394016.6282 8318688.326, -12394060.5814 8318727.2131, -12394147.7454 8318964.6052, -12394518.2173 8318993.2008, -12394600.2047 8318941.3109, -12394659.0459 8318936.6938, -12394735.9845 8318995.16669999, -12394902.4248 8319084.8122, -12395240.6964 8318728.085, -12395295.7944 8318709.9209, -12395351.5625 8318725.9014, -12395388.7358 8318770.5065, -12395550.2807 8319156.0987, -12395783.7407 8319461.3358, -12395909.4387 8319586.1856, -12396084.1205 8319814.5252, -12396091.3982 8319802.3349, -12396157.9675 8319841.62309999, -12396294.1271 8319865.3784, -12396432.6013 8319926.3774, -12396509.7992 8319991.9498, -12396531.7306 8320044.9415, -12396887.0946 8320386.776, -12396920.0861 8320501.9454, -12396911.4177 8321100.6548, -12396873.3973 8321160.8334, -12396416.3078 8321500.4354, -12395455.7589 8322821.2955, -12395117.0232 8323323.7712, -12394983.4582 8323684.2228, -12394645.0559 8324003.4918, -12394391.3888 8324358.3226, -12394244.4442 8324700.2128, -12394141.6127 8324880.351, -12393970.0093 8325048.499, -12393923.6472 8325126.0216, -12393497.7683 8325619.4561, -12393432.9143 8325992.5188, -12393512.4726 8326049.1071, -12393598.6278 8326187.831, -12393624.5647 8326349.1324, -12393586.2487 8326507.9455, -12393489.6315 8326639.5842, -12393349.7283 8326723.5852, -12393291.5677 8326731.9814, -12393202.423 8326853.4286, -12393062.5128 8326937.4265, -12392900.3277 8326960.8318, -12392700.6586 8326933.811, -12392398.0652 8326939.735, -12392309.9237 8326887.7079, -12392240.6486 8326907.1514, -12392137.3337 8326881.9323, -12392102.1361 8326832.7164, -12392110.2184 8326772.5109, -12392241.4602 8326651.2551, -12392244.3152 8326630.6607, -12392225.4227 8326604.8532, -12392132.6144 8326600.8387, -12392107.6323 8326527.2905, -12392280.7068 8326364.0732, -12392309.8854 8326270.2506, -12392304.3282 8326234.545, -12392230.9827 8326174.0446, -12392115.6214 8326241.5036, -12392092.0894 8326217.8044, -12392097.6003 8326170.3529, -12392039.7895 8326165.8385, -12391994.8147 8326191.78140001, -12391918.6664 8326165.9165, -12391898.7275 8326210.6474, -12391823.581 8326265.3322, -12391832.4006 8326345.1321, -12391729.6997 8326387.1129, -12391715.4876 8326419.4655, -12391725.4553 8326465.47909999, -12391658.7487 8326465.7082, -12391636.3603 8326499.2189, -12391551.0748 8326478.2642, -12391548.6717 8326443.2579, -12391619.9752 8326321.5867, -12391607.656 8326303.3349, -12391576.5186 8326299.9233, -12391569.2752 8326273.0061, -12391657.6872 8326095.1768, -12391632.3128 8326028.8032, -12391635.618 8325948.5242, -12391572.0941 8325874.5457, -12391456.5304 8325838.0509, -12391450.2819 8325809.9001, -12391271.3991 8325594.6744, -12391262.1088 8325382.606, -12391229.1374 8325332.10629999, -12391173.351 8325292.1348, -12391106.6447 8325291.90779999, -12391074.7117 8325323.9611, -12391069.9892 8325413.0024, -12391130.7817 8325494.9798, -12391148.1664 8325554.04110001, -12391103.4716 8325614.7921, -12391024.1702 8325653.9968, -12390996.2237 8325646.808, -12390977.4667 8325581.1125, -12390887.3969 8325491.445, -12390764.9482 8325406.9435, -12390761.1684 8325382.5523, -12390810.8659 8325308.74140001, -12390798.0909 8325274.5693, -12390600.541 8325171.0677, -12390522.4189 8325194.37789999, -12390388.5372 8325387.41130001, -12390308.7848 8325430.3767, -12390187.0749 8325466.905, -12390043.8942 8325462.9286, -12389955.0919 8325502.6404, -12389779.1999 8325495.7017, -12389710.6579 8325478.8801, -12389723.3162 8325608.4651, -12389792.3115 8325765.871, -12389972.677 8325984.3708, -12390168.8634 8326313.8979, -12390442.6088 8326658.2808, -12390502.2714 8326761.7835, -12390581.73 8326953.2024, -12390668.1555 8327340.4163, -12390753.6537 8327325.1992, -12391140.085 8327418.619, -12391539.5112 8327491.0753, -12391672.4944 8327585.7153, -12391758.6321 8327724.4891, -12391784.5334 8327885.8298, -12391746.1696 8328044.66529999, -12391649.4994 8328176.3061, -12391509.5468 8328260.2887, -12391348.0648 8328283.5572, -12390982.298 8328188.7467, -12390750.7783 8328161.1325, -12390563.3979 8328112.3895, -12390419.3287 8328002.4683, -12390365.1423 8327915.1352, -12390330.5276 8327737.0746, -12390351.8037 8327634.3168, -12390210.6244 8327654.8774, -12390032.988 8327719.64899999, -12389940.4361 8327788.0431, -12389786.744 8327804.3909, -12389742.3827 8327849.7447, -12389734.8943 8327883.887, -12389746.9052 8327908.8769, -12389851.405 8327974.963, -12389873.6672 8328108.878, -12389785.1391 8328237.6955, -12389771.9124 8328504.1768, -12389715.7567 8328578.1025, -12389650.7061 8328708.8782, -12389583.0306 8328667.6378, -12389378.7116 8328765.7538, -12389293.9185 8328776.5647, -12389265.3193 8328755.6647, -12389240.7865 8328677.0386, -12389177.7011 8328600.8454, -12389168.5157 8328545.7024, -12389093.9025 8328524.9878, -12389072.3469 8328541.3413, -12389072.1205 8328594.3402, -12389029.2775 8328727.8892, -12388924.8897 8328819.4944, -12388919.1073 8328834.2487, -12388952.3001 8328863.244, -12388887.1503 8328881.706, -12388843.6913 8328932.24, -12388797.9611 8328911.7034, -12388778.5754 8328927.5027, -12388696.1306 8328836.56, -12388600.0311 8328793.6763, -12388620.4401 8328764.0718, -12388597.4693 8328670.1755, -12388500.1263 8328640.9802, -12388478.2941 8328590.3436, -12388487.2118 8328430.8492, -12388454.8025 8328375.6999, -12388378.6623 8328309.20880001, -12388289.7131 8328313.1049, -12388161.416 8328385.8982, -12388137.7753 8328491.2331, -12388168.0178 8328541.363, -12388108.2278 8328523.4269, -12388238.8737 8328719.7639, -12388300.7124 8328936.8457, -12388299.9458 8329028.352, -12388342.6491 8329135.5236, -12388334.905 8329452.303, -12387927.3109 8330308.5429, -12387324.5702 8330986.1671, -12386990.9568 8331487.625, -12386647.0741 8331808.0702, -12386718.2838 8331870.3891, -12386641.4142 8331909.9779, -12386621.7233 8331944.4392, -12386548.9347 8331975.9072, -12386529.2434 8332010.3685, -12386419.0621 8332075.2992, -12386379.6773 8332144.222, -12386343.2816 8332159.9555, -12386286.1959 8332227.8802, -12386193.7093 8332293.8078, -12386174.0154 8332328.2695, -12386100.224 8332377.46500001, -12386080.5293 8332411.9269, -12385970.3384 8332476.8542, -12385897.5419 8332508.3179, -12385790.3421 8332520.051, -12385721.5373 8332480.5905, -12385686.1368 8332478.5906, -12385620.3282 8332385.938, -12385546.5326 8332435.1284, -12385507.1377 8332504.0498, -12385494.8757 8333036.9874, -12385455.4771 8333105.914, -12385453.4792 8333141.3781, -12385315.5771 8333382.6257, -12385309.581 8333489.0224, -12385595.8186 8333451.8353, -12385709.0225 8333333.7074, -12385892.0329 8333237.3108, -12385963.8388 8333223.5766, -12386070.0512 8333229.5725, -12386209.6736 8333273.0298, -12386276.4944 8333347.9556, -12386290.209 8333419.8857, -12386266.524 8333525.2853, -12386134.6255 8333660.1593, -12386095.2293 8333729.0952, -12386058.8252 8333744.8302, -12385999.7287 8333848.2347, -12385963.3238 8333863.9696, -12385941.6287 8333933.90609999, -12385939.6328 8333969.3744, -12385971.049 8334042.3107, -12386006.457 8334044.3098, -12386075.2779 8334083.7763, -12386286.7305 8334113.4999, -12386323.136 8334097.7628, -12386517.8825 8334108.7465, -12386552.2946 8334128.4777, -12386588.6996 8334112.7393, -12386590.6924 8334077.2701, -12386710.863 8333834.97779999, -12386934.2577 8333651.87569999, -12387050.4293 8333480.5238, -12387086.8301 8333464.7844, -12387088.8202 8333429.3181, -12387125.2207 8333413.5784, -12387127.2107 8333378.1124, -12387163.6108 8333362.3728, -12387242.3788 8333224.4964, -12387408.6592 8333109.3342, -12387428.3498 8333074.8655, -12387463.7537 8333076.85719999, -12387573.9409 8333011.9023, -12387593.6304 8332977.4335, -12387777.6015 8332863.2623, -12387797.2895 8332828.7934, -12387808.1984 8332824.0753, -12387904.0649 8332907.9459, -12388094.5735 8332908.69690001, -12388049.6538 8332979.3487, -12388103.7901 8333036.8615, -12388102.6237 8333183.5443, -12388061.2531 8333257.9677, -12387755.1312 8333468.05789999, -12387712.8578 8333539.0767, -12387634.3969 8333606.6352, -12387496.5942 8333679.9837, -12387414.0992 8333819.0308, -12387270.2809 8333958.3357, -12387201.4273 8334049.7716, -12387040.0184 8334152.0076, -12386909.6252 8334282.823, -12386777.7063 8334356.8837, -12386636.9721 8334365.1882, -12386627.291 8334416.7494, -12386599.7261 8334448.5681, -12386534.4936 8334460.7237, -12386396.5974 8334603.9631, -12386230.4815 8334618.5067, -12386178.6429 8334702.2625, -12386185.0818 8335135.9215, -12385881.4439 8335396.7593, -12385970.495 8335897.8326, -12386046.172 8336020.4147, -12385884.8793 8336758.414, -12385753.4599 8337137.1556, -12385219.4769 8337135.691, -12385020.3717 8337334.6998, -12384861.1028 8337602.9418, -12385208.0738 8338275.6638, -12385293.3099 8338816.6108, -12385116.4807 8339156.3629, -12385099.7864 8339445.933, -12385257.5352 8339796.3087, -12385291.1027 8340282.0387, -12385077.9487 8340453.42409999, -12385025.1302 8340618.2374, -12385035.4276 8340721.3291, -12384813.6173 8341221.9915, -12384731.4879 8341492.0565, -12384103.7357 8342006.1975, -12383990.4046 8342011.5587, -12383856.9178 8341986.1719, -12383572.8539 8341978.9452, -12383393.6176 8342004.3811, -12383329.5773 8342036.3614, -12383259.1896 8342023.4552, -12383175.9167 8342081.0563, -12383078.7499 8342226.9193, -12383318.0118 8342240.5236, -12383466.648 8342284.5924, -12383631.5019 8342356.296, -12383741.6809 8342451.6086, -12384057.6911 8342647.032, -12384064.0459 8342707.0467, -12384105.6224 8342738.9302, -12384548.9163 8342950.7672, -12384467.5093 8343419.2889, -12384500.3119 8343712.8039, -12384488.1084 8344151.3461, -12384804.1104 8344425.9477, -12384918.4646 8344924.9974, -12384802.5716 8344895.6683, -12384614.3519 8344962.2338, -12384444.4949 8344953.0521, -12384258.5704 8345086.1832, -12384008.3759 8345012.7316, -12384125.4396 8344920.9171, -12384139.2115 8344813.0351, -12384074.9416 8344594.9757, -12383909.6754 8344432.005, -12383778.8397 8344374.6208, -12383486.4927 8344598.1202, -12383494.5681 8344730.4309, -12383726.8888 8344992.5683, -12383816.9596 8345073.3213, -12383891.5008 8345195.6937, -12383952.9977 8345350.9881, -12383958.5881 8345449.7554, -12384058.598 8345637.3512, -12384132.5181 8345836.7495, -12384409.5635 8346103.235, -12384564.8583 8346055.40429999, -12384643.7478 8346097.0233, -12384659.2772 8346164.7316, -12384775.4376 8346210.6989, -12384844.3884 8346081.4937, -12385093.6983 8346131.4793, -12385179.6087 8346610.613, -12384622.482 8347625.9482, -12384597.2994 8347855.93569999, -12384717.4521 8348187.444, -12384684.8725 8348705.8786, -12384488.444 8349600.0656, -12384337.2734 8349856.7206, -12384162.9715 8350316.0952, -12383821.5926 8350319.3564, -12383879.8349 8350521.7003, -12383958.6248 8351276.9177, -12383638.3379 8351526.9964, -12383392.9814 8351359.2749, -12383200.6405 8351265.0363, -12383168.2824 8351230.0944, -12383144.6504 8351162.8066, -12383041.0113 8351107.9297, -12382930.7777 8351006.8583, -12382823.8482 8350947.6684, -12382655.4495 8350772.9945, -12382651.8489 8350731.2698, -12382666.9292 8350708.5822, -12382644.9703 8350632.9372, -12382589.9592 8350661.6104, -12382540.3495 8350661.3145, -12382539.2429 8350704.7347, -12382388.4885 8350659.6025, -12382326.9928 8350665.3093, -12382257.9468 8350778.7507, -12382146.7444 8350768.21469999, -12381859.8272 8350547.854, -12381754.8659 8350504.0391, -12381695.7651 8350457.4125, -12381597.0205 8350433.2023, -12381593.229 8350299.4908, -12381460.0163 8350184.76569999, -12381273.983 8350278.7282, -12381207.1588 8350245.7369, -12381091.5962 8350506.138, -12381066.5747 8350779.0704, -12381042.9079 8350809.9133, -12380956.0579 8350862.0696, -12380826.7763 8351132.1959, -12380476.412 8351133.4168, -12380341.8704 8351395.9494, -12380102.2694 8351712.4045, -12380066.692 8351709.0311, -12379959.9732 8351973.6761, -12379933.1487 8351969.2527, -12379819.6847 8352197.7723, -12379842.804 8352240.4771, -12379759.6219 8352327.8958, -12379715.7928 8352283.4003, -12379632.0941 8352338.4782, -12379619.8106 8352409.8653, -12379672.2765 8352512.3562, -12379657.1384 8352584.1256, -12379567.5287 8352607.4078, -12379466.8618 8352713.7474, -12379346.9049 8352716.3362, -12379231.6594 8352765.8783, -12378901.092 8352696.6153, -12378882.5582 8352759.1442, -12378888.9794 8352818.9628, -12378739.9985 8352866.2562, -12378698.6914 8352859.1142, -12378664.0011 8352812.9323, -12378606.1807 8352795.3657, -12378380.5463 8352633.9473, -12378370.4278 8352606.93469999, -12378380.3854 8352593.0258, -12378407.6995 8352582.2436, -12378434.7237 8352536.9364, -12378478.2496 8352506.2405, -12378539.9757 8352268.1956, -12378571.8576 8352234.501, -12378630.7753 8352208.2358, -12378761.5531 8352020.203, -12378785.2447 8352027.4784, -12378818.9973 8351980.3263, -12378814.2324 8351949.9287, -12378955.052 8351772.0696, -12378913.6105 8351532.6144, -12378792.0844 8351579.4511, -12378229.7736 8351912.948, -12378240.5135 8352192.9863, -12377951.9948 8352535.4953, -12377827.6316 8352732.5175, -12377681.8232 8353060.7184, -12377954.3395 8353342.0291, -12378437.8297 8353544.9466, -12378444.3566 8353559.5207, -12378459.304 8353722.815, -12378184.6901 8354070.6172, -12378118.5093 8354081.4445, -12378104.3793 8354190.7474, -12378067.9303 8354240.3618, -12377276.1144 8354588.2865, -12377219.4123 8354595.0624, -12377168.3816 8354569.3916, -12377139.9447 8354519.7877, -12377169.8535 8354287.7567, -12377055.9359 8354008.0015, -12376836.4627 8354312.7726, -12376491.679 8354442.8685, -12376382.5483 8354559.2455, -12376482.2562 8354710.102, -12376477.6058 8354783.8566, -12376440.3074 8354825.5994, -12376235.0588 8354953.0292, -12376495.3876 8355376.6229, -12376498.9523 8355434.5668, -12376469.5802 8355484.613, -12376417.3012 8355509.6709, -12376378.3916 8355507.80259999, -12375925.1359 8355294.3775, -12375725.2776 8355589.13400001, -12375587.5743 8355628.49, -12375535.302 8355607.1189, -12375500.9928 8355560.54169999, -12375301.1322 8355923.5918, -12375295.0208 8356382.90999999, -12374978.9495 8356384.0937, -12374568.2308 8356264.7656, -12374474.8785 8356268.8817, -12374412.644 8356350.8268, -12374365.6072 8356375.6054, -12374065.9438 8356384.9451, -12374014.2173 8356359.27009999, -12373963.6393 8356291.4013, -12373818.936 8356297.769, -12373446.8097 8355996.2144, -12373321.0611 8355514.7448, -12373812.3392 8355226.7387, -12374309.3077 8354835.3014, -12374468.0974 8354466.30479999, -12374575.3867 8353938.0207, -12374560.3306 8353858.7861, -12374208.1953 8353455.1224, -12374176.5914 8353397.3559, -12374180.1917 8353341.3694, -12374199.5856 8353309.0746, -12374360.5442 8353184.8875, -12374305.579 8353090.2134, -12374045.4957 8352824.8994, -12374045.9398 8352480.1541, -12374081.3054 8352368.639, -12374016.8515 8352358.4096, -12373967.6675 8352296.1061, -12373956.3981 8351994.9162, -12374022.7599 8351792.9115, -12374227.444 8351408.15380001, -12374268.0307 8351367.3691, -12374324.3902 8351356.0106, -12374391.3342 8351391.604, -12374413.5264 8351444.7278, -12374392.6709 8351541.043, -12374429.3587 8351502.3407, -12374826.1354 8351505.4886, -12374932.1193 8351225.854, -12375379.4542 8351234.1326, -12375421.1105 8351202.73619999, -12375322.9291 8350921.3162, -12375009.3785 8350853.6407, -12374851.8621 8350679.04290001, -12374650.1024 8350534.6353, -12374606.782 8350460.0406, -12374576.3856 8350261.6965, -12374502.8911 8350164.4841, -12374461.6128 8350144.6405, -12374363.8856 8350139.6996, -12374257.8422 8350178.0214, -12374104.6246 8350275.5404, -12373648.9142 8350621.9235, -12373476.8749 8350690.7328, -12373366.6928 8350684.0846, -12373320.8832 8350662.81229999, -12373126.4866 8350447.8096, -12372897.1445 8350281.43069999, -12372805.0164 8350253.4679, -12372705.9651 8350259.979, -12372553.6014 8350351.06539999, -12372243.6606 8350734.2778, -12372035.4057 8350935.9932, -12371747.3365 8351163.2008, -12371564.3662 8351286.341, -12371242.4446 8351460.0628, -12370769.6368 8351650.7351, -12370474.8509 8351692.1535, -12370404.1492 8351681.8641, -12369907.8886 8351492.9585, -12369424.7521 8351044.5601, -12369352.4547 8350777.6285, -12369451.6785 8350477.6356, -12369660.1629 8350217.0042, -12369963.8464 8349732.2463, -12369929.9811 8349108.7975, -12369751.8238 8348936.7638, -12369535.309 8348979.4069, -12369385.0392 8348982.5926, -12369012.5246 8349322.7073, -12368548.7995 8349578.9538, -12368285.7038 8349498.2603, -12368533.2251 8349641.7095, -12368556.5601 8349673.5104, -12368564.3626 8349731.6947, -12368537.9843 8349784.1197, -12368317.1665 8350013.57379999, -12368246.3589 8350043.9443, -12367778.0544 8349857.5099, -12367731.8389 8349818.1254, -12367720.7017 8349738.8863, -12367845.2181 8349522.423, -12367880.9714 8349374.1055, -12367835.2111 8349360.0668, -12367455.201 8348988.5478, -12367403.248 8349053.71459999, -12367346.8831 8349070.4933, -12367111.3517 8348975.4341, -12366657.4222 8349134.6189, -12366560.0273 8349266.2895, -12366419.3942 8349350.0192, -12366257.3815 8349372.79159999, -12366099.1739 8349331.0664, -12365955.0717 8349220.3499, -12365901.0282 8349132.58919999, -12365866.9175 8348953.9137, -12365900.68 8348793.5731, -12366024.2168 8348614.5036, -12366125.7288 8348555.663, -12366207.9288 8348532.72689999, -12366863.3516 8348405.2231, -12367005.2545 8348262.0806, -12367057.435 8348131.4647, -12367074.1459 8347998.7556, -12367105.9752 8347911.5064, -12367113.295 8347787.1592, -12367089.8322 8347732.2972, -12366909.3866 8347623.5973, -12366830.6346 8347601.118, -12366741.97 8347595.877, -12366632.4324 8347642.8761, -12366543.7677 8347637.6327, -12366446.6724 8347558.64549999, -12366429.8847 8347482.7367, -12366347.4409 8347388.6067, -12366335.2867 8347325.6921, -12366365.9183 8347229.7015, -12366397.4907 8347206.3636, -12366455.3105 8347198.3597, -12366543.9806 8347231.5352, -12366691.0022 8347357.8997, -12366609.8313 8346806.718, -12366929.5176 8346485.339, -12366966.7449 8346189.5532, -12367180.1782 8345808.1856, -12367043.055 8345516.6462, -12367222.8482 8345177.0335, -12367480.1729 8345031.788, -12367531.6111 8344986.0697, -12367719.2592 8344624.62969999, -12367875.6308 8344545.017, -12367975.2437 8344551.0204, -12367964.3749 8344478.8939, -12368050.0795 8344411.8122, -12368100.6493 8344307.8892, -12368085.5307 8344111.0139, -12368119.5402 8343933.62919999, -12368204.0097 8343884.98040001, -12368702.8816 8343513.1432, -12368780.3881 8343510.0946, -12368931.7998 8343603.7577, -12369243.5014 8343462.2389, -12369414.5723 8343282.5481, -12369422.3109 8343177.3838, -12369324.0934 8342797.37080001, -12369432.2598 8342702.5313, -12369436.9366 8342523.0391, -12369419.9743 8342522.1648, -12369434.4026 8342489.0801, -12369355.1769 8342475.52009999, -12369300.2913 8342515.9952, -12369235.9793 8342528.2953, -12369217.8733 8342511.7452, -12369153.4261 8342508.4213, -12369107.0819 8342460.9412, -12369070.7196 8342398.6868, -12369027.9624 8342255.9025, -12369079.023 8342143.127, -12369081.8773 8342056.4633, -12369038.352 8342002.69659999, -12368890.5894 8341907.1784, -12368751.5639 8341852.2471, -12368680.9495 8341881.4885, -12368529.8229 8342032.897, -12368338.8241 8342295.50949999, -12368190.1574 8342442.6118, -12368143.293 8342456.2501, -12367983.5975 8342642.146, -12367859.0036 8342753.433, -12367782.2527 8343070.969, -12367622.1631 8343291.4307, -12367341.1461 8343444.6176, -12367219.9122 8343542.1039, -12367232.7033 8343606.5947, -12367193.7251 8343765.6262, -12367096.4123 8343897.2102, -12366873.6645 8344031.4148, -12366744.0949 8344133.2707, -12366578.3576 8344328.4993, -12366491.3937 8344489.7552, -12366438.0964 8344645.8757, -12366409.8348 8344808.4292, -12366407.9769 8344982.7441, -12366366.6705 8345151.1902, -12366269.3244 8345282.7872, -12365913.9941 8345503.1684, -12365804.4956 8345600.6068, -12365698.8573 8345727.23309999, -12365622.5771 8345852.4848, -12365564.439 8345987.1535, -12365446.1007 8346448.6041, -12365316.7457 8346623.4242, -12365261.3032 8346656.4215, -12365129.2809 8346674.9586, -12365050.8495 8346787.5238, -12365016.4643 8346780.8968, -12364892.0152 8347199.3768, -12364746.5407 8347428.9411, -12364582.7783 8347609.8642, -12364443.739 8347642.55889999, -12364376.2323 8347601.5613, -12364284.1 8347200.3585, -12364235.3476 8347057.7966, -12364153.2709 8347036.1269, -12364009.2427 8346925.4081, -12363955.2389 8346837.6611, -12363921.1849 8346659.0331, -12363944.2672 8346549.5531, -12363836.3797 8346552.1652, -12363676.8131 8346510.0267, -12363264.2627 8346199.6091, -12363165.9598 8346151.7844, -12363024.4965 8346171.606, -12362732.1574 8346096.2468, -12362568.6065 8346076.3951, -12362320.9932 8346098.5021, -12362104.286 8346538.1486, -12362123.9102 8346604.1233, -12362113.2441 8346661.9286, -12362088.3135 8346692.5594, -12362033.937 8346714.6673, -12361960.4431 8346690.5832, -12361670.6232 8346437.4047, -12361627.8965 8346462.8056, -12361465.9347 8346485.4646, -12361307.8178 8346443.6545, -12361175.5105 8346341.88, -12361036.5946 8346167.9754, -12360968.5102 8346057.2501, -12360945.196 8345946.5058, -12360726.6368 8345902.226, -12360324.3485 8345833.3447, -12360095.8416 8345961.268, -12360040.9088 8345973.6528, -12359742.0022 8345896.2042, -12359587.0987 8346044.6142, -12359400.269 8346155.6104, -12359153.1372 8346180.4979, -12358999.648 8346106.109, -12359035.3534 8346176.2251, -12359049.8596 8346339.3874, -12358933.2815 8346715.8122, -12358905.5321 8346962.1475, -12358928.4974 8347178.7929, -12359013.8953 8347427.5703, -12359040.8969 8347600.7197, -12359001.7203 8347759.7895, -12358904.2097 8347891.3319, -12358763.5193 8347974.8986, -12358601.5168 8347997.4984, -12358443.3851 8347955.6179, -12358299.4268 8347844.7748, -12358208.251 8347696.3707, -12358195.741 8347578.1359, -12358207.8038 8347468.4389, -12358271.8469 8347336.1, -12358324.5798 8347177.8761, -12358353.3158 8346941.4851, -12358335.5725 8346740.6525, -12358244.1326 8346427.1921, -12358113.4112 8346460.8982, -12358059.1112 8346529.2862, -12357872.0686 8346640.356, -12357622.2421 8346670.89679999, -12357647.0417 8346720.3972, -12357680.5304 8346935.4039, -12357641.3286 8347094.4516, -12357543.8031 8347225.9639, -12357304.7799 8347369.4367, -12357175.0223 8347471.1661, -12357074.2673 8347577.6991, -12356989.2912 8347697.2426, -12356907.7486 8347861.4041, -12356859.6963 8348019.2975, -12356836.8919 8348182.7804, -12356841.7997 8348365.8055, -12356802.0307 8348527.0717, -12356704.4711 8348658.5976, -12356563.7419 8348742.1301, -12356401.7167 8348764.6833, -12356243.5822 8348722.7511, -12356061.1773 8348582.2173, -12355957.3613 8348443.166, -12355824.4891 8348317.0279, -12355687.8101 8348224.8082, -12355538.4151 8348155.1396, -12355364.556 8349297.2163, -12355812.129 8349484.2405, -12355910.7527 8349323.9268, -12356048.6668 8349235.7847, -12356209.8697 8349207.8838, -12356369.3131 8349244.5593, -12356502.217 8349340.1119, -12356607.0944 8349510.9071, -12356719.0999 8349747.2456, -12356904.8791 8349965.9477, -12357026.8728 8350164.5931, -12357069.4557 8350507.3795, -12357113.6422 8350647.359, -12357176.8488 8350779.8181, -12357269.1469 8350916.6415, -12357381.6798 8351037.3179, -12357776.8609 8351330.4305, -12357862.6193 8351470.0382, -12357898.6912 8351687.4972, -12357947.042 8351845.389, -12358075.2683 8352084.9504, -12358100.5042 8352246.9269, -12358027.7315 8352546.1467, -12357995.1049 8352761.4361, -12357922.6615 8352915.398, -12357638.5679 8353260.7786, -12357479.8922 8353354.9877, -12357370.9951 8353384.2412, -12357394.0869 8353842.5522, -12357025.9928 8355080.4644, -12357091.387 8355186.9477, -12357133.317 8355448.8229, -12357194.489 8355646.7494, -12357224.6184 8355840.2968, -12357185.3555 8355999.5322, -12357070.776 8356154.0127, -12357017.9716 8356183.0391, -12356922.1595 8356319.6867, -12356852.5546 8356469.5137, -12356804.6654 8356634.7737, -12356706.9956 8356766.4414, -12356566.11 8356850.0622, -12355960.1315 8356955.7966, -12355712.3502 8356901.4723, -12355568.2626 8356790.4393, -12355514.2906 8356702.514, -12355480.4012 8356523.6123, -12355525.5981 8356310.4778, -12355618.5767 8356123.8124, -12355670.5155 8355947.7759, -12355689.614 8355764.6721, -12354936.2147 8355813.4335, -12354265.084 8355731.5875, -12354432.1715 8355002.9803, -12354557.5222 8354690.7665, -12354312.1968 8354654.3353, -12354051.2405 8354657.7826, -12353642.8484 8354550.2669, -12353479.5142 8354527.328, -12353259.9935 8354536.9964, -12353047.2743 8354592.166, -12352897.8114 8354662.0266, -12352775.5488 8354743.1295, -12352653.0005 8354853.7089, -12352549.2263 8354982.1306, -12352466.782 8355125.2343, -12352407.6576 8355279.6884, -12352450.2967 8355185.7048, -12352633.3682 8355342.604, -12352709.6655 8355487.7142, -12352740.6629 8356029.0552, -12352780.6071 8356189.3854, -12352845.1001 8356341.4853, -12352943.602 8356496.28499999, -12353054.0236 8356619.0679, -12353462.5146 8356937.4991, -12353576.4061 8357123.1535, -12353637.6149 8357331.339, -12353735.5227 8357369.7879, -12353922.2705 8357504.1583, -12354008.0248 8357643.9279, -12354033.1877 8357806.0379, -12353977.2382 8358032.5202, -12353907.697 8358129.29, -12353902.1829 8358289.1569, -12353934.7589 8358506.9486, -12354028.7937 8358745.8115, -12354183.0591 8358960.5142, -12354270.5393 8359126.8119, -12354284.9595 8359290.2672, -12354177.3275 8359648.7122, -12354137.6203 8360035.9846, -12354084.1311 8360252.5141, -12353958.7503 8360443.9117, -12353921.7932 8360540.45799999, -12354001.3202 8360489.6661, -12354053.6524 8360485.9077, -12354265.755 8360534.7674, -12354398.8314 8360630.5074, -12354484.6297 8360770.3309, -12354509.8123 8360932.5085, -12354486.628 8361031.4646, -12354698.0826 8361051.7628, -12354960.5729 8361028.9515, -12355117.4878 8361076.2091, -12355243.9784 8361180.5441, -12355320.3859 8361325.744, -12355334.8327 8361489.2464, -12355279.5907 8361662.8565, -12355095.0136 8361898.2059, -12355036.9625 8362106.1269, -12355020.4198 8362252.2302, -12355024.3372 8362399.2207, -12355062.9244 8362597.5311, -12355138.5811 8362784.8271, -12355237.215 8362939.7335, -12355348.926 8363063.6703, -12355447.6565 8363224.5246, -12355463.3744 8363325.6666, -12355828.2541 8363621.6418, -12355840.735 8363701.9277, -12356006.6086 8363838.721, -12356115.9644 8364046.4843, -12356193.0442 8364238.6229, -12356303.0382 8364408.0383, -12356471.6518 8364576.7064, -12356834.5868 8364832.7195, -12356920.4793 8364972.5963, -12356945.7281 8365134.8586, -12356899.9556 8365320.4423, -12356838.2185 8365456.0452, -12356792.807 8365615.1295, -12356771.8626 8365816.1688, -12356787.0046 8366042.65489999, -12356709.0072 8366354.6139, -12356704.3367 8366538.3772, -12356736.0522 8366738.0214, -12356813.2848 8366944.4781, -12356920.3629 8367115.8454, -12357023.6412 8367228.5734, -12357334.841 8367303.3454, -12357468.0786 8367399.1207, -12357554.0122 8367539.0393, -12357579.2826 8367701.3565, -12357474.4612 8368146.1648, -12357463.0554 8368292.8815, -12357472.1452 8368439.7634, -12357506.6355 8368601.6447, -12357574.0551 8368772.6724, -12357845.6995 8369201.8872, -12358062.8537 8369370.7786, -12358139.3989 8369516.1128, -12358153.9207 8369679.7919, -12358012.5739 8370144.9594, -12357992.5771 8370309.3086, -12357998.5293 8370475.0673, -12357958.6709 8370636.7613, -12357860.8311 8370768.69, -12357719.6871 8370852.4861, -12357346.0699 8370911.6507, -12357107.2505 8371006.1007, -12356884.8906 8371168.1853, -12356689.7236 8371405.2286, -12356548.5545 8371489.0088, -12356386.0278 8371511.62080001, -12356227.408 8371469.5493, -12356083.0322 8371358.30179999, -12356028.9509 8371270.20489999, -12355994.9892 8371090.9515, -12356066.5015 8370751.8703, -12356083.6759 8370587.192, -12356069.464 8370385.4325, -12356017.0832 8370190.1016, -12355928.461 8370008.3749, -12355806.8557 8369846.9278, -12355700.2085 8369745.6706, -12355399.5896 8369513.2666, -12355345.5299 8369425.1872, -12355311.5926 8369245.9762, -12355348.0921 8369073.9066, -12355417.685 8368924.143, -12355459.3363 8368783.0082, -12355483.8271 8368582.2905, -12355479.6002 8368513.8901, -12355353.5833 8368480.4508), (-12339462.1044 8312352.8476, -12339395.9062 8312039.952, -12339299.9945 8311823.3008, -12339157.8959 8311633.8178, -12339005.5713 8311503.2309, -12338717.5226 8311335.1527, -12338608.2721 8311200.209, -12338579.5409 8311128.9343, -12338564.6176 8310955.8408, -12338580.7237 8310880.6894, -12338665.2519 8310728.989, -12338733.3746 8310663.5963, -12339097.1039 8310453.5607, -12339206.415 8310356.975, -12339311.9797 8310231.3288, -12339388.3183 8310106.9506, -12339446.6314 8309973.1421, -12339552.8564 8309544.2769, -12339645.821 8309410.5128, -12339783.1686 8309323.1353, -12339943.5538 8309295.7213, -12340257.6541 8309324.4046, -12340421.4811 8309318.8924, -12340582.4295 8309287.7721, -12340736.5344 8309231.8107, -12340880.0001 8309152.38710001, -12341009.2927 8309051.4583, -12341121.2284 8308931.5114, -12341213.0509 8308795.5012, -12341294.7117 8308612.3663, -12341350.4125 8308325.9387, -12341373.488 8308276.3464, -12341281.2925 8308075.3513, -12341182.8185 8307944.117, -12341079.0156 8307841.68429999, -12340930.9355 8307735.6002, -12340718.6884 8307629.0521, -12340602.5582 8307598.8075, -12340457.8125 8307582.0963, -12340312.154 8307585.7245, -12340168.4165 8307609.6212, -12340029.3964 8307653.3218, -12339759.0557 8307800.7505, -12339544.9658 8307830.0785, -12339387.8027 8307788.0376, -12339244.9043 8307677.4454, -12339191.4734 8307589.9936, -12339160.2586 8307423.3213, -12339064.0411 8307436.495, -12338906.8886 8307394.4463, -12338778.176 8307294.8199, -12338753.6712 8307251.55579999, -12338332.3757 8307489.2005, -12338171.2086 8307511.2476, -12338014.0606 8307469.1796, -12337885.3589 8307369.5366, -12337805.1073 8307227.8088, -12337749.0782 8306727.7684, -12337701.4333 8306570.718, -12337629.8271 8306423.0749, -12337578.3722 8306214.8403, -12337455.038 8305971.3402, -12337286.7345 8305780.1161, -12337140.6225 8305671.4166, -12336994.7747 8305596.6502, -12336821.3013 8305541.5184, -12336608.0302 8305517.8683, -12336558.4352 8305650.008, -12336524.0773 8305810.4801, -12336515.2016 8305974.3639, -12336528.8971 8306119.6411, -12336627.2564 8306612.6465, -12336696.6068 8306781.2306, -12336858.0012 8307054.2725, -12336900.4404 8307172.1199, -12336933.8578 8307390.5428, -12336894.4413 8307548.6296, -12336797.0898 8307679.1722, -12336656.933 8307761.8776, -12336435.6539 8307792.0956, -12336271.2006 8307788.8596, -12336108.869 8307811.4002, -12335935.1404 8307865.9058, -12335785.2581 8307942.1976, -12335476.1589 8307989.4651, -12335266.1648 8308064.0216, -12335042.352 8308094.5423, -12334851.4312 8308066.75770001, -12334705.729 8308065.1802, -12334293.5214 8308118.2871, -12334218.7219 8308106.4826, -12333950.2904 8308211.1187, -12333800.0237 8308314.0849, -12333669.8845 8308441.6249, -12333551.2303 8308616.1352, -12333547.2956 8308695.1839, -12333475.6028 8308918.3351, -12333411.6208 8308998.3861, -12333255.9643 8309090.1403, -12332975.1368 8309134.4755, -12332987.669 8309229.1119, -12332948.158 8309387.21459999, -12332850.7131 8309517.73529999, -12332710.4785 8309600.3845, -12332549.251 8309622.3136, -12332392.0931 8309580.1135, -12332345.5688 8309544.03679999, -12332276.1389 8309625.2244, -12332120.4557 8309716.9618, -12331959.2245 8309738.8782, -12331810.2448 8309698.8613, -12331726.4646 8309803.8312, -12331644.8047 8309966.874, -12331592.6461 8310141.6479, -12331571.2109 8310341.1053, -12331586.2237 8310531.2641, -12331546.6754 8310689.3862, -12331421.8764 8310861.0756, -12331351.9969 8310989.2199, -12331295.5276 8311143.4079, -12331263.8304 8311304.5497, -12331267.8912 8311577.7611, -12331384.6737 8312298.8397, -12331445.4001 8312579.336, -12331578.5411 8312487.50559999, -12331690.6798 8312367.6509, -12331791.5992 8312215.7431, -12331864.6489 8312048.591, -12331904.7129 8311889.3122, -12331919.454 8311707.4511, -12331905.3774 8311542.6905, -12331939.8015 8311382.7692, -12332056.77 8311209.7766, -12332129.0048 8311062.3367, -12332257.3748 8310578.5441, -12332473.0556 8310287.0625, -12332540.7189 8310237.5417, -12332750.4925 8310201.8979, -12332908.9733 8310238.8656, -12333084.1881 8310365.6571, -12333189.2484 8310494.4343, -12333310.83 8310604.6029, -12333529.9513 8310734.5759, -12333715.4711 8310868.8064, -12333916.3943 8311183.4716, -12334136.7049 8311403.2508, -12334340.2487 8311766.8489, -12334364.9123 8311928.4434, -12334340.8831 8312082.1583, -12334340.4708 8312245.5422, -12334285.0859 8312417.9912, -12334221.0814 8312498.0865, -12334065.3598 8312589.8999, -12333904.0707 8312611.8661, -12333676.8827 8312550.9031, -12333432.224 8312447.1737, -12333162.1578 8312408.5197, -12333016.6139 8312417.0973, -12332856.133 8312450.87389999, -12332719.4492 8312501.6978, -12332575.8336 8312580.995, -12332459.9505 8312669.6268, -12332345.7479 8312787.5197, -12332251.3585 8312921.858, -12332185.9818 8313052.4109, -12332134.9209 8313208.52839999, -12332100.1388 8313418.1232, -12332093.4202 8313564.0359, -12332110.1629 8313727.47200001, -12332146.3271 8313868.9825, -12332201.8015 8314004.0763, -12332327.126 8314239.7223, -12332423.2162 8314372.8848, -12332554.6087 8314491.9705, -12333494.7277 8314365.0431, -12335595.6211 8313823.6852, -12336630.7499 8313609.9825, -12338877.0722 8313704.9179, -12339433.2892 8313600.1308, -12339552.8271 8313146.2318, -12339569.4661 8312876.6139, -12339519.5806 8312624.5075, -12339483.1098 8312515.635, -12339462.1044 8312352.8476), (-12318053.4522 8304460.582, -12318140.8531 8304321.8095, -12318221.7064 8304118.7708, -12318327.4647 8303640.81000001, -12318470.8411 8303452.2598, -12318550.8525 8303309.11, -12318612.3109 8303137.58209999, -12318634.3891 8303008.78809999, -12318401.1272 8302742.3954, -12318368.0493 8302249.9211, -12318420.9158 8302207.9589, -12318344.497 8302080.8636, -12318311.7261 8301903.1319, -12318346.2723 8301744.042, -12318439.5125 8301610.6924, -12318783.4324 8301392.5119, -12318911.1098 8301289.8319, -12319032.1968 8301153.8859, -12319127.8743 8300998.9436, -12319195.2356 8300829.7153, -12319311.3608 8300377.8452, -12319312.3412 8300141.2344, -12319260.1651 8299910.4741, -12319167.095 8299712.8983, -12319050.4498 8299562.0463, -12318854.8282 8299611.8483, -12318666.6095 8299703.5165, -12318505.5635 8299725.1136, -12318336.185 8299685.9706, -12318154.7339 8299674.0698, -12317973.9757 8299693.9085, -12317816.4267 8299738.4227, -12317683.729 8299798.3024, -12317386.7314 8299971.7112, -12317241.6095 8300010.9457, -12317107.8797 8300068.4879, -12316884.0942 8300223.9688, -12316749.6115 8300372.2415, -12316653.8934 8300527.1388, -12316586.4774 8300696.3358, -12316496.5348 8301048.5892, -12316398.918 8301178.7419, -12316168.0915 8301318.4175, -12316264.6132 8301480.721, -12316278.1129 8301642.9621, -12316222.4434 8301814.8738, -12316158.3415 8301894.6957, -12316002.6311 8301985.9966, -12315841.5293 8302007.5408, -12315541.2689 8301927.11429999, -12315397.3891 8301904.8845, -12315215.4976 8301905.6185, -12314906.3932 8301946.0176, -12314797.1724 8301921.6971, -12314733.754 8301986.0806, -12314579.4743 8302052.5643, -12314314.4435 8302069.8368, -12314106.0457 8302013.3291, -12313963.6464 8301902.3451, -12313910.5583 8301814.786, -12313877.8953 8301637.0431, -12313904.9481 8301512.8207, -12313798.488 8301453.0226, -12313553.753 8301383.734, -12313317.7054 8301374.3047, -12313234.7601 8301386.3003, -12313144.9647 8301452.1694, -12313019.1074 8301583.7018, -12312917.9589 8301735.1298, -12312833.466 8301936.596, -12312794.31 8302133.0964, -12312793.3019 8302333.4761, -12312843.9639 8302683.7527, -12312804.0632 8302841.599, -12312699.9439 8302994.3801, -12312758.8552 8303008.58209999, -12312913.0221 8303100.3642, -12313065.6173 8303159.9228, -12313207.6117 8303192.2031, -12313362.7908 8303204.4205, -12313493.9549 8303240.0015, -12313640.5278 8303362.2583, -12313808.4231 8303664.9717, -12313900.4946 8303777.9802, -12314007.3734 8303877.0528, -12314126.9792 8303960.2603, -12314273.8414 8304032.8997, -12314430.2414 8304081.628, -12314574.1601 8304103.884, -12314719.7707 8304105.8564, -12314882.0749 8304083.7974, -12315038.9345 8304036.5729, -12315186.4853 8303965.3467, -12315306.8824 8303883.2913, -12315414.7048 8303785.2486, -12315644.3254 8303478.2617, -12315781.8337 8303391.4051, -12315942.1666 8303364.5339, -12316100.4095 8303401.8233, -12316231.9698 8303497.479, -12316316.4036 8303636.63939999, -12316377.9333 8304011.8342, -12316478.8583 8304265.382, -12316604.7732 8304443.9218, -12316776.5341 8304600.9076, -12316860.8048 8304739.8844, -12316877.2771 8304849.5313, -12317185.1392 8304880.09799999, -12317348.7611 8304872.238, -12317509.1398 8304838.8311, -12317678.7353 8304772.7717, -12317819.513 8304688.8754, -12317945.4525 8304583.9503, -12318053.4522 8304460.582), (-12338583.9305 8301747.5946, -12338701.4803 8301777.14639999, -12338724.4942 8301696.2341, -12338837.1579 8301555.0594, -12338968.6515 8301491.0623, -12339130.3257 8301474.3583, -12339846.328 8301541.3325, -12341032.6559 8301847.7782, -12342369.6899 8302026.3128, -12342365.9988 8301824.2676, -12342529.5897 8301572.1076, -12342571.756 8301539.7076, -12342849.0945 8301492.1865, -12342898.2906 8301498.5387, -12343086.7257 8301633.0656, -12343126.5554 8301698.1765, -12343168.7209 8301653.4924, -12343410.8053 8301499.3107, -12343616.0259 8301422.0314, -12343846.175 8301382.5631, -12344004.5286 8301419.246, -12344136.4252 8301514.3851, -12344338.9432 8301830.6484, -12344450.5341 8301950.7051, -12344636.3259 8302106.2145, -12344711.94 8302250.3548, -12344726.0655 8302412.5731, -12344713.1763 8302447.8419, -12344837.6865 8302529.9811, -12344950.5531 8302714.389, -12344984.671 8302935.7583, -12344990.2611 8303153.8777, -12345041.0565 8303366.4589, -12345125.4957 8303548.17109999, -12345243.0008 8303710.4075, -12345374.9058 8303835.9586, -12345550.5839 8303953.9672, -12345734.7332 8304032.3993, -12346067.6945 8304112.7859, -12346122.7209 8304173.4046, -12346692.222 8304099.8072, -12346870.01 8304052.2, -12347043.5506 8303971.22559999, -12347191.7287 8303865.4376, -12347321.8621 8303732.3303, -12347466.1437 8303640.3267, -12347837.3754 8303560.7185, -12348180.8244 8303379.4847, -12348504.1617 8303162.6481, -12348656.804 8303000.7396, -12348761.2908 8302830.0066, -12348797.128 8302736.5334, -12348831.332 8302642.4446, -12348864.5157 8302454.1014, -12348862.4172 8302332.5726, -12348774.7859 8302269.9361, -12348558.9445 8302173.6237, -12348327.0107 8302128.4108, -12348163.2468 8302128.3713, -12347952.8725 8302155.61509999, -12347703.367 8302070.7839, -12347518.4114 8301927.9793, -12347438.03 8301786.4575, -12347412.0878 8301571.7426, -12347516.8928 8301143.5626, -12347664.2819 8300920.0499, -12347826.1638 8300565.386, -12347869.9768 8300426.3285, -12347961.6583 8299997.4756, -12347995.4284 8299957.81570001, -12348222.5166 8299812.9748, -12348369.6652 8299781.86599999, -12348084.8705 8299696.5893, -12348048.6348 8299662.3783, -12347891.0759 8299419.8652, -12347745.2025 8299271.0802, -12347531.5656 8299131.9991, -12347290.9899 8299046.4943, -12347161.3083 8298946.3575, -12347069.2825 8298819.0543, -12346949.9607 8298699.3875, -12346766.6382 8298573.0621, -12346625.38 8298511.8157, -12346174.3443 8298399.4688, -12345978.5181 8298397.7393, -12345556.8889 8298454.0981, -12345474.7895 8298437.9431, -12345292.406 8298297.0394, -12345142.0056 8298070.5354, -12344972.242 8297906.0957, -12344753.2852 8297776.6941, -12344509.587 8297704.1921, -12344364.7567 8297690.1136, -12344219.3798 8297696.3606, -12343964.1037 8297758.6963, -12343712.5244 8297793.313, -12343419.2655 8297735.6048, -12343334.0075 8297877.4582, -12343251.7848 8298065.8864, -12343218.0109 8298278.2482, -12343234.5418 8298566.111, -12343359.1968 8298967.9055, -12343459.7254 8299161.77269999, -12343548.2237 8299277.5149, -12343651.944 8299379.793, -12344019.4661 8299649.4042, -12344104.3861 8299788.1838, -12344129.1628 8299949.0595, -12344089.9421 8300107.0304, -12343992.8161 8300237.5419, -12343857.1847 8300329.263, -12343727.971 8300451.4332, -12343392.0325 8300190.15, -12343258.0006 8300007.4599, -12343079.8735 8299852.0594, -12342871.4212 8299740.7777, -12342636.5358 8299673.0877, -12342473.2955 8299637.5882, -12342316.142 8299627.5104, -12342095.0839 8299653.1579, -12341957.6768 8299691.2223, -12341752.7078 8299673.7241, -12341536.1864 8299892.8502, -12341401.8579 8299957.0952, -12341266.7387 8300048.0858, -12341012.8419 8300165.8887, -12340776.5564 8300162.4155, -12340672.0344 8300109.099, -12340434.6377 8300034.4405, -12340290.04 8300017.7462, -12340006.2052 8300017.5662, -12339898.1761 8299988.6787, -12339847.3514 8299959.1602, -12339662.3326 8299730.7123, -12339643.9745 8299674.8104, -12339615.1938 8299343.0046, -12339576.4968 8299202.4608, -12339490.8159 8298987.18, -12337492.9901 8298867.0618, -12335866.5832 8298472.5841, -12335813.8903 8298627.0672, -12335935.2495 8298663.9385, -12336060.419 8298767.6971, -12336193.5041 8299005.9871, -12336359.2366 8298975.1509, -12336640.0803 8299035.6127, -12336785.3264 8299044.77350001, -12336925.9447 8299034.2166, -12337085.2004 8299071.2647, -12337216.9638 8299166.4944, -12337301.7494 8299305.3406, -12337364.5786 8299797.6568, -12337429.3662 8299987.1869, -12337538.9018 8300181.7059, -12337601.0012 8300610.0744, -12337673.6251 8300835.2548, -12337752.7657 8300978.838, -12337853.3581 8301108.2527, -12337972.9254 8301220.311, -12338265.6492 8301433.3434, -12338350.4796 8301572.2208, -12338364.5765 8301658.6721, -12338583.9305 8301747.5946))"
70,21185,1779,2023-10-15 06:33:14,HWF079, ,57789.8,2023-09-27,0730,0 - hand sketch of any type,Wildfire,Being Held,2023/08/27 17:00:00,E,42579.0,1687709040000,Lightning,5,e9bb46cd-855b-4578-a8a2-88111e86dff0,2265513305.39844,473959.811795176,"MULTIPOLYGON (((-12904426.1516 8371325.4048, -12904212.3118 8371341.7507, -12903813.75 8371496.9763, -12903673.0022 8371508.8496, -12903531.5029 8371477.3868, -12903396.1968 8371406.0596, -12903270.9444 8371307.6559, -12902700.7572 8370721.5617, -12902455.5265 8370510.0759, -12902261.5621 8370367.5715, -12901987.7417 8370204.2595, -12901768.846 8370109.617, -12901616.7571 8370075.116, -12901464.7293 8370069.547, -12901317.6062 8370098.9792, -12901181.0262 8370160.9416, -12900735.2982 8370411.8744, -12900568.079 8370542.5511, -12900485.4755 8370657.4927, -12900438.2702 8370793.688, -12900424.2638 8370943.0406, -12900433.7208 8371327.47, -12900367.1023 8371533.16889999, -12900279.8156 8371641.5938, -12900168.0063 8371715.3892, -12900042.3919 8371741.4042, -12899915.6592 8371709.584, -12899804.5137 8371622.4469, -12899681.0269 8371429.9965, -12899629.3842 8371280.9371, -12899477.0774 8370666.2144, -12899373.4823 8370460.7754, -12899216.4273 8370299.8025, -12898905.588 8370106.3696, -12898773.2038 8369934.9288, -12898701.7746 8369719.5185, -12898556.7496 8368740.9397, -12898517.3457 8368612.0653, -12898449.8732 8368509.0399, -12898356.8963 8368443.1453, -12898303.5895 8368427.9201, -12898190.4769 8368435.1075, -12898136.3935 8368460.15959999, -12898088.0969 8368499.6661, -12898011.9406 8368605.8688, -12897888.1081 8369000.5564, -12897784.4438 8369176.4363, -12897735.3246 8369223.1858, -12897616.0273 8369286.5162, -12897481.751 8369300.3894, -12897415.9592 8369285.554, -12897297.008 8369217.8764, -12897246.5554 8369168.1194, -12897166.0796 8369043.4433, -12896964.3197 8368449.7448, -12896897.4879 8368306.7, -12896811.0343 8368175.107, -12896698.3137 8368067.675, -12896632.1104 8368027.5446, -12896486.7223 8367976.7982, -12896331.1415 8367965.6732, -12896096.5615 8368010.3468, -12895101.1127 8368374.7868, -12894787.2046 8368441.6566, -12894547.8364 8368468.247, -12894312.2405 8368455.6642, -12894162.7476 8368417.9297, -12894025.0309 8368349.3431, -12893709.7143 8368124.5452, -12893505.7671 8368036.599, -12893288.2557 8368015.628, -12893143.7544 8368036.6568, -12893002.6397 8368080.9289, -12892538.3421 8368338.9805, -12892263.012 8368473.5645, -12891629.2627 8368682.6989, -12891439.015 8368791.7223, -12891271.7036 8368934.0208, -12891179.4916 8369047.3039, -12891068.0029 8369239.8024, -12890241.0445 8370946.033, -12890102.8983 8371129.096, -12889976.3631 8371213.5062, -12889833.5919 8371268.6752, -12889607.3422 8371295.6649, -12889382.5854 8371271.4947, -12889007.437 8371202.7038, -12888777.7378 8371191.2547, -12888548.517 8371213.8853, -12888037.2722 8371308.5927, -12887898.5624 8371293.3533, -12887834.4751 8371268.9247, -12887775.3996 8371234.5723, -12887681.6642 8371135.0203, -12887635.387 8371001.5129, -12887637.9924 8370852.7626, -12887682.9194 8370700.4871, -12887905.3405 8370159.5939, -12888030.0755 8369756.5716, -12888144.2144 8369271.0525, -12888157.6862 8369111.3562, -12888151.0015 8368954.4157, -12888093.8895 8368728.0841, -12888023.4894 8368587.7198, -12887932.5457 8368459.7768, -12887626.8789 8368110.262, -12887466.472 8367842.0031, -12887294.8414 8367411.6374, -12887263.0942 8367258.8622, -12887263.9336 8367102.0945, -12887304.2097 8366948.4606, -12887339.2895 8366876.0846, -12887427.6655 8366740.98179999, -12887728.9024 8366366.3858, -12887844.6206 8366159.399, -12887899.4476 8366012.5037, -12887952.0459 8365707.5294, -12887941.308 8365250.7857, -12887961.9467 8365025.8892, -12888012.7148 8364883.9499, -12888183.7318 8364544.2014, -12888294.2556 8364271.0329, -12888327.8625 8364131.1223, -12888328.3592 8363919.7097, -12888294.3054 8363785.9173, -12888237.8117 8363661.4388, -12888160.1786 8363548.7992, -12888063.1271 8363453.5135, -12887951.3633 8363381.1829, -12887768.6808 8363309.4089, -12887588.1095 8363270.0993, -12887475.9198 8363270.248, -12887373.1246 8363304.8795, -12887287.4566 8363382.9287, -12887221.5465 8363495.3688, -12887017.1212 8363958.963, -12886936.0598 8364077.7739, -12886833.4621 8364174.2, -12886711.5694 8364245.9549, -12886508.1535 8364308.8196, -12885839.778 8364360.0624, -12885721.7772 8364337.5288, -12885670.3599 8364312.4283, -12885586.9732 8364235.8618, -12885303.9764 8363569.7177, -12885281.9481 8363445.7782, -12885303.5416 8363318.3843, -12885359.5459 8363196.9692, -12885611.8411 8362795.6425, -12885738.828 8362440.4101, -12885793.4303 8362328.2428, -12885876.7961 8362237.1266, -12885987.114 8362182.4577, -12886314.402 8362180.7373, -12886437.7755 8362140.3257, -12886492.9524 8362105.7237, -12886576.6096 8362010.2131, -12886604.3637 8361954.8581, -12886631.4491 8361834.5627, -12886617.6764 8361712.5159, -12886575.5904 8361598.2583, -12886459.7962 8361450.314, -12886132.6119 8361186.5102, -12885525.3907 8360766.13579999, -12885423.9836 8360666.7817, -12885321.609 8360480.0562, -12885199.9644 8359972.9849, -12885182.0498 8359745.87569999, -12885195.2165 8359671.5282, -12885257.8371 8359533.3003, -12885354.5058 8359413.4075, -12885693.4821 8359094.8548, -12885800.9721 8358891.9818, -12885830.126 8358666.9125, -12885806.9557 8358517.245, -12885681.0277 8358082.7747, -12885663.785 8357933.6489, -12885676.6688 8357782.3448, -12885747.2709 8357563.0986, -12885820.2455 8357425.959, -12886029.3823 8357109.4563, -12886106.7871 8356903.60059999, -12886111.6579 8356830.651, -12886081.2007 8356686.4915, -12886006.6737 8356554.1456, -12885825.1824 8356299.2052, -12885606.5369 8355855.6178, -12885539.9034 8355627.0106, -12885534.0819 8355389.911, -12885598.3101 8355161.7577, -12885783.8932 8354815.76739999, -12885837.405 8354668.4399, -12885872.6144 8354435.7225, -12885895.9634 8353834.2947, -12885945.4208 8353628.0395, -12886021.2975 8353511.5356, -12886126.8367 8353416.7428, -12886250.0601 8353344.3539, -12886447.1945 8353258.5783, -12886562.3513 8353177.118, -12886648.1042 8353063.7147, -12886677.586 8352996.7134, -12886707.3213 8352768.82419999, -12886679.7929 8352299.5352, -12886709.5374 8352150.5086, -12886740.3569 8352081.4266, -12886827.3216 8351956.4389, -12886943.0478 8351854.4228, -12887076.037 8351774.2039, -12887420.4404 8351627.8607, -12887615.9516 8351520.9723, -12888149.2265 8351126.5552, -12888357.3715 8350931.2505, -12888478.8769 8350761.4593, -12888534.5809 8350635.8917, -12888600.1448 8350233.9595, -12888670.3134 8349977.1684, -12888774.5542 8349807.5521, -12888953.3273 8349608.2858, -12889050.9299 8349428.2813, -12889076.9665 8349292.8156, -12889073.7921 8349224.522, -12889036.7166 8349091.8545, -12888958.5721 8348977.2856, -12888677.8196 8348778.5924, -12888578.0448 8348678.0471, -12888487.1562 8348482.4893, -12888447.5198 8348267.9439, -12888461.5499 8348118.867, -12888509.7772 8347976.5417, -12888750.8117 8347609.0362, -12888823.8827 8347402.2371, -12888829.4697 8347249.2968, -12888810.7386 8347092.3238, -12888758.2109 8346857.1645, -12888644.0045 8346476.4776, -12888617.091 8346240.82419999, -12888623.6784 8346081.9593, -12888659.2457 8345846.8028, -12888730.3908 8345536.4451, -12888782.6676 8345392.6507, -12888856.6048 8345272.0032, -12888953.7048 8345193.9213, -12889068.2257 8345166.7798, -12889183.5824 8345197.4983, -12889235.3639 8345234.40600001, -12889320.9094 8345335.3545, -12889554.5176 8345809.39779999, -12889659.4095 8345968.3296, -12889804.0048 8346086.4572, -12889916.8816 8346125.7565, -12889976.7998 8346129.0108, -12890092.5447 8346101.5785, -12890189.1479 8346030.6771, -12890256.0743 8345923.4835, -12890273.6886 8345859.2419, -12890278.1734 8345720.8145, -12890244.0227 8345578.8218, -12890176.464 8345440.3428, -12890083.7301 8345315.7088, -12889818.982 8345035.6577, -12889735.1544 8344906.9302, -12889706.1213 8344834.5598, -12889673.2488 8344680.8842, -12889620.3292 8344043.2374, -12889578.7548 8343887.4301, -12889513.5487 8343739.412, -12889382.9674 8343537.2855, -12889190.7891 8343289.4054, -12888774.5732 8342844.8603, -12888493.7634 8342595.90869999, -12888073.246 8342187.8043, -12887857.2866 8342005.6534, -12887740.1109 8341932.293, -12887612.2136 8341885.4925, -12887478.1409 8341867.1276, -12887344.3267 8341875.7142, -12887081.7389 8341925.8758, -12886873.0819 8341926.2394, -12886308.0765 8341832.6432, -12886109.4 8341750.8274, -12885994.9803 8341656.3288, -12885901.9062 8341537.9619, -12885835.7133 8341401.1137, -12885795.918 8341251.4087, -12885783.7827 8341096.3807, -12885807.6208 8340939.9454, -12885934.3741 8340644.5391, -12886384.2495 8339835.5276, -12886241.4554 8339785.5427, -12885964.5224 8339976.5609, -12885804.6222 8340010.669, -12885512.3025 8339956.1623, -12885366.2876 8339945.0346, -12885202.013 8339956.9691, -12884920.6956 8340015.08649999, -12884508.7861 8339951.2116, -12884326.1929 8339962.8518, -12884041.2221 8340021.7128, -12883880.595 8339991.2212, -12883729.2032 8339890.9652, -12883669.1926 8339807.273, -12883571.0355 8339465.10409999, -12883507.687 8339332.8643, -12883404.3334 8339173.1891, -12883331.5011 8338909.7116, -12883361.5013 8338692.954, -12883432.9312 8338533.3776, -12883475.1797 8338373.9441, -12883488.8763 8338099.8728, -12883466.8984 8337954.8848, -12883424.9919 8337814.3744, -12883355.0575 8337665.0516, -12883227.0442 8337468.4569, -12883195.7118 8337307.78499999, -12883293.3847 8336882.5717, -12883334.9038 8336821.8755, -12883360.8758 8336654.9801, -12883299.6293 8336614.4149, -12883235.0451 8336524.333, -12883145.8887 8336331.1361, -12883028.1557 8336159.9127, -12882981.6957 8335984.27489999, -12883002.1736 8335730.88300001, -12882984.5949 8335566.9334, -12882933.8627 8335364.0671, -12882956.3107 8335201.9419, -12883047.9528 8334999.8782, -12883105.3683 8334757.0482, -12883197.7166 8334622.0528, -12883334.9698 8334533.3016, -12883495.7999 8334504.5835, -12883680.5512 8334546.047, -12883885.9188 8334626.6772, -12884065.7684 8334659.6194, -12884285.0304 8334657.1681, -12884533.6672 8334604.1961, -12884748.1023 8334637.5671, -12884926.1835 8334720.4746, -12885065.8561 8334764.1977, -12885374.0463 8334804.2106, -12885558.9601 8334917.9919, -12885654.3038 8335050.889, -12885690.9636 8335210.3732, -12885670.3671 8335452.8083, -12885708.8268 8335706.0167, -12885781.3884 8335893.8826, -12885882.5546 8336057.3145, -12885919.2243 8336216.8192, -12885891.5008 8336378.1306, -12885803.6892 8336516.1748, -12885673.9519 8336606.3541, -12885742.9973 8336876.5911, -12885838.5229 8337056.1569, -12885871.7003 8337261.8328, -12885877.5829 8337412.8145, -12885969.2506 8337535.2511, -12886179.5603 8337711.0601, -12886308.4023 8337780.6825, -12886472.2214 8337836.4468, -12886540.3115 8337721.1412, -12886671.4202 8337623.3967, -12886877.7435 8337556.5626, -12887053.3882 8337458.3863, -12887207.0998 8337328.4405, -12887343.159 8337156.0901, -12887427.143 8336993.34350001, -12887482.3098 8336794.6209, -12887319.2413 8336560.80929999, -12887207.6216 8336365.7807, -12886909.0552 8335755.63669999, -12886566.5516 8334994.8353, -12886341.3586 8334596.315, -12886309.9259 8334527.2471, -12886278.4576 8334385.6197, -12886289.3714 8334246.7868, -12886315.5787 8334180.6223, -12886405.2576 8334065.6119, -12886642.7561 8333869.7708, -12886750.4633 8333753.1261, -12886875.7004 8333551.8191, -12887032.3096 8333208.1756, -12887112.2269 8333090.5534, -12887160.469 8333040.8337, -12887276.0727 8332974.4035, -12887339.3839 8332959.781, -12887466.0313 8332966.5866, -12887572.9043 8333020.666, -12887614.9134 8333063.6422, -12887647.8459 8333115.2898, -12887682.8811 8333242.3212, -12887695.459 8333910.1656, -12887758.8985 8334700.3848, -12887775.6835 8335409.6454, -12887826.9183 8336065.7131, -12887908.6809 8336045.3969, -12888071.9153 8336070.7238, -12888258.5379 8336153.6422, -12888490.7207 8336210.9854, -12888624.0361 8336305.63279999, -12888710.4764 8336444.5404, -12888736.6055 8336606.1235, -12888694.1475 8336782.7898, -12888571.8652 8336979.2782, -12888600.8461 8336987.1751, -12888757.9331 8337016.1119, -12888919.0279 8337019.1283, -12889077.6096 8336994.5341, -12889229.1637 8336947.5583, -12889371.3968 8336877.916, -12889501.7421 8336787.6409, -12889614.254 8336676.8275, -12889700.7508 8336544.1099, -12889762.7448 8336397.8044, -12889799.2428 8336243.3059, -12889808.6225 8336085.0604, -12889792.1733 8335928.438, -12889669.9979 8335469.1844, -12889586.8092 8335000.5251, -12889544.8666 8334852.4824, -12889227.5167 8334242.9295, -12889197.5435 8334020.0442, -12889234.2582 8333793.5753, -12889142.4785 8333793.383, -12888993.5451 8333897.0047, -12888833.7904 8333931.15, -12888673.2757 8333900.7874, -12888536.9531 8333810.6373, -12888446.0108 8333674.714, -12888414.5818 8333514.1469, -12888453.2947 8333325.9525, -12888531.8722 8333106.26079999, -12888559.2463 8332906.7758, -12888545.2013 8332687.6307, -12888485.9814 8332476.2057, -12888349.9084 8332234.0578, -12888161.8291 8332040.1233, -12888038.5058 8331966.3932, -12887884.0205 8331937.1536, -12887752.0061 8331849.8319, -12887655.8058 8331822.4365, -12887504.5309 8331722.3679, -12887444.5443 8331638.7984, -12887420.1116 8331536.9231, -12887229.6732 8331441.7224, -12886760.8792 8331159.8434, -12886609.2697 8331095.8747, -12886422.5436 8331044.6664, -12886241.5669 8330924.9058, -12886150.7023 8330789.0067, -12886119.3355 8330628.492, -12886170.69 8330370.5388, -12886177.5944 8330124.733, -12886213.5892 8329950.0211, -12886305.8206 8329815.0749, -12886675.61 8329596.018, -12886838.4041 8329460.2129, -12886777.8116 8329247.0794, -12886636.2434 8329012.5413, -12886431.9849 8328817.6882, -12886370.4258 8328731.90119999, -12886323.9338 8328556.46, -12886346.2854 8328394.4881, -12886429.3918 8328253.7595, -12886606.3832 8328093.2172, -12886750.4723 8327881.9553, -12886819.9043 8327712.7134, -12886858.9409 8327533.96899999, -12886864.0635 8327314.5918, -12886827.897 8327113.3777, -12886858.9294 8326879.7469, -12886856.8257 8326696.8081, -12886732.6106 8326175.4557, -12886755.9918 8326005.9554, -12886925.0842 8325485.2504, -12886960.2427 8325210.91269999, -12886931.8252 8324984.3271, -12886807.2846 8324568.6995, -12886829.614 8324406.8132, -12886912.6667 8324266.155, -12887043.5328 8324168.5819, -12887275.4994 8324110.96809999, -12887512.6627 8324074.28939999, -12887665.9278 8324014.8456, -12887808.0198 8323932.1145, -12887922.1072 8323840.662, -12888033.8371 8323719.9301, -12888116.2411 8323599.0616, -12888181.0481 8323467.8828, -12888242.6061 8323257.4128, -12888259.5067 8323057.0325, -12888244.6969 8322893.0913, -12888174.7459 8322533.9736, -12888187.0706 8322473.4366, -12888140.7666 8322403.9648, -12888094.2732 8322228.6846, -12888188.4996 8321716.0326, -12888183.1804 8321533.2865, -12888144.4164 8321345.28760001, -12888166.7071 8321183.4676, -12888249.8693 8321042.566, -12888361.6761 8320943.2368, -12888466.8964 8320816.8563, -12888559.0418 8320659.0699, -12888623.4946 8320483.6341, -12888723.7895 8320336.8473, -12888832.9615 8320239.5089, -12888927.4703 8320127.973, -12889159.199 8319745.5759, -12889289.9555 8319648.0229, -12889448.2146 8319608.666, -12889618.1679 8319620.5404, -12889799.7314 8319602.4449, -12889940.9965 8319565.3656, -12890091.984 8319500.5901, -12890315.3069 8319342.8654, -12890426.9301 8319222.1708, -12890555.1379 8319038.764, -12890692.0148 8318950.0638, -12890852.4777 8318921.2472, -12891015.2779 8318959.4086, -12891028.2926 8318946.5591, -12891051.2224 8318783.83429999, -12891098.6034 8318714.4136, -12891258.0103 8318595.4202, -12891416.2098 8318556.0333, -12891577.3132 8318580.9529, -12891719.7053 8318667.5708, -12891771.2529 8318442.4971, -12891774.0615 8318241.5534, -12891751.9822 8318096.9777, -12891693.1434 8317914.979, -12891652.6365 8317708.5021, -12891748.6197 8317182.1573, -12891858.7107 8316995.4238, -12891989.3832 8316897.8593, -12892147.5426 8316858.4659, -12892372.996 8316893.3157, -12892636.6884 8316957.9669, -12892782.5536 8316963.8226, -12892958.0478 8316940.2573, -12892975.8553 8316759.5978, -12893027.139 8316672.57949999, -12892942.0723 8316545.6014, -12892910.6203 8316385.4234, -12892943.4136 8316225.5202, -12893035.3528 8316090.74009999, -12893172.1453 8316002.0294, -12893332.5345 8315973.1706, -12893621.2263 8316034.9006, -12893758.9105 8315835.4226, -12893800.5578 8315808.4086, -12893780.6759 8315674.5506, -12893803.01 8315511.5, -12893885.831 8315370.9328, -12894016.4481 8315273.35400001, -12894174.5619 8315233.9259, -12894353.3317 8315261.51, -12894699.7224 8315451.2857, -12894837.4903 8315499.5579, -12894980.6255 8315528.1512, -12895319.9744 8315543.6716, -12895273.6762 8315362.9378, -12895295.7937 8315201.2274, -12895378.5828 8315060.6494, -12895509.1747 8314963.0483, -12895667.2738 8314923.59, -12895834.252 8314949.3203, -12896098.0845 8315045.4581, -12896315.4715 8315069.376, -12896479.1757 8315057.2371, -12896894.7303 8314982.61909999, -12897121.9916 8314976.6974, -12897334.4243 8314924.6651, -12897546.8527 8314819.7652, -12897730.2726 8314669.683, -12897855.7954 8314513.0467, -12898033.4891 8314213.4286, -12898170.7767 8314110.7466, -12898357.6854 8314026.9083, -12898531.3718 8313906.7367, -12898689.4319 8313867.2194, -12899281.9037 8313961.2886, -12899451.3838 8314065.1378, -12899663.7043 8314355.6715, -12899820.3671 8314508.4984, -12899972.8694 8314608.6149, -12900157.1365 8314686.0388, -12900342.7862 8314799.7653, -12900419.3693 8314872.7678, -12900512.3272 8315021.6248, -12900538.6355 8315182.7, -12900496.5792 8315358.9235, -12900434.5108 8315450.1117, -12900270.8915 8315616.1256, -12900170.9388 8315768.9186, -12900088.1658 8315971.7177, -12900049.2904 8316187.3302, -12900051.7155 8316370.005, -12900090.8855 8316567.0481, -12900159.6512 8316735.319, -12900596.2615 8316618.1227, -12900759.1026 8316535.8429, -12900952.3885 8316396.1437, -12901445.8782 8316262.7452, -12901608.702 8316180.4505, -12901800.6091 8316041.7494, -12901869.9744 8316023.5498, -12901910.3336 8315988.682, -12902006.5214 8315878.7086, -12902095.2661 8315740.3564, -12902172.7282 8315555.0581, -12902211.3316 8315376.5271, -12902217.3554 8315175.7386, -12902181.3882 8314948.57949999, -12902213.975 8314788.6671, -12902305.7272 8314653.7985, -12902442.3813 8314564.9338, -12902602.7022 8314535.8796, -12903097.9836 8314660.3161, -12903184.2756 8314595.6833, -12903556.6216 8314501.84, -12903727.0817 8314437.0118, -12903903.866 8314330.4023, -12904041.9027 8314211.0795, -12904177.1475 8314038.9591, -12904267.253 8313859.5409, -12904318.1334 8313684.1682, -12904360.4717 8313386.0808, -12904443.0682 8313245.4365, -12904527.2097 8313182.3908, -12904427.6565 8312775.4345, -12904449.5666 8312613.754, -12904532.1528 8312473.1234, -12904662.5777 8312375.3954, -12904820.5717 8312335.7553, -12904981.5837 8312360.3621, -12905120.5907 8312445.3921, -12905215.9924 8312577.6347, -12905252.9585 8312736.5384, -12905225.741 8312897.4103, -12904987.0014 8313254.8513, -12905157.5948 8313134.522, -12905265.5835 8313022.1692, -12905423.9518 8312903.4781, -12905581.953 8312863.8189, -12905742.9788 8312888.4107, -12905882.0049 8312973.4325, -12905983.5038 8313100.9658, -12906089.879 8313201.0024, -12906224.8165 8313294.567, -12906337.131 8313349.9033, -12906578.2705 8313174.1537, -12907016.0027 8313058.7888, -12907269.2375 8312926.3375, -12907447.0652 8312769.7412, -12907585.1619 8312577.0887, -12907676.4503 8312358.2599, -12907765.5059 8311937.1281, -12907876.6355 8311778.8785, -12907830.4101 8311653.8487, -12907664.6595 8311383.6095, -12907622.4884 8311171.0723, -12907629.7139 8311055.9961, -12907559.2513 8311009.6572, -12907499.2084 8310926.4833, -12907452.3312 8310751.5972, -12907474.1694 8310589.9521, -12907513.7107 8310522.5572, -12907495.5419 8310484.0881, -12907355.7433 8310275.56800001, -12907218.2632 8310129.5165, -12907071.185 8310021.7515, -12906866.4092 8309926.2188, -12906667.5976 8309795.4406, -12906607.5745 8309712.273, -12906560.7262 8309537.4096, -12906592.1223 8309305.2278, -12906703.5623 8309082.5553, -12906876.6937 8308952.7473, -12907034.6028 8308913.0785, -12907195.5474 8308937.626, -12907334.5152 8309022.5754, -12907429.9118 8309154.7285, -12907478.5576 8309310.7318, -12907542.0726 8309442.23170001, -12907682.2489 8309633.24669999, -12907802.8397 8309744.6338, -12907978.707 8309868.6158, -12908190.5101 8309996.2052, -12908383.8619 8310076.1235, -12908545.6649 8310174.9955, -12908644.1488 8310311.3781, -12908757.3332 8310563.0562, -12908793.1785 8310613.04, -12908851.6644 8310625.95709999, -12909120.5362 8310814.9544, -12909247.9012 8310886.1642, -12909418.9725 8310949.1007, -12909598.3567 8310981.3194, -12909726.4375 8310980.5666, -12909904.9047 8310902.1483, -12910040.37 8310809.4467, -12910147.3223 8310710.0994, -12910239.4282 8310596.8089, -12910477.6022 8310183.2999, -12910627.2698 8310080.3184, -12910563.7938 8310019.6468, -12910316.7894 8309852.7761, -12910256.7249 8309769.6375, -12910209.7901 8309594.7964, -12910231.5649 8309433.1686, -12910314.0059 8309292.5343, -12910444.2983 8309194.7465, -12910633.289 8309147.172, -12910844.3762 8309124.9203, -12911018.7562 8309072.0279, -12911211.9653 8308969.7799, -12911392.3159 8308816.3025, -12911514.7002 8308657.396, -12911604.5628 8308478.0193, -12911655.233 8308302.7241, -12911693.2373 8308034.6147, -12911775.6351 8307893.9908, -12911905.8836 8307796.1958, -12912063.7406 8307756.4259, -12912138.693 8307767.22779999, -12912152.9983 8307660.8359, -12912235.3832 8307520.2139, -12912365.6191 8307422.416, -12912523.4654 8307382.6383, -12912824.3827 8307441.4349, -12912957.4865 8307535.279, -12913044.0423 8307673.3648, -12913051.6637 8307716.3873, -12913653.1726 8307466.8845, -12913882.1095 8307409.1482, -12914081.1533 8307427.4288, -12914244.994 8307420.6333, -12914492.2726 8307359.4584, -12914702.3724 8307250.4847, -12915048.4848 8306988.996, -12915186.6745 8306843.7421, -12915368.8671 8306579.3398, -12915505.2149 8306490.3319, -12915865.7597 8306423.2953, -12916039.0901 8306367.2654, -12916184.6717 8306291.71809999, -12916555.8639 8306043.2206, -12916687.1139 8305916.7422, -12916802.2947 8305765.1738, -12916918.6393 8305670.5264, -12917018.2448 8305563.9293, -12917269.1723 8305200.1176, -12917347.6562 8305055.9479, -12917415.5211 8304848.0081, -12917438.7427 8304630.48399999, -12917426.1782 8304466.7667, -12917348.165 8304071.5105, -12917380.3776 8303911.7675, -12917471.7193 8303776.9103, -12917607.9902 8303687.8973, -12917768.0149 8303658.5583, -12917926.9239 8303693.4518, -12918060.0242 8303787.1566, -12918201.5276 8304005.8434, -12918323.1287 8304141.5923, -12918423.3046 8304220.2663, -12918406.5785 8304158.2311, -12918428.159 8303996.6984, -12918510.3841 8303856.0767, -12918640.4722 8303758.2171, -12918798.2063 8303718.3256, -12918959.0754 8303742.6001, -12919144.5549 8303855.5766, -12919006.1297 8303659.8206, -12918920.6632 8303603.8019, -12918829.5408 8303468.8052, -12918797.5875 8303309.0223, -12918829.7659 8303149.2889, -12918921.0714 8303014.428, -12919319.2792 8302765.349, -12919514.0252 8302574.2336, -12919645.4541 8302355.8752, -12919700.3873 8302201.2236, -12919742.6251 8302002.3584, -12919833.9003 8301867.507, -12919970.1076 8301778.4737, -12920130.0815 8301749.0912, -12920288.9603 8301783.9252, -12920422.0558 8301877.5634, -12920508.6833 8302015.4558, -12920559.8234 8302303.9359, -12920618.8484 8302476.43100001, -12920706.8821 8302636.0409, -12920834.0087 8302790.9541, -12920973.3048 8302908.3598, -12920992.1896 8302919.3156, -12921075.1357 8302772.819, -12921205.1708 8302674.9289, -12921362.8677 8302634.9886, -12921523.7214 8302659.2037, -12921662.7336 8302743.8115, -12921758.303 8302875.667, -12921815.5868 8303065.91, -12921867.0763 8303073.6586, -12921974.6888 8303138.6426, -12922028.5198 8303125.0031, -12922189.3864 8303149.2054, -12922341.9927 8303252.5354, -12922441.1378 8303247.1718, -12922607.9277 8303272.2556, -12922746.9638 8303356.8498, -12922884.9484 8303562.8281, -12923088.4898 8303687.51299999, -12923292.8209 8303605.0614, -12923543.8577 8303428.7001, -12923701.5578 8303388.7058, -12923862.4352 8303412.8723, -12924211.8752 8303624.4846, -12924424.0526 8303711.2704, -12924441.5527 8303579.4661, -12924523.6587 8303438.786, -12924653.6598 8303340.8264, -12924811.3515 8303300.8088, -12924972.2307 8303324.9511, -12925111.2944 8303409.5012, -12925335.3683 8303701.2507, -12925554.5274 8303875.2065, -12925823.7953 8303816.2371, -12926148.826 8303714.8254, -12926629.7066 8303792.6505, -12926905.7544 8303785.157, -12927119.4797 8303817.1667, -12927258.5769 8303901.6818, -12927354.2606 8304033.4847, -12927435.3422 8304312.5018, -12927510.962 8304458.1796, -12927627.0167 8304622.4797, -12927664.4219 8304781.0986, -12927637.7192 8304941.8777, -12927529.0904 8305122.7445, -12927460.7978 8305291.8464, -12927425.2427 8305452.1547, -12927415.0082 8305597.7998, -12927425.1085 8305743.4573, -12927460.5192 8305903.8079, -12927520.5372 8306056.6383, -12927603.6632 8306198.1893, -12927632.107 8306318.8849, -12927713.9474 8306370.0586, -12927809.6715 8306501.8993, -12927847.0902 8306660.5569, -12927820.3849 8306821.37740001, -12927681.9902 8307044.6643, -12927607.8324 8307211.3203, -12927538.7788 8307538.1485, -12927465.3161 8307656.6598, -12927497.6108 8307802.8958, -12927557.6452 8307955.7648, -12927642.6902 8308099.9802, -12927680.2 8308259.0395, -12927653.4858 8308419.89379999, -12927538.3124 8308603.2237, -12927389.4785 8308728.1159, -12927289.9808 8308834.8976, -12927189.5065 8308980.2143, -12927314.4735 8308971.5214, -12927716.6109 8308875.7552, -12927877.6203 8308899.8514, -12928032.1474 8308993.71859999, -12928203.825 8309233.5156, -12928253.5604 8309444.3436, -12928236.3108 8309566.2671, -12928423.07 8309583.81, -12928562.2907 8309668.3653, -12928658.0726 8309800.2532, -12928695.5265 8309958.9767, -12928611.4436 8310356.4781, -12928564.2326 8310730.5461, -12928681.5908 8310874.5734, -12928729.7921 8310838.2097, -12928887.6207 8310798.0639, -12929048.6756 8310822.1405, -12929187.9268 8310906.698, -12929283.7359 8311038.5996, -12929321.2096 8311197.3462, -12929287.7578 8311399.0468, -12929252.5694 8311500.1643, -12929155.4977 8311654.7555, -12929022.2432 8311748.5422, -12928863.1555 8311783.4463, -12928702.9644 8311754.0411, -12928551.5533 8311655.0838, -12928491.2707 8311572.0753, -12928462.3017 8311465.2126, -12928058.8708 8311626.19969999, -12927943.3757 8311647.5189, -12927998.0605 8311722.8309, -12928035.5102 8311881.5989, -12927977.1142 8312261.8798, -12927987.3513 8312498.8191, -12928057.5155 8312744.2797, -12928202.3892 8312999.9593, -12928229.2913 8313160.8874, -12928130.289 8313571.8754, -12928104.3893 8313738.748, -12928126.8521 8313739.71, -12928155.3507 8313697.5025, -12928336.4344 8313578.8418, -12928814.1457 8313447.0006, -12928975.2579 8313471.08690001, -12929006.8331 8313490.2609, -12929417.491 8313314.8902, -12929323.5111 8313253.4819, -12929232.0799 8313118.4401, -12929141.0764 8312701.5608, -12929069.8913 8312533.4627, -12928978.8233 8312390.5256, -12928931.4305 8312215.7455, -12928952.8036 8312054.0082, -12929034.9163 8311913.1175, -12929165.0054 8311814.9661, -12929374.6812 8311761.6182, -12929614.208 8311809.3849, -12929777.9768 8311819.4433, -12930278.5184 8311741.3326, -12930437.6589 8311775.9933, -12930571.062 8311869.5722, -12930657.9957 8312007.5287, -12930693.797 8312221.2568, -12930651.049 8312464.5546, -12930647.8642 8312647.1225, -12930721.5681 8312999.069, -12930913.0301 8312967.1315, -12931362.8078 8312984.084, -12931712.0008 8312939.9452, -12931807.8428 8312969.58649999, -12931845.3169 8313001.8826, -12931881.1283 8313090.4851, -12931820.1452 8313343.0232, -12931825.0362 8313453.5144, -12932043.1345 8313898.0866, -12932081.8984 8314264.7644, -12932136.153 8314429.8021, -12932198.2463 8314382.9124, -12932356.1313 8314342.6728, -12932517.274 8314366.6845, -12932656.6312 8314451.2162, -12932752.5481 8314583.1348, -12932811.9172 8314803.2149, -12932889.0229 8314968.7327, -12932964.7992 8315077.0722, -12933166.6684 8315040.467, -12933302.8974 8314988.0314, -12933430.5133 8314917.1123, -12933547.0314 8314829.0912, -12933717.5578 8314639.2286, -12933949.3929 8314247.9472, -12934079.4567 8314149.6789, -12934237.3264 8314109.4004, -12934398.4699 8314133.3703, -12934537.844 8314217.8637, -12934574.134 8314267.7486, -12934706.562 8314243.1536, -12934909.402 8314272.0069, -12935027.1735 8314343.393, -12935109.301 8314201.7807, -12935239.3491 8314103.4922, -12935397.2109 8314063.1893, -12935558.3572 8314087.1338, -12935697.7435 8314171.6047, -12935798.8444 8314325.1413, -12935867.8137 8314338.0118, -12936007.2082 8314422.4796, -12936103.1841 8314554.3538, -12936140.8221 8314713.1399, -12936118.9601 8314932.4389, -12936141.9767 8315150.2869, -12936148.539 8315168.54029999, -12936217.6227 8315210.3993, -12936313.6127 8315342.2846, -12936351.2593 8315501.0863, -12936312.0271 8315682.3669, -12936509.0391 8316038.8657, -12936536.1331 8316199.8285, -12936494.9296 8316376.2743, -12936437.5779 8316461.42099999, -12936289.6598 8316565.7467, -12936130.5044 8316600.8306, -12935970.1811 8316571.565, -12935833.6105 8316482.4998, -12935722.214 8316322.3923, -12935684.3568 8316508.1959, -12935744.2959 8316517.1001, -12935883.7303 8316601.5948, -12935979.7325 8316733.5091, -12936017.3792 8316892.34229999, -12935990.8164 8317053.41269999, -12935904.1885 8317191.6522, -12936049.1065 8317233.908, -12936182.6787 8317327.4533, -12936287.1156 8317492.905, -12936347.7987 8317638.0477, -12936433.7026 8317778.232, -12936553.4814 8317916.0432, -12936680.2739 8318020.574, -12936821.8328 8318103.9476, -12936974.6717 8318164.1093, -12937462.8137 8318257.7077, -12937596.4222 8318351.24, -12937683.5633 8318489.233, -12937710.6922 8318650.2443, -12937658.1413 8318902.4767, -12937654.5271 8319121.628, -12937691.2745 8319319.2089, -12937773.4362 8319522.3639, -12937884.3401 8319689.861, -12938077.4913 8319874.3103, -12938215.7028 8320064.10270001, -12938324.0351 8320492.5938, -12938392.3103 8320642.2593, -12938483.1208 8320779.3849, -12938580.9641 8320888.0076, -12938692.9495 8320981.9322, -12939085.3197 8321223.7545, -12939181.4392 8321355.7084, -12939219.1786 8321514.6236, -12939191.1431 8321685.0859, -12939096.7328 8321949.9688, -12939074.7771 8322204.669, -12939105.4875 8322421.7788, -12939185.1333 8322636.8503, -12939231.4971 8322832.0797, -12939204.9839 8322993.2903, -12939118.3275 8323131.7102, -12938984.9947 8323225.8225, -12938825.7094 8323260.9968, -12938500.8509 8323203.66, -12938300.1715 8323198.6047, -12938155.5134 8323219.1201, -12937796.2447 8323308.021, -12937641.3917 8323363.1167, -12937512.4527 8323431.9463, -12937118.0831 8323732.6691, -12936958.7774 8323767.8057, -12936917.5584 8323858.6104, -12937049.3016 8323918.6175, -12937299.9274 8323967.1908, -12937548.006 8323954.7281, -12937707.8304 8323989.3709, -12937841.5458 8324082.9703, -12937928.7597 8324221.0664, -12937973.8262 8324459.734, -12938036.4397 8324631.532, -12938107.412 8324759.4894, -12938234.314 8324936.2742, -12938301.6424 8325214.9628, -12938351.7672 8325352.4755, -12938561.1189 8325704.2836, -12938588.2942 8325865.4472, -12938534.2312 8326095.4746, -12938384.5742 8326213.7548, -12938262.5186 8326349.8259, -12938205.3384 8326443.5097, -12938272.0957 8326526.1645, -12938322.2373 8326737.41309999, -12938295.2543 8326901.3568, -12938227.742 8327044.5482, -12938181.2057 8327202.5105, -12938161.0074 8327347.5383, -12938161.1549 8327493.9732, -12938215.9621 8327762.4292, -12938281.6826 8327913.4139, -12938407.6268 8328118.2388, -12938434.808 8328279.456, -12938393.5844 8328456.1998, -12938336.1619 8328541.5002, -12937970.9523 8328806.0072, -12937758.5976 8329047.9898, -12937581.3202 8329173.0716, -12937421.9002 8329208.2446, -12937261.2983 8329178.9592, -12937208.9024 8329144.8034, -12937020.3216 8329267.7548, -12936970.4887 8329321.0438, -12937129.1712 8329552.8001, -12937166.9096 8329711.9016, -12937140.3276 8329873.25460001, -12937053.5527 8330011.77929999, -12936714.8235 8330252.36159999, -12936535.2036 8330431.6416, -12936343.4163 8330566.9135, -12936131.6022 8330613.6084, -12935811.2334 8330578.9363, -12935460.9021 8330401.5044, -12935154.2806 8330317.5144, -12935022.243 8330241.0098, -12934890.1771 8330187.402, -12934732.0879 8330084.27310001, -12934640.3483 8329948.99409999, -12934414.2734 8330049.4466, -12934392.302 8330132.4214, -12934377.1251 8330351.408, -12934467.4953 8330924.4, -12934550.7318 8331147.0564, -12934712.0666 8331411.0496, -12934757.5847 8331662.573, -12934817.1795 8331835.6333, -12934885.9233 8331964.9673, -12934990.9046 8332113.7142, -12935108.4123 8332547.8664, -12935175.6441 8332535.3741, -12935299.0597 8332541.926, -12935547.4386 8332684.40869999, -12935791.8983 8332759.0947, -12936041.9397 8332795.6157, -12936188.1449 8332800.622, -12936663.4582 8332723.8815, -12936832.4836 8332760.5382, -12937070.8104 8332862.1269, -12937396.3492 8332934.9894, -12937530.2232 8333028.7062, -12937617.5378 8333166.9719, -12937645.9073 8333335.3415, -12937632.9596 8333500.8369, -12937649.0635 8333683.2374, -12937787.2066 8334161.4053, -12937771.5832 8334256.292, -12937864.7508 8334185.8227, -12938023.0266 8334145.3517, -12938250.9392 8334177.1775, -12938468.2373 8334169.7753, -12938405.0442 8334076.6935, -12938372.5312 8333916.34, -12938404.4142 8333755.8639, -12938495.7349 8333620.2034, -12938632.2976 8333530.441, -12938792.8809 8333500.5228, -12938952.5286 8333535.0977, -12939086.4331 8333628.7937, -12939173.7838 8333767.0518, -12939201.0033 8333928.3884, -12939159.7672 8334105.2717, -12939102.3103 8334190.6431, -12939015.5989 8334251.8489, -12939108.1394 8334393.7464, -12939135.3598 8334555.097, -12939094.1189 8334731.9943, -12939036.6563 8334817.3726, -12938888.4098 8334922.0106, -12938603.1166 8335000.1731, -12938364.9409 8335135.4913, -12938215.5892 8335282.8148, -12938323.5867 8335368.8555, -12938437.7925 8335347.5831, -12938597.4786 8335382.174, -12938827.038 8335546.2373, -12938926.1348 8335527.8351, -12939140.8285 8335559.626, -12939280.6619 8335644.2707, -12939403.8677 8335813.3934, -12939471.3012 8335827.9919, -12939605.2539 8335921.7072, -12939720.9026 8336104.7251, -12939802.2664 8336271.9312, -12939886.3641 8336391.9229, -12940027.4995 8336535.4272, -12940247.5734 8336694.2447, -12940334.9823 8336832.5458, -12940362.2388 8336993.9447, -12940321.0141 8337170.907, -12940263.1746 8337256.8764, -12940091.8454 8337415.1858, -12939979.8894 8337570.5532, -12939851.3676 8337678.6486, -12939719.5709 8337854.3005, -12939610.6507 8338106.0701, -12939539.7621 8338494.6625, -12939452.9322 8338633.3768, -12939151.203 8338865.4999, -12939055.2754 8338976.2973, -12938953.1091 8339132.4261, -12938622.7194 8339367.2586, -12938489.0573 8339492.38279999, -12938360.2768 8339670.3321, -12938244.7844 8339948.5078, -12938157.4254 8340078.2746, -12937825.6218 8340314.0518, -12937636.6779 8340506.0446, -12937459.1253 8340631.3182, -12937299.4577 8340666.5444, -12937005.459 8340613.843, -12936859.3622 8340603.7349, -12936601.4449 8340635.6244, -12936354.6645 8340601.9772, -12936142.6099 8340616.3257, -12935731.4232 8340550.0966, -12935585.0036 8340552.7567, -12935439.2046 8340575.9936, -12935195.001 8340545.653, -12934975.7105 8340565.0856, -12934523.4145 8340495.4776, -12934308.6257 8340594.5037, -12934176.2657 8340692.7132, -12934060.8685 8340810.4546, -12933974.8417 8340929.1779, -12933906.1444 8341058.7403, -12933856.1145 8341196.6212, -12933786.6126 8341488.3225, -12933702.0502 8341592.7572, -12933825.3798 8341561.2957, -12933987.1213 8341585.3597, -12934127.0106 8341670.1706, -12934223.3101 8341802.552, -12934261.0501 8341961.9308, -12934234.3621 8342123.5404, -12934147.3901 8342262.2608, -12934013.6499 8342356.52839999, -12933853.9281 8342391.6885, -12933693.0531 8342362.2749, -12933540.9462 8342263.0162, -12933480.3556 8342179.7075, -12933432.6607 8342004.2553, -12933454.0172 8341841.855, -12933559.2542 8341683.0591, -12933420.8702 8341713.5133, -12933207.1945 8341674.4319, -12933056.3913 8341601.4219, -12932917.0808 8341556.12919999, -12932794.3674 8341541.0739, -12932644.3703 8341673.7258, -12932302.5849 8341919.2122, -12932138.9995 8342091.9655, -12932029.5723 8342264.5396, -12931963.9049 8342415.8998, -12931879.3751 8342796.18, -12932001.2947 8342594.9555, -12932131.8822 8342496.342, -12932230.4342 8342471.2237, -12932282.9352 8342254.8835, -12932365.3165 8342113.3797, -12932495.89 8342014.7667, -12932654.3631 8341974.3671, -12932816.1101 8341998.4581, -12932955.9939 8342083.29599999, -12933052.2779 8342215.7002, -12933089.9949 8342375.09399999, -12933046.1925 8342659.2355, -12933046.2529 8342842.5745, -12933073.5012 8343005.351, -12933134.6933 8343182.0792, -12933185.7867 8343397.9904, -12933159.0703 8343559.6275, -12933072.0613 8343698.3623, -12932938.2814 8343792.6288, -12932778.5233 8343827.7727, -12932493.4377 8343778.7104, -12932415.8654 8343778.7298, -12932384.2928 8343968.4358, -12932184.7296 8344297.9658, -12932124.3627 8344451.5731, -12932090.4371 8344600.4281, -12932003.3957 8344739.17, -12931869.5832 8344833.4305, -12931709.7976 8344868.5563, -12931548.8769 8344839.0863, -12931396.7471 8344739.7501, -12931226.2732 8344507.5767, -12931099.0934 8344375.6729, -12930803.3365 8344174.3217, -12930718.5288 8344330.7934, -12930654.3866 8344587.245, -12930567.3185 8344725.9698, -12930392.892 8344848.7882, -12930151.4766 8344909.2878, -12929982.9447 8344980.9332, -12929635.2952 8345215.7999, -12929475.4904 8345250.8791, -12929314.57 8345221.3588, -12929162.4623 8345121.9715, -12929101.8972 8345038.5946, -12929054.2873 8344863.0458, -12929090.415 8344574.3826, -12929087.2575 8344391.0276, -12929003.6266 8343954.1228, -12928947.0981 8343779.7176, -12928861.4241 8343619.1133, -12928694.3126 8343715.70489999, -12928543.5091 8343849.2803, -12928372.33 8344086.577, -12928240.3076 8344202.9962, -12927902.7435 8344408.2864, -12927517.2691 8344492.8908, -12927248.7248 8344472.5336, -12926979.1228 8344522.4548, -12926747.0636 8344630.7075, -12926369.0067 8344908.6928, -12926072.624 8344977.1289, -12925870.4486 8345062.9443, -12925649.9293 8345226.175, -12925540.6322 8345349.7553, -12925419.7404 8345535.0271, -12925285.8288 8345629.1787, -12925087.0824 8345679.8891, -12924920.3591 8345754.0355, -12924745.2602 8345792.3546, -12924531.5108 8345753.0005, -12924365.1006 8345671.6443, -12924225.7656 8345626.1625, -12924022.4045 8345600.96899999, -12923715.8469 8345689.4825, -12923555.6194 8345778.2522, -12923426.5212 8345880.9141, -12923292.9459 8346031.8534, -12923182.9513 8346222.257, -12923118.8621 8346413.4862, -12923054.5711 8346786.7243, -12922967.3341 8346925.4013, -12922833.3662 8347019.5263, -12922673.4894 8347054.467, -12922512.5561 8347024.791, -12922360.5019 8346925.2388, -12922299.9983 8346841.7854, -12922252.5378 8346666.1494, -12922274.153 8346503.67809999, -12922356.7734 8346362.204, -12922487.5562 8346263.7106, -12922896.1778 8346158.8847, -12923066.0259 8346090.3482, -12923264.483 8345959.0554, -12923439.2812 8345771.6557, -12923498.3369 8345673.41749999, -12923408.238 8345692.8997, -12923247.3311 8345663.2451, -12923110.3735 8345573.5964, -12923018.6521 8345437.89, -12922930.5289 8345058.3485, -12922871.0682 8344924.1925, -12922793.5495 8344799.6332, -12922673.5879 8344661.0992, -12922516.1638 8344535.38490001, -12922354.6173 8344449.1124, -12922165.3004 8344388.8377, -12922012.1666 8344288.5678, -12921951.6887 8344205.141, -12921910.4049 8344085.26919999, -12921674.9191 8344010.5841, -12921529.2267 8343995.065, -12921382.796 8344000.0053, -12921238.4758 8344025.3088, -12921099.0743 8344070.4833, -12920935.8576 8344153.5213, -12920789.5112 8344263.6869, -12920675.9108 8344383.2809, -12920532.8014 8344578.7148, -12920386.2697 8344642.7494, -12920341.7722 8344684.5814, -12920096.4382 8344738.1098, -12919898.6473 8344856.7709, -12919706.1808 8345052.3881, -12919456.1218 8345442.44870001, -12919402.0412 8345480.4074, -12919425.9175 8345559.0625, -12919518.624 8345738.11289999, -12919618.7724 8345869.2572, -12919738.1721 8345983.0935, -12920047.1476 8346179.8765, -12920145.7368 8346113.7045, -12920283.1329 8346074.0483, -12920441.6223 8346094.5418, -12920592.5526 8346181.4074, -12920701.1029 8346315.0456, -12920750.3937 8346518.7793, -12920777.474 8346771.851, -12920925.3208 8347201.5992, -12920884.8825 8347369.353, -12920800.7537 8347503.243, -12920684.3427 8347597.3193, -12920199.5836 8347680.0385, -12920017.7338 8347639.7418, -12919863.813 8347547.1327, -12919790.3198 8347428.7066, -12919569.2472 8347491.136, -12919384.4242 8347571.3056, -12919182.5617 8347720.7129, -12919212.8244 8347925.7133, -12919283.0736 8348114.809, -12919417.964 8348341.3743, -12919444.8075 8348503.103, -12919403.0182 8348680.2259, -12919345.2198 8348765.6125, -12919256.2725 8348828.0415, -12919270.0757 8348886.8632, -12919242.7872 8349050.05529999, -12919168.6707 8349203.9452, -12919117.904 8349380.26079999, -12919098.4721 8349562.7329, -12919110.9414 8349745.81099999, -12919065.1708 8349939.6544, -12919000.1439 8350089.1903, -12918961.9694 8350231.012, -12918943.0404 8350395.1354, -12918952.0478 8350576.1709, -12918909.9656 8350754.4838, -12918891.168 8350782.24979999, -12918969.6358 8351065.1224, -12918942.5812 8351226.8767, -12918855.215 8351365.5887, -12918718.556 8351461.4911, -12918531.4252 8351531.3984, -12918374.1976 8351625.6801, -12918235.6981 8351745.8775, -12918109.9818 8351903.6503, -12918031.0194 8352048.7431, -12917961.3678 8352275.6704, -12918031.8771 8352579.1169, -12918067.0394 8352830.367, -12918114.5629 8352969.3829, -12918183.6264 8353104.8298, -12918240.9381 8353508.8056, -12918321.8955 8353904.337, -12918273.891 8354107.6673, -12918191.1485 8354338.139, -12918163.7978 8354575.071, -12918187.9806 8354904.6473, -12918286.3757 8355337.2673, -12918252.9436 8355537.0397, -12918185.144 8355775.8946, -12918174.3576 8356014.2069, -12918202.7383 8356195.6649, -12918277.6353 8356402.7874, -12918329.8624 8356625.3551, -12918302.7742 8356787.2285, -12918186.6183 8356971.615, -12918030.2297 8357114.4835, -12917900.9539 8357273.6507, -12917722.6623 8357398.735, -12917562.5367 8357433.6148, -12917378.6076 8357399.5679, -12917142.2761 8357318.3732, -12916923.5797 8357294.9429, -12916686.8642 8357321.51259999, -12916565.7368 8357363.7417, -12916343.3455 8357518.304, -12916183.2108 8357553.1544, -12916022.0737 8357523.2956, -12915869.8895 8357423.46899999, -12915809.3724 8357339.8441, -12915761.9973 8357163.9171, -12915780.776 8356936.1047, -12915758.3481 8356735.3527, -12915705.0869 8356559.5863, -12915612.3354 8356380.2268, -12915461.2182 8356195.8322, -12915400.2788 8356147.9384, -12915288.2023 8356234.1425, -12915075.5177 8356280.3965, -12914914.413 8356250.5184, -12914762.2697 8356150.6856, -12914701.7756 8356067.0658, -12914633.3219 8355833.3566, -12914553.3026 8355668.1076, -12914507.4455 8355609.5113, -12914355.1881 8355644.7207, -12914185.0391 8355713.146, -12914014.743 8355821.288, -12913829.5788 8356006.9819, -12913684.8672 8356108.3886, -12913524.7497 8356143.1746, -12913363.6541 8356113.2631, -12913211.5342 8356013.4, -12913151.0589 8355929.7692, -12913041.8177 8355532.3678, -12912949.3627 8355332.5205, -12912817.4544 8355156.2981, -12912601.5223 8354977.6584, -12912541.0626 8354894.0343, -12912434.8171 8354444.4121, -12912322.728 8354195.7685, -12912273.4074 8354012.2702, -12912302.8059 8353684.6801, -12912284.5321 8353520.40779999, -12912222.2415 8353277.7128, -12912244.0961 8353115.125, -12912326.9823 8352973.636, -12912502.8148 8352841.588, -12912651.4786 8352767.8798, -12912786.029 8352672.23269999, -12912885.0374 8352573.5303, -12912678.8418 8352384.7365, -12912467.9687 8352274.1207, -12912198.7641 8352202.2958, -12912031.6641 8352092.5598, -12911636.7943 8351625.5392, -12911494.6817 8351509.6543, -12911334.6433 8351420.2478, -12911161.5404 8351360.0338, -12910962.3209 8351329.6703, -12910779.1746 8351335.5868, -12910654.407 8351360.0161, -12910494.0015 8351627.519, -12910410.7623 8351889.4796, -12910398.0422 8352164.1046, -12910463.8114 8352494.5242, -12910436.5655 8352656.2791, -12910326.1844 8352831.0848, -12910190.7786 8352998.3787, -12910090.4414 8353194.2962, -12910009.4963 8353496.8062, -12909989.6176 8353697.7396, -12910008.3794 8353898.7863, -12910065.0951 8354092.558, -12910157.6834 8354271.9328, -12910289.4767 8354437.2178, -12910122.7305 8354389.6399, -12909940.4714 8354369.9378, -12909775.7264 8354379.5668, -12909596.9914 8354420.3689, -12909428.0417 8354491.6375, -12909288.6039 8354580.0581, -12909164.6876 8354689.2394, -12909048.903 8354831.6177, -12908925.6773 8355077.3913, -12908811.6225 8355534.5232, -12908715.0789 8355791.1538, -12908689.0237 8355972.9572, -12908696.5463 8356169.507, -12908648.0358 8356373.79119999, -12908556.6512 8356641.3287, -12908538.3309 8356787.1964, -12908542.0203 8356951.0111, -12908510.9356 8357135.2665, -12908407.9315 8357298.2964, -12908268.8053 8357458.782, -12908144.0623 8357653.7804, -12907983.389 8357797.5393, -12907867.5331 8357939.9591, -12907763.6677 8358134.19, -12907697.0797 8358349.3886, -12907580.634 8358533.6475, -12907402.1366 8358658.5041, -12907192.8282 8358732.0732, -12907014.6022 8358826.6075, -12906801.7904 8358872.6393, -12906560.28 8358832.2712, -12906376.8529 8358831.6723, -12906178.3933 8358867.842, -12905990.4666 8358941.2754, -12905805.5637 8359060.6804, -12905649.4785 8359215.9845, -12905555.4858 8359351.9913, -12905474.1611 8359527.3209, -12905351.9799 8359720.5272, -12905217.5548 8359814.496, -12905057.3164 8359849.1157, -12904896.1734 8359819.00419999, -12904541.5143 8359587.4424, -12904488.3861 8359564.8459, -12904412.7399 8359581.182, -12904251.6053 8359551.0575, -12904114.6187 8359460.8873, -12904023.0721 8359324.6891, -12904009.7147 8359264.0399, -12903698.7883 8359047.9597, -12903580.4984 8358870.7745, -12903504.7885 8358723.7794, -12903418.9339 8358604.4919, -12903303.6346 8358486.094, -12903186.7206 8358397.1624, -12903041.9086 8358317.7028, -12902904.1509 8358266.8934, -12902434.8045 8358173.8625, -12902282.7891 8358073.7457, -12902170.8422 8357931.6696, -12902003.1 8357784.8847, -12901941.9017 8357699.9832, -12901902.6141 8357552.9912, -12901842.7051 8357717.4548, -12901766.1758 8357860.5686, -12901656.3415 8357975.5139, -12901517.9499 8358050.509, -12901281.3376 8358087.5373, -12900793.3292 8358040.72299999, -12900546.8742 8358051.89, -12900305.0953 8358103.19799999, -12900001.1202 8358223.6624, -12899798.1419 8358357.8124, -12899631.3269 8358535.4586, -12899542.5568 8358672.273, -12899314.8069 8359096.5181, -12899222.7975 8359220.0229, -12899166.8797 8359270.3966, -12899035.9726 8359341.845, -12898962.767 8359359.9763, -12898575.0679 8359346.60189999, -12898422.907 8359366.7459, -12898284.6164 8359429.2464, -12898225.8696 8359476.9646, -12898139.0224 8359598.9822, -12898114.3552 8359670.9966, -12898110.0329 8359824.0979, -12898156.7412 8359975.287, -12898402.807 8360391.718, -12898434.7191 8360543.3694, -12898405.5572 8360693.39779999, -12898369.8086 8360760.0162, -12898323.4336 8360820.6032, -12898200.6279 8360908.7447, -12898054.6942 8360956.803, -12897897.8223 8360974.6744, -12897737.852 8360973.0759, -12897497.407 8360927.9521, -12897029.9293 8360773.6377, -12896735.7919 8360644.6763, -12896466.1057 8360479.5796, -12896176.6435 8360245.0992, -12896052.549 8360185.9996, -12895919.9915 8360177.5894, -12895855.71 8360196.0355, -12895743.985 8360275.9182, -12895700.8389 8360333.6098, -12895647.0855 8360474.1397, -12895597.696 8360870.3816, -12895603.1562 8361110.7956, -12895650.6963 8361264.5011, -12895733.4598 8361402.5471, -12895849.092 8361517.3348, -12896191.1407 8361725.3812, -12896310.8062 8361815.9093, -12896403.479 8361929.4449, -12896449.3161 8362067.0649, -12896429.4856 8362212.2618, -12896249.3325 8362581.6979, -12896228.2664 8362665.393, -12896218.104 8362839.4893, -12896242.145 8363013.4638, -12896311.7283 8363268.6127, -12896536.7705 8363840.4722, -12896559.6372 8364097.4123, -12896532.5375 8364266.2525, -12896476.9583 8364427.74449999, -12896240.7276 8364883.2557, -12896143.7553 8365115.5034, -12896100.8447 8365360.2662, -12896121.8201 8365523.2949, -12896190.8555 8365671.2259, -12896245.0122 8365734.286, -12896384.2831 8365832.5388, -12896546.7444 8365900.57949999, -12896811.5254 8365963.4301, -12897531.6258 8366036.6139, -12897795.697 8366014.4294, -12897959.816 8365948.0375, -12898097.97 8365831.399, -12898197.1495 8365677.7275, -12898228.559 8365591.53850001, -12898259.0724 8365409.0515, -12898262.4048 8364831.49459999, -12898311.5973 8364438.0097, -12898392.1002 8364149.6529, -12898525.4273 8363882.8346, -12898645.0043 8363723.5902, -12898851.289 8363509.3659, -12899317.7657 8363140.476, -12899712.4831 8362719.902, -12899868.0227 8362607.9474, -12899955.3293 8362565.9698, -12900047.8964 8362534.6591, -12900240.7065 8362504.267, -12900437.7254 8362505.4079, -12900633.1076 8362527.0816, -12901016.2467 8362604.3562, -12901752.2067 8362856.9944, -12902133.7906 8362954.7631, -12902636.0392 8363012.9138, -12902939.6007 8363003.3875, -12903138.3489 8362976.7712, -12903524.6205 8362876.3039, -12903710.9781 8362800.5348, -12903886.5398 8362702.0698, -12904124.7039 8362518.0699, -12904871.97 8361862.0866, -12905110.7074 8361690.7335, -12905285.1646 8361594.5563, -12905471.8591 8361521.3362, -12905669.1445 8361476.6309, -12906270.4106 8361431.8204, -12906467.5416 8361401.1501, -12906659.1468 8361347.0451, -12906929.5875 8361214.8612, -12907518.7595 8360830.7687, -12907877.9841 8360658.3265, -12908253.1867 8360514.1655, -12909386.5548 8360183.61559999, -12909668.2501 8360128.2133, -12909951.6544 8360135.9622, -12910134.7548 8360184.3817, -12910574.3993 8360349.9212, -12910759.3484 8360392.7523, -12911044.3557 8360410.8291, -12911596.3224 8360403.0299, -12911855.1065 8360432.2587, -12912010.8264 8360488.6931, -12912136.9647 8360585.7913, -12912183.6544 8360649.7722, -12912237.8092 8360800.3964, -12912237.9223 8360962.2617, -12912192.6919 8361119.8074, -12912080.0367 8361340.3111, -12911945.3251 8361549.44389999, -12911794.2018 8361744.5831, -12911618.2504 8361916.8197, -12911485.0063 8362010.5308, -12911340.3335 8362085.1668, -12910948.3396 8362193.1673, -12910722.0991 8362293.5598, -12910587.1291 8362394.6136, -12910275.8537 8362673.1781, -12910070.6348 8362811.2285, -12909842.7621 8362898.4846, -12909122.5769 8363094.70570001, -12908813.5082 8363227.0316, -12908466.857 8363452.6391, -12908028.8523 8363773.9608, -12907868.7313 8363919.4417, -12907787.5693 8364030.9122, -12907759.4973 8364093.0695, -12907732.2814 8364225.3708, -12907750.4911 8364355.3645, -12907778.5147 8364414.267, -12907869.5405 8364508.7837, -12907929.3332 8364538.1515, -12908066.1411 8364560.7693, -12908139.3541 8364551.1331, -12908213.221 8364528.4595, -12908358.557 8364447.4909, -12908923.0468 8363966.9103, -12909219.9847 8363748.2136, -12909457.2245 8363612.2672, -12909938.8564 8363397.7361, -12910178.4718 8363333.3539, -12910338.1572 8363322.1211, -12910486.5313 8363338.479, -12910556.1882 8363355.789, -12910675.6242 8363428.0838, -12910720.1003 8363476.6339, -12910762.0445 8363593.9816, -12910734.2304 8363720.2771, -12910637.3505 8363825.7865, -12910501.0953 8363896.0126, -12910118.7406 8363992.0353, -12909901.2747 8364070.804, -12909773.4956 8364155.04029999, -12909665.702 8364266.2842, -12909579.6734 8364397.1885, -12909514.2271 8364542.5657, -12909364.6838 8365091.367, -12909279.6817 8365314.1164, -12909193.268 8365444.3648, -12909088.0775 8365558.49, -12908675.398 8365904.8209, -12908570.6435 8366017.2137, -12908463.5768 8366222.4309, -12908317.097 8366733.9719, -12908250.9598 8366863.7121, -12908161.7083 8366971.0823, -12908052.4865 8367043.3754, -12907992.5264 8367062.1283, -12907930.149 8367065.7774, -12907808.2703 8367022.52189999, -12907705.6973 8366914.9839, -12907502.6506 8366543.1038, -12907396.8877 8366408.3663, -12907201.1389 8366252.37259999, -12906969.4226 8366167.6965, -12906805.479 8366159.3268, -12906643.6081 8366181.8342, -12906336.5077 8366284.2098, -12906063.1163 8366455.3815, -12905950.0425 8366572.0454, -12905860.6528 8366709.1903, -12905777.5688 8366944.8112, -12905735.6944 8367286.7928, -12905780.6274 8367915.0499, -12905858.3127 8368353.5609, -12905966.9883 8368684.7304, -12906230.8172 8369311.9368, -12906482.2644 8370041.0281, -12906601.1337 8370264.1877, -12906877.3633 8370682.36370001, -12906952.7515 8370829.3674, -12907004.5949 8370982.1249, -12907018.3944 8371136.8679, -12906969.1227 8371366.3723, -12906864.4383 8371582.2453, -12906732.2994 8371783.9757, -12906478.8159 8372097.2085, -12906363.1373 8372206.5739, -12906235.9417 8372298.1926, -12906097.257 8372371.0341, -12905950.0439 8372418.8997, -12905797.5443 8372437.8403, -12905644.16 8372426.5662, -12905426.2249 8372348.8751, -12905246.6828 8372198.5572, -12905153.7685 8372065.6553, -12904965.8878 8371707.6037, -12904871.5258 8371582.6688, -12904762.5472 8371475.2628, -12904568.5462 8371360.1958, -12904426.1516 8371325.4048), (-12890958.5748 8330965.2252, -12891446.8312 8330954.76259999, -12891639.0484 8330820.3712, -12891799.7648 8330791.4868, -12891965.147 8330831.3297, -12892195.1704 8330684.9799, -12892405.7979 8330499.5987, -12892368.8542 8330475.1948, -12892270.9411 8330329.0162, -12892218.7697 8330190.3483, -12892138.52 8330046.5195, -12891880.8419 8329733.3407, -12891834.2129 8329557.9112, -12891856.4468 8329395.9013, -12891939.4593 8329255.0922, -12892101.8157 8329133.9094, -12892277.2115 8329035.7484, -12892502.2515 8328868.5004, -12892660.6635 8328829.0314, -12892821.9954 8328853.9575, -12892961.1742 8328939.40519999, -12893056.5729 8329072.0994, -12893093.3618 8329231.4179, -12893019.5377 8329702.5004, -12893024.9297 8329883.646, -12893307.1141 8329745.7825, -12893613.2455 8329655.5727, -12894066.6459 8329561.95269999, -12894288.5114 8329559.6936, -12894427.1239 8329594.8182, -12894608.8984 8329702.6716, -12895067.2895 8330130.6174, -12895188.5724 8330196.7891, -12895395.4913 8330246.8551, -12895542.4866 8330244.68069999, -12895692.8575 8330220.47, -12896059.2107 8330123.778, -12896411.5489 8330055.2178, -12896543.2977 8330019.6911, -12896658.8083 8329954.3791, -12896747.2618 8329853.43, -12896778.7898 8329792.1576, -12896812.6204 8329656.05749999, -12896814.0974 8329510.0649, -12896772.3547 8329069.9655, -12896794.5556 8328929.0051, -12896821.4608 8328864.0229, -12896908.529 8328751.7481, -12897029.5066 8328669.3031, -12897165.2482 8328617.534, -12897308.1845 8328592.4714, -12897456.3512 8328595.8085, -12897674.2002 8328658.4329, -12897885.0904 8328764.0053, -12898376.8378 8329053.7417, -12898606.9923 8329153.5686, -12899895.6546 8329512.2606, -12900211.0808 8329582.2505, -12900531.8428 8329607.38009999, -12900774.223 8329584.7032, -12901012.2284 8329532.1924, -12901902.2408 8329284.9198, -12902262.9567 8329242.6841, -12902479.5404 8329274.6198, -12902614.2174 8329329.6167, -12902731.2641 8329409.7782, -12903094.4754 8329718.9625, -12903257.7439 8329817.3621, -12903371.8929 8329859.4376, -12903537.6986 8329875.6176, -12903635.6848 8329850.7336, -12903678.3039 8329824.5056, -12903737.6713 8329741.2682, -12903756.2449 8329629.4981, -12903731.9451 8329506.449, -12903676.4424 8329387.8638, -12903377.7699 8328922.3255, -12903143.881 8328625.1716, -12902808.3106 8328281.1969, -12902791.9442 8328377.7435, -12902704.5426 8328515.8382, -12902570.648 8328609.362, -12902411.071 8328643.7761, -12902250.6175 8328613.7301, -12902099.2127 8328514.0045, -12902039.0882 8328430.5907, -12901977.6669 8328205.5875, -12901915.3296 8328053.1582, -12901829.9586 8327912.3759, -12901736.4245 8327799.823, -12901613.7004 8327690.1954, -12901409.6073 8327554.6825, -12901244.3751 8327476.6985, -12901073.9342 8327429.7016, -12900937.581 8327339.8589, -12900846.4918 8327204.2078, -12900814.8224 8327043.8346, -12900866.2946 8326774.6561, -12900656.9221 8326788.4291, -12900443.8468 8326748.4758, -12900292.5042 8326648.7378, -12900232.4152 8326565.3299, -12900134.2051 8326172.5594, -12899939.6078 8326048.4223, -12899870.3412 8325911.1714, -12899551.2354 8325997.7912, -12899405.0955 8326073.2127, -12899167.3831 8326237.2131, -12899007.8411 8326271.5424, -12898847.4526 8326241.4317, -12898696.1418 8326141.6677, -12898636.0749 8326058.25240001, -12898574.6635 8325875.7865, -12898487.4439 8325716.35239999, -12898440.1603 8325539.0955, -12898249.4687 8325619.8758, -12898222.0525 8325781.0019, -12898134.5959 8325918.9944, -12898000.69 8326012.4026, -12897841.1473 8326046.7057, -12897680.7683 8326016.5705, -12897529.4781 8325916.7857, -12897355.1297 8325701.5556, -12897131.336 8325527.4619, -12897097.3117 8325649.6787, -12897039.4345 8325734.6264, -12896945.3829 8325800.2131, -12896827.6575 8325989.58299999, -12896674.3402 8326096.4911, -12896539.423 8326155.8157, -12896400.3623 8326243.6547, -12896276.7276 8326352.2026, -12896161.1353 8326493.8356, -12896079.5084 8326636.7932, -12896022.8146 8326800.8424, -12896052.018 8326962.9205, -12896098.9614 8327101.5965, -12896172.8118 8327245.7525, -12896211.3129 8327412.1676, -12896183.8459 8327573.3253, -12896096.3301 8327711.3272, -12895962.3658 8327804.7212, -12895802.7752 8327838.9886, -12895642.3649 8327808.8018, -12895427.0306 8327694.6413, -12895197.6273 8327634.0358, -12894996.9938 8327624.29039999, -12894803.0698 8327651.5846, -12894642.6681 8327621.3769, -12894491.3858 8327521.5082, -12894464.8604 8327485.4843, -12894246.8407 8327617.35549999, -12894087.2457 8327651.585, -12893926.8463 8327621.3617, -12893731.0768 8327492.0971, -12893537.5599 8327308.7808, -12893348.4073 8327198.108, -12893104.5562 8327122.0702, -12892818.5859 8327114.3497, -12892606.5818 8327261.4314, -12892405.6488 8327341.8243, -12892237.5782 8327452.0056, -12892081.8709 8327606.3616, -12891826.9354 8327951.4803, -12891737.5363 8328111.0497, -12891681.8265 8328266.0353, -12891651.0045 8328427.8458, -12891645.831 8328592.4977, -12891666.4347 8328755.9369, -12891751.9583 8329127.8487, -12891711.2942 8329309.6474, -12891735.7086 8329348.9035, -12891761.8779 8329510.3214, -12891719.532 8329686.8365, -12891661.5614 8329771.7886, -12891512.7442 8329875.4046, -12891321.7765 8329916.28859999, -12891039.3262 8329945.5326, -12890900.0037 8329990.0509, -12890768.22 8330053.5572, -12890529.2746 8330219.6728, -12890487.0174 8330351.4231, -12890460.1916 8330540.9142, -12890394.9712 8330812.5674, -12890305.4958 8331074.4876, -12890267.6518 8331563.2569, -12890271.957 8331709.7166, -12890301.0542 8331871.9251, -12890375.3955 8332064.6505, -12890433.6473 8331859.2571, -12890507.5529 8331376.058, -12890566.1891 8331227.7202, -12890664.102 8331100.912, -12890727.9119 8331050.369, -12890799.9014 8331010.8041, -12890958.5748 8330965.2252), (-12926215.2285 8311879.7681, -12925544.3647 8311499.5001, -12925140.5644 8310723.22119999, -12924213.9654 8310229.7209, -12923592.3991 8310455.3212, -12922929.1616 8310524.9629, -12922311.3536 8310985.3053, -12922100.5843 8311243.2323, -12922552.4969 8311392.4612, -12922383.8963 8312090.7316, -12922615.8478 8312879.4007, -12923201.7755 8312850.2009, -12923564.3709 8312315.5693, -12924441.0797 8312144.4156, -12924853.6887 8312274.5969, -12925321.3399 8312188.4659, -12926652.2815 8313458.3768, -12926631.7483 8313399.9778, -12926681.1294 8312850.8639, -12926215.2285 8311879.7681)), ((-12911273.2185 8305993.8087, -12911213.1751 8305910.7213, -12911152.3616 8305684.2918, -12911155.9363 8305474.1493, -12911131.0721 8305293.4354, -12911082.1939 8305136.6889, -12910936.3533 8304872.3826, -12910876.329 8304648.857, -12910869.3681 8304493.5609, -12910841.9474 8304350.1828, -12910794.8753 8304212.0252, -12910722.4376 8304070.8699, -12910690.1535 8303908.5088, -12910722.5093 8303748.7975, -12910813.9704 8303614.0254, -12910950.319 8303525.1369, -12911394.5449 8303440.78, -12911627.0411 8303347.9163, -12911857.824 8303289.7824, -12912230.6827 8303328.7673, -12912284.6536 8303322.267, -12912399.3805 8303197.7757, -12912619.8892 8302845.3421, -12912762.9283 8302670.5961, -12912975.6733 8302309.7472, -12913102.9981 8302182.5678, -12913199.4492 8302047.5195, -12913329.7298 8301949.6619, -12913487.4546 8301909.8935, -12913648.2676 8301934.2781, -12913787.1774 8302019.0266, -12914020.8397 8302335.8367, -12914124.1654 8302309.7743, -12914284.9893 8302334.1465, -12914423.9134 8302418.8872, -12914550.6867 8302594.1541, -12914577.2035 8302742.11, -12914606.0989 8302776.5409, -12914796.7322 8302863.4606, -12915005.2173 8302917.1574, -12915189.7828 8303029.713, -12915418.8296 8303322.06669999, -12915504.9847 8303685.1617, -12915707.0015 8303705.0683, -12915944.149 8303675.255, -12916167.0534 8303724.2575, -12916358.2396 8303858.9225, -12916504.2503 8304036.8804, -12916553.6176 8304247.6417, -12916525.9837 8304412.49759999, -12916451.8157 8304578.5883, -12916410.4645 8304737.4806, -12916394.4348 8304900.9002, -12916403.3441 8305058.8081, -12916374.2078 8305232.6057, -12916287.3304 8305370.4282, -12916154.0244 8305463.9038, -12915995.0099 8305498.5008, -12915629.5539 8305442.4076, -12915579.523 8305516.2345, -12915431.5275 8305619.9892, -12915272.5062 8305654.5714, -12914876.0349 8305587.5987, -12914693.9444 8305590.3867, -12914519.9438 8305621.59969999, -12914359.9416 8305591.9069, -12914208.8472 8305492.7361, -12914083.2187 8305323.2675, -12913968.5823 8305205.8786, -12913757.8113 8305062.76, -12913623.7845 8305005.4028, -12913389.7594 8304956.46239999, -12913230.2516 8305068.2173, -12913041.8213 8305133.3379, -12912880.8286 8305218.5877, -12912750.5287 8305318.2388, -12912614.5903 8305450.25379999, -12912553.7889 8305632.0556, -12912428.8675 8305830.0032, -12912295.5044 8305923.4152, -12912136.4613 8305957.9314, -12911976.4609 8305928.18559999, -12911935.7095 8305901.42, -12911876.7083 8305994.8956, -12911743.3352 8306088.2997, -12911584.2859 8306122.80479999, -12911424.2842 8306093.0464, -12911273.2185 8305993.8087)), ((-12900021.9248 8313503.1502, -12899840.8629 8313200.5413, -12899809.2762 8313040.4653, -12899841.906 8312880.6042, -12899933.6781 8312745.7996, -12900070.3257 8312657.0017, -12900247.9098 8312631.8474, -12900310.7647 8312590.999, -12900471.0517 8312561.9989, -12900630.0718 8312597.3064, -12900763.1149 8312691.4358, -12900849.5044 8312829.7607, -12900875.8119 8312990.7872, -12900833.776 8313166.9604, -12900776.0383 8313251.7944, -12900627.6797 8313355.3617, -12900437.2022 8313386.4917, -12900387.219 8313421.3815, -12900021.9248 8313503.1502)), ((-12910738.3642 8354762.4721, -12910671.0202 8354686.5739, -12910873.9117 8354740.6234, -12911093.4475 8354752.7329, -12911257.1249 8354731.58519999, -12911612.7824 8354642.8474, -12911774.7402 8354667.441, -12911914.6245 8354752.8236, -12912010.6986 8354885.7302, -12912060.2852 8355097.9687, -12912054.3723 8355409.5624, -12912143.7652 8355891.8596, -12912101.7598 8356069.11860001, -12912043.8194 8356154.5336, -12911894.761 8356258.9323, -12911734.6317 8356293.6802, -12911573.5398 8356263.7289, -12911436.5258 8356173.7349, -12911343.7449 8356035.9951, -12911296.995 8355888.6217, -12911233.0089 8355756.3315, -12910983.1234 8355380.3691, -12910895.448 8355031.2426, -12910822.2027 8354883.0963, -12910738.3642 8354762.4721)))"
71,21186,1778,2023-10-15 06:33:14,HWF065, ,4762.7,2023-09-27,0730,0 - hand sketch of any type,Wildfire,Being Held,2023/07/08 13:30:00,E,1425.2,1686411000000,Lightning,5,020ee61f-ce03-4b8c-aa0f-092248e4a5d2,164982235.15625,142485.177798243,"MULTIPOLYGON (((-12783538.6724 7882109.6311, -12783368.302 7882085.21899999, -12783196.2888 7882090.8159, -12783044.3925 7882121.389, -12782897.8206 7882176.0165, -12782715.9578 7882212.178, -12782565.2683 7882181.4241, -12782491.9961 7882131.4365, -12782322.295 7882293.4539, -12782185.4964 7882385.7564, -12782034.6472 7882415.7367, -12781883.9565 7882384.9683, -12781742.8535 7882288.6855, -12781687.4883 7882209.1699, -12781646.0205 7882043.2493, -12781669.2247 7881890.936, -12781774.3578 7881715.3147, -12781724.5864 7881681.3522, -12781640.823 7881552.1464, -12781613.4118 7881400.5468, -12781646.6097 7881250.1169, -12781735.2546 7881124.2333, -12781994.5233 7880977.6529, -12782001.9347 7880737.2959, -12782049.6124 7880521.2006, -12782148.4382 7880380.7804, -12782258.5827 7880276.5485, -12782217.4736 7880217.5162, -12782176.0051 7880051.642, -12782199.1924 7879899.367, -12782279.3156 7879767.907, -12782403.9204 7879677.6898, -12782551.5413 7879643.2244, -12782593.2329 7879574.8131, -12782717.8306 7879484.5931, -12782867.5466 7879449.6319, -12783164.8535 7879497.5567, -12783158.6245 7879463.1464, -12783191.7833 7879312.7478, -12783280.3796 7879186.8781, -12783355.6357 7879139.6321, -12783426.6853 7878828.9947, -12783515.272 7878703.1304, -12783645.5233 7878621.35189999, -12783797.1986 7878596.3651, -12783946.7258 7878632.0528, -12784070.8694 7878722.8701, -12784150.3359 7878854.705, -12784172.773 7879007.0714, -12784082.6916 7879362.8853, -12784268.5373 7879286.26299999, -12784401.6392 7879184.41969999, -12784498.3676 7878949.5369, -12784429.1868 7878693.8435, -12784452.3247 7878541.5885, -12784532.3944 7878410.128, -12784656.95 7878319.8896, -12784716.6077 7878305.9427, -12784808.3315 7878239.4874, -12784822.396 7877925.2875, -12784539.1432 7877866.4946, -12784506.2782 7877842.1924, -12784360.2984 7877924.4452, -12783605.0349 7877616.3084, -12783538.1525 7878246.9139, -12783213.2952 7878352.0148, -12782859.7739 7878218.2499, -12782713.7084 7878197.0332, -12782759.1677 7878311.2095, -12782755.8832 7878491.5653, -12782784.4817 7878601.4478, -12782797.8992 7878876.0613, -12782788.2047 7878900.59, -12782710.3027 7878922.1603, -12782625.8414 7878894.5601, -12782558.6978 7878789.7286, -12782537.3023 7878660.7707, -12782501.6032 7878616.9442, -12782434.4128 7878582.4538, -12782303.0181 7878590.5283, -12782218.6686 7878642.5859, -12782129.4859 7878661.3102, -12782042.6078 7878632.9363, -12782003.2976 7878586.4911, -12781937.2736 7878565.3568, -12781839.0027 7878653.2531, -12781756.79 7878781.8368, -12781685.4568 7878805.7298, -12781557.9064 7878725.802, -12781539.7395 7878467.1422, -12781584.5269 7878182.0684, -12781586.8128 7878068.0505, -12781564.3166 7877843.7351, -12781604.7558 7877689.294, -12781689.0492 7877504.4075, -12781693.6492 7877454.5849, -12781671.7128 7877292.3833, -12781635.9482 7877240.1351, -12781664.9481 7877072.8579, -12781798.8155 7876816.75150001, -12781930.7329 7876504.5223, -12782000.5171 7876415.8246, -12782266.1711 7876149.4244, -12782340.9753 7876033.4802, -12782368.2582 7875946.9624, -12782335.4982 7875883.5991, -12782275.5765 7875833.5698, -12782166.6406 7875816.7398, -12782088.9254 7875764.6931, -12782044.362 7875685.0582, -12782042.5052 7875542.1332, -12782055.5215 7875507.8917, -12782111.235 7875456.4298, -12782237.9084 7875409.4127, -12782413.2137 7875383.0429, -12782509.9543 7875283.0695, -12782603.4476 7875119.9317, -12782633.8284 7875029.61509999, -12782645.1186 7874937.0736, -12782641.5262 7874794.4497, -12782625.7387 7874756.5415, -12782633.5859 7874671.8473, -12782433.1811 7874659.3681, -12782316.7623 7874720.6602, -12782246.6328 7874838.1931, -12782202.2279 7875010.03019999, -12782157.59 7875086.9967, -12782123.6542 7875116.8007, -12781865.2408 7875247.8812, -12781721.5479 7875378.0245, -12781608.7866 7875418.1619, -12781532.9373 7875394.2359, -12781468.7516 7875353.6985, -12781448.896 7875321.154, -12781177.8655 7875210.5528, -12781027.1553 7875240.4848, -12780876.6114 7875209.7255, -12780749.6343 7875123.0569, -12780646.2524 7874963.5437, -12780567.4199 7874768.5295, -12780538.4165 7874607.9942, -12780571.6059 7874457.7032, -12780886.759 7874004.4053, -12780708.664 7873985.536, -12780667.3665 7873928.8498, -12780634.7184 7873771.3063, -12780615.5625 7873736.76, -12780542.0739 7873643.6949, -12780475.0796 7873597.7063, -12780395.8527 7873577.264, -12780141.4514 7873625.0784, -12780103.5875 7873623.1047, -12780033.9152 7873590.5415, -12779963.8229 7873482.7316, -12779846.1348 7873116.1335, -12779716.1024 7872863.8911, -12779617.2625 7872728.6442, -12779608.6688 7872693.4242, -12779614.4445 7872622.8375, -12779719.6482 7872475.3712, -12779705.5773 7872351.6417, -12779721.3276 7872290.9861, -12779777.3864 7872247.83959999, -12779951.4505 7872184.064, -12779978.0523 7872151.4634, -12780016.0935 7872077.6823, -12780017.9783 7871961.7311, -12780038.4965 7871899.1661, -12780117.8074 7871836.4887, -12780132.8763 7871807.9145, -12780141.2554 7871777.3325, -12780126.5689 7871708.65779999, -12780021.2538 7871625.86249999, -12779761.1439 7872002.1752, -12779633.7292 7872088.0841, -12779483.075 7872117.973, -12779332.5995 7872087.1956, -12779191.7204 7871990.9956, -12779136.4571 7871911.5691, -12779038.9971 7871529.9503, -12778960.7549 7871348.6988, -12778924.4634 7871147.5799, -12778957.6697 7870997.3642, -12779188.8492 7870665.0252, -12779273.0993 7870485.3978, -12779327.1588 7870242.8024, -12779319.4855 7870002.1873, -12779271.9081 7869712.0992, -12779228.4192 7869563.3745, -12779153.5605 7869408.4216, -12779010.7876 7869198.90030001, -12778969.1764 7869032.155, -12778971.5151 7868810.9897, -12778929.2839 7868608.9278, -12778837.3644 7868405.2069, -12778642.6411 7868120.9922, -12778542.5386 7867604.3886, -12778491.369 7867458.1837, -12778422.1255 7867328.3259, -12778394.7872 7867176.7628, -12778434.2932 7866998.1068, -12778504.0193 7866814.9963, -12778530.6637 7866679.8742, -12778536.1872 7866490.71159999, -12778501.7006 7866264.7147, -12778510.6002 7866224.4657, -12778459.8927 7865969.5881, -12778471.4721 7865741.3837, -12778496.0586 7865633.7029, -12778558.938 7865503.1454, -12778626.7068 7865434.8839, -12778768.3839 7865377.5147, -12778950.4818 7865273.8695, -12778956.5374 7865148.173, -12778940.2366 7865061.2239, -12778883.9632 7864990.8648, -12778810.5027 7864931.7273, -12778682.4951 7864889.2049, -12778555.6164 7864903.761, -12778479.991 7864894.5722, -12778413.2485 7864835.8176, -12778364.6916 7864742.2977, -12778331.409 7864635.80349999, -12778224.3674 7864230.4157, -12778208.104 7864107.62, -12778282.1245 7864056.5222, -12778452.1576 7863977.5404, -12778491.281 7863945.1747, -12778542.5533 7863860.0198, -12778563.7434 7863751.4627, -12778548.0863 7863462.3151, -12778559.5071 7863246.23849999, -12778530.1996 7862998.3192, -12778552.7984 7862871.671, -12778580.6132 7862845.31, -12778648.7553 7862806.0379, -12778738.5818 7862813.4792, -12778825.012 7862850.2158, -12778915.4265 7862955.40829999, -12779007.0164 7863146.4169, -12779117.0252 7863207.3031, -12779298.9831 7863229.3322, -12779346.4671 7863247.4889, -12779479.6533 7863173.0046, -12779484.0387 7863109.7135, -12779389.4162 7862875.2829, -12779204.8831 7862607.7448, -12779188.032 7862539.518, -12779201.9813 7862478.6805, -12779220.5959 7862456.9834, -12779242.3925 7862436.7796, -12779304.2084 7862420.0143, -12779555.6612 7862398.4909, -12779615.8815 7862439.3671, -12779732.4218 7862614.5257, -12779873.9311 7862642.1099, -12779977.1565 7862629.8937, -12780073.5891 7862576.4617, -12780147.9269 7862500.2214, -12780355.1241 7862076.1518, -12780517.1051 7862030.1901, -12780861.4914 7862051.4952, -12780993.8661 7862080.8835, -12781113.7749 7862131.5336, -12781356.2794 7862294.4175, -12781423.9456 7862373.9896, -12781561.0788 7862628.5045, -12781652.0438 7862687.0249, -12781687.0058 7862688.3012, -12781750.2586 7862654.6303, -12781796.1561 7862581.645, -12781871.0349 7862395.4347, -12781927.9897 7862339.4691, -12781968.8675 7862322.1655, -12782303.2421 7862278.20799999, -12782537.1065 7862219.517, -12782743.0443 7862138.7137, -12782835.1007 7862120.9678, -12782927.5772 7862164.5166, -12783010.0418 7862241.422, -12783208.7391 7862521.7711, -12783281.6956 7862655.0036, -12783311.0035 7862789.6191, -12783310.5834 7862961.4688, -12783414.4249 7863169.8179, -12783428.8126 7863311.5802, -12783363.8898 7863461.1427, -12783274.1004 7863596.7277, -12783028.0875 7863810.782, -12782884.4694 7863990.0192, -12782819.052 7864155.7741, -12782789.5111 7864372.2673, -12782831.7978 7864537.0839, -12782994.1518 7864838.87479999, -12783043.5672 7865042.6288, -12783078.3707 7865127.3457, -12783168.5797 7865229.8773, -12783248.945 7865269.0838, -12783336.4202 7865285.2213, -12783428.5328 7865263.2121, -12783512.4998 7865210.7257, -12783738.2371 7865035.976, -12783801.6485 7864969.3254, -12783928.9378 7864753.3274, -12784067.8345 7864621.465, -12784091.0398 7864571.8141, -12784101.257 7864462.5, -12784184.1602 7864246.2126, -12784286.1075 7864095.1756, -12784408.5261 7863960.5283, -12784453.3972 7863926.8602, -12784554.7007 7863889.5538, -12784763.1762 7863896.24059999, -12784819.1699 7863910.8383, -12784905.2827 7863832.6741, -12784965.0085 7863828.8533, -12785143.0475 7863141.0334, -12785179.3065 7862933.9441, -12785182.6002 7862728.823, -12785146.0987 7862441.2077, -12785152.1355 7862274.7958, -12785178.6813 7862085.1723, -12785237.5207 7861998.675, -12785411.4074 7861985.14019999, -12785595.3622 7862034.8783, -12785762.6986 7862153.117, -12785858.6089 7862261.9378, -12786010.8951 7862487.3455, -12786106.9827 7862721.6164, -12786134.8907 7862900.107, -12786135.9358 7863133.3314, -12785846.4418 7863493.315, -12785807.6165 7863608.8586, -12785726.4676 7863969.8809, -12785739.8664 7864010.9653, -12785831.1581 7864134.5497, -12786074.8851 7864296.9903, -12786132.0635 7864362.4451, -12786149.7265 7864406.73619999, -12786162.1549 7864454.6665, -12786149.717 7864556.1988, -12786089.0303 7864703.7191, -12786069.3427 7864810.188, -12786130.5427 7865134.0681, -12786131.6342 7865342.0514, -12786101.4215 7865363.3224, -12786065.1903 7865365.0335, -12785934.262 7865343.0414, -12785723.5565 7865233.1863, -12785643.7043 7865214.695, -12785536.6441 7865245.3808, -12785504.957 7865316.1941, -12785505.2836 7865361.5071, -12785562.546 7865547.8861, -12785635.1503 7865674.5498, -12785747.2545 7865648.3258, -12785898.5574 7865673.951, -12786028.219 7865756.1744, -12786120.2386 7865901.44770001, -12786182.3653 7865967.9377, -12786289.2389 7866210.56, -12786394.06 7866314.0532, -12786437.2704 7866336.7517, -12786532.2288 7866357.6695, -12786592.5145 7866347.7144, -12786638.2908 7866361.1008, -12786760.187 7866490.5005, -12786830.9603 7866630.3702, -12786848.5206 7866678.0453, -12786852.4489 7866784.6637, -12786807.6337 7866870.4685, -12786697.298 7866965.4743, -12786480.4156 7867053.5139, -12786404.9675 7867102.3298, -12786359.751 7867186.4701, -12786309.5707 7867451.0167, -12786408.0095 7867671.3142, -12786690.6081 7868219.5229, -12786946.9874 7868970.875, -12786949.8892 7869041.5408, -12786945.877 7869070.0611, -12786919.5178 7869088.8053, -12786766.3172 7869151.9727, -12786632.8043 7869145.6203, -12786535.2052 7869110.6169, -12786504.274 7869051.8123, -12786502.8185 7868941.7034, -12786466.0275 7868878.1729, -12786440.1069 7868852.9814, -12786371.6383 7868827.5642, -12786281.8585 7868825.1224, -12786257.0014 7868795.0129, -12786215.1625 7868688.314, -12786216.9262 7868599.6646, -12786236.6233 7868542.4974, -12786146.7312 7868404.7036, -12785972.9285 7868313.4768, -12785915.7408 7868306.4907, -12785844.8367 7868228.7417, -12785675.8592 7867990.2998, -12785492.6747 7868124.9784, -12785342.1224 7868154.9688, -12785191.7017 7868124.3242, -12785081.0687 7868048.904, -12785317.9418 7868414.9133, -12785385.6549 7868602.2194, -12785391.7757 7868662.55, -12785368.7943 7868744.2484, -12785320.5079 7868831.1618, -12785183.5146 7868943.5023, -12785097.355 7869038.8471, -12785135.4709 7869119.0897, -12785170.7876 7869157.6559, -12785294.3447 7869249.536, -12785392.4474 7869290.7968, -12785616.6081 7869326.3484, -12785776.1161 7869383.2869, -12785910.7674 7869495.6007, -12786235.9887 7869669.7412, -12786349.0767 7869764.1391, -12786455.6051 7869943.3175, -12786501.4843 7869984.6777, -12786571.0444 7869998.6181, -12786714.8678 7869967.3915, -12786973.8786 7869966.9133, -12787057.6961 7870071.5444, -12787067.8945 7870201.9114, -12787033.0725 7870247.1929, -12787002.4864 7870251.3559, -12786842.9596 7870180.42679999, -12786790.7637 7870175.2816, -12786716.9206 7870200.4775, -12786714.0841 7870344.5792, -12786701.6089 7870378.5278, -12786862.134 7870566.4734, -12786871.8287 7870610.8791, -12786860.8746 7870747.3918, -12786820.1741 7870837.6572, -12786821.7416 7870931.4525, -12786881.6353 7871096.30789999, -12787061.3443 7871420.5181, -12787171.3999 7871538.0085, -12787457.2738 7871742.0301, -12787598.8697 7871950.4137, -12789055.8012 7873175.7949, -12789150.1453 7872564.711, -12789050.5386 7872225.1378, -12788950.789 7872116.2042, -12788761.8071 7871969.0136, -12788707.0368 7871888.7115, -12788689.4796 7871826.72999999, -12788692.0452 7871764.4231, -12788714.4523 7871709.9336, -12788761.2599 7871666.9635, -12788824.6766 7871639.3078, -12788895.4242 7871631.9218, -12789021.0051 7871679.19349999, -12789091.6191 7871690.5504, -12789167.2722 7871761.9717, -12789215.3626 7871910.7194, -12789256.0259 7871988.1153, -12789389.7719 7872117.43729999, -12789539.1655 7872199.8688, -12789715.3664 7872214.526, -12789902.0921 7872282.4489, -12790058.064 7872391.3458, -12790201.8967 7872547.9129, -12790289.3065 7872596.173, -12790345.468 7872584.5231, -12790417.6968 7872514.7544, -12790470.9471 7872496.70589999, -12790531.746 7872513.9457, -12790606.2701 7872564.4332, -12790675.6418 7872441.1938, -12790734.665 7872279.4495, -12790794.4036 7871926.204, -12790874.2934 7871794.7903, -12790998.665 7871704.5256, -12791148.1887 7871669.4358, -12791299.6304 7871694.9732, -12791429.4537 7871777.1689, -12791542.3704 7871932.4735, -12791663.7411 7872054.4064, -12791774.9256 7872135.5693, -12791902.9898 7872203.3603, -12791717.8351 7872368.6069, -12791575.4695 7872583.4913, -12791498.1342 7872822.9048, -12791667.9536 7872845.6767, -12791764.8717 7872809.0043, -12791790.5124 7872782.26959999, -12791805.3762 7872708.8564, -12791777.2253 7872380.3048, -12791797.9954 7872334.1674, -12791841.2805 7872307.2518, -12791899.2335 7872305.1218, -12792008.981 7872260.7583, -12792146.7207 7871925.2805, -12792481.0022 7871748.7063, -12792562.991 7871612.4189, -12792624.6761 7871593.8857, -12792662.3919 7871651.0917, -12792997.7078 7871656.3873, -12793008.1431 7871711.6171, -12793246.2814 7871711.889, -12793290.6263 7871679.684, -12793552.9539 7871617.6921, -12793648.0665 7871555.1767, -12793699.9544 7871463.1295, -12793690.8476 7871268.1119, -12793716.4976 7871150.539, -12793701.7739 7871035.6275, -12793649.4287 7870939.0668, -12793737.3052 7870684.7847, -12793763.0485 7870503.9633, -12793854.9651 7870466.5811, -12793998.0608 7870506.42319999, -12794075.8693 7870500.5389, -12794149.3299 7870466.1465, -12794236.3479 7870369.6799, -12794370.7005 7870294.5084, -12794448.0146 7870345.1095, -12794500.3504 7870442.8184, -12794539.6083 7870478.287, -12794617.6982 7870421.5543, -12794743.1563 7870365.7348, -12794820.7478 7870281.7582, -12794984.0349 7870173.1698, -12795101.7976 7870120.0843, -12795182.1163 7870105.87420001, -12795234.6962 7870146.5945, -12795316.9643 7870097.686, -12795468.4304 7870072.4927, -12795617.8443 7870107.9092, -12795741.9881 7870198.4328, -12795821.5684 7870329.9974, -12795924.5548 7870900.354, -12795885.0462 7871216.9915, -12795906.2693 7871439.6333, -12795976.9381 7871651.791, -12796099.2984 7871853.2536, -12796131.9442 7872003.6099, -12796104.0524 7872154.9283, -12796019.9545 7872283.6883, -12795892.7198 7872369.8747, -12795742.1247 7872400.0894, -12795573.6791 7872366.0143, -12795410.3955 7872299.2941, -12795242.3009 7872263.3456, -12795053.3518 7872258.2231, -12794866.8976 7872289.313, -12794720.9944 7872340.9292, -12794520.1701 7872458.9739, -12794496.8047 7872685.87789999, -12794505.1838 7872786.0952, -12794529.1729 7872885.0095, -12794641.8028 7873163.14679999, -12794744.7 7873169.3279, -12794841.5607 7873114.787, -12794873.7394 7873042.2077, -12794869.4064 7872837.8023, -12794886.0464 7872688.7188, -12794917.6945 7872619.5843, -12794965.5413 7872564.87399999, -12795029.1878 7872531.6247, -12795099.2854 7872524.3936, -12795203.1475 7872556.2051, -12795316.4689 7872645.6482, -12795414.724 7872781.5826, -12795491.0759 7872981.7184, -12795533.7204 7873054.5909, -12795576.634 7873085.9394, -12795708.562 7873117.511, -12795754.3871 7873143.8953, -12795812.9087 7873204.9224, -12795862.9978 7873305.2755, -12795880.0312 7873410.5563, -12795840.0706 7873515.5262, -12795795.7038 7873566.3546, -12795621.192 7873698.8707, -12795559.7444 7873777.9654, -12795529.589 7873856.8041, -12795539.2571 7873939.3397, -12795655.7871 7874288.8649, -12795649.9551 7874349.8489, -12795600.6358 7874481.3356, -12795567.4831 7874730.5477, -12795586.8594 7875236.0389, -12795571.6404 7875384.331, -12795547.2124 7875476.2945, -12795504.5236 7875556.2398, -12795417.8778 7875656.0577, -12795343.5988 7875706.4277, -12795086.8973 7875792.6664, -12794643.6351 7875895.4722, -12794370.675 7876010.835, -12794249.5531 7876019.08649999, -12794198.741 7876068.4233, -12794190.2184 7876128.6436, -12794203.661 7876247.8303, -12794246.6591 7876321.1782, -12794335.3691 7876364.0382, -12794618.8566 7876419.3476, -12794884.4433 7876433.158, -12794956.4485 7876451.9506, -12794993.2837 7876472.657, -12795022.2942 7876517.5719, -12795011.7971 7876669.81989999, -12794989.3807 7876718.8675, -12794961.3378 7876732.1563, -12794775.968 7876680.1648, -12794689.18 7876690.8883, -12794638.1405 7876716.3914, -12794584.3702 7876777.6115, -12794568.5115 7876850.4914, -12794659.5916 7877044.2085, -12794665.2705 7877094.9157, -12794642.2949 7877161.2007, -12794605.5215 7877187.3783, -12794429.4095 7877235.3552, -12794239.5243 7877393.7797, -12794049.1723 7877399.8361, -12793986.194 7877417.5745, -12793930.5854 7877452.7117, -12793870.8295 7877529.7268, -12793843.3274 7877620.0125, -12793859.608 7877712.2862, -12793916.7482 7877792.323, -12794061.3832 7877933.4552, -12794097.9692 7877990.8662, -12794122.7972 7878091.067, -12794113.5948 7878194.6411, -12794064.2271 7878321.9017, -12793778.7118 7878885.835, -12793732.8737 7878923.5682, -12793592.8225 7878984.1896, -12793409.0283 7879099.0604, -12793299.5869 7879210.7373, -12793269.2157 7879300.2187, -12793271.8588 7879360.8288, -12793362.2178 7879523.2353, -12793375.717 7879615.2471, -12793283.1957 7879885.2721, -12793220.7213 7879963.7575, -12793146.0571 7879990.9309, -12793039.0141 7879974.9336, -12792965.9851 7879934.3733, -12792852.1855 7879835.8969, -12792737.0468 7879800.9202, -12792646.3219 7879824.4329, -12792591.3678 7879861.4125, -12792432.83 7880038.6829, -12792379.3261 7880079.3614, -12792281.6016 7880094.5063, -12792194.0841 7880059.8016, -12792149.6152 7880014.4488, -12792107.6865 7879927.4058, -12792080.6127 7879582.5773, -12792030.3184 7879445.8236, -12791928.6379 7879336.1995, -12791751.3291 7879222.9128, -12791684.1042 7879154.0925, -12791642.4612 7879072.4906, -12791589.3589 7878882.9135, -12791530.2172 7878801.1713, -12791445.8802 7878746.6813, -12791273.956 7878684.2639, -12791222.1275 7878641.43639999, -12791209.8967 7878602.6171, -12791217.5305 7878560.5269, -12791372.45 7878452.3876, -12791411.0986 7878361.3831, -12791374.8261 7878260.3243, -12791261.4433 7878114.881, -12791198.7072 7877883.7387, -12791137.5987 7877773.5934, -12791066.3517 7877721.0181, -12790888.183 7877680.3968, -12790799.7311 7877678.552, -12790560.8108 7877723.3198, -12790373.5446 7877638.7533, -12790265.5892 7877616.4169, -12790088.1705 7877641.8544, -12789967.4521 7877717.7079, -12789900.1434 7877743.1563, -12789815.6148 7877720.6338, -12789792.427 7877686.8952, -12789786.5479 7877643.4724, -12789837.0995 7877458.4264, -12789804.053 7877380.8139, -12789757.0997 7877343.8731, -12789693.8805 7877322.8347, -12789377.5912 7877292.6499, -12789261.3161 7877246.0856, -12789157.6325 7877173.3897, -12789079.8012 7877073.3238, -12789032.9173 7876952.3877, -12788983.0131 7876650.8638, -12788958.4273 7876331.7243, -12788865.9913 7876339.6257, -12788605.8888 7876284.204, -12788416.4886 7875962.1574, -12788525.7828 7875685.1937, -12788743.9593 7875584.6722, -12788807.3758 7875523.5379, -12788875.4953 7875487.3484, -12788985.1843 7875456.9436, -12789358.1451 7875397.5008, -12789446.0775 7875427.4055, -12789505.6092 7875503.77530001, -12789698.1247 7875393.1777, -12789922.7879 7875820.6153, -12789822.1835 7876390.0928, -12789594.5792 7876462.3416, -12789445.9591 7876420.9143, -12789473.9492 7876584.3532, -12789542.8726 7876692.5353, -12789703.4106 7876848.827, -12789771.2266 7876868.5546, -12789893.811 7876813.8124, -12789977.0032 7876820.4382, -12790121.0041 7876937.9747, -12790293.7203 7876998.4763, -12790445.9442 7877129.107, -12790524.271 7877152.9375, -12790594.157 7877126.1797, -12790616.296 7877047.452, -12790592.723 7876982.6336, -12790468.9214 7876785.7475, -12790371.4637 7876453.0967, -12790370.9072 7876290.8841, -12790433.8588 7876189.4008, -12790546.044 7876145.0813, -12790712.9033 7876158.6132, -12790856.6572 7876220.7504, -12791035.2912 7876361.1408, -12791106.2936 7876389.504, -12791179.6704 7876398.7055, -12791318.8325 7876362.0585, -12791564.265 7876226.7573, -12791674.0089 7876145.3474, -12791712.8938 7876093.2238, -12791733.2853 7876033.9534, -12791729.8226 7875969.3329, -12791698.3537 7875903.5258, -12791611.7053 7875817.6509, -12791320.3119 7875637.6065, -12791190.1714 7875487.1449, -12791059.066 7875097.4128, -12790933.3601 7874837.1822, -12790917.2694 7874736.3306, -12790927.1758 7874596.6521, -12790904.3693 7874503.9323, -12790864.4953 7874458.3716, -12790806.355 7874426.8998, -12790543.4519 7874391.3766, -12790432.5855 7874352.3061, -12790368.5005 7874311.3745, -12790289.1113 7874228.9057, -12790086.9164 7874356.0285, -12789962.3968 7874405.7084, -12790006.636 7874683.0376, -12788870.9788 7875072.3887, -12788487.7721 7874896.83079999, -12787485.1097 7875327.9749, -12787328.6782 7876154.5422, -12787370.1929 7876144.8213, -12787521.7111 7876170.4495, -12787651.5701 7876252.7587, -12787739.5905 7876378.9609, -12787772.0897 7876529.4428, -12787744.014 7876680.8202, -12787659.7239 7876809.5632, -12787532.318 7876895.6597, -12787381.5996 7876925.7253, -12787101.6853 7876875.0009, -12786861.3299 7876882.9397, -12786630.0277 7876948.8956, -12786421.5154 7877068.9535, -12786259.1588 7877222.69389999, -12786135.4743 7877409.0887, -12786061.1502 7877601.8912, -12786000.7759 7877909.7488, -12785916.4422 7878038.4933, -12785803.3503 7878114.879, -12785834.0866 7878137.3529, -12785913.5777 7878269.159, -12785936.0486 7878421.5087, -12785896.6243 7878576.1315, -12785946.6607 7878584.6051, -12786076.5439 7878666.9677, -12786164.5661 7878793.2284, -12786197.0443 7878943.7649, -12786168.9282 7879095.1844, -12786084.5843 7879223.9507, -12785957.1199 7879310.0479, -12785722.3675 7879359.5399, -12785649.3181 7879471.0487, -12785364.4984 7879674.7081, -12785268.6267 7879773.74669999, -12785187.4426 7879885.19049999, -12785085.288 7880103.4324, -12785037.7698 7880357.1863, -12785043.3947 7880529.4938, -12785077.2618 7880706.72689999, -12785005.1019 7881140.2753, -12785010.7267 7881312.6007, -12785041.2762 7881464.769, -12785102.5936 7881625.8771, -12785190.9047 7881773.8715, -12785303.5274 7881904.2536, -12785451.1044 7882026.977, -12785568.0666 7882194.77849999, -12785600.5474 7882345.385, -12785572.4066 7882496.8701, -12785488.0145 7882625.6875, -12785360.486 7882711.8131, -12785209.6431 7882741.8582, -12784857.6016 7883123.2298, -12784815.3178 7883288.9684, -12784759.5568 7883368.2227, -12784617.9646 7883463.8259, -12784467.1039 7883493.8591, -12784316.3812 7883463.1349, -12784189.2262 7883376.4301, -12784105.402 7883247.2229, -12784077.9353 7883095.5983, -12784111.1036 7882945.0703, -12784106.8736 7882657.6731, -12783883.608 7882317.5952, -12783774.856 7882202.2263, -12783702.2257 7882163.3104, -12783538.6724 7882109.6311)), ((-12795348.1645 7876621.4703, -12795478.252 7876539.51, -12795679.6208 7876506.0114, -12795738.5917 7876519.988, -12795836.3199 7876591.2473, -12795937.0727 7876574.4824, -12796086.6171 7876609.92, -12796210.8732 7876700.5133, -12796290.5298 7876832.1851, -12796299.6469 7876893.4166, -12796333.0767 7876914.5515, -12796421.2496 7877040.6634, -12796453.9242 7877191.1211, -12796426.0196 7877342.5439, -12796341.8695 7877471.3954, -12796253.7546 7877531.0885, -12796266.9282 7877591.75599999, -12796239.0184 7877743.1861, -12796154.8607 7877872.0423, -12796077.4897 7877924.4542, -12796047.9939 7877969.6145, -12795920.6641 7878055.8658, -12795769.9556 7878086.1036, -12795619.2953 7878055.6271, -12795478.098 7877959.656, -12795422.6204 7877880.2867, -12795380.8756 7877714.5363, -12795399.7083 7877589.3931, -12795271.1566 7877561.4578, -12795149.9997 7877479.1508, -12795061.9557 7877341.6627, -12795038.8184 7877196.873, -12795068.3388 7877045.9987, -12795157.8354 7876917.2621, -12795232.93 7876870.2398, -12795259.7988 7876747.4392, -12795348.1645 7876621.4703)))"
72,21187,1780,2023-10-15 06:33:14,HWF083, ,15924.8,2023-09-27,0730,0 - hand sketch of any type,Wildfire,Being Held,2023/07/31 18:00:00,E,13700.0,1688135700000,Lightning,3,d711b446-fdb1-4d89-8ac6-664357ac6fa6,559210964.828125,183634.4218462,"POLYGON ((-12768965.5631 7906858.2709, -12768953.4801 7906809.5763, -12768864.0291 7906791.1503, -12768736.66 7906703.9168, -12768652.8426 7906574.1401, -12768638.3835 7906493.3804, -12768578.1827 7906410.2289, -12768536.8714 7906243.7068, -12768560.4153 7906090.9485, -12768641.0546 7905959.18079999, -12768717.8009 7905903.8273, -12768859.2424 7905715.4063, -12768984.4358 7905625.104, -12769134.733 7905590.29689999, -12769211.1712 7905603.4168, -12769348.9656 7905517.2681, -12769501.2279 7905492.4821, -12769651.2191 7905528.5816, -12769696.5704 7905561.8906, -12769820.7942 7905323.9244, -12769784.1687 7905293.8303, -12769706.4254 7905159.5292, -12769682.9774 7905000.6082, -12769703.4954 7904835.046, -12769817.8899 7904517.5265, -12769939.7954 7904321.6451, -12770063.3057 7904206.1407, -12770160.3169 7904146.1278, -12770318.7054 7904076.8004, -12770536.5957 7904012.3798, -12770724.6185 7903904.1609, -12770793.2177 7903820.178, -12770845.0964 7903662.4899, -12770837.0067 7903441.1838, -12770770.3854 7903102.8342, -12770788.4869 7902926.4984, -12770831.5854 7902808.66709999, -12770933.8313 7902644.5324, -12771213.332 7902287.7407, -12771378.5694 7902020.7844, -12771450.6677 7901855.8548, -12771486.2361 7901684.97689999, -12771515.9264 7901418.6001, -12771561.4602 7901325.0189, -12771637.8133 7901248.0201, -12771785.3595 7901168.3167, -12771839.4589 7901155.1915, -12772003.595 7901161.8239, -12772154.1832 7901217.5804, -12772291.2043 7901295.3207, -12772369.4515 7901363.0778, -12772485.0868 7901527.857, -12772703.3316 7901919.5761, -12772737.37 7902010.0578, -12772765.0355 7902151.7039, -12772777.3427 7902592.4836, -12772861.7669 7902863.2837, -12772953.9074 7902973.8094, -12773206.6648 7903133.2695, -12773291.7547 7903080.0091, -12773635.1122 7903022.0235, -12773859.4592 7902936.3038, -12774011.6546 7902911.4351, -12774161.6167 7902947.4327, -12774458.0693 7903186.859, -12774655.5374 7903492.7152, -12774688.6553 7903647.3576, -12774685.1577 7903716.0255, -12774730.2285 7903773.822, -12774815.959 7903959.1781, -12774838.1939 7904209.8335, -12774782.6389 7904401.1635, -12774617.4484 7904842.974, -12774442.8525 7905070.9396, -12774406.7986 7905260.0735, -12774787.9948 7905316.096, -12775201.0367 7905458.407, -12775434.1453 7905810.9301, -12776361.6067 7906764.1807, -12776489.0454 7906977.5233, -12776554.556 7907375.8664, -12776472.3993 7907709.56009999, -12776268.5984 7908066.7305, -12776249.5731 7909128.4365, -12776474.1442 7909659.612, -12776400.245 7910379.1784, -12776069.388 7910807.5156, -12775640.1482 7911449.3894, -12775417.8444 7911819.5836, -12775020.3104 7912351.4382, -12774967.0323 7912525.53819999, -12775476.3105 7913680.74, -12775730.7873 7913931.6917, -12775769.7548 7913755.7753, -12775858.8804 7913629.4215, -12775989.8178 7913547.3997, -12776142.2203 7913522.4535, -12776309.148 7913570.0139, -12776418.945 7913490.6144, -12776569.3648 7913455.6229, -12776721.595 7913481.5962, -12776858.4503 7913568.9187, -12776936.1289 7913556.4413, -12776960.0779 7913410.7193, -12777040.6489 7913278.7343, -12777165.8701 7913188.2057, -12777316.2805 7913153.2006, -12777372.9358 7913162.8616, -12777456.8344 7913149.1131, -12777607.0163 7913185.09089999, -12777724.8335 7913271.1445, -12777789.0075 7913296.003, -12778198.7308 7913368.9403, -12778329.1274 7913451.8156, -12778421.8147 7913585.0578, -12778464.2586 7913592.0106, -12778637.4799 7913702.0947, -12778725.7853 7913829.0269, -12778758.2648 7913980.2918, -12778745.8374 7914057.1551, -12779071.6304 7914275.6925, -12779159.9496 7914402.6291, -12779192.4403 7914553.9035, -12779164.0498 7914706.0083, -12778898.884 7915133.04, -12778838.0197 7915313.4728, -12778813.4416 7915484.9082, -12778818.9494 7915658.0193, -12778854.3777 7915827.5457, -12778926.5978 7916003.74319999, -12779038.6983 7916178.0128, -12779081.8644 7916379.0065, -12779069.3059 7916532.9432, -12779018.7025 7916804.028, -12778945.7073 7916993.9722, -12778913.7578 7917181.7697, -12778920.3676 7917389.4335, -12778978.8687 7917675.2497, -12778950.4622 7917827.4163, -12778865.5612 7917956.7593, -12778830.7005 7917980.2573, -12778806.6301 7918074.2891, -12778562.5856 7918367.9292, -12778796.6156 7918403.6667, -12778969.1621 7918392.1044, -12779181.9629 7918341.7948, -12779384.3194 7918376.2478, -12779514.8153 7918459.1575, -12779534.8594 7918487.9625, -12780311.5031 7918494.8744, -12780961.9458 7919639.2247, -12781068.5955 7921742.7966, -12781589.0242 7922576.0898, -12782100.0754 7924207.3949, -12782151.4503 7925176.9816, -12782215.0856 7925536.635, -12782317.2567 7925736.0803, -12782656.9127 7926135.0653, -12782888.5658 7926597.8266, -12783165.0994 7927511.9357, -12783497.9438 7928348.52929999, -12783545.3623 7928988.1233, -12783063.3482 7929671.0543, -12782688.413 7929658.1859, -12782356.3524 7929507.5338, -12781599.7173 7929032.3309, -12781465.8834 7928790.9158, -12781286.7098 7928520.0651, -12780773.0459 7926549.2725, -12780690.208 7926129.3216, -12780428.0623 7925343.3849, -12780221.6487 7925002.4402, -12779957.4967 7924750.8653, -12779619.9496 7924715.9272, -12779470.6772 7924807.7506, -12779373.2368 7925301.0812, -12779447.2851 7925759.685, -12779477.7685 7926086.9521, -12779412.6776 7927062.2013, -12779200.5817 7927651.9337, -12779001.5766 7927897.6764, -12778679.3693 7928368.8315, -12778045.1528 7929499.7201, -12778039.7066 7929587.9902, -12778151.1089 7929562.0507, -12778303.6688 7929588.0477, -12778463.3538 7929674.3351, -12778644.8209 7929732.2764, -12778833.9901 7929754.457, -12779013.0125 7929741.8833, -12779163.5514 7929777.9137, -12779288.4792 7929869.4253, -12779368.4001 7930002.2029, -12779390.8913 7930155.6142, -12779348.222 7930322.352, -12779112.1305 7930678.8772, -12779049.5696 7930840.7087, -12779018.0209 7930993.71019999, -12779015.3791 7931219.1175, -12779081.4988 7931629.4668, -12779038.5021 7931829.1554, -12779031.9343 7932002.6035, -12779089.3325 7932426.0848, -12779042.7632 7932631.5595, -12779033.1742 7932804.8843, -12779057.4755 7932994.2293, -12779117.3925 7933175.4535, -12779182.1319 7933298.3305, -12779391.9086 7933618.0488, -12779417.7035 7933820.5245, -12779507.6181 7934182.7208, -12779535.8262 7934375.1015, -12779484.7912 7934574.54379999, -12779403.9246 7934806.4552, -12779382.2588 7935052.492, -12779346.4931 7935244.1305, -12779261.4022 7935373.7755, -12779132.9089 7935460.3946, -12778980.9843 7935490.5225, -12778829.2447 7935459.4754, -12778643.6528 7935332.7255, -12778468.0598 7935180.3669, -12778239.9331 7935064.9709, -12778067.8609 7934947.4348, -12778007.7776 7934846.3928, -12777736.0486 7934779.644, -12777608.1042 7934692.2378, -12777523.8233 7934562.0796, -12777450.8644 7934175.1909, -12777369.0486 7933965.1059, -12777242.1669 7933778.8479, -12777038.5566 7933599.2223, -12776982.8648 7933519.132, -12776941.2201 7933352.0596, -12776964.679 7933198.7281, -12777161.9271 7932856.8351, -12777172.2371 7932766.8747, -12777238.5781 7932617.028, -12777278.1199 7932465.8674, -12777288.226 7932377.3446, -12777247.849 7932348.4729, -12777163.267 7932226.8424, -12777121.6252 7932059.7992, -12776957.2921 7932294.6193, -12776937.8981 7932404.9397, -12776945.5026 7932867.4727, -12776891.6741 7933060.3464, -12776654.5158 7933538.9847, -12776391.8941 7933841.3035, -12775984.1056 7934173.6988, -12775446.7417 7934503.8825, -12775202.4549 7934505.5041, -12774903.2569 7934382.787, -12774350.4973 7934051.2938, -12773531.7011 7933945.3513, -12772422.2724 7933002.0927, -12772111.4113 7932575.9195, -12771829.6151 7932411.2666, -12771566.3029 7932472.609, -12771383.0855 7932771.73, -12770994.8073 7933605.2794, -12770215.5173 7933369.2891, -12769812.5899 7933357.6152, -12769474.6229 7933420.5165, -12769075.3627 7933639.3999, -12768844.0736 7933977.3346, -12768478.1236 7934567.1615, -12768216.5191 7935201.2523, -12768188.0325 7936263.192, -12767907.8878 7936357.0851, -12767598.1927 7935764.6546, -12767408.7611 7935150.4861, -12767074.881 7934844.3543, -12766522.5973 7934681.2999, -12766058.6473 7934717.17849999, -12765194.8586 7934919.5494, -12764768.791 7935068.986, -12764489.1411 7935205.7318, -12764248.969 7935486.1656, -12764172.6812 7935722.4675, -12763956.5731 7936139.9902, -12763633.8244 7936467.3842, -12763524.2262 7936678.5437, -12763403.9069 7937262.7246, -12763119.3489 7937534.7464, -12762614.6424 7937910.6614, -12762526.2806 7938134.3934, -12762374.2557 7938446.7369, -12762129.5395 7938820.1012, -12762012.2093 7938962.8493, -12761893.3148 7938986.1459, -12761825.7417 7938972.1601, -12761811.7983 7939005.48179999, -12761550.9062 7938988.4198, -12761461.2009 7938332.6815, -12761484.7609 7937803.6736, -12761397.0523 7937359.1119, -12760570.6517 7936585.8653, -12760103.5478 7936454.1974, -12759828.8149 7936335.0254, -12759413.6459 7936087.8326, -12758943.0338 7935862.8286, -12758483.0587 7935860.0145, -12758196.8022 7935947.3358, -12758037.2474 7936036.7011, -12757696.5559 7936299.0955, -12757529.4526 7936375.5061, -12757067.3967 7936467.7963, -12756533.7464 7936624.5675, -12755494.6899 7937001.796, -12755040.0799 7937267.8106, -12754685.3083 7937498.3811, -12754467.306 7937537.8593, -12754170.7579 7937326.5618, -12754153.6269 7936791.9338, -12754338.5518 7936084.9481, -12754138.9777 7934596.8332, -12753533.649 7933442.3221, -12753115.634 7932916.0237, -12752641.271 7932574.7976, -12752347.4941 7932338.3401, -12751756.0122 7932166.6912, -12751284.3179 7932366.8115, -12751134.5135 7932517.8711, -12751083.3721 7932720.77, -12751156.8233 7932972.0854, -12751215.9425 7933060.1884, -12751414.3597 7933230.9463, -12751608.3728 7933329.254, -12751985.8271 7933427.8784, -12752223.9838 7933564.2001, -12752370.821 7933724.4694, -12752532.4845 7934179.9397, -12752554.6262 7934376.1601, -12752504.6511 7934546.4834, -12752250.8375 7934618.8352, -12751805.7729 7934533.2736, -12751097.4893 7934469.5565, -12750389.3646 7934437.5974, -12750082.8512 7934533.9748, -12748949.6107 7935328.2433, -12748565.9794 7935276.83649999, -12748385.0758 7935118.9011, -12748431.9067 7934608.518, -12748747.6571 7934141.9777, -12749001.48 7933892.9108, -12749227.74 7933614, -12749483.2702 7932817.888, -12749397.8291 7932418.2247, -12749084.1686 7931608.15779999, -12749085.5308 7931114.9575, -12749122.6017 7930876.9425, -12750007.0208 7929961.8733, -12750178.6214 7929873.9379, -12750543.2835 7929742.8338, -12750972.0381 7929619.3093, -12751204.2232 7929521.41790001, -12751457.2435 7929324.4829, -12751907.0855 7928845.5079, -12752074.6647 7928636.7574, -12752205.7703 7928398.6278, -12752371.278 7927883.5499, -12752429.2963 7927625.28419999, -12752470.7058 7927306.1296, -12752405.7736 7926880.79469999, -12752174.7177 7926582.2053, -12751840.5297 7926378.7797, -12751595.8696 7926292.5761, -12751406.7644 7926249.0675, -12751093.5891 7926263.401, -12750924.5636 7926340.7784, -12750403.4446 7926294.3624, -12750429.9156 7925898.2056, -12750511.2979 7925290.1025, -12750715.2294 7924716.5401, -12751117.2423 7924143.9051, -12751536.4891 7923671.4824, -12751879.224 7923714.4072, -12752305.3755 7924029.8473, -12752824.9083 7924338.4638, -12753374.3274 7924837.93559999, -12754181.7217 7925218.5143, -12754859.4003 7925432.6069, -12755182.3356 7925266.228, -12755231.3311 7925164.4535, -12755247.8464 7924637.3498, -12755197.8712 7924126.5381, -12755058.6666 7923877.9246, -12754666.311 7923461.0984, -12754458.5817 7923109.8849, -12754416.1551 7922998.8535, -12754336.835 7922520.7177, -12754315.0478 7922278.6507, -12754330.0329 7921979.132, -12754587.7559 7921674.5059, -12755185.8626 7921535.3365, -12755419.6244 7921446.2218, -12756087.9166 7920956.64329999, -12756333.827 7920894.1785, -12756590.6729 7920939.0388, -12756890.0389 7921070.5147, -12757231.5795 7921262.938, -12757826.2805 7921487.6289, -12758894.0942 7921560.5643, -12759113.9999 7921497.8494, -12759480.099 7921357.4231, -12759703.681 7921320.1206, -12760104.4809 7921285.1198, -12760214.7698 7921259.0441, -12760428.0227 7921158.3125, -12760942.0783 7920752.521, -12761044.4547 7920700.2773, -12761211.2968 7920648.2965, -12761268.662 7920639.232, -12761955.6528 7920663.9931, -12762126.3578 7920698.7813, -12762226.7374 7920750.85, -12762313.6435 7920824.8368, -12762439.2813 7921015.355, -12762495.8439 7921174.5877, -12762596.97 7921606.9247, -12762740.2986 7921884.639, -12762818.3126 7921944.478, -12763012.4004 7921993.8776, -12763174.4651 7921984.7415, -12763329.0841 7921932.8217, -12763422.8576 7921875.6343, -12763637.1649 7921696.7766, -12763732.2353 7921635.0582, -12764348.3595 7921366.5235, -12764436.2546 7921308.2203, -12764539.4707 7921194.9666, -12764578.8276 7921100.1859, -12764594.1952 7920994.4865, -12764561.8643 7920665.3405, -12764564.1225 7920500.9916, -12764583.7356 7920396.9018, -12764658.1945 7920258.8058, -12764735.7979 7920187.3002, -12765225.4072 7919927.0935, -12765278.747 7919866.0198, -12765228.7966 7919831.7749, -12765173.3314 7919751.7433, -12765132.023 7919584.9095, -12765156.0931 7919429.2082, -12765235.3281 7919243.2944, -12765280.3735 7919022.7854, -12765361.2085 7918890.8284, -12765486.6622 7918800.4279, -12765637.238 7918765.6308, -12765789.537 7918791.8437, -12765919.8907 7918874.9934, -12766055.8323 7919071.1021, -12766009.7716 7919315.5172, -12766436.3257 7919368.115, -12766643.8331 7919416.4425, -12766665.1979 7919401.04209999, -12766788.7553 7919428.49809999, -12767018.561 7919514.6321, -12767308.0083 7919544.2185, -12767505.5858 7919434.0005, -12767596.6906 7919288.9851, -12767620.4091 7919171.1606, -12767590.1843 7918740.2774, -12767383.167 7918695.2707, -12767241.5715 7918598.2528, -12767186.094 7918518.2491, -12767144.7479 7918351.4534, -12767168.3582 7918198.4555, -12767249.1514 7918066.4925, -12767483.3908 7917890.9024, -12767632.974 7917723.0446, -12767741.0298 7917525.7786, -12767804.8456 7917304.1792, -12767894.1459 7917177.8613, -12768120.1046 7917030.6728, -12768280.9786 7916873.6823, -12768402.4753 7916684.4593, -12768454.8783 7916556.144, -12768489.4012 7916419.1176, -12768570.5343 7916286.547, -12768695.9066 7916196.1237, -12768846.4158 7916161.2742, -12768963.9741 7916185.8324, -12768919.6492 7915969.1346, -12768858.2165 7915825.87439999, -12768775.1749 7915694.008, -12768672.5699 7915576.7814, -12768343.7002 7915323.1685, -12768249.7506 7915174.4328, -12768123.5493 7915150.0224, -12767996.048 7915062.68, -12767912.1508 7914932.7518, -12767884.8959 7914780.4345, -12767918.5157 7914629.4032, -12768018.5219 7914487.9366, -12768154.7807 7914350.0144, -12768191.233 7914180.5202, -12768245.2111 7914062.4082, -12768368.7471 7913882.3403, -12768388.0898 7913718.6856, -12768376.5694 7913563.2369, -12768340.9212 7913411.5107, -12768282.0242 7913267.2422, -12768201.3295 7913133.9828, -12768037.3223 7912956.1865, -12767624.7554 7912679.37399999, -12767569.317 7912599.4354, -12767527.9944 7912432.77179999, -12767551.5782 7912279.8921, -12767632.3013 7912148.0278, -12767757.616 7912057.6694, -12767897.8988 7912025.206, -12768006.6494 7911871.3703, -12768050.9825 7911849.446, -12768253.4137 7911816.529, -12768452.8133 7911864.5545, -12768721.3488 7912082.3425, -12768746.6376 7912066.5346, -12768899.0339 7912041.7398, -12768941.1593 7912051.8824, -12768950.6674 7911874.7635, -12769074.9336 7910944.5647, -12769079.095 7910753.3571, -12769010.4584 7910226.1761, -12769023.6705 7910054.6541, -12769054.2193 7909944.2606, -12769131.2722 7909787.7374, -12769199.8249 7909693.0562, -12769335.9877 7909582.2832, -12769501.5794 7909518.305, -12769858.9355 7909461.1332, -12770464.1522 7909173.7246, -12770748.7756 7908891.7347, -12770949.0776 7908730.3675, -12771175.636 7908614.9179, -12771421.3507 7908561.2033, -12771718.4583 7908518.9061, -12771862.6083 7908437.3353, -12771952.5281 7908294.383, -12771973.1025 7908179.9269, -12771949.561 7907991.6019, -12771862.5711 7907609.6645, -12771804.758 7907223.4841, -12771727.9758 7906207.1069, -12771720.166 7905833.9397, -12771689.4959 7905653.4186, -12771644.1581 7905543.4821, -12771533.7854 7905406.7405, -12771385.5115 7905308.0541, -12771221.3005 7905249.4646, -12771051.6126 7905227.8188, -12770883.8933 7905243.72779999, -12770405.4061 7905408.3124, -12770202.0156 7905461.1663, -12770046.6503 7905447.099, -12769902.2765 7905390.8749, -12769854.8314 7905351.8913, -12769715.5466 7905575.828, -12769775.6318 7905619.95759999, -12769855.1303 7905752.4113, -12769877.3576 7905905.3607, -12769834.6166 7906071.512, -12769778.5299 7906150.8927, -12769583.7922 7906281.8139, -12769671.5955 7906505.6542, -12769706.5036 7906669.1838, -12769677.9523 7906821.0945, -12769593.0167 7906950.1456, -12769464.8963 7907036.2766, -12769313.5045 7907066.0981, -12769162.3746 7907034.9739, -12769020.9741 7906938.1386, -12768965.5631 7906858.2709))"
73,21188,1782,2023-10-15 06:33:14,HWF112, ,85289.8,2023-09-27,0730,0 - hand sketch of any type,Wildfire,Being Held,2023/08/27 17:00:00,E,57412.0,1688500620000,Lightning,5,81c12d29-4bb0-4cec-a9a5-573b2fa0098b,3221331202.17969,647387.835048613,"POLYGON ((-12761627.1364 8177948.7598, -12761538.9244 8178082.4386, -12761456.9364 8178137.4136, -12761435.6769 8178231.8235, -12761274.6863 8178497.3911, -12761368.6801 8178583.091, -12761450.9595 8178720.5292, -12761473.8218 8178879.1487, -12761429.2936 8179051.3772, -12761371.0321 8179133.6174, -12761223.4386 8179232.5764, -12761066.4207 8179263.3113, -12760909.3844 8179230.7834, -12760780.6565 8179157.9617, -12760647.1576 8179105.7768, -12760190.3583 8179006.0491, -12760057.65 8178930.5382, -12759924.1603 8178878.342, -12759707.7213 8178831.3017, -12759496.7306 8178876.4915, -12759340.0726 8178844.0074, -12759193.5967 8178743.4124, -12759120.7893 8178638.1744, -12758750.0556 8178556.5958, -12758603.5937 8178455.9933, -12758546.2623 8178373.1109, -12758503.6698 8178200.4082, -12758528.3051 8178042.0703, -12758612.1112 8177905.5781, -12758725.4328 8177824.0975, -12758684.0687 8177675.6678, -12758402.7936 8177570.479, -12758256.3558 8177469.883, -12758169.6573 8177335.23, -12758134.4321 8177099.799, -12758014.5676 8177054.0986, -12757856.8597 8177020.9854, -12757695.9232 8177012.9918, -12757535.7193 8177030.314, -12757380.1913 8177072.5261, -12757273.5659 8177120.4373, -12757118.3519 8177241.7128, -12756844.3121 8177360.0906, -12756727.8988 8177443.7495, -12756624.2378 8177542.8246, -12756488.0727 8177731.6274, -12756397.7871 8177946.2809, -12756343.3635 8178196.14639999, -12756345.3449 8178292.0939, -12756504.1937 8178409.198, -12756536.603 8178463.4151, -12756566.8322 8178674.1294, -12756522.192 8178846.3235, -12756463.878 8178928.5228, -12756272.5496 8179056.6215, -12756182.7507 8179087.3952, -12756190.0549 8179287.2131, -12756270.2724 8179686.7257, -12756230.5519 8179895.889, -12756134.6542 8180084.6293, -12756079.6988 8180246.19430001, -12755948.1896 8180445.1628, -12755926.2363 8180571.791, -12755941.056 8180815.9288, -12755901.0926 8181026.3199, -12755846.7679 8181108.3193, -12755668.4145 8181290.5338, -12755568.2235 8181455.2559, -12755620.7763 8181729.2948, -12755701.4628 8181846.0388, -12755765.4547 8182030.0266, -12755854.0538 8182185.9744, -12755981.0573 8182336.8134, -12756134.8629 8182460.8638, -12756226.1234 8182592.8875, -12756259.3072 8182749.7494, -12756229.3926 8182907.2745, -12756211.7666 8182933.9435, -12756291.9758 8182986.4397, -12756383.1069 8183118.2702, -12756416.2963 8183275.14239999, -12756386.3828 8183432.6792, -12756298.0122 8183566.39329999, -12756164.9173 8183655.4994, -12756007.7855 8183686.1453, -12755767.2661 8183644.8365, -12755593.0466 8183644.5816, -12755486.8319 8183725.8724, -12755375.0876 8183842.3756, -12755240.8246 8184054.77269999, -12755180.6009 8183906.8397, -12755053.4424 8183717.9028, -12754839.7736 8183707.3004, -12754654.5495 8183723.0051, -12754497.3276 8183690.2972, -12754350.8224 8183589.5415, -12754293.4991 8183506.5694, -12754257.958 8183368.8793, -12754167.0983 8183429.6734, -12753947.4017 8183487.111, -12753903.643 8183478.0036, -12753983.0288 8183683.8744, -12754113.5994 8183876.8338, -12754283.6671 8184035.0532, -12754365.9106 8184172.7285, -12754397.7766 8184316.2857, -12754455.9353 8184466.9976, -12754602.6178 8184692.09749999, -12754758.8531 8184839.9115, -12754942.3576 8184951.952, -12755070.3427 8185002.095, -12755190.6896 8184809.5771, -12755285.4981 8185020.2122, -12755325.0363 8185072.3511, -12755464.3034 8185110.402, -12755670.9237 8185290.4138, -12755802.2292 8185491.6143, -12755838.8104 8185518.5866, -12755948.0723 8185701.4035, -12755997.4802 8185892.6373, -12756050.3931 8186026.192, -12756191.5555 8186264.4569, -12756399.0931 8186518.3733, -12756421.7135 8186625.2895, -12756579.6302 8186784.7626, -12756657.832 8186919.0395, -12756889.8064 8187244.8244, -12756923.0247 8187401.781, -12756855.9919 8187756.6223, -12756842.3604 8187917.7007, -12756851.5045 8188061.1366, -12756891.5143 8188234.39769999, -12757135.7517 8188413.0244, -12757275.6372 8188633.1427, -12757437.8531 8188800.4953, -12757585.8835 8188901.8093, -12757810.2842 8188995.1542, -12757989.7634 8189109.9119, -12758080.9993 8189241.8298, -12758114.2515 8189398.8231, -12758084.3491 8189556.4958, -12757995.9358 8189690.3397, -12757862.7516 8189779.549, -12757638.2849 8189841.8683, -12757669.5368 8190121.8606, -12757719.8483 8190275.5126, -12757791.4423 8190416.0535, -12757821.7549 8190627.1002, -12757803.3652 8190788.5576, -12757807.5267 8190932.2806, -12757893.9466 8191370.5039, -12757864.0315 8191528.2173, -12757600.2375 8191913.6478, -12757538.7993 8192043.6162, -12757496.0132 8192180.8875, -12757472.7129 8192322.791, -12757470.3428 8192484.5283, -12757549.4506 8192960.4388, -12757504.7467 8193132.9678, -12757287.4092 8193449.3232, -12757207.4281 8193606.4772, -12757155.2683 8193759.589, -12757127.6585 8193918.9933, -12757124.2911 8194062.7974, -12757184.7924 8194414.177, -12757176.2123 8194549.0231, -12757200.6085 8194704.7392, -12757170.6652 8194862.5197, -12757082.1723 8194996.4476, -12756948.8823 8195085.7036, -12756791.512 8195116.4125, -12756634.5243 8195083.7999, -12756521.027 8195005.7929, -12756431.7726 8195005.0037, -12756155.8432 8195055.7738, -12755998.859 8195023.1479, -12755866.6648 8194932.2736, -12755779.807 8194797.2776, -12755698.973 8194379.9759, -12755648.345 8194245.3636, -12755569.6895 8194104.0546, -12755445.1457 8193950.7697, -12755306.8472 8193833.2792, -12755083.9454 8193524.0217, -12754924.9675 8193378.7996, -12754706.3539 8193255.5913, -12754464.4854 8193189.0176, -12754213.7259 8193183.0308, -12753891.4812 8193241.1796, -12753734.546 8193208.514, -12753471.9419 8193029.7068, -12753327.8995 8192956.5871, -12753191.6509 8192911.2524, -12752867.3315 8192842.6002, -12752720.6689 8192741.6887, -12752580.1578 8192920.0699, -12752350.1463 8193067.8829, -12752336.9854 8193136.9868, -12752136.6511 8193442.5796, -12752047.8314 8193638.8893, -12752006.3084 8193813.7248, -12751975.722 8194144.5938, -12752040.3216 8194851.8401, -12752074.1311 8194991.6577, -12752129.4216 8195130.27399999, -12752169.0032 8195317.8902, -12752138.9507 8195475.6636, -12752023.6687 8195660.6468, -12751950.1176 8195844.0906, -12751912.8558 8196038.2278, -12751912.3156 8196118.984, -12751973.3801 8196213.3498, -12751981.9742 8196254.0904, -12752152.4838 8196384.3047, -12752234.7886 8196522.1729, -12752257.508 8196681.1982, -12752208.631 8196860.044, -12752366.0669 8196992.6205, -12752466.7253 8197138.3975, -12752538.9175 8197306.5218, -12752597.5946 8197579.1027, -12752643.4667 8197715.4825, -12752707.8411 8197844.1414, -12752830.6126 8198026.4595, -12752863.7928 8198183.6608, -12752833.7435 8198341.4973, -12752716.0349 8198519.4141, -12752514.7662 8198650.2211, -12752358.9041 8198799.0147, -12752054.7934 8199245.303, -12751799.0757 8199416.8952, -12751696.7882 8199517.9957, -12751606.5691 8199636.9749, -12751432.8022 8199523.1391, -12751249.5992 8199449.404, -12750892.7928 8199394.5917, -12750701.7677 8199333.3123, -12750493.3462 8199289.6008, -12750466.3959 8199482.1308, -12750543.9171 8199495.717, -12750538.9164 8199647.1585, -12750568.8752 8199824.4973, -12750629.1211 8199993.9338, -12750717.8253 8200150.3185, -12750832.2938 8200288.8978, -12750954.4841 8200394.9004, -12751091.7264 8200480.4479, -12751223.6302 8200537.6014, -12751417.8218 8200594.1288, -12751597.3769 8200709.1532, -12751688.6409 8200841.3548, -12751721.8094 8200998.62039999, -12751686.6894 8201182.9349, -12751634.1273 8201317.3177, -12751600.8514 8201457.3915, -12751587.3585 8201600.7443, -12751596.1392 8201762.4607, -12751635.3576 8201938.0298, -12751696.2204 8202088.0781, -12751946.9781 8202469.1898, -12751980.1592 8202626.4885, -12751950.073 8202784.4153, -12751861.3918 8202918.4224, -12751653.5984 8203046.1225, -12751349.9168 8202992.3553, -12751162.5519 8203055.5875, -12751187.2202 8203263.2202, -12751275.6174 8203508.2614, -12751320.0948 8203719.2051, -12751289.9901 8203877.1522, -12751166.1296 8204064.28190001, -12751000.8589 8204270.5242, -12750934.7072 8204398.4174, -12750886.9652 8204534.2909, -12750812.5411 8204953.1657, -12750817.581 8205133.0832, -12750863.7756 8205373.7323, -12750833.6542 8205531.7127, -12750744.9203 8205665.7554, -12750611.3629 8205755.0243, -12750225.7 8205830.3587, -12750087.8792 8205871.5239, -12749910.4249 8205958.6163, -12749752.8148 8206078.0266, -12749610.2885 8206239.9702, -12749511.7719 8206411.584, -12749447.7492 8206598.8797, -12749419.9775 8206812.9928, -12749428.7169 8206974.8246, -12749467.9114 8207150.5276, -12749536.9697 8207316.7464, -12749633.795 8207468.4291, -12749742.2639 8207588.6928, -12749853.4215 8207680.1623, -12750288.5864 8207936.3214, -12750379.9152 8208068.6668, -12750413.0878 8208226.0908, -12750391.3461 8208399.4308, -12750397.287 8208561.4244, -12750433.4452 8208737.8186, -12750497.697 8208901.2893, -12750523.6291 8209083.1087, -12750515.1429 8209321.7885, -12750557.2475 8209630.8235, -12750512.2803 8209803.6951, -12750453.656 8209886.1876, -12750233.1262 8210069.9183, -12750079.0779 8210291.15119999, -12749987.4295 8210544.7939, -12749964.6503 8210817.5988, -12749916.7634 8211001.6339, -12749857.7487 8211084.6618, -12749685.2501 8211235.9996, -12749576.0271 8211379.10109999, -12749480.1243 8211572.6159, -12749426.4765 8211781.8819, -12749418.7179 8212015.7467, -12749469.2688 8212262.5196, -12749551.0181 8212444.8788, -12749731.2547 8212392.1428, -12749904.3316 8212429.207, -12750009.1106 8212496.3602, -12750146.3288 8212682.4203, -12750159.4158 8212744.5372, -12750106.8312 8213094.4594, -12750131.3822 8213345.2081, -12750172.5158 8213483.4136, -12750232.4515 8213614.5414, -12750310.0235 8213736.0382, -12750403.7225 8213845.538, -12750600.8579 8214002.0356, -12750829.9379 8214106.1037, -12751023.5166 8214146.9408, -12751286.5826 8214142.6111, -12751361.6911 8214155.6922, -12751370.9361 8213972.1416, -12751336.2068 8213777.0511, -12751250.4716 8213564.3506, -12751203.6287 8213373.6031, -12751228.5381 8213214.5435, -12751366.2916 8212982.3838, -12751441.4403 8212779.8295, -12751470.7773 8212602.0701, -12751468.1031 8212414.8743, -12751486.521 8212239.7738, -12751472.3382 8212042.1617, -12751426.9701 8211867.8338, -12751343.0432 8211688.4463, -12751186.2391 8211456.7374, -12751143.6223 8211283.1939, -12751155.6041 8211114.8265, -12751138.0266 8210935.5569, -12751095.8332 8210779.0083, -12751024.2377 8210621.1464, -12750995.3572 8210457.5649, -12751030.6959 8210300.5657, -12751154.4478 8210126.3996, -12751362.9983 8210007.1036, -12751665.7014 8209790.6776, -12751727.4568 8209776.5347, -12751913.3754 8209797.45359999, -12752110.5746 8209783.2357, -12752301.4405 8209731.5802, -12752475.7843 8209646.3056, -12752634.5413 8209620.8477, -12752790.6506 8209658.8006, -12752919.989 8209754.246, -12753002.4558 8209892.3532, -12753060.2558 8210197.2353, -12753174.5853 8210441.4573, -12753296.6615 8210597.2775, -12753437.2978 8210720.4662, -12753532.7567 8210858.6711, -12753587.3297 8211017.96549999, -12753673.4858 8211176.0765, -12753773.435 8211303.6363, -12753906.0937 8211424.8816, -12753988.8145 8211563.3725, -12754054.6715 8212081.4483, -12754111.9181 8212251.6687, -12754213.6754 8212708.8138, -12754328.0812 8212953.1004, -12754488.5121 8213147.1305, -12754691.0427 8213296.5149, -12754906.3155 8213387.4426, -12755207.0562 8213446.4629, -12755343.8041 8213535.0156, -12755513.4454 8213498.3175, -12755707.2067 8213425.9661, -12755849.4185 8213411.3371, -12755989.317 8213377.3115, -12756123.1251 8213324.1101, -12756295.4705 8213227.9557, -12756503.56 8213180.1608, -12756661.9229 8213207.6259, -12756797.3844 8213294.2695, -12756888.895 8213426.6302, -12756922.2291 8213584.13799999, -12756892.203 8213742.31669999, -12756803.4796 8213876.5796, -12756669.8474 8213966.05569999, -12756253.2463 8214054.3701, -12756087.2307 8214123.7636, -12755929.5404 8214222.2732, -12755771.761 8214253.0382, -12755587.0964 8214214.6485, -12755381.4012 8214065.6784, -12755348.4866 8214115.4655, -12754973.3158 8214371.0869, -12754867.3969 8214468.79, -12754776.0797 8214580.3095, -12754656.5777 8214802.0605, -12754591.2477 8215051.7238, -12754502.4672 8215185.9825, -12754368.7838 8215275.4327, -12754146.1064 8215328.1324, -12753949.9601 8215418.2273, -12753454.9323 8215738.276, -12753276.9084 8215894.4807, -12753006.9147 8216079.6048, -12752876.6602 8216203.9666, -12752754.3882 8216371.273, -12752625.0706 8216507.3051, -12752374.0217 8216880.0469, -12752240.2821 8216969.4789, -12751853.1626 8217046.8712, -12751667.3302 8217115.05, -12751483.5244 8217228.38579999, -12751327.2512 8217377.5272, -12751269.6535 8217455.8205, -12751314.2665 8217563.1288, -12751612.737 8217994.1336, -12751645.9378 8218151.563, -12751605.8788 8218361.7797, -12751534.4349 8218515.9812, -12751486.6735 8218689.8328, -12751469.8075 8218887.41040001, -12751487.4113 8219066.8702, -12751535.8575 8219240.5452, -12751613.6757 8219403.1573, -12751718.5031 8219549.7638, -12751833.3244 8219664.3292, -12751964.6255 8219759.4894, -12752109.1733 8219832.8996, -12752245.9084 8219878.419, -12752450.0444 8219919.9224, -12752622.082 8220046.8892, -12752704.6567 8220185.1901, -12752764.8265 8220544.1545, -12752828.2401 8220712.9613, -12752920.6483 8220876.2208, -12752943.4557 8221035.7638, -12752893.7561 8221215.55789999, -12753094.1834 8221287.8587, -12753233.3837 8221376.9879, -12753460.046 8221702.7569, -12753581.9981 8221835.4832, -12753725.1086 8221944.978, -12753903.7194 8222035.3881, -12754083.8602 8222150.703, -12754175.431 8222283.2545, -12754208.7468 8222440.9617, -12754159.7779 8222758.0288, -12754168.051 8222938.2561, -12754208.7852 8223145.2562, -12754178.6623 8223303.6264, -12754089.7755 8223438.02839999, -12753932.3555 8223543.34709999, -12753717.3571 8223648.2869, -12753539.2825 8223792.7566, -12753319.7467 8223939.6077, -12752994.4326 8224004.1682, -12752861.3573 8224059.7235, -12752737.2932 8224133.29, -12752549.0007 8224300.8837, -12752359.001 8224558.7741, -12752156.4583 8224694.2118, -12752104.1126 8224699.6652, -12751894.776 8224656.0375, -12751688.898 8224521.465, -12751494.163 8224440.5654, -12751274.0616 8224290.589, -12751182.652 8224254.1442, -12751104.4156 8224402.2279, -12751043.4492 8224609.8603, -12751027.5702 8224843.7165, -12751047.6398 8225004.9279, -12751181.8702 8225590.7931, -12751360.0481 8225996.9124, -12751389.6956 8226240.7464, -12751431.9822 8226397.6181, -12751566.1395 8226664.36339999, -12751867.2597 8226573.0143, -12752231.8236 8226355.9758, -12752446.2053 8226307.1439, -12752642.6573 8226216.958, -12752761.3309 8226134.88, -12752867.444 8226037.05479999, -12752958.9309 8225925.3879, -12753034.8282 8225800.43949999, -12753063.5114 8226015.6897, -12753128.6826 8226193.8564, -12753222.5596 8226022.8324, -12753336.5574 8225900.393, -12753572.6618 8225836.6505, -12753731.2832 8225864.2254, -12753866.9412 8225951.0702, -12754013.0601 8226140.4511, -12754177.7049 8226280.6618, -12754351.2337 8226376.4912, -12754536.8953 8226436.7149, -12754945.2348 8226710.6152, -12755145.0973 8226792.9761, -12755550.5247 8226892.6067, -12755689.8511 8226995.3428, -12755857.6343 8227174.7613, -12755943.2509 8227318.0156, -12755966.1426 8227477.6872, -12755921.1923 8227651.0052, -12755862.487 8227733.7375, -12755651.6821 8227874.8435, -12755290.6579 8227941.2786, -12755102.3161 8228003.0954, -12754825.8492 8228158.7474, -12754627.0074 8228219.8998, -12754494.8581 8228277.8352, -12754372.0411 8228353.62919999, -12754260.9468 8228445.8079, -12754141.8321 8228581.313, -12753888.9482 8228947.2258, -12753715.6345 8229335.9781, -12753664.8278 8229509.2338, -12753644.8242 8229688.6996, -12753653.6816 8229851.0232, -12753693.0955 8230027.2434, -12753762.4601 8230193.9335, -12753859.6689 8230346.0272, -12753968.5397 8230466.59889999, -12754094.9019 8230568.6243, -12754424.814 8230780.3971, -12754516.4966 8230913.0978, -12754618.1015 8231349.0169, -12754675.9608 8231481.455, -12754794.0173 8231682.33, -12754840.8541 8231863.1933, -12754894.072 8231997.5813, -12755173.6649 8232424.8759, -12755244.1717 8232595.1354, -12755437.2293 8232924.1427, -12755698.8035 8233278.8666, -12755732.2005 8233436.7993, -12755702.0678 8233595.3942, -12755613.0851 8233729.99979999, -12755479.0809 8233819.6918, -12755228.0518 8233886.7473, -12755031.2013 8233994.4421, -12755082.6902 8234068.9543, -12755137.5226 8234087.6577, -12755278.7306 8234178.0179, -12755370.4705 8234310.7689, -12755403.8651 8234468.7249, -12755361.5793 8234691.2293, -12755273.7943 8234862.501, -12755198.3817 8235098.7806, -12755110.2194 8235309.8671, -12755072.84 8235505.0487, -12755073.3237 8235703.7943, -12755116.9794 8235916.0934, -12755194.9507 8236098.8594, -12755306.3058 8236263.3661, -12755445.9972 8236402.7651, -12755578.8241 8236594.96, -12755591.9983 8236657.2668, -12755551.9499 8236868.026, -12755377.6272 8237155.1437, -12755554.2935 8237136.1392, -12755711.0568 8237174.1866, -12755840.9114 8237269.9345, -12755923.737 8237408.5196, -12755946.6588 8237568.4073, -12755886.225 8237801.4188, -12755814.0368 8237998.3024, -12755731.2575 8238423.1825, -12755642.2171 8238557.8754, -12755508.126 8238647.6259, -12755349.8254 8238678.4815, -12755191.9228 8238645.6454, -12755089.5531 8238575.2567, -12754943.8324 8238603.652, -12754880.0169 8238590.2135, -12754746.2309 8238517.1524, -12754610.8092 8238466.7995, -12754343.7509 8238425.0732, -12754163.6362 8238436.5305, -12753789.0405 8238508.5672, -12753631.1482 8238475.6986, -12753483.5742 8238374.1813, -12753339.6386 8238183.232, -12753288.4111 8237974.878, -12753357.118 8237569.488, -12753364.5915 8237388.871, -12753327.4162 8237157.0522, -12753239.1419 8236939.5579, -12753104.2974 8236747.5336, -12752929.7959 8236590.8177, -12752741.2266 8236484.4745, -12752564.8666 8236425.152, -12752478.0819 8236416.9579, -12752439.6808 8236390.5331, -12752480.6388 8236459.1367, -12752503.4837 8236619.01439999, -12752458.3967 8236792.524, -12752399.5807 8236875.33, -12752310.4455 8236934.9343, -12752388.3783 8237323.7116, -12752358.1584 8237482.37529999, -12752269.0685 8237617.0106, -12752134.9538 8237706.6886, -12751894.2981 8237756.9316, -12751709.1667 8237828.5471, -12751188.7 8238179.3754, -12750978.4109 8238220.23659999, -12750760.3004 8238161.5065, -12750535.4692 8238006.7135, -12750504.1693 8237914.8206, -12750229.1337 8237629.6538, -12749784.3338 8237343.7549, -12749726.6478 8237260.1472, -12749671.3671 8237056.9979, -12749587.1995 8236876.9835, -12749482.1705 8236730.0055, -12749339.2052 8236592.1652, -12749204.3965 8236501.4006, -12749057.0767 8236432.87699999, -12748900.8722 8236388.2809, -12748721.5724 8236368.1062, -12748541.4992 8236379.4237, -12748193.8152 8236445.9481, -12748035.992 8236412.9695, -12747888.5356 8236311.36909999, -12747715.7667 8236044.1806, -12747597.4362 8236117.2061, -12747479.7806 8236135.9902, -12747304.5928 8236099.36540001, -12747157.1525 8235997.7548, -12747099.5067 8235914.14199999, -12746987.6715 8235472.8138, -12746932.2371 8235339.2555, -12746859.0887 8235215.1705, -12746816.4427 8235041.0662, -12746841.52 8234881.5595, -12746922.0532 8234750.8678, -12746783.6826 8234633.4147, -12746691.2516 8234576.8406, -12746593.4251 8234530.2541, -12746385.9183 8234468.9692, -12746152.1795 8234452.8903, -12745938.2591 8234485.1851, -12745719.6297 8234569.5569, -12745511.9259 8234712.916, -12745353.8232 8234889.6608, -12745204.9053 8234989.0364, -12745046.6406 8235019.657, -12744888.8618 8234986.6178, -12744708.8443 8234862.46899999, -12744545.3692 8234711.8248, -12744391.4702 8234617.5633, -12744223.5731 8234551.5021, -12743999.3847 8234501.0711, -12743802.9959 8234356.0299, -12743589.3023 8234340.8104, -12743404.7088 8234369.8951, -12743522.7541 8234446.2561, -12743614.2869 8234579.1567, -12743647.4327 8234737.1705, -12743617.037 8234895.743, -12743508.4271 8235108.6322, -12743449.7552 8235354.3971, -12743446.4657 8235553.1112, -12743459.1663 8235628.0382, -12743560.915 8235768.008, -12743594.0649 8235926.0473, -12743561.3864 8236096.52179999, -12743462.9849 8236362.6839, -12743441.7645 8236505.7764, -12743440.63 8236650.4375, -12743463.3762 8236811.5514, -12743504.5142 8236950.2292, -12743683.2627 8237282.8322, -12743705.9208 8237442.7543, -12743660.6237 8237616.2284, -12743601.7029 8237698.97349999, -12743436.5091 8237813.9486, -12743509.5273 8237860.8366, -12743601.1017 8237993.7983, -12743634.2622 8238151.8846, -12743603.8521 8238310.5297, -12743514.594 8238445.074, -12743380.3591 8238534.6031, -12743222.0118 8238565.199, -12743113.4793 8238542.462, -12742989.4964 8238618.8944, -12742704.3352 8238568.6859, -12742596.5351 8238527.42809999, -12742525.6755 8238460.5712, -12742423.8071 8238480.2424, -12742023.4402 8238380.7778, -12741626.9633 8238314.2405, -12741479.5571 8238212.4868, -12741421.9582 8238128.8051, -12741281.1282 8237591.4886, -12741197.7119 8237431.1898, -12741075.4511 8237274.6082, -12740865.3437 8237104.3541, -12740720.5723 8237030.5534, -12740541.7447 8236969.93429999, -12740322.8569 8236818.7884, -12740196.5511 8236707.898, -12739950.4428 8236665.4148, -12739803.0923 8236563.6504, -12739745.525 8236479.9743, -12739699.9091 8236292.9704, -12739694.9764 8236115.0629, -12739654.2658 8235926.0877, -12739589.5292 8236030.8863, -12739443.6639 8236144.7292, -12739338.8113 8236259.5916, -12739214.5662 8236454.0615, -12739136.1942 8236664.71509999, -12739044.0214 8237129.5582, -12739032.2916 8237370.7618, -12738973.2729 8237607.2388, -12738956.3351 8237769.0895, -12738976.8265 8238002.9997, -12739047.0685 8238221.2366, -12739089.1036 8238422.2437, -12739058.5954 8238580.8755, -12738969.2519 8238715.3697, -12738834.9576 8238804.8195, -12738676.5862 8238835.3192, -12738454.671 8238793.2982, -12738256.2199 8238789.8647, -12738060.7596 8238824.4221, -12737875.4695 8238895.7014, -12737665.0305 8239035.265, -12737489.3631 8239229.0868, -12737339.2043 8239329.0599, -12737173.1955 8239398.018, -12737029.0128 8239490.037, -12736887.882 8239617.33420001, -12736764.2864 8239777.4697, -12736615.1559 8239876.737, -12736563.4333 8239886.6821, -12736569.6284 8239917.2113, -12736622.3883 8239936.1328, -12736804.0244 8240053.00330001, -12737030.1756 8240394.9036, -12737063.2068 8240553.0698, -12737032.6465 8240711.7384, -12736907.2286 8240900.4245, -12736704.242 8241031.5371, -12736491.9441 8241126.4434, -12736179.9044 8241332.2988, -12736000.9372 8241357.5978, -12736014.8142 8241504.2006, -12736265.4477 8241679.1884, -12736297.9833 8241733.956, -12736327.8877 8241946.5442, -12736282.3907 8242120.0773, -12736223.3523 8242202.8131, -12736071.3643 8242310.5541, -12735954.4177 8242423.6565, -12735689.8858 8242798.2197, -12735629.925 8242929.9595, -12735585.0859 8243086.4959, -12735566.5969 8243362.9314, -12735531.0593 8243547.2403, -12735441.592 8243681.7811, -12735307.1655 8243771.226, -12735148.6739 8243801.6702, -12734980.9289 8243766.3095, -12734727.6956 8243663.3003, -12734495.4112 8243630.5208, -12734360.0438 8243635.8377, -12734192.5555 8243600.5123, -12734059.7668 8243508.6523, -12733972.7417 8243372.5181, -12733945.0046 8243213.2717, -12733968.9515 8243108.0182, -12733782.9834 8243264.3425, -12733620.5807 8243372.3494, -12733340.9395 8243428.1185, -12733170.6697 8243488.4233, -12732998.6186 8243587.8102, -12732838.8639 8243728.7618, -12732676.5528 8243836.6779, -12732518.0489 8243867.066, -12732360.1391 8243833.72, -12732066.441 8243633.0218, -12731988.0192 8243615.2818, -12731854.9699 8243703.7209, -12731696.4659 8243734.09089999, -12731528.9691 8243698.7009, -12731292.2698 8243599.709, -12731096.706 8243565.0071, -12730957.4158 8243570.9867, -12730778.8555 8243696.0884, -12730654.424 8243827.2195, -12730453.522 8244105.9454, -12730304.2208 8244205.1425, -12730037.3775 8244261.7069, -12729878.3007 8244508.7719, -12729825.2589 8244544.00770001, -12729610.3355 8244583.37699999, -12729595.3725 8244640.2389, -12729536.2398 8244722.9488, -12729386.9138 8244822.1356, -12729220.7444 8244854.6877, -12729174.1071 8244922.4781, -12729039.5832 8245011.8235, -12728816.6466 8245054.4499, -12728660.7814 8245046.5518, -12728466.4369 8245061.8379, -12728247.0493 8245007.9931, -12727898.5457 8245242.9511, -12727739.9518 8245273.2503, -12727582.0338 8245239.796, -12727449.298 8245147.7973, -12727362.3753 8245011.5559, -12727330.0031 8244761.9016, -12727184.5 8244747.4251, -12727040.0599 8244753.5492, -12726837.1011 8244789.2294, -12726679.1976 8244755.7581, -12726546.4817 8244663.7493, -12726459.5812 8244527.5063, -12726432.001 8244368.2078, -12726516.1506 8243937.0988, -12726568.234 8243709.2288, -12726662.2502 8243577.8369, -12726799.6494 8243493.0564, -12727027.0812 8243457.3964, -12727189.0335 8243492.3849, -12727351.3773 8243501.12169999, -12727543.424 8243475.9205, -12727628.1441 8243348.0504, -12727705.9729 8243165.0157, -12727749.0672 8242967.0833, -12727834.1786 8242829.7553, -12727965.6566 8242736.0515, -12728480.6848 8242618.3788, -12728643.7587 8242540.6879, -12728989.2125 8242318.2679, -12729175.8431 8242277.3399, -12729403.369 8242174.5445, -12729712.5648 8242086.0866, -12730128.082 8241841.8292, -12730297.6768 8241706.9436, -12730464.3414 8241493.6401, -12730570.2088 8241244.3988, -12730604.8542 8241048.5581, -12730588.4926 8240753.6267, -12730622.2924 8240541.6605, -12730707.3228 8240404.3438, -12730838.7216 8240310.6195, -12730996.0681 8240275.0507, -12731154.9117 8240303.1638, -12731296.1255 8240394.173, -12731419.4984 8240524.4638, -12731549.2154 8240622.5359, -12731692.6534 8240699.0709, -12731846.2795 8240752.18289999, -12732096.5352 8240785.3604, -12732258.6655 8240774.1091, -12732445.3677 8240734.8094, -12732604.2267 8240762.89329999, -12732739.9074 8240850.299, -12732820.5773 8240953.3564, -12732767.7193 8240799.1896, -12732675.5529 8240625.9031, -12732516.0653 8240592.8907, -12732368.7395 8240490.9249, -12732311.2259 8240407.1471, -12732268.8955 8240232.8542, -12732295.0612 8240068.79469999, -12732361.292 8239920.12919999, -12732403.4473 8239762.9179, -12732420.5324 8239601.0395, -12732414.3198 8239456.451, -12732349.0871 8239193.6617, -12732273.6928 8239040.2108, -12732202.843 8238840.9983, -12732100.7296 8238670.5022, -12731927.137 8238487.0055, -12731771.8561 8238389.6547, -12731602.135 8238357.5866, -12731479.5963 8238272.75429999, -12731093.3827 8238200.7386, -12730960.7286 8238108.88979999, -12730873.8233 8237972.8181, -12730836.2851 8237768.5665, -12730792.968 8237630.5402, -12730721.8781 8237484.2157, -12730578.092 8237270.0889, -12730535.82 8237095.85989999, -12730561.2535 8236936.3658, -12730646.2436 8236799.1161, -12730777.5792 8236705.4379, -12730899.1205 8236677.9641, -12730880.7494 8236572.2349, -12730931.3691 8236350.165, -12731105.4772 8236118.6553, -12731206.8908 8235867.7728, -12731239.6832 8235635.3415, -12731233.4966 8235490.8289, -12731204.9482 8235338.5064, -12731230.3612 8235179.0476, -12731319.513 8235035.0476, -12731454.473 8234899.181, -12731556.7555 8234750.3319, -12731637.5712 8234568.8514, -12731682.3321 8234375.2623, -12731690.3284 8234194.7467, -12731662.8628 8233997.9566, -12731527.9712 8233451.888, -12731475.1661 8233317.3077, -12731398.7937 8233183.3876, -12731356.471 8233009.03499999, -12731381.8727 8232849.6254, -12731466.8007 8232712.441, -12731868.2645 8232415.72160001, -12731974.3051 8232350.1869, -12732153.9106 8232309.5563, -12732049.1809 8232238.6906, -12731902.1049 8232169.8662, -12731656.968 8232110.7287, -12731404.8323 8232112.7478, -12731160.6704 8232175.8039, -12730940.7551 8232294.2956, -12730782.4907 8232324.6004, -12730421.3169 8232249.1438, -12730262.4998 8232234.879, -12730314.5437 8232020.5082, -12730334.8089 8231662.0548, -12730127.0108 8231656.5071, -12729930.1762 8231680.5308, -12729725.0312 8231749.0727, -12729538.5895 8231858.8403, -12729378.9977 8232005.0398, -12729232.6166 8232207.3147, -12729098.3237 8232296.50999999, -12728940.0515 8232326.7755, -12728782.4027 8232293.4058, -12728635.2927 8232191.4801, -12728577.8849 8232107.7667, -12728365.9969 8232567.1738, -12728532.2969 8232947.2949, -12728623.7408 8232882.1098, -12728780.9404 8232846.6229, -12729276.0792 8232920.4983, -12729168.5009 8233411.7122, -12729049.667 8233590.0846, -12729009.6903 8233622.779, -12728937.4625 8234289.6175, -12729117.1486 8234373.7888, -12729310.3232 8234422.5453, -12729445.8492 8234509.9363, -12729537.1304 8234643.0109, -12729615.8924 8235091.0661, -12729661.5703 8235228.2744, -12729723.7505 8235354.0985, -12729758.1463 8235519.6112, -12729717.3725 8235730.1961, -12729511.6446 8236020.2006, -12729451.6296 8236151.7705, -12729406.702 8236308.12699999, -12729387.7067 8236451.531, -12729388.8192 8236596.1905, -12729458.7771 8236974.3265, -12729428.0697 8237132.8869, -12729338.5699 8237267.2383, -12729204.1868 8237356.4958, -12729045.8071 8237386.7836, -12728888.0507 8237353.3932, -12728740.8391 8237251.39989999, -12728653.5795 8237124.1589, -12728559.9897 8236869.7162, -12728496.7494 8236907.3284, -12728575.9125 8237040.9003, -12728615.5337 8237231.1321, -12728556.384 8237455.7897, -12728538.3396 8237481.0215, -12728496.2809 8237680.1349, -12728437.1915 8237762.7593, -12728109.2722 8237973.6095, -12728143.5318 8238033.949, -12728156.4784 8238096.3156, -12728115.6448 8238306.9633, -12728066.6304 8238380.5128, -12728125.3849 8238644.1364, -12728057.3531 8239010.6487, -12728059.9933 8239173.3949, -12728111.2359 8239547.9023, -12728065.5622 8239721.3288, -12728006.4517 8239803.9723, -12727857.2044 8239903.0631, -12727629.3261 8239948.718, -12727475.6114 8240001.5203, -12727332.0318 8240077.7589, -12727188.6743 8240187.6555, -12727024.4845 8240379.71630001, -12726651.2464 8240993.0814, -12726473.9523 8241182.2207, -12726295.1375 8241443.7421, -12726171.2539 8241525.9519, -12726197.3741 8241651.9459, -12726166.5774 8241810.5921, -12726076.9621 8241944.9878, -12725942.4552 8242034.24159999, -12725783.5883 8242064.5496, -12725576.2131 8242045.0279, -12725432.7215 8242059.9109, -12725360.0456 8242165.1343, -12725225.5255 8242254.3779, -12725003.4104 8242300.1786, -12724844.0198 8242359.5957, -12724730.1136 8242499.8899, -12724818.9257 8242581.7569, -12724915.6542 8242722.9621, -12724948.4375 8242881.2307, -12724915.3371 8243051.5897, -12724857.0969 8243179.6554, -12724815.8182 8243318.4191, -12724791.2011 8243570.1858, -12724833.0736 8243837.8699, -12724891.091 8243990.0199, -12724978.0635 8244139.8302, -12725010.8544 8244298.1292, -12724979.0649 8244461.74759999, -12724913.0583 8244621.8273, -12725035.9811 8244787.3192, -12725068.7758 8244945.6311, -12725037.9412 8245104.3426, -12724956.8483 8245225.9169, -12724969.8353 8245381.9146, -12724954.5726 8245460.4682, -12725021.3199 8245580.0782, -12725043.6005 8245740.2339, -12724997.8166 8245913.7847, -12724938.6226 8245996.472, -12724789.2098 8246095.5827, -12724630.6265 8246125.8108, -12724540.8479 8246108.8718, -12724581.2716 8246304.0767, -12724559.6215 8246415.4742, -12724574.9817 8246441.4233, -12724597.2552 8246601.5986, -12724551.4555 8246775.1667, -12724492.2496 8246857.8599, -12724282.7296 8246990.9879, -12723465.5463 8247150.4895, -12723316.8293 8247216.4913, -12723169.5852 8247310.043, -12722980.6824 8247141.5649, -12722709.0085 8246966.9107, -12722422.2149 8246882.71899999, -12722272.1592 8246786.5367, -12722262.7009 8246600.3612, -12722200.9121 8246482.3741, -12722028.7879 8246354.2483, -12721925.6113 8246328.7095, -12721892.1552 8246247.3288, -12721849.9081 8246025.0666, -12721767.6249 8245885.9425, -12721638.0626 8245789.4877, -12721481.3568 8245750.6896, -12721321.8582 8245775.5763, -12720988.4611 8245996.6243, -12720910.8186 8245946.6491, -12720749.7477 8245917.9503, -12720546.0263 8245934.7669, -12720303.3352 8245989.2661, -12720114.1771 8246122.0596, -12719833.9108 8246239.1055, -12719659.044 8246363.4416, -12719619.4101 8246427.2343, -12719372.5661 8246520.9061, -12719150.307 8246563.1021, -12718956.191 8246518.4514, -12718794.2018 8246503.8543, -12718631.9273 8246514.8186, -12718473.3617 8246551.0744, -12717888.7666 8246818.8075, -12717729.7728 8246938.183, -12717588.9047 8247084.4735, -12717543.6537 8247053.3679, -12717264.9748 8247016.6721, -12717055.688 8247063.573, -12716923.9962 8247157.1364, -12716738.7779 8247413.8867, -12716717.299 8247464.5726, -12715170.9756 8247911.8952, -12715134.5329 8247794.9095, -12715065.8991 8247667.3825, -12714968.3897 8247536.95269999, -12714851.7162 8247423.4094, -12714715.8738 8247324.3011, -12714658.5072 8247240.3099, -12714616.5532 8247065.758, -12714653.8865 8246822.5321, -12714657.2152 8246659.6329, -12714638.773 8246515.9578, -12714562.0542 8246193.4583, -12714587.863 8246033.8263, -12714673.2523 8245896.5944, -12714804.9496 8245803.0869, -12714962.4878 8245767.8336, -12715125.2716 8245797.0082, -12715149.9227 8245744.4561, -12715211.5573 8245480.5641, -12715215.7667 8245335.7904, -12715196.4233 8245174.046, -12715105.4919 8244910.4003, -12715057.5088 8244710.8167, -12715083.3013 8244551.2146, -12715168.6643 8244414.0041, -12715300.3289 8244320.5065, -12715457.8333 8244285.2495, -12715616.7022 8244313.7113, -12715768.0741 8244411.717, -12715886.6019 8244527.3872, -12716019.5311 8244621.1933, -12716182.3414 8244699.5512, -12716338.5202 8244744.8874, -12716536.0118 8244766.236, -12716733.9408 8244749.4376, -12716908.1295 8244701.5569, -12717086.8961 8244614.8107, -12717218.698 8244519.4217, -12717381.4265 8244344.8498, -12717632.7988 8244142.8479, -12717970.9452 8243684.0927, -12718058.4655 8243505.4959, -12718107.1713 8243331.2862, -12718124.9378 8243151.255, -12718110.4544 8242962.7735, -12718144.6202 8242750.803, -12718229.906 8242613.5901, -12718361.5003 8242520.0603, -12718518.9523 8242484.7465, -12718831.1035 8242537.3208, -12719047.6674 8242535.95579999, -12719242.0051 8242495.065, -12719426.7956 8242416.7722, -12719590.1341 8242391.3287, -12719663.1771 8242409.4332, -12719751.7501 8242266.8663, -12719864.983 8242158.4333, -12719790.346 8242106.588, -12719681.5796 8241935.7207, -12719597.3599 8241756.986, -12719502.6306 8241366.16179999, -12719426.0299 8241168.6683, -12719693.2689 8241192.466, -12719953.7829 8241150.9988, -12720112.6024 8241179.352, -12720248.1424 8241266.9906, -12720269.1754 8241297.7357, -12720307.1327 8241086.3296, -12720302.8128 8240905.5266, -12720213.3898 8240501.93, -12720100.917 8240152.9948, -12720030.0141 8240006.5191, -12719827.2839 8239686.689, -12719799.8632 8239527.4692, -12719817.8873 8239448.9393, -12719641.7218 8239584.084, -12719524.1717 8239721.3063, -12719344.3616 8239996.0573, -12719194.9957 8240094.9757, -12719036.5182 8240125.0602, -12718878.749 8240091.4441, -12718746.2132 8239999.354, -12718659.5102 8239863.1054, -12718522.5684 8239881.64, -12718651.8947 8240430.6968, -12718728.4673 8240628.1787, -12718479.3179 8240603.7614, -12718194.8962 8240643.6394, -12717985.3154 8240598.9579, -12717920.5802 8240552.2627, -12717908.542 8240597.7191, -12717727.2928 8240861.3238, -12717548.5143 8240979.6642, -12717390.0109 8241009.7169, -12717232.2311 8240976.0618, -12717099.7002 8240883.9311, -12717013.0172 8240747.6473, -12716985.6532 8240588.3953, -12717021.8574 8240430.9279, -12717194.6026 8240161.2523, -12717181.7421 8240107.827, -12717207.4727 8239948.3158, -12717455.5679 8239576.3092, -12717547.7392 8239360.3644, -12717588.954 8239104.0311, -12717560.545 8238962.2527, -12717512.6822 8238825.718, -12717446.3188 8238697.1866, -12717351.1684 8238565.2616, -12717222.7799 8238438.1995, -12716808.1404 8238164.9593, -12716698.6781 8237992.8465, -12716590.5394 8237776.9587, -12716421.6834 8237569.3244, -12716219.2695 8237418.4067, -12715986.4286 8237321.02099999, -12715809.0972 8237287.5743, -12715646.6898 8237284.26829999, -12715185.7669 8237362.8141, -12715028.074 8237329.1289, -12714681.7214 8237093.2064, -12714431.4743 8236991.0395, -12714180.1035 8236937.1025, -12714036.3955 8236922.7925, -12713874.1594 8236930.8042, -12713697.877 8236969.375, -12713547.0793 8237029.856, -12713422.4124 8237102.8881, -12713309.1022 8237192.5893, -12713209.3539 8237297.2151, -12713078.8245 8237482.9402, -12713002.0979 8237626.3774, -12712944.2847 8237797.6233, -12712881.2395 8238113.8737, -12712791.4293 8238248.0416, -12712489.7158 8238450.3357, -12712347.4756 8238581.7354, -12712146.1865 8238714.7665, -12711953.4873 8238775.462, -12711808.7203 8238844.5963, -12711581.0417 8238887.5814, -12711423.3337 8238853.8124, -12711276.3339 8238751.4526, -12711189.3567 8238623.9814, -12711101.0909 8238215.2665, -12711038.1357 8238065.2374, -12710950.5842 8237919.5141, -12710875.6229 8237534.7324, -12710901.5701 8237374.7404, -12710987.362 8237192.72689999, -12711036.041 8237000.0189, -12711047.8749 8236855.8353, -12711033.7832 8236672.3221, -12711040.4675 8236392.1674, -12711078.1154 8236159.9937, -12711173.0054 8235952.0569, -12711224.2474 8235741.4695, -12711230.6617 8235524.8173, -12711177.9574 8235247.8856, -12711184.9185 8235102.1266, -12711171.7843 8234959.4332, -12711198.8294 8234792.6274, -12711284.1511 8234655.6407, -12711458.8807 8234531.6967, -12711738.8465 8234443.5949, -12711844.9181 8234378.5806, -12711852.6031 8234345.2603, -12711946.759 8234214.221, -12711975.6982 8234196.4438, -12712036.9578 8233818.1962, -12712046.0561 8233659.7913, -12712095.319 8233446.1705, -12712189.4594 8233315.1435, -12712326.8321 8233230.7477, -12712486.0907 8233206.0953, -12712642.4848 8233245.0168, -12712817.7932 8233353.4713, -12712925.1359 8233273.5776, -12713082.4168 8233238.4223, -12713241.0408 8233266.892, -12713376.3555 8233354.5624, -12713615.7855 8233687.59969999, -12713765.2041 8233819.8434, -12714111.5271 8233882.9397, -12714246.8632 8233970.6015, -12714337.8649 8234103.8524, -12714355.8112 8234191.116, -12714473.2603 8234446.6349, -12714620.1518 8234629.4775, -12714819.7977 8234783.8963, -12715050.8117 8234885.3393, -12715209.5519 8234919.6297, -12715353.6338 8234928.8813, -12715497.5984 8234917.9523, -12715638.6425 8234887.0558, -12715859.5408 8234793.15209999, -12716122.8133 8234641.69259999, -12716350.2369 8234481.8875, -12716507.5277 8234446.65389999, -12716666.1907 8234475.0548, -12716868.1284 8234605.9011, -12716978.2726 8234567.16350001, -12717137.0238 8234481.3686, -12717278.4872 8234369.2603, -12717387.4571 8234248.6672, -12717476.2503 8234112.4831, -12717548.6054 8233946.9731, -12717591.8351 8233767.5366, -12717677.0277 8233630.4942, -12717808.4697 8233537.086, -12717965.7339 8233501.8257, -12718124.3818 8233530.1917, -12718381.4822 8233689.2826, -12718720.2944 8233824.4107, -12719184.7046 8233916.1107, -12719364.7066 8233927.5711, -12719579.2392 8233899.793, -12719794.7037 8233822.4027, -12720079.2249 8233758.5274, -12720457.4164 8233785.4388, -12720672.7792 8233765.1464, -12721304.5832 8233617.4567, -12721573.5664 8233525.7967, -12721748.8796 8233432.8809, -12721953.0859 8233255.7848, -12722096.3394 8233047.8807, -12722176.0118 8232846.4456, -12722221.0784 8232607.4537, -12722336.1697 8232329.2686, -12722268.4301 8232220.6946, -12722247.7313 8232142.3297, -12722281.7285 8231930.6469, -12722354.3256 8231813.7012, -12722303.3279 8231645.4146, -12722190.0617 8231427.5812, -12722153.6104 8231216.329, -12722189.6589 8231059.0336, -12722283.5911 8230927.9198, -12722429.8184 8230837.8095, -12722688.3111 8230735.0025, -12722941.2184 8230561.9772, -12723098.396 8230526.6215, -12723257.0007 8230554.8662, -12723436.4287 8230668.8381, -12723566.5553 8230731.30529999, -12723704.0955 8230775.0203, -12723864.352 8230800.7394, -12724134.012 8230787.0554, -12724273.775 8230751.1031, -12724414.0294 8230692.5324, -12724582.5076 8230666.1708, -12724738.9124 8230704.8239, -12724868.2532 8230801.0288, -12725040.0986 8231077.27619999, -12725230.7267 8231268.8502, -12725350.9377 8231348.829, -12725481.0923 8231411.2683, -12725633.5798 8231457.477, -12725689.5913 8231367.1582, -12725820.893 8231273.6359, -12725978.0717 8231238.216, -12726136.703 8231266.4019, -12726310.7132 8231378.71329999, -12726475.6547 8231281.601, -12726598.3008 8231175.10100001, -12726699.213 8231055.62749999, -12726836.0829 8230958.111, -12726993.2499 8230922.671, -12727085.0479 8230938.9693, -12726875.4748 8230694.46679999, -12727085.9206 8230301.6393, -12727036.4515 8230151.2575, -12726950.6456 8229992.4358, -12726850.9087 8229864.1951, -12726718.1697 8229742.0118, -12726582.1961 8229653.2846, -12726434.044 8229586.9561, -12726277.36 8229544.6582, -12726116.0011 8229527.4317, -12725847.4779 8229555.3023, -12725709.8158 8229598.5553, -12725576.5802 8229662.2608, -12725412.1446 8229693.6242, -12725254.5678 8229660.1915, -12724933.8467 8229439.5978, -12724772.6606 8229358.7627, -12724617.5613 8229310.9796, -12724235.9524 8229233.7324, -12724080.5946 8229125.9512, -12723917.4754 8228873.3461, -12723773.2005 8228966.0779, -12723563.0265 8229006.1113, -12723405.4727 8228972.64249999, -12723258.5019 8228870.6558, -12723201.1804 8228786.9385, -12723159.1287 8228612.866, -12723185.5761 8228448.0615, -12723271.4788 8228232.6091, -12723387.3989 8228070.7531, -12723751.7555 8227842.0782, -12724011.0057 8227789.9501, -12724225.0086 8227694.9456, -12724398.9689 8227566.4532, -12724540.019 8227407.8923, -12724677.2015 8227323.2977, -12724836.2935 8227298.3989, -12724992.6289 8227337.0289, -12725336.6997 8227585.8597, -12725576.3447 8227687.81490001, -12726274.0656 8225958.6253, -12726110.7885 8225929.41040001, -12725920.3765 8225797.3812, -12725863.0486 8225713.719, -12725818.3281 8225538.4997, -12725765.6821 8225404.022, -12725684.804 8225263.1984, -12725595.2159 8225150.0184, -12725433.6163 8225006.3496, -12725249.188 8224901.0216, -12725055.4354 8224766.6427, -12724998.1251 8224682.9854, -12724956.0541 8224509.0188, -12725049.5397 8224006.3801, -12725046.9695 8223843.9636, -12725016.0449 8223647.113, -12725051.9957 8223489.9629, -12725145.7818 8223358.9454, -12725179.0475 8223338.42840001, -12724761.2818 8222389.8332, -12724701.4416 8222377.1322, -12724554.5832 8222275.2619, -12724497.2975 8222191.6285, -12724455.2519 8222017.717, -12724480.7629 8221858.566, -12724508.0023 8221814.6572, -12724219.2881 8221158.9474, -12724295.7251 8220642.9973, -12724773.4566 8220604.779, -12725214.1483 8220973.5172, -12725244.5449 8220818.1711, -12725250.4564 8220655.9115, -12725191.1681 8220326.9499, -12725271.43 8219856.5626, -12725271.6845 8219694.21639999, -12725250.6118 8219551.432, -12725152.2103 8219249.4935, -12725072.1475 8219087.985, -12724977.111 8218956.5043, -12724852.7348 8218833.0224, -12724676.4104 8218576.6743, -12724562.1299 8218448.8369, -12724467.431 8218610.2576, -12724333.3112 8218699.2159, -12724150.8157 8218752.0613, -12723976.6642 8218840.29869999, -12723817.9705 8218870.5324, -12723652.7987 8218835.4518, -12723426.9536 8218737.2777, -12723170.2035 8218675.4413, -12723096.8437 8218634.6591, -12723005.6475 8218552.1504, -12722958.6156 8218418.75289999, -12722833.5398 8218449.5472, -12722670.9343 8218526.8619, -12722447.4786 8218673.1732, -12722289.4697 8218703.2426, -12722132.1396 8218669.7937, -12721999.9437 8218578.0267, -12721913.429 8218442.2074, -12721864.7627 8218207.1717, -12721873.1909 8218048.14419999, -12721859.6752 8217904.4766, -12721781.3956 8217646.1044, -12721712.9238 8217519.1537, -12721627.4839 8217402.9858, -12721499.3857 8217276.3585, -12721344.3235 8217164.1097, -12721192.1449 8216952.2299, -12721141.4003 8216712.9075, -12721186.4358 8216516.5123, -12721259.5606 8216311.5333, -12721288.2185 8216097.2666, -12721339.9557 8215871.80569999, -12721632.3835 8215488.2755, -12721706.2098 8215343.8598, -12721756.5735 8215189.6554, -12721782.2354 8215029.46, -12721782.5654 8214867.2191, -12721698.1239 8214391.4648, -12721734.0992 8214234.5258, -12721827.8265 8214103.712, -12722040.517 8213983.6422, -12722279.5939 8214033.173, -12722408.614 8214129.2049, -12722490.5605 8214267.7294, -12722512.6957 8214427.2214, -12722459.2093 8214623.57959999, -12722946.8215 8214656.9295, -12722912.5811 8214615.8945, -12722630.2014 8214407.9938, -12722543.723 8214272.2574, -12722516.336 8214113.58959999, -12722648.0298 8213642.8362, -12722662.4866 8213463.2279, -12722648.6838 8213301.611, -12722632.0464 8213221.1023, -12722545.152 8213094.1838, -12722507.0036 8212936.2127, -12722456.9653 8212845.8749, -12722421.5102 8212652.28279999, -12722371.7804 8212497.9335, -12722307.8065 8212368.7605, -12722187.8518 8212188.951, -12722129.2114 8211946.0709, -12722108.7146 8211738.7977, -12721814.4937 8211784.7903, -12721661.3201 8211837.2756, -12721521.912 8211910.8195, -12721363.2463 8211940.9942, -12721206.0632 8211907.5565, -12720666.4991 8211510.55789999, -12720609.3393 8211427.0151, -12720567.4444 8211253.3327, -12720600.388 8211018.2913, -12720593.9208 8210820.31, -12720451.5792 8210266.5897, -12720487.3366 8210026.11819999, -12720486.4307 8209846.2206, -12720461.1161 8209681.299, -12720390.1023 8209435.2579, -12720440.8464 8209214.0656, -12720467.6082 8209174.6174, -12720376.044 8209114.7555, -12720318.9059 8209031.2378, -12720277.0311 8208857.6095, -12720302.585 8208698.7533, -12720387.4393 8208562.1385, -12720526.2897 8208463.3854, -12720724.7655 8208375.0764, -12720718.4865 8208275.0517, -12720744.5447 8208112.9994, -12720857.2399 8207931.5358, -12720997.8414 8207818.9352, -12721275.1558 8207876.2363, -12721611.4367 8208106.9999, -12721721.1946 8208007.7619, -12721812.9236 8207896.7494, -12721904.4585 8207741.796, -12721962.745 8207590.5955, -12721996.7012 8207432.1254, -12722014.361 8207184.3445, -12722114.583 8206922.3296, -12722150.8725 8206782.9016, -12722165.4905 8206513.69129999, -12722110.0598 8206249.8731, -12722026.9033 8206070.2927, -12721922.8507 8205923.5353, -12721780.9855 8205785.7377, -12721615.4853 8205677.5873, -12721432.4303 8205603.0557, -12721238.5449 8205564.8793, -12721065.5523 8205566.0246, -12721026.6268 8205757.81490001, -12720937.1341 8205882.6921, -12720682.7836 8206061.7145, -12720533.0284 8206013.0504, -12720385.4801 8206122.1782, -12720175.9325 8206161.9962, -12719979.3307 8206152.1161, -12719979.3394 8206315.40309999, -12720017.2172 8206566.115, -12719986.4372 8206723.9917, -12719897.1352 8206857.68389999, -12719763.1894 8206946.4096, -12719605.4193 8206976.3757, -12719399.8742 8206932.5987, -12719211.3136 8206870.6382, -12719067.5413 8206852.6045, -12719002.5606 8206900.5117, -12718837.4631 8206920.2123, -12718791.3211 8206950.76780001, -12718622.1866 8206978.2923, -12718423.0837 8207076.5591, -12718102.6263 8207286.4296, -12717960.1933 8207318.8553, -12717784.6979 8207270.4624, -12717662.0849 8207188.6324, -12717586.4587 8207048.5516, -12717518.7961 8206750.7832, -12717480.1817 8206656.3829, -12717250.6486 8206667.8278, -12717111.9476 8206705.9647, -12716979.893 8206763.0661, -12716656.105 8206970.3338, -12716456.3356 8207019.03589999, -12716440.336 8207208.6802, -12716602.1887 8207236.389, -12716737.0717 8207323.6913, -12716827.7943 8207456.4356, -12716860.2539 8207613.9928, -12716791.6587 8207965.0314, -12716636.8234 8208393.53939999, -12716612.4985 8208658.0391, -12716571.8328 8208866.1118, -12716511.5931 8209002.82509999, -12716469.2801 8209159.2989, -12716452.8943 8209403.5385, -12716410.9256 8209618.2525, -12716321.5247 8209751.9531, -12716182.5573 8209843.9083, -12716032.2168 8209895.5119, -12715900.6076 8209964.0678, -12715741.3054 8209994.2387, -12715532.6012 8209949.675, -12715354.973 8209821.18949999, -12715116.955 8209775.5238, -12714973.7687 8209761.286, -12714776.5049 8209774.5161, -12714510.4208 8209838.1722, -12714301.7274 8209793.5746, -12714169.7857 8209701.7785, -12714083.5166 8209566.0303, -12714056.3269 8209407.4319, -12714119.6511 8209119.4456, -12714130.6021 8208921.7134, -12714107.6854 8208743.1064, -12714047.1779 8208554.5852, -12713931.0677 8208351.6775, -12713788.3702 8208202.1953, -12713732.8918 8208190.1436, -12713586.4633 8208088.2518, -12713529.4095 8208004.6936, -12713487.6988 8207831.0516, -12713513.3939 8207672.2413, -12713590.9489 8207547.6322, -12713561.3522 8207458.0873, -12713497.5744 8207328.9265, -12713345.2233 8207128.7202, -12713151.2343 8206971.051, -12713094.1939 8206887.5019, -12713016.3448 8206578.7462, -12712918.3848 8206366.5161, -12712775.2854 8206181.8034, -12712575.7762 8206020.2714, -12712489.5787 8205884.5719, -12712462.436 8205726.0462, -12712498.563 8205569.3346, -12712592.3422 8205438.7893, -12712729.1952 8205354.6984, -12712887.8564 8205330.1267, -12713233.4882 8205415.2845, -12713411.9431 8205436.2274, -12713609.0942 8205423.04079999, -12713917.2932 8205355.8287, -12714075.3274 8205384.172, -12714210.147 8205471.4984, -12714302.4127 8205606.5987, -12714402.6393 8205857.5746, -12714452.8567 8205928.5547, -12714624.8598 8205842.6968, -12714783.5249 8205818.083, -12715223.2207 8205913.4753, -12715402.9048 8205912.4272, -12715454.8251 8205868.1345, -12715480.4713 8205709.3589, -12715696.3516 8205479.8317, -12716016.1582 8205405.96410001, -12716215.4732 8205323.9115, -12716553.0196 8205031.5996, -12716686.3219 8204819.3617, -12716415.6025 8204996.6979, -12716257.8605 8205026.5851, -12715763.9579 8204896.848, -12715566.5226 8204889.3759, -12715357.2367 8204920.3258, -12715200.2288 8204886.7931, -12715053.8445 8204784.9751, -12714996.7995 8204701.4653, -12714900.3136 8204446.2236, -12714767.0433 8204254.3466, -12714651.0471 8204141.4595, -12714351.4299 8203908.9295, -12714328.9148 8203877.2218, -12714193.5314 8203966.7541, -12714035.8026 8203996.59, -12713878.8201 8203963.0336, -12713135.1784 8204137.5273, -12712977.8428 8204103.87529999, -12712848.8968 8204029.7994, -12712715.2945 8203976.5765, -12712504.3139 8203932.8565, -12712271.0111 8203936.1656, -12711878.1412 8204017.8593, -12711729.0679 8204080.6557, -12711577.2311 8204176.8338, -12711444.3683 8204297.9631, -12711327.3342 8204450.7122, -12711193.33 8204539.2547, -12711035.5774 8204569.029, -12710878.3848 8204535.3611, -12710745.0339 8204458.236, -12710611.4391 8204404.9723, -12710389.939 8204363.0313, -12710404.6629 8204434.8149, -12710373.6883 8204592.6057, -12710284.24 8204726.1434, -12710150.219 8204814.6699, -12709992.4564 8204844.423, -12709944.4598 8204834.13629999, -12710008.3793 8204927.8462, -12710040.6837 8205085.3788, -12710009.6986 8205243.1818, -12709920.236 8205376.7267, -12709786.1991 8205465.2542, -12709628.4209 8205495.0021, -12709471.4277 8205461.3457, -12709325.1114 8205359.4073, -12709268.1263 8205275.8472, -12709226.5301 8205102.245, -12709254.9114 8204922.03939999, -12709159.1898 8204934.9243, -12709101.5393 8204972.9929, -12708866.5176 8205019.3907, -12708713.3934 8205071.56139999, -12708540.2219 8205166.8619, -12708401.1483 8205280.8171, -12708263.4437 8205446.8589, -12708156.6914 8205654.7568, -12708111.5051 8205810.3457, -12708089.9761 8206025.1447, -12708038.1373 8206219.6943, -12707979.0733 8206301.8086, -12707830.235 8206400.0555, -12707672.4298 8206429.7654, -12707515.4253 8206396.0633, -12707383.6278 8206304.1889, -12707297.522 8206168.4244, -12707270.489 8206009.8742, -12707305.6389 8205857.8863, -12707215.3027 8206057.1441, -12707116.5093 8206542.4454, -12707021.0043 8206684.8896, -12706836.4363 8206875.5271, -12706724.0786 8207041.9861, -12706791.0548 8207085.4628, -12706881.5967 8207218.324, -12706913.8446 8207375.9183, -12706872.5825 8207585.5919, -12706811.0211 8207724.4321, -12706769.2026 8207883.9064, -12706827.0616 8208224.1455, -12706795.995 8208382.001, -12706706.4369 8208515.5628, -12706572.3054 8208604.069, -12706391.844 8208638.012, -12706232.749 8208637.54649999, -12706072.8217 8208662.2424, -12705902.1217 8208718.6692, -12705750.9636 8208799.3081, -12705592.8653 8208829.027, -12705218.448 8208749.4421, -12705057.3075 8208734.6236, -12704860.3103 8208751.0348, -12704653.3396 8208811.4768, -12704529.175 8208878.3136, -12704465.9404 8209148.467, -12704236.1978 8209474.6721, -12704069.2616 8209611.302, -12703934.294 8209779.7441, -12703837.2296 8209972.6196, -12703775.9255 8210209.1283, -12703686.2909 8210342.6864, -12703439.4313 8210520.3035, -12703265.4171 8210726.1583, -12703152.1808 8210966.5722, -12703331.896 8211236.9437, -12703364.0858 8211394.6383, -12703331.2771 8211560.9344, -12703265.7138 8211701.3142, -12703220.388 8211856.9986, -12703199.9304 8212017.8728, -12703205.4354 8212184.9713, -12703159.1695 8212358.2994, -12703100.003 8212440.4416, -12702950.9776 8212538.6705, -12702671.2004 8212586.4961, -12702854.0848 8212961.7694, -12702875.7951 8213121.2893, -12702829.7004 8213293.9449, -12702739.8117 8213418.7267, -12702180.1941 8213878.9731, -12702033.7016 8214037.626, -12701901.9874 8214273.0471, -12701840.7164 8214514.3719, -12701866.017 8214551.9137, -12701898.1897 8214709.6848, -12701862.4424 8214935.3057, -12701879.3649 8215078.2218, -12701985.7806 8215496.733, -12702070.5483 8215628.8494, -12702178.3616 8215749.93609999, -12702303.7597 8215852.6359, -12702595.9316 8216043.1404, -12702686.5063 8216176.2119, -12702724.0911 8216360.4204, -12702726.8963 8216509.963, -12702750.0127 8216652.368, -12702799.3619 8216806.9327, -12702867.6497 8216944.2204, -12702930.4184 8217382.0913, -12703025.9647 8217644.8424, -12703068.2155 8217851.8722, -12703090.8751 8218111.0271, -12703131.1587 8218249.5761, -12703198.8085 8218396.7049, -12703233.1215 8218564.82029999, -12703201.9345 8218722.8789, -12703112.1866 8218856.5814, -12702977.8254 8218945.144, -12702601.3916 8219025.0729, -12702468.0357 8219079.6848, -12702343.5626 8219152.3563, -12702230.3942 8219241.6735, -12702119.3246 8219359.8778, -12702037.163 8219478.4394, -12701965.4396 8219624.0129, -12701901.2658 8219867.8466, -12701896.0822 8220102.0312, -12701965.4083 8220473.367, -12701992.7389 8220722.0685, -12702035.4246 8220859.9468, -12702105.4205 8221005.5641, -12702138.9938 8221170.1802, -12702107.7724 8221328.2892, -12702017.9732 8221462.0249, -12701883.5519 8221550.5983, -12701489.5467 8221606.3615, -12701358.4893 8221692.705, -12701170.1724 8221739.129, -12701019.5835 8221799.233, -12700880.2315 8221882.1942, -12700755.5468 8221985.9709, -12700659.5204 8222093.6378, -12700579.3838 8222213.6457, -12700510.1528 8222360.4909, -12700453.0356 8222540.7483, -12700333.6914 8222718.398, -12700199.2274 8222806.9555, -12700041.0434 8222836.5662, -12699883.7289 8222802.6266, -12699737.205 8222700.2607, -12699680.1962 8222616.4324, -12699640.5942 8222430.9829, -12699575.7029 8222443.1254, -12699418.3988 8222409.1777, -12699228.7929 8222276.6951, -12698850.7491 8221893.6804, -12698677.8081 8221764.1011, -12698430.1216 8221657.2616, -12698181.2999 8221618.6824, -12697912.964 8221645.5131, -12697758.5374 8221694.8789, -12697629.2269 8221758.6117, -12697467.1965 8221788.8845, -12697309.9161 8221754.8951, -12697163.448 8221652.4929, -12697106.4765 8221568.6569, -12697059.1398 8221369.65389999, -12697027.9638 8221090.468, -12696927.5992 8220838.2441, -12696801.7992 8220340.6205, -12696686.7705 8220116.3058, -12696515.9697 8219921.8205, -12696419.7064 8219780.1381, -12696378.3314 8219606.1278, -12696415.8304 8219377.7054, -12696476.2726 8219232.5534, -12696526.6905 8219053.0792, -12696654.3188 8218834.4338, -12696594.3504 8218532.8464, -12696638.1741 8218299.5291, -12696542.9046 8218252.3376, -12696219.0097 8218167.3801, -12696072.6275 8218065.0063, -12696015.6954 8217981.2023, -12695974.3396 8217807.2317, -12696000.444 8217648.2722, -12696090.9923 8217503.5497, -12696253.1404 8217331.68, -12696348.0064 8217178.4855, -12696414.8732 8217011.1188, -12696454.6606 8216822.8893, -12696540.0448 8216686.4019, -12696671.4496 8216593.5797, -12696828.4524 8216558.8458, -12697079.6174 8216586.9779, -12697311.7448 8216559.6872, -12697482.6892 8216503.4003, -12697588.6599 8216446.4878, -12697661.7141 8216172.4977, -12697899.2643 8215961.687, -12697869.1552 8215939.2477, -12697984.0331 8215755.5354, -12698117.1035 8215633.5924, -12698212.2985 8215499.05039999, -12698278.187 8215439.8549, -12698359.8954 8215299.7673, -12698413.3636 8215165.8313, -12698453.2121 8214990.0826, -12698462.525 8214828.1128, -12698446.4311 8214666.681, -12698391.5655 8214472.5684, -12698353.3641 8214246.8783, -12698483.9638 8213959.5449, -12698629.2377 8213869.3368, -12698936.8089 8213636.7591, -12699066.0093 8213463.6995, -12699149.7828 8213277.7595, -12699036.9371 8212920.401, -12699073.3823 8212763.6053, -12699167.4869 8212633.1064, -12699376.4105 8212462.4466, -12699365.3285 8212446.0918, -12699416.7799 8212087.5491, -12699420.4218 8211925.415, -12699345.4941 8211592.6322, -12699272.734 8211447.7717, -12699176.1755 8211304.4672, -12699038.2306 8210987.3693, -12699064.245 8210828.5437, -12699151.3731 8210689.1582, -12699329.5541 8210509.5988, -12699536.7353 8210196.2873, -12699680.0994 8209899.9326, -12699715.4047 8209705.0609, -12699710.8396 8209489.1183, -12699619.2154 8209078.4166, -12699575.915 8208696.0306, -12699412.1502 8208376.9724, -12699278.0755 8208231.4724, -12699118.7556 8208114.27269999, -12698876.1261 8208008.9953, -12698721.1357 8207900.6846, -12698542.1063 8207672.0385, -12698500.7475 8207498.3218, -12698519.2203 8207297.6602, -12698499.5771 8207100.6545, -12698442.7737 8206911.0277, -12698315.3199 8206730.0504, -12698169.6767 8206757.2774, -12698012.7094 8206723.3726, -12697873.6758 8206627.2084, -12697719.9214 8206653.1626, -12697562.9588 8206619.249, -12697480.4486 8206561.5681, -12697389.2935 8206545.49889999, -12697243.1223 8206443.308, -12697189.3327 8206364.1574, -12697145.4958 8206354.6238, -12696986.4464 8206236.0429, -12696445.2439 8206347.3342, -12695990.2888 8206148.5003, -12695745.2891 8206092.6656, -12695440.8835 8206106.9485, -12695380.6268 8206128.3688, -12695292.8438 8206222.7663, -12695151.1592 8206330.8004, -12695039.632 8206443.1767, -12695060.5032 8206632.5564, -12695029.1942 8206790.327, -12694939.4451 8206923.7172, -12694674.8296 8207093.1402, -12694634.0262 8207274.066, -12694536.7668 8207418.6014, -12694417.521 8207532.3055, -12694319.4144 8207661.1873, -12694242.6383 8207803.8584, -12694184.1391 8207975.2175, -12694124.9089 8208057.2398, -12693975.8539 8208155.2307, -12693817.9578 8208184.6523, -12693611.262 8208139.8785, -12693541.6867 8208185.6121, -12693383.7879 8208215.0246, -12693226.8129 8208181.0121, -12692943.8781 8207989.8416, -12692802.3935 8207959.1769, -12692615.5109 8207865.1357, -12692514.6579 8207841.77399999, -12692237.1691 8207878.2769, -12692115.0734 8207804.1967, -12692010.625 8207808.7897, -12691698.4204 8207596.7271, -12691495.8404 8207563.31539999, -12691256.3544 8207579.3896, -12691099.4047 8207545.3351, -12691053.3435 8207513.0752, -12690896.7044 8207583.4185, -12690571.5231 8207795.1762, -12690413.6216 8207824.5239, -12690256.6682 8207790.4502, -12689983.413 8207611.3251, -12689849.2197 8207582.1847, -12689723.1806 8207517.79909999, -12689454.8049 8207497.2785, -12689094.4137 8207555.5249, -12688937.4725 8207521.4249, -12688486.8972 8207208.699, -12688371.2192 8207038.0471, -12688294.2739 8206862.9065, -12688210.4435 8206603.0862, -12688044.4817 8206335.3335, -12688003.3754 8206161.5911, -12688029.6075 8206002.908, -12688115.0203 8205866.7155, -12688271.8221 8205753.14150001, -12688388.907 8205641.345, -12688487.089 8205512.5769, -12688563.9512 8205370.0095, -12688635.0793 8205127.4743, -12688625.9108 8204832.7992, -12688674.5594 8204624.8148, -12688872.0254 8204314.0451, -12688924.1316 8204248.5076, -12689006.8117 8204204.42849999, -12689098.0311 8204064.1907, -12689187.2206 8203816.2756, -12689303.6062 8203630.6302, -12689424.9556 8203515.3951, -12689532.7191 8203371.4317, -12689599.9118 8203244.1119, -12689652.3308 8203095.6476, -12689904.6608 8202681.5084, -12689973.3846 8202496.0093, -12690012.3579 8202288.7128, -12690097.6918 8202152.5642, -12690228.9187 8202060.0355, -12690342.5456 8202038.3876, -12690401.5907 8201948.8134, -12690639.553 8201768.7247, -12690810.1004 8201560.4002, -12690904.0219 8201366.2417, -12690984.6933 8201039.8402, -12691331.9254 8200567.3245, -12691421.2966 8200411.3162, -12691482.2645 8200242.1344, -12691521.9358 8200030.3293, -12691591.9232 8199918.6153, -12691605.7701 8199860.25900001, -12691730.7278 8199687.3361, -12691980.3991 8199483.7422, -12692110.8195 8199335.2617, -12692327.7108 8198944.7767, -12692392.5743 8198783.9937, -12692334.1252 8198572.4291, -12692360.2376 8198413.8913, -12692445.4836 8198277.7865, -12692576.6132 8198185.2638, -12692636.5678 8198171.8538, -12692703.081 8198092.707, -12693071.3638 8197978.7765, -12693152.8592 8197584.1596, -12693240.3467 8197444.4426, -12693368.2295 8197323.871, -12693470.6735 8197188.1599, -12693620.9232 8197069.8355, -12693722.9847 8196953.5891, -12693748.4489 8196758.8425, -12693833.6507 8196622.7515, -12693905.75 8196571.8596, -12693945.4983 8196405.7795, -12694030.6926 8196269.6923, -12694161.7668 8196177.1663, -12694318.351 8196142.5781, -12694478.1654 8196164.9919, -12694636.4937 8196163.1259, -12694727.06 8196016.979, -12694793.7708 8195850.0995, -12694831.6215 8195673.7385, -12694916.7912 8195537.6541, -12695047.8415 8195445.1214, -12695204.4063 8195410.5178, -12695362.1562 8195439.2198, -12695496.5753 8195526.7674, -12695520.8394 8195562.48879999, -12695637.1507 8195491.3867, -12695795.6561 8195467.2117, -12695951.171 8195506.2832, -12696079.5299 8195602.5305, -12696160.7838 8195740.9981, -12696226.0679 8196188.8472, -12696321.9894 8196442.5136, -12696364.1602 8196702.1083, -12696440.2393 8196759.1484, -12696556.9997 8196958.1011, -12696611.6272 8197158.4361, -12696854.8946 8197305.1075, -12697163.626 8197392.37610001, -12697342.2569 8197508.6567, -12697432.5143 8197641.4614, -12697457.5253 8197764.481, -12697547.089 8197822.7785, -12697666.9922 8197999.1928, -12697688.4526 8198133.3217, -12697788.6167 8198197.9919, -12697997.0657 8198279.6574, -12698497.2403 8198196.5761, -12698703.9132 8198248.42, -12698976.1548 8198407.8835, -12699307.3373 8198502.8721, -12699396.9313 8198549.2279, -12699580.6783 8198686.8813, -12699874.4993 8198747.3257, -12700036.0975 8198748.1296, -12700277.1428 8198714.3985, -12700432.7497 8198753.3934, -12700561.2226 8198849.60549999, -12700760.8994 8199225.834, -12700903.5669 8199410.6042, -12701069.0471 8199548.6074, -12701428.7228 8199764.0281, -12701528.4616 8199910.6105, -12701584.4151 8200048.8612, -12701667.0031 8200188.0456, -12701770.3122 8200312.5747, -12701896.8537 8200423.096, -12701989.9854 8200559.9501, -12702022.1016 8200717.42450001, -12701990.9653 8200875.101, -12701899.7071 8201011.0101, -12701722.128 8201180.3853, -12701846.2129 8201272.4134, -12701936.5959 8201405.2302, -12702027.6463 8201834.4629, -12702126.7007 8202065.6312, -12702282.2564 8202264.5523, -12702365.0493 8202279.5354, -12702499.6749 8202367.0374, -12702684.5746 8202631.8643, -12702851.6415 8202794.9766, -12703051.0606 8202916.2571, -12703272.6071 8202989.4846, -12703415.0492 8203008.9263, -12703607.4489 8202964.1795, -12703713.3487 8202983.3246, -12703872.6194 8202934.3247, -12704017.0108 8202861.4284, -12704148.2381 8202766.8002, -12704251.2119 8202666.3161, -12704354.0261 8202533.0237, -12704490.9183 8202449.1176, -12704535.8716 8202442.207, -12704675.7376 8202244.7196, -12704812.6205 8202160.8108, -12704971.2388 8202136.4186, -12705175.9219 8202184.6309, -12705354.9032 8202199.5096, -12705740.4143 8202151.5905, -12705956.6131 8202202.6569, -12706135.5964 8202217.5169, -12706369.8693 8202188.187, -12706412.4456 8202036.8029, -12706426.8086 8201893.5296, -12706419.0091 8201731.7633, -12706313.5035 8201264.6923, -12706339.3281 8201106.04689999, -12706424.3504 8200969.7314, -12706555.3546 8200876.92769999, -12706711.9812 8200842.0563, -12706881.9308 8200872.7064, -12707112.5486 8200959.5696, -12707325.9525 8200988.5829, -12707540.7144 8200972.5077, -12707800.6959 8200897.201, -12707945.6123 8200877.3238, -12708152.4269 8200928.92369999, -12708400.8299 8201109.6456, -12708470.1534 8201143.0966, -12708617.7326 8201098.7776, -12708826.9752 8201098.109, -12708987.1377 8201076.1749, -12709158.5965 8201022.7236, -12709331.9821 8200931.89859999, -12709490.5596 8200907.4137, -12709646.2611 8200946.2271, -12709774.8915 8201042.3086, -12709856.4597 8201180.7282, -12709878.2867 8201339.9771, -12709858.6722 8201413.72779999, -12710505.589 8201468.2601, -12710459.047 8201299.5989, -12710484.7834 8201140.938, -12710569.7304 8201004.5741, -12710913.28 8200774.7972, -12711048.1771 8200656.0747, -12711189.1771 8200469.9736, -12711290.0832 8200239.6675, -12711398.5358 8199779.0117, -12711457.8764 8199596.5213, -12711482.6069 8199400.2954, -12711463.0774 8199167.5208, -12711355.3096 8198751.1411, -12711382.5399 8198583.1412, -12711474.6299 8198321.5956, -12711494.2973 8198053.0156, -12711468.3725 8197875.0866, -12711355.3793 8197475.0486, -12711381.0831 8197316.4654, -12711465.9696 8197180.1609, -12711596.8449 8197087.3147, -12711639.9579 8197077.6855, -12711668.5669 8196953.645, -12711763.2277 8196808.54299999, -12711835.3438 8196643.9123, -12711914.9172 8196240.5626, -12711971.808 8196075.8898, -12712099.7867 8195887.9178, -12712180.6489 8195707.591, -12712225.6757 8195515.1252, -12712233.2151 8195317.5937, -12712214.9421 8195174.898, -12712177.0242 8195036.1411, -12712120.2 8194904.0233, -12712045.5768 8194781.115, -12711862.9849 8194583.6388, -12711518.6637 8194339.3317, -12711432.6195 8194203.8323, -12711405.5408 8194045.5507, -12711453.1936 8193825.9835, -12711465.0088 8193664.6364, -12711433.1176 8193415.391, -12711388.0274 8193278.8398, -12711324.4075 8193149.9058, -12711169.339 8192946.9453, -12711058.6519 8192772.6207, -12711031.5862 8192614.368, -12711066.2109 8192444.6123, -12711075.2199 8192283.1135, -12711039.2115 8191993.2647, -12711160.0663 8191781.5999, -12711240.1548 8191724.7878, -12711216.4322 8191586.10279999, -12711247.5408 8191390.8894, -12711238.4559 8191172.7354, -12711258.5572 8190902.349, -12711240.3134 8190759.7353, -12711173.1968 8190476.6751, -12711198.8798 8190318.2411, -12711283.6895 8190182.0656, -12711521.262 8189990.3303, -12711612.9193 8189879.7108, -12711688.3143 8189757.3899, -12711776.9056 8189522.4396, -12711840.127 8189151.82329999, -12711924.9118 8189015.6617, -12712055.637 8188922.9084, -12712211.987 8188887.9756, -12712369.6657 8188916.291, -12712504.1683 8189003.4547, -12712594.5941 8189135.9245, -12712637.4896 8189344.7268, -12712577.5731 8189644.6423, -12712590.7518 8189913.3172, -12712610.169 8189986.8707, -12714880.0915 8190643.6786, -12715281.386 8190204.1657, -12716891.6176 8189521.2158, -12716856.8256 8189497.0287, -12716770.7398 8189361.679, -12716743.5649 8189203.5187, -12716779.5205 8189047.1317, -12716873.0158 8188916.8199, -12717265.3098 8188666.9636, -12717395.6711 8188543.684, -12717511.9834 8188391.0435, -12717648.4681 8188307.0519, -12717806.7506 8188282.4297, -12717962.2326 8188321.0025, -12718090.7534 8188416.7774, -12718146.9175 8188511.84309999, -12718735.384 8186874.3777, -12718350.8104 8184148.9199, -12718482.1866 8183506.371, -12718456.8117 8182591.2965, -12718399.8973 8182508.0609, -12718308.8276 8182058.6487, -12718208.7765 8181818.2599, -12718136.2095 8181315.4129, -12718045.0153 8181081.7673, -12717923.8083 8180904.1334, -12717736.693 8180732.1178, -12717605.6982 8180566.91489999, -12717484.308 8180460.6493, -12717184.482 8180251.5555, -12717098.4963 8180116.3772, -12717054.5483 8179880.0274, -12716974.8461 8179668.3621, -12716944.5062 8179491.8157, -12716957.02 8179305.9318, -12716933.546 8179110.0902, -12716893.2147 8178972.3394, -12716826.5195 8178827.6925, -12716782.1275 8178643.2582, -12716807.6497 8178485.0547, -12716892.2219 8178349.0296, -12717022.6984 8178256.3199, -12717178.8017 8178221.3314, -12717437.0946 8178258.6547, -12717639.6814 8177789.0991, -12717492.8596 8177621.34089999, -12717410.479 8177284.4055, -12717345.3117 8177117.3954, -12717230.4444 8176935.71809999, -12717065.8591 8176770.1044, -12717005.3142 8176681.5242, -12716963.6948 8176508.6281, -12716989.2055 8176350.4689, -12717094.8397 8176172.3544, -12717155.5877 8176022.8674, -12717225.2331 8175661.4056, -12717312.9814 8175512.0509, -12717373.7197 8175362.5752, -12717472.6105 8174947.5729, -12717565.9163 8174817.4966, -12717777.5533 8174698.1736, -12718015.3453 8174747.5765, -12718175.7555 8174847.6402, -12718342.0811 8174913.7547, -12718818.9657 8175055.05039999, -12719116.877 8174364.183, -12719037.2732 8174183.9159, -12718834.319 8173862.1184, -12718807.1552 8173704.2929, -12718842.9917 8173548.2192, -12718936.256 8173418.1498, -12719072.4498 8173334.2991, -12719230.4098 8173309.6945, -12719385.5873 8173348.1593, -12719531.9897 8173441.4399, -12719680.0961 8173504.8245, -12719836.2786 8173544.2152, -12719978.7804 8173558.288, -12720175.0787 8173544.9804, -12720575.6526 8173456.7188, -12720787.0959 8173436.5748, -12720942.0054 8173392.4346, -12721178.8385 8173266.925, -12721302.4256 8173163.4772, -12721400.9028 8173051.7717, -12721582.7637 8172939.72129999, -12722102.7117 8172876.2035, -12722256.8088 8172829.3379, -12722401.688 8172758.8977, -12722561.0638 8172643.365, -12722695.5009 8172499.49, -12722783.4603 8172364.3604, -12722860.3898 8172183.9389, -12722960.2695 8172022.9997, -12723090.56 8171930.2612, -12723284.7232 8171886.5742, -12723509.2098 8171862.6502, -12723729.0101 8171787.2665, -12723897.791 8171686.0715, -12723970.8184 8171617.2171, -12723928.1307 8171440.6104, -12723953.4762 8171282.5339, -12724037.8363 8171146.5576, -12724168.0984 8171053.8109, -12724324.0174 8171018.7054, -12724481.3658 8171046.6956, -12724569.3834 8171103.5312, -12724708.3104 8171015.6378, -12724866.2032 8170990.9208, -12725021.3622 8171029.2559, -12725149.677 8171124.687, -12725231.2056 8171262.3853, -12725253.2752 8171420.954, -12725243.9488 8171456.3182, -12725451.8487 8171367.1344, -12725628.5025 8171327.3281, -12725798.1606 8171328.339, -12725974.6065 8171299.025, -12726126.918 8171246.7318, -12726280.0586 8171164.6165, -12726676.1476 8171099.2743, -12726894.5456 8171019.9741, -12727075.6018 8170904.7569, -12727240.0703 8170740.4189, -12727355.5448 8170559.3444, -12727444.6316 8170297.7172, -12727529.8369 8170160.2345, -12727660.0381 8170067.4388, -12727815.9207 8170032.2645, -12727973.2615 8170060.1768, -12728107.6261 8170146.8501, -12728207.6921 8170270.7096, -12728327.206 8170378.7615, -12728542.5261 8170506.1479, -12728712.0594 8170563.1813, -12728941.015 8170605.745, -12729181.3626 8170697.0347, -12729322.5144 8170720.8448, -12729465.6004 8170724.7407, -12729607.8347 8170708.6463, -12729746.4477 8170672.8755, -12729878.7407 8170618.1251, -12730002.1376 8170545.4612, -12730201.333 8170366.1071, -12730382.8511 8170095.59570001, -12730513.0163 8170002.7505, -12730668.8839 8169967.5166, -12730837.2216 8169990.6585, -12730980.342 8169989.5202, -12731358.0002 8169933.2375, -12731513.1709 8169971.4315, -12731683.7048 8170098.0302, -12731880.1588 8170454.7194, -12731935.2259 8170840.9079, -12731976.7953 8170996.7285, -12732059.8032 8171175.3569, -12732285.4095 8171527.5508, -12732307.6298 8171686.1047, -12732170.6694 8172129.2629, -12732142.0392 8172269.7897, -12732136.2895 8172484.635, -12732175.256 8172695.989, -12732322.895 8173037.54029999, -12732455.8995 8173243.9535, -12732600.7672 8173402.5141, -12732791.0458 8173536.1432, -12733041.1396 8173632.4667, -12733307.6008 8173660.654, -12733572.2632 8173618.7827, -12733817.0835 8173509.7085, -12733947.4175 8173414.9236, -12734061.3423 8173300.88, -12734249.7536 8173018.9134, -12734367.784 8172897.5704, -12734460.1961 8172765.4454, -12734564.9507 8172518.4262, -12734635.4468 8172116.4007, -12734719.6221 8171980.2869, -12734849.7663 8171887.3422, -12735017.2749 8171849.3743, -12735179.1444 8171849.48539999, -12735355.5663 8171819.9465, -12735865.7643 8171612.8177, -12736030.9422 8171586.706, -12736202.0388 8171636.5753, -12736241.2541 8171429.9493, -12736317.6142 8171226.2636, -12736360.9237 8170983.1084, -12736445.0545 8170846.9962, -12736575.1576 8170754.0353, -12736731.0127 8170718.6706, -12736888.402 8170746.3971, -12736983.5775 8170807.6299, -12737154.0036 8170761.843, -12737311.3952 8170789.5604, -12737445.8638 8170876.062, -12737499.0671 8170953.4441, -12737518.1313 8170922.5906, -12737584.0365 8170875.4861, -12737513.8755 8170734.8245, -12737463.5441 8170528.2376, -12737488.5997 8170370.1338, -12737571.3738 8170210.7058, -12737625.1296 8170039.8426, -12737648.4503 8169862.2279, -12737642.1045 8169680.65649999, -12737689.1584 8169473.3266, -12737851.8116 8169223.2464, -12737906.5577 8169090.7854, -12737944.957 8168937.2551, -12738029.6007 8168788.5932, -12738082.9408 8168652.1975, -12738181.6669 8168492.3883, -12738311.7071 8168399.426, -12738467.5052 8168364.036, -12738624.8506 8168391.7166, -12738944.7499 8168590.25150001, -12739179.0083 8168670.9771, -12739144.5806 8168529.8058, -12739169.5937 8168371.7381, -12739253.6437 8168235.6413, -12739383.6662 8168142.6634, -12739510.4725 8168113.84, -12739410.4657 8167927.7263, -12739368.3752 8167755.1566, -12739418.8992 8167405.3044, -12739403.7841 8167156.5503, -12739439.184 8167000.5079, -12739574.7531 8166810.3681, -12739530.4907 8166746.7387, -12739502.9148 8166589.1383, -12739541.684 8166418.1136, -12739621.0693 8166238.5423, -12739730.777 8166084.6334, -12739854.6501 8165969.765, -12739937.5206 8165861.478, -12739956.6322 8165740.6199, -12740061.044 8165621.4877, -12739858.9637 8165284.1643, -12739792.8389 8164917.944, -12739728.7837 8164731.8239, -12739598.1439 8164518.4431, -12739398.0551 8164326.815, -12739340.5121 8164243.1666, -12739298.4438 8164070.6817, -12739323.4384 8163912.7075, -12739527.1 8163579.7433, -12739609.0278 8163381.385, -12739644.5803 8163205.979, -12739643.8867 8162968.59969999, -12739672.2383 8162789.3536, -12739755.186 8162598.12569999, -12739616.6815 8162451.4874, -12739230.6246 8162178.2445, -12739173.6332 8162095.3942, -12739131.5807 8161922.9578, -12739141.8065 8161858.3362, -12739099.2767 8161828.9584, -12739042.2896 8161746.1112, -12739000.2422 8161573.6823, -12739025.2346 8161415.7618, -12739113.3761 8161257.3887, -12739171.4698 8161083.5107, -12738951.2534 8160940.7329, -12738894.2745 8160857.8942, -12738858.525 8160711.2801, -12738630.9363 8160667.8209, -12738470.1811 8160670.67099999, -12738215.2327 8160705.7213, -12737852.5013 8160610.3155, -12737721.1363 8160519.5393, -12737635.0047 8160384.9539, -12737607.4919 8160227.4803, -12737642.8702 8160071.5957, -12737735.6384 8159941.5238, -12737871.3759 8159857.4787, -12738156.3001 8159822.8408, -12738139.6254 8159727.4413, -12738174.9904 8159571.5639, -12738352.9536 8159308.63880001, -12738448.7342 8159058.5067, -12738475.0865 8158881.5834, -12738471.2367 8158711.0018, -12738499.9632 8158529.5673, -12738583.9141 8158393.6566, -12738713.773 8158300.8122, -12738869.3582 8158265.4608, -12739026.493 8158293.095, -12739394.0873 8158536.3219, -12739649.4749 8158650.5625, -12739878.0144 8158855.9445, -12740031.4697 8159028.3612, -12740188.625 8159055.9737, -12740322.9161 8159142.2872, -12740345.2861 8159182.8218, -12740612.7346 8159241.3147, -12740747.034 8159327.6228, -12740837.603 8159459.2257, -12740870.3623 8159615.6706, -12740831.9264 8159815.8222, -12740773.2489 8159998.4581, -12740749.5039 8160186.9252, -12740766.3974 8160211.4727, -12740799.1585 8160367.9337, -12740787.8107 8160427.0243, -12741072.4726 8160260.0004, -12741228.0878 8160224.59049999, -12741385.2727 8160252.1821, -12741519.6968 8160338.5508, -12741617.3199 8160458.4499, -12741736.8717 8160566.1449, -12742078.0266 8160779.5223, -12742269.3296 8160921.1176, -12742559.5347 8161263.65339999, -12742629.0734 8161321.7528, -12742692.2743 8161358.7509, -12742835.7146 8161383.9011, -12742970.0788 8161470.1942, -12743058.1812 8161584.8579, -12743173.9477 8161696.6617, -12743352.6976 8161814.9612, -12743569.3782 8161898.062, -12744000.0694 8161976.7671, -12744134.4574 8162063.0457, -12744225.1192 8162194.6555, -12744551.1281 8162357.0827, -12744606.4061 8162620.648, -12744639.3218 8162652.9242, -12745066.4787 8162560.0028, -12745101.9996 8162401.3755, -12745284.5605 8162099.8265, -12745357.9404 8161917.2736, -12745436.821 8161397.1897, -12745390.9577 8161219.017, -12745325.3882 8161071.9391, -12745242.9808 8160942.2772, -12745200.7945 8160769.9018, -12745225.653 8160611.97699999, -12745309.5051 8160475.95229999, -12745616.8784 8160252.6928, -12745757.6503 8160110.8416, -12745898.212 8160023.5996, -12746055.8029 8159998.4685, -12746210.8431 8160036.3051, -12746339.2408 8160131.2308, -12746360.502 8160166.9085, -12746490.9875 8160138.3759, -12746648.1904 8160165.8561, -12746738.6445 8160223.8835, -12746927.5022 8160194.2767, -12747050.0875 8160008.08200001, -12747144.0744 8159767.007, -12747170.2232 8159590.0357, -12747167.1925 8159429.0194, -12747139.0569 8159270.4638, -12747070.5511 8159052.0413, -12747055.6577 8158857.4085, -12747092.5465 8158622.6731, -12747203.8552 8158442.0057, -12747449.8389 8158243.2892, -12747497.7349 8158183.8612, -12747449.356 8157967.1992, -12747484.5181 8157811.3143, -12747577.0868 8157681.1585, -12747856.1293 8157505.2281, -12747959.7388 8157413.1193, -12748048.4897 8157258.3119, -12748163.6102 8157145.5637, -12748231.8538 8156994.9336, -12748354.2683 8156501.0487, -12748239.8705 8156411.7966, -12748115.4192 8156341.5115, -12747982.4168 8156289.2599, -12747534.5356 8156190.6003, -12747403.1301 8156100.0485, -12747316.8745 8155965.6545, -12747289.1734 8155808.3094, -12747324.3285 8155652.4697, -12747392.2299 8155557.0015, -12747313.3883 8155476.8562, -12747260.5575 8155512.1353, -12747103.9816 8155542.4799, -12746947.8673 8155509.8379, -12746816.4809 8155419.2839, -12746730.2435 8155284.8952, -12746702.5573 8155127.5623, -12746737.7216 8154971.7394, -12746817.0239 8154846.888, -12746876.0798 8154716.5999, -12746929.3854 8154508.9417, -12746933.6835 8154241.2424, -12746868.6772 8153981.5593, -12746807.0178 8153852.5056, -12746728.0321 8153733.306, -12746633.2582 8153626.2793, -12746524.5411 8153533.5078, -12746403.9963 8153456.7959, -12746273.9699 8153397.6356, -12746176.568 8153368.8672, -12746096.1396 8153416.4658, -12745984.4874 8153505.6665, -12745864.1028 8153637.6066, -12745741.1499 8153818.9166, -12745608.4602 8153907.4821, -12745451.9117 8153937.7855, -12745106.9615 8153876.7302, -12744834.0551 8153896.8646, -12744485.493 8153824.7631, -12744325.4567 8153810.9031, -12744094.9841 8153835.405, -12743909.0921 8153897.9179, -12743803.939 8154086.5214, -12743761.1206 8154223.0192, -12743685.386 8154712.7196, -12743568.1503 8154889.4587, -12743435.4163 8154977.9977, -12743278.8367 8155008.2596, -12743122.2366 8154975.4319, -12743020.6917 8154919.1818, -12742918.027 8155083.3456, -12742785.282 8155171.8753, -12742628.6953 8155202.1243, -12742472.608 8155169.3899, -12742326.8236 8155068.783, -12742165.3527 8154808.37529999, -12742149.5722 8154743.7808, -12741735.8646 8154814.3986, -12741579.7894 8154781.6471, -12741434.0249 8154681.0283, -12741377.066 8154598.2778, -12741335.0043 8154426.0264, -12741359.9229 8154268.2483, -12741500.8888 8154038.3133, -12741562.2907 8153909.1355, -12741609.155 8153755.2139, -12741641.5914 8153561.8454, -12741745.3141 8153393.7655, -12741887.2765 8153209.9569, -12741671.0278 8153096.8317, -12741521.3702 8153037.9443, -12741332.7742 8152907.7567, -12741246.6648 8152773.3501, -12741219.1033 8152616.0499, -12741254.3698 8152460.30569999, -12741338.8107 8152341.7868, -12741318.1988 8152224.1583, -12741353.4614 8152068.4218, -12741446.0651 8151938.4419, -12741581.9263 8151854.2257, -12741567.2025 8151783.0209, -12741584.4313 8151736.5047, -12741446.4712 8151629.5985, -12741287.4753 8151546.8912, -12741119.0905 8151430.648, -12741033.0019 8151296.2655, -12741005.4503 8151138.9955, -12741040.7142 8150983.283, -12741299.5789 8150647.84849999, -12741394.5647 8150475.92899999, -12741442.1308 8150341.0939, -12741512.2445 8150036.4935, -12741576.8925 8149848.7054, -12741630.1274 8149475.021, -12741635.6242 8149314.288, -12741615.9547 8149154.6761, -12741521.2145 8148763.5361, -12741546.11 8148605.8765, -12741629.8933 8148470.111, -12741759.542 8148377.3357, -12741914.9059 8148341.9667, -12742071.8437 8148369.4996, -12742205.9649 8148455.6557, -12742296.7065 8148587.4537, -12742349.1826 8148752.2802, -12742431.6418 8148910.67319999, -12742528.3496 8149039.0333, -12742681.6051 8149174.6702, -12742761.776 8149124.9563, -12742770.076 8148987.1736, -12742742.6264 8148792.6543, -12742631.0926 8148386.9666, -12742655.9634 8148229.3113, -12742739.7225 8148093.5399, -12742869.3505 8148000.7498, -12743024.7019 8147965.3594, -12743281.5519 8148008.468, -12743429.3849 8148013.5074, -12743573.7691 8147910.92450001, -12743964.5778 8147826.1836, -12744170.1762 8147876.4183, -12744298.3392 8147971.2245, -12744379.9694 8148108.2882, -12744404.584 8148362.385, -12744480.9146 8148418.8459, -12744562.553 8148555.9158, -12744587.1244 8148729.16, -12744582.6273 8148997.4151, -12744637.3719 8149255.1251, -12744729.2177 8149451.894, -12744839.7311 8149548.8181, -12745000.5265 8149521.6203, -12745206.1781 8149571.8379, -12745256.7347 8149609.2258, -12745278.479 8149645.7261, -12745379.3422 8149663.3747, -12745454.4157 8149729.4889, -12745688.4589 8149764.1265, -12745866.7081 8149878.5063, -12745899.9315 8149927.8457, -12745980.0715 8149913.1728, -12746137.0575 8149940.6259, -12746271.254 8150026.7269, -12746361.808 8150158.099, -12746377.0253 8150230.5027, -12746416.4014 8150221.1888, -12746622.341 8149921.0435, -12747036.0715 8149658.0238, -12747122.9333 8149579.4527, -12747236.7098 8149136.6599, -12747532.5264 8148688.5839, -12747463.0788 8148577.9041, -12747435.4015 8148420.7143, -12747470.5184 8148265.0278, -12747611.7947 8148087.7272, -12747594.236 8148001.9105, -12747512.4465 8147984.8153, -12747333.4809 8147861.48839999, -12747111.6203 8147528.4718, -12747069.4659 8147356.4156, -12747095.81 8147188.7736, -12747075.9129 8147075.7382, -12747111.031 8146920.08079999, -12747227.7583 8146728.8664, -12747297.8218 8146530.983, -12747476.1473 8146279.385, -12747481.8178 8146196.4238, -12747438.8773 8145903.154, -12747457.5795 8145795.9526, -12747367.3878 8145729.3484, -12747207.4561 8145497.3909, -12747179.1688 8145381.9414, -12747029.6874 8145171.5765, -12746892.1289 8145033.9516, -12746799.4358 8144899.4968, -12746775.1004 8144830.5459, -12746750.9 8144641.4182, -12746784.2612 8144429.1781, -12746857.0979 8144265.3353, -12746958.6758 8144122.53459999, -12747094.022 8144038.4979, -12747371.4855 8143984.46450001, -12747457.4353 8143833.9221, -12747586.9307 8143741.1024, -12747742.1711 8143705.6334, -12747899.0331 8143733.026, -12748033.1391 8143819.0239, -12748203.625 8144044.3055, -12748449.0276 8144244.9628, -12748556.3927 8144378.8908, -12748711.3124 8144531.75159999, -12748743.9215 8144537.442, -12748878.0516 8144623.4339, -12749046.3417 8144857.6998, -12749180.4087 8144984.7295, -12749332.216 8145016.4231, -12749357.4843 8144980.876, -12749492.8193 8144896.7858, -12749650.0792 8144871.6285, -12749804.8241 8144909.3133, -12749933.0081 8145003.9849, -12750014.7094 8145140.9328, -12750032.9109 8145268.5934, -12750157.7262 8145348.5833, -12750193.4401 8145400.3379, -12750265.1057 8145640.6111, -12750342.8023 8145789.4701, -12750488.8339 8145969.4511, -12750688.0921 8146122.7839, -12750778.6768 8146254.0339, -12750811.587 8146410.1599, -12750781.7052 8146566.9004, -12750693.6717 8146699.8923, -12750522.1727 8146814.527, -12750335.4036 8146912.6822, -12750204.1306 8147023.4407, -12750323.0151 8147099.6258, -12750413.6051 8147230.8974, -12750446.512 8147387.0453, -12750416.6185 8147543.8048, -12750398.0344 8147571.8769, -12750816.0387 8147669.4277, -12751029.8643 8147670.8884, -12751292.7344 8147622.8436, -12751501.2275 8147659.1496, -12751645.8285 8147751.779, -12751751.0907 8147859.5317, -12751879.4725 8147956.0405, -12752005.0228 8148023.999, -12752155.2446 8148078.4784, -12752300.013 8148171.19699999, -12752420.4117 8148345.5639, -12752436.1579 8148447.1584, -12752596.5722 8148476.8972, -12752730.8172 8148562.8649, -12752821.4674 8148694.133, -12752861.5797 8148876.8497, -12753016.4811 8148809.3827, -12753178.7248 8148783.3495, -12753333.5687 8148820.9808, -12753461.8646 8148915.6413, -12753570.8764 8149098.1699, -12753637.2377 8149278.4465, -12753728.0978 8149432.1727, -12753857.1011 8149580.1551, -12754046.3031 8149729.2198, -12754134.2013 8149866.373, -12754227.1588 8149974.8923, -12754394.9217 8150112.35769999, -12754447.0816 8150187.8523, -12754484.0929 8150211.541, -12754574.7939 8150342.8167, -12754610.9737 8150514.0228, -12754615.9452 8150628.3093, -12754666.2345 8150715.0872, -12754780.0218 8150852.6919, -12754874.4445 8150931.6736, -12754978.022 8150857.2759, -12755184.3853 8150809.9107, -12755246.3122 8150820.6619, -12755424.7333 8150934.8289, -12755596.176 8151181.0348, -12755690.1415 8151203.83910001, -12755818.5083 8151298.4892, -12755928.0149 8151496.5609, -12755984.2493 8151534.3485, -12756217.9269 8151627.0314, -12756388.4614 8151752.7541, -12756470.355 8151889.7548, -12756511.7706 8152158.996, -12756597.6312 8152213.9163, -12756757.857 8152460.5828, -12756922.1552 8152624.2904, -12757637.7587 8153059.9137, -12757762.3376 8153235.8688, -12758068.3294 8153241.4648, -12758277.0134 8153277.6085, -12758411.4102 8153363.5292, -12758532.0355 8153537.9185, -12758580.7724 8153770.7332, -12758654.8164 8153952.78639999, -12758927.4932 8154360.5855, -12758934.7639 8154394.89329999, -12759040.1043 8154472.4946, -12759122.0764 8154609.516, -12759144.8166 8154767.6317, -12759110.6889 8154923.4473, -12759099.9634 8155084.0368, -12759124.8331 8155297.0164, -12759135.6454 8155327.3146, -12759247.1889 8155409.4807, -12759364.9738 8155606.3521, -12759450.0241 8155835.6362, -12759470.6295 8155848.8051, -12759581.4906 8155830.9186, -12759709.6487 8155861.9481, -12760145.531 8156077.2595, -12760227.541 8156214.2981, -12760250.3094 8156372.445, -12760205.8883 8156544.1493, -12760147.7894 8156626.1333, -12760000.6253 8156724.7716, -12759665.8837 8156797.2297, -12759416.1778 8156918.0849, -12759498.9239 8157097.9231, -12759811.5081 8157518.7434, -12759844.6568 8157675.0647, -12759814.9192 8157832.07769999, -12759570.3138 8158217.0594, -12759516.0318 8158349.4882, -12759477.6238 8158505.8456, -12759465.2028 8158720.0144, -12759497.5029 8158932.096, -12759573.1157 8159132.8206, -12759678.9948 8159300.3752, -12759845.2624 8159256.8405, -12760002.4963 8159284.0351, -12760137.0213 8159369.9939, -12760308.6431 8159613.7118, -12760431.9793 8159743.0902, -12760545.6508 8159829.8947, -12760765.0621 8159958.3619, -12760892.3401 8160113.6109, -12760929.5052 8160090.4392, -12761138.7749 8160056.6322, -12761293.8933 8160094.1547, -12761422.4842 8160188.8209, -12761513.5992 8160341.0148, -12761533.8515 8160460.6103, -12761576.6396 8160471.3704, -12761705.2405 8160566.0365, -12761814.8457 8160749.0994, -12761872.4235 8160907.9352, -12761960.9004 8161063.3706, -12762087.6689 8161213.6799, -12762241.9357 8161337.7687, -12762333.0374 8161469.3315, -12762366.6531 8161682.3388, -12762695.1375 8161874.76659999, -12762786.1247 8162006.147, -12762825.0161 8162189.1897, -12762843.766 8162422.4254, -12762932.4409 8162508.6358, -12763055.9069 8162691.7079, -12763162.4497 8162768.8076, -12763357.7381 8162857.1259, -12763567.0916 8162902.8331, -12763833.1657 8162897.6865, -12764042.1478 8162933.7155, -12764176.7851 8163019.643, -12764267.8124 8163151.0255, -12764301.0794 8163307.44479999, -12764263.0613 8163477.2604, -12764368.4646 8163502.7105, -12764497.1532 8163597.3667, -12764579.3257 8163734.4952, -12764602.2091 8163892.7881, -12764538.8198 8164162.525, -12764620.7384 8164222.7773, -12764702.92 8164359.9159, -12764726.1335 8164520.4735, -12764703.9715 8164695.6591, -12764710.189 8164856.6978, -12764741.4781 8165014.7825, -12764804.6928 8165182.2379, -12764895.9768 8165336.1549, -12765012.5577 8165471.8547, -12765408.9141 8165775.7286, -12765491.1275 8165912.8874, -12765522.8476 8166110.2998, -12765577.2529 8166280.8593, -12765641.58 8166408.8668, -12765723.0669 8166526.6609, -12765860.1643 8166667.779, -12766021.6261 8166780.0965, -12766184.573 8166853.7135, -12766358.6669 8166898.0461, -12766445.3451 8166953.3279, -12766611.42 8167018.3605, -12766763.7504 8167115.506, -12766820.5154 8167197.3765, -12766853.8539 8167353.8689, -12767205.3533 8167953.6103, -12767485.0426 8168166.146, -12767567.3203 8168303.32549999, -12767590.353 8168462.2028, -12767566.6449 8168606.4463, -12767564.5017 8168767.6752, -12767626.5061 8169110.3224, -12767596.8862 8169267.6067, -12767405.6481 8169569.9645, -12767460.5682 8169646.4296, -12767574.8651 8169759.9895, -12767704.6195 8169853.9546, -12767925.4391 8170171.3024, -12768018.8507 8170279.9441, -12768140.7945 8170385.2397, -12768295.8418 8170486.3533, -12768416.9752 8170660.9821, -12768450.3625 8170817.5399, -12768420.6264 8170975.5367, -12768346.6417 8171116.6551, -12768299.4296 8171252.0374, -12768263.273 8171517.926, -12768275.1844 8171678.7902, -12768312.07 8171835.8103, -12768365.104 8171969.02669999, -12768450.2633 8172119.3863, -12768473.2544 8172277.8446, -12768428.9273 8172449.9634, -12768349.8366 8172547.2299, -12768308.2209 8172708.80919999, -12768192.2823 8172949.7758, -12768148.8347 8173141.9994, -12768142.7971 8173339.0016, -12768175.5517 8173544.3745, -12768145.9258 8173701.754, -12768057.881 8173835.4346, -12767925.1003 8173924.6358, -12767779.7978 8173953.2139, -12767727.4044 8174026.4619, -12767579.9966 8174125.4797, -12767423.1119 8174156.3282, -12767266.5182 8174124.0318, -12766907.776 8173883.1559, -12766761.527 8173815.5554, -12766618.6823 8173774.2237, -12766472.1392 8173673.7933, -12766384.9791 8173548.072, -12766256.5646 8173315.1673, -12766148.3267 8173195.6946, -12766022.7686 8173094.6549, -12765899.1119 8173022.3376, -12765766.614 8172967.9626, -12765610.2012 8172929.5404, -12765467.6254 8172916.3439, -12765324.6038 8172923.1514, -12765154.2975 8172953.5417, -12764997.739 8172921.2027, -12764738.324 8172746.6416, -12764676.0683 8172785.5003, -12764501.9299 8172819.6708, -12764345.377 8172787.3187, -12764198.9525 8172686.9037, -12764096.0114 8172528.8208, -12763885.0383 8172386.647, -12763755.731 8172326.8141, -12763729.5492 8172454.6059, -12763688.8402 8172882.0221, -12763483.211 8173063.1345, -12763322.8139 8173094.5818, -12762994.0791 8173097.3423, -12762689.9227 8173200.4814, -12762407.8841 8173418.8427, -12762168.1404 8173874.3004, -12762142.2972 8174051.6629, -12762178.864 8174389.1246, -12762258.1974 8174588.88050001, -12762530.8492 8174917.9131, -12762770.217 8175076.96809999, -12762861.3661 8175208.5797, -12762864.9123 8175522.6541, -12762776.7514 8175656.3044, -12762692.5067 8175701.0069, -12762723.166 8175754.1389, -12762750.4589 8175943.2682, -12762751.5463 8176139.8994, -12762806.7783 8176180.5439, -12762889.0579 8176317.9221, -12762911.9435 8176476.4861, -12762883.5625 8176586.3481, -12762911.4284 8176717.493, -12762881.6787 8176874.9182, -12762793.502 8177008.5928, -12762660.6017 8177097.7375, -12762503.6347 8177128.4941, -12762226.6008 8177072.9788, -12762044.6385 8177070.2874, -12761903.5032 8177207.7515, -12761809.2271 8177338.6683, -12761736.5522 8177482.7497, -12761687.2686 8177636.449, -12761627.1364 8177948.7598), (-12763758.2156 8165620.8735, -12763667.7666 8165487.5799, -12763570.7508 8165382.2808, -12763460.0535 8165291.5325, -12763337.829 8165217.0999, -12763140.2179 8165142.0695, -12763212.8778 8165189.2813, -12763303.9144 8165320.7137, -12763440.2148 8165898.9203, -12763825.7822 8166499.5564, -12763888.6162 8166224.6627, -12763891.8399 8166081.3894, -12763871.6499 8165921.4782, -12763826.7394 8165766.7028, -12763758.2156 8165620.8735))"
74,21197,1791,2023-10-15 06:33:14,MNZ003, ,504569.2,2023-10-02,0800,0 - hand sketch of any type,Mutual Aid,Being Held,2023/09/28 18:00:00,E,28973.0,,,2,f17839a3-3fe3-4a7c-accf-2ad645f5a575,19827865227.6641,2115451.37693641,"POLYGON ((-12415155.9749 8346670.7045, -12415134.2855 8346626.01039999, -12415211.6281 8346502.29200001, -12415236.2028 8346406.7619, -12415119.9904 8346225.8403, -12415084.6981 8346047.4446, -12415178.823 8345526.9829, -12415172.4384 8345343.7648, -12415134.3911 8345164.4448, -12415057.3788 8344978.1897, -12414931.4459 8344776.55569999, -12414844.7659 8344536.1133, -12414811.6052 8344319.55259999, -12414755.0703 8344145.2204, -12414627.1562 8343923.2481, -12414531.0869 8343812.5235, -12414412.154 8343709.8874, -12414357.5688 8343622.5391, -12414322.3065 8343444.2031, -12414365.7264 8343231.0569, -12414402.2773 8343154.42189999, -12414153.8954 8342736.5681, -12414091.0849 8342421.5034, -12414002.4339 8342109.1728, -12413988.7234 8342003.593, -12414017.7766 8341861.0028, -12414131.1584 8341704.9487, -12414281.5213 8341612.5296, -12414359.992 8341439.28, -12414450.8427 8341017.2424, -12414542.8682 8340881.948, -12414679.9403 8340792.7955, -12414941.5223 8340726.6649, -12415167.3352 8340606.3982, -12415357.3865 8340434.9792, -12415500.3847 8340222.5978, -12415563.3816 8340070.2295, -12415642.0019 8339786.9641, -12415744.4579 8339561.3609, -12415694.9366 8339472.9112, -12415673.8206 8339310.6038, -12415716.9686 8339152.7381, -12415817.6715 8339023.846, -12415929.4905 8338961.2042, -12415975.6789 8338840.6349, -12416020.4421 8338579.3531, -12416078.5681 8338366.6457, -12416190.4757 8338119.671, -12416281.0638 8337698.3594, -12416373.0136 8337563.102, -12416510.0018 8337473.954, -12416670.7396 8337444.7672, -12416882.6237 8337491.6696, -12417051.1082 8337575.2777, -12417214.1127 8337395.9291, -12417396.0622 8337277.4913, -12417491.6014 8337260.1318, -12417572.6295 8336918.2966, -12417591.6773 8336736.1754, -12417568.842 8336499.4395, -12417493.4327 8336273.9235, -12417401.9882 8336115.3809, -12417327.9527 8336027.0523, -12417222.5275 8336056.7586, -12417168.595 8336045.541, -12417116.8432 8335992.4298, -12417098.3431 8335938.8602, -12416780.7538 8335931.759, -12416713.5693 8335812.7289, -12416687.0716 8335617.0676, -12416712.0514 8335447.141, -12416700.1016 8335391.9814, -12416302.8274 8335297.2658, -12416158.2286 8335187.7329, -12416103.6836 8335100.49859999, -12416048.0805 8334847.20489999, -12415971.1479 8334661.2198, -12415893.6245 8334536.9753, -12415788.4211 8334413.359, -12415454.9253 8333869.8868, -12415433.8285 8333707.7015, -12415497.9068 8333449.1411, -12415502.7497 8333180.4277, -12415419.1048 8333060.7791, -12415266.5725 8332917.0176, -12415184.473 8332775.4828, -12415163.3848 8332613.32109999, -12415171.8869 8332581.9208, -12415136.8141 8332404.6698, -12415166.66 8332246.9548, -12415106.6691 8332129.0177, -12414968.7851 8331958.4526, -12414820.472 8331836.3757, -12414764.403 8331821.986, -12414619.8946 8331712.4758, -12414565.3928 8331625.2718, -12414530.1774 8331447.2256, -12414551.9738 8331210.8256, -12414361.4988 8331171.1368, -12414161.8625 8330982.22119999, -12413935.8013 8330664.1189, -12413632.114 8330585.0553, -12413487.6464 8330475.5417, -12413414.2712 8330358.1, -12413348.6462 8330055.0485, -12413297.4487 8330016.2359, -12413242.9749 8329929.0425, -12413209.6451 8329741.9729, -12413169.3533 8329676.0733, -12413032.3869 8329524.7824, -12412914.6695 8329321.7053, -12412893.6397 8329159.6135, -12412936.4861 8329003.0675, -12412806.9721 8328985.5273, -12412744.1618 8328960.804, -12412641.5391 8328880.46, -12412563.0387 8328747.8735, -12412568.6579 8328641.1387, -12412519.8782 8328552.9377, -12412436.3248 8328516.4139, -12412245.6616 8328484.9302, -12412141.3632 8328436.604, -12412111.6492 8328392.2214, -12412085.311 8328283.8016, -12412071.3155 8328143.929, -12412015.0444 8328090.8013, -12411906.5859 8328156.2932, -12411745.1628 8328180.00959999, -12411523.4666 8328123.0131, -12411290.9108 8328008.7327, -12410852.395 8327892.4206, -12410698.5287 8327775.6927, -12410506.5753 8327585.0537, -12410381.4987 8327552.8761, -12410237.139 8327443.3457, -12410182.7201 8327356.161, -12410147.6289 8327178.1987, -12410191.0644 8326965.5452, -12410240.1648 8326899.9444, -12410126.8476 8326707.2839, -12410085.4837 8326456.742, -12409983.7766 8326340.0242, -12409901.1344 8326207.6132, -12409866.0552 8326029.6776, -12409921.1016 8325743.9082, -12409927.5954 8325561.1848, -12409906.2594 8325397.9873, -12409853.0158 8325223.1089, -12409770.2694 8325060.1519, -12409672.6343 8324927.7841, -12409569.4202 8324824.244, -12409396.7701 8324690.1816, -12409342.3805 8324603.0229, -12409302.0637 8324436.4174, -12409247.4514 8324300.7168, -12409169.4093 8324182.407, -12408859.7722 8324096.6619, -12408715.5019 8323987.1543, -12408661.126 8323900, -12408631.796 8323765.8854, -12408470.7557 8323724.01789999, -12408228.1027 8323701.6419, -12408013.3922 8323584.8141, -12407840.917 8323525.1415, -12407697.1163 8323499.5986, -12407537.5076 8323494.9328, -12407366.9197 8323450.9749, -12407236.9893 8323352.3109, -12407155.2269 8323211.0106, -12407134.3385 8323049.0386, -12407177.5664 8322891.5701, -12407449.2588 8322535.5195, -12407398.5634 8322419.2704, -12407302.4736 8322320.8205, -12407259.1251 8322211.79299999, -12407249.1234 8322122.5179, -12406016.2295 8320998.6408, -12405536.4661 8320950.7514, -12405468.6956 8320915.296, -12405419.4537 8320856.7081, -12405396.124 8320783.7737, -12405342.12 8320280.2792, -12405388.5003 8320169.7697, -12405452.1046 8320120.3618, -12405503.7614 8320102.9172, -12405369.4202 8319429.7241, -12405116.8097 8319220.9634, -12405018.2615 8318992.2978, -12405114.3275 8318904.369, -12405182.0073 8318758.156, -12405209.7428 8318519.8867, -12405198.8325 8318444.3758, -12405133.0671 8318276.0071, -12405047.581 8318196.4849, -12404922.9627 8318009.9678, -12404924.566 8317980.0866, -12404854.8021 8317886.428, -12404816.4728 8317764.4959, -12404821.2837 8317674.8554, -12404870.8367 8317587.6254, -12405054.6148 8317507.6212, -12405115.072 8317495.8921, -12405205.1549 8317442.0826, -12405231.418 8317237.5614, -12405317.407 8316942.379, -12405344.9931 8316713.6559, -12405285.7278 8316496.95189999, -12405003.0377 8316248.6502, -12404856.2104 8316197.3938, -12404803.9515 8316239.6583, -12404816.5601 8316372.0615, -12404762.8243 8316545.0129, -12404699.5377 8316625.7759, -12404544.5809 8316719.1416, -12404476.5295 8316729.0728, -12404412.2143 8316827.3203, -12404516.8102 8317068.4604, -12404456.2566 8317222.3329, -12404276.1802 8317265.0036, -12404229.1824 8316976.1659, -12403929.4195 8317163.3006, -12403715.2834 8317194.5301, -12403557.5352 8317153.7962, -12403427.7658 8317055.152, -12403346.1443 8316913.9318, -12403325.3546 8316752.0882, -12403429.5309 8316372.2942, -12403456.8635 8316210.2055, -12403459.633 8316064.0835, -12403438.1053 8315870.3703, -12403495.7941 8315608.6062, -12403491.7342 8315353.3297, -12403394.8254 8314853.7009, -12403338.7726 8314679.9816, -12403200.6105 8314444.1882, -12403016.0942 8314259.8417, -12402934.4039 8314118.4866, -12402913.63 8313956.703, -12402944.8042 8313843.3868, -12402919.656 8313803.011, -12402884.7984 8313625.3435, -12403043.9658 8312894.2734, -12403104.704 8312753.0959, -12403146.0205 8312594.0895, -12403162.1837 8312412.2964, -12403146.1231 8312195.8277, -12403180.3701 8312028.7988, -12403272.2285 8311894.17, -12403408.8897 8311805.56669999, -12403460.5263 8311796.2822, -12403277.6484 8311590.7991, -12403240.1085 8311528.4534, -12403231.5287 8311420.3645, -12403281.3728 8311237.9094, -12403286.5829 8311161.7082, -12403379.4587 8311011.449, -12403575.4095 8310466.092, -12403698.1267 8310424.9396, -12403861.9355 8310335.1946, -12403971.8755 8310214.7351, -12403996.8831 8310125.0835, -12403979.1748 8309985.10149999, -12403931.5448 8309798.7902, -12403881.7487 8309922.0561, -12403831.9859 8309924.6034, -12403781.3026 8309895.7039, -12403778.6823 8309730.8804, -12403725.158 8309700.3605, -12403658.9956 8309580.4019, -12403675.3855 8309275.7804, -12403805.2726 8309020.9391, -12404105.7873 8308833.4948, -12404292.465 8308872.6535, -12404465.4743 8308986.2333, -12404734.2218 8308860.1316, -12404778.082 8308753.3473, -12404800.0399 8308507.7456, -12404906.7666 8308319.8595, -12405055.2019 8308255.2363, -12405103.3862 8308257.8284, -12405143.4967 8308240.3651, -12405283.0945 8308387.586, -12405390.8992 8308446.2022, -12405418.8938 8308238.9806, -12405477.4955 8308022.40779999, -12405575.4182 8307949.1988, -12405809.3309 8307969.6096, -12406000.8416 8308050.5141, -12406109.6417 8308213.2967, -12406132.9379 8308363.6467, -12406039.4786 8308499.8871, -12406072.1032 8308587.0044, -12406094.3006 8308605.8962, -12406193.4779 8308625.7633, -12406332.3268 8308636.1198, -12406440.1617 8308900.8282, -12406521.6189 8309007.0226, -12406655.4015 8309233.0329, -12407169.9105 8309484.354, -12407791.4768 8309707.6953, -12408071.4423 8309628.188, -12408542.422 8309553.3698, -12408617.4988 8309555.9619, -12408686.1572 8309586.4979, -12408738.4287 8309640.5446, -12408823.3627 8309840.1943, -12408943.637 8309891.0875, -12409038.225 8310024.8468, -12409064.0382 8310097.8084, -12409066.6748 8310292.1641, -12408749.9058 8311564.8568, -12408579.1058 8312010.2632, -12408500.4235 8312261.8744, -12408421.3254 8312788.8581, -12408423.2554 8312855.2338, -12408507.9546 8313167.1291, -12408621.9555 8313321.5601, -12408770.5277 8313445.3949, -12408941.2989 8313527.0304, -12409197.8309 8313535.0724, -12409501.991 8313354.7967, -12409644.7193 8313156.8748, -12409741.2111 8313051.3777, -12409924.7033 8312979.4302, -12410152.849 8313036.6168, -12410327.3704 8312801.1891, -12410279.8329 8312483.1227, -12410298.9022 8312364.6803, -12410382.8671 8312279.1312, -12410488.4926 8312257.6683, -12410490.5967 8312217.8824, -12410559.8822 8312095.694, -12410647.3828 8312057.5214, -12410869.2956 8312290.7756, -12411342.5806 8312057.8644, -12411406.8236 8312041.16269999, -12411571.4337 8312049.8761, -12411622.3842 8312078.857, -12411644.4042 8312158.8766, -12411567.2368 8312378.2187, -12411491.9532 8312479.3398, -12412101.4096 8312636.871, -12412131.928 8312623.5499, -12412237.6021 8312481.5821, -12412381.1039 8312339.0735, -12412420.9825 8312139.5788, -12412464.83 8312073.0927, -12412531.3316 8312029.3681, -12412927.932 8311955.1187, -12412943.0248 8311932.8983, -12412843.3373 8311852.4611, -12413093.8462 8311261.17629999, -12413308.1238 8311288.1688, -12413324.8709 8311205.9829, -12413695.6963 8310695.2373, -12413775.4743 8310379.2746, -12413820.3403 8310117.9821, -12414271.3608 8309931.925, -12414954.0873 8310194.06930001, -12415526.8019 8310079.9361, -12415743.3616 8309874.8114, -12415625.2897 8309748.0117, -12415510.4066 8309658.1234, -12415384.1557 8309585.1249, -12415231.6013 8309524.9445, -12414988.9582 8309461.8345, -12415016.3541 8309713.8877, -12414923.8575 8309834.6136, -12414744.5513 8309817.3562, -12414601.7927 8309550.8607, -12414688.9343 8309382.7727, -12414768.0559 8309321.0383, -12414699.1092 8309202.1743, -12414678.0895 8309040.5267, -12414721.0708 8308883.307, -12414821.3704 8308754.9458, -12414963.3969 8308675.3917, -12415125.0809 8308657.0044, -12415468.1276 8308770.6218, -12415498.9052 8309002.0474, -12415562.4774 8309192.2965, -12415671.7163 8309381.7723, -12415804.4538 8309532.0187, -12415973.1739 8309657.1205, -12416080.3717 8309555.5721, -12416290.0786 8308913.5266, -12416255.165 8308391.61869999, -12416356.7303 8307635.9228, -12416251.7021 8307155.6447, -12416553.3893 8306855.9047, -12416798.0136 8306828.9727, -12416922.0171 8306534.5802, -12416558.792 8306079.6501, -12416396.0439 8305792.8685, -12416605.0485 8305533.621, -12416731.5096 8305591.1694, -12417047.1379 8305442.0859, -12417529.6312 8305639.2142, -12417663.5002 8305282.9178, -12417967.0323 8305184.9019, -12418398.1755 8305322.5094, -12418536.6138 8305104.4414, -12418443.9683 8304982.4262, -12418408.7747 8304805.0371, -12418441.1891 8304645.3872, -12418532.6793 8304510.6959, -12418669.0248 8304421.8925, -12418894.7055 8304380.8248, -12419049.3504 8304439.086, -12419184.1695 8304578.053, -12419242.4319 8304712.0708, -12419260.0199 8304802.5021, -12419672.1605 8304529.839, -12419933.0931 8303944.2795, -12419925.9963 8303217.218, -12420261.2273 8302933.361, -12420403.1054 8302544.637, -12420650.3409 8302096.6959, -12420768.3263 8301283.8368, -12420679.2663 8300729.9204, -12421040.7873 8300434.0578, -12421468.0266 8299912.4498, -12421596.2896 8299400.8082, -12421875.2621 8299215.3256, -12422191.8961 8299262.4829, -12422791.8017 8299209.3776, -12423000.8411 8298742.7411, -12423444.2503 8298629.58429999, -12423712.1974 8298660.323, -12424262.8951 8298557.1124, -12424854.887 8298748.6282, -12425458.5653 8298637.6177, -12425715.6473 8298471.5436, -12426075.3637 8298009.7557, -12426692.2692 8297870.0643, -12427063.0167 8297432.4537, -12427729.5714 8297036.9388, -12428532.3701 8297207.6901, -12429140.4371 8296987.8713, -12429678.0762 8297076.3152, -12429839.4662 8297629.30399999, -12430529.3015 8298072.95709999, -12431022.6371 8298271.2367, -12432051.9418 8298291.9026, -12432145.6323 8298144.594, -12432281.7003 8298055.6107, -12432441.5248 8298026.2206, -12432600.2707 8298060.9901, -12432733.2672 8298154.5165, -12432819.8472 8298292.2692, -12432846.5513 8298452.8397, -12432809.2258 8298611.2758, -12432713.6684 8298742.9501, -12432675.1256 8298766.3759, -12432907.6515 8299380.4818, -12433579.501 8299724.072, -12433642.7557 8300038.9386, -12433930.6623 8300585.8224, -12434491.6786 8300951.5632, -12434598.9702 8301254.1791, -12434680.2233 8301410.8499, -12434772.5461 8301270.204, -12434908.6415 8301181.1351, -12435211.1765 8301113.0542, -12435439.5079 8301000.6977, -12435633.914 8300836.3419, -12435869.0467 8300539.9871, -12436010.6952 8300460.1095, -12436172.1546 8300441.2778, -12436328.3338 8300486.4182, -12436454.963 8300588.5167, -12436648.035 8300938.2545, -12436755.9548 8301248.3007, -12436772.2819 8301412.1899, -12436577.4756 8302103.6745, -12436555.8394 8302284.6555, -12436563.4727 8302448.5672, -12436625.7658 8302695.6963, -12436756.5231 8302935.2217, -12436930.6265 8303121.119, -12437233.9571 8303338.6228, -12437320.6807 8303476.4212, -12437347.4995 8303637.0895, -12437307.4122 8303807.7029, -12437238.2444 8303948.3347, -12437084.6307 8304010.72869999, -12436914.8835 8304036.27049999, -12436757.2214 8303996.3197, -12436623.2765 8303895.4543, -12436739.794 8304104.8149, -12437398.9116 8304703.9591, -12437277.9124 8305181.1984, -12437145.6849 8305951.9494, -12437463.2671 8306267.6576, -12437393.2585 8306937.97, -12437692.9784 8307354.3485, -12437774.2448 8307389.4706, -12438043.4812 8307112.3264, -12438139.4769 8306957.3415, -12438207.6269 8306786.3644, -12438366.8136 8306520.7812, -12438429.7312 8306330.3785, -12438455.2231 8306131.453, -12438445.1079 8305949.3655, -12438392.7806 8305680.9846, -12438424.8326 8305520.9063, -12438521.3532 8305336.2641, -12438605.2584 8305305.7165, -12438811.9975 8305267.51919999, -12438970.9304 8305302.1886, -12439104.1379 8305395.6949, -12439190.9202 8305533.5105, -12439264.1893 8305940.6348, -12439369.3707 8306192.6147, -12439510.6684 8306382.5578, -12439688.5898 8306534.3817, -12439775.3962 8306672.2122, -12439802.2789 8306832.94169999, -12439762.8957 8307000.8034, -12439686.55 8307154.1031, -12439633.9044 8307328.712, -12439614.9977 8307487.4012, -12439751.6921 8307560.145, -12439930.4998 8307481.2377, -12440096.557 8307450.5273, -12440256.1146 8307485.3048, -12440416.1339 8307573.4897, -12440588.5137 8307632.2713, -12440768.4662 8307660.1707, -12440950.5215 8307656.3392, -12441093.9585 8307630.4737, -12441232.4047 8307584.8605, -12441378.8398 8307511.0615, -12441678.6179 8307315.2497, -12441838.6092 8307285.6219, -12441997.6006 8307320.2364, -12442130.8831 8307413.7147, -12442217.7454 8307551.5334, -12442244.6841 8307712.27399999, -12442207.5092 8307870.9578, -12442111.9947 8308002.9189, -12441972.9849 8308087.6441, -12441812.0858 8308111.962, -12441614.0407 8308073.40739999, -12441431.9521 8308070.88799999, -12441269.9066 8308095.7485, -12441113.7366 8308145.6931, -12440951.7734 8308229.0918, -12440820.3373 8308327.2437, -12440705.8436 8308444.7834, -12440580.1977 8308614.2921, -12439979.1636 8308956.3019, -12439688.2602 8309001.3011, -12439530.417 8309045.7265, -12439334.4123 8309142.3066, -12439158.1864 8309282.0986, -12438981.6956 8309389.5697, -12438697.4608 8309434.3426, -12438693.2416 8309448.6085, -12438881.3307 8310104.8276, -12439310.0074 8310400.4911, -12439580.0307 8312294.1499, -12439504.5831 8312671.7031, -12439475.3247 8313045.3234, -12440204.1789 8313820.6172, -12440415.7201 8314086.7707, -12440534.587 8314320.2281, -12440650.0577 8314679.799, -12440762.785 8314963.8967, -12440959.2846 8315190.2606, -12441283.4592 8315441.9072, -12441447.8515 8315723.41439999, -12441463.8822 8315833.6366, -12441457.2576 8316003.0133, -12441420.4197 8316165.8068, -12441377.8803 8316266.1635, -12441226.9068 8316426.9697, -12441082.4648 8316509.1363, -12440982.7085 8316615.7531, -12440986.4224 8316756.6013, -12441188.5206 8316919.8917, -12441244.0582 8316937.8652, -12441484.7114 8316973.1296, -12442184.0433 8316992.2117, -12442699.1928 8316931.7232, -12442880.8743 8316857.0809, -12443029.7764 8316716.4524, -12443130.568 8316370.7694, -12443110.9442 8315978.7168, -12443205.3257 8315678.1784, -12443647.7301 8315144.9742, -12444009.8237 8314630.0895, -12444249.2812 8314132.3768, -12444472.3812 8313475.7044, -12444609.2828 8312980.0799, -12444790.4694 8312698.8805, -12445454.9211 8312245.3184, -12445563.6072 8312155.8596, -12445863.9773 8311850.5349, -12446009.8372 8311599.0481, -12446203.3117 8311058.8174, -12446191.5077 8310834.9405, -12446107.3423 8310544.493, -12446114.7132 8310411.2853, -12446201.9841 8310052.6596, -12446150.8782 8309753.3757, -12446081.7918 8309612.126, -12445783.6877 8309259.6398, -12445602.3787 8309136.0221, -12445402.3803 8309079.5777, -12445198.5192 8309098.951, -12444822.7365 8309237.9781, -12444704.4394 8309257.4074, -12444597.2834 8309216.2258, -12444480.2178 8309071.6128, -12444451.6554 8308877.0307, -12444548.892 8308649.4781, -12444750.3365 8308524.3598, -12445099.3487 8308409.971, -12445256.1633 8308291.2708, -12445619.1526 8307893.6387, -12445788.9561 8307792.4005, -12446055.8374 8307571.0924, -12446215.8707 8307331.8039, -12446306.669 8307133.0293, -12446377.4616 8306924.6586, -12446412.4892 8306780.6989, -12446442.5798 8306329.249, -12446425.0464 8306177.6171, -12446255.6886 8305522.5156, -12446123.2075 8305166.6321, -12446050.4356 8305031.5682, -12445773.6248 8304761.0054, -12445493.5859 8304616.166, -12445262.0116 8304431.5382, -12445177.8559 8304234.5727, -12445255.7863 8303893.5066, -12445293.5294 8303831.5397, -12446125.3457 8302804.92719999, -12446255.9676 8302539.4744, -12446346.0553 8302005.7426, -12446627.462 8301177.1635, -12446849.6456 8300330.5969, -12447089.2319 8299593.21029999, -12445669.5394 8299969.4319, -12445559.555 8299944.4405, -12445501.9481 8299895.1247, -12445467.2001 8299827.6682, -12445468.0697 8299714.70049999, -12445503.851 8299647.79029999, -12448848.4126 8295548.4066, -12448596.9393 8295005.5996, -12448358.4403 8294398.27, -12448234.6092 8294001.6038, -12448137.9408 8293825.0956, -12447933.5665 8293656.1704, -12447872.2627 8293629.1295, -12447611.9508 8293586.6733, -12447310.8728 8293660.6765, -12447211.0704 8293725.9428, -12447040.7367 8293971.2488, -12446979.1539 8294211.2095, -12446938.0804 8294468.4531, -12446893.5262 8294586.4169, -12446742.9172 8294686.7759, -12446552.8013 8294679.8764, -12446297.2286 8294445.6766, -12445938.8841 8293642.5737, -12445822.1634 8293342.2053, -12445787.0882 8293187.3261, -12445826.5568 8292877.0068, -12445863.3573 8292804.2619, -12446109.4944 8292478.56499999, -12446377.7364 8292194.2082, -12446455.8446 8292060.9993, -12446499.8575 8291912.4733, -12446480.3643 8291597.5183, -12446339.6913 8291302.3084, -12446230.9214 8291174.0252, -12445838.5774 8290884.8264, -12445697.4765 8290817.8747, -12445553.7255 8290765.3397, -12445196.0558 8290690.2615, -12444682.0666 8290694.9131, -12444315.6357 8290726.0618, -12444045.9095 8290824.6028, -12443679.4788 8291052.8948, -12443010.8984 8291848.8, -12442699.5947 8292253.1301, -12442495.2313 8292604.0152, -12442432.7804 8292854.9859, -12442485.5288 8293374.299, -12442448.4206 8293563.2497, -12442416.4624 8293618.7843, -12442272.0587 8293752.959, -12442079.3115 8293827.111, -12441938.6303 8293842.7838, -12441593.9673 8293747.7523, -12440918.2083 8293202.6971, -12440709.5519 8293093.8415, -12440481.8788 8293034.1537, -12439770.3778 8293056.5195, -12439395.0048 8292903.6514, -12439259.9524 8292790.0553, -12438856.7083 8292311.7233, -12438766.9846 8292150.2815, -12438684.6038 8291883.7578, -12438666.9683 8291606.6324, -12438741.8933 8291343.3828, -12438847.4268 8291219.3057, -12438681.8107 8291097.0622, -12438532.5773 8291065.5537, -12438497.5552 8290918.8334, -12438515.985 8290666.0026, -12438416.5611 8290479.8734, -12438149.6825 8290388.198, -12437640.3967 8290320.80619999, -12437385.5657 8290229.6988, -12437206.4892 8290069.835, -12437101.6838 8289871.35459999, -12436950.9188 8289749.1335, -12436735.2541 8289720.3505, -12436631.701 8289676.6955, -12436516.9101 8289939.9066, -12436419.358 8290027.4242, -12436303.9096 8290098.3402, -12436105.8197 8290160.2288, -12435770.9887 8290231.7897, -12435553.9293 8290375.5933, -12435482.8019 8290549.1322, -12435514.6009 8290733.8365, -12435743.0721 8290971.0995, -12435933.3059 8291064.9552, -12436101.8925 8291176.6489, -12436250.3811 8291384.687, -12436289.8502 8291694.8328, -12436278.9893 8291758.2062, -12436090.1089 8292174.6514, -12435715.2965 8292808.8544, -12435604.038 8293046.4418, -12435519.1854 8293500.0067, -12435567.556 8293912.742, -12435716.707 8294366.1391, -12435735.8726 8294490.3566, -12435721.1955 8294612.1103, -12435581.5528 8294809.0774, -12435412.4439 8294888.1159, -12435371.0434 8294879.5423, -12435384.4853 8294957.2647, -12435348.1057 8295065.7033, -12435257.7276 8295135.6374, -12435143.7957 8295143.5073, -12435073.7743 8295112.0251, -12434019.2139 8294360.6596, -12433771.1176 8294388.6606, -12433689.7165 8294380.7097, -12433590.8275 8294309.893, -12433526.7857 8294179.1863, -12433501.329 8294179.81, -12433440.2767 8294511.6286, -12433380.2079 8294477.6989, -12433259.973 8294471.6962, -12433007.3747 8294329.0033, -12432800.2754 8294438.9375, -12432667.8359 8294563.94709999, -12432541.1166 8294828.6357, -12432532.4296 8294888.6874, -12432608.3162 8295169.48659999, -12432649.5859 8295217.7842, -12432744.3388 8295306.008, -12432859.6194 8295382.4942, -12433350.5529 8295633.0624, -12433395.816 8295696.9846, -12433373.1333 8295872.8378, -12433272.9229 8296064.6154, -12433427.6616 8295994.5206, -12433602.5184 8295962.3371, -12433761.2262 8295997.0713, -12433894.4143 8296090.7004, -12434022.0384 8296251.4031, -12434174.4207 8296381.0737, -12434365.4221 8296486.4599, -12434564.9252 8296548.0991, -12434697.9202 8296641.5711, -12434784.5199 8296779.273, -12434811.2618 8296939.8043, -12434773.9864 8297098.2189, -12434636.0432 8297295.6048, -12434550.4463 8297476.6429, -12434510.7101 8297616.8978, -12434488.9437 8297801.8065, -12434440.0656 8298009.4869, -12434344.5448 8298141.1723, -12434205.6356 8298225.6405, -12434044.9287 8298249.7602, -12433887.4058 8298209.7817, -12433743.2554 8298101.1459, -12433688.7674 8298014.4774, -12433630.3607 8297741.7765, -12433567.7698 8297578.1781, -12433520.924 8297363.1059, -12433463.2021 8297209.6622, -12433281.7347 8296910.8071, -12433098.9095 8296717.6241, -12433043.1705 8296628.9492, -12433007.6626 8296451.8239, -12433039.7239 8296292.2835, -12433128.4718 8296161.0672, -12432794.8839 8296228.4951, -12432727.0034 8296222.07289999, -12432376.9723 8296103.8809, -12432104.1154 8295937.9771, -12431786.6859 8295691.4468, -12431069.875 8295046.8229, -12430894.5331 8294787.0937, -12430728.9881 8294428.35989999, -12430553.4978 8294170.4008, -12430369.1535 8294045.7661, -12429947.0941 8293987.3599, -12429807.723 8294017.6582, -12429491.8928 8294151.7309, -12429271.4577 8294281.8135, -12429154.4801 8294287.2594, -12428845.7501 8294197.4477, -12428654.5381 8294011.112, -12428645.8978 8293889.1538, -12427857.1502 8293284.3567, -12427376.9281 8293239.5691, -12426481.2293 8293099.9057, -12425885.1543 8293119.4046, -12425463.9998 8293155.5681, -12425192.5452 8293131.9691, -12425063.8578 8293101.9874, -12424777.9774 8292956.05309999, -12424606.9105 8292958.9046, -12424355.0226 8293027.8441, -12423773.1593 8293369.4416, -12423495.1642 8293458.8032, -12423542.0407 8293371.116, -12423647.1122 8293323.6765, -12423672.7805 8293285.3613, -12423908.2189 8293237.1494, -12424006.1243 8293157.1165, -12424116.7935 8292945.4048, -12424120.5719 8292809.773, -12424064.8117 8292646.4627, -12423631.0139 8292560.8831, -12423384.9935 8292403.9974, -12423096.3224 8292038.4278, -12422936.0775 8291779.0987, -12422820.1166 8291671.2026, -12422517.0868 8291596.5206, -12422399.2696 8291630.24849999, -12422184.8438 8291759.4777, -12422181.4761 8291868.7364, -12422259.2663 8292097.3553, -12422576.9465 8292524.9098, -12422585.9607 8292654.20929999, -12422424.897 8292870.6035, -12422205.1719 8293018.0088, -12422035.7668 8293188.0599, -12421814.8758 8293448.8556, -12421684.9195 8293429.4128, -12421480.2899 8293354.6209, -12421236.2937 8293206.4006, -12420878.2009 8292846.9163, -12420659.882 8292661.8284, -12420563.8124 8292365.9507, -12420608.8776 8292028.0605, -12420670.8315 8291683.9331, -12420695.5571 8291615.0987, -12420696.6758 8291418.0694, -12420621.3679 8291322.6831, -12420193.3245 8291119.15299999, -12420135.2408 8291007.0186, -12420176.5937 8290874.364, -12420264.9076 8290804.9301, -12420570.1395 8290649.5515, -12420640.2421 8290483.4529, -12420237.0623 8290254.7865, -12420040.2988 8290036.227, -12420050.0218 8289757.9566, -12419921.0222 8289704.0246, -12419780.1204 8289667.4565, -12419525.4225 8289684.9597, -12419377.5882 8289769.2205, -12419297.4203 8289909.3934, -12419270.0448 8290062.3838, -12419066.3384 8289982.239, -12418873.0725 8289815.4797, -12418622.8903 8289754.4768, -12418308.9614 8289742.5084, -12418136.764 8289564.6684, -12418101.5025 8289300.4619, -12418171.8626 8289052.9384, -12418397.9042 8288841.2886, -12418891.1939 8288650.7478, -12419081.3143 8288591.886, -12419268.0574 8288597.4372, -12419480.9459 8288717.8073, -12419560.2944 8288810.1083, -12419812.8599 8289342.1358, -12419887.0854 8289425.4363, -12420101.5689 8289521.756, -12420306.9299 8289346.6189, -12420521.4283 8289227.2544, -12420840.4866 8289100.2383, -12421175.4812 8289169.6961, -12421658.3214 8289403.2898, -12422041.1605 8289715.3393, -12422803.6492 8289835.9532, -12423206.4419 8289917.8247, -12423709.1381 8290133.6221, -12424162.2887 8290308.8829, -12424292.7865 8290345.6011, -12424518.3819 8290455.2615, -12424789.3252 8290787.7646, -12424917.136 8290922.1824, -12425131.5529 8290899.7849, -12425397.4276 8290692.1094, -12425667.0148 8290207.0356, -12425712.5013 8290173.204, -12425919.1648 8290211.2087, -12426060.2347 8290383.916, -12426064.677 8290712.831, -12425966.1561 8290959.6742, -12425937.3062 8291114.4884, -12426045.7003 8291292.7521, -12426093.5382 8291330.06409999, -12426268.8883 8291403.9711, -12426542.6852 8291434.0006, -12427127.5077 8291319.304, -12427496.9054 8291193.9808, -12428147.1443 8290830.602, -12428450.3791 8290773.4511, -12428670.6185 8290808.5168, -12428573.9895 8290219.1976, -12428027.2918 8289742.5522, -12427769.5185 8289388.7592, -12427927.2044 8288783.9462, -12428068.1759 8287837.0761, -12428928.4916 8287388.1648, -12429280.6152 8286827.6137, -12429416.2491 8286348.51959999, -12429826.1238 8286239.355, -12430482.3154 8286248.5848, -12430798.2542 8286233.3564, -12431157.6738 8286286.719, -12431479.6231 8286230.1367, -12432054.6214 8286386.7711, -12432632.5076 8286456.5781, -12433026.7565 8286317.9674, -12433297.8022 8286112.9528, -12430934.8489 8286057.0079, -12430465.0551 8285336.6077, -12432227.906 8284221.6571, -12436005.6189 8284536.4256, -12439131.3054 8285260.6237, -12441331.9198 8287228.994, -12441693.8462 8287047.7198, -12441891.1199 8286748.3965, -12441937.4598 8286486.12699999, -12441868.2532 8286409.7098, -12441787.8482 8286364.416, -12441709.4501 8286277.8457, -12441307.447 8286051.3663, -12441225.0408 8286047.3427, -12441146.6529 8285960.7705, -12441066.257 8285915.4716, -12441029.0739 8285830.9124, -12440950.6905 8285744.3407, -12440839.15 8285490.6699, -12440859.2534 8285077.9724, -12440904.4706 8284997.44929999, -12440908.4904 8284914.9133, -12440953.7062 8284834.3915, -12441038.1078 8284797.15, -12441083.3213 8284716.6288, -12441167.7209 8284679.3865, -12441212.9325 8284598.8655, -12441297.3301 8284561.6223, -12441342.5394 8284481.1018, -12441468.129 8284445.8677, -12441721.3102 8284334.1289, -12441811.7159 8284173.0882, -12441898.1096 8284094.5763, -12441943.3099 8284014.0572, -12442025.6938 8284018.0713, -12442161.285 8283776.5154, -12442247.6703 8283698.0037, -12442292.8641 8283617.4867, -12442461.6254 8283542.9839, -12442708.763 8283555.0053, -12442745.9546 8283639.53, -12442987.1025 8283775.3276, -12443069.4849 8283779.32989999, -12443119.6764 8283807.5921, -12443549.4469 8283476.7485, -12443951.9459 8283033.5717, -12444224.3907 8282607.8991, -12444891.0474 8282015.7937, -12445492.2729 8281686.8676, -12445622.1668 8281494.3774, -12445784.1809 8281058.6307, -12446090.1571 8280741.7669, -12446405.3201 8280266.47349999, -12446795.7705 8280097.9149, -12447402.2925 8280163.7789, -12448011.8544 8279996.8465, -12448551.2303 8280068.9369, -12448617.7361 8280050.1045, -12448691.868 8279919.5917, -12449070.5216 8279725.9554, -12450208.765 8279760.0063, -12450326.8957 8279188.353, -12450386.069 8278768.0144, -12450073.8126 8278242.9477, -12449696.2822 8277551.85719999, -12450112.9384 8276744.2863, -12449975.0834 8276042.7627, -12449460.8497 8275021.0168, -12449638.4306 8274871.9162, -12449343.668 8274572.1113, -12449235.2487 8274345.6004, -12448845.6204 8273712.7385, -12448750.7548 8273606.1564, -12448716.8725 8273259.776, -12448743.9755 8272980.0188, -12448798.1838 8272843.229, -12449082.7794 8272843.2291, -12449309.7822 8273506.2378, -12449455.4696 8273712.7389, -12449590.9911 8273486.2542, -12449621.4827 8273279.7595, -12449790.8853 8273226.4716, -12449963.6767 8273273.0988, -12450085.6464 8273179.8449, -12450269.9646 8272787.9306, -12450654.3972 8272843.2301, -12450951.6624 8273478.4655, -12451010.5894 8273652.7873, -12451115.6198 8273779.3544, -12451341.8113 8273685.1313, -12451476.396 8273907.407, -12451492.9406 8274167.6301, -12451691.4611 8274427.8624, -12451650.105 8274834.4935, -12451794.489 8274845.2108, -12452689.5216 8273361.663, -12452554.4094 8273022.2988, -12452123.3722 8272348.0798, -12451671.4776 8271758.0805, -12451625.7742 8271652.44489999, -12451620.9589 8271607.0779, -12451625.8987 8271487.3675, -12451655.3461 8271417.432, -12451742.6171 8271345.9037, -12451910.6533 8271308.0359, -12452436.1543 8271293.3225, -12453825.4613 8271478.2012, -12453993.0797 8271200.2222, -12454903.4836 8270330.3636, -12454389.6313 8270091.8376, -12453936.2089 8269916.3581, -12453409.6522 8269660.3353, -12453109.8123 8269492.0525, -12452729.6024 8269397.0339, -12452506.552 8269232.3585, -12452356.6494 8269148.205, -12452060.4809 8268902.99899999, -12451833.8319 8268815.20579999, -12451764.332 8268657.7895, -12451618.0801 8268496.7395, -12451479.0986 8268181.9192, -12451522.6737 8267259.3601, -12451606.6754 8267109.2476, -12451613.9348 8266955.50199999, -12451865.9134 8266505.1862, -12451873.1666 8266351.4526, -12452041.1315 8266051.258, -12452198.2145 8265981.6555, -12452366.1578 8265681.46809999, -12452526.8489 8265535.0037, -12452610.8104 8265384.91399999, -12453092.8311 8264945.5186, -12453176.7744 8264795.4341, -12453337.4305 8264648.9686, -12453351.8707 8264341.5773, -12453282.3787 8264184.27, -12453132.5682 8264100.1907, -12452986.3748 8263939.2673, -12452686.7736 8263771.1006, -12452073.1228 8263742.0939, -12451916.0868 8263811.6737, -12451762.6737 8263804.4107, -12451448.5904 8263943.5555, -12451287.9131 8264089.9656, -12450973.8089 8264229.0951, -12450820.3885 8264221.8121, -12450593.8969 8264134.0388, -12450440.4788 8264126.748, -12450371.0514 8263969.4188, -12450224.9209 8263808.4448, -12450254.0534 8263193.7604, -12450422.0094 8262893.7298, -12450436.5658 8262586.4185, -12450520.5346 8262436.4122, -12450527.8103 8262282.76439999, -12450611.7739 8262132.7631, -12450619.0473 8261979.1213, -12450703.0057 8261829.12520001, -12450710.2768 8261675.4895, -12450363.249 8260889.144, -12450217.1783 8260728.2373, -12450147.786 8260570.9785, -12450155.0669 8260417.36949999, -12450085.6789 8260260.1168, -12449935.9842 8260176.0192, -12449866.6028 8260018.7694, -12449552.6467 8260157.7652, -12449545.3537 8260311.3678, -12449388.3679 8260380.8626, -12449220.429 8260680.7687, -12448749.4332 8260889.2346, -12448150.6905 8260552.6954, -12448012.001 8260238.1506, -12448026.6499 8259930.9554, -12448110.6356 8259781.0303, -12448132.6005 8259320.2698, -12448220.2366 8259093.5666, -12448227.5554 8258939.9906, -12448311.5258 8258790.0829, -12448318.8423 8258636.51299999, -12448570.7271 8258186.8108, -12448585.3472 8257879.6986, -12448516.0158 8257722.4858, -12448209.4523 8257707.8319, -12448052.5111 8257777.275, -12447329.7326 8258435.243, -12447176.4375 8258427.8923, -12446727.5782 8258175.482, -12446574.2897 8258168.1191, -12446428.3559 8258007.1987, -12445979.548 8257754.7584, -12445687.7292 8257432.9134, -12445618.4638 8257275.6839, -12445326.6795 8256953.846, -12445118.9278 8256482.1863, -12445152.1326 8255791.3803, -12445236.1277 8255641.5713, -12445243.5036 8255488.0704, -12445327.4934 8255338.2666, -12445342.2402 8255031.2799, -12445426.2227 8254881.484, -12445433.5938 8254727.9986, -12445601.5445 8254428.4184, -12445758.4366 8254359.05789999, -12445842.4027 8254209.2703, -12445999.2882 8254139.9066, -12446305.6979 8254154.6423, -12446455.2291 8254238.7428, -12446761.6445 8254253.4599, -12446911.1828 8254337.5524, -12447064.3931 8254344.9032, -12447133.663 8254502.0572, -12447279.5444 8254662.8872, -12447418.1023 8254977.2081, -12447392.4449 8255514.4482, -12447301.1609 8255817.7869, -12447279.1583 8256278.3276, -12447348.4504 8256435.5209, -12447647.6315 8256603.7308, -12447800.8893 8256611.0695, -12447950.487 8256695.1685, -12448257.0077 8256709.8304, -12448413.9246 8256640.3925, -12448581.8008 8256340.6665, -12448596.4155 8256033.6302, -12448530.7547 8255799.7013, -12448549.0239 8255415.9359, -12448632.9468 8255266.0944, -12448640.252 8255112.5968, -12448808.0835 8254812.9264, -12448964.9548 8254743.4938, -12449118.176 8254750.8028, -12449275.0435 8254681.3641, -12449811.3198 8254706.9088, -12450044.7914 8254641.1002, -12450274.6238 8254652.0287, -12450588.3323 8254513.1013, -12450741.5519 8254520.3763, -12450898.4003 8254450.9051, -12451131.8549 8254385.0641, -12451288.6973 8254315.5856, -12451441.9136 8254322.846, -12451602.3731 8254176.621, -12451916.0374 8254037.6452, -12452076.4815 8253891.415, -12452536.1085 8253913.1357, -12452685.7085 8253997.1086, -12452838.9202 8254004.3395, -12452988.5253 8254088.3072, -12453141.7393 8254095.5322, -12453287.746 8254256.2368, -12453440.9638 8254263.4557, -12453733.0031 8254584.8614, -12453882.6302 8254668.8181, -12454028.6643 8254829.5207, -12454178.2997 8254913.4743, -12454247.7273 8255070.5764, -12454397.3701 8255154.52839999, -12454536.2416 8255468.7415, -12454685.8959 8255552.6922, -12454678.7151 8255706.2069, -12454824.7867 8255866.9172, -12454894.2366 8256024.0335, -12454884.3679 8256235.1309, -12454776.0157 8256499.3141, -12454692.201 8256649.2516, -12454647.5989 8256781.79779999, -12454606.587 8256837.5758, -12454515.579 8257141.0622, -12454511.9857 8257217.8354, -12454470.9706 8257273.616, -12454461.0877 8257484.7479, -12454391.923 8257731.5746, -12454328.1469 8257863.2376, -12454313.7641 8258170.3645, -12454438.9153 8258368.6282, -12454792.24 8258616.0847, -12455681.2985 8258907.8699, -12455698.6719 8258947.1628, -12455736.1061 8258968.155, -12455786.438 8259124.4325, -12455782.8568 8259201.2268, -12455543.017 8259401.6485, -12455420.8516 8259549.8572, -12455381.6228 8259567.261, -12455275.9276 8259773.9684, -12455274.1342 8259812.3688, -12455231.3164 8259906.5736, -12455226.8318 8260002.5765, -12455204.9736 8260059.2803, -12455195.1066 8260270.4926, -12455171.453 8260365.6015, -12455141.8456 8260999.2817, -12455119.0864 8261075.1962, -12455104.7279 8261382.4574, -12455081.0695 8261477.5801, -12455061.3226 8261900.0905, -12455093.3842 8262036.329, -12455084.4081 8262228.3905, -12455098.1955 8262344.5291, -12455164.1197 8262578.6097, -12455266.6025 8262852.911, -12455531.8094 8263346.6065, -12455600.8934 8263513.4807, -12455596.8591 8263599.9254, -12455507.5975 8263865.2775, -12455336.2334 8264242.3117, -12455329.0547 8264396.0066, -12455243.3641 8264584.5331, -12455225.4108 8264968.7929, -12455260.1808 8265047.4458, -12455244.0224 8265393.3006, -12455202.0683 8265468.3604, -12455191.2936 8265698.9413, -12455149.3373 8265774.0041, -12455140.3566 8265966.1621, -12455096.6017 8266079.6599, -12455071.449 8266617.7366, -12455106.2248 8266696.4079, -12455097.2415 8266888.5896, -12455168.593 8267007.5004, -12455165.0001 8267084.3758, -12455230.966 8267318.6058, -12455304.1194 8267399.0827, -12455338.9012 8267477.7611, -12455521.7947 8267678.9555, -12455633.3297 8267761.231, -12455706.492 8267841.70889999, -12455781.4495 8267883.7447, -12456203.5826 8267903.4959, -12456320.5011 8267870.4357, -12456474.0041 8267877.6094, -12456590.9209 8267844.5455, -12456859.5514 8267857.0875, -12456938.0905 8267822.2269, -12457053.2177 8267827.5978, -12457131.7556 8267792.7352, -12457323.634 8267801.6808, -12457402.1707 8267766.8155, -12457555.6731 8267773.9666, -12457596.8288 8267755.6944, -12458559.2657 8266835.2024, -12461390.4738 8266237.9898, -12463439.1589 8266852.1534, -12464181.082 8268362.7457, -12464330.844 8268254.6106, -12464794.8921 8268225.3209, -12465122.1916 8267845.3066, -12465549.0789 8267552.3261, -12465642.6662 8267275.3797, -12465967.3147 8267001.5254, -12466270.0767 8266941.5241, -12466592.2108 8267021.9101, -12466831.501 8267217.1827, -12466969.6315 8267493.6777, -12466992.3073 8267707.3689, -12466971.568 8267817.1146, -12467423.9566 8268013.8659, -12467614.6725 8267930.6027, -12467823.0594 8267318.3811, -12467812.2361 8266871.8886, -12468024.1408 8266351.58869999, -12468536.0899 8266281.4554, -12468817.3039 8265660.0075, -12469356.6934 8264614.1743, -12469828.6369 8263225.6464, -12470699.5987 8261219.06759999, -12470665.3037 8261134.4076, -12470684.6592 8261018.228, -12470562.0531 8259840.8839, -12469698.7933 8258134.7017, -12470296.5222 8256301.7582, -12470131.2823 8255191.42, -12469917.2224 8254831.87039999, -12469976.9785 8254342.697, -12470216.9681 8254092.0788, -12470533.3532 8254474.4718, -12471276.8728 8254587.8332, -12471468.7831 8254421.4684, -12471589.8128 8254535.3644, -12472426.4023 8254057.3143, -12473083.7216 8253101.2152, -12473800.7997 8253758.5331, -12473980.0715 8255491.46239999, -12474816.6637 8256746.342, -12474876.4218 8257821.9535, -12473913.304 8258504.2062, -12474792.0303 8259071.9631, -12475389.4777 8259332.9749, -12475160.2042 8259456.1216, -12475105.4527 8259618.2579, -12475077.9932 8260079.7257, -12475110.286 8260319.65910001, -12475072.8249 8260413.4085, -12475081.2136 8260547.3481, -12475172.1492 8260699.248, -12475293.8063 8260802.416, -12475396.509 8260855.1665, -12475344.3249 8261148.1055, -12474849.4149 8261200.4481, -12474672.9827 8261518.0767, -12474821.1377 8261505.3405, -12475420.6291 8261833.7467, -12475559.6135 8262000.4514, -12475807.2062 8262154.706, -12475945.5549 8262210.8586, -12475857.809 8262450.4393, -12475992.5207 8262693.0075, -12476032.9259 8262841.2914, -12476005.9898 8262966.5584, -12476023.2021 8263062.7555, -12476158.3373 8263185.6224, -12476256.4911 8263241.4323, -12476321.6909 8263316.8892, -12476401.5046 8263506.5169, -12476512.3818 8263585.36599999, -12476737.0575 8263660.8378, -12476837.4604 8263613.9784, -12476860.7992 8263407.4126, -12476914.5608 8263376.3703, -12477004.6913 8263385.1023, -12477111.7564 8263442.2986, -12477365.5267 8263871.9091, -12477251.0881 8263586.0725, -12477321.9564 8263054.0761, -12476735.2457 8263287.9051, -12476715.3896 8263016.8352, -12476867.9141 8262673.8877, -12476682.9941 8262549.2115, -12476595.3999 8262375.9154, -12476670.9178 8262379.2365, -12477206.1042 8261185.2728, -12479151.4903 8261080.6998, -12480136.9408 8261299.5205, -12481307.8198 8261291.734, -12482644.6137 8260935.73969999, -12483531.586 8260807.8714, -12483905.8523 8260426.6009, -12484146.2847 8259706.504, -12484414.6837 8259459.2618, -12484750.4833 8258211.303, -12485924.7602 8257873.7817, -12487136.9139 8257407.8608, -12487330.7229 8256892.7818, -12487957.9541 8256659.0827, -12488185.2604 8257414.6354, -12488706.0528 8257428.9429, -12488822.3684 8257493.4888, -12488936.1769 8257617.5511, -12489052.4974 8257682.095, -12489223.2222 8257868.1877, -12489332.0317 8258111.2929, -12489388.9445 8258173.3253, -12489470.5585 8258355.6592, -12489468.0535 8258415.1835, -12489491.2773 8258467.0665, -12489613.3957 8258569.6595, -12489914.5931 8258582.3679, -12490117.4043 8258620.169, -12490396.314 8258700.17059999, -12490542.0578 8258706.3061, -12490599.5392 8258728.226, -12490608.4392 8258748.1013, -12490665.5131 8258779.7543, -12490749.2892 8258871.033, -12490822.5353 8258981.3708, -12490930.3695 8259093.6433, -12491162.7048 8259154.7101, -12491651.1753 8259155.0334, -12492108.3361 8258924.2397, -12492196.9086 8258376.4288, -12492251.247 8257888.7394, -12492403.3919 8257669.4103, -12492739.6538 8257465.2901, -12493175.0951 8257458.5569, -12493562.4498 8257390.5827, -12494117.1189 8257164.0459, -12494442.8596 8257293.22689999, -12496436.8878 8258982.508, -12496547.4646 8259095.8711, -12497070.417 8259719.1227, -12497492.8294 8259929.34969999, -12497839.919 8260009.5542, -12498282.9108 8260080.9337, -12500010.8385 8260270.1168, -12500493.9862 8260368.765, -12500727.2196 8260439.086, -12501176.9126 8260615.2963, -12501381.3834 8260738.6161, -12501746.8824 8261050.4711, -12501902.3509 8261239.1404, -12502036.0715 8261443.9839, -12502139.8438 8261660.6571, -12502189.9337 8261889.1186, -12502031.3059 8262347.6223, -12501542.1516 8262506.1441, -12501123.0942 8262521.5874, -12500917.8728 8262569.57890001, -12500726.987 8262661.3695, -12500565.7172 8262797.3965, -12500072.4377 8263404.2573, -12499502.7086 8264051.9119, -12499401.8316 8264268.9891, -12499376.9495 8264499.0155, -12499518.3193 8265267.0312, -12499576.0161 8265685.83299999, -12499939.1843 8266041.824, -12499590.987 8266569.3053, -12499537.5245 8266919.2049, -12499394.4804 8267413.0093, -12499368.69 8267667.2728, -12499390.505 8267923.744, -12499468.7151 8268170.7018, -12499487.0741 8268379.5368, -12499870.9746 8268538.3479, -12500268.2799 8268643.7309, -12500868.8479 8268736.0004, -12501851.6476 8268810.058, -12501778.2072 8268532.6244, -12501839.8713 8268323.5078, -12501751.5483 8268183.6648, -12501155.0623 8267388.3592, -12500518.8099 8266593.0528, -12500160.9167 8265757.9821, -12500160.9116 8264127.6068, -12500797.1604 8263968.5469, -12501353.8818 8264843.3834, -12501406.5979 8264817.0266, -12501407.1719 8264802.8477, -12501329.7416 8264332.6267, -12501324.1076 8264074.7138, -12501298.5178 8263912.6261, -12501310.8878 8263607.14729999, -12501415.6459 8263402.0555, -12501448.395 8263387.2823, -12501499.1447 8263324.93, -12501614.7395 8263249.1077, -12501876.7196 8263130.9142, -12502314.2259 8263148.6472, -12502308.2506 8263133.479, -12503239.5939 8263390.4, -12503490.3003 8263077.5807, -12504126.5238 8263743.9432, -12504346.6967 8263439.9947, -12504520.9514 8262952.5869, -12504776.6734 8263005.0431, -12505142.4124 8263364.0459, -12505337.0656 8264070.2154, -12505759.3237 8263985.9381, -12506166.4159 8263526.97600001, -12505895.5253 8263099.9237, -12505297.3867 8262689.0584, -12505052.5752 8262500.7617, -12504983.9466 8262518.2242, -12504884.3316 8262450.5323, -12504830.9243 8262396.4117, -12504802.0819 8262326.0094, -12504813.1781 8262213.3124, -12504860.8335 8262145.2297, -12504602.7654 8261363.8251, -12504420.1471 8260120.294, -12504193.037 8259834.6399, -12504138.063 8259155.3244, -12504175.8905 8258501.5144, -12504167.0612 8257846.7237, -12503869.1536 8257043.6124, -12503819.1128 8256970.8588, -12503668.4739 8256065.7178, -12503420.8165 8255726.4243, -12503348.8721 8254766.677, -12503341.1627 8254065.505, -12503818.3213 8253585.4966, -12504474.4139 8253484.3217, -12504664.1999 8253344.3446, -12504777.0177 8253347.5755, -12504993.6991 8253167.7019, -12505504.4769 8253272.43990001, -12505474.4918 8253575.5017, -12505373.5385 8253923.7389, -12505693.7657 8254211.1867, -12506043.9844 8254195.5305, -12506012.1985 8253517.2565, -12506019.3624 8253190.331, -12506379.7438 8252707.6508, -12506461.5937 8252676.9185, -12506466.8075 8252642.5223, -12506429.8766 8252466.7654, -12505899.4722 8252276.60899999, -12505810.3405 8252087.7717, -12505839.2831 8251831.4633, -12505707.5658 8251600.1726, -12503720.9011 8251671.4336, -12502960.6882 8251251.5421, -12502728.1741 8250734.6053, -12502366.38 8250726.477, -12502013.1689 8250882.0128, -12501855.2941 8250644.8997, -12501984.3919 8250087.3134, -12502426.2927 8249093.1431, -12503001.0697 8248405.5763, -12503386.7943 8247830.5367, -12503808.1948 8246696.08, -12504146.6745 8246143.4236, -12504225.8476 8245725.0653, -12504221.8562 8245428.8318, -12504531.592 8245012.2268, -12505421.4636 8244114.65, -12506670.8489 8243931.2768, -12507126.6461 8244182.7369, -12507244.7119 8245120.70669999, -12507008.4725 8245669.8492, -12507001.5066 8246649.8866, -12506909.7639 8247651.65209999, -12507009.961 8248400.9246, -12507460.1553 8249134.5597, -12507519.9118 8249602.8712, -12507146.614 8249618.0771, -12507161.2772 8250015.379, -12507751.4039 8250752.2072, -12507675.4417 8251545.2212, -12508493.1565 8251918.9801, -12509146.7748 8251942.7831, -12510718.7988 8251561.497, -12511555.4472 8251485.6538, -12512366.6676 8252016.8543, -12513192.5255 8252967.1892, -12513803.0631 8254012.0465, -12513870.4057 8254076.8389, -12513865.1986 8254114.4905, -12513828.42 8254152.2261, -12513912.6359 8254452.42230001, -12513897.5706 8254580.7152, -12513827.7507 8254624.7486, -12513751.2057 8254647.03949999, -12513678.0199 8254745.2735, -12513654.0279 8254857.6655, -12513588.6889 8254914.1136, -12513552.3162 8254984.8351, -12513601.3136 8254998.2496, -12513666.7241 8254979.203, -12513726.9407 8254935.2738, -12513981.8312 8254874.2417, -12514019.7163 8255088.5777, -12514072.5881 8255075.2094, -12514103.9632 8254980.7953, -12514093.6927 8254927.9518, -12514030.1939 8254897.7175, -12514121.9008 8254756.2944, -12514226.4081 8254522.8268, -12514270.8481 8254462.0928, -12514760.38 8254933.0628, -12515143.371 8254951.7815, -12515333.983 8254939.1063, -12516267.5319 8254795.7362, -12516642.8694 8254787.72, -12517016.3527 8254857.0945, -12517553.0779 8255043.8492, -12517398.6725 8252863.8072, -12516336.114 8252200.0682, -12516246.6838 8250484.138, -12517207.4338 8249742.8817, -12518132.375 8249934.0457, -12518878.5235 8250740.9017, -12519511.0169 8250453.7329, -12519558.2778 8249210.3623, -12520214.1837 8248301.6059, -12521127.2831 8248803.1525, -12521200.4404 8249258.5491, -12521313.3331 8249320.156, -12521477.1431 8249467.7632, -12521689.8855 8249815.1899, -12521740.9441 8249958.5316, -12521822.3271 8250046.4579, -12521794.6394 8250780.7894, -12521764.3134 8250836.2121, -12521758.9876 8250977.4391, -12521727.5955 8251061.1091, -12521717.7419 8251322.3505, -12523200.0184 8251527.571, -12525513.2813 8251614.3093, -12525706.1566 8251775.0948, -12526216.2195 8251925.0782, -12526585.5616 8252119.0408, -12527175.0995 8252994.61689999, -12527535.6392 8253655.617, -12527906.4306 8253779.4955, -12527831.6162 8254035.0626, -12527570.278 8254287.0811, -12527725.0554 8254733.9634, -12528025.9541 8254856.5198, -12528608.8706 8254867.582, -12528833.2373 8255339.1585, -12528914.1962 8255995.0013, -12529154.9134 8256840.8884, -12529711.6027 8257014.9731, -12530223.4126 8257094.6884, -12530630.207 8257803.5038, -12530910.9864 8257761.9884, -12531161.9448 8258070.5352, -12531744.6856 8258104.7205, -12532066.7932 8258181.5704, -12532220.6726 8258308.0492, -12532331.8041 8258714.0064, -12532522.6097 8258897.0624, -12532892.0522 8259113.3233, -12533050.8323 8259415.4899, -12533389.3608 8259691.0273, -12533759.4115 8259877.3495, -12534115.6315 8260003.5489, -12534684.7102 8259924.093, -12535031.6688 8259735.8399, -12535388.7087 8259817.0989, -12535455.8581 8260237.3034, -12535311.7834 8260773.4503, -12535061.5229 8261397.5176, -12535176.1689 8261668.9956, -12535788.0303 8261709.9446, -12535897.8922 8262250.76519999, -12535857.3127 8262848.80300001, -12535418.447 8263155.2844, -12535170.2689 8263659.8218, -12534981.8234 8264165.4656, -12535063.9337 8264586.1884, -12535499.9461 8264444.3163, -12535506.5125 8264454.8452, -12535575.4612 8264400.7559, -12535827.8691 8264495.1293, -12535942.8593 8264751.7387, -12535833.9769 8264989.3661, -12535807.5447 8265014.9124, -12535687.6228 8265397.0839, -12535641.2897 8265606.9448, -12535596.2036 8265953.2052, -12536096.0379 8266516.7699, -12536466.1677 8266423.3568, -12536882.197 8265726.8954, -12537119.7212 8265820.9745, -12537461.8672 8265916.9027, -12538403.9342 8265903.5923, -12538954.2881 8266063.0175, -12539202.4422 8266200.2369, -12539367.1592 8266157.5521, -12539554.4472 8265938.7285, -12539902.3384 8265705.1811, -12540337.0283 8265637.8551, -12540504.4253 8265709.1289, -12541039.8886 8265791.869, -12541294.5054 8266146.3334, -12541492.8613 8266623.8811, -12541604.7136 8267225.5681, -12542244.9637 8267281.2907, -12542055.6954 8267419.7482, -12542212.224 8267886.7751, -12542569.9859 8267952.7966, -12543256.3876 8268039.356, -12543465.9323 8268027.9233, -12543662.0384 8267926.3801, -12543825.7249 8267974.0812, -12544016.7995 8268172.039, -12544465.041 8268194.5533, -12544702.1922 8268144.4195, -12545094.6135 8268505.7418, -12545495.2325 8268165.9825, -12545567.493 8268142.0671, -12545679.124 8268161.159, -12545739.3707 8268207.7369, -12545777.3797 8268273.7838, -12546094.2257 8269126.2898, -12547437.0401 8269857.7763, -12549379.1464 8270683.4649, -12549453.9755 8270554.7764, -12549599.3063 8270676.0927, -12550360.3344 8270793.1855, -12550535.2712 8271080.6984, -12550680.3094 8271367.7417, -12551034.0432 8271703.0716, -12551507.4696 8272040.293, -12551731.5977 8272058.82320001, -12552118.6169 8272184.8254, -12552309.5516 8272412.6467, -12552458.3551 8272770.7345, -12552506.6447 8273277.0056, -12552241.7706 8274644.14769999, -12551976.8925 8275034.8057, -12551939.23 8275066.5504, -12551818.8761 8275345.1668, -12551776.1823 8275483.4267, -12551695.0666 8275633.09, -12551642.699 8275682.1208, -12551578.0942 8275718.0368, -12551382.1346 8275889.21509999, -12551063.8052 8275929.2288, -12550696.5312 8275916.7617, -12550466.8495 8275959.7609, -12550276.8799 8275953.2992, -12550051.9304 8275856.7327, -12549755.7425 8275618.0219, -12549657.8797 8275513.0787, -12549570.958 8275459.311, -12549508.9589 8275393.12, -12549371.6252 8275544.0777, -12549143.7817 8275750.3319, -12549153.9278 8276050.4021, -12550058.4649 8276589.8056, -12550085.5294 8276770.2009, -12549533.4274 8276656.3642, -12548406.3727 8275993.3163, -12548240.5378 8276065.6002, -12547846.5654 8276085.6442, -12547529.226 8276261.8424, -12547521.8531 8276476.9504, -12547666.7808 8276672.80529999, -12547836.9806 8276815.0588, -12548110.455 8277350.60279999, -12548350.424 8277729.11330001, -12548400.0762 8277984.1745, -12548353.8941 8278196.9781, -12548272.9717 8278856.89329999, -12548028.1899 8279534.0226, -12548330.3516 8280195.052, -12549217.4044 8281631.9766, -12549631.8605 8283209.2818, -12550525.4558 8283353.9982, -12551882.9654 8283158.4476, -12552776.9341 8283093.2662, -12553406.0245 8283354.0012, -12553968.8955 8283810.3087, -12554366.2172 8284397.0302, -12555486.5862 8283830.0789, -12556526.5498 8283837.1505, -12556550.4755 8283783.7004, -12556603.5743 8283729.9193, -12556761.6904 8283658.165, -12556838.7561 8283642.2954, -12556915.8596 8283657.9799, -12557805.6513 8284036.7516, -12558135.3836 8284090.8426, -12559062.4633 8284416.8066, -12559492.8939 8284873.17949999, -12559559.116 8285525.1884, -12559559.1177 8286112.0453, -12559426.6794 8286633.7352, -12559228.0204 8286829.3782, -12558334.0522 8286894.5923, -12558247.7134 8286875.7, -12558212.1974 8286887.102, -12557731.4084 8287577.9811, -12558115.1909 8287906.8797, -12558478.1231 8287759.4146, -12558744.5872 8288126.9033, -12558672.1536 8288222.8486, -12558703.0312 8288229.0603, -12558837.4561 8288320.201, -12558926.2743 8288456.3066, -12558955.6784 8288616.2246, -12558899.6516 8288880.4159, -12559015.1802 8289057.4493, -12559070.9688 8289322.747, -12559510.0872 8289406.5042, -12559601.7018 8289254.6761, -12559736.0896 8289163.4415, -12559895.2322 8289131.3248, -12560054.4014 8289163.3161, -12560188.8601 8289254.444, -12560277.7142 8289390.5509, -12560307.1511 8289550.484, -12560261.7979 8289773.62, -12560252.1842 8289937.1898, -12560265.1895 8290082.2877, -12560298.228 8290224.1629, -12560366.6834 8290392.77799999, -12560463.3315 8290546.926, -12560598.6802 8290694.2035, -12560777.7804 8290827.2012, -12560866.6638 8290963.3297, -12560896.1192 8291123.2944, -12560861.5655 8291282.23709999, -12560768.3694 8291415.4516, -12560600.5593 8291539.838, -12560455.0842 8291702.4397, -12560346.5305 8291891.789, -12560278.2723 8292094.2035, -12560216.8836 8292176.0411, -12560064.383 8292272.3718, -12559755.4524 8292327.59539999, -12559550.7718 8292402.7321, -12559248.5853 8292584.5827, -12559068.7883 8292758.5915, -12558914.4037 8292856.0786, -12558754.2038 8292882.8981, -12558596.1058 8292845.6054, -12558464.6857 8292749.9987, -12558380.3695 8292610.9403, -12558370.2728 8292543.5612, -12558040.6028 8292461.5846, -12557909.1968 8292365.9731, -12557824.8954 8292226.9157, -12557800.7991 8292066.0287, -12557840.7552 8291907.8992, -12557926.5169 8291767.2435, -12557988.8301 8291615.7032, -12558031.1427 8291411.3075, -12557983.8306 8291376.8835, -12557927.9331 8291291.2016, -12557889.4616 8291114.7866, -12557911.5766 8290994.2499, -12557766.4686 8290795.4521, -12557545.084 8290608.1577, -12557431.5045 8290420.7849, -12557360.7092 8290198.3716, -12557304.1314 8290098.4397, -12557038.6669 8290288.20750001, -12557005.975 8290266.795, -12556984.3339 8290283.4179, -12556787.3311 8290645.8552, -12556690.3174 8291058.6721, -12556597.0494 8291191.8293, -12556436.4161 8291293.1875, -12556216.5819 8291392.4946, -12556055.6725 8291419.3728, -12555897.6205 8291382.0303, -12555834.4055 8291336.0074, -12555795.8835 8291416.2547, -12555961.4831 8291662.8023, -12555300.086 8292398.4744, -12554916.2099 8292262.7899, -12554912.228 8292382.349, -12554413.6389 8292496.1027, -12554335.2626 8292400.079, -12554282.896 8292473.3358, -12554315.5505 8292729.6106, -12554309.8602 8292807.6611, -12554274.2963 8292877.3414, -12554178.2853 8292942.9301, -12554100.5419 8292950.6536, -12553993.5405 8292905.2332, -12553648.7234 8292613.9213, -12553581.1167 8292520.3206, -12553544.9566 8292499.21949999, -12553245.5091 8291930.8147, -12553246.4186 8291903.6916, -12553114.1588 8291639.7393, -12550828.901 8295698.3434, -12551847.9586 8295688.0331, -12551921.0962 8295718.1885, -12552021.5261 8295815.008, -12552344.6327 8295929.3586, -12552552.0668 8296275.5296, -12552465.1151 8296492.0633, -12552183.2257 8296607.8539, -12552211.1812 8296787.698, -12552208.0897 8296864.0593, -12552150.886 8296962.2974, -12552047.0336 8297012.6904, -12552222.7833 8297182.231, -12552290.9629 8297523.7588, -12552024.2336 8297754.2033, -12551340.1076 8297731.0305, -12551060.5693 8298654.345, -12550358.7985 8298895.1727, -12549918.1514 8299210.349, -12549907.1441 8299234.7244, -12549941.2254 8299235.8869, -12550100.7546 8299162.6698, -12550153.0409 8299164.4519, -12550365.7407 8299066.8232, -12550418.0265 8299068.6034, -12550576.6594 8299021.5655, -12550759.6588 8299027.7894, -12550812.8315 8299003.3788, -12550969.688 8299008.7086, -12551049.0024 8298985.1843, -12551153.5731 8298988.7346, -12551206.7442 8298964.3212, -12551259.0295 8298966.0956, -12551338.3423 8298942.5682, -12551861.1938 8298960.2851, -12551912.5959 8298988.2427, -12552017.1668 8298991.7809, -12552094.7127 8299020.6219, -12552146.9985 8299022.38979999, -12552198.4024 8299050.3459, -12552276.8314 8299052.9968, -12552328.236 8299080.9519, -12552380.5223 8299082.7184, -12552560.8822 8299167.4638, -12553031.4659 8299183.3333, -12553082.8741 8299211.2839, -12553135.1616 8299213.0449, -12553289.3895 8299296.8939, -12553339.9215 8299351.0327, -12553442.7432 8299406.9305, -12553493.277 8299461.0688, -12553698.9273 8299572.8608, -12553820.8885 8299839.162, -12553921.9686 8299947.4401, -12554019.5482 8300160.4882, -12554070.0914 8300214.6285, -12554094.4878 8300267.8914, -12554085.7318 8300529.826, -12554067.9143 8300562.722, -12554386.3972 8301216.3099, -12554676.7366 8301484.8849, -12555405.0855 8301477.8483, -12555582.2032 8301433.5398, -12555689.1791 8301473.8708, -12555847.2969 8301648.6299, -12555883.135 8301708.0597, -12556145.5841 8302392.8096, -12556158.5446 8302470.7378, -12556139.9545 8302547.515, -12555788.3755 8303296.5767, -12555883.9906 8303674.0629, -12555794.2155 8303860.1408, -12555792.0938 8303924.0397, -12555807.2909 8303994.8616, -12555841.1833 8304031.14899999, -12555890.2741 8304138.2593, -12555889.1085 8304173.3791, -12555923.0021 8304209.667, -12555973.3124 8304320.887, -12556101.0304 8304479.0139, -12556111.0362 8304588.1169, -12556083.992 8304656.5292, -12556011.2425 8304723.7497, -12556006.0428 8304880.482, -12555968.6495 8304949.5612, -12555933.0039 8304965.9553, -12555914.3065 8305000.4951, -12555591.7362 8305200.72249999, -12555451.4805 8305196.0433, -12555274.408 8305242.8775, -12555133.5672 8305255.7545, -12555113.6959 8305325.4186, -12555022.525 8305427.865, -12555002.6524 8305497.5306, -12554993.2909 8305778.5436, -12554955.8836 8305847.6261, -12554951.6284 8305975.3279, -12555381.9372 8305813.57, -12555406.5134 8306273.8734, -12555678.7844 8306482.7409, -12555909.9006 8306730.1915, -12556139.0467 8307037.5173, -12556129.7806 8307316.936, -12555890.6887 8307308.9746, -12555636.3156 8307160.6307, -12555306.9076 8306869.916, -12555101.6295 8306739.5397, -12555089.3667 8306812.1934, -12554690.1935 8306981.1325, -12554505.7113 8307239.3614, -12554470.0515 8307255.7534, -12554451.3416 8307290.2999, -12554344.3604 8307339.4747, -12554200.5423 8307440.1741, -12554165.4682 8307438.9975, -12554094.1449 8307471.7788, -12553900.6478 8307482.8697, -12553723.5113 8307529.6806, -12553583.213 8307524.9638, -12553547.5499 8307541.3519, -12553477.4008 8307538.9923, -12553317.7976 8307586.3835, -12553099.26 8307579.0231, -12552870.9712 8307990.4019, -12552820.6392 8308049.5948, -12552751.398 8308084.7383, -12552446.5259 8308169.5243, -12552282.5359 8308297.28580001, -12552363.0727 8308630.9704, -12551477.3217 8309396.1458, -12550934.135 8309808.4512, -12550487.0579 8309736.9565, -12550461.7352 8309764.0328, -12549722.9572 8309778.8124, -12549244.6317 8309762.4598, -12549296.0622 8309424.4331, -12549256.8839 8309248.54559999, -12549038.576 8309093.5449, -12548834.0957 8309131.9684, -12548677.6846 8309194.2187, -12548503.0444 8309223.2018, -12548344.6527 8309185.6034, -12548213.0794 8309089.6015, -12548011.4023 8308770.3186, -12547816.713 8308578.8905, -12547629.3906 8308466.2835, -12547328.5938 8308372.7493, -12547059.4859 8308223.4606, -12546849.4676 8308163.2376, -12546631.5415 8308148.0653, -12546468.6329 8308166.7241, -12546281.8786 8308221.6978, -12546077.2556 8308255.5882, -12545918.8972 8308217.9433, -12545787.3729 8308121.9113, -12545703.1245 8307982.4208, -12545663.7444 8307730.3904, -12545629.3956 8307614.349, -12544683.083 8307715.9941, -12544618.8986 8307806.464, -12544470.6028 8307899.6956, -12544348.1434 8308004.0589, -12544280.831 8308029.3456, -12544137.6673 8308031.5202, -12544097.2837 8308052.5823, -12543889.8674 8308230.0571, -12543790.0513 8308360.3728, -12543719.3747 8308488.1027, -12543566.3109 8308971.4699, -12543504.5964 8309053.3505, -12543351.532 8309149.5473, -12543190.9264 8309176.0823, -12542942.3751 8309117.8112, -12542797.6632 8309099.997, -12542520.7464 8309121.0999, -12542362.3889 8309083.3743, -12542216.4197 8308976.6869, -12542160.576 8308890.6831, -12542118.0244 8308693.518, -12542114.27 8308521.0724, -12542084.4209 8308359.5583, -12542014.3114 8308171.5969, -12541912.373 8308000.0678, -12541874.2027 8307823.1766, -12541907.2485 8307645.256, -12542044.1733 8307442.4651, -12542270.6207 8307271.034, -12542451.1333 8307075.2201, -12542637.9491 8306966.2927, -12542986.9707 8306909.8371, -12542265.0585 8306440.7278, -12541508.9291 8305789.8527, -12541054.0128 8305895.3125, -12540814.1042 8305593.8399, -12540385.1805 8305837.8885, -12539861.7483 8306067.5885, -12539643.6524 8306383.4375, -12539454.6356 8306555.7245, -12539207.4575 8306326.0095, -12539018.4388 8306096.3018, -12538785.801 8306010.1634, -12538909.3881 8305737.3979, -12538727.6385 8305349.8011, -12538596.779 8305148.83299999, -12538814.8745 8304775.6208, -12538691.2835 8304301.9556, -12538684.0116 8303885.7294, -12538938.7453 8302876.9125, -12537945.3727 8302532.331, -12537492.5104 8303370.0093, -12537090.5149 8303716.835, -12536923.7618 8303916.7081, -12536852.2953 8303857.92149999, -12536530.6951 8303422.91439999, -12536080.9817 8302907.92409999, -12534806.0933 8302847.6496, -12534600.5931 8303032.9533, -12534277.5463 8302721.3934, -12533928.0826 8302573.9593, -12533294.4662 8302562.4233, -12532968.0674 8302438.882, -12532998.3878 8302063.2023, -12532862.31 8301802.0619, -12532534.2323 8301772.5346, -12532329.9373 8301392.5808, -12531923.2876 8301808.3228, -12531652.1979 8302508.75419999, -12531923.4405 8303078.1549, -12532196.4485 8303553.5446, -12532758.4501 8303634.4195, -12533531.7014 8303719.1032, -12533662.723 8304262.45090001, -12533611.0093 8304291.6699, -12533771.0358 8304634.6965, -12534096.585 8304941.1813, -12534735.0334 8305374.2789, -12535747.5861 8305904.39509999, -12536826.5184 8306089.2678, -12536881.0308 8306406.4389, -12536396.1611 8306623.6797, -12535433.8758 8306636.58039999, -12535294.2017 8306862.3015, -12535503.0349 8306973.8957, -12535910.233 8307304.7426, -12535870.2952 8307923.8305, -12536268.2265 8307901.4427, -12536750.7835 8307819.6725, -12537410.5017 8307921.7331, -12538349.7532 8308375.0552, -12538254.5597 8308659.557, -12538027.5033 8308745.9369, -12537857.3962 8309014.0666, -12537632.708 8308964.9148, -12537316.5034 8308989.4512, -12536902.3794 8309449.0724, -12536629.916 8309549.6773, -12536355.4078 8309550.0032, -12535946.2729 8309904.5924, -12535836.9102 8310168.2411, -12536074.5138 8310338.2095, -12536605.5394 8310076.5011, -12537165.532 8309875.5359, -12537035.9475 8310400.5185, -12536994.9643 8311017.5097, -12537512.7487 8311508.833, -12537518.0516 8311207.575, -12537711.9395 8311301.4022, -12537714.5003 8311374.70799999, -12538585.7985 8311433.53970001, -12538747.394 8311601.1741, -12538670.336 8311976.5348, -12538683.3242 8312048.0644, -12539067.4574 8312063.5314, -12539408.637 8312340.72469999, -12539435.8414 8312506.9645, -12539177.032 8312683.2951, -12538770.6988 8312691.2675, -12538678.0955 8312825.2798, -12538390.493 8312925.7332, -12538160.6692 8313162.8323, -12538364.652 8313543.2044, -12538343.2866 8313904.5658, -12538547.2994 8314284.9706, -12538499.0121 8314465.0081, -12538601.1592 8314647.6863, -12539225.592 8314858.1962, -12539925.3438 8314508.2169, -12541325.8833 8315441.9068, -12541886.109 8317962.8714, -12541659.7209 8318302.4564, -12541545.1371 8318957.6641, -12541554.1594 8319073.4858, -12541921.8095 8319129.1355, -12542070.6973 8319165.953, -12542126.5305 8319221.1796, -12542210.2796 8319184.3618, -12542461.528 8319294.8157, -12542535.9727 8319460.5, -12542219.5866 8319552.5487, -12542196.324 8319745.8543, -12542312.6429 8319865.5221, -12542573.1965 8319902.3434, -12542931.4544 8319211.9749, -12543224.5789 8319626.1882, -12543387.4262 8319911.5483, -12543419.9964 8320141.6856, -12543596.8 8320068.0409, -12543680.5482 8319791.8798, -12543903.8796 8319773.4692, -12544099.295 8319810.2898, -12544262.1413 8319893.1374, -12544327.2804 8320095.6574, -12544480.8207 8320012.8077, -12544406.3762 8319883.9319, -12544527.3472 8319810.2897, -12544732.069 8320104.8625, -12544987.9707 8320316.5942, -12545048.4573 8320546.7443, -12544880.9595 8320730.8694, -12545081.0275 8320758.4885, -12545327.6233 8320859.7597, -12545635.982 8321403.1038, -12545702.2644 8321391.1796, -12545952.3964 8321497.2472, -12546116.174 8321715.28, -12546098.3064 8321526.7105, -12546119.1499 8321355.8241, -12546291.8591 8321237.9733, -12546524.1236 8321190.8337, -12546750.4336 8321308.6833, -12546923.1439 8321450.1056, -12546929.0986 8321308.6834, -12547465.0945 8321320.4682, -12547625.8936 8321438.3201, -12547619.9373 8321226.1879, -12547679.4916 8321096.5548, -12547911.7569 8321143.6938, -12547962.3782 8321067.093, -12548200.5988 8321126.0164, -12548426.9088 8321267.4351, -12548560.9084 8321461.8902, -12548760.4189 8321597.4227, -12548903.3518 8321797.7795, -12548936.1065 8321650.4577, -12549070.1051 8321573.85149999, -12549221.9709 8321685.8148, -12549326.1925 8321703.4931, -12549305.3474 8321532.6023, -12549242.8136 8321361.7156, -12549409.5681 8321397.0712, -12549963.4327 8321892.0665, -12550091.4764 8321956.89, -12550186.7655 8322157.2564, -12550177.9639 8322427.7876, -12550252.3112 8322358.2167, -12550320.8118 8322231.9128, -12550453.4438 8322107.7959, -12550583.8912 8322047.9219, -12550716.5153 8321923.8031, -12551107.8351 8321744.1655, -12551302.401 8321686.4608, -12551432.8338 8321626.575, -12551821.9504 8321511.1454, -12552082.7993 8321391.356, -12552724.079 8321413.03769999, -12552914.3042 8321483.7707, -12553166.505 8321620.9016, -12553356.7396 8321691.6251, -12553735.0675 8321897.3027, -12554094.069 8322681.1971, -12554017.0466 8324982.51079999, -12553862.59 8325010.27530001, -12553579.2064 8324893.6598, -12553003.3215 8324733.711, -12552540.8279 8324778.3278, -12552282.2783 8324916.8237, -12552141.8163 8325119.5474, -12551804.7413 8325208.5237, -12551914.4883 8325520.1267, -12552409.501 8325503.416, -12552675.1929 8325351.7597, -12553057.8586 8325297.745, -12553337.6583 8325521.3572, -12553405.6896 8325684.2884, -12553318.4152 8325895.5397, -12553329.8501 8326351.1024, -12553635.8274 8326194.0571, -12554008.3148 8326045.9312, -12554418.5732 8326024.3098, -12554493.4159 8326104.4751, -12554852.697 8326888.7799, -12555100.8319 8327154.5247, -12555158.5836 8327349.5419, -12555218.4801 8327480.2719, -12555342.5618 8327613.1485, -12555340.0989 8327687.1018, -12555710.015 8327756.9923, -12556516.5375 8327862.5641, -12557453.1333 8328014.9371, -12557937.6709 8328032.2673, -12558261.9267 8328005.0769, -12558418.6305 8327969.063, -12558578.0853 8327922.7926, -12558858.2469 8327758.6761, -12559129.5318 8327555.5925, -12559370.1884 8327308.3405, -12559557.4508 8327052.7817, -12559705.9693 8327149.6273, -12559741.4205 8327303.6678, -12559823.3867 8327368.7573, -12559804.3655 8327474.2135, -12559830.7984 8327558.0345, -12559978.2096 8327497.6928, -12560053.0372 8327394.0753, -12560162.7538 8327315.8826, -12560229.2127 8327351.2863, -12560250.1615 8327295.7432, -12560323.9837 8327222.7629, -12560435.3328 8327187.434, -12560450.87 8327133.4841, -12560362.17 8327083.7826, -12560065.9397 8326999.2023, -12560115.9069 8326804.2928, -12559824.4116 8326706.6456, -12559919.6495 8326614.3153, -12560057.2261 8326513.7188, -12560206.468 8326436.3582, -12560529.3199 8326343.3118, -12560857.7123 8326296.5661, -12561195.4815 8326289.6023, -12561881.8191 8326319.8105, -12562480.4971 8326307.4588, -12562635.8751 8326055.7262, -12562708.8531 8325854.9943, -12562806.8278 8325724.2915, -12562947.6004 8325641.6959, -12563109.3018 8325620.018, -12563266.802 8325662.6262, -12563497.8841 8325840.6716, -12563656.2523 8325931.698, -12564249.7154 8326116.669, -12564378.5615 8326216.9326, -12564573.6659 8326471.4057, -12564908.2156 8326650.9564, -12565347.9155 8326942.484, -12566030.8693 8327496.6796, -12566362.4072 8327507.271, -12566525.7865 8327595.7237, -12566581.128 8327597.489, -12566634.7082 8327654.6908, -12566716.8407 8327685.05610001, -12566852.5569 8327772.62169999, -12566934.6916 8327802.9851, -12567315.9473 8328009.35, -12567478.4718 8328125.5084, -12567615.0821 8328185.3445, -12567777.615 8328301.4992, -12567910.727 8328472.2179, -12567908.9748 8328527.6619, -12567934.8972 8328583.9838, -12567931.0847 8328704.6389, -12568704.5714 8328982.9795, -12569006.0826 8329128.9344, -12569147.1479 8329219.2062, -12569283.5944 8329318.8116, -12569396.5484 8329440.5174, -12569501.345 8329573.8341, -12569683.7933 8329894.29519999, -12569707.4718 8330076.3186, -12569698.2944 8330262.7907, -12569642.962 8330443.6389, -12569550.3841 8330618.5431, -12569422.9396 8330779.3785, -12569443.6057 8330824.2566, -12569441.8645 8330879.71850001, -12569493.7494 8330992.3883, -12569478.9494 8331463.839, -12569362.9803 8331626.7504, -12569192.5038 8331760.1827, -12569023.7663 8331838.1438, -12568968.3924 8331836.39549999, -12568912.1454 8331862.3815, -12568773.7102 8331858.0079, -12568689.7755 8331883.11699999, -12568136.0343 8331865.5904, -12568053.8494 8331835.2235, -12567998.4758 8331833.4679, -12567698.3078 8331685.1344, -12567672.3765 8331628.788, -12567617.0046 8331627.0296, -12567481.2091 8331539.4317, -12567469.367 8331513.6979, -12566704.7477 8331498.7109, -12566172.6342 8331460.3755, -12566096.0526 8331523.046, -12566040.6819 8331521.27579999, -12565871.9174 8331599.162, -12565816.5459 8331597.3901, -12565760.2903 8331623.3511, -12565068.1505 8331601.1625, -12565011.8921 8331627.1177, -12564347.4402 8331605.7504, -12564292.9594 8331576.2341, -12564237.589 8331574.4504, -12564183.9995 8331517.2009, -12563630.3004 8331499.33699999, -12563191.8143 8331346.35549999, -12563028.3932 8331257.78360001, -12562945.3416 8331255.094, -12562890.8693 8331225.5688, -12562725.6629 8331192.4541, -12562562.2511 8331103.8737, -12562536.361 8331047.5141, -12562375.6464 8330875.7412, -12562213.1436 8330759.4275, -12562159.5758 8330702.1696, -12562133.6903 8330645.8117, -12561808.7075 8330413.1794, -12561701.5839 8330298.6634, -12561651.6226 8330130.4964, -12561572.1847 8330016.8844, -12561532.2017 8329900.129, -12561138.3596 8329783.097, -12560915.9391 8329741.2746, -12560685.6784 8329721.6426, -12560451.1024 8329722.2008, -12559846.2602 8329770.5867, -12559804.3713 8329848.0584, -12559793.4911 8330180.7743, -12559732.6906 8330345.3205, -12559675.5163 8330398.9583, -12559450.4434 8330502.5953, -12559282.5433 8330552.5908, -12558950.3766 8330541.6586, -12558894.1052 8330567.5633, -12558728.0218 8330562.0901, -12558564.6727 8330473.4295, -12558177.1507 8330460.6361, -12558122.7034 8330431.0791, -12558067.3436 8330429.2495, -12557657.6337 8330249.1508, -12557546.9169 8330245.484, -12557490.6432 8330271.3768, -12557431.6221 8330380.4507, -12557374.4312 8330434.0707, -12557372.5996 8330489.526, -12557284.0621 8330653.1405, -12557282.2298 8330708.5974, -12557223.2021 8330817.676, -12557203.0375 8331427.7363, -12557252.906 8331595.9618, -12557246.4904 8331790.087, -12557272.3423 8331846.4704, -12557269.5929 8331929.669, -12557295.4455 8331986.05349999, -12557287.1977 8332235.657, -12557313.0514 8332292.0437, -12557301.1377 8332652.5997, -12557270.6998 8332734.8891, -12557183.0498 8332870.8151, -12557181.2158 8332926.2885, -12557123.086 8333007.6616, -12557121.2515 8333063.13579999, -12557064.0372 8333116.77269999, -12556917.326 8333361.8163, -12556886.8809 8333444.1119, -12556829.6621 8333497.7495, -12556800.1337 8333552.3071, -12556742.9132 8333605.9448, -12556686.6113 8333631.8428, -12556572.1669 8333739.1173, -12556150.3394 8333919.4685, -12556094.9542 8333917.6229, -12555898.3396 8333994.3809, -12555842.9538 8333992.5334, -12555702.6438 8334043.3939, -12555535.5622 8334065.5863, -12555135.0603 8334208.7455, -12555023.2871 8334430.9711, -12554884.8249 8334835.95, -12554817.5244 8335247.7533, -12554812.8955 8335451.6111, -12554860.3184 8335845.6188, -12554985.5529 8336408.7845, -12555117.116 8336757.4578, -12555216.9109 8336897.6967, -12555465.213 8337146.1905, -12555805.3667 8337177.6902, -12556142.2737 8337092.2416, -12556294.6904 8337017.7941, -12556716.4238 8336710.6301, -12556859.8625 8336623.6507, -12557012.2326 8336555.1766, -12557178.9062 8336527.9838, -12557342.8449 8336530.7386, -12557504.9403 8336562.8848, -12557661.2972 8336616.5754, -12557935.9224 8336799.5528, -12558061.3674 8336918.6247, -12558503.7369 8337465.5482, -12558741.1297 8337717.2049, -12559179.0246 8337967.0154, -12559500.3548 8338067.3812, -12559827.7423 8338131.2391, -12560158.2195 8338152.4942, -12560493.105 8338120.4623, -12561816.4833 8337877.9792, -12562825.955 8337638.626, -12564156.0111 8337283.34, -12564474.8043 8337218.0628, -12564620.412 8337229.5556, -12564750.5948 8337273.2946, -12564866.7264 8337343.263, -12564958.5376 8337442.6137, -12565010.2459 8337572.9287, -12565010.4506 8337731.6291, -12564929.8595 8337894.1371, -12564824.1471 8338054.6722, -12564677.4256 8338200.1577, -12563968.2972 8338715.6395, -12563812.0868 8338863.8034, -12563674.938 8339023.229, -12563561.3029 8339195.9717, -12563445.4794 8339568.4695, -12563462.8806 8339931.5207, -12563503.506 8340095.6427, -12563633.0409 8340403.2716, -12563708.5661 8340548.9489, -12563801.6886 8340671.1691, -12563920.6159 8340776.7202, -12564052.0711 8340862.7126, -12564190.2259 8340863.8365, -12564490.1742 8340804.3809, -12565232.4639 8340534.2251, -12565680.8602 8340325.4602, -12567221.3751 8339516.4997, -12567383.9442 8339445.1812, -12567720.2882 8339335.9786, -12568064.8499 8339283.2392, -12568228.8643 8339283.4222, -12568384.62 8339320.9067, -12568519.4713 8339388.5604, -12568631.7107 8339498.28419999, -12568717.9836 8339643.4513, -12568759.7081 8339799.3604, -12568709.2046 8339973.2538, -12568580.9844 8340147.5602, -12568436.4962 8340297.8595, -12568279.5026 8340437.6423, -12568102.5544 8340557.9196, -12567717.2408 8340767.2695, -12567307.7438 8340931.121, -12567096.2965 8340996.3003, -12566664.2904 8341111.66589999, -12565771.1804 8341294.4287, -12565174.4093 8341493.2519, -12565138.2249 8341670.9823, -12565163.9357 8341795.09669999, -12565245.2071 8341915.0883, -12565365.4591 8342021.0396, -12565506.1113 8342098.7889, -12565825.2653 8342199.8137, -12566325.6046 8342316.5027, -12566665.1408 8342375.9035, -12566977.8948 8342407.4349, -12567080.3237 8342338.5147, -12567194.7258 8342285.6973, -12567448.1038 8342293.7583, -12567562.5029 8342240.9357, -12567618.8089 8342242.725, -12567676.0076 8342216.3126, -12568041.9961 8342227.92949999, -12568097.4112 8342257.9166, -12568998.3155 8342286.428, -12569053.7349 8342316.4079, -12569166.3489 8342319.9634, -12569259.9147 8342353.6705, -12569581.8461 8342181.3127, -12570306.2891 8341914.7019, -12570307.5004 8341876.0021, -12570426.2831 8341682.1383, -12570484.3492 8341627.5065, -12570573.2098 8341489.1606, -12570630.3921 8341462.728, -12570660.3049 8341407.2135, -12570718.3671 8341352.582, -12570803.6978 8341327.0306, -12571760.8002 8341356.9631, -12571844.3742 8341387.7968, -12571928.825 8341390.4311, -12572067.8253 8341451.2169, -12572236.7289 8341456.4793, -12572403.884 8341518.13629999, -12572629.0916 8341525.1417, -12572795.3784 8341614.9901, -12572877.9459 8341702.9932, -12573354.6049 8341564.383, -12574323.0066 8341157.0894, -12574808.6333 8340974.6459, -12575130.479 8340887.0924, -12575290.3393 8340859.0173, -12575616.4311 8340846.6813, -12575778.3544 8340871.4558, -12576090.2293 8340961.6101, -12576242.3524 8341050.9988, -12577096.9321 8341651.0774, -12577822.0772 8342118.24229999, -12578230.8604 8342429.6989, -12578360.0285 8342546.8444, -12578593.0277 8342802.9733, -12578797.1433 8343096.8973, -12578964.5995 8343420.7024, -12579027.3896 8343593.3219, -12579128.5969 8343966.2995, -12579178.2291 8344338.6664, -12579188.5952 8344924.6493, -12579131.7711 8345706.3968, -12579042.028 8346290.1856, -12578947.1984 8346673.8459, -12578814.1703 8347044.1566, -12578644.1959 8347397.2722, -12578438.9453 8347721.8705, -12578321.7167 8347877.3619, -12577788.2011 8347548.8831, -12577599.2547 8347523.3405, -12577424.1848 8347561.5643, -12577237.371 8347726.1257, -12577226.7675 8347850.3443, -12577103.81 8347828.9587, -12576917.1238 8347858.8992, -12576830.9674 8347832.5124, -12576667.2516 8347886.9044, -12576452.5573 8347927.8561, -12576290.6143 8348053.5671, -12576122.6639 8348246.407, -12576126.5781 8348377.1977, -12576462.5315 8348518.0661, -12576596.8521 8348641.054, -12576963.6464 8348750.23929999, -12576523.1151 8348844.8213, -12576065.3902 8348910.1356, -12574714.7604 8348995.3969, -12574271.9552 8349037.34309999, -12573866.1764 8349144.463, -12573720.7756 8349272.78059999, -12573593.9829 8349423.9272, -12573489.552 8349585.7175, -12573416.1269 8349760.5359, -12573368.7593 8349944.3612, -12573346.6587 8350133.764, -12573320.6995 8351062.1744, -12573136.8439 8350875.747, -12572706.486 8350576.4799, -12572523.9881 8350672.2496, -12572453.1597 8350803.7719, -12572320.8135 8350914.9351, -12572129.4423 8350851.3298, -12571726.5958 8351039.6032, -12571440.178 8351053.4703, -12571236.723 8351166.261, -12571302.4654 8351330.5746, -12571215.8662 8351510.4075, -12571287.8527 8351636.8936, -12571370.5879 8351743.4333, -12571747.1304 8351925.0764, -12572205.1512 8352010.3581, -12572577.9746 8351986.4702, -12572894.9883 8351884.7653, -12573149.8512 8351664.491, -12573299.6303 8351638.7818, -12573246.4258 8352026.1553, -12573149.9783 8352400.615, -12572962.658 8352749.662, -12572854.4524 8352902.7713, -12572727.5148 8353044.6693, -12572571.7714 8353169.2185, -12572394.9397 8353255.5793, -12572213.8943 8353311.306, -12572009.0387 8353282.7289, -12571810.7819 8353221.79779999, -12571632.8828 8353120.0468, -12571473.083 8353002.9415, -12571179.354 8352725.2655, -12570642.2615 8352080.2218, -12569674.1815 8350733.0147, -12569540.3664 8350578.1022, -12569384.5078 8350444.0875, -12569213.9561 8350329.3332, -12569028.7938 8350236.1385, -12568834.2335 8350167.9189, -12568633.3831 8350124.4638, -12568229.32 8350072.1459, -12567828.1055 8350042.8097, -12567629.099 8350057.1646, -12567427.2984 8350097.298, -12567265.452 8350185.2193, -12566962.3151 8350409.509, -12566888.8715 8350548.31149999, -12566847.4603 8350712.1057, -12566833.3858 8350880.5436, -12566844.9547 8351030.1566, -12566885.1682 8351178.1142, -12566948.6276 8351327.1737, -12567030.5334 8351460.59179999, -12567379.3843 8351970.2346, -12567440.9442 8352112.904, -12567476.6716 8352271.247, -12567485.7328 8352436.6344, -12567421.4628 8352760.6977, -12567358.0904 8352927.835, -12567112.066 8353172.3516, -12566933.1216 8353258.1218, -12566565.5407 8353347.4992, -12566381.4453 8353334.5635, -12565998.4992 8353241.7337, -12565627.664 8353081.2204, -12564749.3591 8352577.5938, -12564384.0633 8352406.5408, -12564197.3163 8352337.025, -12563807.9588 8352211.8427, -12563423.1527 8352117.7791, -12562841.4699 8351987.7853, -12562450.4913 8351943.4106, -12562059.5763 8351983.2166, -12561867.6376 8352025.7075, -12561495.93 8352152.9321, -12561133.4142 8352318.897, -12560281.7819 8352764.5295, -12560129.3208 8352871.0459, -12559998.0829 8352990.0878, -12559892.9181 8353130.7417, -12559811.6114 8353283.8524, -12559770.0166 8353444.6651, -12559754.0884 8353608.7802, -12559781.7947 8354397.9851, -12559800.6506 8354533.0453, -12559888.9014 8354643.6075, -12560108.1777 8354803.633, -12560357.7931 8354915.1109, -12560902.7054 8354987.8085, -12561163.1282 8355065.6809, -12561402.6375 8355199.9121, -12562094.1173 8355662.7992, -12562298.745 8355822.7318, -12562450.8002 8356046.6431, -12562503.8123 8356175.6515, -12562560.7311 8356455.607, -12562717.4004 8356694.76389999, -12562823.4622 8356789.1738, -12563333.9767 8357055.9126, -12563908.3274 8357495.6197, -12564350.0366 8357859.7147, -12564463.5437 8357941.9191, -12564933.9517 8358215.0336, -12565036.3481 8358301.4461, -12565210.953 8358515.1777, -12565444.6135 8358894.195, -12565536.5025 8359012.0851, -12565634.4301 8359116.1693, -12566178.8842 8359590.3892, -12566297.4836 8359844.7898, -12566319.265 8359985.2554, -12566291.0381 8360133.5342, -12566233.5926 8360281.2491, -12566155.5473 8360419.5045, -12566047.8966 8360544.35980001, -12565916.95 8360647.1042, -12565756.7913 8360734.0198, -12564859.3217 8361026.2622, -12563623.7299 8361457.9436, -12563266.0806 8361524.85989999, -12562895.5749 8361552.8854, -12562717.2027 8361587.8411, -12562547.547 8361648.1159, -12562394.1296 8361736.3524, -12562256.4227 8361847.0119, -12562162.2151 8361983.0814, -12562081.9333 8362127.7257, -12562027.5557 8362281.8249, -12561970.734 8362590.3136, -12561948.9829 8363181.9063, -12561924.2917 8363319.8037, -12561865.372 8363453.9775, -12561781.2987 8363578.5917, -12561670.5666 8363688.0492, -12561534.8542 8363772.2753, -12561376.3871 8363829.9357, -12560689.4689 8363932.736, -12560520.561 8363982.8466, -12560206.446 8364133.8985, -12559927.6981 8364330.8677, -12559297.2698 8364847.3804, -12559179.7405 8364944.7181, -12559083.6425 8365058.7321, -12559010.248 8365185.6733, -12558961.6543 8365323.0654, -12558943.3048 8365465.0516, -12558953.1494 8365609.4341, -12558986.2326 8365748.7417, -12559277.6745 8366364.71149999, -12559609.3611 8366937.2671, -12559753.5844 8367235.6496, -12559933.2176 8367365.5678, -12559962.9551 8367430.3721, -12560024.5189 8367496.2219, -12560083.9973 8367625.8323, -12560145.5636 8367691.6831, -12560143.4778 8367755.4444, -12560202.9601 8367885.0586, -12560198.7892 8368012.5854, -12560228.532 8368077.3943, -12560223.3186 8368236.8075, -12560252.0195 8368333.5015, -12560247.8491 8368461.0363, -12560277.5937 8368525.8489, -12560275.5086 8368589.6177, -12560305.2542 8368654.4313, -12560294.8294 8368973.2859, -12560193.0757 8369161.4715, -12560127.3238 8369223.1558, -12560093.4039 8369285.8853, -12560028.6937 8369315.6819, -12559831.4261 8369500.7337, -12559767.7577 8369498.64069999, -12559733.8337 8369561.3708, -12559670.1651 8369559.2769, -12559605.4506 8369589.0707, -12559539.69 8369650.7533, -12559476.0207 8369648.6575, -12559411.3048 8369678.4504, -12559283.9657 8369674.2562, -12559219.249 8369704.0473, -12559185.3192 8369766.7765, -12559120.6014 8369796.5672, -12559086.6701 8369859.2967, -12559021.9511 8369889.0866, -12558824.6431 8370074.1253, -12558790.7084 8370136.856, -12558725.9856 8370166.6444, -12558489.7207 8370573.41439999, -12558498.4428 8370701.6045, -12558469.6611 8370978.8963, -12558309.1527 8371784.1279, -12558305.6705 8372035.8775, -12558336.8155 8372152.718, -12558390.7399 8372264.6824, -12558477.0657 8372354.3852, -12558683.1977 8372492.5114, -12558913.8142 8372593.0703, -12559385.0356 8372756.3861, -12559597.8922 8372851.3364, -12559697.0529 8372915.3336, -12559772.2402 8372994.5963, -12559812.0905 8373092.1896, -12559815.9148 8373200.759, -12559789.3936 8373418.5725, -12559799.4103 8373564.2552, -12559873.8606 8373581.8545, -12559964.0935 8373544.0557, -12560202.4834 8373320.1083, -12560378.8855 8373191.7087, -12560476.7169 8373140.4574, -12560747.5318 8373055.2335, -12560763.9685 8372551.6397, -12560856.8683 8372379.79909999, -12560859.7179 8372292.453, -12560906.1657 8372206.5347, -12560909.0145 8372119.1905, -12561003.3295 8371903.6875, -12561180.5611 8371822.0498, -12561270.5977 8371737.5598, -12561359.2105 8371696.7391, -12561795.1649 8371710.9673, -12562060.991 8371588.4837, -12562193.1924 8371549.0735, -12562629.1402 8371563.2521, -12562714.9163 8371609.7538, -12562802.1067 8371612.5855, -12562931.4802 8371660.5007, -12563018.6713 8371663.3297, -12563103.0398 8371753.4979, -12563188.8211 8371799.9954, -12563311.1494 8372066.2624, -12563395.526 8372156.4322, -12563436.3057 8372245.1903, -12563520.6857 8372335.3609, -12563602.2507 8372512.8808, -12563681.0032 8372777.7562, -12563721.7897 8372866.5204, -12563806.1805 8372956.6952, -12563846.9693 8373045.4607, -12563932.7703 8373091.9577, -12564101.5641 8373272.3086, -12564142.3584 8373361.0763, -12564228.1649 8373407.5719, -12564225.3546 8373494.9331, -12564309.7586 8373585.1101, -12564306.9491 8373672.4734, -12564510.9525 8374116.3387, -12564550.353 8374248.79950001, -12564836.0071 8374870.2563, -12564919.0326 8375004.1327, -12564916.2298 8375091.5132, -12565038.674 8375357.8712, -12565035.8723 8375445.2557, -12565117.5075 8375622.8341, -12565114.7065 8375710.222, -12565197.7466 8375844.1106, -12565194.9465 8375931.5011, -12565356.8397 8376330.3789, -12565475.1244 8376727.87399999, -12565728.4984 8376998.4818, -12565857.9855 8377046.3815, -12566029.7073 8377139.3798, -12566116.9647 8377142.1749, -12566202.8276 8377188.672, -12566287.2978 8377278.872, -12566373.1634 8377325.368, -12566457.6373 8377415.5676, -12566543.5058 8377462.0625, -12566584.352 8377550.8672, -12566575.9983 8377813.1039, -12566616.8468 8377901.9128, -12566614.0624 8377989.3281, -12566654.9124 8378078.139, -12566652.1284 8378165.5566, -12566691.588 8378298.0789, -12566726.874 8378561.7364, -12566717.1319 8378867.722, -12567318.3629 8379193.2154, -12567400.094 8379370.8592, -12567487.3784 8379373.6394, -12567609.9852 8379640.1104, -12567593.3434 8380164.7438, -12567634.217 8380253.5756, -12567628.6699 8380428.46369999, -12567668.1588 8380561.0218, -12567665.3855 8380648.46899999, -12567788.0195 8380914.9832, -12567873.9371 8380961.4849, -12567914.8183 8381050.3247, -12568168.43 8381321.0092, -12568291.0937 8381587.5392, -12568282.7951 8381849.9216, -12568323.6863 8381938.7699, -12568318.1543 8382113.6985, -12568359.0476 8382202.5497, -12568356.2819 8382290.01659999, -12568440.8366 8382380.2549, -12568481.7326 8382469.1088, -12568566.2908 8382559.3477, -12568824.119 8382698.8557, -12568908.6841 8382789.0935, -12569080.5779 8382882.0943, -12569421.6257 8383155.5656, -12569548.493 8383290.9207, -12569678.1158 8383338.7952, -12569765.4481 8383341.5502, -12569850.0321 8383431.7852, -12569935.992 8383478.2792, -12570105.1692 8383658.7491, -12570449.0325 8383844.7146, -12570530.8899 8384022.4367, -12570702.833 8384115.4156, -12570787.4376 8384205.6495, -12570959.3883 8384298.625, -12571043.9979 8384388.8582, -12571215.9561 8384481.8299, -12571338.7819 8384748.4247, -12571308.953 8385703.8054, -12571336.8654 8385746.6715, -12571515.7752 8386452.363, -12571504.0137 8386742.4661, -12571360.8925 8387145.9882, -12571339.0753 8387521.0528, -12571226.5307 8387788.6605, -12570958.0827 8388030.5512, -12570918.1705 8388045.06449999, -12570915.993 8388114.6766, -12570878.1932 8388184.8209, -12570875.9638 8388256.0827, -12570838.1631 8388326.2283, -12570834.818 8388433.1231, -12570759.2133 8388573.4174, -12570756.9826 8388644.6828, -12570605.7627 8388925.2798, -12570099.8986 8389159.0504, -12570062.0857 8389229.2001, -12570059.8479 8389300.4716, -12570022.0341 8389370.62259999, -12570019.7959 8389441.8954, -12569946.4042 8389510.9263, -12569944.165 8389582.2004, -12569906.3486 8389652.3532, -12569901.8695 8389794.9048, -12569864.0517 8389865.0597, -12569853.9712 8390185.8136, -12569953.993 8390403.0229, -12570022.9164 8390476.5486, -12570056.2592 8390548.9533, -12570126.3036 8390586.8374, -12570159.6481 8390659.2426, -12570150.698 8390944.3875, -12570184.0441 8391016.7963, -12570170.6191 8391444.5386, -12569951.504 8391616.04339999, -12569734.6207 8391716.2503, -12569236.4011 8391700.5118, -12569160.7318 8391840.8509, -12569158.4843 8391912.1471, -12569118.4003 8392053.6154, -12569043.8497 8392158.3107, -12569041.6009 8392229.6099, -12569003.7621 8392299.783, -12569001.5129 8392371.0836, -12568963.673 8392441.2582, -12568956.9236 8392655.1658, -12568919.0818 8392725.3429, -12568916.8315 8392796.6473, -12568766.5814 8393041.7084, -12568650.7893 8393323.5581, -12568648.5363 8393394.8684, -12568680.752 8393502.9634, -12568677.3725 8393609.9316, -12568710.7161 8393682.3731, -12568706.2108 8393825.0015, -12568806.2468 8394042.3334, -12568803.995 8394113.6507, -12568836.2158 8394221.7557, -12568831.7125 8394364.3943, -12568865.061 8394436.8425, -12568934.0104 8394510.4187, -12568929.5087 8394653.0631, -12568856.0546 8394722.1308, -12568780.3468 8394862.5229, -12568663.3991 8395180.1056, -12568660.0185 8395287.098, -12568622.1599 8395357.2981, -12568617.6515 8395499.9586, -12568477.2521 8395760.2905, -12568545.2146 8395951.2746, -12568739.3602 8396643.7377, -12568341.5484 8397131.209, -12567579.5779 8397073.8003, -12567059.1937 8397434.3429, -12567041.6716 8397985.0225, -12566747.6435 8398261.3401, -12566567.2775 8398327.0009, -12566104.2388 8398312.1708, -12565887.1068 8398412.3526, -12565815.8693 8398410.0664, -12565597.5881 8398545.9198, -12565378.1557 8398717.4496, -12565233.3871 8398784.22689999, -12565195.4778 8398854.442, -12564977.1723 8398990.2853, -12564866.8707 8399093.8873, -12564753.7353 8399146.0639, -12564417.2664 8399628.6845, -12564383.118 8399721.2486, -12564380.2247 8399792.7037, -12564265.3044 8400039.0516, -12564254.9601 8400360.2363, -12564288.2894 8400432.7636, -12564283.6922 8400575.5183, -12564244.6148 8400681.4346, -12564237.7173 8400895.5747, -12564271.0488 8400968.1076, -12564263.0022 8401217.948, -12564225.0708 8401288.181, -12564218.172 8401502.3384, -12564141.154 8401678.5038, -12564067.5843 8401747.5879, -12563802.0156 8402239.2558, -12563723.8275 8402451.1321, -12563721.5226 8402522.5283, -12563683.5792 8402592.77049999, -12563681.2738 8402664.168, -12563643.3291 8402734.4116, -12563641.0233 8402805.8105, -12563603.0776 8402876.0551, -12563599.6182 8402983.1557, -12563559.3645 8403124.8037, -12563557.0577 8403196.2064, -12563442.0555 8403442.6539, -12563331.6641 8403546.2938, -12563293.7116 8403616.54379999, -12563148.8269 8403683.3229, -12563110.8717 8403753.5732, -12562963.6701 8403891.75869999, -12562651.2205 8404086.0437, -12562754.3765 8404247.2233, -12562800.239 8404540.5477, -12562848.6688 8404680.3188, -12562916.0634 8404811.9775, -12562946.3395 8404976.2107, -12562911.2171 8405137.8438, -12562794.8444 8405360.199, -12562671.698 8405775.01219999, -12562609.3701 8405858.1241, -12562454.5204 8405955.9669, -12562291.8581 8405983.249, -12561988.2256 8405926.6569, -12561847.2027 8406129.239, -12561941.2696 8406395.7684, -12561997.4949 8406486.5186, -12562051.7964 8406636.4847, -12562078.4665 8406726.2728, -12562075.5786 8406815.0978, -12562236.577 8407324.2437, -12562287.0416 8407592.6708, -12562284.1557 8407681.5062, -12562310.8324 8407771.3063, -12562305.0609 8407948.9826, -12562359.3791 8408098.9762, -12562355.5321 8408217.432, -12562383.1731 8408277.6237, -12562375.4794 8408514.5427, -12562401.1986 8408633.9683, -12562397.08 8408760.8033, -12562564.5254 8408893.17909999, -12562655.3865 8408909.4707, -12562711.5443 8408902.9959, -12562803.3752 8408818.8084, -12562857.3953 8408814.3384, -12562923.0285 8408835.1529, -12562998.3404 8408877.0374, -12563034.391 8408915.57, -12563033.1038 8409019.3097, -12563172.7938 8409090.0584, -12563367.9791 8409235.002, -12563387.2539 8409589.8582, -12563298.4732 8409657.7312, -12563421.8871 8409966.5436, -12563407.1497 8410054.2238, -12563317.1278 8410190.6514, -12563066.0557 8410343.2882, -12563021.9073 8410384.7315, -12563008.4422 8410470.0507, -12562986.3676 8410490.7725, -12562898.7618 8410552.243, -12562768.7391 8410601.6132, -12562747.5647 8410640.799, -12562632.5613 8410642.9336, -12562656.5491 8410766.3325, -12562736.4353 8410973.2888, -12562869.3363 8411173.3541, -12563058.6627 8411349.3283, -12563302.0986 8411480.9389, -12563745.8708 8411605.6747, -12563965.8271 8411632.1493, -12564204.5855 8411608.4891, -12564779.985 8411409.6635, -12564952.8916 8411302.8786, -12565102.2747 8411165.0067, -12565231.9864 8410985.1299, -12565321.5226 8410782.1742, -12565359.8859 8410620.1224, -12565372.0331 8410427.871, -12565410.4769 8410217.35450001, -12565500.6012 8410078.8848, -12565637.1471 8409986.0662, -12565798.894 8409953.3213, -12566187.5505 8410029.1867, -12566408.9289 8410036.2823, -12566591.2486 8410006.8052, -12566817.756 8409920.8988, -12566998.8497 8409884.20669999, -12567160.6674 8409916.5963, -12567297.4146 8410009.1136, -12567387.8415 8410147.3848, -12567463.8995 8410530.1163, -12567574.9769 8410783.8627, -12567660.1421 8410904.8958, -12567761.2977 8411012.8789, -12567987.0006 8411173.0754, -12568228.4159 8411265.025, -12568710.352 8411355.5467, -12568858.1754 8411357.64899999, -12569004.8519 8411339.1204, -12569147.5251 8411300.3218, -12569280.4299 8411243.5134, -12569463.3246 8411206.3928, -12569625.1827 8411238.7343, -12569761.986 8411331.2228, -12569852.4754 8411469.489, -12569932.9765 8411864.5478, -12569986.432 8412002.6276, -12570058.5547 8412131.9135, -12570147.9411 8412249.8875, -12570266.9586 8412366.23690001, -12570386.88 8412452.8771, -12570534.6636 8412529.2836, -12571014.1503 8412667.6782, -12571252.6642 8412694.0347, -12571490.9833 8412665.964, -12571751.8813 8412566.8131, -12571927.8 8412531.0471, -12572351.8478 8412607.942, -12572361.4103 8412667.2367, -12572404.8245 8412718.8419, -12572315.9214 8412806.2579, -12572281.6707 8412873.4773, -12572272.357 8412924.7257, -12572283.4844 8412980.4787, -12572378.4442 8413128.3767, -12572410.9586 8413141.76169999, -12572461.2392 8413219.2004, -12572499.3577 8413237.7082, -12572607.7469 8413246.863, -12572722.0954 8413223.2155, -12572719.1703 8413264.35760001, -12572784.8128 8413244.9628, -12572795.4755 8413217.6785, -12572765.7924 8413202.6598, -12572874.0916 8413145.6352, -12572944.9865 8413063.2849, -12572962.4241 8413019.5355, -12573042.0459 8412979.7362, -12573108.2974 8412917.3742, -12573126.8414 8412851.5848, -12573100.1704 8412762.2826, -12573233.4411 8412736.9396, -12573300.8527 8412778.3572, -12573424.6572 8412900.1697, -12573572.1154 8412977.8085, -12573617.2086 8413183.3222, -12573686.7748 8413334.6551, -12573790.6953 8413487.6828, -12573933.6852 8413632.2898, -12574101.5994 8413746.909, -12574305.9336 8413832.8274, -12574558.6662 8413888.1849, -12574695.5808 8413980.6158, -12574786.1955 8414118.8721, -12574868.5446 8414522.38899999, -12574922.1117 8414660.4837, -12574994.347 8414789.7683, -12575083.8453 8414907.7258, -12575202.9841 8415024.0383, -12575323.0072 8415110.63, -12575470.896 8415186.9657, -12575674.5256 8415249.3173, -12575965.0515 8415310.6017, -12575909.2823 8415314.2931, -12575897.742 8415393.6774, -12575968.9024 8415361.0638, -12576028.0481 8415368.2878, -12576039.01 8415353.3411, -12576049.4213 8415397.3265, -12576009.0525 8415405.2867, -12575988.0962 8415427.1391, -12575993.4914 8415451.2093, -12575964.4203 8415476.094, -12575960.0671 8415450.1818, -12575930.2629 8415456.9991, -12575909.6772 8415498.9006, -12575952.564 8415611.0677, -12575973.5673 8415597.5351, -12576036.5998 8415598.1836, -12576085.3964 8415433.4112, -12576046.7108 8415322.3456, -12576212.6254 8415334.71500001, -12576451.0127 8415306.474, -12576690.4932 8415218.3942, -12576873.4466 8415181.0708, -12577285.2053 8415259.6682, -12577276.8077 8415293.80579999, -12577291.0339 8415340.4346, -12577317.4372 8415338.7667, -12577315.2505 8415302.4047, -12577338.7139 8415289.0985, -12577368.9241 8415324.6669, -12577396.9025 8415298.3002, -12577398.6056 8415261.52759999, -12577532.5919 8415262.1043, -12577696.0415 8415231.00550001, -12577895.6622 8415154.0232, -12578080.0814 8415116.369, -12578495.3469 8415196.8442, -12578735.3365 8415202.036, -12578952.7167 8415158.6662, -12579153.2342 8415072.6758, -12579317.742 8415050.2752, -12579477.2539 8415093.0709, -12579607.8608 8415194.2944, -12579689.2644 8415338.2169, -12579708.8109 8415502.4745, -12579589.3754 8415937.3375, -12579572.0394 8416084.4985, -12579575.3187 8416232.6473, -12579630.2486 8416485.62919999, -12579754.1681 8416743.5635, -12579780.1393 8416961.7957, -12579729.7849 8417138.4059, -12579533.6295 8417405.659, -12579440.6036 8417586.7333, -12579383.7762 8417782.2651, -12579365.4332 8417999.6655, -12579311.264 8418189.61379999, -12579249.0163 8418273.0073, -12579083.6849 8418377.9925, -12578923.334 8418435.3539, -12578777.4271 8418515.5829, -12578632.2508 8418630.2768, -12578518.159 8418756.6192, -12578376.0823 8418846.818, -12578213.1905 8418874.4985, -12577823.6573 8418788.409, -12577546.7468 8418787.2241, -12577348.4248 8418832.1873, -12577173.0227 8418908.3368, -12576998.5125 8418937.9621, -12576782.9856 8418924.37, -12576581.4998 8418951.8276, -12576430.9182 8419001.5537, -12576216.8943 8419116.8506, -12576058.3238 8419251.2828, -12575932.4073 8419411.2294, -12575832.5542 8419609.5905, -12575753.4739 8419872.89689999, -12575691.1717 8419956.2787, -12575527.2698 8420060.2442, -12575376.2996 8420112.0518, -12575228.9469 8420189.6636, -12575095.5255 8420289.4081, -12574987.1099 8420399.6195, -12574826.9635 8420501.1815, -12574644.934 8420550.4807, -12574461.714 8420638.9274, -12574326.5569 8420736.3159, -12574208.2693 8420853.6839, -12574090.8151 8421020.0179, -12574007.1992 8421205.748, -12573956.1274 8421440.8935, -12573957.2793 8421665.5436, -12573892.8556 8421697.70369999, -12573843.4871 8421794.8582, -12573843.432 8421843.4747, -12573866.2899 8421896.4004, -12573844.3886 8421925.6961, -12573689.3459 8422023.987, -12573526.3667 8422051.5745, -12573116.518 8421964.4226, -12573101.7819 8421925.4546, -12573115.024 8421863.506, -12573094.9091 8421818.6603, -12572984.9615 8421750.6079, -12572930.2949 8421761.3766, -12572875.3115 8421782.339, -12572813.5446 8421974.7478, -12572255.0018 8422160.1718, -12572108.9495 8422240.307, -12571977.2068 8422342.3405, -12571818.6534 8422523.1831, -12571698.0434 8422752.4085, -12571638.7239 8422985.6545, -12571631.8549 8423214.2098, -12571571.2563 8423425.85409999, -12571508.8768 8423509.23969999, -12571353.7698 8423607.5016, -12571190.7478 8423635.0427, -12571029.7678 8423597.3267, -12570895.8541 8423500.2173, -12570809.8202 8423358.8107, -12570754.5096 8423027.0222, -12570677.8922 8422818.4409, -12570548.0797 8422615.8971, -12570376.1156 8422447.7958, -12570220.6231 8422347.40999999, -12570050.0938 8422275.5925, -12569611.4508 8422169.489, -12569446.2777 8422148.2692, -12569170.1686 8422170.95759999, -12569027.9829 8422212.3035, -12568884.3591 8422277.7604, -12568715.9768 8422306.14899999, -12568387.3956 8422229.978, -12568203.3626 8422211.1942, -12567946.2014 8422239.0872, -12567685.5764 8422337.86289999, -12567515.884 8422366.4441, -12567137.8749 8422282.46459999, -12566897.6671 8422276.8861, -12565778.1126 8424279.3411, -12565745.868 8424187.3574, -12565721.1154 8424022.0716, -12565636.2812 8424019.3437, -12565633.3788 8424054.6936, -12565566.6797 8424093.3082, -12565506.9434 8424190.629, -12565497.7727 8424255.9058, -12565510.2656 8424307.7026, -12565578.4093 8424389.646, -12565656.5267 8424436.4652, -12565690.7948 8424435.4888, -12565548.2342 8424690.4154, -12564901.5533 8425092.7932, -12563907.1769 8425916.055, -12563879.1938 8425899.374, -12563849.325 8425904.9116, -12563891.1717 8425858.8701, -12563898.8439 8425822.409, -12563890.7077 8425802.3095, -12563840.141 8425774.5329, -12563888.3992 8425761.5756, -12563895.5014 8425743.6544, -12563841.6616 8425749.8963, -12563842.4113 8425726.6869, -12563810.6713 8425699.5205, -12563832.0934 8425664.6385, -12563822.7062 8425641.1008, -12563721.0524 8425669.0254, -12563710.9597 8425689.7533, -12563729.4472 8425721.9993, -12563672.3781 8425650.0219, -12563633.5829 8425639.325, -12563609.2254 8425608.0411, -12563635.2272 8425566.0484, -12563610.7263 8425527.8601, -12563655.5498 8425493.1525, -12563653.0296 8425448.7849, -12563673.6969 8425424.7728, -12563638.096 8425368.9007, -12563646.0684 8425342.6929, -12563602.713 8425333.852, -12563605.9983 8425379.1598, -12563556.7833 8425404.6243, -12563548.7696 8425450.4579, -12563479.4363 8425508.1673, -12563512.617 8425573.0927, -12563514.8184 8425710.75739999, -12563541.1254 8425732.7256, -12563580.9116 8425833.64329999, -12563571.0867 8425898.7515, -12563683.0545 8425980.30219999, -12563686.3149 8425998.8469, -12563645.3093 8425990.6767, -12563630.7236 8426028.5684, -12563646.2402 8426044.5367, -12563698.4699 8426045.3384, -12563728.2402 8425996.935, -12563799.869 8426004.8831, -12563760.4466 8426037.5161, -12563733.1726 8426037.2442, -12563728.1625 8426064.2398, -12563671.501 8426111.1416, -12561263.3201 8426526.48969999, -12560655.4683 8425730.5195, -12560006.1199 8426202.9916, -12558929.8849 8426802.4383, -12558294.3118 8426851.9409, -12557888.8327 8428461.4413, -12556888.3486 8428758.8885, -12556985.7777 8430172.695, -12556569.5875 8430826.389, -12557824.6676 8430933.7167, -12558224.0661 8430911.9757, -12558261.794 8430777.8443, -12558334.5612 8430696.60409999, -12558304.7199 8430552.8738, -12558334.6565 8430389.8567, -12558425.1644 8430251.1, -12558562.1753 8430158.1648, -12558724.3963 8430125.4918, -12558933.8819 8430164.3666, -12559100.4415 8430171.3332, -12559614.8124 8430090.6369, -12559784.7026 8430136.7095, -12560017.3954 8430249.7681, -12560197.1717 8430294.2748, -12560400.4682 8430306.3056, -12560624.5112 8430275.2777, -12560995.7742 8430346.62359999, -12561143.8058 8430354.0706, -12561297.4416 8430339.7845, -12561461.308 8430372.7212, -12561627.0383 8430485.0402, -12561732.0161 8430585.8919, -12561984.521 8430783.3918, -12562065.7464 8430927.8115, -12562101.8969 8431137.7847, -12562181.9825 8431345.3204, -12562327.3075 8431560.0488, -12562515.5365 8431731.4099, -12562574.0991 8431835.5179, -12562718.3055 8431851.5789, -12562832.6621 8431913.5845, -12563239.5265 8431926.819, -12563475.7892 8431817.9308, -12563652.0404 8431765.3702, -12563768.2855 8431769.1407, -12564240.7784 8431551.3284, -12564480.7663 8431325.9794, -12564597.0049 8431329.7365, -12564658.8732 8431215.1824, -12564660.7476 8431156.967, -12564722.6135 8431042.4151, -12565076.9299 8430879.0275, -12565094.1756 8430847.0908, -12565508.2283 8430860.2951, -12565615.8278 8430895.8031, -12565669.0856 8430950.2582, -12565698.2434 8431020.6737, -12565699.0979 8431096.90209999, -12565671.5252 8431167.9569, -12564293.5409 8432646.7307, -12564233.7963 8432690.5658, -12564162.2408 8432709.688, -12562269.6305 8432851.8548, -12562172.433 8432990.5884, -12562134.6594 8433203.7575, -12562140.465 8433407.7494, -12562185.0244 8433606.8891, -12562240.8933 8433744.4764, -12562325.8807 8433888.2273, -12562432.2755 8434016.8921, -12562553.4882 8434124.4149, -12562651.7422 8434299.0813, -12562716.0181 8434455.0287, -12562838.1071 8434372.1123, -12562886.406 8434357.242, -12563072.7145 8434371.9732, -12563115.9737 8434401.278, -12563092.7088 8434278.4077, -12563133.2527 8434117.6211, -12563232.6835 8433985.0263, -12563375.5456 8433901.22909999, -12563539.639 8433879.2487, -12563699.4622 8433922.5004, -12563830.1801 8434024.2645, -12563911.4772 8434168.7281, -12563930.7162 8434333.4435, -12563829.0119 8434690.0894, -12563800.4906 8434873.4872, -12563806.3433 8435077.5245, -12563882.0472 8435498.0116, -12563874.3927 8435533.2518, -12564226.7353 8435663.6379, -12564327.449 8435756.7469, -12564633.6304 8436177.1457, -12564812.8366 8436461.3694, -12564859.4343 8436562.7228, -12564956.7487 8436866.4059, -12564965.5044 8436943.2133, -12564944.666 8437017.6496, -12564897.3167 8437078.6993, -12564742.4814 8437172.49459999, -12564677.4049 8437156.2756, -12564738.0599 8437552.4133, -12564643.6766 8437895.0447, -12565009.4726 8438194.8832, -12565128.8132 8438237.13840001, -12565167.2956 8438301.6959, -12565743.2368 8438087.4759, -12565877.9006 8437993.2547, -12566160.6642 8437898.118, -12566150.1013 8437849.8924, -12566179.8958 8437686.6806, -12566236.3773 8437599.8898, -12566182.7652 8437517.8783, -12566143.3619 8437337.9815, -12566173.1544 8437174.781, -12566263.6002 8437035.7994, -12566401.2352 8436942.2285, -12566670.4951 8436841.9479, -12566868.4972 8436704.7759, -12567041.3428 8436511.3388, -12567274.377 8436122.9143, -12567411.388 8436029.7399, -12567573.7011 8435996.8461, -12567736.095 8436029.3439, -12567873.3316 8436122.183, -12567965.9932 8436249.5877, -12568083.3076 8436368.4238, -12568357.5703 8436562.9496, -12568448.3384 8436701.7088, -12568524.7554 8436948.8499, -12568647.6093 8437156.2459, -12568785.8069 8437306.3436, -12569092.2118 8437547.8198, -12569173.651 8437692.2957, -12569193.0163 8437857.0768, -12569142.2598 8438034.1105, -12569079.7275 8438117.6387, -12568924.2786 8438216.0401, -12568652.5048 8438288.6106, -12568702.1512 8438384.9059, -12569407.9331 8438604.3271, -12569499.0448 8438655.026, -12569604.6294 8438802.639, -12569667.3392 8439111.6307, -12569769.015 8439157.5012, -12569896.1043 8439552.4734, -12569687.266 8440041.624, -12569565.4063 8440476.24099999, -12569195.1683 8440658.0099, -12568991.3465 8440624.4783, -12568797.3933 8440437.9378, -12568247.9486 8440331.635, -12568234.841 8440441.556, -12568113.8692 8440842.0155, -12568033.4819 8440929.5442, -12567807.2487 8440912.8264, -12566980.097 8439929.3923, -12565574.8511 8439569.4936, -12565633.9913 8439674.5287, -12565718.7867 8439942.82119999, -12565833.8632 8440133.4464, -12565951.4643 8440254.7421, -12566171.1985 8440227.0558, -12566331.1755 8440270.289, -12566462.0421 8440372.0952, -12566543.4601 8440516.6551, -12566562.7731 8440681.5057, -12566511.9335 8440858.5877, -12566392.0047 8441001.6934, -12566247.357 8441242.24059999, -12566157.8154 8441541.1239, -12566142.9319 8441763.4394, -12566173.4661 8441990.4073, -12566138.2787 8442152.6375, -12565814.0302 8442583.6175, -12565739.9387 8442733.5195, -12565677.4938 8442918.663, -12565556.6329 8443109.3892, -12565489.8363 8443267.2351, -12565386.457 8443415.1214, -12565246.2801 8443503.7553, -12565082.7948 8443531.2298, -12564810.9431 8443470.4701, -12564607.2744 8443458.5363, -12564405.0735 8443485.7424, -12564194.8843 8443558.8495, -12564056.3106 8443641.0938, -12563893.1351 8443763.6706, -12563836.3619 8443829.268, -12564138.1748 8443880.9446, -12564308.2301 8443874.7878, -12564503.408 8443927.5875, -12564634.3135 8444029.4771, -12564715.7498 8444174.1552, -12564742.8244 8444307.6063, -12564822.0735 8444323.5821, -12565142.6729 8444232.4208, -12565474.8251 8444202.3814, -12565565.3719 8444063.2772, -12565702.553 8443970.0363, -12565865.0492 8443937.1469, -12566027.6091 8443969.71899999, -12566177.8724 8444054.8335, -12566352.3996 8444117.89509999, -12566498.2498 8444145.8551, -12566649.0486 8444153.1355, -12566825.4213 8444200.788, -12566956.3643 8444302.6404, -12567037.8347 8444447.2723, -12567093.3707 8444705.2228, -12567207.8057 8444938.4701, -12567335.3153 8445098.0527, -12567499.648 8445236.3485, -12567590.5448 8445375.343, -12567620.7346 8445538.6567, -12567524.7805 8446012.9867, -12567520.9139 8446180.2878, -12567539.4639 8446327.9105, -12567584.6019 8446489.0402, -12567654.3511 8446641.11609999, -12567746.9954 8446780.392, -12567848.0478 8446891.9205, -12567956.3485 8447084.1299, -12567975.709 8447249.1241, -12567907.3535 8447487.3785, -12567828.4597 8447686.8952, -12567733.7456 8448114.2099, -12567638.6431 8448250.3424, -12567498.4003 8448339.0767, -12567310.6085 8448369.7216, -12567135.7842 8448985.8135, -12566743.6305 8449201.9839, -12566083.4545 8449210.7422, -12565441.0306 8449414.0648, -12565147.1334 8450036.3011, -12565264.7399 8450106.5122, -12565350.1073 8450222.8494, -12565390.1688 8450439.9422, -12565354.4347 8450604.5978, -12565276.5781 8450749.58470001, -12565226.1229 8450889.623, -12565195.6145 8451035.3347, -12565185.615 8451183.8749, -12565112.0853 8451439.6691, -12565033.8316 8451637.7907, -12564938.6536 8452066.4414, -12564843.4478 8452202.6094, -12564703.0958 8452291.3366, -12564563.2676 8452314.8232, -12564628.6953 8452509.4155, -12564743.563 8452718.3424, -12564783.6194 8452935.5119, -12564736.7643 8453151.3203, -12564694.7768 8453235.0777, -12564803.3271 8453837.2068, -12564680.2785 8454416.6373, -12564524.4162 8454889.5488, -12564002.9029 8455162.7435, -12563707.2182 8455551.8994, -12563606.3522 8455990.2988, -12563616.5064 8456535.0428, -12563425.902 8457317.6507, -12563020.2533 8457525.1111, -12562692.6505 8457257.742, -12562426.621 8456666.324, -12562043.5672 8456357.1732, -12561693.5597 8455944.7285, -12561625.2619 8455496.5021, -12561062.5956 8454959.2237, -12560456.4178 8454492.6686, -12560461.7537 8454187.0255, -12560077.2357 8453832.5919, -12559542.1119 8453377.7947, -12559305.4963 8453319.095, -12559112.3236 8453178.5299, -12559051.3227 8453077.1377, -12558871.8745 8452954.2605, -12558846.9323 8452916.0207, -12558753.876 8452970.919, -12558590.1567 8452998.2813, -12558428.6036 8452960.1313, -12558279.5452 8452851.6403, -12558096.5792 8452543.8612, -12558001.8888 8452279.9099, -12557698.3282 8452206.65330001, -12557564.0766 8452108.9194, -12557398.7858 8451844.0874, -12557362.2644 8451654.3112, -12557229.0091 8451612.4659, -12556755.4199 8451527.2372, -12556606.4152 8451418.7338, -12556549.3307 8451331.1567, -12556465.0286 8451029.2907, -12556376.222 8451007.9898, -12556326.0784 8450978.59880001, -12556241.6308 8450898.1166, -12556124.5477 8450718.4716, -12556072.6548 8450551.42409999, -12555929.6113 8450443.4615, -12555872.5421 8450355.8907, -12555802.782 8450091.3204, -12555721.1002 8450008.2997, -12555346.6078 8449741.3422, -12555260.5739 8449599.2497, -12555240.7484 8449466.3565, -12554975.3128 8449248.106, -12555000.3363 8448906.7673, -12555225.6572 8448667.38359999, -12555219.5469 8448553.55259999, -12555175.5333 8448337.6215, -12555183.1431 8448296.289, -12554951.2723 8448345.798, -12554781.7801 8448421.6525, -12554462.2872 8448621.1628, -12554298.6502 8448648.4141, -12554116.3925 8448605.2632, -12553982.26 8448542.8545, -12553840.1184 8448499.5084, -12553552.8123 8448473.6081, -12553336.9789 8448422.48439999, -12553238.5831 8448360.2905, -12553185.6795 8448272.86, -12553108.8465 8448280.3166, -12552202.4206 8447628.8198, -12552223.1517 8447441.6597, -12552206.1645 8447327.4707, -12552247.021 8447166.4636, -12552375.683 8447007.7945, -12552583.3378 8446417.0857, -12552649.1053 8446141.961, -12552747.5142 8445985.9666, -12552816.6366 8445833.6241, -12552909.3857 8445410.7905, -12553191.5705 8444991.5551, -12553251.8274 8444855.5926, -12553290.9158 8444713.806, -12553074.5941 8444386.6198, -12552600.6825 8444194.1264, -12553493.1231 8442786.9802, -12553433.9532 8442458.4082, -12553483.8119 8442187.9418, -12553547.1794 8442095.9464, -12553594.3117 8441884.8099, -12553586.7228 8441606.6832, -12553528.0244 8441354.4756, -12553028.3907 8441306.1231, -12552961.2616 8441272.3238, -12552911.2406 8441216.1702, -12552888.3899 8441157.1332, -12552787.0255 8441003.8967, -12552770.658 8440893.9387, -12552697.2392 8440780.7133, -12552686.4574 8440730.3157, -12552712.9528 8440685.3534, -12552826.9554 8440647.5303, -12552903.1005 8440546.2874, -12552939.3812 8440525.076, -12552934.3528 8440493.0801, -12551282.1719 8439966.3717, -12551511.3985 8439584.3104, -12551440.5628 8439561.9827, -12551380.5236 8439512.2808, -12551091.3229 8438976.7159, -12550905.188 8438386.6725, -12550897.1185 8438229.1652, -12550605.1512 8437989.2471, -12550497.5572 8437920.4383, -12550345.2093 8437664.2065, -12550294.7132 8437493.1806, -12550142.4801 8437804.3641, -12549042.9227 8436567.3143, -12548978.6847 8436801.5212, -12549028.0101 8436928.7116, -12549107.2521 8437227.2497, -12549208.3717 8437410.0152, -12549372.3768 8437585.9825, -12549410.3192 8437784.5097, -12548960.8957 8437840.7561, -12548641.8513 8437749.0728, -12548642.1487 8437480.146, -12548557.6877 8437333.8025, -12548422.6857 8437616.0032, -12548387.8556 8437847.8831, -12548169.3022 8437956.8766, -12548033.3701 8437745.9842, -12548271.0331 8437341.8326, -12548140.3462 8437238.71, -12547866.3394 8437139.5924, -12547682.341 8437025.6555, -12547572.3266 8436842.56930001, -12547481.4601 8436364.3618, -12547174.8006 8436434.3959, -12547154.407 8436765.3333, -12546902.5954 8436801.4087, -12546728.856 8436392.0192, -12546656.4182 8436283.4942, -12546186.9114 8436645.9389, -12546384.1955 8436783.3831, -12546461.7759 8437126.7088, -12546461.7094 8437386.6681, -12546373.4959 8437607.7107, -12546119.7865 8437697.4864, -12546259.3918 8437800.9624, -12546405.145 8437985.3363, -12546505.2758 8438195.0206, -12546517.8767 8438347.8714, -12546642.6632 8438621.1822, -12546915.7778 8438747.2316, -12546956.7098 8439116.2684, -12547037.4397 8439370.1365, -12547148.0975 8439535.3811, -12547322.3165 8439415.8894, -12547414.8564 8439069.4016, -12547545.2849 8438921.4957, -12547796.5481 8438903.2995, -12547863.7479 8439031.1529, -12547710.8054 8439312.7856, -12547436.0429 8439751.6119, -12547110.6939 8440099.0221, -12546785.6806 8440177.4095, -12546617.4585 8439606.615, -12546472.4232 8438884.2407, -12546229.2409 8438669.5554, -12545943.6465 8438873.9493, -12545596.9646 8438924.251, -12545215.8851 8439351.4132, -12544893.8295 8439376.3316, -12544430.7658 8439596.0933, -12544354.4174 8439648.614, -12544435.3072 8439874.1708, -12544594.1061 8440105.096, -12544695.0539 8440285.5842, -12544713.8764 8440450.4809, -12544662.5145 8440627.3998, -12544599.6847 8440710.7448, -12544443.8598 8440808.6572, -12544280.3622 8440835.6579, -12544066.2212 8440784.6516, -12543789.2476 8440646.15389999, -12543374.3933 8440542.0175, -12543272.0616 8440467.2177, -12542886.494 8440401.5784, -12542351.9864 8440567.1586, -12542179.6279 8441131.2661, -12542167.3449 8441634.0092, -12541861.7239 8441867.5278, -12541188.8014 8442020.6154, -12540953.0546 8442207.9951, -12541011.8615 8442726.0314, -12541073.0621 8442940.2756, -12541199.9386 8443184.8945, -12541224.8463 8443404.0315, -12541194.7858 8443583.7364, -12541190.3229 8443750.9609, -12541245.1735 8444122.5228, -12541337.7846 8444384.9281, -12541533.4789 8444697.4115, -12541600.4461 8445047.044, -12541688.5437 8445271.46199999, -12541720.0804 8445445.4876, -12541694.9152 8445613.0089, -12541696.2926 8445780.3337, -12541719.4571 8445927.2865, -12541762.8153 8446069.5827, -12541825.5247 8446204.4518, -12541917.6707 8446344.03939999, -12542044.1809 8446480.05129999, -12542204.605 8446601.3023, -12542233.6445 8446646.0437, -12542364.2587 8446593.5807, -12542417.6861 8446476.2921, -12542465.1971 8446315.8551, -12542543.7337 8445806.9733, -12542599.6612 8445737.7147, -12542709.7504 8445652.2729, -12542922.4017 8445609.9252, -12543084.8916 8445643.0126, -12543221.989 8445736.4324, -12543312.3903 8445875.6711, -12543342.0419 8446039.0891, -12543300.5514 8446227.54869999, -12543235.1938 8446384.7966, -12543196.1473 8446547.5102, -12543183.1313 8446730.8214, -12543111.5102 8447097.5826, -12543121.7486 8447364.9234, -12542916.2584 8447254.0022, -12542653.3965 8447184.9657, -12542497.0487 8447112.7427, -12542459.1701 8447078.8059, -12542392.4296 8447209.5288, -12542624.4229 8447709.8104, -12542767.7661 8447903.99099999, -12543093.0479 8448222.198, -12543246.9164 8448326.22, -12543470.9952 8448419.0747, -12543551.2366 8448473.7469, -12543580.4881 8448298.9957, -12543568.887 8448076.2939, -12543807.8538 8448193.0291, -12544147.6617 8448289.7497, -12544278.3577 8448392.0603, -12544359.4234 8448537.0193, -12544378.2574 8448702.1016, -12544292.3737 8449003.8598, -12544342.5498 8449643.5242, -12544850.7962 8449794.1904, -12545315.6025 8450138.6071, -12545554.0409 8450264.1233, -12545804.0029 8450748.17719999, -12545910.5671 8450857.3005, -12546054.1581 8450917.2817, -12546498.9048 8451011.0371, -12546636.1456 8451104.4627, -12546726.6768 8451243.762, -12546756.4247 8451407.2861, -12546720.2764 8451571.8371, -12546681.1642 8451644.2129, -12546710.5214 8451758.2553, -12546591.6327 8451855.2892, -12546560.2092 8452002.4321, -12546549.8902 8452148.0203, -12546483.1365 8452378.1546, -12546263.1593 8452656.8319, -12546193.3814 8452788.3231, -12546142.5501 8452928.2641, -12546101.461 8453203.8622, -12546137.0847 8453544.84839999, -12546075.0099 8453827.299, -12546026.6268 8453944.9793, -12546120.1499 8454089.4866, -12546149.8953 8454253.0766, -12546102.4864 8454468.7969, -12546006.0596 8454643.7239, -12545950.3655 8454781.83569999, -12545865.9029 8455132.66359999, -12545770.2965 8455259.5231, -12545614.1763 8455357.6502, -12545450.3589 8455384.7266, -12545288.8245 8455346.27499999, -12545154.6836 8455248.2734, -12545068.785 8455105.9568, -12545021.9695 8454823.6607, -12544909.6949 8454554.3986, -12544548.5326 8454482.6431, -12544414.4174 8454384.6398, -12544328.5431 8454242.3314, -12544304.2546 8454077.8397, -12544409.6519 8453629.238, -12544417.4516 8453480.5138, -12544402.9481 8453329.4455, -12544234.6853 8453359.3064, -12544073.2025 8453320.8391, -12543924.3522 8453212.0534, -12543867.406 8453124.3579, -12543828.4716 8452943.96630001, -12543858.8258 8452780.5183, -12543949.8857 8452641.52579999, -12543999.9545 8452607.711, -12543956.5189 8452421.4781, -12543986.868 8452258.041, -12544077.9189 8452119.0567, -12544215.519 8452026.1214, -12544424.879 8451975.853, -12544237.4512 8451558.8486, -12543989.8517 8451492.72909999, -12543841.0395 8451383.9693, -12543784.1082 8451296.2949, -12543745.1847 8451115.9477, -12543788.7833 8450881.1926, -12543886.3955 8450641.9376, -12543501.4399 8450706.5556, -12543031.1587 8450840.8004, -12542950.7757 8450871.6791, -12542749.7845 8450990.7593, -12542586.0544 8451017.7568, -12542484.3122 8450993.497, -12542276.4777 8451151.8698, -12542107.3246 8451239.9648, -12542060.0045 8451250.0495, -12541942.3263 8451257.641, -12541766.8464 8451239.6601, -12541686.008 8451201.5117, -12541619.3888 8451093.3052, -12541479.0916 8451076.5658, -12541407.9041 8451097.5589, -12541337.5479 8451095.0603, -12541152.844 8451006.1763, -12541035.5851 8451002.0076, -12540917.0771 8451033.0731, -12540797.7347 8451087.6277, -12540725.7118 8451132.1053, -12540713.1521 8451155.1789, -12540593.8063 8451209.7312, -12540523.0322 8451218.9703, -12540383.1528 8451190.4642, -12539828.9548 8451017.6311, -12539560.134 8451125.2967, -12539442.8902 8451196.9088, -12539375.8155 8451212.6588, -12539396.4942 8451395.0133, -12539373.3813 8451499.72689999, -12539303.7777 8451630.6648, -12539252.8241 8451770.5346, -12539157.835 8452246.9894, -12539047.2821 8452510.91350001, -12538962.8968 8452979.9039, -12538848.4309 8453142.392, -12538742.0028 8453248.6318, -12538642.4126 8453383.1899, -12538551.0935 8453566.2329, -12538496.4979 8453758.1391, -12538701.5426 8454582.1181, -12538469.9358 8455322.1433, -12538176.7372 8455628.1422, -12538206.3112 8455791.7965, -12538170.4385 8455954.1869, -12538074.6907 8456090.0717, -12537933.9476 8456178.328, -12537767.8092 8456215.1941, -12537612.0948 8456276.4456, -12537467.8602 8456361.3404, -12537338.6564 8456467.7897, -12537205.757 8456623.3063, -12537112.6547 8456784.4163, -12536957.6796 8457271.3638, -12536894.6183 8457354.82829999, -12536738.3372 8457452.7922, -12536574.4428 8457479.677, -12536412.9113 8457441.01879999, -12536278.8528 8457342.828, -12536193.1032 8457200.3688, -12536145.7317 8456979.6072, -12536055.3287 8456775.5305, -12535886.1779 8456554.1382, -12535661.8764 8456373.9121, -12535605.0055 8456286.1156, -12535566.2583 8456105.6051, -12535596.8096 8455942.1236, -12535688.0643 8455803.1766, -12535825.838 8455710.3546, -12536066.3726 8455658.9751, -12536239.9318 8455592.4906, -12536384.1651 8455507.62879999, -12536513.3655 8455401.2101, -12536613.0084 8455290.6278, -12536696.3142 8455167.23170001, -12536803.1011 8454909.8486, -12536833.7721 8454745.1531, -12536838.3437 8454577.68339999, -12536820.3925 8454429.8258, -12536775.8846 8454268.3415, -12536711.2061 8454125.7405, -12536631.7544 8454184.26749999, -12536414.1421 8454219.9612, -12536252.6835 8454181.3174, -12536113.3579 8454079.2648, -12535959.5139 8454103.7154, -12535700.5131 8454205.5207, -12535289.9346 8454475.7312, -12535126.1019 8454502.5735, -12534911.6304 8454451.2008, -12534787.5493 8454354.1651, -12534673.7289 8454164.9848, -12534601.4967 8453796.4376, -12534543.6016 8453659.2614, -12534279.7004 8453243.1803, -12534255.6401 8453078.6804, -12534296.9217 8452917.6532, -12534397.1264 8452785.1221, -12534557.4851 8452691.9135, -12534795.2991 8452600.2684, -12534980.1545 8452475.7564, -12535135.1191 8452315.4672, -12535289.706 8452086.7472, -12535427.4144 8451993.9788, -12535590.2149 8451961.729, -12535752.8095 8451995.0085, -12536097.3461 8452229.3204, -12536318.0165 8452331.2601, -12536492.5522 8452225.2878, -12536731.5577 8452264.3163, -12536790.4955 8451808.7949, -12536756.5184 8451646.9178, -12536797.0397 8451429.883, -12536905.3752 8451158.4159, -12536985.2069 8450741.4416, -12537076.3702 8450602.5736, -12537214.0285 8450509.7895, -12537371.0282 8450478.6486, -12537350.7116 8450241.0707, -12537289.5204 8450045.9376, -12537192.2865 8449866.08869999, -12537035.8692 8449682.22999999, -12536858.1847 8449547.7963, -12536674.0007 8449459.5365, -12536378.5598 8449371.56889999, -12536240.2932 8449160.571, -12536216.2012 8448996.1681, -12536359.4992 8448520.5231, -12536378.6178 8448354.2309, -12536371.5304 8448186.99409999, -12536343.3584 8448040.8764, -12536295.1603 8447900.1103, -12536114.2019 8447590.7238, -12536064.003 8447356.956, -12536048.1412 8447069.3264, -12535960.2758 8446805.1847, -12535831.0135 8446601.3743, -12535659.3007 8446431.9147, -12535470.7002 8446313.522, -12535216.9226 8446226.2108, -12535172.2942 8446193.5133, -12534991.1314 8446279.7597, -12534802.2747 8446429.7989, -12534651.9461 8446618.5475, -12534560.6142 8446801.3729, -12534466.8851 8447109.2824, -12534301.0946 8447335.4286, -12534209.745 8447518.2672, -12534154.8993 8447715.2104, -12534138.4421 8447900.4068, -12534148.5815 8448048.8742, -12534203.9449 8448361.0833, -12534112.3123 8448789.4938, -12534109.464 8449067.9722, -12534153.3513 8449267.6962, -12534234.4818 8449455.367, -12534349.8766 8449624.0861, -12534504.8602 8449775.29379999, -12534585.8167 8449920.5112, -12534604.4343 8450085.6467, -12534552.7599 8450262.7219, -12534489.7329 8450346.0866, -12534333.5703 8450443.9077, -12534169.8237 8450470.7151, -12533849.6811 8450415.5124, -12533701.1472 8450420.4746, -12533554.7473 8450446.092, -12533328.7027 8450530.3315, -12533025.5021 8450715.1949, -12532861.7448 8450741.9739, -12532595.2628 8450682.8695, -12532391.2663 8450673.5915, -12532225.4948 8450695.1538, -12532029.5866 8450756.7645, -12531831.9809 8450789.0506, -12531670.6224 8450750.3251, -12531522.0103 8450641.3287, -12531465.2326 8450553.5695, -12531426.6157 8450373.1788, -12531457.2335 8450209.8422, -12531548.493 8450071.0548, -12531873.0504 8449850.8852, -12532011.255 8449726.6926, -12532115.537 8449595.8576, -12532265.1475 8449342.076, -12532334.5089 8449133.1491, -12532362.1968 8448883.72999999, -12532441.174 8448549.9746, -12532442.4484 8448258.8964, -12532483.821 8448097.6749, -12532751.5099 8447763.1689, -12532847.379 8447603.9624, -12532919.1845 8447412.5728, -12532982.4405 8447092.358, -12533073.6326 8446953.6087, -12533172.5404 8446887.02090001, -12533029.8792 8446853.46490001, -12532746.3269 8446903.3626, -12532537.0278 8446979.2612, -12532392.9194 8447063.9509, -12532231.6111 8447202.6295, -12532059.1303 8447310.5998, -12531895.4459 8447337.3457, -12531734.1627 8447298.6407, -12531600.3508 8447200.5021, -12531514.8081 8447058.1865, -12531490.8282 8446893.8163, -12531532.1339 8446732.9399, -12531632.3023 8446600.5571, -12531775.7628 8446517.2409, -12532056.0979 8446473.9532, -12532265.3874 8446398.0734, -12532439.5864 8446291.567, -12532595.4554 8446147.895, -12532746.4238 8446060.1918, -12532910.8713 8446038.8654, -12533070.7687 8446082.8573, -12533201.2694 8446185.3324, -12533282.0916 8446330.3675, -12533300.6718 8446495.4258, -12533248.9926 8446672.405, -12533341.9278 8446804.1813, -12533461.6572 8446753.8084, -12533641.9405 8446623.0452, -12533791.1356 8446457.594, -12533902.722 8446264.6902, -12533962.7305 8446085.9592, -12534028.1972 8445703.4868, -12534024.0789 8445536.211, -12533970.0019 8445159.8572, -12534011.2433 8444999.00419999, -12534111.3439 8444866.6177, -12534254.743 8444783.2716, -12534419.1579 8444761.915, -12534579.0371 8444805.8661, -12534829.731 8444995.21459999, -12535047.1129 8445099.44699999, -12535208.7724 8445141.5621, -12535460.3478 8445170.3472, -12535626.5344 8445215.9734, -12535702.6556 8445142.533, -12535992.8821 8444666.5992, -12536118.5665 8444544.206, -12536218.081 8444409.84229999, -12536302.5124 8444244.359, -12536352.9276 8444084.8685, -12536378.9687 8443900.8749, -12536374.7975 8443733.64069999, -12536339.6187 8443551.1876, -12536273.347 8443377.6292, -12536166.9684 8443203.268, -12536029.3352 8443052.4432, -12535912.4561 8442960.7383, -12535738.7515 8442865.3896, -12535556.7275 8442732.0457, -12535499.9614 8442644.4119, -12535413.9026 8442269.361, -12535350.2113 8442114.7575, -12535269.5591 8441979.325, -12535230.8914 8441799.1638, -12535262.5813 8441629.6101, -12535341.5194 8441454.2191, -12535386.6261 8441274.0305, -12535399.3473 8441070.1444, -12535368.3388 8440765.815, -12535414.0584 8440587.3496, -12535518.8521 8440448.6988, -12535637.6017 8440342.7907, -12535586.8864 8440094.0274, -12529288.5888 8439817.105, -12528983.0009 8439336.0242, -12529039.2696 8438690.2717, -12529810.0962 8438394.9868, -12530110.2983 8438584.2536, -12530577.9404 8438617.7509, -12530798.5585 8438334.3959, -12530745.5166 8437945.0605, -12530409.4318 8437593.4367, -12530253.2849 8437880.7138, -12530192.0032 8437931.0417, -12530076.2292 8437953.3185, -12530000.6925 8437929.31669999, -12529836.9544 8437788.4012, -12529800.7708 8437706.5422, -12529759.7466 8437495.3895, -12529790.8024 8437298.8992, -12529726.9695 8437119.34660001, -12529757.5662 8436956.3099, -12529848.6905 8436817.7907, -12529970.9747 8436754.6856, -12530006.6708 8436634.5004, -12529846.1981 8436580.5241, -12529831.4246 8436529.9698, -12529874.6614 8436485.7331, -12529907.4317 8436386.9357, -12529961.5142 8436330.5999, -12529998.1301 8436240.2806, -12530179.1548 8436238.6499, -12530353.0744 8435978.3998, -12530408.9976 8435928.3824, -12530514.2342 8435894.77229999, -12530576.0881 8435909.5593, -12530598.217 8435930.1743, -12530631.7605 8435923.5521, -12530793.9783 8435956.8646, -12531161.7843 8436198.1813, -12531298.2128 8436256.4934, -12531449.624 8436296.9384, -12531586.3987 8436390.4533, -12531676.4657 8436529.6549, -12531705.8235 8436692.9095, -12531669.9059 8436854.8481, -12531568.1321 8437006.4949, -12531504.3482 8437136.8767, -12531774.1414 8437515.82379999, -12531998.4277 8437911.5272, -12532408.2346 8438085.98439999, -12532946.5436 8438397.2253, -12532849.86 8438830.9476, -12532437.9023 8439042.5752, -12532573.7638 8439306.7025, -12532939.8503 8439465.89779999, -12533537.341 8439487.769, -12533885.2896 8439257.5334, -12534594.629 8439315.79469999, -12534959.5883 8439507.2409, -12535152.6001 8439560.8925, -12534905.14 8439269.0508, -12534700.8297 8438562.89339999, -12534706.1601 8438437.338, -12534920.527 8437867.6014, -12534789.487 8437445.06, -12534457.5354 8437303.1888, -12534375.5633 8437238.5552, -12534031.7943 8436560.012, -12533431.2635 8436564.2195, -12532969.5177 8435977.9764, -12532811.6742 8436018.2604, -12531918.7716 8435746.0823, -12531238.0762 8435481.6316, -12530953.224 8435284.9411, -12530824.9571 8434906.3109, -12529933.6048 8435446.1845, -12529636.4767 8435104.205, -12529558.4855 8435141.3532, -12529442.7513 8435920.5883, -12529349.4327 8436289.5263, -12528876.0113 8436165.5302, -12528861.3094 8435845.785, -12528763.1167 8435629.3406, -12528724.5319 8435284.9491, -12528654.4864 8435278.9085, -12527216.6612 8435900.9928, -12527251.6746 8435971.7615, -12527386.318 8436756.6555, -12526828.4597 8436735.7706, -12526517.614 8437548.4901, -12525927.6621 8437641.2689, -12525485.4702 8437177.9007, -12524955.5597 8437041.4188, -12524733.1132 8437579.8456, -12524361.7792 8437565.8136, -12524116.7261 8437449.4618, -12523946.3069 8438115.6691, -12523302.1591 8438627.681, -12522500.608 8438916.5345, -12522443.0848 8438416.2045, -12522197.5811 8438219.1435, -12521823.2025 8438430.6812, -12521763.9702 8438995.54469999, -12521747.5921 8439426.0349, -12521171.5061 8439483.85989999, -12520743.5452 8439419.5734, -12520670.13 8439672.2489, -12520868.5499 8439903.4094, -12520997.8297 8440275.65039999, -12520996.1069 8440738.71679999, -12520647.1515 8441108.6549, -12520012.1238 8441036.375, -12519597.5594 8441036.4097, -12519331.1827 8440914.3592, -12519121.1516 8440570.884, -12518800.9088 8440606.448, -12518691.2795 8440969.5468, -12518336.7186 8441067.6537, -12518217.9515 8440839.46639999, -12518177.8435 8440633.36599999, -12518040.5649 8440566.0054, -12518017.7338 8440515.4812, -12517987.31 8440340.5633, -12517993.0436 8440191.8678, -12517974.8074 8440124.6146, -12517697.8698 8440237.9937, -12517665.2591 8440202.701, -12517409.8283 8440323.4201, -12516674.6661 8439905.6186, -12516505.9276 8439592.4553, -12516032.6461 8440332.0454, -12515419.553 8440506.8915, -12514801.936 8440437.7148, -12514736.138 8440393.603, -12514464.8232 8440120.2099, -12514405.3465 8440117.88, -12514519.087 8440466.7521, -12515145.714 8440615.4101, -12515446.3886 8440895.2803, -12515397.6638 8441363.4552, -12515395.0997 8441770.4458, -12515879.5078 8442193.4048, -12516271.0061 8442702.938, -12516796.8673 8442975.7251, -12516961.0498 8443159.7193, -12517382.6452 8443899.8613, -12517382.4443 8444025.405, -12517481.113 8444103.2252, -12517561.6007 8444248.3882, -12517601.6965 8444449.9472, -12517687.8707 8444655.4397, -12517802.809 8444824.3034, -12517962.3044 8444979.7355, -12518184.1987 8445114.405, -12518341.4457 8445170.833, -12518572.4036 8445220.7293, -12518709.1759 8445314.5975, -12518799.1041 8445454.1237, -12518828.2084 8445617.62389999, -12518791.9621 8445779.69080001, -12518688.3611 8445925.9063, -12518593.2773 8446016.1175, -12518608.4699 8446101.4798, -12518593.4773 8446237.6143, -12518758.3863 8446550.6938, -12519226.4596 8446926.0938, -12519151.6757 8447632.6907, -12519251.2384 8447854.9242, -12519352.3971 8447883.0925, -12519482.7351 8447985.8346, -12519563.304 8448131.0528, -12519596.9412 8448352.7332, -12519672.3563 8448562.5532, -12519710.6119 8448625.5758, -12520410.8913 8448574.7586, -12520637.8318 8449318.92899999, -12520335.0444 8449723.0437, -12519957.6684 8449937.461, -12519978.6274 8449966.5655, -12519826.3854 8450526.4243, -12519682.2299 8451182.3841, -12519740.0106 8451590.0691, -12519729.0059 8451690.4287, -12519647.0259 8451971.2922, -12519617.3316 8452154.9305, -12519627.0114 8452396.3719, -12519683.9132 8452612.0958, -12519896.4575 8453055.2395, -12520010.3105 8453202.2502, -12520133.2078 8453315.8325, -12520256.178 8453399.529, -12520389.5828 8453465.2668, -12520807.4197 8453588.6361, -12520938.9666 8453679.0727, -12521089.6659 8453751.6861, -12521549.1299 8453861.6986, -12521686.1002 8453955.6237, -12521776.189 8454095.2788, -12521805.3915 8454258.96, -12521769.1657 8454421.23170001, -12521673.138 8454556.8706, -12521532.2321 8454644.7914, -12521408.7476 8454667.0991, -12521454.3193 8454966.2028, -12521200.7895 8455979.6202, -12520868.9267 8456062.4419, -12520322.1085 8455891.192, -12520233.3942 8456245.4328, -12520105.7657 8456425.6253, -12519964.8053 8456513.5376, -12519800.8751 8456540.0435, -12519639.4578 8456501.0221, -12519490.9122 8456391.6976, -12519344.7739 8456183.904, -12519114.657 8455981.1129, -12519057.988 8455893.1951, -12519029.9945 8455773.16439999, -12518579.2063 8455675.13579999, -12518302.9859 8455418.0014, -12518368.2113 8454933.0827, -12518033.2816 8454586.82249999, -12517845.724 8454009.1856, -12517513.4234 8453601.0253, -12517071.1222 8453338.49149999, -12516981.4014 8452668.2636, -12517029.2684 8452250.9477, -12516615.2374 8451930.8006, -12516413.029 8451207.37309999, -12516488.5289 8450438.5431, -12516317.8056 8449916.3626, -12515778.1981 8449437.8395, -12515614.4275 8449357.1695, -12515492.7703 8449327.0294, -12515344.4306 8449217.7298, -12515287.8585 8449129.8652, -12515249.6465 8448949.4298, -12515347.8217 8448486.1377, -12515336.4623 8448363.9725, -12514957.9451 8447992.56449999, -12514848.3431 8447906.1099, -12514633.4027 8447500.0449, -12513915.3413 8447583.7526, -12513650.3221 8447741.4843, -12513180.4629 8447909.8566, -12512758.4869 8448216.7154, -12512633.8543 8448514.2212, -12512586.6058 8448793.4199, -12512526.2674 8448997.9081, -12512463.0042 8449081.0662, -12512382.7828 8449130.9835, -12512362.4617 8449221.4701, -12512324.5543 8449274.8706, -12512255.117 8449320.0732, -12511928.525 8449839.1115, -12511687.3075 8450399.2676, -12511221.3032 8450474.0716, -12510727.7805 8450159.9127, -12510371.3355 8450077.2838, -12510369.8194 8450189.9436, -12510425.8016 8450472.8093, -12510377.3747 8450688.1733, -12510281.1886 8450823.5922, -12510037.061 8450977.6721, -12510097.8656 8451025.7289, -12510178.2805 8451171.1082, -12510196.3521 8451336.3261, -12510144.0836 8451513.2505, -12510050.7688 8451635.8264, -12509867.4902 8451749.7841, -12509703.6334 8451776.0481, -12509544.3648 8451737.35069999, -12509527.3225 8451862.31050001, -12509545.6547 8452084.65999999, -12509609.7417 8452298.3388, -12509755.3504 8452574.7653, -12509773.4154 8452740.0157, -12509721.1264 8452916.9702, -12509657.7975 8453000.1473, -12509501.2552 8453097.4693, -12509366.0606 8453119.1322, -12509382.712 8453271.5272, -12509330.4095 8453448.4922, -12509267.0718 8453531.6716, -12509110.5132 8453628.9919, -12508946.6116 8453655.245, -12508785.3182 8453616.0016, -12508651.7046 8453517.3627, -12508414.0341 8453103.1288, -12508315.275 8452981.476, -12507845.2306 8452692.2946, -12507764.9115 8452668.016, -12507599.255 8452645.3052, -12507427.7564 8452649.2998, -12507258.9177 8452606.4532, -12506891.0212 8452969.209, -12506412.6533 8452949.9505, -12506176.7819 8452460.5226, -12506246.8089 8452170.91449999, -12506059.0001 8452135.864, -12505910.747 8452026.3328, -12505854.2676 8451938.3636, -12505811.3085 8451745.529, -12505761.2243 8451605.354, -12505639.9262 8451396.5223, -12505474.8456 8451220.3759, -12505119.2844 8450954.5704, -12505062.8224 8450866.6076, -12505024.8535 8450686.07989999, -12505056.0572 8450522.8554, -12505158.8651 8450342.5634, -12505224.7099 8450148.9651, -12505242.1731 8450021.47339999, -12504620.5149 8449870.54519999, -12504411.5722 8449510.2733, -12504589.0098 8449069.74629999, -12505289.3825 8449160.3248, -12505115.2213 8448706.6472, -12505015.5473 8448152.0036, -12505058.3388 8448011.664, -12504947.7276 8447616.6183, -12504955.9437 8447178.6016, -12504844.549 8446716.872, -12504549.7612 8446049.8615, -12504267.8163 8445867.807, -12504083.4015 8445786.2575, -12503902.8356 8445743.4306, -12503754.7437 8445732.2175, -12503606.5349 8445741.7551, -12503187.6217 8445832.4208, -12503150.8223 8445922.2465, -12502950.0778 8445954.0258, -12502869.6515 8445886.6704, -12502639.016 8446039.0502, -12502475.2626 8446065.1338, -12502314.1715 8446025.7911, -12502180.7827 8445927.1388, -12502138.4218 8445856.0214, -12502098.9817 8445863.4947, -12501937.8971 8445824.1449, -12501789.8322 8445714.6267, -12501733.4497 8445626.7018, -12501719.2173 8445566.2747, -12501527.8419 8445303.6172, -12501364.6003 8445190.3858, -12501308.2269 8445102.464, -12501244.002 8444835.0465, -12501068.4728 8444791.3809, -12500935.1231 8444692.7232, -12500850.2071 8444550.10760001, -12500834.3018 8444437.8146, -12500731.2061 8444361.5354, -12500674.8466 8444273.6188, -12500637.0174 8444093.2314, -12500693.101 8443861.2058, -12500636.3385 8443618.1157, -12500556.0336 8443450.619, -12500435.6942 8443285.6287, -12500315.2713 8443169.7546, -12500162.1299 8443064.9159, -12499993.1441 8442988.3046, -12499749.3155 8442923.3723, -12499616.0174 8442824.716, -12499530.8176 8442681.5662, -12499519.5195 8442637.5252, -12499270.0854 8442574.5112, -12498989.4651 8442431.6461, -12498577.0758 8442325.422, -12498429.1315 8442215.8897, -12498372.8158 8442127.9816, -12498335.0535 8441947.6356, -12498389.9035 8441706.6021, -12498294.4562 8441635.9333, -12498238.1464 8441548.0312, -12498200.3902 8441367.6988, -12498231.7332 8441204.5505, -12498310.2179 8441061.3757, -12498361.8675 8440922.0037, -12498404.3472 8440656.8783, -12498491.7664 8440308.5391, -12498261.8861 8439904.757, -12497993.583 8439605.1063, -12497940.7527 8439229.2805, -12497847.9716 8438978.3186, -12497793.4301 8438964.9629, -12497645.5649 8438855.4657, -12497589.2836 8438767.5918, -12497551.5565 8438587.324, -12497592.8539 8438334.6505, -12497618.9871 8438269.2671, -12497572.6149 8438196.8647, -12497534.8911 8438016.6111, -12497566.3599 8437852.8832, -12497681.135 8437599.0364, -12497632.8901 8437354.19829999, -12497669.4583 8437163.9232, -12497752.0362 8436915.69179999, -12497772.4689 8436675.4415, -12497651.4777 8435873.094, -12497595.3551 8435696.1972, -12497582.8138 8435267.9434, -12497549.9156 8434921.8595, -12497396.1673 8434627.7278, -12497273.9588 8434133.928, -12496877.5417 8433691.0834, -12496400.7036 8433409.7791, -12496332.7039 8433162.2583, -12496377.8392 8432993.9454, -12496129.9757 8432671.6245, -12496014.7224 8432275.1283, -12495911.4692 8431820.6581, -12495783.3513 8431523.4413, -12495843.5713 8431126.4727, -12495650.8036 8430650.7036, -12495598.9694 8430245.9404, -12495416.0509 8429869.3593, -12495186.1054 8429637.4927, -12495153.1803 8429531.2902, -12495096.6226 8429202.9686, -12495268.9066 8428779.9664, -12495267.7685 8428344.1101, -12495131.4195 8427914.7813, -12494927.8851 8427623.2589, -12494880.5612 8427315.8889, -12494584.3793 8427156.7956, -12494423.4659 8426941.6284, -12494405.9398 8426580.8785, -12494367.2193 8426380.3339, -12494290.187 8426159.6305, -12494311.516 8425887.1304, -12494310.1834 8425648.8469, -12494239.2495 8425660.0665, -12494005.366 8425603.2379, -12493857.8235 8425493.8669, -12493801.6876 8425406.1248, -12493764.1173 8425226.1658, -12493771.6507 8425187.0735, -12493691.6121 8425081.6124, -12493654.0462 8424901.661, -12493686.8101 8424731.6539, -12493750.5431 8424597.2831, -12493796.5958 8424445.4436, -12493734.4022 8424457.9057, -12493702.7376 8424566.41009999, -12493683.2159 8424563.7176, -12493671.4032 8424449.2168, -12493716.8492 8424413.8397, -12493715.4741 8424384.6174, -12493760.5593 8424409.6391, -12493802.2657 8424397.63710001, -12493822.2994 8424155.1764, -12493861.3058 8423952.7515, -12493952.9334 8423814.9292, -12494090.6163 8423723.2892, -12494252.9572 8423692.0712, -12494414.9995 8423726.1821, -12494586.4522 8423820.1598, -12494780.0634 8423882.76870001, -12494982.0456 8423907.2176, -12495073.8581 8423900.9595, -12495115.0048 8423687.2314, -12495400.0662 8423260.4673, -12495640.7762 8423108.8414, -12495574.8314 8422921.1612, -12495566.79 8422799.3561, -12495396.9037 8422644.4696, -12495380.0336 8422476.4709, -12495462.7332 8422400.2599, -12495571.8974 8422452.6121, -12495646.6614 8422567.2593, -12495745.1964 8422676.7908, -12496016.2753 8422674.3643, -12496112.1954 8422640.424, -12496182.2134 8422572.5165, -12496203.3431 8422479.7919, -12496192.5296 8422433.461, -12496113.8116 8422309.3144, -12495996.4944 8422214.1814, -12495727.4195 8422079.78, -12495614.4573 8421992.7873, -12495527.8144 8421879.5556, -12495501.7398 8421748.6788, -12495553.3226 8421625.4754, -12495713.7222 8421474.9829, -12495755.0718 8421402.9974, -12495750.3722 8421319.256, -12495705.339 8421164.4266, -12495725.2182 8421055.5914, -12495778.3356 8421000.5612, -12495924.0554 8420929.8779, -12495991.3376 8420815.8889, -12496006.616 8420718.7789, -12496017.408 8420330.3865, -12496057.0567 8420101.3828, -12496119.7059 8420012.0091, -12496304.2425 8419934.86259999, -12496428.0345 8419930.69829999, -12496534.7228 8419992.9596, -12496606.4881 8420097.4352, -12496695.2691 8420359.4029, -12496744.1684 8420405.1492, -12496867.0553 8420427.9839, -12496919.5447 8420456.8671, -12497073.5304 8420694.4519, -12497133.0644 8420741.4172, -12497209.5245 8420766.3967, -12497235.5843 8420636.09049999, -12498033.4124 8420328.9973, -12498547.833 8420155.89, -12501029.7391 8419856.20059999, -12502793.8538 8419661.4647, -12503359.8757 8419563.9321, -12503430.5809 8419687.6876, -12503579.741 8419708.2961, -12503703.3303 8419659.7316, -12503755.0971 8419658.48349999, -12503834.461 8419753.063, -12503911.7513 8419768.1417, -12504046.3684 8419858.9892, -12504065.1821 8419914.3154, -12504002.3241 8419994.7657, -12503990.0092 8420080.4241, -12504023.2091 8420125.1631, -12504147.8304 8420142.0652, -12504200.8508 8420206.4538, -12504238.3491 8420216.0268, -12504264.1372 8420198.8509, -12504326.4705 8420087.3382, -12504378.8888 8420082.6527, -12504495.4799 8420166.2483, -12504607.5727 8420223.2214, -12504639.9068 8420353.93069999, -12504883.287 8420454.1435, -12505040.8112 8420459.4019, -12505104.2775 8420442.5705, -12505115.4424 8420420.4511, -12505104.5726 8420393.7629, -12505046.9678 8420346.0049, -12505049.0141 8420258.0427, -12505112.4399 8420195.2356, -12505220.5745 8420177.9764, -12505251.4838 8420152.4397, -12505258.2146 8420118.1167, -12505226.202 8420062.6111, -12505246.813 8419981.4879, -12505343.8502 8419829.9236, -12505462.1548 8419552.8674, -12505490.5338 8419528.6523, -12505494.1988 8419490.4352, -12505539.6831 8419430.7047, -12505624.2841 8419411.6552, -12505693.9256 8419425.544, -12505835.0842 8419506.2513, -12505876.3135 8419564.6618, -12505913.919 8419686.0194, -12505986.3215 8419759.291, -12506044.8697 8419700.2592, -12506102.7066 8419706.7457, -12506112.9216 8419865.8072, -12506326.7754 8420014.6738, -12506425.7218 8420112.69, -12506449.5238 8420159.7339, -12506461.0492 8420240.3006, -12506414.1354 8420464.5574, -12506424.6181 8420641.5543, -12506484.9108 8420790.1581, -12506566.584 8420861.3054, -12506666.4915 8420889.9634, -12506743.2758 8420884.14679999, -12506936.7954 8420760.2204, -12507187.5334 8420657.7001, -12507266.3216 8420610.2882, -12507405.8481 8420614.1211, -12507448.6632 8420599.3069, -12507695.1877 8420426.8656, -12507731.014 8420363.1161, -12507730.5891 8420316.23089999, -12507613.3751 8420173.1995, -12507528.8724 8419992.0243, -12507267.13 8419783.0555, -12507134.066 8419769.806, -12507074.6048 8419739.53410001, -12506979.163 8419579.1308, -12506832.4292 8419452.0266, -12506827.9986 8419399.5515, -12506793.7007 8419373.5456, -12506786.636 8419329.9027, -12506806.8533 8419237.2544, -12506931.5625 8418997.2457, -12506940.5627 8418786.6944, -12506977.1385 8418718.8333, -12507140.1362 8418625.1212, -12507231.5517 8418607.7814, -12507296.9445 8418650.1432, -12507371.6976 8418768.5728, -12507420.6669 8418791.29599999, -12507462.3375 8418775.4811, -12507483.6533 8418712.7877, -12507444.7173 8418528.3672, -12507449.0663 8418455.81, -12507566.6216 8418363.0248, -12507616.4237 8418225.6735, -12507648.8142 8418208.9113, -12507852.0649 8418185.3488, -12507911.7768 8418147.7215, -12507947.0764 8418085.29, -12507954.7924 8418015.1738, -12507929.6155 8417958.9927, -12507897.6521 8417939.5678, -12507786.4699 8417919.8101, -12507784.0894 8417961.952, -12507742.3409 8417949.8803, -12507737.4829 8417912.0136, -12507754.5001 8417903.7234, -12507584.5306 8417688.223, -12507513.8277 8417667.5825, -12507356.8135 8417665.5442, -12507254.3197 8417641.9017, -12507168.2976 8417595.8859, -12507115.3947 8417512.5286, -12507124.6509 8417435.8044, -12507192.5559 8417317.5933, -12507241.3602 8417282.74899999, -12507380.9733 8417239.2308, -12507673.6766 8416972.5525, -12507697.7067 8416922.0549, -12507708.1355 8416829.4519, -12507746.1195 8416759.7605, -12507930.5285 8416632.374, -12507939.3806 8416574.7654, -12507877.2345 8416425.5076, -12507823.0337 8416356.8499, -12507735.775 8416182.8678, -12507768.1625 8416157.975, -12507820.0894 8416206.4223, -12507869.6075 8416362.4707, -12507892.8942 8416383.8838, -12507952.527 8416599.95319999, -12507969.9266 8416602.3274, -12508549.6914 8416213.2521, -12508645.5292 8416284.3029, -12508777.2309 8416342.6487, -12508864.1704 8416360.7838, -12508971.4947 8416345.7861, -12508994.2408 8416218.5182, -12509058.6482 8416170.452, -12509293.3626 8416248.6919, -12509327.7805 8416284.4649, -12509345.9095 8416421.6396, -12509370.6829 8416482.7491, -12509466.4156 8416547.9636, -12509593.554 8416688.3496, -12509676.8383 8416494.9592, -12509751.3864 8416470.8553, -12509869.5801 8416518.5859, -12509921.9237 8416511.3076, -12509938.1105 8416448.9997, -12509896.5807 8416390.1685, -12510580.1839 8416358.3951, -12510603.3897 8416301.5765, -12510672.8323 8416278.0301, -12510701.3738 8416248.3309, -12510710.3876 8416190.5033, -12510276.6461 8416190.5032, -12510223.289 8416135.425, -12510218.1254 8416068.2983, -12510087.3145 8416002.8929, -12510050.0062 8415938.35, -12510079.2945 8415972.1001, -12510077.7174 8415960.9178, -12510035.166 8415915.50900001, -12510021.8882 8415850.2438, -12509971.1307 8415839.92010001, -12510011.705 8415890.5536, -12509964.3251 8415868.2048, -12509938.26 8415877.9641, -12509912.626 8415855.8337, -12509904.8676 8415806.6764, -12509681.1121 8415712.0105, -12509567.5131 8415830.7731, -12509489.2845 8415811.3095, -12509455.6352 8415720.6166, -12509507.2712 8415632.83560001, -12510133.7868 8415360.8866, -12511020.203 8415076.889, -12511524.6779 8415131.9674, -12511574.8129 8415058.6721, -12511555.3849 8414983.09619999, -12511607.2955 8414827.3156, -12511576.3138 8414775.6797, -12511509.1871 8414715.4378, -12511424.0966 8414700.5583, -12511407.6366 8414646.5899, -12511851.7053 8414328.1686, -12511788.8618 8414031.2629, -12511727.2085 8413973.231, -12511713.2523 8413888.65999999, -12511735.7164 8413789.972, -12511799.6416 8413701.7022, -12511944.4571 8413626.8765, -12511965.4594 8413591.8042, -12511976.2592 8413487.6553, -12511993.6787 8413451.8662, -12512133.2103 8413347.8864, -12512176.8809 8413128.06189999, -12512349.6523 8412857.9973, -12512378.1555 8412789.2728, -12512374.9735 8412398.52, -12512454.0384 8412127.5308, -12512442.8261 8412049.4095, -12512370.281 8411908.397, -12512359.9061 8411858.1758, -12512375.2456 8411738.1595, -12512288.6265 8411734.7457, -12512208.484 8411771.0114, -12512089.8164 8411786.0442, -12511929.5277 8411858.5707, -12511850.1565 8411875.1505, -12511771.5596 8411872.0473, -12511717.3821 8411850.1952, -12511703.6955 8411825.7756, -12511638.0307 8411847.8214, -12511505.2191 8411807.2122, -12511448.422 8411818.51479999, -12511409.308 8411861.1832, -12511314.7868 8412049.1091, -12511267.0494 8412286.90999999, -12511225.8927 8412380.8834, -12511066.1939 8412555.478, -12511019.8201 8412561.1282, -12510995.1795 8412527.492, -12510995.0941 8412477.2519, -12511101.6676 8412279.9483, -12511171.9045 8411953.9991, -12511213.4821 8411875.11379999, -12511328.325 8411766.5476, -12511366.3302 8411698.2245, -12511283.4951 8411624.0604, -12511206.6491 8411758.0327, -12511160.1119 8411804.2835, -12511080.5054 8411835.98, -12510965.1656 8411854.7758, -12510860.1003 8411836.5042, -12510763.5212 8411782.359, -12510577.3654 8411595.9006, -12510490.3654 8411411.6325, -12510516.5087 8411359.2518, -12510617.9447 8411247.2184, -12510703.8835 8411078.4482, -12510776.3747 8410990.471, -12510777.9053 8410939.0076, -12510713.8983 8410889.6332, -12510550.9284 8410848.18199999, -12510500.1834 8410805.0625, -12510480.4725 8410754.8971, -12510502.92 8410627.9937, -12510476.2236 8410583.4743, -12510334.2579 8410567.7961, -12510271.06 8410534.6672, -12510220.7529 8410538.1566, -12510160.0021 8410566.8597, -12510115.1847 8410557.8965, -12510028.5261 8410422.7466, -12509963.0036 8410366.657, -12509977.0947 8410284.56710001, -12509953.4208 8410251.707, -12509831.9525 8410215.759, -12509719.2894 8410207.3721, -12509552.5346 8410100.5215, -12509452.9425 8410079.6198, -12509436.6212 8410062.7126, -12509438.4618 8409890.0982, -12509421.7582 8409834.0275, -12509382.62 8409779.2836, -12509421.3054 8409697.3415, -12509453.4673 8409485.2615, -12509490.3345 8409438.9582, -12509610.1736 8409370.7968, -12509629.2501 8409328.72249999, -12509609.7191 8409279.199, -12509411.3197 8409080.3094, -12509354.5523 8408969.9455, -12509357.2794 8408801.555, -12509409.3894 8408560.075, -12509413.1588 8408413.8573, -12509384.5324 8408191.1734, -12509408.6615 8408107.0078, -12509461.9303 8408025.7015, -12509461.5758 8407929.1702, -12509511.1683 8407774.11, -12509511.2429 8407719.3165, -12509548.6747 8407659.5233, -12509664.5274 8407605.0605, -12509579.9447 8407421.9298, -12509617.2114 8407377.2266, -12509657.6787 8407357.9294, -12509651.5018 8407289.0727, -12509634.8558 8407264.7319, -12509673.4942 8407183.603, -12509816.9441 8407087.7926, -12509917.2398 8407105.5761, -12510003.9214 8406999.7097, -12509798.59 8406621.95929999, -12509674.0631 8406556.1599, -12509549.377 8406378.07949999, -12509448.7362 8406287.0053, -12509360.7851 8406144.9978, -12509343.7111 8406029.2535, -12509397.9398 8405957.3051, -12509323.565 8405879.7057, -12509270.3706 8405865.5485, -12508904.9154 8405842.2399, -12508790.8478 8405797.3782, -12508735.9086 8405791.327, -12508683.1157 8405823.7685, -12508546.6169 8405865.9596, -12508378.0487 8405811.8155, -12508280.4216 8405734.9982, -12508129.815 8405787.3303, -12507986.3744 8405778.3655, -12507687.4097 8405550.2706, -12507548.1491 8405471.1965, -12507343.8722 8405514.6742, -12507267.6125 8405581.4973, -12507124.0692 8405568.6855, -12506939.2656 8405383.1401, -12506707.3699 8405321.0064, -12506577.5799 8405335.6109, -12506427.8877 8405224.5667, -12506353.9046 8405032.6246, -12506229.8811 8404941.2121, -12506086.851 8404890.4734, -12505987.0311 8404825.4119, -12505758.8845 8404795.0312, -12505220.6876 8404968.856, -12504890.8141 8405053.56449999, -12504545.7127 8405076.5355, -12504313.534 8405053.2089, -12500958.8605 8404155.9654, -12499847.1222 8403982.9844, -12498479.7063 8403483.6153, -12498085.2843 8403381.312, -12487945.9955 8401626.0714, -12487783.811 8401352.8527, -12487804.0746 8400877.10589999, -12487947.8143 8400605.2373, -12488248.898 8400442.2556, -12488238.0798 8400138.2057, -12488214.9654 8400063.8892, -12488072.8372 8399921.305, -12488039.3791 8399922.4061, -12487978.9636 8399980.8561, -12487770.3793 8400103.9909, -12487709.9239 8400157.1089, -12487596.5867 8400193.0511, -12487505.5398 8400130.8302, -12487389.6101 8400095.0013, -12487317.6508 8400045.4999, -12487317.0301 8399983.4257, -12487355.4869 8399948.46419999, -12487371.0781 8399896.3065, -12487348.3086 8399834.5396, -12487267.1995 8399819.5721, -12487173.9129 8399843.723, -12487028.4133 8399828.601, -12486915.7514 8399898.6352, -12486899.3477 8399929.4289, -12486934.9564 8400007.7249, -12486912.8889 8400117.9666, -12486785.9916 8400191.0928, -12486648.7521 8400304.155, -12486539.4427 8400335.4721, -12486467.1506 8400378.8025, -12486401.2863 8400456.7513, -12486368.9952 8400466.8961, -12486255.8416 8400457.0838, -12486072.4072 8400325.367, -12485836.9701 8400227.7443, -12485622.2323 8400047.8613, -12485508.1964 8400089.0418, -12485282.5386 8400026.4201, -12485167.9653 8399956.153, -12485148.8249 8399917.3419, -12485168.1345 8399817.4744, -12485111.6624 8399762.4954, -12485014.6742 8399731.664, -12484930.994 8399786.0935, -12484914.0484 8399782.7181, -12484854.7221 8399720.0007, -12484736.8506 8399665.84839999, -12484661.0608 8399600.7401, -12484613.0881 8399592.4604, -12484538.4285 8399615.9441, -12484501.4223 8399590.1036, -12484443.4166 8399505.7381, -12484272.4217 8399382.135, -12484235.3266 8399385.3669, -12484212.3912 8399406.1972, -12484141.9423 8399555.62259999, -12483919.6606 8399628.639, -12483760.4122 8399620.3363, -12483589.8344 8399589.229, -12483422.1439 8399522.2802, -12483291.7886 8399419.3297, -12483085.8983 8399479.8877, -12483042.5283 8399414.0284, -12483053.9045 8399277.2467, -12483040.3619 8399318.0188, -12483068.2811 8399207.4252, -12483034.3989 8399136.0622, -12483022.7361 8399020.4506, -12482993.6094 8398963.5348, -12483009.1413 8398905.9353, -12482986.2869 8398850.1961, -12482931.3935 8398821.93249999, -12482895.1759 8398831.0099, -12482809.4895 8398913.1785, -12482800.7364 8398949.417, -12482833.5268 8399039.5602, -12482793.8344 8399078.4486, -12482590.0395 8399153.4284, -12482290.3839 8399032.4388, -12482194.2491 8399041.2064, -12482167.9873 8399054.1059, -12482167.6872 8399156.0074, -12482101.007 8399290.6901, -12481981.9666 8399336.9684, -12481805.8582 8399328.8408, -12481731.2886 8399369.0269, -12481683.0053 8399346.059, -12481626.2224 8399283.3704, -12481514.5413 8399103.2372, -12481434.4413 8399063.008, -12481346.3877 8399044.4149, -12481244.3482 8398885.7907, -12481211.3256 8398888.1298, -12481112.7981 8398960.9771, -12481027.8482 8398941.69879999, -12480933.3188 8398865.5588, -12480730.8384 8398789.2502, -12480580.3333 8398828.8293, -12480506.3731 8398885.6459, -12480455.2059 8398894.2136, -12480245.7075 8398849.6052, -12480226.8117 8398797.5339, -12480259.2498 8398661.4006, -12480246.5231 8398595.9061, -12480213.7417 8398542.5484, -12479920.9906 8398283.3611, -12479857.7437 8398291.0806, -12479841.074 8398334.6771, -12479809.449 8398579.4136, -12479701.53 8398690.5893, -12479640.8716 8398715.9452, -12479541.2603 8398710.0869, -12479469.84 8398639.7846, -12479268.2877 8398551.3987, -12479145.9167 8398569.9802, -12478913.7914 8398721.6031, -12478840.828 8398692.1064, -12478711.0306 8398669.2953, -12478462.0688 8398568.8606, -12478329.1115 8398461.944, -12478262.4175 8398373.3581, -12477968.7573 8398251.9855, -12477262.9688 8397597.7434, -12476876.499 8397502.1692, -12476816.2221 8397471.7046, -12476539.8436 8397259.726, -12475887.9471 8397001.3867, -12475579.2167 8396911.1457, -12474959.733 8396856.206, -12474270.2487 8396647.937, -12474026.3384 8396608.5305, -12473442.2714 8396563.3873, -12473211.643 8396500.5652, -12473000.0992 8396397.28509999, -12472529.7066 8396121.4294, -12472462.0305 8396067.6655, -12472381.5801 8395969.25990001, -12472263.2231 8395740.9775, -12472205.3067 8395675.5756, -12472095.0394 8395599.2534, -12471885.6251 8395516.4262, -12471665.9447 8395499.3085, -12471578.816 8395518.5976, -12471219.6662 8395675.8204, -12471092.7485 8395693.0897, -12470962.7524 8395681.9328, -12470832.1877 8395650.21369999, -12470576.3001 8395556.9847, -12470456.8378 8395492.925, -12470352.4305 8395406.3018, -12470266.3791 8395298.264, -12470119.2396 8395063.2292, -12470025.8979 8394960.9536, -12469803.7146 8394796.1503, -12469529.3612 8394645.2337, -12468963.7249 8394424.6571, -12468797.4358 8394334.123, -12468578.2853 8394183.5288, -12468343.3396 8394061.2017, -12468231.1273 8394039.2998, -12468117.6853 8394049.5301, -12468045.7411 8394075.0721, -12467946.3143 8394139.1814, -12467858.7831 8394224.74449999, -12467805.9063 8394283.9868, -12467804.7307 8394339.3691, -12467773.7753 8394369.7097, -12467723.6086 8394365.9464, -12467554.5836 8394499.63270001, -12467407.5801 8394590.6689, -12466928.475 8394784.6263, -12466676.3456 8394923.8778, -12466036.7167 8395030.7638, -12465604.4697 8395072.1709, -12465432.1883 8395078.6933, -12465272.4886 8395045.7239, -12465171.2389 8394984.8754, -12465115.7074 8394926.4326, -12465030.5541 8394786.6941, -12464951.2218 8394598.1768, -12464932.1244 8394521.5813, -12464928.9106 8394406.7064, -12464970.5179 8394299.91969999, -12465189.1225 8394049.4647, -12465432.9077 8393487.43119999, -12465517.4232 8393364.7603, -12465689.2925 8393190.2048, -12465808.8726 8393003.4926, -12465835.4379 8392924.1396, -12465844.372 8392795.03819999, -12465804.8717 8392667.0818, -12465690.352 8392534.6703, -12465186.6952 8392150.94, -12464940.3425 8392313.7034, -12463673.4489 8391868.70269999, -12463655.5308 8391640.4368, -12463421.8466 8391630.7382, -12463441.7425 8391692.5689, -12463342.4235 8391720.7258, -12463043.7821 8391697.9146, -12463036.537 8391776.1878, -12463007.0376 8391830.3256, -12462920.6978 8391876.5634, -12462822.467 8391899.4897, -12462811.4847 8392138.4486, -12462345.1307 8392761.6604, -12462151.3568 8392718.0999, -12462019.5717 8392941.0084, -12461975.3752 8392989.8844, -12461802.8566 8393060.0421, -12461555.2747 8393134.0338, -12461457.6304 8393199.3541, -12461501.4094 8393249.6575, -12461502.0517 8393350.21, -12461475.6767 8393421.0024, -12461720.6822 8393596.40209999, -12462045.5356 8393533.7885, -12462083.0973 8393824.8267, -12461718.8314 8394539.7905, -12460813.3056 8394463.787, -12460556.565 8394137.0123, -12460537.3603 8393634.0798, -12460665.4048 8393580.9945, -12460707.2668 8393400.2338, -12460835.1706 8393101.428, -12460861.8755 8392797.9379, -12460825.5934 8392466.3886, -12461259.6744 8391883.6205, -12461160.6778 8391863.9415, -12461069.1272 8391823.7669, -12460957.6377 8391740.6933, -12460914.5981 8391671.979, -12460916.4571 8391598.6284, -12460998.6814 8391400.2725, -12461004.5355 8391215.06139999, -12460961.8923 8391063.7987, -12460820.9037 8390754.7241, -12460812.3611 8390678.5684, -12460844.5097 8390616.6266, -12460905.0959 8390587.5348, -12461003.7635 8390595.4357, -12461137.6909 8390642.4574, -12461226.1041 8390633.3733, -12461314.6259 8390577.8634, -12461656.2316 8390279.8297, -12461878.3137 8390003.0653, -12462099.6494 8389626.7167, -12462132.4253 8389494.1423, -12462102.4031 8389404.032, -12462035.3591 8389328.8083, -12461944.5981 8389276.4547, -12461837.1426 8389255.6677, -12461721.5318 8389271.4969, -12461626.3128 8389302.2662, -12461638.2649 8389404.9736, -12461584.0836 8389492.3603, -12461483.75 8389493.0032, -12461412.3956 8389387.3621, -12461095.6109 8389712.7349, -12460317.3289 8389289.9242, -12460098.1191 8389021.9534, -12460512.5326 8388778.7206, -12460448.6565 8388526.0242, -12460326.0029 8388230.9473, -12460045.9698 8387869.9908, -12460125.3901 8387709.5378, -12460135.8645 8387622.733, -12460084.774 8387515.1051, -12459849.1253 8387373.6065, -12459673.7172 8387317.6695, -12459509.6824 8387294.106, -12459343.9878 8387296.5326, -12458859.8964 8387391.8691, -12458700.3216 8387351.9101, -12458284.2837 8387015.4129, -12458119.7985 8386932.6488, -12457924.3759 8386874.0344, -12457849.9335 8386818.2933, -12457920.9569 8386784.0256, -12457940.4356 8386739.741, -12457920.5798 8386728.2133, -12457896.5227 8386750.3523, -12457871.5183 8386735.6454, -12457827.4319 8386761.1635, -12457755.6298 8386724.9264, -12457735.9133 8386730.9989, -12457726.8187 8386713.8225, -12457690.4643 8386711.0375, -12457671.5681 8386729.5552, -12457668.4323 8386704.3809, -12457707.594 8386690.4598, -12457743.7679 8386621.0475, -12457723.7884 8386579.0444, -12457730.8386 8386561.1951, -12457763.0126 8386599.7408, -12457848.9768 8386488.3131, -12457896.3177 8386489.4882, -12457906.9275 8386476.1274, -12457881.5138 8386407.2614, -12457824.1018 8386413.5521, -12457792.6791 8386334.8391, -12457820.8048 8386332.5399, -12457823.1332 8386366.8169, -12457849.2286 8386364.4376, -12457849.4109 8386333.2324, -12457872.8788 8386337.7903, -12457910.9937 8386391.431, -12457982.0354 8386367.1033, -12457900.979 8386225.394, -12457907.6267 8386165.3743, -12457876.3617 8386150.1012, -12457892.8839 8386107.9201, -12457946.7116 8386126.2567, -12457980.3285 8386084.3511, -12457952.5392 8385983.529, -12457831.7348 8385984.2282, -12457795.3128 8385962.0514, -12457771.4025 8385969.2387, -12457765.2308 8385950.9078, -12457725.9769 8385938.8953, -12457683.9398 8385956.7206, -12457617.6586 8385950.3818, -12457606.8974 8385921.7393, -12457504.607 8385885.0137, -12457488.9131 8385849.6787, -12457447.1724 8385834.8115, -12457431.9215 8385812.3684, -12457440.2772 8385801.352, -12457507.6518 8385789.7021, -12457562.3771 8385802.00029999, -12457612.0347 8385775.4228, -12457610.4948 8385708.7507, -12457585.2308 8385681.5329, -12457478.1355 8385705.5679, -12457451.8929 8385687.921, -12457427.7619 8385703.4431, -12457378.864 8385700.47689999, -12457361.2149 8385638.8366, -12457423.1705 8385622.9123, -12457479.8643 8385662.8742, -12457529.3846 8385620.3786, -12457521.6802 8385605.2054, -12457476.0864 8385617.2295, -12457455.5268 8385597.2153, -12457491.8513 8385546.6761, -12457447.0365 8385550.17329999, -12457405.7145 8385515.1956, -12457334.7476 8385522.35369999, -12457290.9607 8385504.8928, -12457226.2287 8385520.774, -12457157.6217 8385501.9421, -12457136.0144 8385534.846, -12457078.7895 8385480.8093, -12457063.0859 8385443.0308, -12456962.7591 8385431.7732, -12456939.3171 8385399.5848, -12456893.9819 8385391.2738, -12456846.8686 8385423.6139, -12456853.0147 8385446.9371, -12456886.3285 8385451.37259999, -12456883.4232 8385476.2912, -12456827.6356 8385457.231, -12456753.8328 8385489.1816, -12456775.3929 8385507.0249, -12456759.6169 8385514.0595, -12456739.635 8385477.2477, -12456750.0174 8385435.8944, -12456762.0805 8385421.1853, -12456802.6351 8385431.7483, -12456826.645 8385410.333, -12456754.5 8385361.8134, -12456687.0036 8385354.6842, -12456609.6535 8385371.3863, -12456584.0091 8385355.4319, -12456597.5674 8385336.5723, -12456585.5642 8385309.0242, -12456607.169 8385289.4531, -12456648.4569 8385330.7499, -12456673.571 8385325.0611, -12456645.7243 8385240.2021, -12456602.5282 8385241.1651, -12456536.9685 8385287.1332, -12456516.7213 8385283.4896, -12456505.3948 8385257.352, -12456464.2981 8385253.3493, -12456432.8664 8385335.9667, -12456393.0905 8385338.657, -12456370.7821 8385279.9248, -12456343.0512 8385275.5325, -12456390.2164 8385196.0257, -12456383.4062 8385184.417, -12456337.0292 8385172.3583, -12456280.2996 8385127.6545, -12456267.3671 8385127.3059, -12456278.1596 8385162.7559, -12456253.2174 8385142.1728, -12456246.4841 8385162.1255, -12456216.3607 8385167.1247, -12456146.1852 8385117.9059, -12456084.4752 8385145.7403, -12456072.1063 8385124.3909, -12456043.9553 8385124.6629, -12456047.3909 8385028.9384, -12456091.2949 8384974.4624, -12456003.5901 8385004.374, -12455961.4926 8384995.7848, -12455957.046 8384977.4229, -12455918.565 8384988.3813, -12455919.1458 8384847.2238, -12455892.8089 8384851.2429, -12455891.0001 8384806.9583, -12455843.4173 8384774.1507, -12455823.2134 8384737.6808, -12455687.1148 8384629.7825, -12455659.5934 8384635.9897, -12455639.2433 8384553.4456, -12455610.0657 8384548.4977, -12455524.8212 8384476.9262, -12455480.9158 8384524.9562, -12455440.8651 8384518.5438, -12455431.9906 8384473.28939999, -12455483.3983 8384473.0451, -12455470.4264 8384442.0037, -12455486.1234 8384393.0947, -12455461.6484 8384317.0864, -12455392.8911 8384329.0071, -12455393.0631 8384369.2418, -12455350.9193 8384385.0934, -12455255.5488 8384374.29, -12455232.1356 8384346.4185, -12455294.6738 8384184.8633, -12455297.5875 8384121.2965, -12455320.4682 8384093.6893, -12455325.8987 8384114.999, -12455345.5421 8384111.4145, -12455362.0093 8384081.1894, -12455349.8393 8384048.9823, -12455300.3369 8384069.7041, -12455325.3626 8383987.6336, -12455299.3212 8383925.4394, -12455262.8666 8383916.1341, -12455320.3564 8383874.3623, -12455390.2461 8383907.1029, -12455414.9755 8383880.0555, -12455373.6665 8383861.5643, -12455374.892 8383826.8693, -12455401.7063 8383806.453, -12455431.4077 8383825.4916, -12455454.1341 8383812.551, -12455441.8931 8383841.0967, -12455453.2742 8383864.165, -12455425.6342 8383868.5843, -12455423.3359 8383881.677, -12455484.0288 8383898.0221, -12455479.9048 8383917.5343, -12455489.479 8383910.8721, -12455514.596 8383938.9231, -12455516.6816 8383980.593, -12455561.0334 8383997.7681, -12455537.0019 8384044.4536, -12455557.426 8384036.8825, -12455552.6694 8384054.2167, -12455564.9877 8384056.1546, -12455598.4571 8384045.6311, -12455532.1814 8384106.6456, -12455498.0142 8384079.3951, -12455491.4862 8384054.5623, -12455459.3837 8384080.3563, -12455512.0279 8384225.2638, -12455505.5459 8384246.0024, -12455463.4345 8384258.7593, -12455465.7704 8384309.6993, -12455486.5476 8384361.3859, -12455510.6175 8384375.0363, -12455532.1414 8384470.3723, -12455544.2226 8384474.9401, -12455595.1469 8384415.599, -12455647.8554 8384411.2232, -12455672.1476 8384435.6087, -12455713.0804 8384419.2485, -12455827.6286 8384476.4698, -12455860.4784 8384474.1879, -12455927.3278 8384521.3648, -12455945.9029 8384504.5412, -12455939.8078 8384487.7716, -12455996.6119 8384446.204, -12456028.0791 8384456.9724, -12456044.6351 8384485.1443, -12455966.2495 8384569.1198, -12456013.6901 8384592.2666, -12456064.7003 8384566.4148, -12456051.7346 8384541.6833, -12456067.643 8384500.1009, -12456055.7776 8384467.5025, -12456111.0857 8384422.83209999, -12456151.2454 8384425.1865, -12456198.6088 8384492.18, -12456227.5309 8384481.0185, -12456253.5133 8384506.2974, -12456223.3121 8384533.8433, -12456209.2886 8384536.304, -12456206.4844 8384518.0885, -12456163.2245 8384525.8481, -12456197.1419 8384556.583, -12456171.8375 8384581.6099, -12456205.2095 8384636.5722, -12456241.4498 8384610.7585, -12456321.1507 8384642.4757, -12456326.587 8384625.1092, -12456297.6579 8384606.7571, -12456292.8367 8384562.2277, -12456305.9759 8384544.0736, -12456321.0371 8384548.8609, -12456324.9005 8384528.3829, -12456281.7782 8384499.40609999, -12456304.4897 8384445.573, -12456247.3812 8384439.9585, -12456241.5055 8384412.1898, -12456275.3071 8384383.0891, -12456313.9736 8384418.1235, -12456326.0887 8384355.9292, -12456375.0908 8384361.0314, -12456443.2102 8384342.3178, -12456468.0634 8384286.7274, -12456438.8893 8384251.2499, -12456421.169 8384259.2017, -12456415.502 8384292.589, -12456326.8849 8384330.1847, -12456303.1583 8384293.6646, -12456309.5582 8384281.1348, -12456271.4064 8384271.0277, -12456262.1692 8384205.5571, -12456329.7804 8384149.383, -12456285.0589 8384118.9562, -12456282.655 8384085.1196, -12456307.2962 8384087.5888, -12456274.7078 8384080.9053, -12456390.2759 8383480.8925, -12456595.8674 8383462.1375, -12456553.448 8383444.2944, -12456547.9215 8383427.1268, -12456580.5539 8383428.6593, -12456600.9323 8383398.9707, -12456602.4109 8383299.7073, -12456575.1736 8383273.0668, -12456550.7656 8383276.1476, -12456536.4565 8383311.4044, -12456376.5041 8383302.834, -12456382.803 8383348.5693, -12456344.2005 8383339.3583, -12456297.357 8383370.9726, -12456272.9818 8383350.8058, -12456295.5655 8383319.1086, -12456287.5884 8383309.2229, -12456236.3705 8383321.6098, -12456226.4365 8383308.4622, -12456242.0287 8383313.422, -12456243.6738 8383300.8186, -12456189.2823 8383290.8648, -12456165.2877 8383240.0706, -12456193.0849 8383209.676, -12456237.3233 8383209.1291, -12456274.9731 8383181.6498, -12456366.8673 8383215.7299, -12456467.4758 8383229.9671, -12456593.8724 8383143.9694, -12456645.3522 8383148.4998, -12456708.722 8383101.8096, -12456734.6082 8383061.8984, -12456725.4952 8383013.8348, -12456666.2858 8382994.1486, -12456638.3432 8383027.7074, -12456585.565 8383028.3995, -12456539.1845 8383005.0876, -12456548.5426 8382985.4501, -12456577.9166 8382988.9429, -12456623.8027 8382955.1703, -12456611.7467 8382919.734, -12456550.5811 8382896.7852, -12456521.3882 8382866.8842, -12456482.6566 8382883.0285, -12456474.3675 8382857.2791, -12456322.2039 8382862.8103, -12456277.0576 8382880.7652, -12456266.9089 8382917.2719, -12456235.841 8382927.435, -12456210.2127 8382892.062, -12456208.6775 8382859.8522, -12456252.6241 8382811.1981, -12456289.4641 8382812.9295, -12456287.3353 8382779.545, -12456265.1 8382770.0465, -12456219.7644 8382803.3135, -12456193.1475 8382763.4946, -12456137.5345 8382757.1818, -12456099.6127 8382800.1625, -12456060.7147 8382741.9464, -12456021.5819 8382721.6146, -12456017.8509 8382688.68330001, -12456090.9709 8382681.5556, -12456141.9148 8382702.2294, -12456202.262 8382681.5048, -12456240.9841 8382688.0798, -12456258.1873 8382669.8689, -12456252.6864 8382652.17589999, -12456155.0389 8382631.2078, -12456130.4385 8382570.8799, -12456032.9403 8382546.7478, -12456059.7287 8382582.8761, -12456040.9863 8382622.6749, -12455987.8555 8382653.46, -12455971.4053 8382711.8583, -12455945.7414 8382667.3233, -12455904.178 8382649.5237, -12455886.9117 8382725.3178, -12455934.4398 8382746.5737, -12455959.9436 8382810.1157, -12455905.7831 8382840.3243, -12455870.4165 8382819.5362, -12455815.2019 8382818.7719, -12455834.8966 8382789.2397, -12455777.2577 8382737.1046, -12455766.3911 8382751.8578, -12455783.8748 8382779.0159, -12455763.3178 8382798.6616, -12455737.188 8382795.4115, -12455723.8414 8382826.7453, -12455703.3435 8382759.4728, -12455670.6121 8382715.1376, -12455646.7814 8382717.1854, -12455635.4862 8382688.1243, -12455648.7633 8382641.2008, -12455629.7226 8382608.6052, -12455636.928 8382589.9252, -12455573.0878 8382567.8997, -12455597.8082 8382546.8747, -12455597.4908 8382519.9159, -12455563.7965 8382496.1404, -12455559.9708 8382510.2244, -12455514.6854 8382463.71369999, -12455497.4877 8382493.0172, -12455448.9168 8382482.8045, -12455420.3702 8382517.9129, -12455379.7127 8382541.3562, -12455360.9902 8382535.7193, -12455356.8476 8382522.8447, -12455414.7974 8382501.8012, -12455421.3154 8382464.07, -12455404.5289 8382449.2038, -12455415.5675 8382406.74239999, -12455460.2294 8382376.6202, -12455416.1777 8382337.564, -12455347.8958 8382342.7994, -12455338.6396 8382326.5142, -12455304.13 8382320.1333, -12455332.9798 8382289.7952, -12455298.6986 8382244.8599, -12455308.6593 8382223.6693, -12455339.4353 8382230.9308, -12455471.2921 8382354.4245, -12455508.7794 8382353.5486, -12455511.9839 8382307.7379, -12455441.5306 8382201.9309, -12455399.5553 8382197.3119, -12455350.7377 8382147.4658, -12455334.9753 8382146.1947, -12455296.2083 8382185.5741, -12455266.4732 8382179.5783, -12455254.8217 8382202.1134, -12455191.0355 8382179.0317, -12455182.2992 8382106.7732, -12455209.8735 8382081.1308, -12455254.3241 8382077.9434, -12455263.8073 8382010.7712, -12455227.3926 8382000.074, -12455234.0283 8381948.6161, -12455181.9385 8381912.3516, -12455216.8224 8381832.115, -12455200.9121 8381834.0063, -12455184.4444 8381780.404, -12455120.5878 8381758.9041, -12455154.2956 8381726.157, -12455127.199 8381663.0741, -12455125.7256 8381627.0838, -12455146.5628 8381610.1058, -12455089.7276 8381596.3327, -12455077.5264 8381552.9697, -12455052.944 8381548.641, -12455018.5195 8381506.871, -12454998.9761 8381507.534, -12454964.6518 8381418.7559, -12454971.9944 8381374.731, -12454914.7038 8381348.258, -12454888.0089 8381422.5353, -12454943.0338 8381474.7855, -12454947.608 8381500.8849, -12454910.4399 8381528.71280001, -12454926.3741 8381526.2951, -12454948.9627 8381550.6033, -12454961.9867 8381587.6667, -12454892.2934 8381611.8471, -12454898.3467 8381640.13, -12454869.3623 8381650.9121, -12454850.6028 8381713.41700001, -12454832.9903 8381717.8683, -12454790.7303 8381640.8622, -12454819.1525 8381608.3957, -12454780.6984 8381573.8297, -12454774.7198 8381543.966, -12454786.6868 8381524.9857, -12454821.1674 8381531.8957, -12454840.5751 8381511.6819, -12454836.131 8381494.0401, -12454803.0748 8381479.2742, -12454808.4243 8381455.2279, -12454762.0093 8381432.1728, -12454806.3623 8381351.3024, -12454797.965 8381340.0656, -12454854.5224 8381298.4842, -12454875.1331 8381262.6678, -12454904.482 8381264.3485, -12454920.3957 8381231.4423, -12454825.2011 8381229.6493, -12454776.1377 8381253.0378, -12454759.0329 8381243.2825, -12454782.0673 8381200.3303, -12454824.7657 8381213.4419, -12454852.4378 8381207.5085, -12454872.0378 8381181.9862, -12454856.8441 8381163.2618, -12454817.7603 8381157.7763, -12454815.6411 8381124.9055, -12454792.5679 8381156.6418, -12454757.0897 8381125.8554, -12454708.7346 8381141.8444, -12454675.3829 8381198.6963, -12454645.8549 8381172.7179, -12454580.0973 8381170.80479999, -12454541.5594 8381182.9955, -12454507.7893 8381226.8198, -12454458.3984 8381225.4481, -12454392.9184 8381261.7989, -12454340.367 8381265.4048, -12454320.44 8381248.2144, -12454290.1974 8381203.4011, -12454344.56 8381224.0906, -12454364.0899 8381188.4125, -12454385.7728 8381191.9643, -12454401.8278 8381155.0963, -12454391.5886 8381112.5971, -12454452.0504 8381039.4845, -12454499.4217 8381045.0328, -12454524.7381 8381032.3762, -12454512.4998 8381013.5565, -12454547.4611 8380991.6821, -12454531.1969 8380953.9047, -12454494.7997 8380995.5132, -12454472.2659 8380979.38139999, -12454396.538 8380985.9523, -12454373.4699 8380947.2929, -12454376.6355 8380920.8046, -12454411.5191 8380895.0738, -12454414.0459 8380874.22739999, -12454373.741 8380821.4206, -12454365.1587 8380897.4478, -12454278.4429 8380860.6895, -12454256.633 8380877.5427, -12454294.4438 8380898.6295, -12454264.6085 8380930.255, -12454261.2566 8380920.255, -12454192.5703 8380938.8159, -12454172.7299 8380880.4991, -12454156.5252 8380899.7904, -12454137.1964 8380884.97869999, -12454176.7611 8380856.4229, -12454170.939 8380824.1423, -12454134.3856 8380822.9496, -12454128.7179 8380799.7331, -12454113.3414 8380805.6625, -12454089.1383 8380783.0407, -12454051.628 8380801.2232, -12454039.8244 8380749.4389, -12453977.823 8380741.2502, -12453990.1161 8380765.9289, -12453961.3653 8380772.2524, -12453970.5425 8380784.2614, -12453953.2 8380800.1135, -12453916.3435 8380781.5999, -12453866.8473 8380787.2097, -12453859.7633 8380762.1551, -12453800.1545 8380781.4331, -12453790.8861 8380801.4623, -12453691.1108 8380718.9741, -12453732.6651 8380713.4343, -12453693.0932 8380674.4218, -12453654.8527 8380690.0563, -12453658.1887 8380707.7334, -12453632.0858 8380720.9057, -12453656.7841 8380742.3843, -12453648.0878 8380788.8192, -12453589.8011 8380770.6027, -12453559.8183 8380781.2725, -12453530.9579 8380760.6664, -12453490.1708 8380779.2018, -12453445.8461 8380771.3388, -12453422.7163 8380814.8631, -12453439.3856 8380875.3736, -12453374.7383 8380905.7677, -12453372.945 8380942.84, -12453354.9519 8380962.5705, -12453293.6314 8380976.7835, -12453277.0161 8381010.05610001, -12453272.7052 8381123.5452, -12453260.7518 8381145.2374, -12453240.249 8381145.6837, -12453216.0553 8381189.46069999, -12453223.26 8381206.0034, -12453171.7027 8381217.1675, -12453144.4262 8381145.4313, -12453117.2843 8381129.9378, -12453147.4832 8381083.6771, -12453145.171 8381062.4708, -12453122.179 8381046.8944, -12453085.662 8381059.0388, -12453029.7401 8380998.2645, -12453091.6993 8381009.1219, -12453083.663 8380963.0533, -12453102.3745 8380920.993, -12453060.5086 8380891.0329, -12453054.446 8380868.3355, -12453115.387 8380859.3429, -12453119.1948 8380824.24589999, -12453141.5319 8380800.8251, -12453159.0305 8380808.7853, -12453172.4347 8380868.4103, -12453208.8702 8380888.698, -12453249.5298 8380870.018, -12453274.1014 8380836.2457, -12453251.9111 8380818.7172, -12453268.6004 8380812.6704, -12453312.9336 8380835.4939, -12453300.7349 8380857.5442, -12453336.3845 8380869.6515, -12453366.5709 8380836.2061, -12453389.01 8380736.2221, -12453324.1043 8380736.3708, -12453301.8715 8380721.0444, -12453255.3002 8380739.0377, -12453160.0831 8380740.8443, -12453165.4272 8380715.3621, -12453151.9649 8380702.55, -12453116.5856 8380722.6999, -12453067.4873 8380717.7734, -12453010.4977 8380738.8043, -12452953.4485 8380723.5968, -12452936.8469 8380651.9537, -12452953.5975 8380491.1642, -12452888.2841 8380457.0147, -12452806.8999 8380459.0679, -12452741.422 8380435.0739, -12452718.9243 8380445.9262, -12452679.9835 8380395.4378, -12452660.8097 8380395.6834, -12452638.98 8380341.8835, -12452589.7282 8380325.3534, -12452562.9465 8380284.7592, -12452470.1036 8380291.7394, -12452460.9869 8380222.5129, -12452373.6226 8380177.776, -12452354.4661 8380155.3711, -12452364.4908 8380125.2814, -12452342.7786 8380092.67, -12452358.3025 8380071.3147, -12452380.0435 8380071.6267, -12452463.4865 8380120.0461, -12452493.9538 8380164.7557, -12452541.4698 8380162.1085, -12452530.7242 8380129.0261, -12452347.6649 8380010.5956, -12453343.1716 8379578.1638, -12453764.4565 8379172.5016, -12453708.3165 8379045.3606, -12453886.1441 8378762.2902, -12454006.9093 8378615.9277, -12454156.5267 8378562.3338, -12454208.1707 8378365.3478, -12454180.7981 8378315.00169999, -12454155.2669 8378329.7881, -12454155.2599 8378299.1975, -12454142.2638 8378295.3795, -12454126.3936 8378327.5543, -12454109.2012 8378337.3201, -12454086.1207 8378324.0995, -12454066.1188 8378358.4276, -12454046.2839 8378334.3847, -12454030.47 8378346.3757, -12453984.829 8378312.793, -12453986.1423 8378403.23279999, -12453959.3671 8378491.217, -12453917.1425 8378532.8237, -12453893.5935 8378516.22, -12453867.5526 8378537.0826, -12453826.3819 8378525.7158, -12453775.537 8378422.0816, -12453735.3166 8378408.9955, -12453723.9037 8378423.9218, -12453696.0858 8378385.2962, -12453665.977 8378383.6892, -12453653.9265 8378350.24449999, -12453630.7409 8378339.6344, -12453617.763 8378288.4078, -12453597.6536 8378276.0256, -12453579.9021 8378304.9215, -12453537.0239 8378296.2732, -12453537.5788 8378341.7467, -12453497.621 8378395.9689, -12453479.1746 8378388.6316, -12453473.6895 8378363.8364, -12453449.0526 8378380.5141, -12453443.4933 8378349.1036, -12453392.4423 8378329.8401, -12453373.5213 8378286.5575, -12453359.561 8378288.1014, -12453356.0444 8378334.2926, -12453331.5258 8378336.379, -12453286.1579 8378382.045, -12453247.0168 8378344.747, -12453160.8291 8378318.5307, -12453176.2825 8378287.4601, -12453102.4551 8378270.0582, -12453122.7296 8378257.6, -12453118.1145 8378229.5421, -12453132.2468 8378233.1086, -12453121.7283 8378215.9238, -12453149.9969 8378205.6914, -12453159.2538 8378228.7932, -12453216.6902 8378217.472, -12453231.3719 8378229.799, -12453243.9838 8378220.6014, -12453257.1106 8378239.9814, -12453254.3509 8378221.18039999, -12453286.0041 8378230.1536, -12453295.952 8378218.377, -12453280.125 8378228.1931, -12453271.1561 8378200.5269, -12453243.5598 8378181.8375, -12453185.6318 8378172.6972, -12453192.7386 8378152.947, -12453175.9559 8378159.4459, -12453155.3529 8378113.1568, -12453085.0128 8378123.8335, -12453077.1437 8378078.7713, -12453063.5832 8378076.7724, -12453039.3602 8378110.1244, -12452990.4567 8378113.2332, -12452983.6655 8378085.7991, -12453027.0005 8378077.52269999, -12453016.8583 8378046.9091, -12453029.8506 8378016.801, -12453063.641 8378002.3046, -12453045.9831 8377979.1417, -12453009.6598 8377975.69080001, -12453023.8613 8377982.0635, -12453001.7572 8378042.0913, -12452945.3315 8378020.4977, -12452934.1269 8378031.9441, -12452914.4414 8378011.664, -12452894.1562 8378024.5005, -12452851.1231 8377968.8852, -12452826.2733 8377960.71, -12452841.4284 8377946.2221, -12452828.8503 8377922.625, -12452373.679 8378241.17029999, -12452222.1193 8378270.4838, -12452136.0142 8378241.5812, -12452074.584 8378176.5069, -12452058.9779 8378131.7572, -12452042.9432 8377919.6765, -12452003.3638 8377820.3772, -12451795.9862 8377639.2713, -12451649.1659 8377474.9682, -12451333.0923 8377330.7789, -12451243.9059 8377253.83, -12451167.1801 8377142.3518, -12451108.8309 8376993.3576, -12451095.1452 8376868.3586, -12451136.4338 8376541.1955, -12451103.5627 8376418.1061, -12451068.4332 8376365.816, -12451020.7184 8376326.6745, -12450898.5864 8376294.97299999, -12450549.6652 8376324.6399, -12450408.8644 8376304.8734, -12450343.7437 8376279.9249, -12450233.33 8376199.7646, -12450110.013 8376033.9399, -12450008.4273 8375934.5991, -12449585.0304 8375635.7401, -12449515.8106 8375611.0767, -12449444.578 8375609.2525, -12449378.5305 8375633.1144, -12449323.3907 8375677.7551, -12449144.95 8375938.2231, -12449090.6527 8375995.2575, -12449030.6316 8376039.8022, -12448905.9791 8376083.08020001, -12448782.0372 8376081.2737, -12448417.0872 8375941.05709999, -12447976.995 8375908.042, -12447904.0233 8375890.0765, -12447840.3434 8375854.2988, -12447734.1121 8375763.8342, -12447665.4564 8375645.2951, -12447646.5651 8375578.1228, -12447641.9689 8375363.9164, -12447700.1713 8375147.1466, -12447737.7217 8375080.7895, -12447845.4123 8374970.9622, -12447987.4998 8374903.2548, -12448067.5103 8374893.3099, -12448381.2558 8374916.2648, -12448504.3187 8374869.2115, -12448547.144 8374827.3332, -12448591.3643 8374721.5303, -12448570.4075 8374608.1864, -12448492.3989 8374507.5418, -12448376.7335 8374433.6906, -12447802.8606 8374203.987, -12447405.7506 8373942.5312, -12446858.8062 8373635.23219999, -12446644.3058 8373532.4208, -12446266.8999 8373391.8338, -12446063.0836 8373271.0175, -12445910.5405 8373101.1544, -12445847.8633 8372963.8336, -12445821.9993 8372814.2778, -12445814.8768 8372501.7779, -12445779.1413 8372347.1515, -12445698.4843 8372212.0578, -12445573.2418 8372112.3178, -12445418.1474 8372053.5719, -12445067.9341 8371999.952, -12444640.4103 8371892.372, -12444467.2062 8371878.0891, -12443959.8292 8371888.646, -12443826.5478 8371842.3356, -12443736.1631 8371762.54819999, -12443691.6166 8371656.9632, -12443703.2313 8371541.2907, -12443727.6674 8371485.7642, -12443803.6123 8371387.1687, -12443896.9941 8371299.1318, -12444111.9244 8371142.4766, -12444236.1909 8371080.9121, -12444514.7101 8371015.6823, -12444662.1558 8371011.4871, -12445117.1551 8371069.4521, -12445272.2484 8371064.0891, -12445420.5806 8371029.1531, -12445536.4597 8370948.2692, -12445667.7154 8370711.7973, -12445751.6696 8370599.0407, -12445866.392 8370516.6461, -12446006.0488 8370476.3395, -12446154.8984 8370488.2967, -12446295.9256 8370559.0907, -12446589.8551 8370854.197, -12446799.5148 8370996.7417, -12447729.817 8371349.6098, -12447883.6705 8371369.4801, -12448022.0435 8371335.6012, -12448134.8644 8371259.5215, -12448271.3115 8371107.1405, -12448308.6442 8371050.067, -12448319.3392 8370867.8089, -12448177.1863 8370752.8451, -12447976.3348 8370681.61819999, -12447844.8232 8370616.9357, -12447728.1486 8370530.7163, -12447605.244 8370360.2767, -12447567.5694 8370159.0388, -12447661.1201 8369827.2209, -12447669.7363 8369695.2331, -12447465.3814 8369290.8956, -12447409.6254 8369105.8675, -12447305.958 8368945.3959, -12446828.7005 8368620.9999, -12446754.5739 8368521.9302, -12446667.1799 8368352.8075, -12446409.9459 8367989.7614, -12446187.6605 8367902.461, -12445843.2839 8367821.897, -12445559.0618 8367789.36159999, -12445271.3921 8367818.7939, -12445067.4592 8367919.0357, -12444808.5916 8368105.4735, -12444464.3155 8368306.8615, -12443966.4459 8368522.1718, -12443607.0646 8368584.0329, -12443401.1948 8368654.4536, -12443039.4887 8368924.3986, -12442907.8391 8368979.7571, -12442786.0466 8368986.3198, -12442691.3211 8368904.9685, -12442657.2309 8368906.5177, -12442634.8445 8368758.9768, -12442698.6259 8368602.8299, -12442953.5528 8368193.3544, -12443185.964 8367773.98489999, -12443327.7466 8367649.5179, -12443563.2213 8367529.6643, -12443667.9967 8367453.8397, -12443747.9353 8367357.4537, -12443807.2643 8367247.7499, -12443863.0577 8367066.0924, -12443882.5073 8366806.2294, -12443854.8385 8366678.6361, -12443698.7788 8366324.3751, -12443691.4618 8366200.9827, -12443704.0342 8366140.7126, -12443759.1832 8366029.366, -12443845.4438 8365935.0287, -12444238.4052 8365601.5541, -12444398.59 8365489.8271, -12444588.3215 8365418.6866, -12444936.4648 8365353.2846, -12445064.6472 8365301.8296, -12445114.3104 8365261.3018, -12445147.6064 8365211.2956, -12445161.8205 8365096.8213, -12445052.7328 8364739.3248, -12445028.9244 8364549.1763, -12445065.1807 8364431.5441, -12445148.077 8364350.6054, -12445261.0037 8364306.5907, -12445599.7851 8364244.3926, -12445936.2338 8364152.7019, -12446075.9945 8364145.9635, -12446287.7963 8364167.1842, -12446354.3331 8364159.7121, -12446459.965 8364104.4911, -12446495.5587 8364061.6723, -12446537.8094 8363959.1118, -12446700.6903 8363280.5849, -12446795.3676 8363094.412, -12446894.8283 8362991.092, -12447019.6904 8362911.516, -12447165.44 8362863.5824, -12447322.0108 8362857.4101, -12447479.8961 8362892.4471, -12447630.2842 8362958.41709999, -12448451.6559 8363379.5876, -12448667.4698 8363524.6608, -12448791.6703 8363652.0801, -12448890.5792 8363802.5922, -12449076.9139 8364310.7364, -12449244.992 8364626.0995, -12449411.8143 8364829.3819, -12449547.73 8364929.3675, -12449621.1225 8364964.0507, -12449773.8471 8365003.2348, -12449926.6325 8365006.1924, -12450230.6813 8364975.749, -12450385.1213 8365000.7446, -12450521.7248 8365075.5882, -12450654.856 8365235.8307, -12450786.76 8365015.4519, -12451074.6396 8365046.2291, -12451770.1475 8364997.6591, -12452169.2763 8365180.0187, -12452105.4273 8365667.1532, -12452051.2237 8365950.5238, -12452068.7448 8366441.5768, -12452520.2234 8366381.3188, -12453080.295 8366612.15269999, -12454006.6629 8366860.275, -12454101.4931 8366578.7776, -12454599.4105 8366398.0272, -12455219.3814 8366222.9988, -12455822.1331 8366414.7748, -12456533.6583 8366897.5883, -12456756.8821 8367357.4771, -12456643.081 8368046.7456, -12456658.9456 8368994.849, -12456704.443 8369119.7925, -12456786.2695 8369225.4428, -12456892.9191 8369307.8845, -12457014.6753 8369370.7935, -12457144.5007 8369422.1356, -12457280.8224 8369452.2177, -12457484.6575 8369437.7182, -12457658.6877 8369347.6137, -12457887.1275 8369117.1093, -12457992.1228 8369037.46679999, -12458113.8541 8368997.9183, -12458230.0115 8369018.3025, -12458320.6413 8369095.2681, -12458381.5175 8369208.3156, -12458412.9154 8369346.0023, -12458445.8939 8369647.0697, -12458491.8065 8369785.442, -12458572.353 8369892.5228, -12458622.6616 8369929.905, -12458733.3119 8369969.4052, -12458788.9536 8369969.9362, -12458891.0611 8369938.6666, -12458974.0585 8369870.2921, -12459122.8446 8369686.4454, -12459227.8501 8369613.8368, -12459289.9577 8369591.442, -12459426.7159 8369580.2205, -12459569.1885 8369612.2455, -12459890.1785 8369775.1427, -12459918.7821 8369734.2892, -12459995.4828 8369688.0624, -12460050.7994 8369709.4329, -12460119.4038 8369584.1709, -12460159.4412 8369586.0303, -12460241.3716 8369549.6432, -12460558.5396 8369547.4933, -12460781.1532 8369225.2198, -12460922.2538 8368854.5739, -12460953.2268 8368499.353, -12460860.1847 8368133.86689999, -12460800.5085 8367794.4123, -12461101.6606 8367504.8029, -12461450.625 8367597.9561, -12461732.2908 8368367.5596, -12461961.067 8368640.7298, -12462488.9861 8368955.4512, -12462592.9287 8369214.19789999, -12462501.7407 8369477.7374, -12462310.5717 8369604.8537, -12462011.864 8369583.7063, -12461830.4339 8369550.1343, -12461611.5072 8369554.9194, -12461726.023 8369741.9381, -12461750.1585 8369880.2462, -12461822.917 8370015.5764, -12462084.207 8370279.5643, -12462261.5128 8370519.441, -12462377.9182 8370578.9281, -12462435.7032 8370583.1729, -12462541.3854 8370556.9572, -12462636.7413 8370495.251, -12462796.6497 8370304.217, -12462893.6356 8370213.7518, -12463012.8587 8370152.1071, -12463078.7295 8370136.3043, -12463215.4965 8370135.5742, -12463496.9463 8370185.328, -12463932.1693 8370183.2276, -12464077.3319 8370221.6487, -12464203.0491 8370307.4274, -12464430.0466 8370625.4752, -12464597.3476 8370778.2692, -12464726.7039 8370838.8763, -12464859.0733 8370866.5602, -12465065.2945 8370798.7859, -12465674.0637 8370367.3293, -12465502.1265 8370041.5741, -12465533.8285 8369880.2959, -12465699.0386 8369628.55749999, -12465658.7302 8369274.646, -12465913.246 8368986.531, -12466332.7005 8368795.6645, -12466709.1533 8368298.5214, -12466778.0271 8367864.1478, -12466771.3964 8367709.7805, -12466702.2599 8367683.1437, -12466708.0861 8367624.3599, -12466669.4096 8367595.1828, -12466677.8619 8367548.11819999, -12466590.3875 8367504.06509999, -12466626.5337 8367473.0246, -12466573.1521 8367443.17759999, -12466600.8473 8367389.6099, -12466646.3514 8367361.1051, -12466681.7322 8367370.0974, -12466707.7544 8367399.7517, -12466786.9508 8367407.5615, -12466886.1412 8366831.6681, -12466760.7512 8366490.0681, -12466772.9661 8366323.4445, -12466689.7777 8365980.2816, -12466545.8883 8365731.0288, -12466488.2253 8365382.76829999, -12466320.2475 8365055.2922, -12466163.1319 8364858.1415, -12465967.6574 8364419.75509999, -12465836.2694 8364202.928, -12465771.7227 8364211.3234, -12465794.1652 8364150.4983, -12465276.5876 8363958.4608, -12464912.5058 8363799.2864, -12464790.6603 8363545.3664, -12464596.7351 8363409.2268, -12464309.8272 8363359.1338, -12464018.6605 8363009.7808, -12463694.4733 8362775.2488, -12463619.4001 8362558.282, -12463604.0661 8362422.55170001, -12463429.6347 8362407.8514, -12463362.3777 8362360.5029, -12463360.2993 8362314.04420001, -12463587.0497 8362271.9278, -12463572.3927 8362142.1861, -12463448.8078 8361774.4985, -12463387.1528 8361380.72349999, -12463282.625 8361182.2997, -12463226.4336 8361161.2475, -12463078.6398 8361050.7557, -12462915.7798 8360808.339, -12462814.9751 8360701.4389, -12462699.0469 8360607.8059, -12462643.7629 8360520.6071, -12462607.2549 8360342.0785, -12462622.2645 8360234.39639999, -12462605.3745 8360226.4807, -12462537.1136 8360262.6216, -12462444.3023 8360193.5014, -12462352.7933 8360205.9294, -12462347.0043 8360194.6015, -12462407.6937 8360157.7182, -12462408.0107 8360104.6157, -12462543.6398 8360036.2953, -12462588.468 8359994.8756, -12462393.683 8359631.8548, -12462351.5435 8359596.3241, -12462354.9701 8359521.7724, -12462334.4011 8359429.7379, -12462338.1992 8359347.1089, -12462426.7625 8359218.7079, -12462463.5538 8359137.6022, -12462429.3335 8359053.6019, -12462474.9863 8358907.5873, -12462454.3739 8358797.7007, -12462472.8593 8358575.2686, -12462271.2452 8358436.448, -12462239.3789 8358440.0435, -12462163.2491 8358477.9279, -12462008.7063 8358603.2671, -12461856.06 8358687.2944, -12461640.4695 8358702.173, -12461428.3051 8358642.6867, -12461235.688 8358517.863, -12461195.5964 8358399.9566, -12461247.8655 8358306.3102, -12461190.717 8357780.5172, -12461033.0378 8357667.5464, -12461016.1888 8357629.4935, -12460962.6394 8357580.4234, -12460921.3769 8357466.6961, -12460952.8143 8357188.6179, -12461109.0158 8357028.771, -12461100.853 8356953.6593, -12460949.1807 8356832.0864, -12460898.9654 8356802.3636, -12460140.5795 8356875.2427, -12459688.0051 8356781.92, -12459685.2698 8356840.9742, -12459631.5406 8356996.8715, -12459501.8314 8357186.5094, -12459470.655 8357180.8137, -12459290.9874 8357249.7645, -12459220.074 8357251.4038, -12458963.6933 8357399.0423, -12458808.3959 8358208.7752, -12458595.4637 8358345.6169, -12458541.7173 8358423.4536, -12458422.4144 8358458.34309999, -12458375.2747 8358813.5903, -12458057.2692 8358926.9356, -12457796.6923 8358923.1763, -12457825.1736 8359048.6785, -12457756.3786 8359146.1823, -12457739.2445 8359260.04649999, -12457705.0128 8359262.3588, -12457630.52 8359318.6645, -12457546.8049 8359294.7555, -12457514.9741 8359228.287, -12457587.3606 8359000.1805, -12457513.5053 8358934.6897, -12457192.1298 8358976.1044, -12456863.6944 8358869.6783, -12456523.5577 8358550.3923, -12456081.4994 8358383.7554, -12455667.9481 8358404.1034, -12455392.0664 8358513.2926, -12455042.3334 8358759.5402, -12455071.1495 8359062.7226, -12454975.185 8359195.758, -12454690.7607 8359489.1474, -12454484.2922 8359555.235, -12454246.4562 8359529.6705, -12453795.8697 8359535.0329, -12453793.4938 8359904.6751, -12453728.6599 8360076.5187, -12453649.6337 8360411.33, -12453553.6262 8360544.3701, -12453413.7435 8360629.9006, -12453120.9432 8360679.7262, -12452914.6229 8360756.1403, -12452772.7831 8360840.8035, -12452600.104 8360994.36289999, -12452446.3339 8361088.3569, -12452284.3059 8361113.061, -12452061.1582 8361056.9816, -12451882.8114 8361123.7385, -12451621.6073 8361337.2158, -12451264.6293 8361284.4515, -12451158.867 8361172.2868, -12450956.5485 8360841.1552, -12450559.6873 8360754.2512, -12450338.4694 8360585.3962, -12450167.8428 8360275.0117, -12450145.9141 8360112.33529999, -12450184.5641 8359968.3152, -12450127.0747 8359961.6348, -12450061.2798 8359918.075, -12450011.1149 8359783.80170001, -12450012.2645 8359654.2423, -12450145.152 8359423.1457, -12450346.6448 8359258.1555, -12450542.457 8359176.6558, -12450681.3393 8359088.7328, -12450742.4993 8359139.6618, -12450760.7194 8359091.0419, -12450804.2484 8359047.504, -12450964.5773 8358965.3362, -12450995.6086 8358910.5317, -12450997.2442 8358859.0588, -12451077.2747 8358778.2431, -12451042.2928 8358697.3381, -12451066.3751 8358600.314, -12451049.2123 8358556.9272, -12451058.2545 8358536.7454, -12451109.1438 8358548.6532, -12451179.5993 8358538.6196, -12451212.7369 8358588.9055, -12451242.6065 8358542.2962, -12451198.8918 8358451.745, -12451205.3647 8358384.8794, -12451281.3338 8358289.5369, -12451358.1375 8358252.2697, -12451493.7627 8358239.1654, -12451647.4296 8357274.8715, -12451307.087 8357316.785, -12451133.5262 8357305.1922, -12451019.2714 8357280.2676, -12450641.0319 8357142.8761, -12450127.2023 8356983.0201, -12449489.1479 8356840.6934, -12449398.2296 8356807.5338, -12449310.5952 8356764.8446, -12449112.1406 8356621.494, -12448976.1573 8356479.71760001, -12448716.9373 8356105.6375, -12448602.0139 8356008.6259, -12448467.3854 8355946.8969, -12448138.667 8355894.4275, -12447959.3542 8355890.5585, -12447739.8984 8355910.2992, -12447610.461 8355944.7115, -12447448.419 8356023.2595, -12447341.0914 8356107.8853, -12447160.7915 8356307.1219, -12446998.5964 8356395.3314, -12446856.148 8356434.492, -12446655.6564 8356450.2626, -12446164.4171 8356417.6699, -12446249.4899 8356495.7819, -12446281.0457 8356603.0605, -12446249.2141 8356772.422, -12446187.589 8356856.7193, -12445937.893 8357055.9989, -12445874.1479 8357090.0319, -12445766.6084 8357093.4897, -12445515.3945 8357031.2442, -12445299.4276 8357134.5833, -12444858.3015 8356990.7953, -12444423.1023 8356724.8674, -12444241.597 8356267.2569, -12443843.1498 8356084.6981, -12443223.7812 8356258.5395, -12442614.2819 8356228.8204, -12442099.9293 8355918.1184, -12441870.9014 8355848.7217, -12441715.5653 8355845.978, -12441642.1092 8355815.2425, -12441600.253 8355775.2785, -12441317.1819 8355823.9031, -12441044.3619 8355284.1232, -12440873.466 8355197.7978, -12440778.5395 8355176.2613, -12440574.0503 8355164.5436, -12440450.8276 8355174.9249, -12440286.5689 8355243.3015, -12440254.9088 8355279.6158, -12440261.553 8355333.5289, -12440333.0745 8355363.4643, -12440541.4978 8355371.0346, -12440562.4636 8355385.1426, -12440576.2818 8355416.2755, -12440537.2825 8355497.6142, -12440469.3008 8355537.7135, -12440454.1141 8355572.7473, -12440447.0332 8355662.0335, -12440460.1832 8355734.6853, -12440480.5323 8355763.2028, -12440650.3231 8355864.1345, -12440717.716 8355875.4141, -12440886.8157 8355961.6375, -12440926.7507 8355999.9661, -12440942.9235 8356051.0248, -12440929.6684 8356154.7433, -12440906.4746 8356160.3586, -12440887.1848 8356135.0242, -12440814.3291 8356165.155, -12440691.444 8356174.008, -12440690.3845 8356195.6768, -12440648.0588 8356234.1153, -12440618.6669 8356228.6214, -12440600.685 8356193.5186, -12440497.3741 8356165.561, -12440477.2461 8356225.7319, -12440449.2653 8356218.9561, -12440430.283 8356146.7818, -12440395.7388 8356100.7742, -12440391.901 8355956.9101, -12440378.2161 8355921.0313, -12440311.6081 8355863.6331, -12440185.8095 8355853.4178, -12439984.9006 8355925.116, -12440010.6513 8356468.4913, -12439833.3384 8356459.7733, -12439479.9088 8356243.48, -12439237.0073 8356429.6942, -12439061.0987 8357419.6712, -12438808.7401 8358276.1002, -12438091.6772 8358425.0164, -12437754.57 8358270.2194, -12437698.4998 8358344.2626, -12437631.8448 8358379.4438, -12437556.9018 8358387.202, -12437484.4728 8358366.4196, -12437424.9969 8358320.0917, -12437387.046 8358254.8962, -12437376.0893 8358180.2298, -12437390.8733 8358103.192, -12437320.5501 8358070.8935, -12436840.516 8357678.4873, -12437543.8555 8356313.8548, -12437335.1383 8356241.8247, -12436719.9559 8355951.7892, -12436448.4565 8355873.0573, -12436175.992 8355841.313, -12436017.543 8355870.6149, -12435918.7399 8355916.7745, -12435788.5255 8356017.4011, -12435523.1925 8356296.5794, -12435388.0139 8356380.2125, -12435234.4141 8356420.419, -12435070.9092 8356412.194, -12434064.4362 8356141.1662, -12433537.1066 8356101.8095, -12433388.1648 8356075.983, -12433251.582 8356020.8349, -12433173.2956 8355962.1917, -12432869.7363 8355608.0616, -12432740.3551 8355516.826, -12432594.8298 8355462.6067, -12432444.7302 8355440.345, -12432296.2583 8355448.2855, -12432104.3294 8355496.9496, -12431914.5165 8355984.462, -12431447.2086 8356368.9624, -12430950.4518 8355897.0981, -12430751.5579 8355986.2478, -12430855.0504 8356484.1071, -12430972.7762 8357279.8483, -12430256.532 8357486.8624, -12430268.2148 8358208.8638, -12429121.5621 8358494.1481, -12429028.9841 8358740.7205, -12429008.9109 8358837.8722, -12429001.5294 8358900.7277, -12429062.1083 8359034.4723, -12429046.3319 8359096.9041, -12428978.9594 8359097.7065, -12428911.2114 8359022.612, -12428899.7965 8358961.1523, -12428793.9454 8358928.1462, -12428739.2178 8358845.2811, -12428755.2966 8358737.683, -12428723.4962 8358675.7523, -12428572.1318 8358738.1837, -12428510.067 8358825.7633, -12428502.0094 8358903.71109999, -12428516.0954 8359032.2723, -12428473.3124 8359145.5784, -12428505.3842 8359225.4546, -12428643.2144 8359329.4025, -12428644.3845 8359472.7925, -12428596.9345 8359495.68, -12428508.9949 8359487.0038, -12428426.5289 8359453.3103, -12428324.5082 8359473.4269, -12428291.5082 8359543.4183, -12428256.4793 8359819.88099999, -12428208.3299 8359939.6973, -12428157.3159 8359949.7548, -12428112.4153 8359922.1792, -12428020.912 8359900.6682, -12427967.7416 8359923.4676, -12427947.12 8360085.9437, -12427923.7741 8360130.0268, -12427779.9722 8360234.9153, -12427772.0404 8360310.2013, -12427787.3664 8360414.1022, -12427745.2511 8360432.5863, -12427712.6009 8360426.8014, -12427603.3171 8360305.6873, -12427413.8519 8360341.0169, -12426805.4816 8360337.2114, -12426586.5892 8360381.7042, -12426473.0507 8360487.2299, -12426429.1778 8360563.38229999, -12426412.2816 8360554.2634, -12426355.8879 8360765.5048, -12426258.5447 8360770.7638, -12426122.5524 8360844.4882, -12426007.4739 8360938.9567, -12425917.7068 8361325.5684, -12425797.2247 8361495.2671, -12425483.9473 8361767.2649, -12425373.5515 8361938.2364, -12425295.7872 8362020.8181, -12425185.2528 8362090.0513, -12425119.0155 8362015.6127, -12425155.0825 8361669.9822, -12425198.8843 8361458.3414, -12425319.9016 8361037.1202, -12425387.3024 8360718.7605, -12425393.145 8360618.1506, -12425359.0139 8360522.4795, -12425325.7037 8360479.8977, -12425229.0557 8360416.6935, -12425036.8129 8360385.2306, -12423617.5467 8360370.2903, -12423415.4265 8360388.5746, -12423331.5965 8360417.2632, -12423266.3039 8360405.65439999, -12423188.5115 8360357.3233, -12423039.9822 8360462.5167, -12422929.9179 8360480.372, -12422827.6069 8360435.9759, -12422780.0762 8360377.9989, -12422601.4258 8359827.1932, -12422597.2075 8359726.0694, -12422548.6922 8359670.60279999, -12422523.1873 8359588.93, -12422475.6418 8359038.214, -12422461.0116 8358667.9803, -12422535.2564 8358671.8073, -12422632.0648 8358709.7718, -12422754.9535 8358880.9827, -12422850.0781 8358951.8351, -12422948.5794 8358956.9071, -12423001.2049 8358893.6634, -12423006.2668 8358794.9956, -12422991.5375 8358761.2615, -12422994.9122 8358695.484, -12422909.0718 8358443.7526, -12422721.3691 8358252.7288, -12422640.9813 8358215.61379999, -12422609.8398 8358181.0357, -12422577.0095 8358179.3439, -12422513.883 8358126.6307, -12422454.9811 8357991.7037, -12422463.4283 8357827.279, -12422550.567 8357732.8558, -12422622.9782 8357604.7034, -12422642.7691 8357539.7821, -12422651.2114 8357375.3671, -12422638.175 8357308.7562, -12422594.0014 8357207.5727, -12422595.69 8357174.6909, -12422532.5718 8357121.9853, -12422517.848 8357088.258, -12422453.0418 8357068.4334, -12422438.3185 8357034.7062, -12422352.7679 8356986.1991, -12422343.2245 8356873.5139, -12422264.8689 8356726.0517, -12422239.2489 8356761.23839999, -12422099.0875 8356846.1247, -12421937.0634 8356870.1467, -12421778.3631 8356829.5696, -12421633.2647 8356719.8171, -12421578.4995 8356632.3659, -12421543.0051 8356453.747, -12421575.5986 8356292.9709, -12421667.69 8356157.3099, -12421804.9652 8356067.8442, -12421907.0807 8356049.2315, -12421115.3155 8354638.3338, -12421089.8606 8354536.6995, -12421128.4536 8354356.33609999, -12421409.6885 8353745.8391, -12421150.071 8353496.467, -12420771.8695 8353176.2441, -12420397.4171 8352962.6958, -12420244.7488 8352822.1387, -12420179.1297 8352625.0107, -12420319.6979 8352279.2757, -12420357.825 8352236.389, -12420427.7351 8352087.5949, -12420395.2679 8351919.2249, -12420244.6865 8351757.0414, -12420041.6687 8351812.4387, -12419928.0805 8351781.8253, -12419853.2611 8351637.856, -12419751.9975 8351495.8582, -12419679.1469 8351486.1716, -12419511.7895 8351549.0163, -12419333.6747 8351572.7454, -12419380.2386 8351619.8971, -12419428.8944 8351632.3956, -12419556.1496 8351735.5036, -12419633.7359 8351879.8683, -12419645.0788 8352057.6834, -12419694.5821 8352109.2516, -12419686.9729 8352194.8644, -12419610.0818 8352267.3244, -12419609.472 8352340.56, -12419630.8995 8352418.1263, -12419685.8522 8352462.3921, -12419751.964 8352475.3806, -12419810.418 8352513.4564, -12419797.9451 8352570.1505, -12419774.4284 8352594.4152, -12419767.6412 8352664.1477, -12419704.5838 8352715.0314, -12419696.2676 8352752.8283, -12419720.8994 8352767.9942, -12419834.3479 8352779.7114, -12419866.099 8352826.0924, -12419861.3077 8352867.946, -12419737.9586 8352841.8867, -12419730.3176 8352955.2996, -12419689.1319 8353013.6924, -12419389.5858 8353147.8711, -12419313.7476 8353143.4107, -12419280.3644 8353179.86640001, -12419131.2976 8353166.8548, -12419092.6204 8353102.9939, -12418979.0109 8353119.7919, -12418768.3312 8353065.8356, -12418507.2892 8352939.9311, -12418083.4421 8352829.164, -12417952.8543 8352730.2864, -12417870.5687 8352588.5351, -12417820.3028 8352368.4119, -12417717.8005 8352153.322, -12417556.5446 8351953.97119999, -12417367.7475 8351808.9391, -12417151.2262 8351710.1624, -12416783.8957 8351613.8049, -12416549.1204 8351498.3973, -12416110.798 8351382.4324, -12415980.2625 8351283.5401, -12415898.0307 8351141.7955, -12415857.2229 8350899.27619999, -12415770.0242 8350677.5699, -12415647.1888 8350495.16579999, -12415479.3881 8350334.7866, -12415299.0891 8350024.4415, -12415287.6691 8349969.338, -12414981.8615 8349726.7213, -12414927.2264 8349639.30569999, -12414891.924 8349460.8267, -12414924.628 8349300.2336, -12415051.8652 8349113.1537, -12415190.2108 8348957.5782, -12415292.4103 8348783.7868, -12415371.5262 8348539.8783, -12415389.3833 8348284.0509, -12415355.0325 8348066.8049, -12415267.8809 8347845.1782, -12415108.6706 8347621.5838, -12414883.9995 8347431.7055, -12414829.3819 8347344.3163, -12414794.0918 8347165.8923, -12414826.787 8347005.3493, -12414918.8822 8346869.9423, -12415049.1337 8346775.8706, -12415155.9749 8346670.7045), (-12515177.2328 8434451.5948, -12515245.2558 8433646.1612, -12515066.9617 8433927.8784, -12514366.4229 8434323.7517, -12513646.9097 8434231.1456, -12513579.1897 8434933.5725, -12513295.3205 8435570.7715, -12512804.1281 8435551.441, -12512615.621 8435077.1927, -12512718.2757 8434425.2252, -12512128.5636 8434384.2511, -12511601.7933 8434215.47429999, -12511488.8351 8434462.1345, -12511345.1501 8434467.5029, -12511327.1004 8434924.9805, -12511639.7511 8435279.8832, -12511678.5901 8435293.3412, -12511698.5205 8435327.8983, -12511967.7594 8435538.2417, -12512005.8226 8435599.4515, -12512099.5036 8435836.6972, -12512278.4849 8435847.9291, -12512294.2815 8435869.3878, -12512299.0324 8435960.1544, -12512668.6101 8435875.5122, -12512830.7401 8435909.2205, -12512967.2664 8436003.0742, -12513056.9735 8436142.492, -12513085.916 8436305.8068, -12513037.665 8436520.7782, -12512936.8672 8436715.8642, -12512874.6625 8436929.6186, -12512858.1835 8437151.6627, -12512873.9669 8437267.8547, -12512901.5453 8437318.2101, -12513046.6498 8437486.8972, -12513223.6038 8437621.6777, -12513389.8489 8437703.7907, -12513598.5793 8437764.29, -12513857.0572 8437783.5069, -12514163.5467 8437734.9838, -12514325.7252 8437768.6683, -12514462.3051 8437862.5185, -12514552.063 8438001.95369999, -12514590.5619 8438218.9407, -12514528.0654 8438447.5343, -12514504.7065 8438631.7436, -12514548.3906 8439128.7592, -12514947.8339 8439183.1365, -12514973.382 8438943.7292, -12514990.1328 8438513.8455, -12515132.7592 8438338.0787, -12515036.029 8438077.34399999, -12514742.8659 8437624.8447, -12514439.6275 8437431.3789, -12514017.7826 8437622.38099999, -12513800.2475 8437224.7179, -12514097.8484 8436899.1672, -12513879.3171 8436527.4444, -12513868.6561 8436137.9565, -12514735.9941 8435808.8286, -12515442.0979 8435628.9349, -12515150.0132 8435150.7082, -12515177.2328 8434451.5948), (-12537675.4652 8430799.3967, -12537789.9836 8430732.0589, -12537697.686 8430345.9951, -12539145.3596 8430823.2148, -12539088.5731 8430629.8068, -12539855.5431 8429955.5492, -12539950.8506 8429066.0127, -12539135.5389 8428718.0037, -12539173.3901 8428251.6929, -12539155.2239 8428166.0162, -12539086.3411 8428312.3487, -12538851.6863 8428346.4609, -12538723.0024 8428384.3647, -12538536.0454 8428271.3765, -12538302.9086 8428263.0115, -12538013.033 8428061.2906, -12537387.3429 8428677.9152, -12537705.1371 8429761.8288, -12537694.8416 8430196.99279999, -12537573.133 8430693.2414, -12537675.4652 8430799.3967), (-12500232.6526 8381404.9037, -12499507.0177 8380134.0986, -12497677.8735 8379108.2693, -12496429.9344 8377103.3082, -12495474.1612 8375691.3209, -12495179.9909 8376114.4618, -12495690.7054 8376821.8635, -12494576.1883 8377646.3487, -12493762.8048 8378826.5509, -12495217.4756 8379969.7392, -12495935.5515 8379814.824, -12497039.1168 8380217.0664, -12497777.9059 8381158.6, -12498497.4493 8381610.8218, -12499322.1699 8381750.4207, -12500232.6526 8381404.9037), (-12487435.6202 8380116.4834, -12487581.8189 8379159.0661, -12487153.7316 8378873.8541, -12486989.1344 8378934.9573, -12486943.413 8378933.0001, -12486670.6416 8378778.4988, -12486505.2576 8378756.6018, -12486014.2755 8378220.7804, -12485674.581 8378153.394, -12484921.8136 8377579.8887, -12484098.9901 8377412.4206, -12483543.6616 8376847.3516, -12483054.2271 8376588.63189999, -12481945.7184 8376329.3826, -12481610.1664 8376776.6316, -12481096.7724 8377070.9767, -12480754.8331 8377663.1289, -12480774.2322 8378125.9098, -12481262.5346 8378714.7671, -12482196.9316 8378742.2329, -12482818.1769 8379917.6563, -12484192.7415 8380439.2215, -12484948.9911 8380630.2756, -12485351.9938 8380145.9388, -12487407.6252 8380154.8919, -12487435.6202 8380116.4834), (-12433887.3905 8343353.8671, -12433817.6045 8343301.2646, -12433610.333 8343413.8655, -12433362.3843 8343388.3252, -12433344.0444 8342966.9599, -12433361.0341 8342626.2138, -12433608.9845 8342265.6314, -12433319.8825 8341977.553, -12433288.7381 8342039.2567, -12432618.959 8341795.5234, -12432901.5192 8342440.2666, -12432440.9678 8343258.0441, -12431252.7999 8343934.1847, -12431310.024 8344886.0076, -12431170.8892 8345024.6552, -12431191.9667 8345021.6148, -12431401.5574 8345157.4609, -12431494.6776 8345276.9324, -12431672.8981 8345437.4795, -12431770.1811 8345568.342, -12431873.997 8345671.8703, -12432102.9172 8345822.9029, -12432273.9445 8345888.21630001, -12432435.4844 8345920.74849999, -12432618.4237 8345926.7192, -12432944.3225 8345890.8373, -12433101.4384 8345936.3396, -12433228.7914 8346039.1338, -12433306.5892 8346183.2469, -12433322.738 8346346.2849, -12433269.438 8346520.1514, -12433159.7837 8346661.1804, -12433104.0715 8346687.8705, -12432889.1865 8346720.0626, -12432730.6393 8346679.7796, -12432599.7669 8346581.0977, -12432470.9541 8346416.2583, -12432408.6627 8346679.514, -12432289.3933 8346854.1209, -12432206.3307 8347037.8137, -12432168.7325 8347179.6691, -12432151.2082 8347325.3882, -12432160.4491 8347526.847, -12432202.0404 8347705.4429, -12432273.9626 8347874.09459999, -12432385.4773 8348042.0203, -12432555.4822 8348208.593, -12432741.9783 8348324.7189, -12432966.3431 8348403.706, -12433224.9085 8348429.7883, -12433393.1491 8348478.50639999, -12433520.5496 8348581.3315, -12433607.0383 8348741.5306, -12433637.7516 8348884.3114, -12433702.646 8349052.9864, -12433777.261 8349319.8508, -12433853.7461 8349466.1333, -12433940.1944 8349584.6945, -12434084.1917 8349725.7265, -12434327.929 8349894.5903, -12434494.1066 8349971.6896, -12434603.0851 8350004.2147, -12434636.7316 8349740.7318, -12434623.3675 8349576.1371, -12434557.076 8349267.0119, -12434485.0883 8349098.3497, -12434317.3466 8348826.5949, -12434281.578 8348648.2216, -12434313.8581 8348487.553, -12434443.2771 8348296.1849, -12434489.7628 8348271.9814, -12434703.5052 8348232.636, -12434863.3398 8348267.6111, -12434997.2606 8348361.7472, -12435084.4572 8348500.4189, -12435130.7723 8348721.14019999, -12435208.3317 8348907.28809999, -12435579.9361 8349466.6363, -12435641.4429 8349814.5199, -12435725.36 8350037.4753, -12435834.0432 8350207.3257, -12435974.9912 8350354.9268, -12436090.8737 8350539.1656, -12436126.14 8350750.7929, -12436145.1983 8350995.047, -12436183.5399 8351136.7852, -12436241.2027 8351271.8009, -12436327.758 8351412.3917, -12436448.3254 8351550.529, -12436591.0119 8351665.5951, -12436751.4817 8351754.0913, -12436996.651 8351828.3938, -12437299.4997 8351831.7679, -12437244.5344 8351367.4932, -12437293.7944 8351185.1957, -12437360.552 8351048.0767, -12437409.6651 8350890.4052, -12437433.5489 8350726.9824, -12437429.8047 8350543.5526, -12437385.5032 8350297.29909999, -12437302.6144 8350093.5415, -12437142.6822 8349870.3445, -12436879.0318 8349643.4318, -12436847.4458 8349431.1069, -12436879.6741 8349270.4092, -12436971.398 8349134.6795, -12437108.3607 8349045.008, -12437383.1805 8348975.5857, -12437608.8932 8348854.4947, -12437810.5121 8348668.2995, -12437867.3687 8348579.2369, -12437964.9057 8348584.04599999, -12438023.6274 8348827.3202, -12438095.0512 8348976.13790001, -12438308.2511 8349316.1423, -12438350.8892 8349514.2393, -12438420.0207 8349684.10899999, -12438517.5531 8349839.3753, -12438678.4655 8350008.8329, -12438783.5394 8350171.0712, -12438891.0132 8350296.31229999, -12439046.8353 8350424.145, -12439224.1496 8350519.8434, -12439398.5222 8350575.971, -12439598.3007 8350601.6516, -12439781.1724 8350591.4456, -12439976.8662 8350543.69389999, -12440127.8481 8350477.3305, -12440323.0725 8350354.1807, -12440484.005 8350324.4261, -12440643.9141 8350359.2868, -12440777.9478 8350453.3461, -12440865.278 8350591.9906, -12440912.54 8350817.2914, -12440990.2673 8351003.4338, -12441113.7433 8351185.43729999, -12441264.8935 8351331.986, -12441354.7869 8351498.0768, -12441398.3778 8351633.8362, -12441476.9145 8351599.1919, -12441609.8117 8351572.7376, -12441641.8336 8351590.7831, -12441654.8974 8351660.2591, -12441971.4256 8351649.359, -12442294.4111 8351805.6303, -12442419.1973 8351692.2518, -12443386.8088 8352318.2062, -12443905.7827 8352448.6933, -12444044.0592 8352323.0028, -12443874.2517 8352215.6626, -12443797.1725 8351909.3693, -12443848.4459 8351713.1434, -12443748.293 8351659.9838, -12443853.9853 8351517.5612, -12443929.5619 8351370.7498, -12443984.6264 8351201.4695, -12444011.2103 8351038.4558, -12444012.0092 8350873.2871, -12443987.0048 8350710.0304, -12443936.8147 8350552.705, -12443862.6761 8350405.184, -12443742.2487 8350243.4653, -12443578.4523 8350096.8663, -12443354.0015 8349973.3564, -12443117.3425 8349909.4813, -12442991.001 8349777.3277, -12442931.4052 8349682.7752, -12442853.8065 8349309.7338, -12442774.3374 8349104.6422, -12442654.0423 8348920.5864, -12442497.2454 8348764.8676, -12442403.8309 8348605.1731, -12442303.8683 8348355.5902, -12442152.6262 8348148.6587, -12442001.3415 8348015.5611, -12441844.0629 8347921.6686, -12441655.2181 8347851.7132, -12441456.5199 8347819.1328, -12441301.6241 8347820.3402, -12441136.7695 8347778.6546, -12441005.9552 8347680.2497, -12440919.2783 8347532.0056, -12440873.7083 8347383.41920001, -12440551.7436 8347385.0589, -12440105.7865 8347211.4232, -12439965.0883 8347253.6856, -12439630.3015 8347438.4505, -12439415.4193 8347470.8366, -12439182.1814 8347410.3953, -12438981.4224 8347395.2201, -12438817.4244 8347411.56849999, -12438640.7374 8347459.5951, -12438459.2919 8347546.9919, -12438297.8225 8347667.4613, -12438162.2618 8347816.57989999, -12438054.1635 8347996.1268, -12438040.7536 8347826.6541, -12437995.9152 8347648.8425, -12437929.7333 8347497.6451, -12437829.5539 8347344.1487, -12437623.9676 8347145.1292, -12437541.3617 8347003.6995, -12437473.6924 8346630.5494, -12437410.1741 8346478.2348, -12437323.6541 8346337.7508, -12437216.2638 8346212.555, -12437105.4125 8346116.6053, -12436966.1803 8346028.3297, -12436832.1727 8345969.0342, -12436691.2329 8345928.9956, -12436491.1747 8345906.7447, -12436256.8227 8345847.3571, -12435998.1623 8345756.4666, -12435743.1405 8345734.8349, -12435508.1144 8345770.6836, -12435303.3909 8345850.0463, -12435119.6079 8345970.3085, -12434975.9891 8346112.542, -12434831.0404 8346200.6756, -12434669.2871 8346224.9476, -12434510.74 8346184.7056, -12434364.6259 8346074.5863, -12434236.3511 8345917.8974, -12434434.4974 8344961.731, -12434432.6318 8344796.7099, -12434378.4619 8344381.2586, -12434467.5408 8344040.6859, -12434485.5712 8343803.2899, -12434458.7861 8343603.5125, -12434382.8977 8343389.1184, -12434389.0799 8343354.0144, -12434045.8733 8343394.1058, -12433887.3905 8343353.8671), (-12419975.0822 8341516.1145, -12419949.6341 8341514.795, -12419946.9968 8341565.8306, -12419920.3674 8341593.8766, -12419865.9568 8341591.0548, -12419826.0531 8341551.1506, -12419816.4307 8341507.8868, -12419678.3035 8341460.7, -12419622.6643 8341377.7719, -12419569.0907 8341254.9317, -12419575.2842 8341135.1954, -12419600.5119 8341090.5854, -12419424.8782 8341089.1528, -12418963.4211 8341186.7473, -12418742.4151 8341274.0793, -12418532.9672 8341421.1327, -12418355.1441 8341629.8782, -12418249.2182 8341842.9196, -12418166.0149 8342162.9496, -12418238.6304 8342271.5952, -12418265.1266 8342367.5716, -12418173.8964 8342457.4168, -12418164.9044 8342497.4978, -12417840.779 8342445.5275, -12417745.553 8342405.4161, -12417796.6952 8342487.1709, -12417823.2136 8342648.7521, -12417793.9995 8342782.0347, -12417882.4501 8342854.2798, -12417853.1937 8342932.642, -12417766.5201 8342928.1222, -12417756.5199 8343072.0873, -12417767.9794 8343172.5337, -12418066.1253 8343275.7775, -12418088.1981 8343300.3148, -12418185.1947 8343337.3734, -12418360.7086 8343288.753, -12418426.6368 8343029.3886, -12418326.583 8342682.55659999, -12418311.3019 8342471.5397, -12418850.6043 8341938.4353, -12418889.774 8341907.7546, -12418978.7144 8341900.4964, -12419060.7514 8341957.1174, -12419121.7391 8342052.7705, -12419303.5197 8342438.8769, -12419530.4475 8342653.78809999, -12419653.549 8342709.489, -12420103.3022 8342859.1317, -12420349.3306 8343025.5329, -12420413.0878 8342919.7532, -12420436.7329 8342670.96149999, -12420508.5212 8342527.7295, -12420561.9493 8342352.1148, -12420601.9722 8341734.1896, -12420519.5103 8341494.0601, -12420497.7115 8341384.2987, -12420440.5201 8341400.1604, -12420395.4106 8341379.183, -12419975.0822 8341516.1145), (-12443939.7385 8346113.8063, -12444190.0475 8346332.6201, -12444326.2102 8346537.8426, -12444517.7462 8346714.5523, -12444422.7878 8346844.6339, -12444347.2687 8346991.36159999, -12444255.1728 8347331.2987, -12444315.9492 8347427.6849, -12444351.9686 8347642.3493, -12444329.3379 8347841.76479999, -12444336.4473 8348025.0304, -12444375.2194 8348204.2796, -12444436.2338 8348357.6622, -12444531.1585 8348514.5063, -12444651.8349 8348652.457, -12445082.4476 8348969.3614, -12445169.842 8349107.9275, -12445205.8937 8349322.6369, -12445191.1709 8349385.5691, -12445063.6335 8349561.8837, -12444800.3144 8349728.9934, -12444616.8146 8349907.9188, -12444489.7983 8350109.3899, -12444415.4868 8350316.4451, -12444385.2764 8350571.1937, -12444422.1504 8350843.472, -12444444.3548 8350900.7398, -12444574.0892 8350827.3582, -12444640.5259 8350814.1046, -12444771.8094 8350820.4721, -12444819.47 8350806.3063, -12444942.9431 8350552.3783, -12445482.073 8350262.8633, -12446000.9426 8350393.1647, -12446367.6973 8350410.8797, -12446582.319 8350316.0299, -12446170.7542 8350138.3524, -12445923.9642 8349810.8198, -12445941.6575 8349443.4829, -12446383.471 8348991.4603, -12446830.2718 8348434.4995, -12446902.8131 8348017.2868, -12447673.3845 8348369.9178, -12448290.4476 8348352.0885, -12448498.2805 8347499.0311, -12448275.9506 8346774.8678, -12447943.2096 8347120.8474, -12447474.3872 8347045.7227, -12447225.1225 8346770.828, -12447235.1907 8346561.0025, -12447188.8068 8346416.3231, -12444282.3024 8346021.4432, -12443939.7385 8346113.8063), (-12449013.9455 8347711.2387, -12448949.5842 8347994.12389999, -12449005.4398 8347960.57, -12449227.4675 8347708.2774, -12449698.8523 8347730.83309999, -12449811.1025 8347578.4476, -12450082.9679 8347381.1075, -12449781.2215 8347103.7833, -12449397.6298 8347055.6989, -12449481.5865 8347230.2206, -12449486.674 8347310.201, -12449459.7748 8347385.6792, -12449344.6359 8347515.6249, -12449144.0377 8347668.258, -12449013.9455 8347711.2387), (-12486368.3493 8343846.0311, -12486405.7875 8343829.2418, -12486530.0049 8343715.0107, -12486679.9806 8343427.1625, -12486755.6334 8343375.2249, -12486848.438 8343351.6067, -12486921.7429 8343354.7405, -12486975.1579 8343393.8055, -12487094.0633 8343619.5829, -12487092.5001 8343656.2994, -12487134.0193 8343759.2284, -12487194.258 8343853.762, -12487229.0299 8343882.0899, -12487888.5526 8343404.7075, -12488146.3874 8343028.0786, -12488106.1131 8342917.9228, -12488063.0267 8342851.7239, -12487997.9085 8342655.86110001, -12488002.5838 8342545.7259, -12488034.3983 8342444.9332, -12488109.8625 8342389.1177, -12488201.3551 8342278.4406, -12488293.1857 8342232.4872, -12488610.8153 8342167.6012, -12488733.8026 8342182.051, -12489348.0959 8342641.0191, -12489457.1456 8342772.8442, -12489779.4296 8342851.7347, -12489877.507 8342778.898, -12490015.6853 8342776.3455, -12490082.8637 8342884.2317, -12490149.39 8342895.4451, -12490185.9911 8342926.4248, -12490221.2708 8342933.8594, -12490469.1928 8342304.1298, -12490427.007 8342285.1257, -12490289.2084 8342270.89239999, -12490236.4529 8342239.5138, -12490255.6859 8342168.5982, -12490155.2515 8342111.7407, -12490076.8809 8341987.322, -12489976.0467 8341891.1181, -12489888.1347 8341953.0731, -12489775.8286 8341974.5935, -12489612.8379 8342105.59309999, -12489573.2513 8342110.3237, -12489497.9653 8342035.0346, -12489464.2444 8341902.2721, -12489489.3113 8341778.349, -12489557.9088 8341702.7165, -12489743.8804 8341644.8955, -12489902.3118 8341618.7614, -12489903.9697 8341579.4317, -12489785.5692 8341436.694, -12489774.8498 8341376.9703, -12489744.068 8341329.7033, -12489606.8705 8341330.5062, -12489588.2807 8341297.0752, -12489610.3912 8341238.59, -12489739.0044 8341139.0658, -12489740.3842 8341106.2923, -12489694.8605 8341097.8006, -12489614.1244 8341146.9012, -12489501.2927 8341181.492, -12489331.7547 8341167.76879999, -12489274.7029 8341112.8199, -12489139.2793 8341044.4279, -12489264.0412 8340744.6816, -12489294.9246 8340634.3524, -12489195.0625 8340518.6257, -12489191.1782 8340452.6881, -12489155.4897 8340365.7858, -12489029.1062 8340255.4113, -12488893.4609 8340224.7332, -12488852.9331 8340081.35540001, -12488885.6741 8339927.6233, -12488880.4127 8339743.5939, -12489019.3123 8339559.0651, -12489173.306 8339480.2992, -12489351.0247 8339448.5778, -12489417.1879 8339602.2336, -12489473.8135 8339650.4958, -12489431.2779 8339734.1283, -12489481.4003 8339788.7729, -12489599.1586 8339793.7634, -12489765.1997 8339741.7151, -12489814.3248 8339665.0238, -12489862.1546 8339627.6659, -12490031.713 8339641.4363, -12490089.6754 8339663.5856, -12490196.4315 8339773.0934, -12490273.5307 8339809.1677, -12490391.5922 8339807.6043, -12490426.7866 8339750.0079, -12490390.3081 8339682.8121, -12490380.1293 8339617.002, -12490433.4099 8339592.7308, -12490488.2291 8339535.9623, -12490457.4488 8339488.7114, -12490361.5395 8339432.1292, -12490318.1163 8339377.975, -12490328.1353 8339293.2813, -12490419.9336 8339290.1969, -12490549.6465 8339321.9246, -12490615.3609 8339318.1366, -12490663.5232 8339267.6292, -12490775.8283 8339246.2369, -12490852.3547 8339289.3459, -12490829.0312 8339379.6739, -12490778.8399 8339482.56830001, -12490775.7515 8339554.5582, -12490701.0827 8339617.1682, -12490685.5167 8339675.5945, -12490760.939 8339751.0211, -12490771.2357 8339816.5551, -12490722.7654 8339880.6792, -12490730.3312 8340012.2781, -12490876.5696 8340117.1013, -12490873.3717 8340195.6002, -12490896.5012 8340268.8547, -12490892.3773 8340367.1024, -12490935.6997 8340428.0203, -12491021.0284 8340425.0528, -12491193.1327 8340228.7833, -12491228.2106 8340020.2402, -12491416.2519 8339909.9269, -12491439.7281 8339819.0063, -12491416.9462 8339581.7989, -12491453.4792 8339491.3426, -12491279.6719 8339528.9935, -12491196.5542 8339508.59179999, -12491122.4801 8339375.2713, -12491120.6125 8339219.9959, -12491144.0193 8339161.9944, -12491137.0554 8339128.0905, -12491087.4411 8339109.0307, -12491041.3342 8339010.6234, -12490944.2156 8338926.6961, -12490882.3338 8338802.2636, -12490670.991 8338642.1083, -12490548.97 8338645.134, -12490484.7568 8338588.1293, -12490495.2135 8338533.86159999, -12490456.1748 8338464.9987, -12490406.1107 8338454.344, -12490249.1517 8338305.1047, -12490230.755 8338241.2318, -12490149.8684 8338170.3329, -12490181.9765 8337806.5086, -12490145.894 8337767.1803, -12489990.8412 8337764.8202, -12489946.1146 8337821.8069, -12489699.036 8337823.8696, -12489609.5934 8337849.2379, -12489545.2866 8337792.1805, -12489539.4718 8337728.8962, -12489423.7661 8337690.4068, -12489277.5021 8337574.7443, -12489246.9749 8337506.4809, -12489241.674 8337443.1308, -12489300.9118 8337420.6242, -12489425.7439 8337442.6606, -12489472.6979 8337423.6492, -12489449.8861 8337368.0802, -12489343.5404 8337304.7685, -12489270.0786 8337356.2482, -12489197.6205 8337382.5748, -12489059.6629 8337376.7294, -12488939.2434 8337346.4168, -12488723.4095 8337396.0247, -12488597.7278 8337390.7129, -12488496.2095 8337411.5581, -12488351.8354 8337359.2931, -12488292.7908 8337264.3377, -12488218.4093 8337240.1813, -12488161.6668 8337191.4116, -12488139.6897 8337119.1463, -12488176.3228 8337041.3315, -12488252.3423 8337031.6094, -12488308.7739 8336987.7989, -12488414.4523 8336958.81539999, -12488496.1857 8337016.7857, -12488648.2554 8336989.6458, -12488524.8321 8336934.002, -12488375.3961 8336898.2456, -12488266.0452 8336906.1938, -12488091.8987 8336957.49859999, -12487952.6875 8336880.2447, -12487839.4085 8336783.0301, -12487724.1594 8336731.9133, -12487466.3722 8336678.793, -12487438.4743 8336648.2421, -12487437.6331 8336568.5045, -12487397.656 8336424.0089, -12487240.3887 8336278.7452, -12487205.8872 8336206.1123, -12487289.3104 8336112.8172, -12487341.1276 8336077.227, -12487343.2625 8336026.9244, -12487275.4177 8336045.0152, -12487145.5111 8336043.68029999, -12486994.7625 8336138.0313, -12486953.1738 8336228.6449, -12486921.8755 8336374.0498, -12486844.381 8336417.1707, -12486765.028 8336413.7371, -12486700.191 8336360.621, -12486609.2017 8336331.5168, -12486519.8277 8336264.7215, -12486342.8004 8336189.9645, -12486259.7049 8336072.9794, -12486262.739 8335905.2078, -12486357.2053 8335850.4117, -12486433.2388 8335836.85409999, -12486523.3861 8335786.1607, -12486569.8282 8335779.7076, -12486751.474 8335648.8978, -12486762.5195 8335586.3812, -12486745.1704 8335501.6549, -12486680.1561 8335452.6275, -12486621.346 8335357.788, -12486264.3118 8335376.1015, -12486098.1491 8335339.5928, -12485997.3443 8335343.6608, -12485910.3461 8335323.1752, -12485844.8808 8335282.3482, -12485842.2057 8335148.0579, -12485698.4217 8335175.4937, -12485555.868 8335177.7642, -12485456.3898 8335160.9501, -12485380.46 8335065.2652, -12485281.3087 8335083.8604, -12485159.9509 8335165.2345, -12485026.7552 8335340.4634, -12484931.4461 8335367.7804, -12484838.27 8335151.4217, -12484786.3435 8335078.2307, -12484694.1688 8334846.0471, -12484562.8534 8334793.167, -12484389.5655 8334801.4419, -12484105.6271 8335009.5903, -12484001.6593 8335052.3472, -12483782.1133 8335077.3181, -12483606.6626 8334984.4191, -12483354.3934 8334795.765, -12483238.3943 8334677.7552, -12483302.1194 8334502.596, -12483300.0646 8334368.6123, -12483384.9054 8334222.7434, -12483400.8693 8334034.5273, -12483518.0399 8333685.3835, -12483522.1059 8333591.0687, -12483419.3981 8333421.2499, -12483394.7852 8333262.839, -12483136.4447 8333243.7957, -12483098.076 8333218.5309, -12482948.0685 8333235.6588, -12482702.1655 8333468.9776, -12482247.437 8333464.0168, -12482103.7047 8333281.0499, -12482137.4822 8333082.4467, -12482136.4284 8332925.01, -12482022.8415 8332825.5654, -12481958.1872 8332689.2643, -12482010.5409 8332565.371, -12482031.6593 8332440.3512, -12481914.7113 8332419.5329, -12481721.8376 8332340.3741, -12481653.1731 8332290.128, -12481552.5921 8332254.2699, -12481415.2552 8332161.7706, -12481276.7313 8331911.7378, -12481205.5171 8331743.4998, -12481181.5901 8331569.2092, -12480913.0633 8331604.7257, -12480788.4373 8331583.5942, -12480699.8477 8331445.9154, -12480542.658 8331326.3526, -12480550.3436 8331268.8684, -12480802.9514 8331277.0023, -12480902.0144 8331192.6074, -12480969.329 8331038.8273, -12481106.6955 8330886.7983, -12481129.3161 8330762.3124, -12481104.5228 8330695.2167, -12480695.5193 8330664.604, -12480650.9839 8330679.01569999, -12480597.3284 8330744.5141, -12480570.3444 8330838.6465, -12480438.983 8330927.6515, -12480313.5035 8330953.8955, -12480281.9623 8330947.5425, -12480080.715 8330752.0348, -12480003.0908 8330722.788, -12479951.4305 8330726.5095, -12479859.0343 8330781.59229999, -12479783.6943 8330867.8357, -12479771.0346 8330936.7991, -12479793.9406 8331013.0961, -12479634.56 8331168.80789999, -12479610.9147 8331259.7412, -12479464.3157 8331338.7075, -12479358.9027 8331305.9462, -12479342.4605 8331245.4187, -12479254.9327 8331162.8979, -12479220.5715 8331158.2451, -12479205.0127 8331226.8123, -12479247.7746 8331326.2723, -12479245.9095 8331369.8386, -12479199.8151 8331412.3713, -12479051.3607 8331437.2707, -12478932.5906 8331425.7928, -12478788.6686 8331334.4867, -12478676.1509 8331319.9907, -12478619.8504 8331242.04999999, -12478518.7444 8331042.336, -12478553.6702 8330959.1253, -12478619.295 8330895.8332, -12478644.7808 8330815.2665, -12478674.1399 8330791.2229, -12478683.428 8330722.3807, -12478610.0248 8330678.2792, -12478580.5109 8330632.8918, -12478443.2362 8330614.2795, -12478413.0849 8330588.004, -12478405.5126 8330540.1515, -12478423.2052 8330493.8002, -12478373.331 8330412.9291, -12478166.6441 8330397.5606, -12478046.9159 8330404.8926, -12477915.8584 8330528.1547, -12477874.8229 8330604.8415, -12477802.6832 8330611.2706, -12477665.129 8330444.9498, -12477652.7969 8330365.458, -12477684.86 8330275.9862, -12477772.3886 8330216.5782, -12477815.6323 8330161.8284, -12477808.9675 8330098.5683, -12477729.4158 8329978.6418, -12477709.9223 8329921.1386, -12477675.2991 8329922.7677, -12477672.7713 8329979.2875, -12477642.826 8330015.7028, -12477592.5955 8330016.5975, -12477544.2991 8329973.6241, -12477501.3829 8329804.7953, -12477501.2899 8329735.8115, -12477521.8806 8329695.7214, -12477467.7117 8329570.6569, -12477441.5614 8329449.8923, -12477361.0353 8329351.9107, -12477270.2581 8329203.2201, -12477291.7688 8329068.7982, -12477215.3318 8328948.9839, -12476981.5376 8328693.1701, -12476909.0421 8328413.1684, -12476831.4429 8328249.29649999, -12476784.0308 8328184.2589, -12476710.1579 8328149.5619, -12476689.4319 8328192.6727, -12476731.3441 8328307.695, -12476688.3464 8328356.3345, -12476573.8675 8328392.0867, -12476417.144 8328381.9403, -12476338.2041 8328321.8546, -12476267.9414 8328208.8592, -12476231.6771 8328030.8811, -12476163.7221 8327933.4894, -12475837.2538 8327717.7702, -12475726.2872 8327596.382, -12475680.0973 8327575.46149999, -12475576.3975 8327570.6692, -12475470.9739 8327474.9799, -12475392.2796 8327336.20099999, -12475338.8538 8327336.9812, -12475292.1932 8327397.8283, -12475204.5709 8327463.1112, -12475087.3278 8327486.2775, -12474594.7646 8327473.8797, -12474363.1824 8327450.8487, -12474243.2831 8327326.1722, -12474180.4016 8327184.6593, -12474182.9329 8327134.3953, -12474351.9565 8326997.54, -12474403.1222 8326977.7337, -12474499.314 8326862.42010001, -12474521.1589 8326794.2215, -12474473.6504 8326732.3421, -12474415.9411 8326688.8553, -12474385.1792 8326602.5797, -12474227.7699 8326469.748, -12474159.4459 8326381.8001, -12474089.3583 8326334.6617, -12474045.3396 8326263.4709, -12473886.9558 8326184.14949999, -12473886.0358 8326214.425, -12473943.911 8326295.9913, -12473972.8129 8326390.5981, -12473966.3022 8326486.1033, -12473931.6785 8326465.722, -12473928.2493 8326543.0608, -12473898.304 8326604.539, -12473850.4565 8326648.6418, -12473752.6321 8326675.1318, -12473695.5449 8326657.40429999, -12473645.5617 8326619.9783, -12473610.0093 8326564.99, -12473557.6561 8326437.09709999, -12473533.156 8326300.3085, -12473536.5321 8326234.2037, -12473566.4875 8326174.8875, -12473631.1863 8326137.2768, -12473715.5233 8326128.4777, -12473806.998 8326154.9091, -12473816.2684 8326118.0201, -12473803.221 8326060.6177, -12473870.9329 8325947.4478, -12473782.1437 8325490.4275, -12473709.1508 8325366.6219, -12473615.1244 8325126.5347, -12473529.8217 8325044.1093, -12473412.8226 8325036.2232, -12473448.0294 8325178.6122, -12473413.2968 8325311.5014, -12473411.1631 8325523.5633, -12472777.3851 8325257.644, -12472781.7477 8325157.4029, -12472824.0668 8325028.4434, -12472867.7173 8324978.4807, -12472924.0065 8325017.1063, -12473012.7881 8325021.0658, -12473156.5867 8324964.5772, -12473140.5762 8324853.7862, -12473043.9679 8324791.8454, -12473007.303 8324740.4097, -12472640.0499 8324715.6334, -12472525.8507 8324739.8682, -12472393.1626 8324712.9828, -12472286.9583 8324653.7349, -12472012.6401 8325008.6265, -12472143.1951 8325972.8256, -12471524.4548 8327269.5709, -12471096.5482 8328775.44929999, -12469731.0896 8328834.9196, -12468673.8449 8329325.9049, -12467836.629 8330407.8089, -12470133.7027 8330580.1528, -12470048.4683 8334271.2341, -12469823.1163 8334823.798, -12470664.3175 8335745.6975, -12471307.2859 8336618.4927, -12471750.2495 8337482.4849, -12472014.4791 8337856.0925, -12472205.7859 8338065.6469, -12472569.8396 8338001.5157, -12473226.744 8337669.0691, -12474675.4033 8337572.9678, -12474781.5049 8337899.0318, -12474927.5116 8338227.0863, -12475228.4384 8338682.6612, -12475440.4261 8339335.2706, -12475574.1146 8339944.376, -12475576.7743 8340724.159, -12476607.2218 8340732.8366, -12477336.6211 8340453.7086, -12477419.599 8339981.1667, -12478201.7069 8339326.4828, -12479211.3189 8338714.4562, -12480011.8752 8339143.1306, -12480355.6306 8339662.6408, -12480565.6596 8339619.7002, -12481310.2739 8339735.5574, -12481611.6875 8339278.514, -12481954.3001 8338932.4535, -12483099.1265 8338982.0177, -12484246.7705 8339720.7813, -12484488.2192 8340519.8118, -12485069.7967 8340359.15119999, -12485937.7221 8341642.3083, -12485850.416 8343690.1645, -12485866.0426 8343687.42279999, -12485895.7621 8343733.8188, -12485967.1092 8343782.8583, -12486048.013 8343823.1111, -12486238.8822 8343868.0745, -12486293.8644 8343870.4296, -12486368.3493 8343846.0311), (-12438969.1969 8336386.3723, -12438851.9484 8333440.1166, -12439970.1072 8333075.2384, -12439914.2542 8332075.3868, -12440417.8641 8331417.9488, -12440942.9893 8331391.2138, -12441505.0666 8331681.0784, -12442164.0739 8332133.0668, -12442505.6303 8331572.5186, -12441948.615 8331178.0444, -12441067.9304 8330977.5771, -12440103.2696 8330353.1659, -12439692.9711 8330175.6258, -12439212.4904 8330361.8525, -12438394.5357 8329954.3217, -12437310.309 8329638.4714, -12436410.818 8330799.1634, -12436100.9705 8331738.6232, -12436129.1452 8331899.5507, -12436113.0065 8332093.6611, -12436129.4494 8332275.93, -12436177.2406 8332452.5736, -12436245.8763 8332602.3004, -12436325.8738 8332724.9236, -12436421.2394 8332834.2967, -12436529.6523 8333006.6229, -12436597.488 8333392.1546, -12436681.2561 8333614.6034, -12436812.8383 8333812.4784, -12436998.4712 8333990.0255, -12437114.13 8334173.8383, -12437181.6373 8334557.2164, -12437265.4358 8334779.694, -12437421.148 8335005.1859, -12437651.9988 8335207.8832, -12437729.7731 8335351.7389, -12437744.3776 8335498.2546, -12437881.3033 8335421.0101, -12438043.5251 8335402.0612, -12438200.4522 8335447.3874, -12438369.4813 8335583.621, -12438493.9343 8335757.1189, -12438655.0423 8335922.0564, -12438902.6623 8336354.3201, -12438959.1402 8336417.8518, -12438969.1969 8336386.3723), (-12492424.9842 8324242.797, -12492482.2314 8323655.6178, -12492429.2539 8323358.6222, -12492804.6676 8322981.3518, -12493230.3195 8322966.4271, -12493502.3169 8322715.8091, -12493649.1994 8322328.9722, -12494137.3638 8322382.104, -12494380.7491 8322032.0427, -12494737.0075 8322112.3787, -12495091.9193 8322225.3887, -12495483.5366 8322241.6676, -12495502.4793 8321784.0161, -12495651.9024 8321331.9341, -12495967.4429 8321606.85, -12496224.4495 8321715.7363, -12496512.4783 8321072.8111, -12496803.1504 8320364.5642, -12496765.8278 8320218.2674, -12496687.9889 8320121.9395, -12496839.9993 8319653.9883, -12497175.2539 8319402.4516, -12497300.9886 8319051.7843, -12497312.9225 8318533.5148, -12497788.6645 8318308.8042, -12498281.2634 8318485.9777, -12498753.8883 8318219.1153, -12498706.046 8317791.6918, -12498977.6655 8317541.0406, -12499604.0169 8317403.1047, -12499847.6065 8317838.5153, -12499948.759 8318562.6771, -12499828.2383 8319114.171, -12499523.9654 8319363.5692, -12499647.7868 8319532.312, -12500011.9779 8319416.2885, -12500411.442 8319236.2249, -12500596.5387 8319505.653, -12500613.8266 8319080.8304, -12500929.4194 8319355.5729, -12501326.2055 8319240.8176, -12501321.4418 8318553.2698, -12501013.8342 8318082.5308, -12500861.3737 8317814.4956, -12500480.618 8317537.1436, -12500501.8952 8317014.4274, -12500071.272 8317160.4405, -12500113.2056 8316933.094, -12499493.5736 8316907.72370001, -12498987.8187 8316494.3174, -12498768.9085 8316256.2849, -12498595.9994 8315692.9631, -12498151.5675 8315380.2314, -12498168.0968 8315773.5143, -12498016.2237 8316290.7636, -12497433.2929 8316168.573, -12496956.2762 8315854.40339999, -12496381.4837 8315536.1676, -12496382.5657 8314718.33429999, -12496534.5189 8314201.22959999, -12496144.4326 8313367.34669999, -12495897.1587 8313030.0306, -12495690.5989 8312498.186, -12495348.3053 8312091.5418, -12495063.1107 8311883.4808, -12494936.2019 8312361.0605, -12494924.4153 8312362.7454, -12494899.0445 8312531.0107, -12494829.4311 8312657.1068, -12494797.3073 8312766.3367, -12494631.9763 8312986.4101, -12494489.7123 8313092.2865, -12494422.8099 8313122.3824, -12494270.978 8313142.361, -12494015.9194 8313118.5708, -12493938.0914 8313095.5934, -12493721.1957 8312961.9662, -12493469.5532 8312613.3636, -12493399.0559 8312881.6977, -12493760.0914 8313526.1539, -12493821.8727 8313801.0504, -12493940.5535 8313825.7361, -12494238.2445 8313930.2358, -12494328.1009 8313980.0233, -12494425.7293 8314065.7216, -12494411.0551 8314124.2517, -12494429.8748 8314479.8637, -12494274.0242 8315444.51829999, -12493804.6759 8316165.9123, -12493896.1695 8317206.7429, -12493686.2741 8317942.0461, -12493437.9966 8318367.8821, -12493065.0283 8318711.5313, -12491938.7416 8318689.9568, -12491486.2101 8318565.1117, -12491110.4903 8318731.06, -12490951.6956 8319013.7631, -12490845.1989 8319058.9607, -12490687.9535 8319071.4463, -12490447.69 8319422.7068, -12490362.0399 8320240.3921, -12490367.5153 8320510.7008, -12490536.8693 8320566.4431, -12490616.7747 8320621.4835, -12490676.4147 8320870.11259999, -12490660.7678 8320947.4366, -12490616.1969 8321012.4854, -12490393.1472 8321159.6984, -12490478.5682 8321734.1538, -12490747.0573 8322053.5581, -12491215.9512 8322484.1085, -12491529.2255 8322959.4582, -12491303.8632 8324054.1379, -12491442.6837 8325053.21109999, -12491680.803 8324833.9181, -12492009.996 8324782.2409, -12492424.9842 8324242.797), (-12497681.3213 8302028.9674, -12497179.49 8294393.8264, -12493778.3776 8294707.1797, -12493704.2094 8294644.5067, -12493439.3233 8294331.1483, -12493290.9872 8294226.6987, -12493068.4839 8294184.9185, -12492824.7902 8294164.0284, -12492464.5475 8294205.807, -12492252.6418 8294540.0494, -12492379.7888 8294916.091, -12492273.8361 8295125.0107, -12492305.6229 8295229.4731, -12492305.6236 8295333.9369, -12492157.2894 8295521.9751, -12491977.1698 8295793.5943, -12491850.0258 8295918.96, -12491722.8818 8296002.5385, -12491500.379 8296044.3276, -12491330.8547 8296315.966, -12491256.688 8296483.1331, -12491182.5209 8296587.6143, -12491002.4005 8296733.8907, -12490769.3029 8296838.375, -12490769.3029 8296901.0664, -12490832.8765 8297110.04299999, -12490928.2357 8297235.4316, -12490991.8089 8297360.8224, -12490938.8333 8297569.8115, -12490822.2849 8297737.007, -12490843.4766 8297841.5063, -12490928.2403 8297966.9074, -12491076.5756 8297987.808, -12491246.1015 8297987.8084, -12491532.1763 8297883.3076, -12491797.0606 8297862.4082, -12492051.3494 8297799.7085, -12492231.4709 8297841.5089, -12492612.9036 8297695.2112, -12492973.1465 8297716.1115, -12493089.696 8297757.9113, -12493291.0089 8297883.311, -12493524.1092 8298217.7208, -12494032.6902 8298677.559, -12494212.8116 8298698.4617, -12494318.766 8298761.1694, -12494498.8884 8298928.3921, -12494710.798 8299283.7527, -12494816.7521 8299367.3698, -12495081.637 8299450.9878, -12495166.401 8299618.2261, -12495282.9507 8299722.7519, -12495388.9045 8299701.8468, -12495494.8596 8299910.9022, -12495611.409 8299994.5263, -12495738.5535 8300015.4327, -12495897.4851 8300224.4971, -12495950.4638 8300559.0119, -12495982.2503 8300642.6431, -12496014.0383 8300977.1766, -12496056.4204 8301081.7217, -12496151.7793 8301165.3588, -12496225.9475 8301269.9066, -12496300.1157 8301437.1857, -12496321.3081 8301709.0225, -12496247.1413 8301876.3116, -12496268.3333 8302064.5165, -12496109.4031 8302106.34, -12496035.236 8302148.164, -12495833.9255 8302378.2011, -12495643.2098 8302482.7654, -12495484.2795 8302524.5912, -12495325.3493 8302608.2443, -12495113.442 8302670.9846, -12494996.8942 8302880.1235, -12494901.5363 8302963.7805, -12494827.3699 8303152.0129, -12494657.8447 8303298.4188, -12494615.4637 8303382.0808, -12494954.5176 8303716.7391, -12495039.2799 8303653.9897, -12495134.6379 8303549.4088, -12495251.1867 8303465.7448, -12495473.6885 8303340.2512, -12495791.5499 8303382.0829, -12495876.3124 8303319.3365, -12495982.2656 8303277.5056, -12496077.624 8303277.5058, -12496120.0049 8303172.9301, -12496194.1721 8303152.0152, -12496289.5301 8303089.2705, -12496363.6969 8303005.6119, -12496543.8165 8302712.8142, -12496596.7927 8302650.0733, -12496670.9608 8302712.8142, -12496755.7234 8302670.9871, -12496872.2725 8302712.8148, -12496946.4404 8302775.5563, -12497094.7774 8303110.1869, -12497147.7543 8303152.0164, -12497158.3511 8303361.1694, -12497190.1374 8303423.9163, -12497232.5188 8303444.8322, -12497253.7112 8303737.6593, -12497232.5211 8303821.3264, -12497232.5217 8303904.9944, -12497349.0725 8304281.5122, -12497391.4557 8304553.4536, -12497518.6009 8304699.8877, -12497550.3875 8304804.4852, -12497571.5793 8305013.6849, -12497624.5564 8305055.5253, -12497656.3436 8305222.8903, -12497719.9157 8305243.8112, -12497804.6803 8305515.788, -12497910.6339 8305515.7882, -12497681.3213 8302028.9674), (-12403652.5201 8313697.7855, -12403657.3384 8313680.2579, -12403643.5113 8313700.5253, -12403610.7353 8313860.2982, -12403621.885 8313917.6942, -12403652.5201 8313697.7855))"
75,21200,1795,2023-10-15 06:33:14,HWF159, ,12062.1,2023-10-10,1716,0 - hand sketch of any type,Wildfire,Being Held,2023/10/10 17:20:00,E,12059.99,1695140340000,Lightning,5,9f55d2e0-eef3-40ed-b59b-ab268c8943ba,473498809.4375,139971.917913877,"POLYGON ((-13323393.7303 8325113.80879999, -13323572.355 8325121.2145, -13323744.8903 8325185.6415, -13323893.9387 8325302.7092, -13324010.8547 8325458.73759999, -13324094.5506 8325640.3674, -13324178.1482 8325930.64729999, -13324270.038 8326517.3577, -13324338.7411 8326798.1301, -13324465.4811 8327052.77, -13324589.4998 8327195.1539, -13324663.2399 8327254.1276, -13324743.8708 8327304.2249, -13324923.1231 8327373.8553, -13325119.2112 8327400.1563, -13325220.3081 8327396.6923, -13325422.9124 8327361.7373, -13326008.4878 8327181.2605, -13326107.5617 8327168.2039, -13326302.9186 8327180.8392, -13326487.8715 8327245.4797, -13326646.8245 8327363.5963, -13326765.6801 8327529.5052, -13326839.7976 8327728.3761, -13326877.3322 8327944.5532, -13326892.9719 8328166.7677, -13326914.6723 8329637.40030001, -13326955.2074 8329980.8275, -13327008.0494 8330207.742, -13327123.8847 8330539.766, -13327282.4525 8330853.74800001, -13327410.2726 8331047.76169999, -13327755.0824 8331499.1329, -13327924.227 8331782.683, -13328034.8553 8332088.6625, -13328070.0395 8332408.5913, -13328051.2229 8332622.724, -13327964.9918 8333155.615, -13327943.7818 8333916.3872, -13327877.1341 8334234.7155, -13327776.5363 8334541.3275, -13327646.6659 8334832.0076, -13327492.6485 8335105.6252, -13327262.1188 8335440.7672, -13326775.6623 8336036.2177, -13326641.3625 8336278.1907, -13326581.44 8336450.295, -13326548.625 8336722.06449999, -13326570.7525 8336905.7234, -13326631.5079 8337084.0472, -13326732.8639 8337248.1547, -13326870.8564 8337389.2687, -13327037.858 8337501.35859999, -13327317.2382 8337620.8803, -13327610.5757 8337695.7182, -13327907.5562 8337725.8524, -13328104.3297 8337715.2109, -13328297.0178 8337675.5554, -13328483.3389 8337608.0411, -13328740.5473 8337456.7263, -13328949.2043 8337242.1406, -13329098.2316 8336980.37, -13329443.4992 8336156.3835, -13329621.1676 8335809.7391, -13329855.3528 8335497.8627, -13330072.0216 8335300.8644, -13330318.0472 8335141.39769999, -13330493.0074 8335055.4479, -13330768.1532 8334959.0077, -13330959.6473 8334920.971, -13331157.8052 8334911.1738, -13331358.776 8334923.7211, -13331757.0247 8334970.6937, -13332050.5708 8335025.5678, -13332336.1238 8335125.1241, -13332605.2562 8335270.1184, -13332942.0849 8335505.3467, -13333176.47 8335709.0838, -13333524.2628 8336089.8792, -13334058.5841 8336863.5789, -13334319.5829 8337190.0847, -13334918.8672 8337769.595, -13335310.8366 8338107.8059, -13335635.9125 8338356.5313, -13335992.2687 8338559.6306, -13336281.4239 8338665.6439, -13336682.9458 8338748.9596, -13337276.1515 8338825.0543, -13337566.8469 8338893.5449, -13337838.5053 8339007.42859999, -13338083.2734 8339167.425, -13338293.613 8339374.958, -13338532.1921 8339683.9054, -13338631.571 8339852.0033, -13338987.2573 8340554.4229, -13339199.5285 8340884.2038, -13339401.1883 8341096.2083, -13339646.4899 8341257.266, -13339827.0909 8341331.5896, -13340016.16 8341381.3558, -13340210.5222 8341408.4721, -13340506.2328 8341407.446, -13340797.4386 8341353.4194, -13341718.8135 8341029.0074, -13342271.492 8340892.0007, -13342539.8034 8340853.222, -13342708.8988 8340847.2175, -13342872.444 8340876.02399999, -13343014.4095 8340944.9756, -13343125.2145 8341064.3044, -13343164.2037 8341139.6331, -13343189.7673 8341222.8085, -13343201.9341 8341404.8994, -13343143.2679 8342092.4537, -13343004.4375 8342679.3603, -13342883.8989 8342955.5069, -13342714.8913 8343206.3089, -13342427.0332 8343489.3471, -13341961.3447 8343862.2497, -13341772.174 8344081.9924, -13341677.2899 8344249.08789999, -13341591.7721 8344523.6184, -13341576.8833 8344713.1154, -13341596.0823 8344902.1467, -13341683.8566 8345173.3938, -13341834.117 8345417.7426, -13342045.058 8345615.4453, -13342456.2163 8345872.4697, -13342678.2862 8346051.9615, -13342855.9695 8346276.4635, -13342939.1215 8346447.5191, -13342989.4532 8346631.2471, -13343010.8211 8346915.9167, -13342980.3975 8347193.8752, -13342862.9386 8347724.387, -13342867.821 8347901.0427, -13342927.2442 8348072.7068, -13343046.0825 8348222.2316, -13343212.3278 8348337.1052, -13343406.1765 8348413.8315, -13343906.7183 8348558.2128, -13344094.6428 8348642.61259999, -13344265.9798 8348754.709, -13344415.1827 8348895.3957, -13344536.5483 8349061.7492, -13344627.3783 8349249.3683, -13344708.1982 8349555.8279, -13344743.4081 8349875.2917, -13344765.7124 8350406.3835, -13344751.1836 8350720.5807, -13344700.2476 8351026.2106, -13344601.149 8351312.6288, -13344498.8426 8351483.7139, -13344364.5112 8351631.1879, -13344203.5728 8351749.5279, -13343923.5746 8351874.2652, -13343624.0214 8351958.9779, -13341775.5298 8352312.3533, -13341161.5445 8352443.4551, -13340146.8643 8352696.299, -13339355.3527 8352937.6445, -13338978.1853 8353110.2, -13338628.098 8353344.801, -13338389.2284 8353559.4018, -13337724.3168 8354253.7882, -13337325.7277 8354607.22559999, -13336893.1996 8354917.863, -13336617.1257 8355078.2315, -13336426.0538 8355169.8163, -13335928.0364 8355343.9313, -13335213.9767 8355508.1122, -13334696.6919 8355583.1695, -13333871.4896 8355660.2531, -13333465.9176 8355725.4292, -13332973.1726 8355863.34839999, -13332596.3009 8356026.04510001, -13332331.7717 8356184.5462, -13332086.0845 8356373.8618, -13331865.4339 8356593.4329, -13331674.2314 8356839.3095, -13331448.7704 8357188.2573, -13331298.0202 8357463.5992, -13330714.0893 8358678.4105, -13330551.7061 8358932.0742, -13330422.9948 8359081.9924, -13330190.9261 8359268.8711, -13329588.7099 8359619.0336, -13329235.1511 8359771.4241, -13328963.2247 8359836.0721, -13328784.4059 8359839.7496, -13328698.637 8359826.71679999, -13328540.7618 8359765.382, -13328472.6254 8359716.20449999, -13328365.8155 8359589.30309999, -13328308.68 8359435.1368, -13328301.231 8359353.4876, -13328330.9955 8359191.6471, -13328416.8429 8359046.8248, -13328478.408 8358985.1937, -13328550.7572 8358931.6526, -13328716.6247 8358852.2528, -13329246.8078 8358709.9643, -13329406.4547 8358644.9882, -13329542.4119 8358540.6135, -13329598.0449 8358474.106, -13329670.833 8358313.3005, -13329689.5697 8358129.2973, -13329674.7969 8357941.7458, -13329614.5491 8357663.1848, -13329552.0225 8357483.89419999, -13329341.3542 8357060.0073, -13328876.5273 8356294.2273, -13328796.9374 8356058.5539, -13328788.1847 8355892.5145, -13328838.5837 8355644.9086, -13328908.2777 8355487.9347, -13329166.763 8355044.5963, -13329235.4372 8354801.6774, -13329235.5624 8354632.8981, -13329191.6707 8354467.1941, -13329055.3766 8354245.1741, -13328930.6623 8354121.4038, -13328521.0385 8353817.9704, -13328406.337 8353703.6493, -13328315.9873 8353568.7219, -13328256.3506 8353416.6614, -13328226.8876 8353252.9861, -13328225.9635 8352748.5755, -13328192.8144 8352495.2255, -13328096.1643 8352251.8395, -13327991.377 8352107.1203, -13327864.614 8351979.6163, -13327653.2793 8351811.9967, -13327427.1283 8351667.3353, -13327264.3332 8351592.6728, -13327088.8052 8351546.4863, -13326808.2342 8351542.52619999, -13326619.8924 8351581.9551, -13326437.2413 8351649.145, -13326173.623 8351784.8343, -13325927.7824 8351962.7977, -13325702.8502 8352174.5298, -13325495.3201 8352405.9103, -13325246.7267 8352742.5826, -13324985.2295 8353196.8101, -13324377.1018 8354503.003, -13324168.9211 8354832.6356, -13323983.9998 8355040.2215, -13323840.8835 8355147.8782, -13323682.4186 8355214.1906, -13323600.0597 8355229.8219, -13323432.8112 8355224.9523, -13323350.9804 8355201.8796, -13323212.3703 8355106.0206, -13323102.9459 8354971.0317, -13323031.3789 8354804.7706, -13322987.542 8354525.2009, -13323003.8821 8354041.68069999, -13323073.0983 8353457.8512, -13323187.4532 8352871.0636, -13323838.6938 8350398.7808, -13324184.4422 8349211.579, -13324735.3384 8347481.119, -13324828.1176 8347091.21149999, -13324878.5749 8346693.0515, -13324873.0208 8346393.3138, -13324824.6166 8346099.8637, -13324729.9938 8345822.2371, -13324419.8158 8345137.9916, -13324370.4554 8344961.7438, -13324337.9809 8344691.7072, -13324358.3339 8344418.5504, -13324424.6033 8344148.5607, -13324709.2987 8343451.577, -13324796.1131 8343186.5371, -13324836.8375 8342916.0386, -13324827.2044 8342735.4295, -13324786.4694 8342560.8104, -13324716.6086 8342396.3178, -13324571.4998 8342173.0457, -13324236.9371 8341762.9275, -13324111.1712 8341530.43770001, -13324052.1499 8341365.6019, -13324015.9393 8341195.2088, -13324004.6301 8340934.2468, -13324097.1298 8340170.8472, -13324074.3585 8340011.0814, -13324008.784 8339865.7082, -13323897.7759 8339747.0047, -13323826.2182 8339703.1639, -13323661.3606 8339653.126, -13323482.9288 8339649.6563, -13322862.464 8339748.1137, -13322610.3641 8339850.0962, -13322377.7056 8339998.0476, -13322235.9202 8340120.2299, -13322108.4088 8340260.0822, -13321900.3637 8340581.91439999, -13321694.7092 8341019.1889, -13321271.3092 8342081.32, -13321137.0045 8342323.9432, -13321030.289 8342469.5075, -13320841.2709 8342656.006, -13320619.2964 8342788.4814, -13320373.6294 8342853.6947, -13320119.8529 8342844.4463, -13319955.9877 8342796.0757, -13319801.0186 8342717.4384, -13319658.7309 8342613.2317, -13319529.3448 8342489.2594, -13319411.7925 8342351.9167, -13319258.641 8342129.2547, -13319058.6273 8341729.6519, -13318975.6145 8341476.3804, -13318923.2574 8341125.0494, -13318922.1001 8340857.8843, -13318969.3712 8340245.6492, -13318959.4378 8339996.5145, -13318944.7668 8339917.9704, -13318888.4576 8339774.5699, -13318794.3192 8339660.9979, -13318669.7112 8339589.7269, -13318599.6907 8339573.7551, -13318454.8458 8339584.3671, -13318319.8176 8339650.393, -13318208.2237 8339762.5833, -13318132.5899 8339917.8387, -13318028.4503 8340470.2891, -13317934.102 8340732.1544, -13317843.9165 8340893.58519999, -13317733.6192 8341041.099, -13317475.428 8341300.27179999, -13317186.7411 8341504.4248, -13316956.7233 8341607.485, -13316722.1825 8341645.6642, -13316570.4907 8341617.1188, -13316437.5153 8341539.6181, -13316383.0826 8341482.4722, -13316306.7141 8341335.96369999, -13316274.195 8341161.8983, -13316263.6735 8340692.1927, -13316241.0772 8340405.7832, -13316182.6204 8340026.8279, -13316087.2238 8339562.7035, -13316014.7285 8339290.96109999, -13315916.8693 8339031.63319999, -13315789.8726 8338790.6518, -13315684.9122 8338645.6787, -13315489.2134 8338466.4209, -13315329.4772 8338385.2194, -13315241.2097 8338360.8314, -13314963.0424 8338337.6773, -13314584.7611 8338389.1605, -13314305.4799 8338399.6787, -13314123.4302 8338372.8927, -13313865.5756 8338281.37, -13313633.0597 8338140.3918, -13313370.4558 8337894.7027, -13313220.0896 8337675.671, -13313151.527 8337513.4331, -13313108.1532 8337342.4552, -13313091.0819 8337166.5432, -13313097.1268 8336989.4268, -13313175.4924 8336375.5808, -13313126.4295 8335764.4929, -13313157.3547 8335592.6705, -13313278.0054 8335348.56069999, -13313385.7115 8335199.7442, -13313571.8973 8334995.9858, -13314512.5717 8334125.738, -13314851.6315 8333827.0608, -13315737.147 8333102.4628, -13315904.0952 8332913.9261, -13315981.4721 8332767.73, -13316005.6351 8332688.7501, -13316026.2373 8332526.5, -13315996.8001 8332286.3441, -13315904.8666 8332065.0029, -13315812.2566 8331936.4922, -13315694.4947 8331829.7984, -13315552.2326 8331753.5628, -13315397.2992 8331709.0772, -13315088.4901 8331660.441, -13314954.815 8331606.83209999, -13314848.774 8331518.3969, -13314781.0943 8331398.4351, -13314755.5556 8331259.86819999, -13314759.0504 8331187.9561, -13314845.3263 8330832.043, -13314849.387 8330688.0664, -13314808.562 8330547.0964, -13314705.4662 8330352.8563, -13314670.1531 8330214.6423, -13314691.7007 8330066.3037, -13314722.3817 8329994.619, -13314812.5852 8329863.8924, -13314998.4211 8329703.0099, -13315354.8443 8329512.235, -13315566.8409 8329438.3308, -13315703.5502 8329424.344, -13315768.9803 8329433.8264, -13315884.1093 8329490.2632, -13315965.5456 8329590.3843, -13316003.1954 8329721.2626, -13316025.1121 8329932.8727, -13316079.4605 8330060.2029, -13316123.3544 8330113.3148, -13316244.7685 8330184.3244, -13316317.6578 8330196.4692, -13316394.3395 8330191.5334, -13316544.4536 8330134.6024, -13316743.1091 8329993.0532, -13316898.9296 8329803.3862, -13316969.329 8329655.6959, -13317052.9773 8329256.2218, -13317116.9633 8329111.4837, -13317210.6379 8328989.4756, -13317270.7538 8328940.19, -13317411.6778 8328866.5489, -13317957.8526 8328715.4951, -13318091.0399 8328633.6298, -13318146.8126 8328579.6307, -13318230.7749 8328451.7355, -13318255.9206 8328377.9705, -13318313.5911 8327923.1966, -13318386.6785 8327793.18999999, -13318443.963 8327737.6787, -13318588.5312 8327653.2893, -13319102.6118 8327485.8055, -13319345.233 8327363.3028, -13319562.0349 8327202.71909999, -13319893.2495 8326912.6159, -13320418.4493 8326582.9715, -13320738.5807 8326271.1984, -13320952.4673 8326113.3058, -13321116.3407 8326038.2386, -13321290.3606 8325983.0939, -13322014.2128 8325842.8566, -13322363.1354 8325724.754, -13322936.3486 8325458.6429, -13323152.7862 8325296.2426, -13323267.8386 8325153.9322, -13323393.7303 8325113.80879999))"
76,21201,1794,2023-10-15 06:33:14,HWF158, ,54.1,2023-10-10,1650,0 - hand sketch of any type,Wildfire,Being Held,2023/09/19 16:10:00,C,12.0,1695139800000,Lightning,5,02ef608f-ef1f-4ce5-a34b-a7ed70953f4d,2104936.3671875,6810.22604613917,"POLYGON ((-13325828.772 8321009.0139, -13325995.8688 8321068.8639, -13326094.0806 8321175.3061, -13326158.4842 8321311.4375, -13326226.7495 8321528.1137, -13326233.3211 8321672.9399, -13326204.0767 8321812.4891, -13326136.0702 8321936.13979999, -13326035.0105 8322034.8721, -13325788.1003 8322171.5349, -13325533.8698 8322258.12, -13325399.7621 8322256.5119, -13325124.8562 8322197.9877, -13324978.9935 8322201.3646, -13324906.1323 8322220.1921, -13324702.157 8322316.323, -13324336.0481 8322550.7557, -13324153.8141 8322628.2979, -13324031.4511 8322646.4295, -13323915.8661 8322631.6254, -13323816.328 8322578.8321, -13323777.7547 8322538.64329999, -13323728.5851 8322436.4532, -13323725.4413 8322315.634, -13323837.5825 8322005.6485, -13323873.5766 8321752.7039, -13323926.3567 8321644.8728, -13323968.9584 8321601.2514, -13324083.6485 8321546.5975, -13324221.7225 8321537.9655, -13324724.4785 8321637.1547, -13324873.398 8321641.0039, -13324949.7916 8321624.1716, -13325440.1375 8321356.966, -13325627.2939 8321206.81229999, -13325828.772 8321009.0139))"
77,21202,1796,2023-10-15 06:33:14,GWF070, ,6.1,2023-10-03,1845,1 - non-corrected ground GPS,Wildfire,Under Control,2023/10/09 14:25:00,C,6.1,1696280400000,Human,5,0da651d2-81a7-41ca-800f-5f6b4e464f16,195419.703125,1863.60635648258,"POLYGON ((-13109663.3091 7544765.0358, -13109737.7068 7544750.2991, -13109811.8732 7544766.0438, -13109892.4255 7544926.5733, -13109979.7294 7545005.1007, -13110005.9932 7545047.5142, -13110004.8715 7545090.5168, -13109930.2717 7545197.0555, -13109798.5149 7545261.7576, -13109763.0347 7545250.7211, -13109733.6384 7545202.7343, -13109738.1407 7545165.1925, -13109719.246 7545132.4973, -13109624.8904 7545115.7695, -13109536.1627 7545176.8518, -13109517.3263 7545182.6421, -13109491.9826 7545168.9771, -13109434.377 7545123.4949, -13109393.5533 7545017.5597, -13109397.8175 7544991.3953, -13109443.2432 7544936.837, -13109452.9814 7544851.3014, -13109495.378 7544850.904, -13109523.353 7544834.548, -13109531.9923 7544847.2232, -13109589.7495 7544786.6321, -13109639.9128 7544761.5449, -13109663.3091 7544765.0358))"
78,21203,1797,2023-10-15 06:33:14,HWF087, ,14196.8,2023-10-12,0800,0 - hand sketch of any type,Wildfire,Being Held,2023/07/31 18:00:00,E,12508.0,1688142600000,Lightning,3,e383268d-6642-439b-8be5-12c3adc1a056,508476983.03125,166239.601712859,"POLYGON ((-12694075.5507 8007101.8053, -12693896.7089 8007011.4831, -12693735.4423 8007152.3472, -12693814.6512 8007287.3977, -12693835.6068 8007442.6282, -12693790.5832 8007610.5688, -12693732.9258 8007690.4362, -12693587.8192 8007785.8597, -12693434.0985 8007814.5207, -12693281.2679 8007781.4272, -12693153.0832 8007691.7242, -12693069.4679 8007559.3566, -12693043.4163 8007404.9003, -12693078.9739 8007252.3627, -12693170.6115 8007125.4483, -12693304.0846 8007043.8804, -12693458.6521 8007020.3321, -12693610.2926 8007058.46239999, -12693711.5246 8007134.4049, -12693878.3925 8006991.9277, -12693589.5518 8006669.1263, -12692636.2351 8006447.6556, -12692233.5596 8006246.749, -12691987.7332 8005591.0476, -12691978.3651 8005368.2281, -12691678.0849 8004434.04469999, -12691614.3095 8004301.2627, -12691542.3234 8004022.9223, -12691550.9634 8003815.9587, -12691742.3547 8003533.6465, -12692324.4219 8003495.0762, -12692837.4514 8003746.8129, -12693148.0982 8003851.7616, -12693460.6296 8003816.4629, -12693534.0622 8003785.9506, -12693914.4558 8003294.4963, -12694153.4614 8002635.152, -12694247.4775 8002422.999, -12694520.4655 8001877.55879999, -12694640.7849 8001686.5828, -12695000.3245 8001245.1619, -12695765.7584 8000473.2775, -12695967.9171 8000352.1408, -12696234.5977 8000323.6588, -12696436.8776 8000416.8606, -12696778.7357 8000863.7065, -12696888.1287 8000942.023, -12697143.6124 8001034.2776, -12697414.9862 8001026.0265, -12697726.1554 8000849.4426, -12698207.731 8000409.0525, -12698387.1975 8000181.1698, -12698448.9108 8000050.7357, -12698486.6349 7999910.71, -12698511.8278 7999698.41309999, -12698491.916 7998919.1817, -12698557.1468 7998727.9182, -12698675.2454 7998571.1556, -12698912.5717 7998430.5918, -12699690.2381 7998321.1132, -12700196.0175 7998304.7145, -12701000.2579 7998188.6691, -12701126.5862 7998037.2395, -12701167.8837 7997516.4877, -12701007.2465 7997071.4317, -12700841.8134 7996699.9902, -12700476.8247 7996100.9406, -12700430.3111 7996045.67, -12700078.9828 7995800.8107, -12699860.9524 7995755.5814, -12699420.1052 7995770.1276, -12699274.2292 7995759.0898, -12699132.9626 7995730.8989, -12698634.4792 7995563.9506, -12698420.5268 7995551.8323, -12698271.8795 7995568.6581, -12698051.554 7995627.5043, -12697478.3321 7995838.8289, -12697260.442 7995871.8808, -12697051.9384 7995853.9497, -12696796.8559 7995744.9414, -12696476.5051 7995383.5686, -12696410.9572 7995252.617, -12696734.2002 7993578.6795, -12696923.5853 7993424.6658, -12697184.9193 7993241.7142, -12697387.47 7993134.44, -12697659.8514 7993077.716, -12697799.9238 7993090.4019, -12697998.5371 7993162.5151, -12698348.8393 7993421.34409999, -12699080.244 7994054.9732, -12699398.4768 7994268.8778, -12699748.8162 7994439.2814, -12700035.9588 7994549.0304, -12700252.0858 7994612.35719999, -12700551.0877 7994670.3211, -12700863.4234 7994685.1478, -12701095.6922 7994669.6495, -12701404.5569 7994617.8444, -12701863.4495 7994498.8076, -12702008.8871 7994442.7802, -12702345.3519 7994243.1047, -12702709.1461 7993939.5413, -12703108.1731 7993679.5902, -12703715.4518 7993325.7464, -12704178.7115 7992955.7887, -12704428.606 7992822.5738, -12704913.3727 7992728.3087, -12705346.3262 7992703.4684, -12705688.3987 7992609.6465, -12705872.4187 7992505.5704, -12706109.0543 7992239.097, -12706189.9607 7991824.3668, -12706147.0116 7991545.50819999, -12706135.9734 7990940.917, -12706262.1058 7990698.5113, -12706507.4377 7990476.319, -12706757.3414 7990391.0469, -12707588.9394 7990294.9933, -12707939.8107 7990042.2677, -12708662.7902 7989192.2176, -12710288.0661 7989729.7526, -12710243.6891 7990174.0559, -12710247.6826 7990362.4523, -12710273.846 7990553.57329999, -12710305.0197 7990678.9147, -12710530.468 7991071.0429, -12710580.07 7991118.4784, -12711006.1001 7991288.0509, -12711196.5487 7991235.9335, -12711308.7316 7991159.3433, -12711598.2257 7990701.1167, -12711672.7126 7990510.28320001, -12711980.4483 7989862.6214, -12712270.9132 7989598.904, -12712046.5331 7989564.5717, -12711887.0052 7989572.6581, -12711727.5996 7989538.5532, -12711628.312 7989489.1226, -12711534.2781 7989636.1949, -12711469.827 7989680.808, -12711266.2127 7989719.2767, -12711113.6692 7989686.6269, -12710985.578 7989597.4436, -12710901.8482 7989465.5909, -12710880.7017 7989342.012, -12710736.4737 7989241.5866, -12710703.4584 7989189.5932, -12710668.4548 7988985.0003, -12710703.5674 7988832.7495, -12710794.6836 7988705.92719999, -12710927.64 7988624.2425, -12711078.7452 7988595.34179999, -12711099.8928 7988425.1227, -12711209.5324 7988249.0182, -12711321.8852 7988149.1123, -12711422.1077 7988087.5289, -12711499.7769 7988063.6567, -12711446.6903 7988026.5628, -12711362.5591 7987903.2934, -12711322.0839 7987734.659, -12711347.0589 7987580.4382, -12711429.5844 7987447.8753, -12711556.833 7987357.5695, -12711709.0285 7987323.5529, -12711862.521 7987351.1108, -12712017.0313 7987451.2384, -12712139.6042 7987563.5945, -12712283.9972 7987661.3296, -12712332.6186 7987732.5515, -12712381.3625 7987721.652, -12712534.8657 7987749.1977, -12712857.1526 7987917.8267, -12713026.17 7987797.8294, -12713178.3681 7987763.7809, -12713331.875 7987791.3105, -12713462.8342 7987876.1401, -12713480.9107 7987902.6102, -12713631.4712 7987809.0611, -12713785.5817 7987785.1523, -12713936.9397 7987822.7739, -12714062.0253 7987916.0805, -12714141.3984 7988050.5734, -12714162.721 7988205.3538, -12714118.267 7988372.9905, -12714060.9724 7988452.8124, -12713916.4854 7988548.3939, -12713755.1407 7988593.3196, -12713612.5353 7988659.4225, -12713482.004 7988747.0605, -12713355.0265 7988867.0539, -12713269.642 7988977.83860001, -12713193.0405 7989115.2992, -12713143.7122 7989246.2576, -12713062.9856 7989548.6037, -12713005.6709 7989628.4296, -12712861.1557 7989724.0003, -12712829.7026 7989729.9491, -12712975.4079 7989861.659, -12713218.6589 7990012.9328, -12713430.7549 7990070.5962, -12713575.7165 7990077.7137, -12713794.5773 7990040.1485, -12713928.5475 7989977.6196, -12714053.6812 7989887.832, -12714165.5004 7989774.9015, -12714292.7804 7989567.5089, -12714376.2432 7989341.5266, -12714663.1248 7988417.8099, -12714806.3416 7988166.5868, -12714928.2937 7987914.9745, -12714989.9042 7987577.1773, -12714953.8598 7987232.4923, -12714773.0122 7986417.4826, -12714763.8123 7985918.9908, -12714732.6663 7985352.16439999, -12714751.6357 7985142.0347, -12714802.2082 7984937.6202, -12714914.3536 7984685.8603, -12715063.2248 7984448.898, -12715221.7347 7984235.6346, -12715517.6295 7983959.1925, -12715905.973 7983680.7403, -12716502.8854 7983209.6739, -12716582.2989 7983093.8883, -12716899.1038 7982363.7311, -12717027.2048 7981832.8004, -12717160.0646 7981412.7435, -12717287.8857 7981227.4115, -12717484.474 7981117.3011, -12717721.735 7981103.8239, -12718536.3883 7981372.1344, -12719842.2465 7981926.6993, -12720198.9123 7982132.5049, -12720381.2994 7982307.9616, -12720492.9223 7982755.0903, -12720405.615 7982928.4265, -12720079.2089 7983387.0792, -12719771.3426 7983974.9688, -12719363.7314 7984908.6495, -12718702.0361 7986754.7158, -12718622.4359 7986942.0995, -12718225.5643 7987696.6074, -12717958.8745 7988263.9639, -12717893.8676 7988437.7979, -12717815.8255 7988744.1585, -12718242.3781 7989512.2246, -12718706.4981 7989770.2022, -12718824.9303 7989696.0658, -12718845.3975 7989568.87830001, -12718908.456 7989443.0377, -12718953.0923 7989310.3959, -12719027.8963 7988874.23260001, -12719110.3014 7988741.5615, -12719237.4805 7988651.1094, -12719389.6679 7988616.9309, -12719543.2156 7988644.3368, -12719674.2601 7988729.0678, -12719762.4379 7988857.9601, -12719794.0418 7989010.9821, -12719711.733 7989466.2439, -12719711.3883 7989623.6877, -12719735.6322 7989779.2506, -12719783.8687 7989929.1013, -12719854.9118 7990069.5491, -12720129.861 7990438.1459, -12720161.4789 7990591.1984, -12720131.5953 7990744.6046, -12720044.8514 7990874.5196, -12719918.7698 7990958.07, -12719889.9662 7991084.18720001, -12719992.9855 7991061.0423, -12720146.5851 7991088.4447, -12720277.6788 7991173.1928, -12720365.8955 7991302.1197, -12720397.5218 7991455.1887, -12720369.1433 7991600.8925, -12720390.8557 7991705.9791, -12720360.9723 7991859.4089, -12720274.2194 7991989.34570001, -12720144.0791 7992075.5912, -12719990.7787 7992104.7382, -12719957.3848 7992097.6316, -12720147.127 7992261.4005, -12720312.0376 7992380.0395, -12720711.326 7992629.9638, -12720875.4901 7992749.79240001, -12721068.8968 7992935.3116, -12721181.8354 7993096.54159999, -12721336.4171 7993395.5651, -12721426.5515 7993642.9169, -12721473.3356 7993894.9155, -12721460.8324 7994146.719, -12721359.9398 7994438.0532, -12721206.0019 7994627.25460001, -12721079.5878 7995319.5753, -12721231.902 7995285.3298, -12721385.5927 7995312.7227, -12721516.7739 7995397.4969, -12721634.0499 7995568.8328, -12721683.9762 7995828.52449999, -12721815.1001 7996123.5458, -12721857.1764 7996326.9971, -12721827.3042 7996480.5267, -12721737.995 7996614.3478, -12721562.7187 7996748.4583, -12721358.9636 7996787.2368, -12721206.2323 7996754.7611, -12721083.8593 7996669.8029, -12721265.5969 7996920.4134, -12721462.2041 7997275.12479999, -12721752.3232 7998167.0197, -12721944.9553 7998513.05569999, -12722103.0826 7998733.0283, -12722234.9533 7998966.2157, -12722365.1911 7999478.6686, -12722382.6768 7999683.7444, -12722506.6163 8000202.0205, -12722629.7908 8000362.9112, -12722935.3991 8000528.3949, -12723356.6611 8000571.9197, -12723566.9935 8000570.3812, -12723841.2879 8000539.4308, -12724566.7492 8000364.1757, -12725014.7064 8000230.5641, -12725476.865 8000135.9053, -12726153.3773 8000214.4087, -12726481.1646 8000508.9584, -12726531.569 8000621.2988, -12726556.7433 8000807.5786, -12726543.0177 8000996.1268, -12726418.3782 8001492.9142, -12726431.0122 8001686.3438, -12726479.3358 8001808.5635, -12726793.4535 8002161.9846, -12726939.9455 8002304.7233, -12727108.9894 8002510.9731, -12727238.1357 8002748.3116, -12727338.973 8003193.8433, -12727478.86 8003596.0335, -12727631.3137 8003561.6208, -12727785.197 8003588.9129, -12727916.5949 8003673.6688, -12728005.0888 8003802.7203, -12728036.9225 8003956.0114, -12728007.1454 8004109.72119999, -12727941.6997 8004207.9592, -12727921.1304 8004476.6949, -12727942.0062 8004578.3059, -12727937.7745 8004662.03109999, -12727900.1632 8004754.5792, -12727800.3747 8004871.0616, -12727613.131 8004966.3735, -12727372.8151 8005156.2312, -12727187.504 8005220.021, -12727146.7196 8005203.0267, -12727138.3608 8005148.6893, -12726634.6666 8004919.5009, -12726481.747 8004887.0971, -12726339.0632 8004788.1858, -12726283.391 8004706.9603, -12726242.4915 8004538.0295, -12726267.2174 8004383.4146, -12726349.6658 8004250.39169999, -12726477.0211 8004159.6313, -12726200.8238 8003672.0855, -12725835.9844 8003514.6092, -12724914.1029 8003207.327, -12723970.6019 8002954.0073, -12723490.146 8002688.5251, -12722953.9203 8002196.6208, -12722661.0954 8001994.3597, -12722434.6113 8001924.5585, -12722249.5839 8001940.4079, -12722073.5696 8002023.096, -12721732.8687 8002332.7883, -12721425.5251 8002550.1133, -12721157.809 8002697.0787, -12720933.4431 8002781.9157, -12720890.162 8003078.2458, -12721066.9108 8003109.7569, -12721274.41 8003180.9331, -12721695.4837 8003247.9091, -12721896.2554 8003297.5888, -12722021.6971 8003390.9552, -12722071.9941 8003475.9763, -12722286.826 8003657.7708, -12722409.72 8003724.9171, -12722540.7473 8003774.2724, -12722694.6938 8003807.3486, -12722869.4128 8003815.3056, -12723244.444 8003747.3731, -12723398.3149 8003774.7559, -12723529.6662 8003859.5906, -12723618.0868 8003988.6968, -12723677.9789 8004221.2053, -12723771.2674 8004409.4489, -12723900.8735 8004575.08649999, -12724051.6717 8004708.0418, -12724169.1503 8004879.5504, -12724200.9101 8005032.8794, -12724171.0504 8005186.5955, -12724084.2084 8005316.8056, -12723871.2266 8005483.99549999, -12723678.8837 8005731.6932, -12723534.1935 8005827.6731, -12723404.0517 8005855.9992, -12723160.4832 8005955.3187, -12722956.476 8005994.1892, -12722861.9919 8005974.1197, -12722688.139 8006054.9605, -12722585.5932 8006130.6947, -12722608.3965 8006288.0795, -12722564.0222 8006456.1686, -12722506.6785 8006536.2463, -12722361.9575 8006632.2139, -12722229.9855 8006657.3451, -12722149.538 8007044.8701, -12722062.6394 8007175.0887, -12721932.2556 8007261.5379, -12721778.6524 8007290.77889999, -12721622.2452 8007257.53, -12721496.1606 8007191.24889999, -12721364.2402 8007144.1522, -12720890.9655 8007066.0712, -12720779.152 8006988.4368, -12720823.3059 8007183.3098, -12720816.5839 8007233.2019, -12720777.5456 8007286.9265, -12720742.0178 8007300.9916, -12720635.0499 8007278.8058, -12720519.9123 8007308.1826, -12720390.2083 8007306.4229, -12720313.4551 8007274.0369, -12720269.7522 8007230.4317, -12720206.0925 8007030.2129, -12720153.0652 8006959.8693, -12720001.9147 8006796.7537, -12719793.4973 8006625.7079, -12719736.0642 8006559.591, -12719700.3601 8006425.3675, -12719727.1039 8006224.22689999, -12719719.173 8006126.7525, -12719675.2174 8006040.088, -12719597.044 8005979.10670001, -12719360.6027 8005894.0331, -12719263.0927 8005875.1889, -12719161.181 8005882.0257, -12718905.7265 8005952.9523, -12718425.2489 8005903.7106, -12718111.4388 8005956.0099, -12717775.4602 8005962.7913, -12717634.5873 8005992.5972, -12717519.2303 8006076.1604, -12717493.9391 8006117.02619999, -12717471.5887 8006209.266, -12717476.1806 8006257.9126, -12717517.492 8006350.532, -12717733.4411 8006585.3069, -12717796.3329 8006725.8975, -12717802.0747 8006874.9819, -12717779.4616 8007099.2244, -12717730.0661 8007214.024, -12717647.9359 8007296.7584, -12717579.272 8007329.4007, -12717342.0855 8007364.8104, -12717227.4585 8007407.9173, -12717098.1926 8007514.4317, -12716907.7946 8007779.8117, -12716811.2302 8007870.5445, -12716441.2133 8008010.3008, -12716364.1036 8008058.4472, -12716191.752 8008209.0077, -12716114.138 8008249.4758, -12715790.0821 8008315.9088, -12715455.2031 8008297.8836, -12715324.9288 8008321.3669, -12715219.9006 8008403.1103, -12715061.5128 8008635.7746, -12715007.1399 8008676.7954, -12714937.3692 8008691.5136, -12714865.4332 8008678.4974, -12714675.458 8008553.677, -12714592.5879 8008525.8777, -12714549.0842 8008543.7592, -12714462.6357 8008677.9816, -12714419.3724 8008707.9932, -12714367.1315 8008720.3883, -12714286.2043 8008724.0797, -12714210.6754 8008705.4681, -12714111.1509 8008660.0096, -12714028.6551 8008587.8915, -12713955.7184 8008662.6488, -12713888.5282 8008768.2507, -12713757.6651 8009266.3934, -12713649.2425 8009499.634, -12713483.0443 8009763.27669999, -12713363.4806 8009892.3656, -12712964.2389 8009959.9302, -12712846.4204 8009927.9851, -12712540.5138 8009887.5756, -12712359.1904 8009932.9785, -12712135.4963 8010052.2956, -12711859.5505 8010296.0087, -12711759.8613 8010358.7955, -12710738.9904 8010274.5014, -12710611.7382 8010285.472, -12710424.9378 8010326.1491, -12710252.768 8010403.856, -12710095.1259 8010506.4009, -12709606.2164 8011146.583, -12709497.1313 8011789.3441, -12709421.6551 8011957.6304, -12709226.1071 8012123.1437, -12709243.2893 8012206.9354, -12709213.0946 8012360.7362, -12709125.9109 8012490.8949, -12708995.2871 8012577.1785, -12708841.5258 8012606.1738, -12708688.5287 8012573.3732, -12708625.4199 8012529.4031, -12708599.7284 8012705.2455, -12708512.53 8012835.4028, -12708381.8933 8012921.6796, -12708228.1227 8012950.6637, -12708075.1213 8012917.849, -12707932.5299 8012818.4821, -12707876.9984 8012737.034, -12707836.4705 8012567.8248, -12707861.6021 8012413.1084, -12707944.4641 8012280.1489, -12708072.1765 8012189.60719999, -12708224.8913 8012155.5519, -12708378.8777 8012183.2746, -12708451.5445 8012230.4145, -12708474.9779 8012068.673, -12708523.8156 8011990.2946, -12708097.8072 8011580.1558, -12707995.0111 8011522.3801, -12707878.2188 8011486.4343, -12707454.3162 8011550.0103, -12707058.6202 8011729.1489, -12706824.6998 8011811.8209, -12706641.4917 8011860.9551, -12706461.2786 8011888.0908, -12705713.685 8011890.98669999, -12705344.0777 8011802.48659999, -12705181.7796 8011712.5261, -12705001.548 8011460.425, -12704971.3632 8011333.4607, -12704998.7301 8010792.2873, -12704911.0214 8010333.6046, -12704587.1905 8010102.1887, -12703737.2204 8009915.74889999, -12703404.9825 8009822.792, -12702872.6292 8009645.4784, -12702667.6526 8009625.0442, -12702221.1042 8009697.2279, -12701398.1467 8009965.1805, -12700815.8087 8010054.0044, -12700274.4419 8009732.9525, -12700247.691 8009458.1202, -12700249.8183 8008824.6329, -12700234.9544 8008619.5286, -12700184.4941 8008346.9324, -12700082.9203 8008088.447, -12699919.2973 8007858.1269, -12699458.1837 8007578.2117, -12698929.0963 8007438.6211, -12698443.5643 8007503.5526, -12698052.9815 8007819.561, -12697771.0175 8008007.5066, -12697511.9788 8008052.07509999, -12697309.736 8008029.8483, -12696977.3206 8007903.6061, -12696311.2119 8007458.9962, -12695929.848 8007235.1124, -12695724.2835 8007159.8812, -12695510.3214 8007115.557, -12695297.5163 8007104.6263, -12694416.8949 8007163.5364, -12694169.3423 8007149.1718, -12694075.5507 8007101.8053))"
79,21204,1798,2023-10-15 06:33:14,HBZ001, ,119828.3,2023-10-13,0800,0 - hand sketch of any type,Mutual Aid,Being Held,2023/10/07 18:00:00,E,106552.0,,,1,6973437a-1109-417b-b2a2-daaeebff1216,4313601494.67188,638672.835626317,"MULTIPOLYGON (((-13337930.4287 8054959.1428, -13338050.6613 8054857.6878, -13338200.6881 8054810.6706, -13338679.5936 8054844.6339, -13338836.5677 8054823.6165, -13339004.7016 8054771.7532, -13339176.1251 8054681.9133, -13339337.3592 8054555.6691, -13339450.0847 8054444.2352, -13339544.019 8054316.5078, -13339643.6583 8054096.2595, -13339748.9276 8053555.8411, -13339737.4483 8053344.8131, -13339682.4282 8053140.79290001, -13339595.7676 8052967.5555, -13339465.5621 8052801.2963, -13339318.2366 8052675.7539, -13339107.2686 8052549.5188, -13339044.8177 8052472.7136, -13339010.8922 8052376.7778, -13338945.8564 8052339.1721, -13338883.409 8052262.3676, -13338765.2601 8051875.342, -13338712.8254 8051788.5883, -13338565.5325 8051663.0472, -13338413.0756 8051575.2518, -13338247.7203 8051515.31, -13338050.5015 8051481.1089, -13337810.0381 8051348.6384, -13337609.3504 8051283.711, -13337363.5381 8051250.7418, -13337170.2403 8051256.1509, -13336964.8354 8051304.0326, -13336789.0069 8051384.6711, -13336605.6336 8051521.0862, -13336447.8893 8051710.0576, -13336358.8726 8051882.05789999, -13336293.6777 8052137.085, -13336242.811 8052222.0318, -13335934.1893 8052484.8123, -13335847.7013 8052596.075, -13335777.5089 8052718.3153, -13335701.5865 8052934.1703, -13335660.9353 8053240.7846, -13335523.718 8053469.2995, -13335386.5913 8053577.3752, -13335228.3311 8053628.2259, -13335100.2202 8053692.4538, -13334988.3621 8053797.5974, -13334824.2974 8053899.1936, -13334688.6771 8054035.4508, -13334425.0831 8054394.7756, -13334145.3472 8054605.9636, -13333993.8295 8054647.9028, -13333837.9076 8054627.9099, -13333626.1131 8054508.244, -13333444.8204 8054440.5963, -13332895.7628 8054361.3996, -13332737.4495 8054357.4304, -13332597.7207 8054374.7807, -13332445.164 8054417.3513, -13332301.1301 8054483.3047, -13332141.812 8054593.2577, -13331933.1197 8054797.7241, -13331727.8613 8055071.1916, -13331544.8855 8055274.0258, -13331429.6015 8055491.762, -13331360.3633 8055758.4695, -13331258.7864 8055941.2843, -13331076.6251 8056117.122, -13330927.3133 8056347.2214, -13330790.0662 8056455.25729999, -13330588.7218 8056510.8912, -13330333.5605 8056460.7659, -13329531.8228 8056355.8882, -13329380.7623 8056268.2862, -13329313.2497 8056175.7817, -13329248.8427 8056133.2295, -13329122.5804 8055966.5588, -13329060.6571 8055730.0736, -13329002.5091 8055582.4683, -13328911.7927 8055431.4333, -13328796.2799 8055298.4756, -13328674.0045 8055197.6201, -13328521.5853 8055109.5801, -13328339.1677 8055044.9814, -13328140.2794 8055012.5044, -13328004.2397 8054933.5783, -13327909.2232 8054808.10899999, -13327869.9801 8054655.5362, -13327874.0562 8054409.8452, -13327813.7289 8054131.6038, -13327845.7247 8053795.638, -13327829.953 8053658.1159, -13327794.6891 8053521.78279999, -13327678.9956 8053283.4463, -13327421.5134 8052957.0903, -13327313.5546 8052683.6396, -13327228.4293 8052549.894, -13327050.9047 8052329.8232, -13326996.3254 8052163.8264, -13327010.0271 8051989.5979, -13327161.6697 8051662.0149, -13327218.7711 8051440.4483, -13327224.6586 8051211.6985, -13327177.1322 8050957.7179, -13327193.5209 8050749.2697, -13327280.4639 8050580.0756, -13327373.4974 8050453.8139, -13327439.5116 8050329.3025, -13327496.6828 8050162.726, -13327524.1114 8049988.7379, -13327520.9662 8049812.6257, -13327487.3452 8049639.7398, -13327399.8706 8049428.42, -13327249.1987 8049217.907, -13327194.6395 8049051.9797, -13327206.9748 8048895.0955, -13327278.8726 8048755.1822, -13327399.1565 8048653.9813, -13327556.1736 8048599.7232, -13327696.5047 8048526.4567, -13327823.6649 8048432.0977, -13327934.5222 8048318.97119999, -13328075.8534 8048096.4721, -13328131.1922 8047947.9582, -13328161.2683 8047804.0146, -13328242.2102 8047669.1771, -13328369.9175 8047575.3957, -13328531.1958 8047516.1511, -13328668.8589 8047438.0168, -13328792.6236 8047339.2684, -13328888.4961 8047236.1426, -13328969.1071 8047120.6539, -13329039.6118 8046978.7593, -13329096.982 8046778.9875, -13329209.8013 8046536.3874, -13329254.7929 8046348.0948, -13329264.3471 8046189.8969, -13329251.9973 8046049.5361, -13329220.2705 8045912.2654, -13329169.7851 8045780.7565, -13329101.5246 8045657.5681, -13329016.8181 8045545.097, -13328903.9298 8045434.0926, -13328778.1545 8045344.0179, -13328715.4968 8045266.7361, -13328609.4639 8044955.7222, -13328507.2035 8044771.1396, -13328322.0256 8044526.3025, -13328213.0986 8044411.4235, -13327941.4772 8044223.4829, -13327829.0469 8044088.1473, -13328142.3952 8043314.5777, -13328055.1796 8042920.0536, -13328476.2646 8042560.8294, -13328644.9913 8042192.9794, -13328561.743 8042092.9613, -13328360.4612 8041934.8094, -13328317.4469 8041593.0776, -13328554.5117 8041476.503, -13329640.4363 8040797.8441, -13330334.8265 8040669.3421, -13330631.6637 8040327.9078, -13329146.5909 8038344.3349, -13329022.3893 8038220.0528, -13328886.5915 8038124.0032, -13328791.6894 8037998.6992, -13328752.5423 8037846.5343, -13328775.1395 8037691.0396, -13328856.1566 8037556.0621, -13329019.762 8037400.0318, -13329145.4755 8037209.4985, -13329160.1704 8037172.0571, -13329141.2883 8037034.9902, -13329154.5465 8036865.8951, -13329226.2981 8036726.1905, -13329375.5766 8036580.5233, -13329493.1641 8036405.626, -13329571.8818 8036210.0612, -13329606.9252 8036019.9288, -13329605.1128 8035826.5955, -13329566.514 8035637.1653, -13329516.0966 8035505.8366, -13329440.8956 8035372.1865, -13329359.5729 8035101.3803, -13329277.1004 8034946.2172, -13329111.2491 8034754.6208, -13328889.6683 8034644.0999, -13328647.368 8034591.9636, -13328475.2073 8034517.5961, -13328158.4142 8034462.7744, -13327766.3421 8034222.0057, -13327652.7816 8034194.7403, -13327477.5717 8034185.6088, -13327320.653 8034203.5785, -13327114.0769 8034270.9726, -13326733.2873 8034495.6893, -13326545.9169 8034680.25729999, -13326361.0328 8034973.6938, -13326224.1011 8035081.3305, -13325772.6762 8035200.7277, -13325644.3842 8035257.9749, -13325511.1686 8035343.0236, -13325139.7112 8035636.3319, -13325006.8801 8035776.583, -13324903.1965 8035939.6515, -13324824.2101 8036150.3287, -13324714.3971 8036347.5301, -13324550.4846 8036476.31759999, -13324304.6385 8036548.1164, -13324120.2122 8036646.1607, -13323962.2057 8036689.657, -13323755.6134 8036662.8702, -13323461.3877 8036550.9155, -13322901.6091 8036476.5435, -13322494.3347 8036231.8252, -13322255.8219 8036157.8649, -13322034.9906 8036165.21639999, -13321567.5947 8036293.2046, -13321282.1656 8036257.4676, -13321053.4002 8036179.0344, -13320915.0025 8036170.4861, -13320773.8845 8036182.8781, -13320480.2924 8036147.8924, -13320329.7461 8036060.3293, -13320267.6251 8035983.527, -13320213.323 8035817.8339, -13320225.79 8035661.2338, -13320309.0876 8035470.8441, -13320350.9639 8035282.117, -13320356.1261 8035088.8569, -13320325.7767 8034903.3844, -13320348.5423 8034747.9715, -13320435.1712 8034604.0149, -13320539.9567 8034496.5092, -13320631.7485 8034367.7315, -13320698.8769 8034234.2931, -13320662.5688 8034092.5213, -13320671.5427 8034031.24140001, -13320726.2148 8033940.3813, -13320742.6531 8033828.123, -13320850.1592 8033649.4529, -13321061.6746 8033515.7526, -13321496.294 8033380.1723, -13321641.1478 8033317.1432, -13322034.9196 8033075.7113, -13322216.142 8032933.2796, -13322448.2902 8032851.3393, -13322591.3945 8032773.2583, -13322674.4168 8032624.4441, -13322801.369 8032501.5784, -13322904.5071 8032359.4318, -13322981.4371 8032201.5041, -13323026.3179 8032049.8359, -13323048.1967 8031857.8386, -13323029.911 8031647.8916, -13322968.4581 8031446.3465, -13322866.5274 8031262.0095, -13322753.8305 8031127.3816, -13322633.8078 8031024.6244, -13322229.8994 8030790.2807, -13322098.0209 8030742.1393, -13321943.3314 8030710.5495, -13321803.1675 8030703.1356, -13321663.3373 8030715.3347, -13321526.5614 8030746.9095, -13321395.5014 8030797.2457, -13321272.707 8030865.3647, -13321160.5678 8030949.9413, -13320986.4347 8031146.9334, -13320793.393 8031485.78419999, -13320629.5154 8031614.4011, -13320536.7037 8031639.797, -13320312.5967 8031635.1497, -13320172.9794 8031649.7662, -13319639.4161 8031795.7627, -13319484.0013 8031775.5179, -13319333.399 8031687.892, -13319212.5621 8031580.1766, -13319079.4634 8031495.0852, -13318934.7194 8031431.8992, -13318651.2955 8031377.1809, -13318500.8668 8031289.6334, -13318321.5286 8031071.5893, -13318271.5971 8030979.5852, -13318209.8206 8030790.90429999, -13318237.5186 8030362.3712, -13318222.9699 8030222.5142, -13318189.1357 8030086.0493, -13318128.8556 8029939.8831, -13318056.6801 8029819.2947, -13317968.458 8029709.9442, -13317852.1768 8029602.9964, -13317658.1021 8029483.5941, -13317435.6214 8029410.8335, -13317298.7262 8029392.2124, -13317163.2668 8029313.3429, -13317060.7893 8029159.7048, -13316784.835 8029047.3337, -13316514.8748 8028899.0751, -13316331.0531 8028840.7813, -13316054.1206 8028801.2587, -13315811.7301 8028663.0634, -13315648.1275 8028599.9167, -13315493.5063 8028568.2006, -13315353.3857 8028560.6665, -13315110.5746 8028594.537, -13314883.15 8028686.2457, -13314522.9418 8028952.3571, -13314374.7599 8029010.477, -13314230.948 8029096.7734, -13314033.6081 8029281.5564, -13313935.348 8029427.0498, -13313858.2001 8029604.1023, -13313821.1254 8029757.8251, -13313793.0639 8029995.36729999, -13313709.7254 8030190.7752, -13313670.6309 8030383.0268, -13313594.0804 8030520.0101, -13313485.4527 8030614.3485, -13313382.7399 8030734.4646, -13313172.1645 8031077.61819999, -13313106.468 8031221.452, -13313049.2165 8031478.28, -13313060.2056 8031740.8576, -13313040.6306 8031912.7025, -13312964.0539 8032049.7073, -13312659.0976 8032289.2283, -13312546.2893 8032399.9314, -13312442.9507 8032541.9408, -13312365.7926 8032699.7728, -13312320.6908 8032851.3957, -13312252.1647 8033226.2118, -13312168.1511 8033465.9816, -13312145.9301 8033693.192, -13312184.3328 8033953.6079, -13312295.2906 8034206.001, -13312353.8934 8034407.8091, -13312328.937 8034626.7298, -13312255.8255 8034820.7231, -13312062.5138 8035171.0972, -13312013.8602 8035340.0123, -13311995.7118 8035497.2327, -13312002.3359 8035655.3652, -13312028.904 8035793.5439, -13312129.4271 8036037.5839, -13312189.238 8036243.5646, -13312171.4408 8036399.6635, -13312094.8042 8036536.7427, -13311909.4436 8036697.2731, -13311782.4731 8036865.4838, -13311687.5754 8037073.1572, -13311641.7363 8037296.901, -13311639.0411 8037437.6251, -13311655.9214 8037577.3581, -13311789.7012 8038090.3855, -13311754.7344 8038433.7167, -13311685.4511 8038728.9856, -13311653.9262 8039133.0945, -13311572.6449 8039324.6989, -13311532.106 8039531.7209, -13311540.248 8039777.5603, -13311608.3543 8040041.5846, -13311590.538 8040197.7613, -13311520.467 8040339.172, -13311476.8031 8040473.0113, -13311425.2507 8040855.1374, -13311440.8482 8041118.1676, -13311556.1132 8041530.7721, -13311532.4416 8041738.2706, -13311392.1564 8041954.108, -13311223.3794 8042254.8652, -13311093.663 8042356.4108, -13310885.0453 8042459.5315, -13310746.4326 8042567.621, -13310597.9402 8042741.1572, -13310492.2126 8042943.7144, -13310423.1239 8043202.4943, -13310404.2474 8043395.1128, -13310429.6529 8043622.2928, -13310557.6321 8044069.4125, -13310483.1153 8044572.9657, -13310028.0479 8045335.8447, -13309966.1522 8045462.3667, -13309904.7326 8045682.5963, -13309866.4749 8046116.1541, -13309789.7006 8046253.3904, -13309484.2827 8046480.4893, -13309367.4244 8046587.3393, -13309249.4586 8046740.7205, -13309162.8683 8046913.8368, -13309110.8372 8047100.3295, -13309095.2793 8047293.3469, -13309116.7696 8047485.797, -13309190.9164 8047751.7606, -13309173.0353 8047908.0935, -13309095.8456 8048046.0442, -13308952.2196 8048190.3577, -13308845.1897 8048351.6387, -13308770.8394 8048530.4198, -13308722.4435 8048756.919, -13308671.2815 8048841.6467, -13308533.8382 8048949.1701, -13308382.2788 8048990.5582, -13308227.1136 8048978.5336, -13308086.727 8048988.0637, -13307902.5853 8049029.6885, -13307691.2868 8049047.60409999, -13307538.6838 8049089.6362, -13307394.5202 8049155.065, -13307248.5436 8049253.2278, -13307121.7948 8049375.2944, -13307027.3578 8049502.5417, -13306940.6853 8049675.698, -13306888.5809 8049862.2456, -13306824.4529 8050419.918, -13306850.4032 8050709.1923, -13306832.1022 8050868.7669, -13306717.8223 8051099.1893, -13306648.2559 8051375.0765, -13306629.4617 8051550.2576, -13306638.452 8051846.3843, -13306600.9946 8051977.0006, -13306489.2108 8052176.6206, -13306409.8638 8052238.6591, -13306121.4526 8051986.0117, -13305939.6455 8051860.5798, -13305458.4171 8051641.8664, -13305156.0233 8051545.0603, -13304919.7585 8051511.2298, -13304685.5439 8051513.9525, -13304531.2266 8051542.9047, -13304058.6349 8051679.4329, -13303738.7395 8051721.0537, -13303132.139 8051706.8729, -13302465.1484 8051728.739, -13302325.8456 8051702.6002, -13302203.5984 8051640.7159, -13302033.0488 8051247.7449, -13302040.1887 8050924.4006, -13302146.6833 8049424.5395, -13302169.9357 8049255.4926, -13302215.0617 8049093.6578, -13302335.7755 8048874.7347, -13302508.5028 8048696.0389, -13302717.1784 8048562.6417, -13303354.0299 8048253.4123, -13303471.8016 8048160.4861, -13303567.885 8048047.24229999, -13303675.8793 8047852.3502, -13303862.5731 8047356.9209, -13303939.725 8047059.0946, -13303980.2092 8046695.6732, -13303956.0986 8046285.584, -13303924.0567 8046088.727, -13303688.1377 8045418.9101, -13303541.8201 8044768.6911, -13303301.5832 8043904.0464, -13303242.7791 8043624.8472, -13303170.8825 8042744.6794, -13303060.3407 8042045.5693, -13303079.4868 8041304.6013, -13303059.7536 8041164.0313, -13302994.9894 8041075.5314, -13302960.157 8041059.13050001, -13302873.8571 8041061.0579, -13302779.6304 8040984.13, -13302658.2206 8040919.4112, -13302454.1882 8040838.1979, -13302227.1265 8040780.7229, -13301833.2354 8040719.1131, -13301676.4192 8040724.8438, -13301521.9377 8040753.3938, -13301072.2756 8040877.9189, -13300854.5412 8040954.9563, -13300642.8138 8041057.5439, -13300372.0519 8041219.0849, -13300136.8705 8041422.6053, -13300002.5191 8041602.0384, -13299951.351 8041745.0135, -13299898.8359 8042236.7544, -13299836.3741 8042399.8952, -13299791.6187 8042474.8235, -13299681.0375 8042606.5575, -13299613.0416 8042658.7161, -13299383.7316 8042757.8647, -13299148.4407 8042799.4362, -13298912.0706 8042808.9834, -13298671.9418 8042795.7936, -13298435.8241 8042746.7715, -13298212.0514 8042664.894, -13298000.7951 8042558.7376, -13297523.4753 8042221.0303, -13297403.9124 8042174.0113, -13297357.8412 8042188.4044, -13297341.7441 8042234.8554, -13297355.4347 8042304.1607, -13297440.4098 8042431.6442, -13297877.0075 8042785.9113, -13298094.2935 8042990.3545, -13298282.3139 8043222.8251, -13298438.2508 8043473.0837, -13298550.3075 8043742.9202, -13298592.4428 8043932.25, -13298601.4984 8044225.327, -13298549.4923 8044507.7466, -13298513.6867 8044594.4766, -13298415.1135 8044748.4329, -13298230.3616 8044946.7504, -13298024.8406 8045122.81229999, -13297526.8092 8045499.785, -13297072.883 8045976.9313, -13296783.7016 8046239.9904, -13296536.8146 8046392.3332, -13295950.6855 8046603.7636, -13295802.9129 8046557.7693, -13295856.6014 8046652.2695, -13295720.635 8046736.3922, -13295579.6155 8046851.1677, -13295434.5503 8047020.3696, -13295471.8106 8046719.1768, -13295508.7431 8046583.1892, -13295565.0958 8046451.9785, -13295597.8811 8046273.5587, -13295564.4116 8046119.8441, -13295474.2456 8045991.0369, -13295254.2306 8045833.9708, -13295081.2904 8045630.1799, -13294948.4532 8045546.2917, -13294793.5779 8045520.3563, -13294639.446 8045556.7067, -13294445.6722 8045653.5304, -13294376.9948 8045616.2655, -13294070.2681 8045582.4019, -13293884.2529 8045529.9029, -13293711.6578 8045442.8059, -13293381.1475 8045213.0637, -13293226.2838 8045187.0967, -13293073.435 8045223.1103, -13292940.0487 8045320.0942, -13292818.5973 8045460.2794, -13292680.301 8045572.3414, -13292648.6622 8045624.4834, -13292495.3847 8045609.1088, -13292345.2336 8045655.1522, -13292055.2821 8045900.3985, -13291817.2345 8046012.8848, -13291364.0794 8046099.8916, -13291223.4822 8046104.1869, -13291083.6571 8046088.8341, -13290930.6641 8046048.4638, -13290770.4341 8045976.1288, -13290638.9013 8045888.0521, -13290522.7438 8045780.4447, -13290370.8829 8045565.0887, -13290308.4623 8045419.4559, -13290243.1983 8045196.2535, -13290144.8297 8045073.6398, -13290006.807 8044998.6437, -13289850.5776 8044982.9169, -13289700.4211 8045028.9035, -13289579.6712 8045129.4582, -13289507.0943 8045268.9565, -13289493.9724 8045425.7208, -13289571.3719 8045698.7807, -13289583.091 8045944.6952, -13289562.8667 8046084.1534, -13289524.0906 8046217.2898, -13289367.0694 8046159.1071, -13289193.1181 8046066.3693, -13289036.8682 8046050.6238, -13288886.6853 8046096.6012, -13288765.907 8046197.158, -13288712.4144 8046299.9485, -13288399.5381 8046549.9366, -13288242.5514 8046629.1215, -13288038.1158 8046693.5076, -13287869.1924 8046816.1571, -13287787.5225 8046950.558, -13287764.0476 8047106.1403, -13287804.0432 8047276.4072, -13287135.0802 8047368.76299999, -13286889.3646 8047415.9055, -13285827.8761 8047743.0688, -13285677.9269 8047753.6315, -13285607.8628 8047742.2516, -13285479.0742 8047683.0005, -13285385.4837 8047571.8545, -13285354.2953 8047502.823, -13285322.6214 8047349.2437, -13285316.2288 8047183.8187, -13285341.9414 8046493.8192, -13285305.3515 8045421.3071, -13285305.8211 8044598.5672, -13285291.1935 8044155.0012, -13285245.3479 8043727.9218, -13285097.347 8043160.1038, -13285086.2414 8042996.2341, -13285123.577 8042833.6269, -13285218.1465 8042686.5389, -13285355.4345 8042569.5641, -13285758.0022 8042347.7935, -13285905.7975 8042250.5303, -13286033.534 8042134.9974, -13286176.2377 8041921.1695, -13286208.0969 8041842.0286, -13286240.9839 8041673.8947, -13286226.3925 8041505.3041, -13286167.1464 8041344.909, -13286034.0648 8041127.4989, -13285879.1588 8040922.78589999, -13285701.0964 8040737.0933, -13285503.8592 8040574.7952, -13285363.5729 8040479.9601, -13284999.7869 8040275.6233, -13284636.6692 8040107.0676, -13284277.2138 8039971.0392, -13283999.9343 8039889.0314, -13283781.4239 8039866.5359, -13283627.5294 8039882.0069, -13283472.2672 8039920.6255, -13282772.8872 8040185.4508, -13281979.8955 8040549.7811, -13281738.9521 8040623.309, -13281493.8623 8040646.8076, -13281333.6337 8040630.3622, -13281179.1674 8040593.2129, -13279809.3311 8040153.9357, -13278921.8445 8039810.596, -13278770.3778 8039725.667, -13278629.671 8039621.5802, -13278501.8387 8039498.738, -13278334.0136 8039286.4981, -13278130.4762 8038981.4424, -13277809.3792 8038431.7097, -13277708.8502 8038287.7114, -13277596.9419 8038160.0914, -13277468.1437 8038056.715, -13277396.4289 8038018.1355, -13277017.6519 8037885.2526, -13276802.8491 8037775.5823, -13276616.8258 8037619.2569, -13276294.5125 8037282.41350001, -13276274.6255 8037236.7528, -13276214.4745 8036878.7613, -13276077.0767 8036278.7013, -13275934.1866 8035999.5533, -13275492.8084 8035521.647, -13275166.3909 8035384.0708, -13274924.7149 8035194.9874, -13274751.7607 8034735.7057, -13274773.5736 8034376.259, -13274987.8723 8034344.2609, -13274961.2656 8034273.4269, -13275094.1024 8034192.8091, -13275102.3678 8034049.481, -13275045.7837 8034017.045, -13274770.0752 8034043.8749, -13274527.6677 8033956.828, -13274619.5268 8033622.9748, -13274805.5718 8033605.973, -13275067.7525 8033551.6687, -13275073.5643 8033477.8243, -13274901.2249 8033376.5004, -13274798.5378 8033253.0579, -13274757.7866 8033180.8019, -13274630.5916 8033117.8067, -13274441.6059 8033148.7182, -13274397.0263 8033121.44829999, -13274426.3402 8033015.9597, -13274386.6979 8033011.1758, -13274392.7252 8032942.8185, -13274500.0667 8032865.2381, -13274508.7418 8032842.3603, -13274441.8061 8032774.5035, -13274428.6293 8032715.684, -13274437.923 8032593.2992, -13274491.1352 8032485.0672, -13274428.2375 8032471.3953, -13274205.5976 8032476.3655, -13274138.0104 8032326.3366, -13274143.3501 8032261.336, -13274229.7371 8032106.5783, -13274213.9282 8032014.3757, -13274176.9987 8031964.6911, -13274173.1673 8031913.2105, -13274126.414 8031850.2582, -13274054.9468 8031828.4152, -13274102.1867 8031720.3286, -13274120.6453 8031636.4869, -13274093.6673 8031581.152, -13274094.528 8031424.6606, -13274064.7714 8031212.7977, -13274112.0953 8031117.633, -13274078.163 8031033.2468, -13273968.9157 8030945.2075, -13273784.8718 8030834.5256, -13273750.6099 8030748.3761, -13273777.6832 8030670.3382, -13273863 8030534.4211, -13273933.2263 8030471.2794, -13274048.0244 8030401.0465, -13274174.8768 8030362.7046, -13274587.3652 8030305.332, -13274736.5683 8030261.5421, -13274839.0701 8030211.3153, -13274982.0785 8030082.2983, -13275212.1993 8029796.26, -13275394.3989 8029646.5066, -13275564.4193 8029534.1628, -13275928.0317 8029355.4354, -13276246.7063 8029135.9041, -13276324.5879 8029113.2046, -13276402.8182 8029115.794, -13276486.5532 8029150.0028, -13276654.4507 8029262.7234, -13276742.6303 8029280.5574, -13276842.1173 8029267.5259, -13277217.9115 8029095.5668, -13277559.1933 8028992.4771, -13278859.0502 8028369.42, -13278906.4003 8028329.4314, -13278934.7471 8028281.9058, -13279020.2089 8027987.1695, -13279064.0468 8027761.0935, -13279115.6747 8027638.5096, -13279243.1735 8027475.6373, -13279489.4292 8027308.4146, -13280034.6096 8027162.9007, -13280230.0928 8027148.1501, -13280640.333 8027154.3873, -13280729.4328 8027132.6575, -13280765.0188 8027107.5591, -13280824.962 8026993.77, -13280834.2931 8026470.7533, -13280921.6056 8026252.10059999, -13281009.2984 8026144.2955, -13281117.9879 8026045.0005, -13281202.051 8025983.3155, -13281498.7922 8025830.9352, -13281570.6959 8025730.35059999, -13281586.8636 8025652.4865, -13281584.3283 8025570.6545, -13281455.9014 8025018.995, -13281438.087 8024772.8226, -13281495.449 8024597.701, -13281554.4742 8024530.1773, -13281672.1119 8024458.8995, -13281810.8318 8024428.4723, -13281949.8467 8024447.8709, -13282171.0526 8024548.9282, -13282603.842 8024800.5785, -13283113.6489 8024926.9371, -13283335.3051 8025011.2834, -13283654.9716 8025165.0335, -13283764.8217 8025197.2165, -13283820.387 8025198.4324, -13283972.3188 8025178.3328, -13284103.4313 8025110.79909999, -13284222.0185 8025012.5251, -13284617.4801 8024605.1498, -13284890.0244 8024396.3159, -13285139.7675 8024261.032, -13285362.623 8024191.2487, -13285547.9418 8024171.2223, -13285790.9783 8024183.304, -13286728.9146 8024293.6479, -13287824.3758 8024446.2877, -13287968.3308 8024424.4471, -13288038.6204 8024362.9605, -13288083.7758 8024283.6027, -13288093.7982 8024039.8334, -13288072.5669 8023939.098, -13288010.697 8023788.9417, -13287907.5076 8023655.4332, -13287807.4357 8023595.1132, -13287696.1236 8023552.2768, -13287576.6164 8023528.4235, -13287322.1199 8023521.6058, -13286364.1678 8023585.3009, -13285932.6422 8023567.5222, -13285559.9196 8023527.7866, -13285372.0572 8023224.931, -13285327.5909 8022742.6554, -13285336.6936 8022116.6618, -13285320.5304 8021939.8765, -13285184.1252 8021576.5797, -13285210.3904 8021458.3863, -13285085.1257 8021253.3153, -13285058.8604 8021031.071, -13285020.4728 8020951.81099999, -13284996.2278 8020821.1796, -13285013.6847 8020625.7331, -13285153.0552 8020379.725, -13285185.3815 8020283.7559, -13285123.7592 8020054.4401, -13285082.3411 8019993.8282, -13285063.612 8019919.5163, -13284880.1416 8019499.1809, -13284846.9114 8019454.7597, -13285007.7455 8019363.7, -13284955.215 8019232.3739, -13284978.2801 8019107.4375, -13284726.5741 8018699.8023, -13284869.9857 8018194.2579, -13284893.9028 8018189.8264, -13284928.5287 8018127.8725, -13284962.5302 8018158.1412, -13285010.8809 8018146.0003, -13285038.2381 8018085.7879, -13285036.3628 8018048.6701, -13284995.7503 8018026.2339, -13284991.0594 8017981.4163, -13284864.1459 8017985.8604, -13284835.0294 8017964.5357, -13284772.8901 8017979.0097, -13284747.7465 8018027.6305, -13284683.5496 8018051.0762, -13284668.0674 8018076.5754, -13284600.388 8018092.4532, -13284538.252 8018045.92979999, -13284523.5247 8018063.5504, -13284518.0863 8018041.4855, -13284506.3653 8018077.6533, -13284473.4352 8018074.6305, -13284469.7423 8018059.6256, -13284444.3049 8018073.8112, -13284466.8981 8018042.5275, -13284429.1019 8018030.3007, -13284412.6198 8018049.9417, -13284383.0217 8018024.7768, -13284413.9088 8017985.0333, -13284434.8293 8017996.02839999, -13284452.4979 8017980.3903, -13284302.1953 8017957.5889, -13284355.2986 8017912.0408, -13284324.7182 8017907.5947, -13284265.8213 8017866.6646, -13284248.2586 8017904.3587, -13284276.178 8017918.1297, -13284254.0043 8017931.9908, -13284240.5203 8017969.9851, -13284175.775 8017981.0737, -13284128.4631 8017962.89370001, -13284073.3459 8017975.3531, -13284097.4064 8017984.5593, -13284103.8982 8018020.6876, -13284125.1384 8018005.0201, -13284133.8576 8018035.0681, -13284154.3813 8017991.99589999, -13284257.3182 8017989.0339, -13284258.3181 8018007.12, -13284227.9962 8018009.2072, -13284228.5088 8018025.8884, -13284188.7496 8018058.1862, -13284224.7398 8018062.3216, -13284237.0178 8018040.7374, -13284262.0692 8018041.23709999, -13284273.2246 8018050.5282, -13284265.3354 8018088.7581, -13284289.1271 8018101.2398, -13284296.4648 8018129.7825, -13284274.1424 8018161.23170001, -13284146.9329 8018163.0674, -13284131.5676 8018201.7868, -13284145.7894 8018357.8468, -13284175.015 8018381.6389, -13284236.9308 8018380.1726, -13284245.0278 8018401.8353, -13284270.0123 8018403.7899, -13284282.2645 8018422.8934, -13284341.324 8018418.191, -13284376.6198 8018483.7753, -13284360.9632 8018519.7253, -13284303.3048 8018544.1281, -13284288.0304 8018537.68159999, -13284279.8808 8018560.696, -13284189.0576 8018595.0505, -13284185.2673 8018618.4548, -13284142.819 8018615.8316, -13284148.5509 8018663.0923, -13284138.1958 8018670.3762, -13284085.7248 8018642.0276, -13284088.9071 8018629.6648, -13284033.7674 8018619.8923, -13284013.3627 8018539.9005, -13283966.302 8018533.0136, -13283975.9373 8018444.421, -13283950.2041 8018440.3382, -13283927.7507 8018465.3695, -13283925.8357 8018496.0983, -13283867.5681 8018530.1383, -13283890.2402 8018567.1177, -13283873.948 8018609.8494, -13283796.9151 8018613.1912, -13283799.6914 8018572.1088, -13283758.4175 8018532.7036, -13283718.9315 8018551.9387, -13283714.3638 8018570.4482, -13283741.6739 8018620.4046, -13283697.6841 8018640.3208, -13283708.1082 8018623.9103, -13283673.6462 8018598.91529999, -13283659.3763 8018610.4607, -13283650.2199 8018580.4695, -13283604.3199 8018535.296, -13283626.0312 8018446.3656, -13283578.7438 8018437.725, -13283574.9301 8018395.4909, -13283556.8533 8018390.2316, -13283551.0468 8018362.1889, -13283627.3382 8018345.7765, -13283668.3163 8018355.9542, -13283668.0083 8018340.93419999, -13283602.6087 8018292.4055, -13283591.6426 8018255.0359, -13283562.0122 8018252.4209, -13283588.3703 8018228.54969999, -13283597.4235 8018132.6776, -13283624.8699 8018060.74229999, -13283663.6597 8018079.80390001, -13283671.2049 8018058.227, -13283639.0868 8018007.9601, -13283610.3527 8018008.2831, -13283585.3045 8017987.1228, -13283466.2346 8017982.9598, -13283459.5442 8017913.9839, -13283496.1205 8017684.2133, -13283570.9104 8017544.8103, -13283813.1216 8017253.89549999, -13284030.0948 8017056.9338, -13284138.2042 8016983.4841, -13284304.3132 8016940.9607, -13284535.7915 8016995.7872, -13284675.3089 8016990.5177, -13284803.207 8016956.6403, -13284963.0184 8016874.6384, -13285152.719 8016850.2654, -13285246.6462 8016873.1313, -13285393.8914 8016973.563, -13285461.4491 8017000.4839, -13285533.2821 8016998.9173, -13285622.4992 8016938.5426, -13285656.4313 8016880.1337, -13285659.9592 8016844.6416, -13285625.3243 8016779.9595, -13285309.744 8016492.0503, -13285143.1367 8016309.1705, -13285112.7086 8016220.7266, -13285136.0603 8016106.4836, -13285366.1161 8015865.3846, -13285597.1963 8015688.5673, -13285631.7018 8015630.3819, -13285712.9531 8015395.0271, -13285916.5027 8015191.9369, -13286004.0051 8015169.99889999, -13286314.3183 8015198.1932, -13286476.2472 8015185.9941, -13286551.4515 8015147.1905, -13286660.4099 8015024.1316, -13286767.7156 8014951.0625, -13287016.7879 8014856.0111, -13286990.1639 8014849.5087, -13287150.416 8014367.658, -13287401.5323 8014286.0626, -13287421.4697 8014243.1417, -13287381.644 8014109.6455, -13287394.7713 8013953.5358, -13287467.0996 8013814.6439, -13287587.386 8013714.5522, -13287725.4546 8013672.3253, -13287765.8255 8013553.4246, -13287797.7772 8013275.0661, -13287893.8353 8013090.582, -13288067.4583 8012899.1346, -13288180.3468 8012701.5234, -13288226.5928 8012569.0952, -13288253.9917 8012431.51, -13288262.0112 8012291.446, -13288248.0325 8012134.9507, -13288279.0802 8011929.24449999, -13288306.6051 8011883.9523, -13288314.3684 8011791.5049, -13288386.6598 8011652.6448, -13288506.8992 8011552.5683, -13288656.3999 8011506.8261, -13288811.9298 8011522.5252, -13288949.3185 8011597.2262, -13289067.6306 8011735.56939999, -13289109.5351 8011666.5994, -13289136.2321 8011647.8411, -13289147.0409 8011518.9546, -13289219.3373 8011380.0473, -13289330.4971 8011271.4379, -13289424.7742 8011145.063, -13289491.0945 8011021.5283, -13289539.6072 8010889.9507, -13289571.7374 8010735.5058, -13289579.3561 8010577.9299, -13289562.2776 8010421.1032, -13289517.679 8010262.4232, -13289379.7599 8010005.8701, -13289274.8029 8009681.8522, -13289163.8962 8009483.2302, -13288997.9817 8009303.2372, -13288679.8493 8009070.9319, -13288232.7172 8008822.0171, -13288171.1496 8008745.2127, -13288117.7605 8008579.8638, -13288130.8658 8008423.8682, -13288198.9556 8008275.65209999, -13288245.0504 8008106.6578, -13288260.3688 8007967.2864, -13288256.1776 8007827.1382, -13288223.6654 8007655.0128, -13288154.0829 8007475.4266, -13288082.6059 8007354.89199999, -13287894.4875 8007102.4279, -13287856.3388 8006950.6496, -13287918.0275 8006523.0715, -13287906.4559 8006278.4359, -13287743.0392 8005750.9899, -13287661.5369 8005570.7495, -13287598.0622 8005374.1112, -13287611.1743 8005218.1824, -13287684.8192 8005054.214, -13287727.9581 8004884.5152, -13287741.0283 8004709.8934, -13287726.7365 8004552.9094, -13287688.1105 8004400.1012, -13287617.8304 8004239.7809, -13287393.2182 8003934.8874, -13287339.7765 8003769.3073, -13287338.866 8003616.8095, -13287317.6895 8003478.2942, -13287243.0147 8003263.5498, -13287153.78 8003113.0222, -13286924.4746 8002819.6196, -13286799.4065 8002697.3611, -13286670.2345 8002607.4277, -13286495.7969 8002526.6836, -13286309.1889 8002480.7656, -13286152.2385 8002470.3202, -13285810.6439 8002487.9656, -13285673.8039 8002445.668, -13285607.2424 8002399.1609, -13285508.0236 8002263.9638, -13285468.7815 8002107.6144, -13285500.4566 8001898.3238, -13285547.2957 8001718.5069, -13285560.4721 8001561.4867, -13285548.9693 8001404.338, -13285518.2427 8001267.6716, -13285412.6376 8001037.5148, -13285571.6589 8000784.3656, -13285677.4063 8000040.6502, -13285762.124 7999886.4951, -13285477.4119 7999248.5036, -13285360.7637 7998816.3483, -13285331.5333 7998262.1884, -13285459.3305 7998147.6518, -13285712.3319 7997611.4536, -13285945.2539 7997381.2817, -13286027.8541 7997249.7888, -13286101.5682 7997168.1061, -13286323.6944 7997153.6219, -13286501.7926 7997066.5394, -13286658.9267 7997029.6874, -13286863.2921 7997064.173, -13287039.2411 7997183.442, -13287056.3375 7997157.0216, -13287182.693 7997065.3304, -13287345.8886 7997027.0411, -13287535.2969 7997022.8158, -13287722.9663 7996982.1321, -13287899.4363 7996906.3161, -13288071.5704 7996786.8478, -13288193.4829 7996661.6278, -13288283.1519 7996532.302, -13288351.5212 7996390.5167, -13288398.5266 7996231.9938, -13288479.7042 7996076.0783, -13288599.6984 7995976.2132, -13288748.891 7995930.5713, -13288904.0979 7995946.24409999, -13289052.5452 7996017.9372, -13289220.1258 7996066.9679, -13289787.6906 7996115.8528, -13290055.6151 7996270.8103, -13290165.6758 7996110.2745, -13290286.1105 7996009.9969, -13290435.2927 7995964.3214, -13290708.4961 7995992.6099, -13290845.6146 7996067.1288, -13290975.2822 7996228.7821, -13291094.0241 7996408.0226, -13291278.659 7996592.5527, -13291360.2812 7996524.5715, -13291509.4661 7996478.8714, -13291664.6889 7996494.4879, -13291801.8262 7996568.994, -13291950.4346 7996745.5897, -13292083.6778 7996858.6292, -13292218.7475 7996939.158, -13292364.7305 7996997.5237, -13292500.7526 7997029.6229, -13292639.9108 7997042.4411, -13292899.8431 7997013.9271, -13293096.9275 7996943.0326, -13293274.9878 7996832.6313, -13293437.4182 7996674.0851, -13293564.9883 7996482.4156, -13293691.2503 7996390.6249, -13293794.8631 7996366.1059, -13293827.3115 7996301.9418, -13294073.3623 7996109.6657, -13294163.094 7995984.8517, -13294218.7518 7995837.1166, -13294378.0357 7995704.3456, -13294527.1851 7995658.5911, -13294589.5057 7995663.2739, -13294641.8914 7995625.18, -13294793.7306 7995589.3963, -13294947.5741 7995615.1861, -13295079.0802 7995698.2667, -13295370.7415 7995686.9317, -13295409.6743 7995677.3738, -13295651.5141 7995502.9047, -13295803.3455 7995467.1013, -13295957.1895 7995492.8698, -13296316.1536 7995650.7098, -13296661.1027 7995688.4081, -13296799.9405 7995678.0018, -13297055.1183 7995605.8922, -13297397.968 7995626.3731, -13297712.3736 7995566.2109, -13297866.2256 7995591.9402, -13297998.1983 7995675.2435, -13298226.6189 7995997.7263, -13298359.6614 7996129.6735, -13298445.4227 7996107.7674, -13298600.6486 7996123.2391, -13298737.8441 7996197.6126, -13298835.6908 7996319.3333, -13298875.1178 7996456.0917, -13299588.8706 7996799.3084, -13299998.4107 7997030.7953, -13300312.2313 7997230.7119, -13300420.8679 7997216.7563, -13300651.9738 7997137.89779999, -13300764.4573 7997072.0201, -13300765.3658 7997040.6584, -13300843.7814 7996891.61379999, -13300971.3253 7996791.3124, -13301115.9981 7996744.68729999, -13301273.5207 7996763.9704, -13301413.4836 7996836.8816, -13301509.3021 7996960.9694, -13301547.6435 7997109.748, -13301533.2195 7997266.289, -13301495.5261 7997331.6251, -13301483.1256 7997438.9053, -13301432.9103 7997587.7468, -13301408.198 7997725.555, -13301402.869 7997865.4704, -13301417.0281 7998004.7697, -13301487.6631 7998238.9403, -13301602.1519 7998435.1073, -13301744.4988 7998589.0255, -13301906.5796 7998705.8141, -13301996.6711 7998834.3267, -13302046.8895 7998987.2518, -13302119.0457 7999127.1937, -13302200.8522 7999240.7477, -13302310.7001 7999353.4396, -13302451.6766 7999456.7274, -13302592.1661 7999527.4462, -13302759.0314 7999579.1176, -13303075.7886 7999633.0233, -13303207.8888 7999716.2759, -13303366.1979 7999938.2988, -13303525.438 8000096.4025, -13303695.4849 8000322.9567, -13303824.951 8000440.4328, -13303957.3253 8000525.4631, -13304185.0995 8000613.8136, -13304422.4047 8000643.6906, -13304694.5661 8000455.6994, -13304846.4488 8000419.6875, -13305000.4209 8000445.2835, -13305180.6026 8000556.6103, -13305254.4391 8000494.8795, -13305403.6107 8000448.8784, -13305558.9369 8000464.2117, -13305705.9817 8000550.544, -13306011.0446 8000497.9428, -13306246.8572 8000519.0616, -13306324.7971 8000561.2085, -13306500.8043 8000536.4968, -13306661.4548 8000493.1962, -13306816.7841 8000508.5035, -13306954.1383 8000582.7653, -13307052.1744 8000704.4442, -13307106.3682 8000891.6424, -13307210.8405 8000903.0758, -13307348.2059 8000977.3342, -13307406.6339 8001045.8607, -13307581.6603 8001029.2325, -13307640.0019 8001115.3, -13307675.061 8001110.1997, -13307802.8765 8001279.8739, -13307958.782 8001393.3959, -13308132.6828 8001418.6544, -13308194.9984 8001344.0428, -13308327.8432 8001247.0661, -13308479.7228 8001210.9767, -13308729.1657 8001240.6774, -13308866.5516 8001314.9105, -13308911.6285 8001370.8292, -13308982.9631 8001377.8376, -13309120.3539 8001452.0672, -13309218.436 8001573.7305, -13309261.9633 8001723.92, -13309244.1685 8001879.2973, -13309211.0185 8001938.5228, -13309205.6276 8001991.3925, -13309374.1196 8002170.053, -13309719.3302 8002401.8698, -13309849.9464 8002563.8607, -13309921.4791 8002736.6574, -13310016.3371 8002883.6664, -13310148.3172 8003023.581, -13310245.7623 8003094.8169, -13310455.3626 8003124.74, -13310616.4173 8003082.6854, -13310665.451 8003092.4763, -13310848.0176 8003191.0586, -13310903.4058 8003249.1984, -13311076.8123 8003323.2615, -13311542.0666 8003563.4496, -13311649.0457 8003571.1443, -13311805.6544 8003556.3271, -13312259.9261 8003427.0099, -13312413.9814 8003452.4612, -13312594.8156 8003566.1079, -13312780.4267 8003716.3828, -13312973.1504 8003810.3545, -13313167.4016 8003932.4124, -13313258.9053 8004062.5178, -13313317.8185 8004224.9964, -13313395.0648 8004362.3026, -13313504.8273 8004498.5483, -13313691.5008 8004651.0073, -13313793.6973 8004777.6131, -13313837.3357 8004927.8369, -13313819.63 8005083.2889, -13313788.8967 8005138.277, -13314158.5707 8005440.2891, -13314842.0759 8005894.5287, -13315165.1207 8006139.3883, -13315416.1863 8005951.4418, -13315565.3978 8005905.2034, -13315720.8523 8005920.3331, -13315858.3908 8005994.4797, -13315956.6411 8006116.1235, -13316000.331 8006266.36, -13315990.4207 8006353.5973, -13316051.4605 8006359.5349, -13316189.0102 8006433.6795, -13316294.4952 8006580.161, -13316402.7414 8006638.5055, -13316501.0091 8006760.15209999, -13316593.1839 8007002.6096, -13316817.0395 8007357.915, -13316938.3425 8007484.0497, -13317079.6687 8007587.1636, -13317269.6083 8007676.1537, -13317495.5363 8007727.988, -13317679.0743 8007838.6441, -13317824.4246 8007899.1364, -13317977.4323 8007936.10100001, -13318253.2647 8007964.7641, -13318437.3652 8008022.24, -13318668.9284 8008056.3401, -13318971.8153 8008219.4643, -13318999.5882 8008375.6156, -13318975.5851 8008587.6755, -13318921.7989 8008725.9106, -13318890.1994 8008862.5028, -13318881.4552 8009107.31449999, -13318903.2306 8009245.8273, -13318950.4397 8009396.2849, -13319020.563 8009537.4935, -13319100.7483 8009652.4287, -13319276.5126 8009822.7592, -13319488.1929 8009945.4261, -13319705.9423 8010010.2283, -13320042.5524 8010041.9745, -13320379.9602 8010219.1638, -13320653.0243 8010300.3283, -13320880.1047 8010306.424, -13321077.1428 8010266.3799, -13321263.7571 8010192.8051, -13321461.8994 8010049.8752, -13321598.9226 8009902.8016, -13321741.7877 8009675.4881, -13321987.6169 8009483.8466, -13322150.7367 8009278.577, -13322214.3287 8009153.6675, -13322264.3392 8009004.1282, -13322290.3833 8008848.5952, -13322291.8213 8008690.8983, -13322260.1629 8008500.881, -13322185.0952 8008304.711, -13322070.9632 8008128.4672, -13321922.7562 8007979.8489, -13321731.2893 8007857.5148, -13321506.9716 8007779.1703, -13321336.5795 8007680.071, -13321226.6769 8007583.6026, -13321093.9886 8007498.8071, -13320933.0997 8007430.2749, -13320771.8443 8007392.1337, -13320493.6103 8007230.2742, -13320442.1536 8007019.7833, -13320339.2405 8006813.5004, -13320280.531 8006634.3004, -13320292.9642 8006478.3075, -13320364.6072 8006339.2541, -13320636.0009 8006103.0575, -13320646.9817 8005965.2078, -13320718.6135 8005826.1607, -13320838.3167 8005725.6565, -13321034.6084 8005674.7686, -13321130.0734 8005572.3225, -13321333.4359 8005253.05839999, -13321459.4895 8005160.6973, -13321611.3772 8005124.322, -13322022.7026 8005208.3403, -13322249.6289 8005214.3944, -13322446.4611 8005176.147, -13322463.2934 8005149.6497, -13322589.3311 8005057.2713, -13322791.0789 8005008.9222, -13323067.0703 8005020.1768, -13323323.5675 8004967.9748, -13323557.8325 8004851.0346, -13323887.2484 8004581.4159, -13324137.2477 8004501.203, -13324334.8211 8004389.255, -13324524.6843 8004208.7942, -13324654.1928 8004001.2035, -13324718.9603 8003817.2169, -13324909.5214 8003418.2315, -13324946.2525 8003265.0003, -13324963.5047 8003085.6002, -13325011.0653 8002900.8198, -13325023.4159 8002743.7289, -13325011.0864 8002586.63979999, -13324974.3818 8002433.42, -13324914.2074 8002287.8416, -13324788.9827 8002098.2558, -13324624.4067 8001941.7514, -13324476.2692 8001848.984, -13324251.0539 8001766.2834, -13324089.2792 8001672.2704, -13324027.4142 8001595.8428, -13323918.9032 8001266.7233, -13323862.0669 8001138.7508, -13323777.6091 8001005.86200001, -13323660.762 8000875.7823, -13323537.7291 8000777.6811, -13323400.8963 8000700.069, -13323236.7807 8000640.1678, -13323035.7614 8000605.0905, -13322900.7714 8000526.61339999, -13322806.549 8000401.963, -13322767.7378 8000250.5165, -13322790.3668 8000095.8139, -13322895.6644 7999915.8876, -13322961.1462 7999753.6762, -13322992.6373 7999617.2348, -13323009.4836 7999443.5534, -13323144.2096 7999178.2901, -13323196.7342 7999029.8406, -13323223.4469 7998892.3938, -13323248.3083 7998590.8267, -13323246.0033 7998406.7139, -13323217.4074 7998251.8572, -13323171.9518 7998119.4569, -13323072.9335 7997904.8652, -13322975.3483 7997759.8082, -13322880.0812 7997657.3804, -13322771.5152 7997569.2323, -13322374.317 7997339.0719, -13322280.1445 7997214.4663, -13322230.0619 7996982.4397, -13322379.3628 7996686.67459999, -13322434.4637 7996539.2205, -13322510.4541 7996082.0243, -13322521.0444 7995936.9216, -13322508.7822 7995779.9685, -13322472.1652 7995626.8725, -13322412.0968 7995481.4027, -13322330.1624 7995347.2886, -13322274.8762 7995178.6641, -13322287.2552 7995022.9062, -13322358.7571 7994884.049, -13322478.2678 7994783.6693, -13322653.6833 7994710.7485, -13322800.0928 7994615.574, -13322939.3619 7994483.26560001, -13323041.9951 7994341.8468, -13323118.5545 7994184.7233, -13323163.2261 7994033.824, -13323183.7851 7993877.7845, -13323177.7547 7993703.0535, -13323141.5325 7993532.0301, -13323068.1593 7993354.3802, -13322835.6594 7993031.4705, -13322695.9909 7992884.4729, -13322546.7585 7992779.2209, -13322410.8197 7992715.6395, -13322333.9032 7992686.0183, -13322099.6417 7992639.77709999, -13321964.8063 7992561.3619, -13321870.7025 7992436.8283, -13321795.5117 7992169.8029, -13321690.9837 7991968.3627, -13321569.0285 7991819.9728, -13321381.5819 7991672.2791, -13321319.3751 7991595.3667, -13321265.3961 7991430.647, -13321278.3164 7991268.3835, -13321325.1965 7991133.0551, -13321353.907 7990978.3732, -13321358.1115 7990821.0993, -13321337.0595 7990662.1084, -13321403.56 7990097.4969, -13321381.9597 7989906.5471, -13321292.1972 7989552.3426, -13321317.8752 7989377.0807, -13321368.7533 7989232.5633, -13321397.4566 7989077.9204, -13321400.6046 7988903.2238, -13321372.3866 7988726.5113, -13321395.0203 7988572.0202, -13321475.4762 7988438.3256, -13321642.549 7988315.9184, -13321788.5134 7988262.6437, -13322061.9959 7988245.48889999, -13322248.4852 7988200.7315, -13322630.8055 7988033.3862, -13322808.2051 7987922.4312, -13322947.3531 7987790.2434, -13323067.3673 7987618.6646, -13323143.8923 7987442.5188, -13323188.4146 7987236.6197, -13323268.8246 7987102.93069999, -13323394.5553 7987010.7681, -13323546.0685 7986974.4511, -13323750.3 7987007.8873, -13324000.3629 7987140.4978, -13324254.2483 7987201.6299, -13324480.7012 7987199.6974, -13324700.9135 7987146.7712, -13324932.5398 7987026.0112, -13325265.7928 7986750.8937, -13325522.8793 7986648.9331, -13325732.7668 7986493.3462, -13325836.7606 7986375.5866, -13325921.0839 7986242.9792, -13325983.6613 7986098.7906, -13326024.9686 7985934.5021, -13326100.4683 7985787.7126, -13326219.7854 7985687.4, -13326368.5259 7985641.0834, -13326574.4858 7985660.8429, -13326785.2683 7985743.3652, -13326955.7818 7985779.6559, -13327129.9955 7985785.72609999, -13327302.6138 7985761.3911, -13327468.3895 7985707.3912, -13327635.3297 7985617.1238, -13328008.1209 7985500.4743, -13328136.5277 7985445.8238, -13328338.5522 7985309.2112, -13328491.4506 7985141.9289, -13328591.717 7984970.5166, -13328655.6365 7984789.4723, -13328722.7438 7984342.78719999, -13328708.944 7984093.8025, -13328723.1174 7983913.6036, -13328887.6681 7983570.6787, -13328923.7154 7983435.6878, -13328940.6595 7983296.9869, -13328932.2265 7983105.1791, -13328887.4208 7982918.5119, -13328807.8908 7982743.8433, -13328697.1332 7982587.3777, -13328643.0642 7982422.9107, -13328655.2972 7982267.4099, -13328720.7157 7982130.8915, -13328763.7607 7981998.0021, -13328802.267 7981682.2856, -13328908.0466 7981476.444, -13328976.8544 7981400.9457, -13329200.8175 7981243.6077, -13329326.0832 7981122.3093, -13329445.8467 7980950.7868, -13329527.3942 7980758.0689, -13329570.3343 7980500.2595, -13329551.9144 7980271.5133, -13329573.2977 7979916.6136, -13329539.2968 7979690.4671, -13329575.112 7979331.9545, -13329545.9472 7979124.7287, -13329445.8717 7978811.785, -13329458.0843 7978656.3577, -13329529.3048 7978517.7408, -13329676.3099 7978394.0413, -13329839.6475 7978289.9368, -13329966.948 7978170.8847, -13330062.3157 7978046.2326, -13330143.9873 7977892.1468, -13330197.709 7977726.196, -13330233.0827 7977506.0149, -13330359.34 7977280.9746, -13330427.2255 7977064.8424, -13330451.6105 7976835.4356, -13330490.4367 7976699.8882, -13330510.8057 7976544.1923, -13330504.6303 7976369.8726, -13330473.297 7976216.0218, -13330633.6883 7976071.6985, -13330735.0687 7975942.8587, -13330866.3103 7975832.3896, -13331109.3043 7975734.6541, -13331394.9782 7975534.615, -13331834.3224 7975440.4244, -13332071.4652 7975331.93, -13332210.4034 7975226.8636, -13332318.1779 7975112.8958, -13332608.9482 7974664.3922, -13332725.7511 7974632.2735, -13332672.192 7974721.5671, -13332640.0642 7974943.1034, -13332663.5987 7975090.3734, -13332668.3589 7975296.9268, -13332758.6819 7975582.9635, -13332573.8789 7975634.749, -13332420.5159 7975763.8972, -13332288.2614 7975903.9028, -13332132.4909 7976015.4102, -13331941.8159 7976100.6416, -13331580.8572 7976190.7798, -13331455.4078 7976282.9398, -13331375.2563 7976416.5178, -13331326.843 7976888.2579, -13331282.4289 7977038.8558, -13331211.418 7977190.1991, -13331199.2433 7977345.5978, -13331253.3284 7977509.93559999, -13331315.0605 7977586.0634, -13331589.7578 7977762.578, -13331734.941 7977912.9835, -13331860.5056 7978121.9975, -13331946.0164 7978398.2383, -13332040.1014 7978522.414, -13332174.7811 7978600.5064, -13332352.6326 7978623.4017, -13332589.505 7978619.8147, -13332793.8417 7978663.1437, -13332969.5409 7978739.4965, -13333305.0042 7978942.0961, -13333480.3443 7979111.4122, -13333609.5993 7979318.1998, -13333685.0883 7979550.179, -13333702.322 7979793.5721, -13333660.2708 7980033.9198, -13333561.4281 7980256.9421, -13333447.6376 7980411.3288, -13333270.5954 7980567.6568, -13333132.3643 7980727.6808, -13333024.094 7980815.6888, -13332889.0472 7980895.5539, -13332743.1905 7980953.268, -13332363.3511 7981054.0617, -13332244.1905 7981154.40649999, -13332172.9971 7981293.097, -13332147.754 7981534.1508, -13332086.8248 7981734.3935, -13331995.5373 7981903.1608, -13331873.7807 7982051.3776, -13331754.5926 7982153.524, -13331620.9196 7982235.7315, -13331459.4198 7982301.242, -13331215.6021 7982361.9009, -13331090.0471 7982454.1331, -13331009.8262 7982587.8185, -13330960.8841 7983058.0928, -13330916.4296 7983208.8129, -13330857.5449 7983335.5342, -13330834.8621 7983491.5919, -13330873.7389 7983642.6583, -13330967.8746 7983766.9325, -13331102.6392 7983845.096, -13331257.0863 7983864.998, -13331407.2073 7983823.5445, -13331557.3168 7983705.4228, -13331734.5356 7983526.0692, -13331959.2994 7983393.1885, -13332658.4095 7983183.0964, -13332900.2257 7983153.1282, -13333142.0961 7983182.6531, -13333354.173 7983261.8621, -13333543.0353 7983386.8343, -13333697.1785 7983547.89899999, -13333846.8061 7983634.6104, -13334026.4959 7983657.6981, -13334258.6873 7983654.695, -13334412.9687 7983683.16619999, -13334560.9068 7983735.4644, -13334710.6862 7983815.6778, -13334865.1399 7983835.50509999, -13335015.2384 7983793.9799, -13335137.6508 7983697.558, -13335213.3507 7983561.2286, -13335255.5106 7983260.8144, -13335342.5485 7983032.8051, -13335448.1123 7982872.5814, -13335582.2466 7982735.4825, -13335709.8284 7982644.0608, -13335834.0023 7982580.4688, -13336185.2275 7982474.0463, -13336333.0801 7982357.5489, -13336501.7861 7982182.1132, -13336676.8723 7982067.8464, -13336821.6891 7982007.5063, -13337200.4942 7981901.5032, -13337340.7592 7981790.954, -13337525.8558 7981600.831, -13337750.4557 7981467.8148, -13337967.3127 7981403.0866, -13338082.79 7981394.0123, -13338230.6162 7981512.6839, -13338353.514 7981580.2996, -13338798.7432 7981721.6269, -13338997.2225 7981760.8267, -13339131.5565 7981769.5382, -13339339.089 7981756.2063, -13339474.5847 7981731.3926, -13339668.726 7981672.4308, -13339972.7929 7981538.318, -13340437.5603 7981279.4069, -13340949.8288 7981028.5947, -13341880.1388 7980652.0045, -13342065.8796 7980525.7262, -13342154.0956 7980413.9847, -13342213.7193 7980285.5808, -13342253.5376 7980149.2072, -13342274.707 7980007.3554, -13342268.483 7979787.2436, -13342168.5415 7979313.4658, -13342223.3969 7979298.2336, -13342359.1004 7979191.1342, -13342409.4269 7979106.9817, -13342439.6798 7978936.5858, -13342377.7965 7978620.98, -13342386.1992 7978397.4841, -13343056.9293 7977578.6358, -13343290.0911 7977208.2327, -13343376.6167 7976997.6791, -13343481.684 7977011.0462, -13343631.5953 7976969.3911, -13343767.237 7976862.301, -13343817.5325 7976778.16579999, -13343847.7454 7976607.818, -13343800.5899 7976437.3398, -13343811.773 7976335.6381, -13343767.7237 7976186.1699, -13343632.2708 7976036.1609, -13343814.9812 7975602.7489, -13344365.6393 7974569.2352, -13344468.522 7974452.8055, -13344594.4676 7974361.269, -13344982.3582 7974143.3694, -13345394.3966 7973934.7887, -13345481.638 7974185.6045, -13345543.4827 7974261.5782, -13345693.0523 7974347.9477, -13345847.3332 7974367.5285, -13345997.1777 7974325.8425, -13346119.2937 7974229.3703, -13346261.3799 7973979.9803, -13346395.1156 7973819.4304, -13346515.7325 7973719.2671, -13346690.3999 7973620.7318, -13346846.2874 7973497.5567, -13346896.5267 7973413.4397, -13346926.658 7973243.1584, -13346891.6047 7973089.8538, -13347025.3822 7973031.1367, -13347276.2635 7972959.2152, -13347411.7806 7972852.1195, -13347462.0093 7972768.0063, -13347492.1255 7972597.7377, -13347457.9772 7972445.7719, -13347352.0611 7972306.7455, -13347486.7479 7971968.09139999, -13347618.371 7971499.7223, -13347643.6734 7971318.1966, -13347675.6685 7970774.0785, -13347737.018 7970625.9661, -13347808.3792 7970552.5287, -13347957.1377 7970492.2499, -13348076.0707 7970494.5348, -13348201.1769 7970531.4652, -13348262.1995 7970565.1355, -13348379.3223 7970656.3575, -13348485.5456 7970774.9214, -13348603.4789 7970995.1497, -13348658.0424 7971251.5343, -13348659.4278 7971432.6592, -13348622.9569 7971712.81, -13348398.4743 7972606.125, -13348341.1352 7972922.6924, -13348353.4147 7973244.17189999, -13348442.1409 7973546.9898, -13348535.3203 7973735.2243, -13348655.7002 7973903.9898, -13348869.3128 7974120.8565, -13349023.7379 7974245.764, -13349752.4201 7974709.5299, -13350732.5278 7975230.5501, -13350955.9437 7975401.8163, -13351082.5671 7975548.2861, -13351132.9074 7975631.8287, -13351204.5619 7975820.4812, -13351230.9716 7976024.1116, -13351209.3706 7976232.027, -13351103.5366 7976537.1036, -13350827.0945 7977015.1758, -13350501.4972 7977473.9259, -13350014.1648 7978091.5196, -13349911.8717 7978027.93, -13349758.2354 7978003.3232, -13349607.0438 7978040.11819999, -13349481.794 7978132.5972, -13349320.1206 7978371.397, -13349290.8585 7978576.3878, -13349337.0787 7978779.1043, -13349342.1713 7978871.0224, -13348924.7583 7979347.1988, -13348798.4991 7979279.8341, -13348564.9224 7979258.1185, -13348301.588 7979269.02709999, -13348055.6214 7979346.4022, -13347790.393 7979522.7229, -13347622.2513 7979472.0857, -13347434.9057 7979378.7428, -13347279.957 7979364.3097, -13347131.4804 7979410.9957, -13346906.8197 7979575.2534, -13346796.7048 7979697.2832, -13346625.2393 7979843.8244, -13346584.819 7979853.644, -13346459.501 7979946.0968, -13346375.48 7980086.7636, -13346334.3523 7980223.7772, -13346275.7766 7980350.5196, -13346121.1729 7980561.0249, -13345893.9482 7980737.9298, -13345604.2025 7980805.1253, -13345360.9986 7980818.5265, -13345007.359 7980765.9404, -13344856.0865 7980802.655, -13344730.7309 7980895.0916, -13344645.0711 7981058.6763, -13344558.0788 7981097.8562, -13344388.4403 7981137.533, -13344197.0742 7981146.3702, -13344005.5348 7981121.5974, -13343854.2496 7981158.2939, -13343728.8755 7981250.7183, -13343645.6832 7981389.8841, -13343552.1791 7981647.301, -13343412.9171 7981847.55, -13343257.9622 7981987.9833, -13343068.9521 7982096.7032, -13342911.7802 7982212.5433, -13342828.8051 7982351.3128, -13342791.1619 7982483.4387, -13342734.726 7982611.1998, -13342606.9559 7982798.3439, -13342440.4346 7982951.89559999, -13342250.3744 7983061.0539, -13342093.5715 7983176.5966, -13342013.5423 7983310.4074, -13341991.3513 7983464.8111, -13342022.7951 7983572.4907, -13341878.8229 7983690.0863, -13341727.4905 7983771.3419, -13341597.9564 7983880.7007, -13341526.9138 7984019.5261, -13341507.8647 7984184.0112, -13341466.2511 7984335.5614, -13341308.7466 7984660.9438, -13341235.7026 7984971.6576, -13341159.6155 7985128.761, -13341057.4511 7985270.2421, -13340918.6766 7985402.7119, -13340757.2183 7985506.21720001, -13340628.9083 7985561.0821, -13340259.874 7985677.2443, -13340140.7505 7985777.7755, -13340013.9436 7986005.4712, -13339864.2329 7986175.6451, -13339649.3526 7986324.1904, -13339400.4432 7986413.0078, -13339274.9262 7986505.4259, -13339194.8121 7986639.268, -13339166.7047 7986834.3339, -13339151.5378 7987099.3557, -13339109.8617 7987250.9531, -13339033.216 7987418.2228, -13339021.1929 7987573.8414, -13339085.5361 7987773.64549999, -13339114.4113 7987928.2184, -13339117.7615 7988102.8773, -13339090.7877 7988275.4697, -13339034.3073 7988440.7507, -13338940.1712 7988608.1303, -13338852.5273 7988716.9505, -13338641.8685 7988926.8551, -13338517.4858 7989022.8124, -13338379.6489 7989098.09269999, -13338231.7522 7989150.8406, -13338060.0609 7989181.4617, -13337883.5598 7989189.5649, -13337710.4351 7989168.5477, -13337559.841 7989124.11289999, -13337383.1334 7989043.3257, -13337177.0603 7989023.858, -13337028.3261 7989070.4103, -13336909.1055 7989170.9379, -13336837.9276 7989309.82, -13336802.4999 7989590.17409999, -13336707.1261 7989833.787, -13336587.3956 7990005.6273, -13336448.4547 7990138.1019, -13336223.5755 7990271.23979999, -13335856.1502 7990391.4447, -13335547.9162 7990674.94399999, -13335372.615 7990789.3209, -13335227.6183 7990849.7083, -13334842.0608 7990960.3694, -13334685.5259 7991092.28369999, -13334544.5066 7991238.0113, -13334371.1953 7991355.42230001, -13334210.6954 7991423.893, -13333826.858 7991531.4444, -13333707.555 7991631.9559, -13333580.5198 7991854.1192, -13333427.6051 7992021.6552, -13333316.1745 7992105.9588, -13333194.1153 7992173.9036, -13332872.8735 7992283.8228, -13332753.5457 7992384.33, -13332681.897 7992523.9441, -13332620.9997 7992779.9365, -13332467.3882 7993092.337, -13332455.1185 7993249.4006, -13332492.4361 7993445.748, -13332490.9337 7993637.9968, -13332452.8437 7993826.431, -13332370.4941 7994021.9766, -13332358.3551 7994177.3479, -13332412.5671 7994342.4171, -13332474.4538 7994418.7012, -13332736.1426 7994587.6311, -13332912.9025 7994780.5261, -13333014.5568 7994963.8425, -13333120.5386 7995274.3559, -13333182.4405 7995350.6434, -13333332.3014 7995437.4946, -13333486.992 7995457.3745, -13333637.3299 7995415.8064, -13333776.271 7995306.3973, -13333938.3622 7995133.0347, -13334096.4182 7995023.9435, -13334272.3429 7994947.06889999, -13334654.8229 7994840.1673, -13334777.4163 7994743.6049, -13334853.2286 7994607.0762, -13334881.6888 7994368.5886, -13334926.6496 7994199.6516, -13334983.3017 7994071.747, -13335057.1678 7993952.9878, -13335184.1456 7993808.8332, -13335351.1251 7993682.4354, -13335524.2196 7993599.4435, -13335820.3591 7993514.076, -13335956.4086 7993406.8812, -13336006.8992 7993322.6081, -13336082.7195 7992909.99459999, -13336169.8358 7992681.6813, -13336243.6697 7992562.9331, -13336333.2783 7992455.6362, -13336446.0303 7992354.6967, -13336561.6817 7992276.3012, -13336769.3586 7992185.4719, -13337009.5373 7992142.6751, -13337218.5024 7992153.3304, -13337452.6338 7992220.1421, -13337627.1649 7992242.476, -13337777.4134 7992200.8449, -13337944.9405 7992068.7783, -13338087.4252 7991921.0534, -13338230.164 7991820.5673, -13338421.1575 7991734.9885, -13338797.1331 7991629.6669, -13339113.8687 7991389.6996, -13339254.2791 7991319.2486, -13339386.9832 7991275.7846, -13339750.7609 7991206.2943, -13339889.8198 7991193.8431, -13340081.0855 7991208.5604, -13340460.3502 7991296.3715, -13340690.7559 7991241.8509, -13340813.2113 7991145.2395, -13340888.8781 7991008.7187, -13340950.2989 7990579.1093, -13341012.4764 7990415.8422, -13341102.0037 7990265.8752, -13341241.653 7990109.8472, -13341506.8237 7989897.6599, -13341583.3857 7989769.6597, -13341681.1951 7989533.9376, -13341815.5451 7989351.2243, -13342170.3288 7989056.1191, -13342318.013 7988963.2125, -13342462.9128 7988902.7055, -13342615.4746 7988865.6504, -13342771.9428 7988852.9594, -13342930.231 7988864.75900001, -13343181.4157 7988821.0258, -13343338.3917 7988822.0339, -13343696.6046 7988866.7232, -13343899.6495 7988810.2878, -13344021.4822 7988750.6607, -13344154.1113 7988707.1291, -13344308.8705 7988680.7924, -13344465.8361 7988679.0321, -13344655.0462 7988710.2697, -13344834.8335 7988777.1, -13345026.1645 7988898.5373, -13345195.6252 7989072.3588, -13345345.4907 7989158.8967, -13345500.0763 7989178.5146, -13345699.5134 7989123.0298, -13345891.303 7989005.5907, -13346052.8105 7988939.7099, -13346357.5679 7988852.1396, -13346595.5948 7988830.067, -13346757.8877 7988784.8912, -13346893.6918 7988677.5718, -13346944.0272 7988593.2824, -13346983.294 7988411.5706, -13347048.1568 7988249.4139, -13347140.1362 7988101.0076, -13347256.4364 7987970.8588, -13347364.6348 7987882.5631, -13347499.6437 7987802.3635, -13347645.5103 7987744.3088, -13347946.8068 7987659.9708, -13348069.1087 7987563.2909, -13348144.607 7987426.7665, -13348164.0092 7987249.3091, -13348155.3518 7987009.0118, -13348205.3261 7986769.9741, -13348259.461 7986641.1369, -13348330.9639 7986521.1033, -13348430.4191 7986399.488, -13348552.3023 7986291.0304, -13348602.6039 7986206.7572, -13348630.4439 7986054.2564, -13348842.8589 7985933.8825, -13348979.6606 7985825.7151, -13349086.2823 7985614.1445, -13349087.0767 7985532.7525, -13349023.2095 7985291.4242, -13349313.6986 7985052.7756, -13349363.9835 7984968.5115, -13349397.485 7984778.7736, -13349407.1684 7984508.5486, -13349451.7475 7984339.7563, -13349529.3112 7984172.8742, -13349654.2071 7984073.8132, -13349729.643 7983937.3376, -13349752.1241 7983731.3417, -13349669.0472 7983496.908, -13349778.471 7983190.93649999, -13349878.0712 7983026.9323, -13349994.2468 7982896.832, -13350240.5727 7982697.3518, -13350325.1846 7982588.2811, -13350425.1795 7982490.9054, -13350636.777 7982353.5856, -13350790.741 7982231.7912, -13350866.1384 7982095.3387, -13350883.036 7981940.2967, -13350838.8111 7981790.764, -13350733.1617 7981661.172, -13350615.347 7981567.0152, -13350838.9659 7981082.4861, -13350924.2678 7980837.5305, -13351025.1707 7980213.7539, -13351040.0402 7979811.3928, -13351082.0381 7979664.8752, -13351257.8936 7979261.1243, -13351351.2248 7979136.75639999, -13351431.7857 7979082.414, -13351669.3076 7978967.8865, -13351773.0683 7978853.8586, -13351811.5836 7978761.9514, -13351830.6089 7978662.8058, -13351815.7918 7978464.047, -13351783.7389 7978450.5723, -13351830.6883 7978439.1323, -13352364.1262 7978518.062, -13352496.3678 7978600.2082, -13352586.6465 7978727.1785, -13352665.9424 7979097.1371, -13352709.4827 7979229.7947, -13352808.1932 7979414.211, -13352991.7569 7979645.0693, -13353048.5761 7979897.0218, -13353035.7126 7980113.9797, -13352947.1684 7980436.27489999, -13352897.6863 7980861.9135, -13352822.3379 7980998.3628, -13352504.8159 7981252.6203, -13352345.6579 7981437.3618, -13352230.0647 7981671.6897, -13352194.4468 7981806.7487, -13352177.936 7981945.4621, -13352199.3124 7982205.9858, -13352287.2671 7982452.0968, -13352359.5048 7982571.5973, -13352447.642 7982679.8629, -13352549.9635 7982774.7854, -13352675.7339 7982861.6871, -13352766.0686 7982988.7254, -13352800.3101 7983140.5755, -13352770.2685 7983311.8466, -13352709.1646 7983438.3583, -13352662.5271 7983588.4098, -13352641.1989 7983726.4953, -13352639.2596 7983866.2135, -13352687.7304 7984123.1328, -13352748.2802 7984268.1262, -13352836.2656 7984409.7776, -13352870.5834 7984561.9553, -13352840.5496 7984732.5139, -13352788.3265 7984820.1176, -13352679.9915 7984931.5238, -13352598.4023 7985044.878, -13352533.3511 7985168.5071, -13352486.1047 7985300.0052, -13352421.8033 7985694.3633, -13352417.6245 7986018.1894, -13352430.2742 7986157.3879, -13352473.0417 7986326.6916, -13352553.1549 7986501.1745, -13352891.8076 7986936.0603, -13353022.1571 7987196.3823, -13353067.7674 7987398.6009, -13352990.4379 7987881.4974, -13352915.0244 7988018.0767, -13352723.5685 7988208.9976, -13352543.8034 7988351.2833, -13352347.9434 7988467.6332, -13352184.2111 7988624.402, -13352102.5757 7988737.8077, -13352030.5798 7988877.5597, -13351981.2893 7989026.8776, -13351955.9192 7989182.08529999, -13351920.0254 7989815.5504, -13351947.9062 7989988.0298, -13352033.395 7990279.7696, -13352008.2664 7990478.0191, -13351950.6815 7990613.7211, -13351915.0207 7990748.9404, -13351898.4897 7990887.8185, -13351903.1459 7991045.0635, -13351958.839 7991282.9679, -13352024.4555 7991425.8964, -13352102.2735 7991544.7143, -13352147.0141 7991695.8761, -13352130.1265 7991851.1215, -13352046.6484 7992002.2706, -13351939.7014 7992127.5954, -13351858.1125 7992262.03499999, -13351793.3226 7992424.3177, -13351759.8623 7992578.0514, -13351750.8174 7992735.1397, -13351769.6553 7992908.9124, -13351812.1531 7993060.3989, -13351880.7477 7993208.5691, -13351918.1544 7993374.5155, -13351878.8146 7993583.0594, -13351760.4619 7993790.5648, -13351698.4949 7993953.9884, -13351667.7103 7994108.3149, -13351661.4011 7994265.5696, -13351705.4265 7994523.658, -13351763.5086 7994669.8955, -13351857.0262 7994837.5759, -13351902.6575 7995040.0052, -13351852.7125 7995369.1187, -13351874.1291 7995630.10679999, -13351948.4668 7995843.9722, -13352085.594 7996068.0906, -13352187.0825 7996311.99449999, -13352346.9527 7996519.207, -13352481.0678 7996631.1399, -13352616.7473 7996710.5563, -13352779.9348 7996772.6403, -13352934.0328 7996803.468, -13353143.3659 7996806.3629, -13353362.5034 7996764.1778, -13353547.5076 7996803.1017, -13353659.5013 7996767.7742, -13353809.8589 7996765.4217, -13353964.7437 7996738.8532, -13354399.458 7996582.6348, -13354862.7527 7996638.4093, -13355002.3537 7996632.9784, -13355139.841 7996608.1328, -13355272.5376 7996564.3564, -13355397.8596 7996502.5017, -13355486.2488 7996438.8975, -13355634.4635 7996268.4625, -13355765.6942 7996157.2399, -13355914.4402 7996110.2705, -13356098.532 7996124.1224, -13356212.4129 7996116.6784, -13356256.5926 7996079.2292, -13356405.3341 7996032.2507, -13356710.1195 7996069.5912, -13356842.7214 7996151.8417, -13356934.5392 7996280.7992, -13356987.5655 7996429.6171, -13357022.4847 7996361.5463, -13357141.5377 7996260.6069, -13357290.2767 7996213.6097, -13357445.5875 7996227.857, -13357691.212 7996348.453, -13357940.2626 7996408.8025, -13358079.9942 7996173.9084, -13358199.0298 7996072.9549, -13358347.7579 7996025.9381, -13358806.0936 7996084.5276, -13358963.034 7996076.9648, -13359102.9493 7996049.3036, -13359256.9822 7996073.7655, -13359389.6108 7996155.9701, -13359480.2236 7996283.1437, -13359514.7365 7996435.5249, -13359505.5606 7996488.5653, -13359594.3054 7996492.0448, -13359767.4069 7996466.8338, -13360022.5065 7996497.7512, -13360160.2821 7996570.983, -13360259.1042 7996691.8754, -13360303.6116 7996841.64019999, -13360286.8846 7996997.0056, -13360214.1549 7997155.5055, -13360169.752 7997324.6443, -13360156.1092 7997533.9563, -13360190.5137 7997762.0663, -13360181.754 7997812.1114, -13360262.8492 7997835.3937, -13362004.6641 7998276.4178, -13362075.2483 7998157.6685, -13362200.6639 7998064.727, -13362398.8863 7998016.1166, -13362626.7677 7997981.3142, -13363049.3711 7997828.8759, -13363241.8133 7997810.26349999, -13363310.4927 7997775.5246, -13363472.538 7997642.6973, -13363629.9814 7997435.2249, -13363751.3594 7997332.1294, -13363900.0742 7997284.9946, -13364055.4164 7997299.1056, -13364193.2441 7997372.2693, -13364292.1406 7997493.1189, -13364351.3752 7997692.0454, -13364335.9016 7997842.4772, -13364368.0213 7997938.7519, -13364405.3015 7997929.5986, -13364421.8275 7997901.7759, -13364432.1976 7997828.0298, -13364511.967 7997693.7285, -13364739.6566 7997522.1493, -13364891.1756 7997361.4333, -13365029.1779 7997259.0841, -13365180.6692 7997221.8741, -13365334.7421 7997246.2134, -13365476.2053 7997333.7336, -13365582.5225 7997429.7399, -13365803.7705 7997447.0558, -13365851.5502 7997368.6877, -13365894.4392 7997343.0383, -13366095.667 7997293.5862, -13366249.7439 7997317.9067, -13366383.2755 7997400.4974, -13366542.8336 7997567.888, -13366732.5905 7997692.2313, -13366911.5925 7997761.7387, -13367112.1003 7997796.8245, -13367249.9659 7997869.9358, -13367396.4923 7998025.0581, -13367584.0799 7998152.686, -13367745.1622 7998220.124, -13368085.7964 7998314.4137, -13368601.2217 7998670.5114, -13368744.6131 7998734.9871, -13368889.6694 7998779.2128, -13368877.1416 7998649.1569, -13368899.3435 7998490.5849, -13368979.0386 7998356.226, -13369104.3684 7998263.1687, -13369255.857 7998225.8711, -13369708.8933 7998309.1434, -13369747.5565 7997986.1881, -13369818.1933 7997846.8488, -13369976.1301 7997712.4752, -13370466.6954 7997556.9202, -13370683.513 7997444.5936, -13370805.9029 7997345.8473, -13370911.3643 7997229.1347, -13371131.9431 7996871.4528, -13371257.2212 7996778.3791, -13371408.6683 7996741.0464, -13371562.7478 7996765.2556, -13371739.5536 7996874.4382, -13371881.2885 7996984.5671, -13372019.8406 7997058.8296, -13372168.2844 7997110.4603, -13372328.2151 7997138.6827, -13372466.1575 7997211.712, -13372507.9882 7997262.7137, -13372587.5464 7997130.7973, -13372646.7681 7996984.9774, -13372682.4907 7996831.674, -13372698.6671 7996651.2833, -13372769.2365 7996511.943, -13372888.0728 7996410.7571, -13373036.7067 7996363.4487, -13373192.0412 7996377.3683, -13373329.9359 7996450.3526, -13373428.9632 7996571.0625, -13373537.2423 7996902.7217, -13373720.6696 7997028.186, -13373850.1746 7997186.0285, -13373880.8642 7997332.8886, -13373964.1053 7997376.9363, -13374003.1648 7997424.5396, -13374084.1737 7997695.3073, -13374102.5994 7997844.172, -13374139.6339 7997979.1469, -13374203.2309 7998123.1271, -13374299.2599 7998269.1929, -13374420.5416 7998411.3686, -13374538.9255 7998514.9319, -13374910.3358 7998724.739, -13375012.1829 7998865.0004, -13375072.3906 7999066.1396, -13375055.9668 7999221.5747, -13374991.8862 7999354.6974, -13374945.6092 7999505.1946, -13374922.2601 7999766.1374, -13374941.0825 7999922.49, -13374978.1433 8000057.4973, -13375050.2189 8000216.8479, -13375152.7274 8000370.3586, -13375196.2016 8000560.4472, -13375174.7491 8000763.5165, -13375113.0758 8000927.617, -13375079.326 8001117.0374, -13375080.4803 8001292.007, -13375116.7294 8001480.9728, -13375196.4818 8001675.0277, -13375385.4395 8001975.3963, -13375513.6714 8002118.6729, -13375671.3035 8002237.5022, -13376158.7325 8002834.8076, -13376203.5945 8002984.5896, -13376187.1881 8003140.1077, -13376112.0593 8003277.1896, -13375932.5771 8003421.8179, -13375834.3751 8003521.5365, -13375732.6396 8003663.8249, -13375663.4103 8003805.3047, -13375601.7633 8004042.1357, -13375583.6604 8004281.6525, -13375858.1552 8004531.4947, -13375957.3327 8004652.2963, -13376002.2027 8004802.1151, -13375998.2761 8004839.3279, -13376036.3024 8004922.9197, -13376091.8141 8005128.4054, -13376116.7321 8005333.07819999, -13376123.8111 8005740.8247, -13376083.0967 8005981.5576, -13376167.0963 8006098.8861, -13376201.9971 8006251.3778, -13376171.1783 8006429.7218, -13376085.9967 8006676.442, -13376065.7679 8006902.9709, -13376088.8179 8007094.1479, -13376153.2757 8007289.6676, -13376199.8362 8007493.1003, -13376170.2599 8007664.2588, -13376023.2474 8007937.2057, -13375960.6468 8008181.6769, -13375885.1686 8008319.3925, -13375762.9089 8008416.7939, -13375612.5727 8008459.2821, -13375216.5242 8008415.10450001, -13374956.0968 8008441.9772, -13374822.568 8008483.8467, -13374696.1529 8008543.9256, -13374579.3116 8008621.045, -13374462.131 8008726.2936, -13374334.1295 8008892.6691, -13374149.2753 8009243.4695, -13374099.2484 8009411.3086, -13374030.7625 8009804.1221, -13373980.6019 8009888.8269, -13373844.8253 8009996.9415, -13373694.4458 8010039.4013, -13373453.482 8010009.8334, -13373113.9187 8009832.0674, -13373062.9235 8009769.9086, -13373139.4755 8009957.9722, -13373265.2028 8010138.8092, -13373572.8553 8010456.0566, -13373750.815 8010587.7665, -13373937.3364 8010700.226, -13374131.4656 8010788.1433, -13374330.9802 8010848.95269999, -13374714.9349 8010921.3496, -13374875.6836 8011011.6039, -13374934.3188 8011076.9808, -13375016.3311 8011236.707, -13375083.8534 8011599.8941, -13375139.7322 8011790.4532, -13375238.1568 8011979.4222, -13375370.9323 8012165.7925, -13375409.1922 8012101.1557, -13375534.6639 8012007.8161, -13375740.6135 8011956.9097, -13375950.6075 8011975.6371, -13376088.8189 8012048.7124, -13376140.0833 8012111.1466, -13376177.8733 8012131.1262, -13376277.1599 8012252.0424, -13376322.0862 8012402.009, -13376305.6673 8012557.72249999, -13376230.4514 8012694.9799, -13376191.9776 8012725.6351, -13376201.0374 8012924.4198, -13376222.8727 8013006.6938, -13376368.0481 8013019.631, -13376506.2829 8013092.7081, -13376605.5879 8013213.6349, -13376651.6189 8013367.262, -13376658.5832 8013548.6642, -13376687.547 8013675.4269, -13376728.0973 8013707.2888, -13376906.2195 8013789.0114, -13376946.1292 8013754.9873, -13377095.076 8013707.4796, -13377250.776 8013721.3359, -13377389.0321 8013794.4029, -13377496.6875 8013940.8874, -13377621.762 8013850.8232, -13377773.5156 8013813.2674, -13377927.9643 8013837.3891, -13378061.1078 8013919.44039999, -13378152.2544 8014046.67149999, -13378198.7415 8014249.5093, -13378212.9933 8014498.3302, -13378294.1383 8014856.7389, -13378264.586 8015028.0728, -13378180.8761 8015169.61919999, -13378061.9627 8015288.4653, -13377969.1656 8015415.98, -13377897.4187 8015556.4703, -13377848.4896 8015706.47820001, -13377823.5845 8015862.3108, -13377827.0809 8016058.9172, -13377806.4639 8016254.8471, -13377719.6632 8016452.8458, -13377677.4678 8016658.8295, -13377675.6415 8016834.153, -13377708.714 8017028.1833, -13377678.9415 8017225.1234, -13377680.1701 8017400.4655, -13377721.8035 8017607.3149, -13377719.876 8017752.9008, -13377737.9254 8017892.0818, -13377775.1346 8018027.3936, -13377838.982 8018171.7195, -13378084.056 8018521.30349999, -13378293.3418 8018734.4369, -13378422.0476 8018840.25789999, -13378543.2129 8019009.367, -13378578.2296 8019162.1061, -13378548.2895 8019335.7438, -13378485.5464 8019476.90649999, -13378447.8857 8019612.1233, -13378429.1784 8019874.1399, -13378447.2472 8020013.3579, -13378484.4808 8020148.7036, -13378548.361 8020293.0633, -13378627.714 8020417.253, -13378673.5676 8020570.1227, -13378657.1849 8020726.0095, -13378581.9352 8020863.4408, -13378272.5642 8021114.7992, -13378116.5108 8021303.8347, -13378010.7327 8021525.0826, -13377959.2556 8021783.9575, -13377883.983 8021921.4016, -13377761.5334 8022019.0177, -13377480.008 8022110.5238, -13377257.3394 8022249.3864, -13377078.1221 8022441.2556, -13376918.8446 8022717.1049, -13376796.3689 8022814.7164, -13376513.7496 8022906.49449999, -13376304.6888 8023034.3125, -13376122.1132 8023223.0162, -13375953.7053 8023510.7766, -13375831.2043 8023608.3831, -13375595.7226 8023686.7992, -13375400.4665 8023803.815, -13375225.4164 8023975.4698, -13375104.4533 8024168.54469999, -13375026.2557 8024401.1194, -13375006.5392 8024645.7465, -13375032.9647 8024836.9442, -13375116.0593 8025120.299, -13375080.1187 8025589.9356, -13375136.4672 8025887.5821, -13375116.518 8026063.4693, -13375124.4562 8026221.3058, -13375210.7555 8026555.7003, -13375194.2911 8026711.706, -13375125.6352 8026853.27220001, -13375079.2071 8027004.3258, -13375055.8049 8027266.2263, -13375074.716 8027423.1487, -13375111.9299 8027558.6453, -13375175.8132 8027703.1761, -13375264.5159 8027839.8252, -13375309.905 8027991.3766, -13375293.4403 8028147.412, -13375218.0569 8028284.9492, -13374875.2426 8028562.7379, -13374709.6205 8028766.7891, -13374631.0826 8028923.7931, -13374572.1194 8029115.2434, -13374433.8849 8029368.224, -13374371.0971 8029584.94529999, -13374275.8823 8029813.5642, -13374238.7915 8030073.9732, -13374270.5252 8030336.2128, -13374199.2835 8031119.3734, -13374157.9113 8031250.4915, -13374122.7348 8031440.9339, -13374034.0208 8031666.2328, -13374003.4457 8031856.992, -13374017.8918 8032102.2328, -13374096.7615 8032387.0119, -13374080.2644 8032543.137, -13374004.8169 8032680.744, -13373880.6379 8032779.6416, -13373742.7034 8032835.8058, -13373607.1921 8032916.978, -13373414.6961 8033096.0249, -13373282.4626 8033302.9588, -13373142.8856 8033665.317, -13373053.8568 8033764.2026, -13372936.8092 8033829.1776, -13372784.837 8033872.4518, -13372641.5705 8033938.9799, -13372524.3182 8034016.3399, -13372406.7205 8034121.9244, -13372287.5969 8034273.9402, -13372183.065 8034469.21589999, -13372049.9879 8034652.647, -13371898.6762 8034927.3637, -13371764.7813 8035033.9391, -13371450.7356 8035145.0833, -13371232.5449 8035291.7395, -13371079.639 8035461.0185, -13370947.8291 8035705.6469, -13370886.4134 8035771.5133, -13370747.4237 8035848.6533, -13370395.6206 8035906.0331, -13370170.4052 8036003.1054, -13369959.8681 8036012.4128, -13369864.1135 8035977.1466, -13369761.8266 8035893.4705, -13369691.724 8035780.2807, -13369632.1992 8035443.7438, -13369586.4321 8035292.2988, -13369508.5777 8035134.7835, -13369392.8903 8034980.0966, -13369277.6836 8034871.8692, -13369146.9995 8034783.0292, -13369020.4361 8034722.1148, -13368855.794 8034669.03, -13368771.2894 8034620.6083, -13368670.1616 8034498.4746, -13368491.9411 8034333.7572, -13368241.6352 8034181.9512, -13368147.7903 8034099.816, -13368068.7394 8033972.1145, -13367913.6048 8033299.7177, -13367886.5766 8033077.7974, -13367801.369 8032847.3981, -13367707.5735 8032698.9226, -13367587.4458 8032567.1819, -13367331.9008 8032235.3886, -13367233.8235 8032134.7892, -13367126.232 8032051.2263, -13367026.7084 8031921.1998, -13366947.2896 8031622.8806, -13366888.6061 8031476.0593, -13366786.9242 8031311.9007, -13366534.707 8031005.8922, -13366494.8406 8030854.0885, -13366520.7051 8030669.6214, -13366577.5356 8030476.4767, -13366600.9904 8030244.564, -13366662.3888 8029951.0165, -13366652.9011 8029758.0911, -13366607.3422 8029559.7774, -13366661.2085 8029169.6496, -13366664.4571 8029011.57949999, -13366625.6229 8028786.8106, -13366526.6217 8028557.8147, -13366469.3699 8028339.7996, -13366491.159 8028184.4119, -13366589.2747 8028019.0776, -13366712.6112 8027862.9583, -13366787.1208 8027723.6177, -13366843.2524 8027557.27179999, -13366869.5883 8027385.7607, -13366940.5413 8027245.8935, -13367059.935 8027144.3702, -13367213.5006 8027095.6045, -13367355.7524 8027089.9839, -13367493.7484 8027064.7946, -13367706.504 8026983.7101, -13367868.4495 8026879.0341, -13368131.1399 8026621.7361, -13368225.4085 8026569.4642, -13368330.0382 8026543.7053, -13368751.4003 8026576.5164, -13369006.4233 8026527.9649, -13369170.0664 8026457.5285, -13369316.4647 8026361.0382, -13369443.9106 8026240.5443, -13369548.5318 8026099.7098, -13369737.6404 8025727.6677, -13369787.2559 8025523.0831, -13369806.5079 8025220.1604, -13369849.216 8025115.9904, -13369910.2261 8025027.0475, -13369992.326 8024957.1814, -13370249.5336 8024808.2894, -13370365.1662 8024700.8348, -13370496.5562 8024539.7398, -13370665.0252 8024433.4725, -13370861.8911 8024268.3194, -13371001.5161 8024111.0279, -13371105.4427 8023928.0925, -13371161.4515 8023761.8017, -13371188.9255 8023573.2237, -13371281.8907 8023330.3715, -13371317.1085 8023035.3753, -13371570.6933 8022540.5509, -13371611.8812 8022388.0745, -13371630.9282 8022214.5854, -13371711.7178 8022019.4929, -13371750.5073 8021812.681, -13371745.5305 8021602.3142, -13371704.0919 8021420.428, -13371493.1782 8021426.5909, -13371398.5395 8021414.9271, -13371251.0475 8021350.4963, -13371166.4739 8021262.3336, -13371100.2876 8021040.8731, -13371131.3713 8020861.6592, -13371259.4745 8020685.494, -13371365.344 8020613.8836, -13371431.3147 8020483.6522, -13371694.055 8020241.8176, -13371781.2706 8020003.5944, -13371814.7328 8019694.7403, -13371885.5234 8019554.9747, -13372004.7287 8019453.4816, -13372269.1081 8019366.3906, -13372319.5907 8019132.6617, -13372319.9715 8018974.7725, -13372299.5967 8018835.8909, -13372260.1289 8018701.2039, -13372202.3372 8018573.3327, -13372127.3472 8018454.7652, -13372036.619 8018347.8082, -13371931.9184 8018254.5422, -13371651.1959 8018082.8272, -13371555.9521 8017958.533, -13371460.2352 8017613.6548, -13371337.7642 8017381.4665, -13370894.406 8016835.2669, -13370761.6246 8016721.0441, -13370611.0669 8016631.6552, -13370134.4593 8016462.2995, -13369943.1155 8016441.6214, -13369768.6134 8016454.8961, -13369628.1666 8016488.3011, -13369388.4707 8016572.5715, -13369220.8026 8016589.28109999, -13369052.0261 8016635.6557, -13368849.1914 8016738.4635, -13368512.858 8016991.2507, -13368356.7275 8017023.9897, -13368206.0593 8016994.9422, -13368051.5389 8016903.6628, -13367904.6215 8016846.6533, -13367541.1152 8016787.3754, -13367488.7688 8016765.9711, -13367274.813 8016566.9408, -13367132.653 8016464.68, -13366958.4848 8016382.6463, -13366771.8959 8016335.4107, -13366527.2941 8016328.2126, -13366288.2176 8016380.506, -13366054.3052 8016498.956, -13365870.4939 8016660.8103, -13365756.8539 8016816.4338, -13365680.9851 8016974.4468, -13365636.212 8017138.4721, -13365597.94 8017443.8664, -13365522.4787 8017581.1119, -13365315.168 8017761.253, -13365160.8295 8017978.5741, -13364834.8419 8018249.6989, -13364680.0204 8018461.658, -13364621.4795 8018589.1889, -13364581.2226 8018723.6433, -13364530.4567 8019135.912, -13364454.9594 8019273.1786, -13364332.3711 8019370.5439, -13364077.978 8019463.4924, -13363875.7322 8019601.7013, -13363722.9658 8019770.4729, -13363599.118 8019954.3207, -13363536.14 8020079.7435, -13363486.8939 8020229.7565, -13363463.2673 8020368.1514, -13363459.0952 8020508.4963, -13363475.618 8020654.1449, -13363456.6443 8020831.2313, -13363400.8008 8020987.7625, -13363373.6748 8021138.7029, -13363371.0916 8021342.7299, -13363408.8935 8021555.6233, -13363378.9771 8021727.06139999, -13363288.5236 8021909.5437, -13363238.0026 8022095.7474, -13363223.6294 8022270.6252, -13363241.8137 8022456.01, -13363223.7247 8022624.8003, -13363148.1696 8022762.1192, -13363025.508 8022859.5103, -13362874.805 8022901.8338, -13362716.9767 8022882.1978, -13362561.2454 8022817.4552, -13362390.3816 8022778.8368, -13362215.4207 8022770.52669999, -13362043.5373 8022792.3882, -13361883.4351 8022772.4509, -13361703.0702 8022668.864, -13361527.7986 8022440.2692, -13361471.518 8022271.6531, -13361461.3117 8022105.3007, -13361416.4667 8021923.5102, -13361273.3869 8021890.0143, -13361122.6804 8021803.444, -13361060.2748 8021727.1354, -13360988.6278 8021558.6589, -13360892.5423 8021411.9704, -13360784.4604 8021296.9588, -13360636.7635 8021258.0651, -13360409.664 8021245.2319, -13360185.5018 8021283.9028, -13359975.7633 8021372.0968, -13359771.4541 8021517.9923, -13359620.7572 8021560.2424, -13359193.6447 8021517.7045, -13359036.7856 8021533.5596, -13358884.3319 8021573.8002, -13358694.3718 8021663.593, -13358540.0671 8021779.0634, -13358410.5842 8021921.9099, -13358310.6813 8022086.8866, -13358258.7475 8022217.3347, -13358225.4387 8022353.757, -13358211.4043 8022493.4984, -13358216.9188 8022633.8393, -13358246.3422 8022789.0395, -13358292.574 8022921.6375, -13358469.2726 8023221.4882, -13358495.3103 8023336.4661, -13358474.8122 8023526.6037, -13358399.16 8023663.8941, -13358219.9987 8023833.5312, -13358095.252 8024024.1868, -13358020.8232 8024221.0413, -13357986.1994 8024437.1627, -13357808.2115 8024736.9342, -13357726.0447 8024986.5986, -13357708.6473 8025196.4075, -13357732.1418 8025391.847, -13357714.5923 8025554.4916, -13357626.9595 8025760.2185, -13357586.4605 8025984.607, -13357592.3467 8026177.58609999, -13357630.9056 8026353.4587, -13357611.1049 8026536.9485, -13357536.1739 8026712.2182, -13357495.2808 8026900.9096, -13357499.4015 8027168.3131, -13357464.9083 8027496.278, -13357467.1507 8027735.6036, -13357414.0526 8027934.183, -13357350.7069 8028292.6889, -13357279.1935 8028461.5832, -13357240.5013 8028632.8737, -13357232.9267 8028825.8619, -13357262.2434 8029018.2445, -13357232.1607 8029189.8327, -13357177.5732 8029281.558, -13357042.663 8029433.9819, -13356968.8185 8029553.5197, -13356895.802 8029732.2931, -13356860.0855 8029904.26160001, -13356853.8768 8030062.2677, -13356872.4166 8030219.30479999, -13357027.0226 8030737.0219, -13357004.6384 8030944.3277, -13356928.8879 8031081.7411, -13356737.728 8031233.2675, -13356538.7735 8031364.851, -13356267.0853 8031613.1645, -13356162.9753 8031732.0624, -13356078.7092 8031865.81449999, -13356016.3627 8032011.1285, -13355946.9062 8032370.6524, -13355949.8448 8032598.8626, -13356003.9518 8032820.5678, -13356096.9591 8033009.6017, -13356319.4742 8033324.9001, -13356360.2439 8033505.138, -13356300.8242 8033903.07, -13356308.3793 8034061.1017, -13356340.5185 8034216.0067, -13356446.3024 8034456.9466, -13356628.5928 8034695.8001, -13356673.2758 8034846.3406, -13356656.4104 8035002.4887, -13356589.3484 8035140.3866, -13356542.4965 8035291.5031, -13356518.4266 8035553.6527, -13356536.9762 8035710.8051, -13356579.8377 8035863.11819999, -13356645.9568 8036006.8411, -13356739.274 8036148.2315, -13356773.9383 8036301.4315, -13356743.8197 8036473.1848, -13356693.2898 8036558.0844, -13356488.6495 8036720.2919, -13356387.831 8036777.1666, -13356170.8667 8036837.9018, -13356001.3471 8036816.6657, -13355866.4831 8036767.8823, -13355728.9766 8036739.2001, -13355571.2551 8036730.1934, -13355431.3863 8036743.0365, -13355179.7007 8036818.8547, -13354768.8794 8037042.07329999, -13354578.9584 8037224.0961, -13354449.7474 8037433.1171, -13354378.277 8037649.9864, -13354335.5184 8038000.4745, -13354242.9953 8038168.18159999, -13354155.5329 8038247.4169, -13354014.6811 8038333.4416, -13353893.1501 8038434.6163, -13353788.9096 8038553.5926, -13353704.5271 8038687.4426, -13353626.4224 8038883.3087, -13353538.4634 8039354.0125, -13353478.5275 8039488.9475, -13353440.3207 8039624.4131, -13353419.3423 8039851.8958, -13353450.1479 8040080.53589999, -13353418.9261 8040258.1321, -13353332.6031 8040495.8898, -13353308.1767 8040750.4788, -13353260.8034 8041019.92, -13353192.4986 8041197.3615, -13353159.6547 8041370.1793, -13353157.2633 8041546.0894, -13353185.3992 8041719.7471, -13353243.2095 8041885.8752, -13353330.0835 8042041.0788, -13353377.5143 8042201.1184, -13353360.5678 8042357.4141, -13353144.6076 8042760.787, -13353095.0145 8042911.1942, -13353071.1347 8043049.9814, -13353067.6009 8043208.349, -13353085.2674 8043348.0722, -13353173.9292 8043606.1041, -13353221.0288 8043814.6945, -13353190.8029 8043986.6085, -13352940.9735 8044348.9102, -13352870.8561 8044529.2564, -13352837.4786 8044706.6309, -13352761.5183 8044844.25949999, -13352487.765 8045070.3331, -13352395.9128 8045176.9986, -13352319.7696 8045295.434, -13352243.3887 8045473.2354, -13352193.4487 8045703.3908, -13352126.7215 8045859.2449, -13352084.8472 8046030.20489999, -13352073.1097 8046170.6066, -13352080.9905 8046311.2809, -13352174.7842 8046748.2086, -13352099.5281 8047210.0523, -13352100.0505 8047350.9664, -13352120.1437 8047490.4389, -13352201.0149 8047722.9248, -13352347.7725 8047954.6745, -13352407.1288 8048155.0321, -13352390.1519 8048311.4503, -13352314.0808 8048449.264, -13352126.6918 8048646.793, -13352001.9446 8048879.0277, -13351943.3664 8049118.177, -13351945.7781 8049312.5857, -13351892.8707 8049284.4039, -13351736.461 8049269.9705, -13351586.6372 8049317.2196, -13351318.3803 8049522.2422, -13351323.4332 8049537.3597, -13351156.5356 8049539.1735, -13351042.3423 8049579.0879, -13350964.7874 8049655.0581, -13350891.8531 8049784.3854, -13350699.5928 8049685.8209, -13350543.1763 8049671.3619, -13350400.0803 8049716.4644, -13350162.7059 8049444.5656, -13350021.7825 8049330.1635, -13349858.0588 8049266.3245, -13349682.6026 8049262.3035, -13349512.7541 8049316.0839, -13349363.248 8049425.3854, -13349187.9524 8049681.9207, -13349061.7047 8049961.3243, -13348900.7109 8050130.4034, -13348825.3879 8050247.4469, -13348715.6517 8050209.6749, -13348448.1365 8049996.1608, -13348351.0425 8049944.4061, -13348242.8499 8049932.41749999, -13348134.1446 8049969.4659, -13348086.2727 8050006.9507, -13348011.0625 8050111.1971, -13347963.2555 8050241.4082, -13347918.3444 8050457.5216, -13347898.6927 8050767.5321, -13347923.6742 8051439.3108, -13347754.0509 8051547.1266, -13347623.7275 8051600.3557, -13347487.2766 8051634.8935, -13347312.1508 8051650.7918, -13347137.6733 8051636.1819, -13346963.0399 8051689.118, -13346850.9369 8051768.8864, -13346794.0324 8051863.5872, -13346697.2161 8052087.8167, -13346588.1576 8052247.8181, -13346450.6246 8052384.0329, -13346305.1204 8052482.9889, -13346111.2112 8052566.1269, -13346006.7867 8052586.7804, -13345878.2947 8052581.5352, -13345570.3511 8052532.9283, -13345417.6371 8052570.0465, -13345276.4953 8052687.8817, -13345210.5897 8052703.8982, -13345042.5085 8052827.9162, -13345010.6901 8052881.194, -13344981.8608 8053053.0642, -13344806.4881 8053195.5884, -13344781.4626 8053244.5721, -13344624.9296 8053293.7791, -13344504.8135 8053395.3158, -13344433.2002 8053535.4738, -13344421.2219 8053692.47380001, -13344464.7253 8053874.5646, -13344474.4087 8054050.52229999, -13344441.5798 8054262.3125, -13344377.3743 8054316.5849, -13344258.1781 8054391.6537, -13344096.4362 8054460.9491, -13343925.1383 8054501.0503, -13343731.8927 8054510.0144, -13343503.2512 8054479.3793, -13343350.4868 8054516.4661, -13343041.8443 8054742.1059, -13342870.4683 8054832.034, -13342651.8574 8054893.7087, -13342553.0308 8054850.949, -13342225.8451 8054648.8658, -13342070.6455 8054623.891, -13341917.8696 8054660.9496, -13341791.2609 8054754.2831, -13341683.974 8054933.7523, -13341607.4594 8055236.8656, -13341408.5807 8055635.077, -13341395.6913 8055803.1391, -13341418.0528 8056074.6924, -13341281.7636 8056247.9264, -13341161.1498 8056348.4106, -13341080.3552 8056483.54, -13341057.9689 8056639.4557, -13341078.723 8056719.5586, -13341069.3244 8056796.0402, -13340910.6666 8056920.2525, -13340797.0906 8057110.1945, -13340743.2542 8057277.2756, -13340670.4161 8057418.2199, -13340576.464 8057546.0148, -13340450.1383 8057668.7712, -13340288.9831 8057776.1421, -13340140.1175 8057838.2964, -13340108.3878 8057795.9275, -13339785.826 8057600.8174, -13339456.1523 8057560.9473, -13338844.919 8057540.40999999, -13336904.8248 8057546.207, -13337113.7584 8057381.8896, -13337226.5591 8057270.44569999, -13337320.5662 8057142.6962, -13337393.4656 8057001.7882, -13337454.8101 8056799.477, -13337472.8274 8056588.8148, -13337446.7335 8056379.0089, -13337366.7216 8056123.5058, -13337378.8508 8055966.4628, -13337450.6201 8055826.3229, -13337616.317 8055670.2439, -13337737.035 8055496.8532, -13337819.1269 8055302.1101, -13337858.5347 8055099.5474, -13337930.4287 8054959.1428)), ((-13284385.7329 8023310.4791, -13284535.4932 8023264.7415, -13284691.2611 8023280.5452, -13284828.8285 8023355.4343, -13284926.8189 8023477.7736, -13284970.0003 8023628.5506, -13284951.6591 8023784.3358, -13284874.6422 8023920.9149, -13284750.9179 8024017.0577, -13284599.7159 8024057.8182, -13284444.5396 8024036.8597, -13284294.6438 8023948.6966, -13284232.9878 8023871.7074, -13284179.569 8023705.9984, -13284192.7751 8023549.6935, -13284265.2519 8023410.6516, -13284385.7329 8023310.4791)))"
80,21205,1799,2023-10-15 06:33:14,HWF058,Basset,234060.9,2023-10-13,0800,0 - hand sketch of any type,Wildfire,Being Held,2023/10/10 18:00:00,E,234046.0,1685905380000,Lightning,1,3547ad48-1c67-4d57-98b4-f3d989bca15e,8504001586.35938,688162.125450273,"POLYGON ((-13197010.2308 7992784.2521, -13197013.3325 7992800.11819999, -13197019.9767 7992782.4079, -13197106.1845 7992795.9295, -13197227.4003 7992777.3701, -13197760.1474 7992770.3723, -13197817.5419 7992756.3622, -13197960.7286 7992771.9775, -13198458.5437 7992733.9773, -13198572.8632 7992744.3232, -13198679.5908 7992730.2079, -13198764.9321 7992746.185, -13198900.4802 7992738.8464, -13198985.1906 7992718.5589, -13199040.7855 7992731.1564, -13199505.1732 7992699.9679, -13199596.3439 7992709.3722, -13200018.3859 7992691.72999999, -13200010.6436 7992765.099, -13200026.9816 7992800.3243, -13200025.0668 7992962.5088, -13200006.8976 7993058.9656, -13200025.1541 7993423.8124, -13200006.111 7993552.468, -13200026.7515 7993682.5594, -13200014.1909 7994167.9582, -13200033.5271 7994627.3291, -13200018.4118 7994783.7165, -13200013.7716 7995323.6882, -13200035.0671 7995389.4465, -13199998.059 7995531.8206, -13200014.4655 7995705.7989, -13200067.8118 7995729.8726, -13200126.5313 7995524.917, -13200527.8688 7994890.8585, -13200709.7029 7994897.1758, -13200793.338 7994877.7233, -13200950.2414 7994812.0133, -13201099.1153 7994723.1078, -13201419.1253 7994421.39509999, -13201692.2503 7994222.2367, -13201905.723 7994126.4534, -13201978.41 7994115.0753, -13202117.7618 7994131.157, -13202186.6301 7994156.1065, -13202311.9875 7994237.6014, -13202600.497 7994532.0138, -13202822.2987 7994819.646, -13203135.2092 7995309.05439999, -13203335.8197 7995542.9473, -13203587.5193 7995734.5482, -13203959.1443 7995958.3306, -13204234.7546 7996144.3965, -13204581.4091 7996425.8934, -13204998.7823 7996794.8686, -13205173.0437 7996927.0293, -13206000.5065 7997428.881, -13206348.4656 7997685.16309999, -13206581.392 7997907.9376, -13206716.714 7998075.5976, -13206887.3131 7998349.9885, -13206973.3727 7998547.091, -13207035.6346 7998752.481, -13207098.3386 7999066.4328, -13207259.2691 8000335.4836, -13207317.1293 8000534.7965, -13207359.3461 8000628.4349, -13207532.7775 8000872.0752, -13207684.501 8000998.4025, -13207952.2762 8001133.3652, -13208524.0656 8001318.3551, -13208707.3036 8001392.1423, -13208952.1491 8001547.1971, -13209080.3114 8001682.9288, -13209129.7702 8001759.414, -13209194.3932 8001924.2825, -13209210.6638 8002096.8506, -13209178.9971 8002263.518, -13209086.4132 8002493.7715, -13209045.0965 8002645.905, -13209041.7715 8002721.6418, -13209077.0488 8002859.9158, -13209156.4295 8002974.88899999, -13209262.5168 8003070.3787, -13209592.7552 8003284.4522, -13209713.8351 8003392.92939999, -13209794.9993 8003530.6331, -13209930.5462 8004013.4501, -13210017.4235 8004167.2977, -13210135.0136 8004305.4912, -13210357.1886 8004480.4286, -13210618.6427 8004612.8165, -13210906.3229 8004712.92849999, -13211214.1374 8004776.3796, -13211533.2093 8004782.4223, -13212814.2931 8004686.751, -13213128.1583 8004675.7434, -13213541.8889 8004691.0863, -13213840.3593 8004758.3047, -13214021.4752 8004843.0032, -13214245.7672 8005027.8774, -13214981.2261 8005916.9538, -13215355.5667 8006517.29559999, -13216143.245 8007640.6015, -13216232.3508 8007821.424, -13216457.2665 8008374.8461, -13216845.1753 8009121.4167, -13217037.9965 8009615.4851, -13217194.6541 8010236.7848, -13217253.744 8010663.1682, -13217260.0207 8011199.7515, -13217190.2128 8012367.1127, -13217211.1126 8012578.2636, -13217290.9412 8012978.7315, -13217298.4202 8013172.606, -13217287.2384 8013265.9018, -13217231.5317 8013437.1368, -13217135.759 8013580.089, -13217075.2993 8013638.1495, -13216863.7995 8013769.1745, -13216402.0493 8013941.1191, -13216280.8341 8014039.3617, -13216211.9677 8014169.2946, -13216209.2884 8014315.3939, -13216274.4188 8014452.0494, -13216392.8393 8014567.7659, -13216675.6632 8014759.3159, -13216835.7614 8014948.8637, -13216886.4112 8015089.91929999, -13216881.6565 8015228.7517, -13216854.2714 8015289.3104, -13216767.7743 8015393.3817, -13216400.9995 8015638.1312, -13216304.2582 8015759.4615, -13216272.2976 8015829.4261, -13216242.8092 8015982.62749999, -13216248.2701 8016144.1635, -13216331.8804 8016574.9886, -13216366.3106 8016948.5012, -13216354.6873 8017232.0388, -13216305.8465 8017507.4454, -13216252.0349 8017680.7728, -13216180.5924 8017841.1616, -13216036.0542 8018046.6448, -13215911.0319 8018148.1383, -13215764.7108 8018206.919, -13215687.9743 8018217.935, -13215540.6708 8018197.0189, -13215416.4211 8018121.872, -13215369.1297 8018067.7179, -13215303.7836 8017942.8791, -13215216.2021 8017666.8957, -13215148.2188 8017525.6552, -13215006.2712 8017321.9294, -13214782.5289 8017063.7654, -13214645.0269 8016854.4318, -13214609.7611 8016779.82, -13214575.7319 8016623.80170001, -13214603.439 8016313.1108, -13214592.7533 8016159.4222, -13214570.4615 8016086.5858, -13214499.0426 8015952.3982, -13214395.2145 8015843.3971, -13214265.5785 8015763.2274, -13214044.3858 8015698.7587, -13213741.2651 8015666.7054, -13213611.3473 8015605.9124, -13213528.8391 8015505.3334, -13213506.9555 8015446.8175, -13213454.5059 8015130.0806, -13213359.6945 8014805.2981, -13213363.7294 8014601.54159999, -13213416.6418 8014478.4328, -13213501.8432 8014377.1468, -13213611.1439 8014302.5791, -13213851.5638 8014177.2249, -13213961.2528 8014083.1455, -13214043.7582 8013959.4803, -13214070.0714 8013888.1528, -13214089.3731 8013734.9632, -13214062.0417 8013580.4682, -13213990.9085 8013435.4093, -13213881.6418 8013316.1369, -13213641.3114 8013098.6562, -13213380.0473 8012902.6387, -13213144.0378 8012796.5936, -13212971.7619 8012763.797, -13212885.5223 8012764.6836, -13212722.8565 8012810.7458, -13212595.994 8012912.07, -13212511.6136 8013043.4012, -13212469.9715 8013195.4767, -13212400.2188 8013671.1399, -13212336.9236 8013811.4472, -13212288.0801 8013866.3252, -13212164.7914 8013941.7028, -13212021.6673 8013968.1532, -13211544.1063 8013943.1916, -13211377.5968 8013953.9017, -13211224.5275 8014000.9234, -13211043.7097 8014130.4835, -13211002.9331 8014187.0486, -13210961.4679 8014311.4014, -13210959.385 8014375.5635, -13210996.1909 8014499.3473, -13211071.9578 8014620.5436, -13211461.9086 8015065.8372, -13211681.8365 8015367.3117, -13211916.4371 8015809.7458, -13212105.4223 8016300.9692, -13212215.1473 8016709.5992, -13212263.6968 8017020.8418, -13212264.2721 8017124.1197, -13212230.195 8017325.2509, -13212149.1114 8017509.7497, -13212036.1295 8017675.9472, -13211965.8269 8017748.2205, -13211802.685 8017862.4124, -13211710.4893 8017899.7658, -13211515.8862 8017937.5934, -13211417.4263 8017935.1668, -13210749.4167 8017816.9613, -13210557.8428 8017812.1051, -13210374.3252 8017860.1039, -13210293.0707 8017906.115, -13210220.0452 8017964.81849999, -13210112.0556 8018111.2692, -13209615.9926 8019123.5936, -13209486.8569 8019428.9268, -13209369.5127 8019856.0335, -13209174.7559 8020925.2601, -13209113.2188 8021133.8632, -13209027.7703 8021332.9657, -13208847.0649 8021606.4463, -13208227.2596 8022282.8776, -13207775.603 8022843.3268, -13207610.765 8023165.7362, -13207374.5769 8023968.8795, -13207288.6861 8024187.1784, -13207172.7194 8024386.66089999, -13206727.5781 8024917.2973, -13206599.7141 8025118.2576, -13206489.7699 8025334.028, -13206311.3062 8025800.4784, -13205976.95 8026900.5302, -13205465.7128 8028367.7168, -13205180.7437 8029366.64949999, -13205018.0249 8029854.707, -13204817.0516 8030328.0011, -13204693.629 8030552.1767, -13204552.6187 8030764.5053, -13204235.7726 8031162.6837, -13203985.5052 8031450.15299999, -13203801.6804 8031625.6246, -13203602.0945 8031783.53499999, -13203388.2621 8031923.742, -13203163.706 8032045.638, -13202116.475 8032532.92, -13201894.1368 8032661.5945, -13201686.3059 8032811.2752, -13201496.7067 8032983.4794, -13201331.1537 8033176.2231, -13201117.712 8033487.9596, -13200803.3598 8034016.2545, -13200654.7875 8034204.4922, -13200569.1805 8034287.2259, -13200475.421 8034359.2778, -13200269.3618 8034474.2737, -13199714.6237 8034669.3107, -13199508.9227 8034776.66, -13199415.7564 8034845.1055, -13199254.0364 8035009.1311, -13199137.1265 8035206.0283, -13199066.5626 8035421.6025, -13199051.9304 8035534.3011, -13199055.0567 8035760.78939999, -13199111.9262 8036570.6535, -13199098.7049 8036807.0356, -13199060.4394 8037040.6168, -13198996.0207 8037268.4171, -13198910.7206 8037490.87, -13198640.5566 8038025.5106, -13198441.6352 8038471.3934, -13198275.8984 8038939.0556, -13198175.1734 8039299.4844, -13198096.5949 8039662.97689999, -13197856.4022 8041115.2954, -13197695.866 8041977.8269, -13197560.9291 8042463.6214, -13197213.2513 8043409.4883, -13197189.9025 8043517.9609, -13197201.9732 8043640.3993, -13197180.0831 8043699.9267, -13197168.3047 8043824.5384, -13197231.5512 8044224.5895, -13197206.909 8044409.7612, -13197066.7808 8044841.5362, -13197009.2334 8044963.40519999, -13196568.845 8045530.9859, -13196506.5037 8045638.78239999, -13196473.5045 8045754.7058, -13196489.2701 8045873.8102, -13196516.117 8045930.024, -13196597.0559 8046027.4342, -13196737.1431 8046151.2378, -13196772.6141 8046197.9898, -13196811.7253 8046307.2422, -13196813.4297 8046421.0809, -13196774.5116 8046588.924, -13196723.1426 8046684.1385, -13196603.5934 8046802.9542, -13196574.8363 8046853.8252, -13196596.3635 8046916.1102, -13196735.5827 8046993.3691, -13196811.0376 8047076.7032, -13196831.1991 8047130.1832, -13196838.1594 8047241.84309999, -13196802.5624 8047347.4962, -13196728.7253 8047433.0668, -13196504.0474 8047570.5969, -13196439.7278 8047639.2662, -13196424.3129 8047741.20979999, -13196474.1753 8047977.6177, -13196452.7842 8048099.7802, -13196255.3245 8048638.7556, -13196162.0309 8049029.9322, -13195984.673 8049396.8108, -13195911.3303 8049655.0834, -13195911.5082 8049794.9528, -13195984.7634 8050145.1256, -13195981.2214 8050361.9236, -13195856.8495 8050932.8196, -13195817.3939 8051431.759, -13195692.309 8051772.4776, -13195674.0435 8051933.1696, -13195689.1593 8052096.6078, -13195727.0679 8052262.7948, -13195973.1956 8052969.7356, -13196024.0306 8053153.3707, -13196043.3829 8053278.0333, -13196045.8198 8053532.8982, -13196026.6187 8053987.7364, -13195981.98 8054227.7082, -13195872.1836 8054496.79429999, -13195658.075 8054867.7302, -13195612.4009 8055038.1618, -13195634.0513 8055209.9323, -13195759.8485 8055449.6831, -13195761.3157 8055544.4115, -13195716.641 8055621.9806, -13195646.3846 8055669.478, -13195403.5398 8055693.9603, -13195349.6497 8055754.9423, -13195310.0049 8055890.7866, -13195258.042 8055958.6324, -13195140.3977 8055986.11689999, -13195079.7892 8056024.4683, -13195034.5635 8056194.8868, -13195006.3562 8056227.3081, -13194966.0857 8056247.3473, -13194828.5554 8056258.186, -13194746.7213 8056304.9053, -13194692.4413 8056397.04, -13194575.7815 8056718.2821, -13194418.1128 8056979.4356, -13194305.2599 8057268.679, -13194080.1881 8057543.6238, -13194057.4039 8057663.1067, -13194144.1992 8058189.6055, -13194119.4451 8058287.2588, -13194085.3557 8058321.8901, -13193941.2519 8058375.1009, -13193898.372 8058411.7554, -13193874.0612 8058469.128, -13193858.5024 8058666.8688, -13193868.7328 8059328.9157, -13193846.8322 8059505.7925, -13193790.23 8059580.3146, -13193720.6241 8059600.3956, -13193672.3378 8059559.5185, -13193664.5454 8059414.3158, -13193648.3308 8059364.57159999, -13193615.447 8059324.2854, -13193568.0047 8059306.4861, -13193517.4872 8059314.0557, -13193473.8978 8059346.2602, -13193445.5189 8059397.74, -13193436.2671 8059461.874, -13193451.3817 8059596.6107, -13193504.8915 8059788.461, -13193499.9874 8059914.2679, -13193434.8551 8060023.4324, -13193300.1594 8060160.1091, -13193265.5589 8060213.7176, -13193227.2731 8060334.9756, -13193237.7966 8060466.92629999, -13193285.8326 8060596.5155, -13193386.6955 8060783.271, -13193579.4572 8061071.9884, -13193732.3624 8061361.2123, -13193768.6173 8061475.6987, -13193799.1482 8061713.7308, -13193836.5726 8061836.30669999, -13193869.3064 8061893.7453, -13194037.3131 8062090.7716, -13194057.3486 8062154.9644, -13194054.7539 8062219.35760001, -13194033.5252 8062270.7541, -13193995.9974 8062310.6391, -13193944.6729 8062335.2153, -13193774.3736 8062362.4659, -13193721.3488 8062386.228, -13193679.4742 8062426.1295, -13193656.3994 8062474.0374, -13193646.5279 8062585.8077, -13193667.5865 8062702.6105, -13193719.1398 8062819.268, -13193857.0897 8062952.347, -13193890.465 8063046.917, -13193887.1075 8063099.2514, -13193866.8059 8063141.7606, -13193827.7706 8063172.1135, -13193605.6724 8063225.9109, -13193520.0893 8063310.54689999, -13193488.0005 8063438.8015, -13193544.1737 8063703.37089999, -13193540.9124 8063830.6238, -13193481.2167 8063935.6023, -13193246.5542 8064119.1027, -13193186.1838 8064217.294, -13193185.8814 8064276.50199999, -13193207.1195 8064334.0769, -13193281.2574 8064444.4784, -13193315.9527 8064569.1448, -13193300.3265 8064695.0724, -13193143.9332 8065022.9611, -13193132.0359 8065080.96540001, -13193128.7419 8065141.0379, -13193189.0371 8065326.5044, -13193199.768 8065463.365, -13193185.0059 8065532.4434, -13193124.1981 8065660.5373, -13192870.6241 8065971.4877, -13192850.4055 8066026.2041, -13192850.5893 8066086.9069, -13192934.1802 8066265.9735, -13193021.8618 8066372.2206, -13193336.4859 8066560.9561, -13193494.6203 8066717.9512, -13193571.3948 8066843.6544, -13193663.1763 8067044.514, -13193688.9395 8067112.3867, -13193702.8917 8067260.5036, -13193683.3386 8067331.89459999, -13193646.3247 8067391.9314, -13193537.9123 8067478.0899, -13193410.5875 8067540.11869999, -13193214.4076 8067578.3733, -13193022.0835 8067557.7338, -13192907.4493 8067512.4573, -13192824.4709 8067419.6899, -13192727.4782 8067352.7215, -13192603.7325 8067323.3784, -13192478.0087 8067339.791, -13192360.3177 8067396.694, -13192305.0401 8067440.5622, -13192018.1467 8067739.9709, -13191966.3388 8067774.5098, -13191953.1023 8068036.5819, -13192005.9186 8068071.9296, -13192069.8996 8068088.2425, -13192287.8542 8068046.3744, -13192352.02 8068052.5952, -13192469.5972 8068121.3183, -13192508.4088 8068185.7843, -13192565.9019 8068411.453, -13192606.7418 8068809.6222, -13192716.4769 8069100.1509, -13192721.2906 8069177.217, -13192685.8504 8069323.5652, -13192588.7014 8069429.8327, -13192120.7302 8069653.8032, -13191946.5701 8069792.4748, -13191866.3333 8069914.4186, -13191791.666 8070114.1148, -13191734.7968 8070313.4294, -13191717.5736 8070451.3535, -13191751.8192 8070591.0896, -13191866.6764 8070779.8614, -13191926.2405 8070914.3053, -13191951.8748 8071062.8529, -13191933.735 8071204.2292, -13191879.2803 8071335.9576, -13191802.4914 8071451.0227, -13191484.5656 8071764.0711, -13191411.169 8071858.5058, -13191388.4772 8071918.9824, -13191407.0893 8072054.9923, -13191506.3215 8072252.6702, -13191551.1159 8072386.1117, -13191550.4135 8072812.0435, -13191569.8816 8072885.1513, -13191695.9519 8073164.4746, -13191719.6642 8073317.1512, -13191710.1088 8073471.95049999, -13191672.6035 8073616.4157, -13191544.0488 8073874.9953, -13191502.5872 8074015.59759999, -13191411.7567 8074448.2606, -13191410.7447 8074747.4265, -13191396.7595 8074817.2635, -13191323.619 8074920.2494, -13191125.0075 8075045.8599, -13191088.4709 8075094.2986, -13191072.0784 8075155.3688, -13191077.0085 8075296.1448, -13191133.7978 8075503.1731, -13191151.9608 8075639.6246, -13191147.3291 8075708.5616, -13191108.125 8075837.7594, -13190988.7097 8075997.3373, -13190778.2308 8076149.8234, -13190642.9608 8076303.8729, -13190524.6353 8076541.6965, -13190469.4811 8076741.9916, -13190486.7418 8076914.5415, -13190536.237 8077022.1015, -13190576.1183 8077069.945, -13190682.2492 8077138.6985, -13190794.5971 8077182.461, -13190879.5788 8077263.5219, -13190957.2074 8077406.3098, -13190961.7496 8077559.7865, -13190983.1481 8077615.0331, -13191027.1506 8077666.7098, -13191182.2871 8077705.1787, -13191207.322 8077749.4702, -13191218.9274 8077827.0591, -13191168.1427 8077909.6039, -13191121.1671 8077944.1944, -13191057.8933 8077964.7331, -13190857.1165 8077978.0837, -13190669.6019 8077965.3046, -13190608.1156 8077975.7992, -13190550.232 8078006.5716, -13190499.117 8078052.5307, -13190464.1183 8078113.0055, -13190389.6332 8078380.4833, -13190298.993 8078539.1309, -13190209.5856 8078609.1784, -13190156.1301 8078619.8689, -13190050.2455 8078675.6364, -13189980.5461 8078772.9493, -13189930.6815 8078885.0562, -13189866.0552 8079140.291, -13189707.5114 8079479.2818, -13189700.4304 8079540.5675, -13189714.5376 8079666.7282, -13189779.3479 8079766.0763, -13189880.6987 8079842.3098, -13189902.804 8079906.23659999, -13189903.4575 8079965.3879, -13189826.1989 8080057.395, -13189707.4412 8080080.0002, -13189550.3472 8080062.95009999, -13189483.0444 8080084.605, -13189451.2415 8080147.0421, -13189444.5498 8080290.6559, -13189479.9167 8080930.058, -13189417.1176 8081037.0848, -13189363.727 8081062.4081, -13189186.0884 8081087.664, -13189143.6844 8081134.0877, -13189114.0686 8081256.4537, -13189116.9554 8081558.3796, -13189087.1757 8081656.80579999, -13189174.4099 8081760.3285, -13188783.1981 8082242.5277, -13188747.5849 8082376.9857, -13188758.6539 8082450.4067, -13188739.7654 8082486.176, -13188733.7262 8082558.949, -13188771.287 8082686.659, -13188638.6634 8082920.4249, -13188567.5735 8082946.0668, -13188550.1667 8082971.6498, -13188555.3666 8083005.7962, -13188525.4198 8083080.344, -13188550.8333 8083127.4323, -13188553.1083 8084088.5512, -13188588.9066 8084163.7665, -13188558.558 8084219.8004, -13188552.8423 8084322.7687, -13188521.3874 8084372.4339, -13188449.2871 8084402.2939, -13188349.5961 8084347.4495, -13188226.4317 8084326.4316, -13188186.6916 8084354.8106, -13188199.1976 8084537.6496, -13188229.1367 8084622.0757, -13188198.3526 8084697.4749, -13188226.5526 8084722.286, -13188259.9589 8084794.1257, -13188220.2176 8084868.2662, -13188240.1332 8084926.4252, -13188221.1021 8085026.8385, -13188279.0575 8085140.9221, -13188276.1709 8085236.6318, -13188305.051 8085329.4577, -13188235.2286 8085405.2862, -13188241.0176 8085446.6883, -13188222.9958 8085466.5942, -13188125.7926 8085492.30569999, -13188016.5952 8085491.2653, -13187890.9762 8085529.9438, -13187817.338 8085583.048, -13187804.4888 8085637.5469, -13187725.1188 8085696.7967, -13187710.7418 8086199.5637, -13187641.6142 8086330.5644, -13187554.1113 8086321.977, -13187473.014 8086287.981, -13187459.0586 8086297.2954, -13187455.0793 8086333.8234, -13187426.5175 8086346.8633, -13187364.9771 8086317.7221, -13187304.8439 8086309.4878, -13187301.9794 8086254.2869, -13187252.2393 8086232.3386, -13187230.8297 8086248.0624, -13187209.3249 8086303.028, -13187163.2761 8086342.2959, -13187151.8526 8086378.2784, -13187159.0522 8086434.4517, -13187141.2649 8086506.8526, -13187153.7485 8086564.5215, -13187300.6891 8086585.0147, -13187356.949 8086607.87039999, -13187384.4641 8086644.05399999, -13187382.4291 8086714.1542, -13187306.0292 8086838.7907, -13187292.2052 8086915.1317, -13187230.8069 8086968.9533, -13187225.047 8087065.85499999, -13187258.7277 8087122.5024, -13187255.7945 8087146.1895, -13187218.7257 8087188.554, -13187115.6792 8087233.5482, -13187096.7921 8087369.9564, -13187146.1541 8087390.1702, -13187441.8209 8087377.8487, -13187448.6405 8087508.2143, -13187480.6717 8087576.4953, -13187439.3293 8087641.7212, -13187487.0443 8087695.4744, -13187506.891 8087784.3276, -13187464.979 8087791.5719, -13187381.2618 8087748.6709, -13187346.1156 8087771.0934, -13187310.4993 8087850.3061, -13187177.8684 8087836.0517, -13187110.4828 8087811.0248, -13187078.8828 8087853.1393, -13187054.7794 8087944.9686, -13187033.0265 8087954.8939, -13186970.3649 8087944.038, -13186943.1065 8087966.1228, -13186949.5532 8088045.1257, -13187032.166 8088225.3795, -13187056.7558 8088375.8444, -13187111.8571 8088385.0576, -13187176.8278 8088422.7421, -13187200.0777 8088517.7576, -13187195.3811 8088537.8361, -13187069.7135 8088565.6115, -13187059.3673 8088581.4882, -13187107.4328 8088618.4889, -13187131.1159 8088667.1185, -13187129.7827 8088697.88899999, -13187093.127 8088729.9057, -13187123.6047 8088782.9964, -13187121.4327 8088805.0666, -13187056.5524 8088943.2661, -13186983.7926 8088962.418, -13186954.3291 8088996.3993, -13186936.6719 8089230.5261, -13186850.6429 8089217.6081, -13186767.489 8089249.33209999, -13186750.5369 8089221.7235, -13186719.6501 8089115.5173, -13186734.81 8089041.2143, -13186703.2558 8088954.7527, -13186737.0499 8088890.9087, -13186754.1409 8088832.3172, -13186749.9893 8088786.5653, -13186783.1448 8088717.347, -13186704.9372 8088641.7269, -13186671.2999 8088677.0811, -13186702.8374 8088786.7033, -13186679.6477 8088818.7697, -13186610.5899 8088859.20709999, -13186610.8324 8088945.596, -13186397.6583 8088953.9712, -13186346.0266 8088967.0735, -13186267.8714 8089025.1744, -13186264.6676 8089062.5209, -13186328.8379 8089098.4268, -13186358.9618 8089155.9245, -13186305.9627 8089239.2409, -13186244.7387 8089274.4858, -13186179.9527 8089343.5853, -13186117.621 8089288.1851, -13186106.7504 8089217.1677, -13186115.0055 8089136.3581, -13186059.2198 8089117.2949, -13186042.1608 8089147.5695, -13186053.9266 8089161.0853, -13186044.8607 8089226.2281, -13185933.605 8089303.9394, -13185915.1632 8089376.5272, -13185940.9341 8089420.6025, -13185935.7233 8089478.7717, -13185873.9187 8089506.7167, -13185822.6077 8089577.4612, -13185870.1775 8089588.7621, -13185911.6748 8089623.7911, -13185918.2793 8089742.5757, -13185982.0161 8089836.3106, -13185987.3569 8089902.5171, -13185972.0526 8089975.1469, -13185894.6805 8089988.3913, -13185875.7806 8090012.7394, -13186150.0078 8090078.206, -13186155.8751 8090438.2195, -13186038.4341 8090551.866, -13186012.8718 8090623.6387, -13186043.8755 8090695.4523, -13186024.071 8090775.2961, -13185959.7484 8090805.7147, -13185916.8262 8090863.4638, -13185803.8655 8090949.58690001, -13185806.9733 8090993.1591, -13185838.8314 8091055.0147, -13185776.9183 8091144.8088, -13185781.802 8091181.1862, -13185815.5385 8091209.9309, -13185766.219 8091277.2686, -13185573.7166 8091279.1087, -13185526.2586 8091298.9251, -13185425.6351 8091501.06139999, -13185256.9758 8091686.3212, -13185207.8207 8091704.1315, -13185196.7357 8091778.85180001, -13185140.9916 8091782.4991, -13185084.2665 8091834.921, -13185040.9046 8091820.6295, -13185023.029 8091833.8675, -13185037.208 8091880.2141, -13185014.2688 8091998.8532, -13185047.6774 8092016.1228, -13185031.0214 8092184.9341, -13185006.2018 8092263.5669, -13185009.2641 8092348.289, -13185035.6167 8092420.3233, -13185035.8319 8092499.6489, -13185066.5681 8092558.1913, -13185071.8693 8092602.4695, -13184890.0456 8092801.3845, -13184823.2714 8092966.6041, -13184770.7843 8092996.107, -13184802.0408 8093039.3079, -13184790.0853 8093159.2416, -13184826.715 8093226.63, -13184795.498 8093267.919, -13184749.6011 8093251.8584, -13184638.6322 8093322.9878, -13184556.985 8093529.5612, -13184542.0653 8093629.2964, -13184648.2436 8093713.3898, -13184669.0423 8093750.3311, -13184632.0806 8093826.1064, -13184655.6627 8093929.7651, -13184633.319 8093947.295, -13184586.1774 8093941.8762, -13184578.7539 8093960.3599, -13184613.9637 8094048.7201, -13184607.5674 8094097.6862, -13184513.5793 8094120.2735, -13184377.4666 8094257.6158, -13184396.6904 8094290.2984, -13184500.6791 8094327.6482, -13184529.3836 8094357.1486, -13184542.3572 8094388.1234, -13184548.4671 8094573.39989999, -13184636.4712 8094651.9006, -13184652.7107 8094683.7144, -13184665.407 8094788.1426, -13184643.9388 8095058.4385, -13184620.3329 8095103.9167, -13184471.7634 8095189.9832, -13184442.3413 8095182.7858, -13184381.5817 8095119.6979, -13184338.0299 8095132.7214, -13184272.2996 8095244.7087, -13184230.9444 8095405.6273, -13184206.2937 8095415.1196, -13184139.155 8095392.1459, -13184073.9664 8095439.334, -13184016.0958 8095423.5602, -13183825.0238 8095499.4131, -13183809.891 8095623.0704, -13183766.738 8095681.3759, -13183799.2754 8095736.6153, -13183745.9488 8095819.1651, -13183700.6602 8095990.7884, -13183661.2374 8096030.7597, -13183598.0792 8096144.6816, -13183599.9108 8096160.47959999, -13183651.9427 8096192.5829, -13183595.0037 8096285.1811, -13183589.1534 8096342.9906, -13183611.7679 8096416.0425, -13183533.4297 8096508.6262, -13183569.9876 8096574.3149, -13183573.0148 8096632.3823, -13183509.4417 8096658.4155, -13183611.4235 8096799.8758, -13183534.9314 8096943.1814, -13183535.0621 8097052.3274, -13183498.1934 8097100.1196, -13183518.8563 8097175.4669, -13183410.4183 8097258.2245, -13183222.4351 8097235.5116, -13183180.5326 8097257.0216, -13183151.8693 8097302.7166, -13183142.5442 8097336.6869, -13183158.4471 8097387.5947, -13183122.3435 8097479.644, -13183146.4922 8097642.57769999, -13183205.5785 8097676.4571, -13183335.7619 8097688.8048, -13183403.0862 8097738.1619, -13183482.6418 8097755.59660001, -13183509.6567 8097793.764, -13183442.2339 8097926.3588, -13183402.5864 8097951.3767, -13183242.5959 8098126.4469, -13183201.3072 8098217.012, -13183218.8604 8098344.7231, -13183203.103 8098440.7684, -13183236.5098 8098523.53, -13183208.9391 8098517.0858, -13183220.8857 8098584.9646, -13183163.8001 8098657.7111, -13183179.0998 8098774.8002, -13183132.6946 8098868.4006, -13183142.484 8099201.5439, -13183180.8587 8099320.9106, -13183145.7934 8099419.9663, -13183151.2777 8099726.8554, -13183194.8842 8099825.0619, -13183160.4904 8099900.258, -13183150.5484 8099985.713, -13183148.308 8100113.3464, -13183166.5378 8100207.3373, -13183104.0765 8100240.588, -13183014.0411 8100332.0624, -13182981.9524 8100343.6735, -13182318.2015 8100350.5131, -13182283.795 8100377.1313, -13182264.8095 8100425.0378, -13182204.8492 8100452.1107, -13182158.6478 8100504.2781, -13181913.1234 8100590.975, -13181889.2829 8100613.9139, -13181891.1016 8100653.6178, -13181988.6236 8100736.8072, -13182083.1381 8100726.3809, -13182099.3806 8100738.3241, -13182060.5639 8100906.1892, -13181971.6533 8100956.1015, -13181910.3896 8101050.9253, -13181914.2732 8101138.8063, -13181891.037 8101203.3182, -13181938.2429 8101323.6173, -13182058.8711 8101371.2455, -13182096.8338 8101406.6247, -13182112.4619 8101431.9378, -13182115.2811 8101521.5769, -13182046.2064 8101617.6045, -13181966.5443 8101684.6099, -13181884.8485 8101665.1184, -13181853.7503 8101793.3678, -13181876.1084 8101859.8476, -13181862.9516 8101939.7173, -13181769.2449 8102064.9595, -13181713.7169 8102060.5742, -13181661.7997 8102007.3137, -13181587.6659 8101983.54869999, -13181564.9696 8101935.3433, -13181534.703 8101923.2992, -13181484.9095 8101930.8939, -13181419.2101 8102003.8296, -13181300.4544 8102030.933, -13181280.6353 8102074.2876, -13181421.3706 8102418.5086, -13181435.5195 8102503.7453, -13181415.4467 8102507.1469, -13181441.8844 8102560.5855, -13181477.6005 8103025.3828, -13181530.2868 8103123.2907, -13181749.7298 8103204.0136, -13181767.2686 8103232.305, -13181758.4693 8103287.2924, -13181701.7614 8103324.9771, -13181613.8296 8103278.5835, -13181590.9388 8103250.7919, -13181473.2437 8103268.3827, -13181449.8308 8103308.6389, -13181437.8374 8103385.34399999, -13181387.2273 8103413.7695, -13181308.3332 8103536.6486, -13181126.8535 8103710.754, -13180909.545 8103812.1637, -13180797.7266 8103841.0318, -13180733.1893 8103892.8025, -13180676.3009 8103892.7313, -13180519.4224 8103973.006, -13180346.7697 8104159.3266, -13180290.6308 8104249.976, -13180153.8532 8104327.7295, -13180150.9187 8104410.3446, -13180082.6972 8104426.4675, -13179997.0024 8104508.8165, -13180004.103 8104632.1104, -13180014.9226 8104622.7446, -13180029.8266 8104715.3267, -13179971.0928 8104750.9787, -13179873.0127 8104729.0479, -13179873.0529 8104703.6698, -13179850.0645 8104806.5575, -13179700.1569 8104875.2549, -13179629.9136 8104957.0862, -13179633.9736 8105138.9712, -13179768.1411 8105404.7096, -13179724.6583 8105482.5781, -13179602.9102 8105541.6046, -13179482.3672 8105554.8172, -13179395.2034 8105583.8534, -13179355.8869 8105631.03760001, -13179400.4875 8105834.6551, -13179405.5579 8105949.0956, -13179434.844 8106015.5146, -13179506.1974 8106368.4591, -13179533.906 8106418.4949, -13179591.2007 8106711.7484, -13179565.9595 8106874.8599, -13179569.7269 8106996.5532, -13179529.954 8107039.4389, -13179511.4082 8107147.0235, -13179485.8044 8107160.6495, -13179500.5023 8107192.9623, -13179495.0248 8107271.6705, -13179459.6638 8107434.4288, -13179379.4517 8107635.2913, -13179385.3313 8107750.8134, -13179252.8869 8107806.8242, -13179051.3666 8107808.404, -13178978.7703 8107838.6066, -13178804.5397 8107860.1544, -13178456.6084 8107778.408, -13178329.2891 8107868.4598, -13178306.9544 8107922.4077, -13178308.5244 8108121.9099, -13178317.1799 8108145.9153, -13178380.1339 8108151.8495, -13178391.7947 8108165.8585, -13178392.647 8108246.7644, -13178410.1569 8108300.708, -13178388.698 8108542.4213, -13178365.9101 8108611.323, -13178328.3302 8108648.6492, -13178197.8704 8108702.1166, -13178160.7701 8108677.5894, -13178091.9098 8108664.6364, -13177939.39 8108669.3958, -13177870.4805 8108705.8162, -13177691.6356 8108740.8097, -13177618.075 8108772.769, -13177492.0317 8108709.476, -13177470.0151 8108711.8961, -13177452.2752 8108721.5685, -13177428.8148 8108784.66879999, -13177362.0503 8108854.1296, -13177299.7887 8108865.508, -13177254.0826 8108834.7077, -13177195.3473 8108853.5943, -13177192.2782 8108884.3917, -13177214.9749 8108917.7461, -13177326.1843 8108974.5737, -13177320.1705 8109006.1606, -13177290.6194 8109040.7375, -13177305.0251 8109239.1293, -13177262.2094 8109326.66, -13177254.5995 8109456.0963, -13177223.1153 8109500.9783, -13177241.5202 8109581.1074, -13177216.8394 8109628.1154, -13177140.4024 8109675.4046, -13177109.8028 8109744.3524, -13177056.488 8109779.3631, -13177063.1786 8109869.0629, -13176993.5187 8109965.0735, -13176883.4973 8109991.3796, -13176844.6366 8110089.3602, -13176817.9499 8110110.0477, -13176806.0865 8110213.0561, -13176779.0593 8110270.87169999, -13176730.2622 8110285.57, -13176676.7268 8110273.932, -13176643.7996 8110253.242, -13176635.2759 8110229.1573, -13176564.6183 8110219.0552, -13176489.491 8110296.7574, -13176412.3108 8110295.374, -13176360.1766 8110281.2783, -13176338.4755 8110245.8763, -13176319.1339 8110242.6164, -13176287.607 8110296.9667, -13176207.222 8110312.6084, -13176176.3119 8110388.3079, -13176198.9895 8110455.5523, -13176187.1106 8110517.8878, -13176249.2316 8110540.8015, -13176350.6581 8110672.8648, -13176412.1709 8110704.187, -13176460.7223 8110765.2033, -13176611.8786 8110828.4098, -13176665.006 8110887.0724, -13176657.4215 8110947.0521, -13176632.2584 8110966.3529, -13176505.4651 8110983.515, -13176416.8871 8110956.4481, -13176294.2959 8110868.1961, -13176267.9954 8110865.0567, -13176261.6432 8110890.9097, -13176331.9531 8110943.4458, -13176355.6956 8111080.3517, -13176240.7919 8111218.021, -13176153.5253 8111256.6231, -13176004.9344 8111228.5138, -13175888.9923 8111235.0961, -13175799.8131 8111276.5813, -13175733.3294 8111288.1713, -13175650.4179 8111343.8124, -13175564.8816 8111471.5663, -13175409.9029 8111509.3229, -13175363.4853 8111574.6388, -13175294.5922 8111608.0267, -13175294.3034 8111674.8702, -13175241.9495 8111709.7365, -13175218.5858 8111787.6169, -13175150.2707 8111774.6323, -13175134.0132 8111783.7381, -13175145.2747 8111836.0481, -13175220.1569 8111884.8157, -13175226.9971 8111904.9807, -13175207.7451 8111949.1699, -13175206.0944 8112017.4636, -13175151.3054 8112084.6381, -13175144.7618 8112154.0208, -13175121.6141 8112206.7202, -13175111.3863 8112375.8954, -13175076.2473 8112486.9691, -13175097.5566 8112632.7622, -13175051.2074 8112666.559, -13175006.6605 8112624.5515, -13174981.0427 8112626.9328, -13174945.1749 8112686.5382, -13174870.1497 8112757.1518, -13174816.5917 8112773.7929, -13174728.2845 8112837.0949, -13174643.83 8112855.4022, -13174552.4136 8113000.0207, -13174573.5303 8113060.9412, -13174648.1639 8113114.7577, -13174568.3834 8113314.7434, -13174602.2058 8113403.91929999, -13174605.2554 8113474.122, -13174654.3445 8113531.9748, -13174647.1623 8113564.0819, -13174560.115 8113630.6275, -13174533.1347 8113618.4339, -13174509.9244 8113553.4388, -13174483.782 8113543.0832, -13174412.0191 8113552.5168, -13174339.8059 8113613.58519999, -13174268.7647 8113614.7388, -13174216.0414 8113575.7637, -13174212.5535 8113491.6273, -13174193.1257 8113448.0583, -13174162.0124 8113435.6375, -13174081.3176 8113444.1775, -13174005.6594 8113518.4701, -13173995.2251 8113550.2018, -13174060.5529 8113623.1669, -13174143.3805 8113682.8384, -13174178.7547 8113788.0057, -13174163.1445 8113808.0104, -13174126.7102 8113817.1458, -13174036.6284 8113792.4757, -13173955.7019 8113873.8884, -13173881.3223 8113852.723, -13173808.8748 8113865.4661, -13173774.0437 8113839.3377, -13173760.6124 8113800.265, -13173764.0154 8113703.8085, -13173809.2979 8113655.3619, -13173810.8576 8113623.8516, -13173771.4701 8113615.1639, -13173695.1325 8113652.5092, -13173668.046 8113732.195, -13173705.0808 8113801.243, -13173699.3096 8113867.8142, -13173768.4092 8113929.2427, -13173770.4379 8113950.8363, -13173704.9934 8113994.5063, -13173698.2144 8114100.166, -13173642.0349 8114139.9581, -13173539.0952 8114169.038, -13173436.1515 8114129.9737, -13173403.0467 8114167.0015, -13173401.6079 8114206.0563, -13173444.7383 8114259.6037, -13173438.5761 8114384.0688, -13173414.8523 8114426.0983, -13173355.37 8114462.783, -13173347.8611 8114550.7856, -13173316.5057 8114581.8835, -13173281.7215 8114582.6354, -13173250.1896 8114553.9591, -13173224.6796 8114436.9039, -13173179.1852 8114375.2153, -13173174.8942 8114258.81009999, -13173045.7392 8114138.3507, -13172992.7299 8114113.4432, -13172942.9645 8114140.4897, -13172957.305 8114233.4709, -13172945.8229 8114264.6303, -13172841.8251 8114306.7129, -13172815.5242 8114365.82810001, -13172812.8788 8114445.6311, -13172722.584 8114542.9484, -13172676.1416 8114540.0719, -13172611.3712 8114456.0538, -13172587.7505 8114461.1342, -13172581.6241 8114493.2667, -13172622.4915 8114553.0287, -13172624.9173 8114590.0031, -13172606.8859 8114626.3294, -13172545.3188 8114664.2895, -13172518.8592 8114668.57370001, -13172387.222 8114603.6843, -13172297.8925 8114598.0413, -13172223.572 8114542.9872, -13172182.9862 8114556.6663, -13172168.6261 8114620.2323, -13172261.6464 8114742.7267, -13172185.5979 8114817.9568, -13172116.4259 8114823.856, -13172081.7238 8114957.7002, -13172102.3411 8114996.1703, -13172197.3923 8115076.27009999, -13172323.5645 8115351.5571, -13172255.4399 8115443.2201, -13172229.4885 8115455.1193, -13172091.7749 8115435.2963, -13172037.6399 8115339.922, -13172010.0641 8115348.9115, -13171986.8885 8115398.0294, -13172000.2684 8115472.8055, -13171986.1633 8115535.6479, -13172063.0798 8115581.22689999, -13172084.9301 8115612.6739, -13171980.9244 8115794.2899, -13172057.1665 8116198.9003, -13171624.6242 8116522.4235, -13171492.6542 8116561.175, -13171365.8444 8116619.2727, -13171001.4288 8116823.3732, -13170839.6145 8116953.3729, -13170601.729 8117176.6044, -13170540.5814 8117285.1603, -13170531.114 8117347.9854, -13170537.2932 8117414.5014, -13170625.4591 8117690.3667, -13170633.5964 8117764.741, -13170612.6989 8117911.9391, -13170586.3609 8117978.7567, -13170509.6129 8118093.52179999, -13170278.8606 8118295.9674, -13170210.2537 8118392.2798, -13170180.3717 8118515.0084, -13170178.7965 8118786.411, -13170137.6711 8118905.9421, -13170055.6009 8118993.6312, -13169836.5978 8119102.8799, -13169539.5866 8119460.6882, -13169389.7731 8119573.9066, -13169083.7123 8119749.4601, -13169039.4714 8119788.1662, -13168976.019 8119891.1635, -13168949.2432 8120013.1082, -13168946.3497 8120257.6309, -13168917.2569 8120365.6365, -13168852.0618 8120448.5869, -13168682.9934 8120554.5785, -13168650.0216 8120648.0251, -13168674.2616 8120752.9965, -13168736.6795 8120846.9241, -13168825.8967 8120921.6645, -13169059.5986 8121026.7111, -13169132.0859 8121133.9393, -13169143.7914 8121198.2007, -13169124.7874 8121326.6316, -13169023.0215 8121482.3758, -13168976.6875 8121521.0516, -13168868.4132 8121570.0505, -13168749.2764 8121586.3228, -13168449.0651 8121586.0215, -13168338.1343 8121620.0892, -13168243.5706 8121692.893, -13168129.2255 8121848.39230001, -13168033.8564 8121937.62569999, -13167922.2034 8122001.1308, -13167688.1401 8122073.4798, -13167580.8033 8122123.5222, -13167443.2034 8122240.3041, -13167296.1567 8122439.75, -13167168.4114 8122563.8642, -13166971.581 8122680.0884, -13166651.3369 8122834.7121, -13166593.3964 8122884.2893, -13166571.5728 8122956.977, -13166579.7005 8122998.6276, -13166707.867 8123154.7764, -13166749.0569 8123242.59709999, -13166722.864 8123338.1958, -13166638.828 8123407.2369, -13166534.64 8123454.5153, -13166444.3121 8123534.2876, -13166261.6661 8123877.0284, -13166177.688 8123977.0319, -13165930.5016 8124214.1342, -13165657.8906 8124415.3958, -13165129.1914 8124729.3134, -13164956.0434 8124873.9227, -13164876.0575 8125020.2554, -13164846.1961 8125247.9296, -13164809.6222 8125354.9902, -13164739.6303 8125441.153, -13164576.2856 8125584.8675, -13164533.043 8125683.206, -13164545.7929 8125789.8831, -13164613.7256 8125938.7689, -13164609.7826 8126039.4991, -13164584.1086 8126085.8598, -13164507.1053 8126162.6659, -13164290.0175 8126313.376, -13164213.4613 8126388.45, -13163964.6253 8126760.63310001, -13163809.689 8126924.9328, -13163670.0718 8127008.2753, -13163466.5033 8127047.5128, -13163379.4308 8127091.5992, -13163317.4989 8127175.8065, -13163233.7825 8127374.5205, -13163096.4889 8127542.622, -13162972.1881 8127640.2976, -13162774.3369 8127689.3663, -13162691.2327 8127741.06149999, -13162664.2283 8127781.4942, -13162645.4538 8127880.4048, -13162726.5834 8128125.5993, -13162732.4379 8128226.3307, -13162656.4962 8128477.6778, -13162558.8729 8128640.5825, -13162386.0242 8128778.7014, -13162291.2559 8128939.1017, -13162234.584 8129004.7841, -13162018.3862 8129104.9452, -13161890.3236 8129315.8158, -13161819.3727 8129352.4632, -13161628.3122 8129379.8812, -13161568.7646 8129421.918, -13161536.7495 8129491.2885, -13161540.0537 8129621.2536, -13161522.5917 8129712.3509, -13161461.5379 8129834.5652, -13161156.2532 8130030.7409, -13160993.0534 8130180.6566, -13160651.9606 8130452.4575, -13160527.3353 8130628.38359999, -13160451.8542 8130671.4778, -13160278.9989 8130715.1822, -13160111.3163 8130861.1936, -13159996.312 8130931.705, -13159912.3244 8130966.2256, -13159739.837 8131005.3519, -13159600.2267 8131089.8917, -13159555.7585 8131155.8816, -13159537.6196 8131239.6213, -13159571.3958 8131468.6179, -13159565.0117 8131511.6614, -13159525.1528 8131589.76179999, -13159388.8208 8131716.3718, -13159334.5892 8131792.3089, -13159286.5602 8131924.9328, -13159264.8283 8132094.2864, -13159241.5262 8132122.9524, -13159160.5711 8132149.1803, -13158891.0635 8132158.486, -13158641.2831 8132238.658, -13158997.1117 8132253.3084, -13158909.3781 8132382.6083, -13158786.7016 8132468.1822, -13158559.4925 8132540.9682, -13158201.106 8132534.9554, -13158121.3014 8132578.9482, -13158070.5436 8132658.745, -13158049.3323 8132730.4223, -13158060.8534 8132807.2123, -13158074.1169 8132856.6508, -13158228.983 8132971.9818, -13158257.6568 8133069.6986, -13158252.2294 8133124.9986, -13158049.5277 8133553.9511, -13157980.919 8133646.0487, -13157833.2448 8133739.4839, -13157719.7455 8133764.2957, -13157604.2583 8133765.364, -13157376.6099 8133728.30709999, -13156981.5412 8133786.1955, -13156906.844 8133869.8448, -13156910.3199 8133992.0273, -13156958.3029 8134101.3116, -13156953.1999 8134157.0444, -13156934.4581 8134212.4825, -13156852.5938 8134284.817, -13156694.262 8134328.466, -13156590.0514 8134316.6342, -13156497.5931 8134276.2549, -13156343.709 8134155.8862, -13156290.7446 8134137.3841, -13156243.3221 8134143.8577, -13156191.2684 8134162.4478, -13156067.4611 8134299.0345, -13156010.9511 8134340.2872, -13155773.9555 8134456.7831, -13155745.3818 8134500.2895, -13155738.6123 8134557.62129999, -13155764.7927 8134614.567, -13155874.4451 8134673.6101, -13156006.196 8134686.64019999, -13156268.9755 8134578.66409999, -13156397.8903 8134351.4528, -13156614.6372 8134436.53, -13156706.4286 8134522.3979, -13156762.9487 8134654.1423, -13156765.6011 8134807.6877, -13156717.4415 8135109.8043, -13156731.1858 8135255.0627, -13156786.5011 8135389.3455, -13156837.5321 8135442.752, -13156951.1434 8135515.3176, -13156986.6112 8135560.26489999, -13157019.0468 8135658.62129999, -13157010.8883 8135712.37849999, -13156980.6225 8135754.9153, -13156930.7892 8135787.1093, -13156734.1964 8135838.7285, -13156670.7917 8135878.4208, -13156620.2605 8135937.8672, -13156485.8956 8136269.9264, -13156341.5162 8136485.5091, -13156412.4043 8136754.3839, -13156167.2406 8136645.8531, -13155948.208 8136794.8331, -13155264.5104 8137089.3395, -13154543.6633 8137463.481, -13154330.4487 8137516.4971, -13154121.0932 8137498.5856, -13154018.784 8137552.505, -13153936.8446 8137644.51959999, -13153927.4176 8137710.6144, -13153970.6936 8137831.8266, -13154132.0379 8137976.6344, -13154167.2609 8138030.8098, -13154177.6113 8138148.5943, -13154149.082 8138197.5267, -13154101.3479 8138233.4329, -13154038.2642 8138247.3328, -13153833.7853 8138210.6384, -13153700.0991 8138221.433, -13153585.8142 8138309.4354, -13153446.1303 8138593.5105, -13153330.7504 8138703.4873, -13153116.9471 8138799.1996, -13152747.9329 8138843.0338, -13152470.6765 8138933.851, -13152273.1777 8139040.8036, -13152099.1505 8139190.4522, -13151918.7104 8139318.0547, -13151818.2928 8139422.3725, -13151784.8241 8139488.8098, -13151639.8931 8140229.8976, -13151578.8811 8140357.0131, -13151530.6919 8140403.22600001, -13151472.8547 8140435.0027, -13151346.3836 8140445.8568, -13151225.7029 8140395.6149, -13151041.7677 8140289.7855, -13150905.4916 8140245.7205, -13150570.2895 8140200.7458, -13150447.5021 8140227.0397, -13150398.7554 8140267.9668, -13150367.6957 8140327.8877, -13150355.8071 8140396.8348, -13150372.5711 8140468.7319, -13150414.9141 8140534.228, -13150531.076 8140646.3415, -13150621.0458 8140776.6195, -13150652.6012 8140929.0294, -13150621.3078 8141079.1942, -13150587.7851 8141147.2919, -13150494.7023 8141264.3768, -13150238.9455 8141435.946, -13149853.7004 8141726.5232, -13149706.4136 8141792.4283, -13149552.3951 8141823.428, -13149475.2674 8141823.964, -13149328.3756 8141802.2218, -13149010.8117 8141678.6405, -13148884.2806 8141673.185, -13148765.0813 8141721.0335, -13148512.7148 8141947.0816, -13148401.6594 8142015.1451, -13148281.4527 8142043.688, -13148099.2958 8142024.2523, -13147985.0524 8142052.9164, -13147940.1485 8142095.667, -13147909.9188 8142154.1754, -13147897.3016 8142224.0695, -13147907.1505 8142370.7231, -13147959.1804 8142599.0608, -13147964.2739 8142677.9359, -13147938.4799 8142829.6216, -13147907.8749 8142899.2057, -13147819.9604 8143019.7999, -13147623.2441 8143172.1505, -13147621.6744 8143329.2908, -13147484.731 8143224.7141, -13147393.1387 8143230.6345, -13147329.5853 8143217.8332, -13146927.1195 8143013.6703, -13146493.9322 8142920.289, -13146396.153 8142867.245, -13146361.026 8142826.8397, -13146322.692 8142722.9626, -13146264.0248 8142392.39989999, -13146206.6028 8142300.2993, -13146154.8299 8142272.1462, -13146090.4651 8142262.4184, -13146019.6079 8142273.9497, -13145653.0429 8142376.37089999, -13145423.1678 8142402.1836, -13145274.8376 8142382.5148, -13145206.1618 8142358.7567, -13145090.266 8142280.6241, -13145046.3523 8142228.9455, -13144984.987 8142109.4416, -13144942.4717 8141917.69659999, -13144963.7764 8141735.1744, -13145081.4159 8141464.4056, -13145093.4841 8141342.9924, -13145080.6528 8141282.84539999, -13145052.4184 8141227.7668, -13144954.6776 8141146.6143, -13144687.9699 8141091.7922, -13144565.457 8141038.0235, -13144514.519 8140996.2116, -13144410.1598 8140836.9625, -13144375.0794 8140716.5185, -13144335.5035 8140476.0619, -13144281.3924 8140373.17549999, -13144190.4229 8140300.0961, -13144021.1641 8140245.792, -13143941.5592 8140195.9404, -13143923.6921 8140122.9925, -13143942.6936 8140088.3684, -13143979.8671 8140060.4501, -13144132.9012 8140004.802, -13144198.4456 8139936.0307, -13144206.9888 8139891.3637, -13144195.1881 8139844.3091, -13144108.1761 8139769.675, -13143853.4168 8139700.7245, -13143718.1577 8139694.0063, -13143322.7122 8139815.7644, -13143024.7989 8139875.5915, -13142932.5693 8139873.1535, -13142898.4382 8139849.501, -13142879.5139 8139810.0242, -13142888.3255 8139645.9732, -13142877.0041 8139588.08429999, -13142841.9177 8139538.12449999, -13142787.8676 8139503.2554, -13142655.8301 8139497.0566, -13142339.8127 8139624.1325, -13142145.4525 8139631.4279, -13142084.4415 8139617.8719, -13141973.8114 8139563.9619, -13141883.1044 8139482.375, -13141766.7087 8139339.3271, -13141716.6907 8139303.4624, -13141596.0274 8139273.5924, -13141470.3113 8139312.2722, -13141213.6495 8139524.5659, -13141099.965 8139572.6571, -13140981.3616 8139588.069, -13140744.4081 8139578.6351, -13140624.992 8139594.8087, -13140511.0964 8139639.6106, -13140357.1264 8139732.7625, -13140253.059 8139760.2003, -13140205.9423 8139755.6364, -13140138.4766 8139710.8469, -13140128.6976 8139633.4381, -13140262.8046 8139425.2658, -13140263.3348 8139331.2412, -13140189.528 8139263.0322, -13140085.4699 8139242.8599, -13139943.8737 8139245.3853, -13139874.4524 8139205.9062, -13139765.817 8139027.86289999, -13139542.6533 8138859.312, -13139466.3036 8138784.0311, -13139285.2399 8138494.6551, -13139245.007 8138471.0877, -13139143.3003 8138469.91529999, -13138875.4087 8138549.0736, -13138544.1297 8138616.1304, -13138451.4808 8138616.6535, -13138418.6298 8138589.7596, -13138401.4629 8138549.6876, -13138405.4523 8138500.5518, -13138580.9471 8138275.8368, -13138616.7975 8138178.294, -13138614.2447 8138126.9587, -13138572.1184 8138031.3331, -13138379.4881 8137874.8679, -13138313.6272 8137765.651, -13138294.8103 8137637.09839999, -13138305.5755 8137372.4847, -13138222.6633 8136770.7511, -13138241.83 8136501.5964, -13138197.919 8136375.7003, -13138156.7205 8136320.7689, -13137907.3009 8136092.2675, -13137847.7485 8135975.997, -13137802.1979 8135780.1875, -13137730.422 8135667.19389999, -13137676.5839 8135624.3446, -13137549.0555 8135562.30479999, -13137405.6562 8135534.1064, -13136958.1261 8135524.983, -13136830.9454 8135468.702, -13136787.691 8135417.3055, -13136766.8268 8135356.8013, -13136768.0322 8135294.2561, -13136788.2812 8135235.5712, -13136830.4889 8135186.4278, -13136959.4581 8135130.3846, -13137110.7318 8135117.4108, -13137577.6124 8135159.0327, -13137800.068 8135157.70679999, -13137933.9872 8135123.8182, -13138038.5846 8135045.7813, -13138091.2315 8134927.5629, -13138094.3261 8134859.9431, -13138069.7231 8134724.9423, -13137873.6881 8134276.8887, -13137800.5378 8134159.1551, -13137671.2526 8134002.2374, -13137645.963 8133884.2008, -13137664.3964 8133825.0194, -13137756.0623 8133731.5354, -13138028.7206 8133622.91749999, -13138148.729 8133544.7964, -13138195.563 8133493.6898, -13138255.2209 8133372.4853, -13138263.0819 8133239.0442, -13138195.4993 8133046.4075, -13137978.9535 8132715.0996, -13137932.1364 8132609.2406, -13137920.6584 8132500.7488, -13137980.1397 8132284.6036, -13137966.5852 8132170.1043, -13137907.9677 8132063.0565, -13137739.4366 8131873.6985, -13137673.8741 8131771.5741, -13137647.9814 8131656.3602, -13137651.6404 8131423.3021, -13137613.5416 8131253.97600001, -13137516.8002 8131104.7438, -13137369.0925 8130985.5269, -13137292.2029 8130887.6001, -13137254.0499 8130768.2106, -13137212.6146 8130514.28589999, -13137165.5162 8130392.9707, -13137045.7231 8130172.7312, -13136952.1369 8129947.6305, -13136714.6954 8129661.6384, -13136664.6416 8129554.7249, -13136636.0007 8129444.6124, -13136651.6569 8129288.9463, -13136727.5876 8129154.8776, -13136760.6891 8129062.3334, -13136760.9041 8128968.8364, -13136725.2564 8128840.8901, -13136721.6432 8128758.9306, -13136736.8384 8128719.8339, -13136855.574 8128570.8245, -13136870.9822 8128475.173, -13136737.8141 8128150.52049999, -13136671.6313 8128066.0373, -13136534.5647 8127955.0384, -13136500.0978 8127910.1514, -13136474.0567 8127810.0523, -13136484.8327 8127762.9294, -13136546.954 8127694.2519, -13136638.0718 8127669.4801, -13136841.8422 8127680.1642, -13136892.8166 8127670.4638, -13136934.8623 8127646.1056, -13136974.7933 8127566.8903, -13136968.0984 8127521.9129, -13136901.1787 8127444.3874, -13136628.7826 8127323.44699999, -13136538.3573 8127249.8593, -13136506.5296 8127203.11599999, -13136476.3629 8127097.2404, -13136511.9311 8126810.2724, -13136496.792 8126692.0599, -13136443.2145 8126584.4864, -13136339.0374 8126440.6154, -13136319.7562 8126332.5238, -13136333.0505 8126281.7949, -13136401.528 8126200.1757, -13136646.7828 8126088.9936, -13136817.8547 8125969.5474, -13136869.4447 8125954.7987, -13137100.1585 8125945.8405, -13137153.0007 8125926.0067, -13137226.8903 8125846.2887, -13137245.1032 8125793.338, -13137274.4832 8125568.0213, -13137233.6879 8125463.9156, -13137194.7769 8125419.9964, -13136946.2797 8125246.2335, -13136865.8108 8125158.4978, -13136812.4757 8125057.0276, -13136790.8561 8124901.893, -13136874.1698 8124664.4555, -13136872.3167 8124616.7777, -13136836.6914 8124530.3527, -13136642.0864 8124371.4211, -13136542.0172 8124234.2108, -13136440.0448 8124128.0247, -13136402.0552 8124039.2021, -13136367.2542 8123837.2691, -13136227.3947 8123562.2902, -13136114.9822 8123451.9462, -13135914.714 8123348.3357, -13135871.0625 8123312.0135, -13135835.0798 8123267.8892, -13135794.7321 8123162.633, -13135803.0056 8123054.7893, -13135830.1974 8123007.8749, -13135918.7402 8122949.3312, -13136031.0668 8122946.2177, -13136257.8644 8123019.4825, -13136371.6185 8123030.2706, -13136464.2584 8122985.3362, -13136491.851 8122944.5582, -13136503.0928 8122845.6265, -13136459.1649 8122748.5542, -13136208.175 8122511.6562, -13136138.5961 8122420.9521, -13136034.678 8122103.1208, -13135909.4826 8121922.5, -13135865.2233 8121831.96369999, -13135857.1738 8121784.7752, -13135871.6628 8121697.3397, -13136024.4887 8121502.5734, -13136088.5753 8121298.3627, -13136167.9702 8121109.8498, -13136175.1023 8120960.0647, -13136122.1089 8120824.0404, -13136057.163 8120756.6548, -13136007.8381 8120741.8774, -13135785.6973 8120735.49589999, -13135694.0288 8120683.6217, -13135637.7135 8120593.0459, -13135625.5802 8120481.147, -13135652.458 8120306.7193, -13135808.1365 8119813.1306, -13135800.552 8119695.7373, -13135705.4536 8119291.4967, -13135704.291 8119180.7991, -13135737.8761 8119077.1211, -13135819.3182 8118938.1962, -13135834.7527 8118841.2334, -13135790.252 8118752.7428, -13135624.3076 8118623.5149, -13135586.6359 8118544.8714, -13135606.4343 8118465.5297, -13135705.8177 8118354.7215, -13135714.6744 8118303.2707, -13135685.9112 8118199.8709, -13135614.3041 8118116.83519999, -13135357.3603 8117999.9837, -13135326.5404 8117960.6127, -13135313.0094 8117911.9304, -13135317.2374 8117857.5054, -13135357.5686 8117750.2998, -13135581.5677 8117401.963, -13135631.3698 8117296.97779999, -13135649.1572 8117134.797, -13135603.4175 8116940.54689999, -13135614.4378 8116898.5464, -13135643.3358 8116864.1023, -13135688.1652 8116844.845, -13135742.919 8116843.2729, -13136031.8377 8116953.3228, -13136140.5772 8116978.1102, -13136233.9215 8116953.965, -13136264.8789 8116918.3231, -13136275.526 8116869.4423, -13136265.8468 8116816.1058, -13136206.6659 8116710.9565, -13135950.2814 8116435.9021, -13135819.2161 8116177.5487, -13135779.9862 8116128.83349999, -13135620.3397 8116008.355, -13135528.6587 8115914.8383, -13135488.8323 8115792.3156, -13135487.4315 8115659.3263, -13135457.9015 8115529.6553, -13135382.8839 8115412.8341, -13135240.7666 8115250.6489, -13135175.5034 8115128.0452, -13135157.8264 8114994.3977, -13135179.1952 8114863.8807, -13135226.2702 8114741.6552, -13135394.1727 8114412.4898, -13135404.524 8114236.9566, -13135380.2882 8114122.4075, -13135336.5989 8114014.6864, -13135126.7127 8113718.5486, -13135069.5814 8113615.4676, -13135048.7575 8113453.8724, -13135171.7564 8113043.4862, -13135295.6715 8112802.6658, -13135363.2401 8112725.3912, -13135445.2727 8112670.2166, -13135633.3843 8112611.7646, -13135717.8115 8112559.695, -13135777.6021 8112481.2954, -13135830.395 8112341.6797, -13135816.4432 8112191.5522, -13135763.8142 8112104.7605, -13135682.0823 8112035.7488, -13135492.3869 8111928.7288, -13135413.9995 8111863.1909, -13135366.0869 8111781.9687, -13135356.9065 8111692.9987, -13135383.8319 8111614.8464, -13135452.4397 8111567.1308, -13135546.1101 8111565.3735, -13135750.9911 8111621.4043, -13135845.6817 8111610.6241, -13135911.2408 8111556.6992, -13135941.7349 8111475.1104, -13135940.9482 8111429.1415, -13135929.5693 8111382.9475, -13135868.4153 8111298.401, -13135530.2828 8111084.5042, -13135472.6317 8110993.9223, -13135476.4307 8110893.2378, -13135536.4576 8110809.3908, -13135627.076 8110757.3367, -13135873.0443 8110675.8319, -13136290.3283 8110597.6405, -13136404.3232 8110535.6461, -13136434.2913 8110479.26569999, -13136404.9392 8110421.3818, -13136283.9592 8110352.952, -13136227.6776 8110280.3394, -13136182.4233 8110068.4504, -13136149.5258 8109988.9954, -13136078.4004 8109923.9833, -13135955.502 8109863.4533, -13135920.7434 8109817.7432, -13135947.2757 8109775.2015, -13136129.7497 8109712.4816, -13136296.4674 8109596.7321, -13136418.0429 8109439.7745, -13136454.9126 8109302.5933, -13136428.2436 8109136.7383, -13136371.1671 8109007.7803, -13136296.9679 8108962.4449, -13136093.046 8108897.1783, -13136025.2662 8108823.6384, -13135994.7045 8108725.9333, -13135975.4617 8108560.2983, -13135985.0755 8108387.6908, -13136036.8221 8108284.66260001, -13136127.4543 8108214.6154, -13136298.1462 8108163.886, -13136536.6783 8108123.9579, -13136698.0744 8108046.578, -13136780.2666 8107957.1572, -13137054.2513 8107555.5496, -13137280.4355 8107363.0656, -13136716.2303 8106870.6672, -13137431.2636 8106488.6466, -13137448.8117 8106466.9782, -13137422.564 8106381.6441, -13137357.5409 8106282.816, -13137338.1452 8106126.4367, -13137404.5348 8105934.0143, -13137441.9112 8105910.6874, -13137461.5364 8105862.2495, -13137509.8901 8105816.526, -13137532.2966 8105654.5206, -13137474.0105 8105596.6362, -13137382.8127 8105576.5586, -13137077.0457 8105631.1285, -13137053.3905 8105595.6821, -13137023.3098 8105485.1308, -13136971.1428 8105446.01519999, -13136927.7197 8105374.3801, -13136933.3953 8105332.186, -13136917.7787 8105284.9133, -13136928.9931 8105226.6933, -13137001.259 8105139.2447, -13137083.297 8105077.535, -13137146.8982 8105093.3415, -13137188.3849 8105079.9651, -13137256.3371 8105089.9976, -13137289.861 8105074.857, -13137299.277 8104951.6478, -13137264.6452 8104919.9588, -13137123.2574 8105022.7703, -13137039.6047 8105035.1372, -13136992.7741 8105023.7383, -13136940.8361 8104947.7551, -13136920.9551 8104841.3279, -13136837.5172 8104794.9356, -13136740.9346 8104556.9286, -13136721.9785 8104414.1827, -13136664.2101 8104374.7749, -13136622.1553 8104319.0582, -13136500.9166 8104316.0963, -13136521.6892 8104306.7709, -13136523.6984 8104252.4258, -13136555.8632 8104189.16139999, -13136550.1384 8104076.2057, -13136608.5881 8104016.4512, -13136601.3183 8103884.0553, -13136619.3177 8103829.771, -13136730.835 8103809.5878, -13136810.9249 8103741.7465, -13136812.1894 8103722.7192, -13136763.9923 8103683.3677, -13136813.9139 8103609.2428, -13136811.7352 8103571.2504, -13136842.434 8103513.8059, -13136953.863 8103521.6256, -13137033.1001 8103459.044, -13137096.5399 8103373.5469, -13137180.749 8103345.8803, -13137438.3323 8103389.2626, -13137559.1936 8103363.8763, -13137692.3351 8103413.2986, -13137705.7855 8103253.6148, -13137674.5256 8103144.5577, -13137618.4599 8103071.2318, -13137622.4078 8103048.8951, -13137535.8937 8102946.3103, -13137462.3427 8102968.7311, -13137398.7825 8102960.99149999, -13137293.682 8102913.4108, -13137123.8424 8102972.3946, -13136966.7049 8102949.9869, -13136799.8722 8102978.6409, -13136763.5481 8102957.9673, -13136717.8262 8102882.4457, -13136719.5903 8102816.912, -13136747.3247 8102795.28369999, -13136800.3718 8102796.1199, -13136834.158 8102753.0314, -13136761.3807 8102558.5028, -13136756.097 8102445.6241, -13136784.5222 8102260.5862, -13136753.9285 8102210.5488, -13136721.7912 8102221.7865, -13136673.3787 8102287.298, -13136591.643 8102291.6502, -13136411.7419 8102202.5869, -13136374.3894 8102168.761, -13136362.0139 8102112.2525, -13136389.9166 8102059.0271, -13136369.4439 8102020.0582, -13136308.6793 8101998.5579, -13136258.8116 8101950.3655, -13136074.8845 8101916.4652, -13136055.2402 8101924.7443, -13136051.6439 8101948.161, -13136090.8208 8102019.7221, -13136229.0464 8102042.4357, -13136284.4045 8102112.2816, -13136339.3137 8102343.6577, -13136258.1171 8102463.8796, -13136221.8333 8102477.7545, -13136121.4211 8102423.5732, -13136117.9837 8102379.9687, -13136142.8022 8102296.2347, -13136088.5285 8102200.7218, -13135925.0438 8102196.3066, -13135840.3178 8102257.3173, -13135798.3715 8102245.67, -13135781.8877 8102202.0926, -13135780.3886 8102110.2835, -13135798.5792 8101566.8975, -13135773.265 8101410.4162, -13135745.7981 8101392.1711, -13135713.6764 8101409.2222, -13135693.6376 8101511.2926, -13135654.9326 8101589.7915, -13135624.5846 8101602.113, -13135456.8658 8101433.4776, -13135392.8243 8101440.82859999, -13135312.712 8101415.134, -13135274.3462 8101356.4801, -13135183.1774 8101363.7782, -13135110.6256 8101348.3538, -13135032.1309 8101284.6835, -13134941.0189 8101248.1674, -13134922.3588 8101212.7992, -13134912.4616 8101128.4732, -13134866.254 8101053.9233, -13134794.3655 8100845.4203, -13134841.4896 8100801.0654, -13134913.4484 8100834.0078, -13134925.9038 8100811.8399, -13134913.2941 8100761.4364, -13134899.6778 8100738.823, -13134797.5198 8100719.3662, -13134772.1505 8100594.33079999, -13134795.2997 8100531.7874, -13134898.7325 8100410.2078, -13135170.2293 8100462.6651, -13135321.5223 8100520.5029, -13135353.1572 8100514.0788, -13135331.7583 8100437.3992, -13135352.5529 8100376.0707, -13135454.9484 8100281.445, -13135559.6247 8100236.3663, -13135557.184 8100154.5372, -13135647.4094 8099973.738, -13135643.0513 8099937.4233, -13135586.4772 8099863.7015, -13135649.7614 8099669.8356, -13135592.0279 8099542.7979, -13135589.3462 8099412.7204, -13135507.0736 8099333.7469, -13135431.7798 8099295.5776, -13135388.064 8099220.2619, -13135363.5388 8099101.6066, -13135365.6869 8099071.2326, -13135461.5381 8099020.7514, -13135469.1921 8098987.8667, -13135358.86 8098923.0123, -13135312.5158 8098840.1988, -13135369.4541 8098759.4756, -13135444.5124 8098723.0521, -13135480.4351 8098686.8488, -13135528.6346 8098548.4186, -13135504.4809 8098509.4758, -13135398.7632 8098467.2219, -13135371.3637 8098434.95049999, -13135362.4242 8098412.113, -13135380.5092 8098360.6698, -13135387.6151 8098243.3702, -13135322.5453 8098158.5424, -13135299.4301 8098144.0492, -13135219.8898 8098141.008, -13135046.8491 8098075.1405, -13135028.4663 8098040.7291, -13135051.1512 8097997.3032, -13135191.0432 8097965.1754, -13135334.259 8097896.3843, -13135393.5286 8097902.8227, -13135528.482 8097969.902, -13135599.5511 8097970.49360001, -13135606.7338 8097908.324, -13135575.7713 8097826.1828, -13135650.3707 8097781.805, -13135706.3075 8097600.4198, -13135622.3838 8097500.8976, -13135641.7707 8097444.7642, -13135610.1204 8097394.9726, -13135604.9481 8097341.515, -13135546.0307 8097289.5195, -13135475.3497 8097258.2066, -13135436.6869 8097196.6955, -13135454.7969 8097070.2959, -13135428.4545 8096997.2898, -13135422.8556 8096927.3479, -13135483.3554 8096717.4136, -13135546.5019 8096631.2719, -13135625.6106 8096616.5184, -13135634.6931 8096603.1296, -13135596.1129 8096487.2334, -13135597.8861 8096378.1509, -13135563.631 8096281.598, -13135629.0298 8096192.9498, -13135629.0626 8096137.7453, -13135488.0416 8095919.1311, -13135386.428 8095854.8893, -13135309.8473 8095725.541, -13135284.5401 8095654.4782, -13135055.7199 8095436.4525, -13135027.5053 8095391.8196, -13135028.5407 8095368.086, -13135049.4185 8095283.30799999, -13135160.3572 8095159.4042, -13135265.9676 8095117.4651, -13135324.9295 8094903.41139999, -13135337.6273 8094781.707, -13135294.8981 8094646.0926, -13135290.3216 8094542.9749, -13135333.0998 8094419.0302, -13135391.4567 8094384.4961, -13135408.5832 8094347.539, -13135424.6394 8094192.8461, -13135374.7233 8094087.9306, -13135394.6009 8094022.40429999, -13135407.7627 8093836.1746, -13135537.1415 8093724.5795, -13135784.9835 8093754.8072, -13135789.1021 8093539.3017, -13135884.0193 8093297.9586, -13135799.9529 8093203.3873, -13135780.6298 8092997.007, -13135698.8453 8092945.4046, -13135643.1056 8092866.3775, -13135608.619 8092784.478, -13135607.9487 8092729.9021, -13135519.4861 8092701.5074, -13135466.4604 8092664.8054, -13135451.8342 8092582.22259999, -13135503.432 8092529.4075, -13135515.9211 8092489.7364, -13135504.4805 8092435.7441, -13135711.8134 8092435.6699, -13135855.0548 8092374.5864, -13135877.1886 8092352.5123, -13135881.9487 8092271.9808, -13135842.7865 8092170.0372, -13135911.1444 8092114.1959, -13135854.6969 8091988.6101, -13135905.4753 8091920.4787, -13135873.4311 8091792.4419, -13135898.8698 8091742.4564, -13136059.5373 8091660.3714, -13136120.4482 8091593.198, -13136177.8492 8091494.2506, -13136176.7076 8091416.998, -13136124.1389 8091253.7955, -13136137.5674 8091227.4471, -13136202.4087 8091197.4826, -13136245.5489 8091093.386, -13136238.0643 8090969.71859999, -13136265.2135 8090890.4851, -13136214.7289 8090768.7016, -13136248.7088 8090729.4403, -13136353.0344 8090705.1243, -13136415.5082 8090584.4584, -13136476.5005 8090559.8037, -13136491.4804 8090539.667, -13136387.3033 8090381.2286, -13136388.4932 8090294.7669, -13136362.0051 8090215.5902, -13136378.2346 8090188.2588, -13136426.2029 8090158.2878, -13136435.4262 8090114.4964, -13136373.1296 8090049.1547, -13136384.1033 8089939.3236, -13136285.9995 8089826.4851, -13136236.6719 8089652.2474, -13136216.0559 8089638.4988, -13136142.4351 8089656.2744, -13136052.7694 8089708.7307, -13135939.8788 8089658.3886, -13135816.597 8089630.3903, -13135783.6852 8089598.3783, -13135792.3147 8089401.203, -13135844.1862 8089259.014, -13136059.6452 8089291.00069999, -13136114.0347 8089246.9242, -13136191.92 8089257.1922, -13136249.3809 8089246.0656, -13136426.3149 8089068.7387, -13136494.3776 8089059.7438, -13136542.8173 8089018.0654, -13136513.1573 8088958.092, -13136526.5742 8088917.2323, -13136506.9648 8088802.4365, -13136442.2547 8088666.3085, -13136341.1168 8088572.0596, -13136340.4494 8088518.7988, -13136370.1577 8088469.2767, -13136446.5405 8088400.0143, -13136442.5825 8088289.7289, -13136507.7133 8088172.3821, -13136493.4935 8088017.97909999, -13136512.4025 8087873.427, -13136467.6336 8087783.1646, -13136448.7715 8087777.4753, -13136426.3915 8087735.98089999, -13136454.269 8087667.2457, -13136530.5955 8087603.444, -13136575.6067 8087531.8783, -13136577.0408 8087408.3298, -13136624.7338 8087331.8153, -13136557.3615 8087203.4176, -13136499.1618 8087140.0575, -13136496.5976 8087102.312, -13136525.9694 8087071.1054, -13136632.9845 8087045.004, -13136657.4126 8087016.4352, -13136654.4098 8086930.8873, -13136636.4577 8086882.6022, -13136584.2524 8086818.7574, -13136576.1355 8086703.264, -13136501.2248 8086649.75469999, -13136475.5954 8086607.0172, -13136472.1277 8086551.6304, -13136502.8315 8086501.2843, -13136498.2767 8086470.2084, -13136430.7577 8086436.8062, -13136311.618 8086486.6679, -13136267.0755 8086479.6671, -13136169.4464 8086401.83519999, -13136137.3381 8086349.1036, -13136186.3596 8086285.6403, -13136265.7883 8086252.654, -13136311.1434 8086213.8942, -13136420.2083 8086027.0375, -13136479.1001 8085955.8408, -13136525.2457 8085935.4614, -13136618.73 8085948.1131, -13136734.0307 8085939.4875, -13136787.5106 8085871.3425, -13136793.1744 8085809.9081, -13136773.1955 8085688.2421, -13136851.6889 8085611.5455, -13136870.4177 8085543.1535, -13136805.8933 8085405.3923, -13136786.1869 8085286.9817, -13136793.7531 8085255.1736, -13136836.4907 8085206.5708, -13136838.993 8085128.5483, -13136800.4617 8085079.6198, -13136806.6186 8085024.0181, -13136750.887 8084957.9594, -13136752.0992 8084917.6319, -13136771.3481 8084883.5586, -13136825.8297 8084885.2903, -13136908.7373 8084816.4832, -13136930.3217 8084736.4051, -13136898.771 8084681.8294, -13136983.9361 8084631.8565, -13137005.7806 8084576.7254, -13136964.165 8084543.32549999, -13136922.4383 8084438.5406, -13136767.9942 8084379.782, -13136630.8856 8084375.9482, -13136602.2523 8084358.8692, -13136591.0297 8084307.1897, -13136637.4312 8084251.3898, -13136582.4118 8084171.2744, -13136613.9499 8084119.291, -13136595.7645 8084048.1594, -13136605.7359 8084006.3623, -13136653.6112 8084003.2618, -13136692.3109 8083981.3154, -13136765.1673 8084012.3133, -13136815.3129 8083994.6049, -13136770.1622 8083836.1583, -13136754.1818 8083682.0633, -13136835.0124 8083595.723, -13136856.098 8083510.3076, -13136926.3629 8083362.3021, -13136892.4802 8083284.1962, -13136786.5037 8083229.1489, -13136753.4117 8083154.8385, -13136760.8911 8083092.4755, -13136779.9675 8083068.476, -13136870.5387 8083065.3601, -13136877.5074 8083053.2481, -13136851.1379 8082886.5343, -13136888.179 8082837.3687, -13136944.9487 8082820.5091, -13136959.2354 8082789.24319999, -13136908.9246 8082657.7475, -13136867.2861 8082600.69210001, -13136878.3529 8082474.1396, -13136832.6672 8082388.8006, -13136763.5782 8082315.1898, -13136753.4387 8082256.2315, -13136765.365 8082191.8763, -13136857.6702 8082074.7436, -13136833.8244 8081978.7719, -13136879.0899 8081876.8895, -13136871.1213 8081759.8319, -13136883.8197 8081733.9941, -13136961.2935 8081718.3849, -13137011.4055 8081774.3393, -13137066.29 8081794.4787, -13137212.5451 8081742.9477, -13137296.3847 8081676.1977, -13137429.8456 8081615.3545, -13137460.13 8081481.1737, -13137449.3044 8081457.2624, -13137409.3066 8081435.812, -13137277.6596 8081405.0782, -13137193.6392 8081442.1913, -13137171.4032 8081524.4519, -13137131.2674 8081587.1081, -13137082.4901 8081583.5937, -13137039.574 8081550.011, -13137053.5241 8081468.0014, -13136964.7913 8081314.2421, -13136950.184 8081218.4972, -13136910.4621 8081119.838, -13136835.3795 8081051.4158, -13136792.2458 8080979.8019, -13136790.4837 8080953.18029999, -13136816.7989 8080909.3148, -13136810.3666 8080799.3643, -13136791.5347 8080771.8295, -13136808.8318 8080732.76739999, -13136781.4791 8080743.6126, -13136731.147 8080658.023, -13136668.8981 8080625.7668, -13136572.2018 8080367.4532, -13136512.3937 8080284.6189, -13136525.2387 8080165.3112, -13136420.1192 8080089.509, -13136439.8971 8079939.0371, -13136496.9169 8079857.7614, -13136531.3828 8079830.45929999, -13136580.9595 8079828.3546, -13136631.9048 8079856.38359999, -13136753.571 8079828.2599, -13136817.6438 8079777.4904, -13136837.6625 8079714.7893, -13136829.6405 8079658.8965, -13136769.409 8079553.5967, -13136655.2792 8079518.6, -13136621.2809 8079536.7228, -13136617.1063 8079625.3457, -13136577.8457 8079640.1297, -13136568.3361 8079695.0034, -13136540.665 8079724.5841, -13136480.1355 8079731.2539, -13136431.6881 8079699.8986, -13136362.9241 8079691.0464, -13136334.289 8079638.5494, -13136359.9363 8079588.9959, -13136442.7114 8079527.4912, -13136479.8574 8079435.43739999, -13136577.5382 8079404.9957, -13136340.5548 8079319.875, -13136761.2954 8078587.8874, -13136708.8927 8078339.6775, -13136571.9226 8077987.5358, -13136562.7675 8077751.9622, -13136542.9789 8077636.71, -13136493.0947 8077530.3248, -13136292.2265 8077303.2732, -13136257.8832 8077200.1703, -13136280.02 8077094.1749, -13136420.9602 8076905.3585, -13136451.5989 8076792.0374, -13136379.6786 8076476.3727, -13136405.8427 8076063.7429, -13136354.2797 8075856.1413, -13136289.0616 8075731.7008, -13135929.9451 8075376.1568, -13135815.7498 8075191.5401, -13135769.3822 8075052.49530001, -13135749.0982 8074907.9072, -13135740.2138 8074619.0777, -13135700.9334 8074408.2076, -13135635.2798 8074206.7756, -13135465.1093 8073818.5367, -13135413.1505 8073613.8344, -13135400.6424 8073471.2857, -13135407.4514 8073329.1882, -13135499.9647 8072914.9357, -13135484.0331 8072706.0478, -13135462.4943 8072640.1058, -13135387.2992 8072523.3374, -13135226.3946 8072378.5207, -13135137.0832 8072265.3407, -13135055.4275 8072066.5556, -13135055.6689 8071858.5184, -13135197.8404 8071461.71639999, -13135194.9175 8071256.6109, -13135088.9957 8070929.5329, -13134883.4231 8070563.4025, -13134830.9786 8070437.7122, -13134802.9122 8070308.2692, -13134779.9536 8069981.1457, -13134668.5109 8069676.3608, -13134668.9927 8069614.3954, -13134726.8092 8069502.0263, -13134852.83 8069441.6095, -13135207.3678 8069347.435, -13135332.4135 8069276.2992, -13135386.0291 8069228.1135, -13135472.953 8069112.3106, -13135668.6463 8068727.3738, -13135769.7126 8068627.613, -13135829.2602 8068589.3226, -13135960.9572 8068536.2118, -13136033.4619 8068526.4051, -13136411.1949 8068555.9402, -13136558.4073 8068548.2933, -13136694.8308 8068501.049, -13136811.3659 8068417.695, -13136904.2079 8068311.3227, -13136997.3214 8068121.1498, -13137110.5978 8067708.1383, -13137234.1783 8067381.3753, -13137261.0283 8067178.5728, -13137229.6764 8067047.2416, -13137196.333 8066987.8783, -13137101.2431 8066886.4215, -13136911.6035 8066788.3752, -13136770.759 8066757.9549, -13136551.4803 8066772.7127, -13136205.1141 8066878.0649, -13135515.5476 8067023.7373, -13135377.963 8067033.253, -13135311.0505 8067020.6055, -13135187.0039 8066963.8549, -13134960.0206 8066816.8069, -13134654.6518 8066666.4568, -13134319.4365 8066466.7792, -13134024.4791 8066338.1375, -13133917.4885 8066272.9659, -13133789.2668 8066144.6717, -13133636.0943 8065886.8752, -13133549.5372 8065815.08389999, -13133431.4219 8065792.4402, -13133172.8485 8065832.8311, -13133045.8411 8065827.6637, -13132930.4991 8065784.2835, -13132837.7785 8065707.2984, -13132776.9469 8065602.8184, -13132756.3949 8065482.6284, -13132778.8018 8065361.6233, -13132841.7555 8065252.27530001, -13132938.7395 8065163.6618, -13133057.237 8065097.92289999, -13133623.5804 8064909.6451, -13133714.5421 8064835.5477, -13133760.5177 8064734.0935, -13133763.8364 8064677.9932, -13133733.8068 8064566.7965, -13133670.4076 8064459.7565, -13133463.7223 8064212.5669, -13133396.2964 8064105.26609999, -13133348.5168 8063991.6036, -13133292.6714 8063775.6486, -13133263.7288 8063734.1319, -13133219.4641 8063704.4154, -13133162.0432 8063693.4601, -13132898.918 8063761.6829, -13132764.8371 8063778.6374, -13132629.3975 8063767.961, -13132437.2546 8063711.8234, -13132327.6468 8063649.8321, -13132243.3897 8063561.2265, -13132192.7695 8063451.5831, -13132128.6751 8063222.8147, -13132059.7944 8063123.8894, -13131818.6005 8062941.6788, -13131480.9718 8062722.1829, -13131175.6645 8062555.5543, -13131019.2334 8062500.3103, -13130901.3913 8062495.2956, -13130712.8993 8062529.4039, -13130582.7459 8062530.5331, -13130461.2177 8062512.1936, -13130356.0055 8062465.3905, -13130272.7574 8062389.1932, -13130242.919 8062340.1121, -13130209.1419 8062228.7827, -13130183.3111 8062056.2662, -13130135.9815 8061950.3196, -13129868.9967 8061712.0483, -13129767.6089 8061565.095, -13129647.8315 8061349.8318, -13129632.8787 8061247.2535, -13129649.3302 8061201.1523, -13129682.7051 8061163.5833, -13129731.5745 8061139.0547, -13129854.2975 8061134.0424, -13130125.9373 8061214.7902, -13130266.361 8061236.4266, -13130401.2963 8061215.4918, -13130462.1032 8061187.59, -13130700.904 8060978.5573, -13130856.4584 8060868.724, -13130901.8295 8060824.0239, -13130966.9185 8060711.8343, -13131000.5354 8060582.1154, -13131021.0295 8060379.0543, -13131024.7351 8060243.1849, -13131003.2831 8060110.9018, -13130945.3226 8059992.467, -13130777.9252 8059796.9213, -13130656.3221 8059589.1049, -13130526.7308 8059458.5747, -13130418.1332 8059397.5646, -13130297.3253 8059364.0177, -13130167.5441 8059366.4988, -13130036.2939 8059407.9119, -13129912.2042 8059482.3174, -13129799.7912 8059586.427, -13129567.6217 8059905.4284, -13129460.8467 8060015.6795, -13129327.8106 8060083.65429999, -13129184.8703 8060115.2179, -13128976.034 8060121.059, -13128522.1304 8060026.41269999, -13127942.9322 8060053.2069, -13127822.0295 8060009.68509999, -13127771.9197 8059971.3987, -13127694.5396 8059865.256, -13127578.1108 8059619.4161, -13127394.234 8059328.7522, -13127358.9086 8059196.8816, -13127358.9352 8059128.1725, -13127394.7562 8058995.5852, -13127476.575 8058883.2153, -13127595.0146 8058802.345, -13127737.6337 8058755.1817, -13127967.6675 8058751.4079, -13128117.4679 8058795.8454, -13128256.6897 8058870.9129, -13128379.9287 8058969.4136, -13128486.6547 8059085.1854, -13128795.6916 8059511.5666, -13128889.2046 8059580.8839, -13128936.1174 8059594.7616, -13129014.6669 8059575.7153, -13129042.8339 8059509.60849999, -13129029.9317 8059466.2341, -13128995.2343 8059424.0779, -13128721.9496 8059249.805, -13128600.4682 8059100.8422, -13128545.9311 8058918.6896, -13128555.8518 8058795.0309, -13128634.0696 8058623.5152, -13128753.5778 8058478.9346, -13128856.2577 8058404.3543, -13129088.0247 8058295.6732, -13129191.5806 8058227.3744, -13129258.142 8058131.8926, -13129273.3159 8058023.0813, -13129261.9968 8057971.6395, -13129208.5536 8057884.3656, -13129168.5557 8057852.5065, -13129072.1466 8057816.8362, -13128912.7616 8057834.2253, -13128609.6696 8057943.7167, -13128529.4233 8057937.332, -13128502.561 8057912.6618, -13128489.5724 8057823.1225, -13128505.6592 8057664.117, -13128504.7225 8057450.1732, -13128441.1872 8056977.1562, -13128399.9693 8056818.111, -13128270.6431 8056463.1762, -13128111.046 8056141.6459, -13128062.432 8056002.5145, -13128008.6373 8055710.49539999, -13128016.97 8055337.2842, -13127978.2908 8055259.3764, -13127899.0739 8055218.9971, -13127706.8092 8055203.1408, -13127616.8895 8055166.7245, -13127405.8021 8054956.6064, -13127323.6919 8054899.519, -13127192.4393 8054841.4747, -13127013.539 8054792.0952, -13126763.6784 8054789.2042, -13126673.6693 8054766.2525, -13126606.4348 8054711.2067, -13126575.8885 8054631.1673, -13126575.1989 8054586.6911, -13126637.6798 8054348.0458, -13126621.5647 8054135.1309, -13126651.4104 8053974.8772, -13126743.2759 8053838.93949999, -13126998.8183 8053633.5074, -13127048.2013 8053538.222, -13127097.8357 8052792.4049, -13127050.2957 8052603.5083, -13127045.9933 8052508.5578, -13127082.2934 8052421.314, -13127224.3625 8052218.6032, -13127302.6132 8052157.009, -13127438.1132 8052093.6913, -13127498.5625 8052023.0331, -13127475.6032 8051787.2096, -13127498.8228 8051657.6912, -13127559.2889 8051614.735, -13127600.8526 8051620.4272, -13127642.2353 8051645.8703, -13127675.1618 8051691.4287, -13127745.56 8051706.0054, -13127868.3565 8051653.3621, -13127916.5705 8051574.7494, -13127952.2831 8051416.9702, -13128020.2746 8051321.5384, -13128176.7272 8051214.8295, -13128479.798 8051113.6104, -13128548.8681 8051046.1344, -13128554.2606 8050970.9178, -13128485.4324 8050914.8051, -13128429.2113 8050906.0957, -13128168.398 8050933.7226, -13128045.0618 8050929.5654, -13127994.9562 8050909.8142, -13127923.5301 8050840.9299, -13127908.5293 8050794.3899, -13127894.6466 8050573.201, -13127824.9656 8050292.0695, -13127837.7793 8050027.8725, -13127781.2665 8049946.6974, -13127679.9087 8049902.9458, -13127438.9046 8049886.1859, -13127310.7532 8049915.2768, -13127086.4277 8050023.5188, -13127033.0123 8050029.1479, -13126982.7298 8050013.8852, -13126906.5325 8049933.6403, -13126851.9558 8049827.7543, -13126779.8494 8049730.208, -13126553.5934 8049533.7524, -13126383.9213 8049464.5609, -13126137.1835 8049440.21369999, -13126043.5835 8049387.3265, -13126000.3817 8049292.5717, -13126010.7528 8049070.7491, -13125998.3344 8048960.6157, -13125955.0678 8048853.1932, -13125807.1457 8048597.8404, -13125774.6788 8048487.6776, -13125770.5599 8048374.9009, -13125821.7529 8048107.0636, -13125816.8212 8047999.2688, -13125753.7273 8047846.121, -13125592.727 8047615.5181, -13125555.3138 8047511.8089, -13125550.9593 8047458.2119, -13125567.3664 8047358.3169, -13125590.6447 8047316.6948, -13125668.1243 8047261.0591, -13125769.156 8047250.5071, -13126002.0642 8047302.8332, -13126127.7211 8047298.9306, -13126615.5432 8047159.9353, -13126782.2693 8047078.147, -13126948.372 8046908.5921, -13127227.4197 8046487.6779, -13127320.9599 8046237.564, -13127403.3968 8046188.7043, -13127458.1633 8046190.6156, -13127514.7019 8046214.7083, -13127756.2256 8046458.02449999, -13127869.7405 8046525.2116, -13128057.478 8046554.3135, -13128173.3838 8046523.0308, -13128267.0074 8046447.47689999, -13128302.539 8046395.4133, -13128346.1023 8046274.1214, -13128379.3567 8045576.3527, -13128412.7461 8045459.8226, -13128481.563 8045359.5629, -13128730.5373 8045177.5024, -13128880.6779 8044969.9462, -13128974.9748 8044879.0324, -13129140.6454 8044761.7824, -13129260.8549 8044700.7984, -13129386.9095 8044657.894, -13129708.4076 8044589.0772, -13129827.4274 8044538.78059999, -13130169.8918 8044339.32859999, -13130424.0397 8044102.9929, -13130542.576 8044025.3934, -13130678.0019 8043977.2583, -13130960.5817 8043928.9047, -13131163.6451 8043865.6448, -13131724.8396 8043601.8766, -13131822.1564 8043522.69080001, -13131849.9832 8043472.0652, -13131856.9408 8043417.78059999, -13131844.4564 8043365.8051, -13131815.2113 8043321.295, -13131716.0512 8043268.0528, -13131655.1021 8043260.2657, -13131529.4214 8043277.1774, -13131216.2288 8043401.3489, -13131089.7881 8043418.3155, -13130990.9684 8043373.2262, -13130946.586 8043282.656, -13130948.4429 8043228.9805, -13131086.2453 8042954.5382, -13131129.305 8042838.0192, -13131143.0913 8042713.74409999, -13131111.3033 8042329.54, -13131129.5181 8042204.3126, -13131177.8589 8042085.5042, -13131253.6883 8041978.9318, -13131398.4066 8041846.6255, -13131564.8728 8041741.7377, -13131968.3585 8041533.70530001, -13132060.4942 8041454.3561, -13132110.4694 8041349.42, -13132115.4657 8041290.2708, -13132095.1157 8041171.5113, -13132034.7433 8040997.5271, -13131974.6782 8040888.8406, -13131840.7584 8040752.5151, -13131686.8823 8040637.1556, -13131513.8511 8040535.3149, -13131420.9832 8040446.3008, -13131370.8478 8040331.3912, -13131327.099 8040090.3096, -13131294.4158 8040036.4412, -13131196.4108 8039949.4176, -13130892.5561 8039795.1482, -13130506.4677 8039558.3128, -13130331.0803 8039483.9281, -13130200.9808 8039453.829, -13129903.5734 8039438.2557, -13129323.9466 8039320.8623, -13129339.7709 8038652.1377, -13129355.3409 8038584.7058, -13129411.7203 8038465.1743, -13129485.7634 8038370.6846, -13129697.4564 8038389.5078, -13129833.0547 8038380.2354, -13129958.7428 8038340.7031, -13130014.3153 8038306.9594, -13130101.9369 8038200.659, -13130127.6381 8038134.6553, -13130144.1202 8038064.9425, -13130130.6931 8037923.96, -13130069.1426 8037791.6349, -13129909.0801 8037642.6202, -13129843.6112 8037605.6621, -13129706.1737 8037565.6571, -13129349.5553 8037518.5757, -13129153.8616 8037447.2185, -13128922.511 8037283.7155, -13128668.3004 8037027.9106, -13128598.5533 8036903.2048, -13128579.744 8036834.1689, -13128486.9209 8036121.5244, -13128498.2489 8035986.8311, -13128519.945 8035924.4891, -13128592.9394 8035820.6329, -13128696.434 8035757.9445, -13128756.797 8035742.4862, -13128820.0297 8035738.8255, -13128947.8724 8035762.2435, -13129069.9519 8035822.1511, -13129407.3108 8036095.0634, -13129598.2683 8036205.2376, -13129736.1109 8036243.7961, -13129876.9781 8036256.6795, -13130017.1176 8036241.8495, -13130081.7132 8036219.3873, -13130184.2792 8036138.5106, -13130296.5532 8035933.0986, -13130363.4026 8035852.8795, -13130457.2917 8035820.4696, -13130678.9335 8035842.0411, -13130796.8288 8035824.869, -13130900.2948 8035759.2396, -13130935.706 8035705.8892, -13130962.8109 8035650.8596, -13130979.1366 8035519.5892, -13130938.1486 8034900.184, -13130944.5517 8034766.6249, -13130984.9844 8034649.8313, -13131060.4852 8034572.7288, -13131104.7348 8034549.4806, -13131198.8998 8034556.3107, -13131417.5845 8034750.7443, -13131578.3514 8034825.3906, -13131704.5068 8034832.04689999, -13131830.8005 8034803.3204, -13132013.7405 8034715.4927, -13132117.892 8034623.0495, -13132359.2962 8034189.4131, -13132449.982 8034086.9686, -13132555.1345 8034004.13849999, -13132735.1132 8033921.1574, -13132863.0287 8033895.1046, -13132986.5373 8033909.3322, -13133095.0464 8033961.2947, -13133240.0245 8034074.2694, -13133466.2705 8034305.7284, -13133528.5403 8034417.2517, -13133561.0157 8034542.0252, -13133564.9373 8034606.6066, -13133535.5684 8034722.5555, -13133357.9923 8034946.2395, -13133248.2885 8035171.2419, -13133225.6021 8035298.3422, -13133254.4487 8035420.5253, -13133288.9913 8035471.2547, -13133388.7526 8035535.9281, -13133687.4385 8035587.9236, -13133858.3204 8035650.6357, -13133942.2329 8035730.0546, -13133980.218 8035834.4892, -13133969.5779 8035945.6664, -13133934.3202 8036058.1902, -13133720.9306 8036603.4588, -13133642.5606 8036942.3234, -13133573.7921 8037674.4392, -13133582.5861 8037911.7408, -13133629.4148 8038291.9634, -13133607.5355 8038441.486, -13133516.0142 8038727.662, -13133492.4747 8038865.5889, -13133515.5864 8038994, -13133546.9208 8039047.6213, -13133638.2316 8039125.8958, -13133811.8 8039175.668, -13133934.8161 8039170.2345, -13134037.9269 8039117.765, -13134093.2666 8039028.7925, -13134094.9283 8038745.2956, -13134136.5091 8038658.0321, -13134172.3291 8038624.9666, -13134215.5693 8038601.21239999, -13134319.9813 8038582.3007, -13134670.4694 8038627.8489, -13134763.638 8038589.6324, -13134793.6476 8038555.2596, -13134809.3167 8038515.6298, -13134796.4097 8038434.7577, -13134662.5581 8038294.88, -13134607.0642 8038210.8886, -13134599.4438 8038123.6067, -13134631.2072 8038050.34, -13134691.2452 8038002.874, -13134728.8914 8037992.8405, -13134997.4551 8038006.4743, -13135093.5512 8037985.4366, -13135176.6338 8037924.6986, -13135223.5352 8037831.4243, -13135227.4718 8037777.8992, -13135201.5935 8037672.515, -13135141.1006 8037576.5917, -13135097.6032 8037536.8943, -13134995.0792 8037476.9441, -13134712.2978 8037370.2539, -13134572.108 8037274.4939, -13134519.3027 8037185.35059999, -13134508.3014 8037136.7207, -13134521.9458 8037039.9183, -13134581.8167 8036955.2687, -13134678.9489 8036898.3855, -13134798.4722 8036863.5745, -13135207.071 8036810.71679999, -13135411.9888 8036744.7217, -13135466.9569 8036703.9723, -13135547.3989 8036600.971, -13135650.0597 8036300.0906, -13135704.5461 8036189.2222, -13135788.616 8036110.7308, -13135839.2448 8036088.7755, -13135949.055 8036082.4439, -13136064.5545 8036115.9622, -13136499.4034 8036333.0508, -13136988.4115 8036526.8274, -13137047.0044 8036536.9555, -13137154.4832 8036522.3438, -13137228.8771 8036465.6559, -13137248.8618 8036384.0703, -13137234.6164 8036342.6125, -13137166.9151 8036277.2674, -13136718.6463 8036156.2804, -13136607.2783 8036105.929, -13136469.2054 8035984.3875, -13136336.3982 8035778.5322, -13136308.4244 8035662.571, -13136310.28 8035604.5625, -13136324.5275 8035550.9589, -13136432.0649 8035357.8141, -13136444.8891 8035304.4263, -13136414.1981 8034986.2686, -13136433.4679 8034753.3358, -13136462.4346 8034637.26609999, -13136511.2377 8034526.3834, -13136585.3199 8034433.5186, -13136684.0204 8034371.5849, -13136853.0985 8034340.5854, -13137075.8882 8034375.5401, -13137188.6757 8034378.3232, -13137297.3601 8034347.4938, -13137345.0519 8034316.4406, -13137420.0741 8034234.6306, -13137697.6926 8033827.5523, -13137754.5481 8033716.3947, -13137779.0044 8033599.1831, -13137756.9484 8033490.7443, -13137692.6513 8033411.2599, -13137475.4864 8033297.0791, -13137355.956 8033203.9971, -13137269.2475 8033070.5156, -13137235.5868 8032962.6961, -13137232.6409 8032724.4157, -13137277.9025 8032482.6214, -13137338.9127 8032312.8468, -13137431.2638 8032163.668, -13137476.0487 8032059.67849999, -13137479.3564 8031951.4863, -13137435.5991 8031859.7991, -13137398.4196 8031825.1528, -13137249.9246 8031770.3791, -13136446.9856 8031628.7986, -13136250.3193 8031625.1362, -13135937.0402 8031687.276, -13135825.4499 8031678.1778, -13135738.9324 8031622.406, -13135685.7529 8031535.1026, -13135667.5018 8031428.9105, -13135686.2483 8031131.8908, -13135654.5128 8031018.1118, -13135584.8072 8030926.9399, -13135430.8596 8030832.4092, -13134939.5117 8030643.1329, -13134444.768 8030394.3262, -13134258.0974 8030319.4808, -13134132.5167 8030294.6232, -13134014.3433 8030311.4772, -13133594.3064 8030546.248, -13133478.8968 8030573.685, -13133367.5577 8030555.5886, -13133273.2078 8030498.2774, -13133205.0808 8030410.73659999, -13133166.5776 8030303.952, -13133112.9721 8029954.28509999, -13133068.5556 8029847.401, -13132995.8051 8029765.0647, -13132758.7342 8029638.8579, -13132365.1249 8029533.0651, -13132196.7648 8029467.9331, -13132107.4075 8029392.9027, -13131953.5557 8029154.8658, -13131872.4101 8029082.3677, -13131727.1047 8029023.6278, -13131478.6425 8028966.2579, -13131435.5479 8028947.4121, -13131378.217 8028889.0556, -13131365.8127 8028819.5396, -13131425.2393 8028528.6141, -13131419.5051 8028322.7462, -13131377.7621 8028235.7101, -13131208.5678 8028055.8903, -13131133.3036 8027909.9498, -13131098.442 8027734.9585, -13131125.9843 8027552.2956, -13131190.7038 8027451.9082, -13131234.9878 8027416.3715, -13131285.5288 8027391.8489, -13131395.4448 8027379.0673, -13131502.6853 8027413.5305, -13131770.3299 8027544.0814, -13131891.3525 8027565.73650001, -13132016.0126 8027554.9359, -13132139.9405 8027524.2914, -13132257.5097 8027473.9298, -13132358.1006 8027400.01, -13132393.4894 8027350.9016, -13132421.9223 8027242.0786, -13132393.9876 8027142.3755, -13131935.5856 8026638.9639, -13131886.9483 8026538.0319, -13131878.3629 8026438.3703, -13131917.5099 8026358.3744, -13131993.8015 8026318.8149, -13132149.2788 8026328.7657, -13132495.418 8026422.29909999, -13132611.6865 8026440.0158, -13132726.114 8026420.9509, -13132777.6077 8026393.0601, -13132853.8226 8026308.1188, -13132873.1448 8026255.1532, -13132864.0265 8026151.9011, -13132719.4563 8025864.6235, -13132687.1021 8025751.8959, -13132686.3176 8025632.0673, -13132747.7104 8025267.4862, -13132749.9561 8025155.1057, -13132733.1915 8025058.1788, -13132670.705 8024951.2707, -13132640.357 8024928.2477, -13132567.9554 8024913.6337, -13132500.3133 8024950.0404, -13132403.0553 8025176.8292, -13132341.6592 8025257.60329999, -13132300.7239 8025284.3008, -13132204.3818 8025298.2895, -13131996.4565 8025261.2325, -13131886.9329 8025264.234, -13131725.3935 8025324.3254, -13131317.482 8025532.6107, -13131211.8318 8025616.1826, -13131120.6104 8025714.7455, -13130892.737 8026055.0723, -13130806.8626 8026245.1051, -13130719.3153 8026574.2628, -13130667.6493 8026677.146, -13130593.1469 8026721.4794, -13130522.8098 8026704.7399, -13130496.8289 8026679.41929999, -13130473.2101 8026600.7305, -13130475.7342 8026551.9282, -13130500.665 8026445.4245, -13130612.103 8026150.054, -13130620.1548 8026018.7911, -13130602.8517 8025958.8453, -13130575.1563 8025905.9253, -13130496.8149 8025826.5985, -13130245.2374 8025688.6586, -13130103.662 8025565.459, -13130034.5956 8025453.0049, -13129985.3282 8025326.4524, -13129963.0945 8025191.4508, -13129972.7686 8025054.9044, -13130004.6764 8024920.8726, -13130101.145 8024658.7416, -13130184.4475 8024474.2955, -13130256.9046 8024364.97259999, -13130399.6377 8024238.1119, -13130789.9212 8024025.3845, -13130944.9208 8023905.32320001, -13131018.6087 8023804.8683, -13131038.5057 8023749.3443, -13131033.7405 8023641.9999, -13130989.1811 8023550.8613, -13130918.8056 8023475.7402, -13130828.221 8023419.7589, -13130776.3296 8023406.5124, -13130673.2622 8023411.506, -13130429.508 8023497.9518, -13130324.9813 8023499.2688, -13130223.5208 8023466.7483, -13130049.4231 8023336.5274, -13129991.4575 8023248.1912, -13129983.2185 8023144.95709999, -13130018.2153 8022936.1229, -13129981.8414 8022851.7058, -13129950.3931 8022824.7695, -13129869.1786 8022809.4769, -13129618.9926 8022828.2153, -13129527.0626 8022797.8613, -13129460.3429 8022737.2403, -13129441.5192 8022697.3368, -13129446.1599 8022611.425, -13129501.6951 8022536.59839999, -13129592.8632 8022492.3188, -13129807.2544 8022483.7322, -13129909.1086 8022460.9087, -13129986.8845 8022402.0958, -13130023.086 8022314.7184, -13130008.8861 8022223.0424, -13129952.5567 8022147.819, -13129726.0402 8022065.2101, -13129686.4268 8022039.2834, -13129634.977 8021967.1191, -13129627.9781 8021883.6723, -13129699.4851 8021554.5607, -13129738.4662 8021087.4415, -13129723.8263 8020966.199, -13129667.5935 8020858.1994, -13129525.7548 8020744.1921, -13129406.4527 8020702.3938, -13129092.6896 8020666.9686, -13128929.3975 8020602.384, -13128808.5632 8020484.4987, -13128764.9311 8020382.5969, -13128762.829 8020329.7117, -13128795.4981 8020232.4122, -13128874.6102 8020170.2924, -13128923.5313 8020160.1239, -13129081.1113 8020169.5669, -13129190.4826 8020144.8918, -13129394.3516 8020013.3516, -13129509.4189 8019958.0924, -13129695.7827 8019898.6435, -13130019.5305 8019825.2412, -13130143.8423 8019778.2685, -13130246.0285 8019694.8116, -13130280.0883 8019638.9203, -13130319.6308 8019452.1084, -13130314.831 8019189.9543, -13130260.3714 8019075.5924, -13129969.4004 8018715.2202, -13129784.023 8018412.6201, -13129674.7316 8018145.4027, -13129665.1436 8017928.0944, -13129708.5867 8017788.4175, -13129745.9025 8017724.9117, -13129847.5297 8017619.5782, -13129975.6185 8017544.8166, -13130527.1802 8017308.4433, -13130667.4955 8017291.8477, -13130734.1458 8017304.47119999, -13130795.6983 8017329.7282, -13131016.3984 8017481.5904, -13131143.138 8017529.3721, -13131211.2584 8017536.4202, -13131347.4767 8017509.5424, -13131549.3086 8017435.87749999, -13131694.6652 8017416.913, -13132386.3985 8017469.7937, -13133190.4884 8017457.1469, -13133501.6902 8017483.6673, -13133716.7928 8017562.9155, -13134070.5177 8017834.5306, -13134262.0459 8017949.1883, -13134470.5187 8018026.4906, -13134762.7803 8018063.4518, -13134903.5744 8018051.72, -13135027.6304 8018004.7105, -13135116.0846 8017916.9919, -13135213.6417 8017707.8211, -13135277.8412 8017611.0899, -13135370.4423 8017537.9374, -13135541.826 8017474.132, -13135878.7541 8017437.1245, -13136169.0214 8017442.0148, -13136393.8709 8017478.7513, -13136690.2131 8017557.2071, -13136839.1356 8017575.3757, -13137362.6141 8017529.5342, -13137742.8917 8017532.0182, -13137886.1922 8017504.2914, -13138005.0281 8017431.8527, -13138046.4308 8017380.9754, -13138070.91 8017265.74979999, -13137990.3757 8017038.3139, -13137930.5963 8016987.4728, -13137922.283 8016943.3592, -13137997.2935 8016860.6201, -13138061.6263 8016829.3784, -13138075.1607 8016767.837, -13138126.8621 8016704.6853, -13138185.9239 8016586.2169, -13138264.5446 8016521.8992, -13138303.6868 8016454.8665, -13138345.5624 8016431.2992, -13138356.2523 8016408.63719999, -13138287.6829 8016314.5544, -13138179.5174 8016215.5776, -13138183.0753 8016131.5872, -13138261.2267 8015963.1846, -13138188.2799 8015902.673, -13138119.9916 8015893.3487, -13138098.1611 8015869.8406, -13138099.0364 8015808.2617, -13138158.8137 8015766.2846, -13138159.7208 8015734.0196, -13138098.9151 8015710.17019999, -13138021.1297 8015761.4237, -13137954.9262 8015773.1581, -13137869.3323 8015717.882, -13137821.8509 8015658.5516, -13137857.2537 8015518.6399, -13137922.2366 8015488.5816, -13137944.9536 8015299.5952, -13137974.6958 8015221.3564, -13138055.8262 8015156.1233, -13138149.9829 8015172.7928, -13138311.3604 8015173.3759, -13138658.6943 8015087.5455, -13138744.1145 8015122.1717, -13138802.9863 8015210.3351, -13138836.0084 8015296.1274, -13138817.5672 8015322.4791, -13138778.9502 8015337.6083, -13138776.3495 8015362.5248, -13138846.7599 8015384.3796, -13138891.3394 8015479.2629, -13139593.3994 8015469.7743, -13139690.8052 8015441.9677, -13139767.9675 8015369.3439, -13139801.9376 8015060.8542, -13139843.6598 8014864.7431, -13139902.9947 8014819.0456, -13139981.5243 8014825.6253, -13140010.4839 8014749.6687, -13139965.6493 8012774.4671, -13139888.3632 8012263.655, -13139850.7493 8011712.8088, -13139861.0335 8010934.0209, -13139848.6443 8010805.1865, -13140971.0485 8011358.5056, -13140974.316 8011322.4653, -13141023.4523 8011302.5821, -13141058.7739 8011248.4112, -13141141.1226 8011200.615, -13141259.3185 8011101.837, -13141244.3461 8011066.1914, -13141154.7754 8011014.7883, -13141091.4979 8010939.9289, -13141083.8474 8010896.0854, -13141105.7301 8010837.9284, -13141136.0617 8010839.8651, -13141178.1539 8010870.5351, -13141324.3725 8010889.9904, -13141336.5545 8010986.6551, -13141396.8809 8010987.0868, -13141472.5404 8011116.7657, -13141505.8317 8011136.1607, -13141522.1197 8011125.9096, -13141506.6304 8011086.9621, -13141523.706 8011031.93069999, -13141495.7093 8010884.4371, -13141610.4103 8010674.3129, -13141676.2562 8010693.8388, -13141738.6271 8010682.2337, -13141771.747 8010690.7587, -13141835.6429 8010787.0767, -13141881.2069 8010827.0399, -13141944.579 8010854.9849, -13141999.3135 8010947.3569, -13142073.5054 8010961.2026, -13142119.4154 8011002.5689, -13142174.6521 8010975.7017, -13142222.9032 8010914.7599, -13142297.6599 8010866.661, -13142401.7897 8010879.9941, -13142456.8773 8010916.4277, -13142485.0947 8010989.8835, -13142551.1455 8011037.9882, -13142598.6791 8011009.9574, -13142685.0165 8011013.1786, -13142722.6328 8011156.6655, -13142799.8494 8011249.10719999, -13142805.022 8011340.4631, -13142751.7451 8011385.7994, -13142706.0498 8011531.4345, -13142664.2244 8011575.1553, -13142697.0502 8011675.3082, -13142987.5401 8011432.3386, -13142977.1762 8011384.9913, -13142924.8212 8011365.7684, -13142906.4667 8011336.0998, -13142897.1331 8011287.3545, -13142908.2522 8011237.9728, -13142838.2004 8011183.6266, -13142840.7217 8011163.9771, -13142893.7869 8011123.9086, -13142883.1518 8011066.7077, -13142934.0052 8011033.1343, -13142993.4078 8011058.7116, -13143055.8431 8011052.1153, -13143064.8419 8011000.5878, -13143172.1997 8011019.2693, -13143231.6141 8011132.4559, -13143394.3896 8011194.7604, -13143433.0598 8011227.8143, -13143417.0237 8011332.1293, -13143424.0979 8011422.1685, -13143353.5412 8011460.1275, -13143253.3282 8011694.8796, -13143443.3137 8011886.9194, -13143513.2024 8011935.2397, -13143692.5721 8011826.8395, -13144034.7421 8010937.6298, -13144857.6553 8010717.0017, -13144827.7565 8010622.6307, -13144843.8011 8010551.4414, -13144885.8684 8010489.4829, -13144835.0752 8010354.7819, -13144944.6876 8010277.09570001, -13144920.5692 8010161.9629, -13144993.8761 8010122.3149, -13145104.8319 8010117.2832, -13145168.615 8010075.7282, -13145242.4463 8010054.8276, -13145235.685 8010021.6978, -13145196.3473 8010000.4207, -13145153.1953 8009921.3318, -13144865.3851 8009805.5929, -13145000.6593 8009773.9458, -13145613.8112 8009465.3491, -13145686.1714 8009448.8178, -13145778.624 8009477.7726, -13146121.4436 8009740.7491, -13146309.9089 8009766.3407, -13146400.4488 8009736.5914, -13146605.3531 8009583.2322, -13146813.3507 8009501.7168, -13146915.7789 8009478.5667, -13147084.1978 8009498.1526, -13147417.7347 8009635.2281, -13147513.42 8009502.5442, -13147590.0031 8009428.171, -13147612.4866 8009382.8387, -13147710.9076 8009307.10670001, -13147788.8654 8009413.773, -13147857.1025 8009462.0613, -13147894.7205 8009454.0058, -13147977.4294 8009366.7712, -13148045.9513 8009362.4409, -13148159.426 8009384.051, -13148180.8041 8009403.6117, -13148193.9452 8009471.6711, -13148237.5469 8009538.3878, -13148240.6467 8009590.5082, -13148276.9816 8009638.4387, -13148282.8921 8009685.8276, -13148253.4009 8009751.5218, -13148276.7259 8009829.0892, -13148254.0428 8009934.0992, -13148140.0626 8009963.2979, -13148330.4822 8009989.7217, -13148715.8631 8009999.9558, -13148847.2653 8010169.6983, -13148934.397 8010326.4327, -13148992.1331 8010340.0441, -13148985.2363 8010308.4767, -13149009.5112 8010231.8297, -13148994.5374 8010002.4221, -13148991.7868 8009659.1967, -13149004.0056 8009558.863, -13148989.7122 8008939.8369, -13149051.7267 8008878.0311, -13149126.932 8008848.6848, -13149158.0494 8008795.8156, -13149068.9252 8008715.7543, -13148952.5658 8008560.9299, -13148949.2199 8008523.9745, -13148995.3296 8008356.043, -13148997.9268 8008131.182, -13148867.3 8008141.1442, -13148826.8201 8008128.4668, -13148785.9704 8008158.6051, -13148725.3016 8008156.1195, -13148680.4108 8008123.3408, -13148640.5567 8008067.691, -13148574.4363 8008042.59880001, -13148419.9489 8008038.7802, -13148406.7286 8008049.2014, -13148354.7217 8008024.9677, -13148321.376 8007974.6021, -13148287.6115 8007981.0742, -13148222.025 8007964.7885, -13148196.6327 8007917.4889, -13148157.7198 8007896.3856, -13148075.6661 8007904.7901, -13147999.5527 8007936.4787, -13147853.7893 8007879.8953, -13147783.4861 8007881.7641, -13147724.1636 8007849.3555, -13147655.9324 8007844.9572, -13147575.7515 8007817.99449999, -13147455.9004 8007646.9072, -13147449.1169 8007617.8578, -13147322.7256 8007491.2718, -13147150.9172 8007422.2968, -13147150.5085 8007393.9778, -13147175.6124 8007379.8037, -13147184.588 8007345.4512, -13147142.3779 8007262.779, -13147162.9672 8007236.6066, -13147113.9952 8007218.0731, -13147038.2354 8007215.26, -13146990.6982 8007152.4446, -13146883.9128 8007130.6629, -13146863.6841 8007111.6696, -13146850.6037 8007046.1549, -13146682.0195 8006956.1739, -13146659.3955 8006876.932, -13146741.4021 8006770.6041, -13146731.5151 8006726.3698, -13146762.3077 8006646.8919, -13146802.7939 8006599.9195, -13146858.6937 8006587.8651, -13146877.6335 8006567.5504, -13146839.1543 8006532.2343, -13146797.038 8006540.71149999, -13146749.4432 8006522.0807, -13146659.9701 8006517.4721, -13146565.5421 8006430.5806, -13146556.2814 8006391.2, -13146583.1032 8006297.658, -13146641.8414 8006267.1554, -13146581.9598 8006156.1688, -13146556.8294 8006155.0683, -13146450.4709 8006253.6099, -13146412.0401 8006266.5763, -13146358.2117 8006236.3216, -13146337.3929 8006196.7781, -13146293.2774 8006199.4683, -13146236.391 8006230.6475, -13146177.9767 8006221.8327, -13146145.9575 8006197.4559, -13146052.7895 8006216.6221, -13145958.4866 8006140.8767, -13145890.7024 8006118.0018, -13145870.9188 8006091.0871, -13145900.0868 8006024.7417, -13145894.4093 8005985.1452, -13145922.5501 8005970.6601, -13145937.6034 8005940.4228, -13145919.8794 8005836.0075, -13145793.7869 8005767.5923, -13145541.153 8005675.0028, -13145454.7687 8005613.0686, -13145382.0379 8005509.5975, -13145358.2357 8005401.8719, -13145313.8861 8005309.7019, -13145245.2457 8005319.5039, -13145175.3006 8005252.3798, -13145157.7858 8005259.9153, -13145125.9085 8005240.5947, -13145052.6878 8005173.8973, -13145031.4858 8005125.7844, -13145068.5061 8005079.4875, -13145060.5273 8005025.9392, -13145005.3068 8004975.7936, -13144948.5157 8004955.7847, -13144894.356 8004912.231, -13144731.1644 8004906.06939999, -13144860.988 8004101.1643, -13144876.8151 8003814.8581, -13144869.7002 8003640.694, -13144806.7117 8003400.3753, -13144750.6583 8002984.0995, -13144684.7437 8002778.609, -13144647.6518 8002591.6722, -13144591.7186 8001858.0948, -13144574.0013 8001838.4428, -13144587.6998 8001814.61559999, -13144483.6254 8001528.4455, -13144308.2882 8001272.90250001, -13144277.374 8001235.8479, -13144234.6187 8001253.5304, -13144108.9222 8001225.3558, -13144004.4582 8001293.779, -13143867.7208 8001330.8098, -13143761.2307 8001252.0439, -13143711.6904 8001191.5402, -13143673.4434 8001205.5069, -13143603.3152 8001198.2535, -13143593.834 8001214.9203, -13143609.5634 8001237.9934, -13143606.066 8001285.1355, -13143573.4038 8001379.268, -13143533.596 8001397.8633, -13143477.248 8001493.9924, -13143441.0706 8001499.289, -13143377.8815 8001568.2769, -13143309.9713 8001589.9524, -13143287.1963 8001581.014, -13143232.9822 8001491.5154, -13143154.7857 8001448.8877, -13143073.8477 8001478.5923, -13142997.5545 8001447.9261, -13142903.0308 8001445.354, -13142826.4278 8001463.0013, -13142781.6276 8001442.8045, -13142763.3056 8001403.4418, -13142793.8268 8001372.113, -13142863.8017 8001348.9011, -13142849.2082 8001311.26079999, -13142858.5058 8001287.3256, -13142890.1231 8001294.6293, -13142901.0956 8001265.7775, -13142930.6012 8001255.404, -13143017.8638 8001160.3541, -13143158.2012 8001198.1597, -13143187.0873 8001178.2959, -13143196.1041 8001135.5117, -13143176.5081 8001101.3549, -13143175.3216 8001038.7586, -13143108.8996 8001044.5456, -13143048.4013 8000938.2278, -13143026.1212 8000929.9749, -13143003.4963 8000963.742, -13142941.0421 8000899.2724, -13142924.3568 8000865.95489999, -13142921.6081 8000792.3444, -13142901.3778 8000764.7545, -13142914.2317 8000748.2028, -13142898.5739 8000739.9689, -13142901.5148 8000715.516, -13142861.4791 8000679.0465, -13142855.4722 8000734.5054, -13142829.5744 8000786.9327, -13142706.962 8000776.8341, -13142681.9265 8000751.9774, -13142490.4562 8000831.2116, -13142365.8984 8000937.6515, -13142331.1703 8000946.9735, -13142275.9466 8000918.5218, -13142252.11 8000927.7264, -13142250.0977 8001034.7299, -13142231.1325 8001076.49, -13142080.2478 8001149.2502, -13141916.4353 8001148.7965, -13141886.4709 8001125.0018, -13141862.8506 8001072.6345, -13141718.991 8001143.2488, -13141709.6494 8001131.1752, -13141708.7998 8001095.7562, -13141798.8256 8000998.3593, -13141814.9615 8000948.4514, -13141903.2898 8000968.575, -13141963.4343 8000908.9259, -13141933.9214 8000845.739, -13141937.3629 8000792.4613, -13141974.5762 8000743.3502, -13142065.7437 8000678.37169999, -13142077.7284 8000523.3967, -13142054.7007 8000469.788, -13141950.3842 8000432.037, -13141915.2949 8000402.8295, -13141904.9874 8000370.5251, -13141924.5221 8000286.0115, -13141988.2191 8000216.7923, -13142034.0809 8000107.3312, -13142007.8839 7999996.4164, -13141925.3719 7999858.6374, -13141817.5108 7999843.3449, -13141808.1672 7999774.935, -13141738.5258 7999696.87, -13141680.7732 7999585.0008, -13141679.0738 7999476.3541, -13141623.8703 7999410.3631, -13141640.0061 7999318.6172, -13141702.0055 7999222.8503, -13141631.5125 7999110.1864, -13141662.9379 7998973.3807, -13141691.8142 7998930.729, -13141668.8824 7998845.4301, -13141703.7032 7998769.7867, -13141749.9185 7998714.0907, -13141645.2303 7998644.1085, -13141573.135 7998682.159, -13141564.9095 7998654.5126, -13141633.9718 7998647.284, -13141639.2812 7998599.736, -13141611.3446 7998551.24, -13141606.6555 7998505.4836, -13141661.6827 7998422.881, -13141714.0924 7998402.3001, -13141840.3018 7998449.5438, -13141868.6661 7998449.4719, -13141944.2985 7998407.9527, -13142082.9917 7998405.7176, -13142097.6023 7998421.1925, -13142097.3151 7998473.8717, -13142060.424 7998544.6131, -13142078.9862 7998567.0872, -13142163.3531 7998593.2873, -13142179.9671 7998661.1679, -13142246.4144 7998653.5527, -13142283.1608 7998695.0006, -13142311.3315 7998704.1374, -13142397.4921 7998689.756, -13142443.9776 7998700.1194, -13142495.2638 7998639.0186, -13142606.2702 7998577.3907, -13142588.694 7998554.6802, -13142595.8962 7998491.92149999, -13142646.5718 7998477.5189, -13142720.4545 7998509.9236, -13142859.5603 7998510.6932, -13142886.9415 7998608.4282, -13142842.4301 7998659.957, -13142841.3468 7998717.9728, -13142812.7827 7998802.0882, -13142848.6775 7998792.9996, -13142884.4073 7998745.5573, -13142932.6535 7998743.3512, -13142944.4139 7998759.7799, -13142908.6647 7998915.1783, -13142943.2846 7998964.1781, -13143014.0758 7999009.7021, -13143102.4963 7999020.0531, -13143178.1704 7999063.631, -13143208.8484 7999192.0658, -13143165.7579 7999286.3521, -13143185.8845 7999305.4667, -13143215.7162 7999304.0637, -13143247.2032 7999350.4391, -13143275.1284 7999364.4868, -13143305.0511 7999349.5401, -13143342.7688 7999299.0701, -13143371.0478 7999185.6004, -13143399.8342 7999180.3013, -13143434.2496 7999229.9791, -13143429.0872 7999287.7981, -13143381.1094 7999402.8833, -13143204.4883 7999473.1894, -13143211.6363 7999519.1712, -13143267.3488 7999565.6274, -13143265.577 7999623.0066, -13143291.0379 7999683.2424, -13143426.0197 7999681.9509, -13143466.781 7999616.1926, -13143567.0707 7999597.3825, -13143614.8457 7999605.33959999, -13143625.1762 7999648.5351, -13143658.213 7999653.1212, -13143699.6594 7999637.704, -13143733.7336 7999592.1028, -13143851.6163 7999752.01959999, -13143932.8832 7999719.9913, -13143973.9082 7999723.4407, -13144017.0925 7999745.6045, -13144076.3019 7999827.9975, -13144139.6648 7999855.3769, -13144179.9497 7999853.5314, -13144267.4816 7999817.6971, -13144403.0142 7999974.4489, -13144425.9691 8000069.7117, -13144771.0999 7999648.1021, -13144903.5245 7999642.03369999, -13145540.4988 7999368.8066, -13145502.2037 7999317.2876, -13145160.9914 7999021.8372, -13145157.8125 7999000.4832, -13145242.9424 7998775.126, -13145329.724 7998615.9301, -13145105.5108 7998123.3368, -13144404.7259 7998056.4212, -13144706.8509 7997700.9293, -13144759.7254 7997699.3499, -13144850.3205 7997734.9531, -13144968.3635 7997748.0465, -13145103.3652 7997788.5424, -13145237.0406 7997786.2465, -13145393.5814 7997622.3534, -13145477.2185 7997560.1227, -13145573.9503 7997530.0154, -13145645.188 7997445.8922, -13145698.3452 7997417.0527, -13145798.4556 7997392.0729, -13145951.9704 7997380.5786, -13146038.0013 7997421.4692, -13146184.1616 7997377.152, -13146321.5693 7997265.9265, -13146374.7092 7997307.0887, -13146442.5743 7997265.8953, -13146465.4378 7997292.4469, -13146473.0799 7997331.56939999, -13146513.3865 7997372.6062, -13146568.6973 7997395.1589, -13146651.7125 7997403.2148, -13146694.3757 7997434.9269, -13146740.8796 7997549.3504, -13146731.5843 7997589.1695, -13146703.2453 7997621.5048, -13146758.9136 7997706.2792, -13146817.1537 7997710.4329, -13146856.778 7997693.9842, -13146866.2804 7997634.5898, -13146911.2882 7997588.8673, -13146946.4091 7997491.8724, -13147103.2034 7997247.1789, -13147146.7071 7997268.9188, -13147185.7187 7997340.6392, -13147185.9614 7997361.2522, -13147128.6709 7997441.0877, -13147132.8977 7997484.7977, -13147199.2482 7997583.8162, -13147201.217 7997627.3505, -13147256.6133 7997631.9205, -13147272.7368 7997612.6062, -13147319.3623 7997611.1654, -13147377.3151 7997670.6374, -13147415.5711 7997687.4237, -13147444.9253 7997616.5398, -13147581.0976 7997583.4892, -13147620.1372 7997588.0945, -13147655.5751 7997634.7756, -13147841.3865 7997602.9536, -13147918.1314 7997622.6479, -13148007.6221 7997542.4125, -13148151.2587 7997548.2376, -13148253.178 7997516.8049, -13148276.9246 7997521.145, -13148308.005 7997568.1704, -13148324.5951 7997569.7793, -13148479.0554 7997498.4899, -13148610.9073 7997391.8975, -13148657.1223 7997378.453, -13148712.6679 7997418.5917, -13148888.9713 7997490.1102, -13148937.8268 7997578.3269, -13148986.4024 7997600.4874, -13149006.586 7997446.7074, -13148997.9913 7996055.9535, -13149123.3953 7996014.3289, -13149211.7729 7996041.5607, -13149264.7534 7996027.9119, -13149183.1435 7995857.1362, -13149186.1564 7995825.665, -13149359.5769 7995663.19969999, -13149380.4203 7995630.9015, -13149364.878 7995584.6275, -13149339.7405 7995572.367, -13149288.5791 7995576.9796, -13149200.7039 7995657.1456, -13149078.8353 7995678.46459999, -13149003.3203 7995639.4468, -13149013.3107 7995468.9054, -13148994.2418 7995442.9358, -13148929.8111 7995450.3988, -13148739.6429 7995421.6104, -13148691.6925 7995386.2894, -13148618.0826 7995404.5906, -13148574.6389 7995442.7216, -13148502.1021 7995457.0814, -13148425.3291 7995415.66309999, -13148356.422 7995467.5268, -13148226.0816 7995460.7577, -13148202.8574 7995443.1458, -13148193.5454 7995304.6818, -13148209.5475 7995246.1828, -13148153.3676 7995193.446, -13148011.3637 7995190.4946, -13147923.4593 7995258.8193, -13147890.2793 7995264.5103, -13147782.7057 7995207.611, -13147665.2697 7995087.602, -13147629.7757 7995080.674, -13147599.6655 7995099.16, -13147562.6693 7995098.4885, -13147495.1897 7995031.252, -13147451.2142 7995046.8659, -13147404.3461 7994971.4297, -13147353.9977 7994987.0613, -13147311.0299 7994974.8229, -13147211.2848 7994983.5532, -13147162.224 7994951.8044, -13147086.9441 7994954.1548, -13146971.318 7994919.1894, -13146921.0515 7994873.0944, -13146898.352 7994607.3461, -13146982.3096 7994548.8351, -13146973.6694 7994455.4055, -13146696.4452 7994200.2252, -13146870.3412 7994057.2694, -13147149.8049 7993392.7636, -13147236.4684 7993284.9042, -13147308.1187 7993126.771, -13147427.4491 7993000.5055, -13147482.6959 7992984.295, -13147449.4041 7992882.1658, -13147521.3345 7992786.2393, -13147444.4929 7992723.736, -13147457.9218 7992576.91, -13147548.6997 7992494.3433, -13147623.8827 7992320.8332, -13147651.7265 7992286.1485, -13147727.1317 7992249.4299, -13147795.4713 7992250.2895, -13147835.2004 7992275.4757, -13147897.156 7992256.612, -13148051.2337 7992116.7053, -13148108.7574 7992045.0437, -13148132.9798 7991976.6684, -13148172.5979 7991943.7222, -13148282.7562 7991910.7671, -13148340.1213 7991808.1757, -13148370.8192 7991786.4209, -13148360.9846 7991715.9195, -13148283.8758 7991730.8643, -13148247.1782 7991579.5117, -13148085.3094 7991605.3728, -13147977.8664 7991742.1611, -13147836.7956 7991741.2072, -13147650.7604 7991711.4857, -13147634.8236 7991607.4308, -13147485.01 7991652.2463, -13147364.5229 7991640.3403, -13147273.0073 7991661.1847, -13147208.4762 7991635.6061, -13147151.9136 7991566.9167, -13147134.0361 7991369.8523, -13147146.7817 7991297.9947, -13147352.8406 7991165.10059999, -13147388.1201 7991136.459, -13147377.2497 7991114.7415, -13147326.7707 7991107.9941, -13147256.8185 7991073.1526, -13147159.5554 7991109.0186, -13147104.1778 7991162.0977, -13146965.253 7991253.4728, -13146932.9129 7991297.0763, -13146909.6141 7991299.4256, -13146882.5974 7991235.02179999, -13146899.5963 7991221.0004, -13146955.5584 7991070.6993, -13147300.655 7990776.0578, -13147350.439 7990673.0006, -13147398.3091 7990398.5989, -13147668.5062 7990062.86599999, -13147761.3949 7989826.1502, -13147744.9673 7989613.2577, -13147975.1895 7989289.3821, -13148213.2748 7989245.8768, -13148371.6785 7988969.0817, -13148586.3005 7988820.0479, -13148933.8357 7988661.2845, -13149065.6251 7988541.0167, -13149143.2108 7988503.9383, -13149169.7485 7988519.1101, -13150478.3444 7987573.9271, -13150477.9852 7987536.4997, -13150698.4142 7987540.2174, -13150925.1477 7987685.3118, -13151187.7947 7987930.164, -13151388.6184 7987951.5851, -13151628.4584 7987899.8714, -13151705.8829 7987937.28499999, -13151752.8675 7988087.4431, -13151731.2619 7988256.6668, -13152342.8084 7988185.877, -13153238.1294 7987519.71410001, -13153382.3089 7986244.3513, -13153337.8986 7986269.6642, -13153298.0731 7986334.0493, -13153268.8364 7986338.2228, -13153244.8502 7986208.4901, -13153204.2961 7986191.2837, -13153082.6831 7986190.487, -13153055.4909 7986173.6723, -13153055.2176 7986139.3738, -13153081.349 7986096.8649, -13153136.7498 7986049.1342, -13153181.0463 7986037.0238, -13153172.9459 7986000.3633, -13152941.8074 7985886.8141, -13152770.9442 7985874.3301, -13152726.1154 7985836.1858, -13152697.8028 7985764.6235, -13152728.6279 7985689.4697, -13152715.194 7985554.5011, -13152627.7353 7985503.5407, -13152624.8336 7985404.0891, -13152543.4188 7985414.9594, -13152521.355 7985390.5284, -13152536.5015 7985310.7574, -13152529.3187 7985248.4479, -13152577.3073 7985185.87749999, -13152548.3236 7985094.3818, -13152566.3626 7985031.077, -13152616.2353 7985023.8764, -13152636.2729 7985000.1518, -13152661.3662 7985020.1281, -13152797.7233 7985031.076, -13152993.2977 7984942.7558, -13153043.3763 7984949.3978, -13153228.2537 7985027.9886, -13153313.2342 7985031.0377, -13153391.0643 7985002.8945, -13153472.6141 7984913.7406, -13153490.1725 7984948.1704, -13153444.6786 7985055.541, -13153543.8885 7985096.9392, -13153551.423 7985141.3415, -13153581.2675 7985177.6123, -13153724.6622 7985186.3822, -13153757.7487 7985152.4871, -13153769.0287 7985096.9675, -13153816.444 7985087.5015, -13153852.9484 7985124.6493, -13153919.9267 7985153.9189, -13153901.1257 7985173.7042, -13153850.9961 7985178.6794, -13153855.0601 7985208.6528, -13153940.0121 7985239.3745, -13153973.5471 7985223.4151, -13153993.1894 7985193.7074, -13153957.8614 7985000.924, -13153976.7503 7984976.26, -13153884.1876 7984934.0574, -13153831.5605 7984888.7791, -13153708.4373 7984890.7792, -13153670.3485 7984830.884, -13153682.5352 7984794.1507, -13153730.4142 7984761.455, -13153776.5757 7984703.0791, -13153815.337 7984716.9785, -13153790.7935 7984766.6453, -13153794.2049 7984794.7763, -13153824.6006 7984768.3881, -13153958.0743 7984712.8676, -13153987.0675 7984726.8368, -13153997.5664 7984753.35320001, -13153976.188 7984846.2409, -13153997.6347 7984883.3699, -13154043.3989 7984862.4892, -13154071.0553 7984882.5919, -13154117.876 7984884.7675, -13154186.8141 7984912.6662, -13154310.989 7985047.3388, -13154380.1683 7985167.2128, -13154413.7351 7985184.5558, -13154521.044 7985188.3768, -13154578.6432 7985255.9721, -13154607.3427 7985268.669, -13154690.5296 7985268.0873, -13154723.7555 7985291.67719999, -13154805.7642 7985433.7873, -13154882.3376 7985390.6045, -13154951.0975 7985479.2949, -13154996.5784 7985481.0961, -13155071.7123 7985457.4673, -13155115.7124 7985376.9102, -13155350.2125 7985317.2766, -13155427.1391 7985225.4772, -13155500.792 7985228.4371, -13155574.8375 7985294.6125, -13155610.2226 7985308.7581, -13155650.1741 7985295.2554, -13155799.3063 7985185.9694, -13155893.36 7985215.2905, -13155903.6635 7985170.5757, -13155889.5534 7985053.2928, -13155907.559 7985009.8253, -13155979.6449 7984951.6656, -13156040.3391 7984949.7764, -13156077.6656 7984928.6388, -13156151.0978 7984865.6353, -13156184.5252 7984776.9702, -13156269.0839 7984755.32379999, -13156289.0098 7984735.1229, -13156178.3597 7984525.6216, -13156181.7583 7984458.2729, -13156222.4794 7984369.2219, -13156267.7624 7984342.0256, -13156372.0278 7984330.178, -13156415.069 7984185.4653, -13156552.8359 7984145.2218, -13156640.9532 7984142.715, -13156590.6616 7984024.2112, -13156553.7764 7983844.6424, -13156566.6061 7983824.4216, -13156731.6348 7983817.6746, -13156796.1617 7983789.9503, -13156779.7929 7983377.2339, -13156822.4497 7983413.6754, -13157012.0009 7983449.6747, -13157203.8712 7983605.5846, -13157270.6228 7983639.5293, -13157383.9285 7983655.447, -13157454.588 7983638.7355, -13157499.08 7983594.8304, -13157495.0793 7983537.3665, -13157475.1577 7983515.4633, -13157394.8621 7983484.4484, -13157377.2613 7983459.5476, -13157485.8707 7983297.7829, -13157529.5399 7983256.7378, -13157581.2632 7983244.6618, -13157789.0599 7983293.3065, -13157823.206 7983287.1975, -13157913.3313 7983223.4964, -13157999.4169 7983187.6905, -13158066.0769 7983183.6024, -13158222.6679 7983227.4347, -13158257.2168 7983208.2302, -13158268.6135 7983158.2427, -13158255.3975 7983083.1646, -13158176.7183 7982910.2518, -13158083.7332 7982828.5599, -13157902.9202 7982749.3543, -13158287.049 7982597.5495, -13158693.3439 7982508.8801, -13158915.4399 7982443.3447, -13159255.1097 7982163.5039, -13159236.7392 7982112.9021, -13159153.0626 7982040.5958, -13159033.637 7981968.2588, -13158814.754 7981876.0831, -13158753.229 7981823.7704, -13158621.2261 7981653.472, -13158518.9613 7981481.9401, -13158472.501 7981377.9156, -13158491.5834 7981317.3749, -13158908.3712 7981370.0896, -13159049.1813 7981471.9797, -13159200.2165 7981520.4105, -13159327.0568 7981509.6015, -13159552.026 7981405.9732, -13159661.1079 7981375.4415, -13159761.7706 7981371.097, -13159906.778 7981402.2504, -13159983.6169 7981444.7002, -13160028.3328 7981488.871, -13160183.2487 7981766.7278, -13160300.128 7981901.06050001, -13160471.5453 7981986.8089, -13160608.3062 7981909.1326, -13160680.7966 7981893.7419, -13160718.3808 7981902.8364, -13160750.6664 7981956.7582, -13160845.481 7981954.0606, -13160914.4895 7981980.7695, -13160952.3074 7982049.5518, -13160950.8144 7982104.0832, -13160927.7177 7982159.8507, -13160856.0297 7982245.0773, -13161120.5871 7982112.0593, -13161254.5326 7982015.6707, -13161253.7411 7982217.0874, -13161239.1393 7982287.0262, -13161257.3514 7982360.4799, -13161306.533 7982392.1419, -13161374.7494 7982517.9302, -13161307.5656 7982614.4066, -13161312.7921 7982710.3652, -13161332.5198 7982735.9494, -13161392.278 7982755.8345, -13161568.8508 7982720.2172, -13161601.9324 7982725.76519999, -13161787.3198 7982859.4008, -13161802.8024 7982901.092, -13161730.1506 7982994.1504, -13161743.9483 7983066.0141, -13161769.9628 7983089.3051, -13161975.1584 7983173.4692, -13162049.7062 7983235.6149, -13162137.2874 7983472.6177, -13162284.4664 7983648.9465, -13162269.935 7983805.6819, -13162296.3181 7983814.0885, -13162551.097 7983813.0469, -13162731.0633 7983335.2532, -13162813.292 7983208.05659999, -13162850.6108 7983184.9145, -13162988.1806 7983200.9223, -13163007.5911 7983163.0769, -13163028.1564 7983161.0194, -13163171.9235 7983020.4951, -13163300.1062 7982865.4406, -13163365.7938 7982839.2593, -13163421.3126 7982861.2709, -13163503.9688 7982923.2975, -13163575.1972 7982945.1284, -13163653.3495 7982939.2042, -13163781.7633 7982849.0357, -13163815.1801 7982840.8027, -13164030.9253 7982900.1254, -13164067.2767 7982936.8387, -13164067.6269 7983014.5411, -13164091.1908 7983062.8407, -13164177.7586 7983094.77839999, -13164260.6932 7983100.6051, -13164275.2077 7983083.1889, -13164291.3538 7983135.7634, -13164375.2449 7983256.6154, -13164446.7205 7983177.3671, -13164475.9703 7983169.0196, -13164636.065 7983233.1011, -13164688.6367 7983216.309, -13164755.9115 7983141.1777, -13164804.1617 7983125.6928, -13165039.092 7983187.8757, -13165326.8371 7983198.4556, -13165364.9282 7983188.1262, -13165456.2013 7983110.184, -13165614.5515 7983341.3737, -13165951.1214 7983125.71819999, -13166176.1169 7983083.7875, -13166382.0738 7982941.6313, -13166595.7715 7982770.3367, -13166749.6854 7982671.1108, -13166909.0585 7982532.8842, -13167333.605 7982105.9605, -13167738.3828 7982337.7133, -13167804.3456 7982707.0851, -13167931.9117 7983109.5242, -13167994.3875 7983406.9792, -13168476.7114 7983948.37389999, -13168573.0586 7983955.6785, -13168735.9603 7983851.5294, -13168905.8838 7983891.28939999, -13169203.9649 7983852.6327, -13169329.1875 7983714.2561, -13169271.9308 7983524.7292, -13169009.4431 7983309.2085, -13168882.4013 7982918.7694, -13168888.5162 7982798.272, -13168823.6697 7982452.8873, -13168885.5264 7982245.5345, -13168713.8854 7982169.812, -13168751.2237 7981951.6504, -13168674.1566 7981847.2609, -13168677.3496 7981666.8347, -13168813.9275 7981515.9324, -13168685.9139 7981435.425, -13168789.3299 7981148.3733, -13168866.4744 7981131.1722, -13169016.8866 7981036.442, -13169063.6336 7981064.648, -13169107.7646 7981069.1438, -13169122.8354 7980938.8414, -13169177.0451 7980859.6119, -13169319.3454 7980771.5213, -13169582.5749 7980800.1897, -13169691.5155 7980705.32289999, -13169827.3498 7980829.9442, -13169843.7549 7980818.3643, -13169936.5411 7980945.0254, -13169936.8443 7981014.0404, -13169846.3989 7981185.4371, -13169865.8453 7981231.596, -13169942.4624 7981262.4579, -13169896.9793 7981268.5621, -13169880.3605 7981300.2712, -13169884.2461 7981408.3408, -13169830.3677 7981574.6245, -13169835.5891 7981724.0828, -13169867.132 7981773.7971, -13169935.9431 7981820.1021, -13170011.7518 7981959.1653, -13170083.6749 7982013.534, -13170098.9077 7982009.2341, -13170090.2403 7982040.9434, -13170148.3546 7982144.5448, -13170218.1233 7982194.6317, -13170224.2187 7982278.3525, -13170264.935 7982376.0477, -13170369.9593 7982482.5845, -13170357.6999 7982536.5336, -13170268.2546 7982613.7283, -13170200.2893 7982631.6379, -13170168.0231 7982670.6971, -13170168.0584 7982704.8469, -13170268.8027 7982705.762, -13170326.6286 7982736.657, -13170376.0912 7982742.0499, -13170404.1336 7982777.7342, -13170438.3449 7982781.8121, -13170489.2418 7982755.2708, -13170471.9216 7982651.7236, -13170519.659 7982616.0513, -13170545.3831 7982549.2646, -13170629.0898 7982523.6474, -13170680.3783 7982555.9723, -13170728.0733 7982552.7553, -13170754.6952 7982580.4003, -13170774.4267 7982652.7762, -13170814.3904 7982669.914, -13170856.3818 7982728.7941, -13170929.7934 7982771.5118, -13170979.2693 7982848.4783, -13171083.7519 7982800.2487, -13171209.0607 7982855.639, -13171266.1193 7982928.2699, -13171243.0373 7983064.9875, -13171265.8372 7983091.6626, -13171329.9497 7983085.6139, -13171384.6578 7983051.8588, -13171379.4258 7982959.7862, -13171403.6285 7982899.7325, -13171471.9286 7982825.6634, -13171539.0822 7982835.53939999, -13171565.0065 7982820.3235, -13171578.1757 7982779.174, -13171508.2188 7982727.08209999, -13171514.1002 7982656.3019, -13171575.4018 7982608.1015, -13171710.6849 7982631.4421, -13171762.6581 7982568.0406, -13171806.1655 7982578.7339, -13171805.8079 7982539.485, -13171703.6966 7982547.1134, -13171649.3191 7982496.486, -13171628.7037 7982414.2665, -13171572.0761 7982386.0041, -13171556.3615 7982345.7137, -13171564.0299 7982314.11999999, -13171614.6161 7982252.2999, -13171578.3401 7982124.3864, -13171515.2909 7982051.4146, -13171421.5568 7982043.5817, -13171263.3591 7981927.5315, -13171232.555 7981876.8317, -13171193.831 7981847.6635, -13171178.0157 7981811.2876, -13171179.9897 7981797.1413, -13171200.4052 7981793.4854, -13171194.2277 7981778.8513, -13171211.4464 7981783.7032, -13171212.3495 7981763.9475, -13171231.7234 7981751.3963, -13171274.2573 7981742.1301, -13171284.8701 7981754.3481, -13171323.3676 7981695.5579, -13171358.1243 7981677.6629, -13171532.4389 7981664.5632, -13171607.0973 7981618.6355, -13171685.0663 7981607.3515, -13171696.3673 7981564.8414, -13171719.2691 7981550.3344, -13171844.3299 7981562.2181, -13171874.8481 7981612.1435, -13171913.6791 7981628.1935, -13171924.5179 7981623.018, -13171917.1403 7981608.8263, -13172300.57 7981625.6075, -13172518.6659 7981614.3003, -13172538.8878 7981616.0478, -13172538.516 7981616.041, -13172539.4867 7981616.579, -13172538.8878 7981616.0478, -13172593.5176 7981617.0462, -13172600.0828 7981637.0309, -13172664.8134 7981617.0379, -13172684.9595 7981626.8172, -13172762.1032 7981573.7711, -13172828.6603 7981599.1447, -13172849.9661 7981630.4537, -13172961.184 7981641.2114, -13172990.223 7981678.4682, -13173100.2097 7981747.8433, -13173118.0063 7981802.5702, -13173252.6185 7981764.14769999, -13173331.7302 7981707.5517, -13173456.841 7981749.2442, -13173458.6468 7981785.7809, -13173492.6465 7981770.4523, -13173531.2443 7981817.2034, -13173594.2689 7981836.8233, -13173660.4972 7981816.2633, -13173794.3528 7981849.57, -13173900.0114 7981828.4579, -13173949.7083 7981797.0151, -13174015.8507 7981807.3895, -13174102.1526 7981769.3212, -13174206.1251 7981775.737, -13174347.9043 7981873.1881, -13174482.2954 7981855.4454, -13174493.361 7981922.3612, -13174535.6977 7981973.9891, -13174567.4604 7981983.6034, -13174594.8592 7981977.3143, -13174634.8033 7981917.5622, -13174663.6972 7981905.3774, -13174716.5999 7981890.6539, -13174842.1216 7981898.2857, -13174871.6969 7981917.8587, -13174884.5492 7981951.6981, -13174879.1665 7981987.3414, -13174900.4577 7982056.1363, -13174985.4815 7982130.26519999, -13175054.803 7982158.1574, -13175086.4445 7982210.3168, -13175217.6529 7982275.6336, -13175223.1822 7982225.5226, -13175328.8113 7982119.5903, -13175460.0087 7982034.5205, -13175612.4014 7981891.9213, -13175804.025 7981792.1457, -13175915.0067 7981693.8903, -13175994.6003 7981597.618, -13176126.2651 7981520.9518, -13176328.5643 7981440.3053, -13176441.8763 7981360.6416, -13176597.0706 7981340.1182, -13176630.5852 7981297.356, -13176690.7794 7981257.9966, -13176730.9786 7981160.4568, -13176839.8677 7981093.0761, -13176877.5679 7981003.5635, -13176943.9217 7981003.6442, -13177006.7096 7981056.6185, -13177176.0099 7980970.5683, -13177208.1738 7980906.1987, -13177159.6885 7980793.1851, -13177181.6668 7980680.8737, -13177167.8645 7980486.696, -13177222.8198 7980512.7113, -13177301.5209 7980511.1889, -13177359.0658 7980587.7312, -13177450.0154 7980653.5596, -13177565.0142 7980635.2904, -13177615.2482 7980653.5371, -13177738.0223 7980726.4627, -13177811.8902 7980791.4205, -13177838.2871 7980840.38449999, -13177964.1893 7980892.4076, -13178051.8408 7980904.6441, -13178166.0935 7980971.7695, -13178212.0271 7981024.0707, -13178326.3339 7981025.0143, -13178376.4706 7981049.7105, -13178452.5612 7981030.7935, -13178474.9817 7981040.224, -13178545.7442 7981125.6609, -13178620.6586 7981156.2477, -13178685.6297 7981203.5818, -13178764.1047 7981298.2137, -13178855.0871 7981317.949, -13178852.7059 7981367.12389999, -13178927.5354 7981434.5815, -13178930.4405 7981529.5624, -13178950.3888 7981578.47600001, -13178988.0129 7981583.2992, -13178999.2384 7981540.3614, -13179039.9972 7981490.8342, -13179095.6347 7981496.8571, -13179166.202 7981544.275, -13179185.2766 7981588.182, -13179197.2905 7981682.7334, -13179175.1558 7981710.9069, -13179203.8466 7981747.3255, -13179483.3162 7981870.6236, -13179555.1702 7981924.2755, -13179708.544 7981905.8199, -13179762.2606 7981957.0111, -13179796.3017 7981968.3416, -13179855.497 7981914.6739, -13179903.0585 7981828.5615, -13179896.6279 7981814.0144, -13179744.6116 7981810.9332, -13179635.0311 7981730.66399999, -13179620.3897 7981629.2237, -13179684.5926 7981509.5498, -13179653.1978 7981485.9092, -13179629.7556 7981419.7464, -13179552.0286 7981389.0648, -13179506.7196 7981337.1175, -13179506.4626 7981321.5862, -13179539.9461 7981295.4091, -13179653.9111 7981282.6484, -13179719.5445 7981290.2409, -13179763.7543 7981228.5849, -13179838.2004 7981226.314, -13179863.0483 7981254.795, -13180032.8228 7981346.6852, -13180119.8813 7981329.2039, -13180192.6217 7981349.29159999, -13180250.2459 7981340.8626, -13180312.396 7981390.7998, -13180407.9479 7981423.9569, -13180475.5952 7981484.9379, -13180522.1925 7981554.4057, -13180641.8884 7981648.4372, -13180679.3578 7981633.0644, -13180700.1326 7981584.5082, -13180807.0283 7981613.6442, -13180788.4986 7981597.5494, -13180730.7578 7981137.4705, -13180610.0341 7981038.3925, -13180499.1733 7981037.4041, -13180441.6239 7981002.1833, -13180473.1341 7980880.0963, -13180409.4198 7980826.3775, -13180376.9255 7980770.11389999, -13180296.6121 7980716.2039, -13180229.455 7980619.2415, -13180213.9185 7980554.5663, -13180143.8489 7980491.6666, -13180115.2367 7980319.2045, -13180016.4249 7980180.3907, -13180034.1881 7980028.0739, -13180158.3322 7979961.207, -13180220.7418 7979947.5087, -13180296.092 7979879.0134, -13180477.0387 7979816.5075, -13180508.1635 7979793.7782, -13180571.6905 7979809.3112, -13180588.3827 7979892.548, -13180613.6119 7979934.7679, -13180703.1213 7979958.2984, -13180824.2952 7980048.5773, -13180907.6945 7980088.3634, -13180984.878 7980116.8197, -13181043.7345 7980107.4946, -13181165.8528 7980051.7918, -13181252.7567 7980055.4336, -13181276.3086 7980022.9009, -13181299.9558 7979919.5753, -13181330.0755 7979861.0942, -13181322.332 7979795.9768, -13181360.0691 7979771.4401, -13181399.4923 7979771.7591, -13181438.4961 7979837.4651, -13181475.1684 7979840.5751, -13181467.8977 7979756.4954, -13181541.9185 7979689.3238, -13182132.7133 7981210.374, -13182213.4949 7981245.117, -13182447.3403 7981296.5185, -13182564.4105 7981353.5571, -13182626.4745 7981396.3189, -13182682.5072 7981469.67409999, -13182767.6111 7981514.4204, -13182792.3595 7981505.1844, -13182793.0427 7981463.5965, -13182815.2055 7981434.8024, -13182867.2376 7981431.6342, -13182908.0151 7981404.2996, -13182934.5345 7981409.79479999, -13182962.4038 7981476.3296, -13183029.0557 7981510.5604, -13183076.9818 7981570.0104, -13183082.0713 7981597.32639999, -13183052.615 7981656.17189999, -13183226.6071 7981675.6239, -13183331.7715 7981760.2282, -13183353.0632 7981805.3658, -13183320.5672 7981898.3696, -13183380.2544 7981957.3068, -13183418.8618 7982085.5693, -13183508.4707 7982151.02, -13183662.9208 7982176.01079999, -13183689.9657 7982245.6854, -13183744.2994 7982301.834, -13183754.2441 7982378.3847, -13183785.9095 7982390.1019, -13183833.3428 7982437.1331, -13183832.0531 7982486.2908, -13183799.1926 7982568.2228, -13183856.1847 7982605.7883, -13183916.9093 7982614.0322, -13183972.9263 7982598.2157, -13184032.6755 7982636.5656, -13184036.9063 7982664.8049, -13184012.4506 7982691.10379999, -13183967.2933 7982719.7285, -13183915.0389 7982730.4223, -13183919.0136 7982796.9588, -13183978.8044 7982849.6885, -13184073.1253 7982883.8132, -13184096.1139 7982916.6424, -13184071.2866 7982948.2735, -13184005.1677 7983134.0712, -13183925.1761 7983203.0035, -13183909.9322 7983252.5889, -13183919.006 7983265.1987, -13183986.784 7983274.62969999, -13184064.6479 7983254.4916, -13184088.1404 7983287.7227, -13184087.4789 7983336.5706, -13184000.1365 7983385.75020001, -13183983.0208 7983409.252, -13183998.641 7983441.5652, -13184089.023 7983488.3038, -13184111.4443 7983529.8693, -13184107.1474 7983560.9212, -13184053.6338 7983600.519, -13184050.4093 7983648.0118, -13184118.7815 7983659.068, -13184147.8399 7983698.41219999, -13184144.6592 7983722.91359999, -13184104.925 7983755.7929, -13184076.4085 7983837.8405, -13184062.6244 7983975.9559, -13184025.1029 7984002.1756, -13184032.387 7984035.8561, -13184091.916 7984066.40999999, -13184081.8227 7984100.9515, -13184027.3553 7984136.0117, -13184066.0386 7984138.8719, -13184098.8552 7984182.7778, -13184076.9573 7984241.9379, -13184134.1693 7984549.2857, -13184170.1746 7984526.3714, -13184167.958 7984487.9441, -13184184.8768 7984472.3354, -13184296.6232 7984491.59880001, -13184303.5385 7984516.2802, -13184380.8617 7984477.0891, -13184404.8042 7984511.5204, -13184619.1702 7984616.3542, -13184594.6993 7984622.3392, -13184627.4812 7984749.52619999, -13184687.2722 7984767.01609999, -13184734.7655 7984804.5989, -13184780.8404 7984813.4764, -13184790.8896 7984841.7057, -13184950.2391 7984820.16529999, -13185153.0138 7984815.7794, -13185266.643 7984792.3154, -13185402.8058 7984818.6474, -13185438.3277 7984798.25419999, -13185475.0625 7984737.8958, -13185451.6985 7984643.6439, -13185468.7644 7984616.3948, -13185512.1987 7984608.1178, -13185587.0123 7984622.82769999, -13185602.3425 7984565.0738, -13185658.5599 7984583.6221, -13185703.5712 7984668.2988, -13185749.0304 7984687.9856, -13185786.0733 7984724.8534, -13185923.0478 7984724.2799, -13185962.9366 7984692.0272, -13185991.6656 7984619.5539, -13186173.4368 7984608.32069999, -13186192.7608 7984506.9408, -13186246.8507 7984430.3927, -13186552.0299 7984265.6337, -13186599.439 7984291.2757, -13186633.6547 7984368.7577, -13186697.4954 7984396.8352, -13186748.3008 7984464.0297, -13186786.8179 7984469.1122, -13186794.3571 7984491.2957, -13186903.2651 7984545.1665, -13187060.9816 7984591.8989, -13187076.2093 7984563.6264, -13187055.971 7984493.29, -13187090.0187 7984448.8788, -13187056.3536 7984357.73659999, -13186990.6188 7984249.8393, -13186998.1581 7984184.6145, -13187056.1576 7984185.7792, -13187031.0022 7984142.4817, -13187036.1434 7984095.9108, -13186992.2517 7984059.7961, -13187000.3322 7984002.5583, -13187042.7682 7983926.5712, -13187045.8285 7983874.9283, -13186963.4665 7983835.3206, -13186878.3707 7983895.2129, -13186790.7462 7983930.6211, -13186663.1489 7983922.2829, -13186553.3361 7983773.68159999, -13186510.7414 7983683.57109999, -13186543.8085 7983626.0035, -13186530.2288 7983606.758, -13186554.8077 7983593.6491, -13186564.0151 7983555.2442, -13186549.7214 7983540.3292, -13186552.2974 7983511.5001, -13186573.1942 7983470.7807, -13186649.496 7983438.3882, -13186671.5072 7983436.7471, -13186663.0312 7983464.3844, -13186678.3567 7983478.6754, -13186728.5788 7983443.775, -13186758.8981 7983452.6799, -13186782.0013 7983526.04029999, -13186739.1661 7983556.34350001, -13186867.2024 7983717.4899, -13186865.1572 7983772.9836, -13186878.257 7983798.8023, -13186916.3075 7983816.9574, -13187001.9948 7983804.9064, -13187059.7244 7983756.98789999, -13187070.878 7983692.2409, -13187143.2971 7983622.0258, -13187171.0274 7983539.1175, -13187199.4604 7983513.5023, -13187121.3885 7983460.6154, -13187052.9012 7983439.9348, -13186954.1078 7983357.1513, -13186924.2355 7983312.8841, -13186926.7316 7983253.2382, -13186941.6234 7983236.1136, -13186982.0785 7983243.901, -13187087.6769 7983207.9698, -13187186.1155 7983212.8045, -13187212.848 7983240.0046, -13187220.9843 7983283.3146, -13187307.9463 7983356.5864, -13187336.2814 7983335.6069, -13187380.0466 7983243.5717, -13187482.2624 7983102.0652, -13187621.4483 7982848.8229, -13187895.7076 7982748.726, -13187949.8141 7982754.6566, -13188071.2529 7982839.2509, -13188227.3778 7982810.3264, -13188281.5132 7982814.978, -13188396.1291 7982896.4976, -13188514.7781 7982933.0744, -13188545.7468 7982925.3011, -13188581.3659 7982902.3985, -13188595.5489 7982866.30359999, -13188539.9935 7982740.5215, -13188541.1732 7982668.717, -13188678.7459 7982560.2442, -13188872.1851 7982332.2254, -13189032.4366 7982225.9525, -13189216.4003 7982061.9549, -13189356.6944 7981988.1362, -13189460.4738 7981966.1704, -13189786.1715 7982002.7218, -13189949.2844 7981980.0065, -13190007.5582 7981946.31589999, -13189998.1435 7981973.7404, -13190034.7013 7982014.77619999, -13190044.2651 7982135.344, -13190098.8869 7982134.8763, -13190158.9393 7982166.8624, -13190158.3329 7982205.094, -13190192.3059 7982248.5744, -13190237.1865 7982249.4918, -13190330.9599 7982355.0845, -13190374.054 7982383.2035, -13190415.5518 7982493.4547, -13190392.3576 7982510.5141, -13190387.5786 7982540.9825, -13190330.792 7982591.3105, -13190319.7751 7982627.9157, -13190318.0744 7982704.6713, -13190342.1942 7982738.5388, -13190282.1138 7982802.4718, -13190305.3846 7982886.4845, -13190246.8532 7982899.9029, -13190215.1848 7982928.9278, -13190189.8614 7983081.7385, -13190153.6956 7983126.4591, -13190163.5767 7983226.4883, -13190223.2465 7983235.0992, -13190257.5553 7983290.8224, -13190240.9655 7983321.7016, -13190177.7221 7983348.6108, -13190198.94 7983426.0567, -13190182.6356 7983467.5125, -13190204.3324 7983469.043, -13190324.4633 7983379.3595, -13190378.244 7983361.5992, -13190397.6333 7983368.5202, -13190411.9961 7983450.84, -13190372.4036 7983504.328, -13190302.1317 7983521.8088, -13190258.9859 7983549.48789999, -13190177.2164 7983644.2272, -13190088.952 7983660.3805, -13190042.601 7983636.7914, -13189958.0776 7983704.0318, -13189952.8338 7983732.301, -13189968.2293 7983767.17, -13190076.6241 7983823.9651, -13190081.4013 7983847.6466, -13190057.9039 7983883.038, -13190056.3629 7983967.0759, -13190035.9871 7983996.5155, -13190009.8362 7984001.3812, -13189964.6328 7983967.6484, -13189884.4485 7984008.1114, -13189940.9052 7984125.3044, -13189929.0811 7984148.90739999, -13189866.8025 7984192.2062, -13189846.341 7984333.8827, -13189763.7379 7984367.6722, -13189759.2955 7984386.08039999, -13189720.179 7984383.4023, -13189698.6257 7984347.5111, -13189706.8298 7984275.2478, -13189678.3329 7984247.2488, -13189684.1904 7984193.9972, -13189603.6008 7984143.9751, -13189570.5315 7984176.9548, -13189590.4957 7984267.1422, -13189504.7317 7984343.5901, -13189447.8543 7984543.0668, -13189406.2829 7984605.2874, -13189396.1892 7984693.86909999, -13189340.3241 7984738.9048, -13189324.8205 7984787.53, -13189420.9916 7984837.4696, -13189406.0592 7984934.2644, -13189419.3921 7984983.4331, -13189453.4448 7984924.79029999, -13189507.3906 7984891.6169, -13189563.5986 7984831.7576, -13189624.0384 7984831.1419, -13189651.702 7984845.3626, -13189660.3984 7984871.6437, -13189640.8278 7984926.9549, -13189569.7251 7984999.2107, -13189565.1475 7985023.8388, -13189598.3843 7985104.3702, -13189669.1974 7985143.9105, -13189678.1278 7985184.8827, -13189657.7079 7985215.6704, -13189565.6395 7985214.4952, -13189542.1484 7985245.4813, -13189605.3797 7985346.868, -13189728.1507 7985353.6362, -13189814.8609 7985335.5562, -13189836.5377 7985309.7113, -13189842.5682 7985250.1614, -13189889.0224 7985213.3286, -13189943.6937 7985197.6669, -13190013.7228 7985242.8627, -13190022.6537 7985272.4488, -13189989.0796 7985327.9322, -13190047.8821 7985374.8849, -13190167.6134 7985356.6177, -13190373.2218 7985356.5322, -13190442.1118 7985337.8637, -13190490.2595 7985356.1466, -13190543.49 7985344.0151, -13190637.975 7985359.6006, -13190673.282 7985340.6981, -13190646.201 7985276.6233, -13190667.433 7985198.9755, -13190722.4964 7985192.786, -13190738.3539 7985165.946, -13190813.3276 7985131.1256, -13190875.2375 7985129.1117, -13191004.0916 7985070.38449999, -13191064.4297 7985077.687, -13191110.7444 7985108.3196, -13191119.0153 7985156.2769, -13191073.0298 7985214.0961, -13191053.3386 7985287.7464, -13190977.7386 7985396.0867, -13190959.8773 7985453.6819, -13190909.3332 7985468.8501, -13190840.8161 7985429.2446, -13190798.0896 7985455.4454, -13190796.4501 7985478.9308, -13190832.8864 7985516.0375, -13190793.5224 7985582.3665, -13190781.6859 7985644.015, -13190809.7674 7985719.623, -13190827.1565 7985727.8092, -13190870.117 7985698.0432, -13190906.5274 7985623.2681, -13190950.5376 7985643.4514, -13190964.7325 7985667.5533, -13190938.2362 7985701.8469, -13190938.2426 7985773.939, -13190976.2301 7985781.9942, -13191016.1317 7985756.116, -13191064.935 7985758.7815, -13191061.5573 7985719.0497, -13191130.0553 7985669.7616, -13191145.9426 7985590.9721, -13191227.2471 7985566.92979999, -13191279.963 7985475.0245, -13191362.4957 7985432.1125, -13191381.9025 7985364.9668, -13191361.4417 7985324.61729999, -13191351.852 7985236.0492, -13191315.7936 7985188.2707, -13191294.6935 7985101.4531, -13191345.638 7985055.7493, -13191409.5429 7984950.8394, -13191487.9619 7984877.7046, -13191623.2039 7984659.5324, -13191652.8538 7984537.2333, -13191741.6516 7984445.89, -13191730.6774 7984414.5464, -13191686.6356 7984396.2886, -13191673.7522 7984375.9041, -13191699.7918 7984313.89509999, -13191671.1139 7984271.7793, -13191668.78 7984242.7807, -13191705.4635 7984214.775, -13191798.4895 7984189.1663, -13191900.9683 7984110.1577, -13192022.186 7984083.4579, -13192051.0622 7984124.8603, -13192053.6318 7984181.0534, -13191962.478 7984408.6265, -13191998.3765 7984438.9173, -13192005.2617 7984487.1188, -13191987.4376 7984528.8287, -13191942.3327 7984538.2473, -13191927.7054 7984590.4045, -13191984.265 7984676.5313, -13191996.9145 7984720.9935, -13191877.7637 7984813.7332, -13191840.4254 7985011.994, -13191792.4411 7985083.6246, -13191842.3178 7985170.3922, -13191837.6887 7985253.3462, -13191858.8524 7985341.5932, -13191825.375 7985399.7572, -13191764.7282 7985412.8936, -13191731.3434 7985465.22519999, -13191729.4882 7985527.5842, -13191749.2399 7985587.2588, -13191738.0967 7985680.0093, -13191709.0777 7985758.7395, -13191746.826 7985809.9714, -13191758.7558 7985864.54159999, -13191886.1054 7985974.6868, -13192022.7093 7985965.4559, -13192150.4799 7985890.4333, -13192298.5103 7985866.1629, -13192289.9966 7985805.2579, -13192312.203 7985769.3776, -13192337.2406 7985782.8445, -13192383.4252 7985859.1189, -13192343.3389 7985892.8902, -13192239.4789 7985905.6673, -13192234.7004 7985938.7952, -13192195.9037 7985972.0825, -13192191.5642 7986018.8547, -13192153.1721 7986031.413, -13192094.2858 7986097.7746, -13191987.3226 7986142.5751, -13191961.9714 7986175.4701, -13191853.2549 7986170.8405, -13191786.5134 7986242.8087, -13191661.7353 7986278.7369, -13191621.1372 7986342.40820001, -13191533.1836 7986417.7652, -13191516.9477 7986563.5568, -13191624.903 7986553.1334, -13191668.3561 7986584.0348, -13191734.3988 7986693.3602, -13191786.9586 7986899.09359999, -13191896.0343 7986961.9145, -13191821.5194 7987042.1516, -13191811.3583 7987077.0624, -13191959.1005 7987074.2467, -13192018.2572 7987044.3583, -13192043.2166 7987050.3873, -13192055.1693 7987098.4858, -13192115.1937 7987153.9729, -13192201.3719 7987175.7849, -13192243.6493 7987151.9251, -13192262.6279 7987156.0914, -13192273.405 7987184.974, -13192252.5694 7987216.8313, -13192240.4676 7987315.0084, -13192294.7814 7987383.4911, -13192343.1145 7987398.6478, -13192372.3662 7987425.0858, -13192380.4005 7987366.4103, -13192439.4849 7987353.4563, -13192525.9526 7987306.0828, -13192551.9924 7987322.3969, -13192569.8223 7987360.169, -13192629.1188 7987349.4349, -13192695.0195 7987302.5888, -13192760.9802 7987321.2404, -13192820.2394 7987378.5123, -13192932.469 7987360.61029999, -13192961.2167 7987390.6588, -13192963.8574 7987451.0564, -13192935.4547 7987493.2519, -13192960.601 7987535.9066, -13192988.2571 7987533.0201, -13193025.5751 7987466.865, -13193083.5049 7987425.1036, -13193105.6094 7987374.5489, -13193079.3061 7987323.0147, -13193157.7772 7987244.7694, -13193194.2322 7987243.7279, -13193268.9711 7987281.2439, -13193297.5416 7987325.2391, -13193297.7189 7987379.7571, -13193323.2197 7987429.5437, -13193383.188 7987465.8512, -13193420.5015 7987452.7689, -13193556.0298 7987321.5493, -13193596.3011 7987299.40160001, -13193644.5408 7987346.8573, -13193685.6704 7987363.3115, -13193717.8426 7987357.203, -13193771.4196 7987399.4599, -13193802.0708 7987400.7045, -13193827.6836 7987371.733, -13193874.3929 7987364.2384, -13193927.5033 7987320.9491, -13193984.2899 7987300.89329999, -13194048.0651 7987170.1707, -13194108.7801 7987141.1825, -13194198.7466 7987204.34969999, -13194208.9636 7987251.9195, -13194196.1993 7987315.5115, -13194212.836 7987360.1161, -13194255.2253 7987404.8005, -13194313.1221 7987388.1872, -13194395.6053 7987300.1519, -13194519.657 7987297.7067, -13194543.6088 7987306.8076, -13194571.1252 7987350.662, -13194582.9937 7987437.4003, -13194607.0017 7987459.6102, -13194663.4617 7987475.3319, -13194677.3464 7987506.0349, -13194650.3334 7987526.5052, -13194558.3888 7987540.8854, -13194548.5697 7987571.386, -13194611.6389 7987612.0715, -13194620.895 7987652.3259, -13194507.6112 7987806.6184, -13194487.0929 7987871.7953, -13194458.3451 7987905.6772, -13194428.5708 7987909.844, -13194358.4787 7987874.4084, -13194297.8011 7987809.5316, -13194209.7194 7987832.9435, -13194159.4737 7987830.6039, -13194122.0948 7987862.4375, -13194135.6524 7987882.636, -13194188.6601 7987905.4122, -13194255.7197 7988040.5883, -13194269.4358 7988133.65559999, -13194252.8645 7988153.6958, -13194181.0743 7988173.6124, -13194156.9824 7988244.1071, -13194121.0033 7988264.6155, -13194074.3965 7988264.9506, -13194036.6471 7988238.3405, -13194025.0055 7988327.7998, -13193996.261 7988377.3501, -13194005.8816 7988427.7037, -13193967.952 7988577.4328, -13193904.757 7988643.4394, -13193848.6705 7988660.979, -13193779.2607 7988642.2208, -13193741.3188 7988776.9303, -13193712.1977 7988783.552, -13193696.7834 7988808.6885, -13193765.336 7988907.31889999, -13193830.9681 7988903.9108, -13193894.4914 7988860.3564, -13193969.4261 7988878.8446, -13194056.6215 7988868.8501, -13194220.8043 7988938.2122, -13194309.1753 7988944.4281, -13194417.3833 7988999.9113, -13194528.6985 7988968.735, -13194620.8577 7989023.097, -13194652.1996 7989009.8001, -13194673.8001 7988973.1585, -13194717.673 7988968.0463, -13194780.991 7989013.7292, -13194902.8406 7989012.0074, -13195010.6101 7989069.6631, -13195107.192 7989205.5135, -13195052.1346 7989296.86649999, -13195020.769 7989400.9406, -13194957.8792 7989439.2402, -13194928.9928 7989512.3632, -13194840.3287 7989560.147, -13194801.5741 7989565.0819, -13194721.7078 7989626.0232, -13194701.0396 7989618.2895, -13194622.0518 7989669.235, -13194394.0789 7989752.865, -13194347.0005 7989734.8316, -13194279.0507 7989647.7535, -13194153.558 7989636.8299, -13194091.6773 7989650.51, -13194075.4923 7989794.6202, -13194004.7262 7989840.4521, -13193937.9614 7989940.4072, -13193856.9509 7989958.2184, -13193836.4794 7989998.0048, -13193861.0408 7990028.4552, -13193865.5196 7990063.9099, -13193841.4837 7990097.5368, -13193926.1087 7990261.2939, -13193963.8029 7990246.5738, -13194012.1984 7990251.4918, -13194133.0795 7990423.6166, -13194215.3206 7990706.1234, -13194198.5145 7990825.7785, -13194143.0643 7990898.4211, -13194072.8092 7990886.0631, -13194035.2473 7990911.7516, -13193976.0157 7990987.764, -13193813.9928 7990993.085, -13193707.2417 7991055.97249999, -13193612.0399 7991043.68419999, -13193401.7001 7991248.3231, -13193370.517 7991300.3699, -13193372.831 7991361.5055, -13193400.0766 7991412.6788, -13193378.5695 7991531.6222, -13193406.1322 7991557.6599, -13193545.197 7991583.3443, -13193544.7397 7991615.132, -13193476.355 7991706.3093, -13193507.4822 7991724.5573, -13193546.1767 7991711.9356, -13193598.4378 7991729.2386, -13193645.8191 7991719.1076, -13193751.7411 7991784.3095, -13193772.2127 7991814.0488, -13193783.0082 7991882.66089999, -13193767.7527 7992268.6953, -13193792.1244 7992324.3002, -13193776.57 7992397.3512, -13193822.0758 7992472.9117, -13193812.0454 7992506.6113, -13193775.777 7992529.693, -13193761.9956 7992674.4573, -13193771.8114 7992731.0016, -13193831.9664 7992801.4594, -13193852.4006 7992850.6107, -13193927.2391 7992795.782, -13193994.0031 7992780.9077, -13194061.6352 7992812.3635, -13194090.2074 7992852.3491, -13195536.4975 7992816.7352, -13195512.802 7992717.285, -13195538.0362 7992563.0828, -13195620.7945 7992430.6361, -13195748.2123 7992340.5283, -13195900.4886 7992306.75959999, -13196147.2636 7992348.667, -13196362.104 7992347.9994, -13196555.8496 7992369.98399999, -13196691.996 7992446.2081, -13196788.161 7992569.2293, -13196829.3966 7992719.9296, -13196820.7933 7992786.2389, -13197010.2308 7992784.2521))"
81,21206,1800,2023-10-15 06:33:14,HNZ002, ,216047.4,2023-10-13,0800,0 - hand sketch of any type,Mutual Aid,Assistance Started,2023/07/15 07:00:00,E,124008.0,,,,1859fbc0-49d2-4f22-986e-b7b12659c941,8203388333.78906,1554677.53865549,"MULTIPOLYGON (((-12586403.1963 8315335.9351, -12586274.7011 8315307.2591, -12586111.1212 8315349.2547, -12585893.3988 8315298.7407, -12585764.6767 8315231.1617, -12585627.266 8315181.946, -12585393.4777 8315144.1165, -12585137.2287 8315163.2797, -12584978.5177 8315126.4356, -12584831.809 8315020.4987, -12584764.5645 8314918.2297, -12584670.1373 8314717.5305, -12584483.9883 8314436.7788, -12584281.6787 8314253.1191, -12584156.1991 8314178.5285, -12584018.9801 8314121.2999, -12583862.2252 8314008.078, -12583805.8573 8313922.3266, -12583766.6544 8313745.502, -12583795.542 8313584.9228, -12583895.1287 8313431.025, -12584054.0447 8313255.369, -12584147.0692 8313098.3442, -12584216.2376 8312909.8833, -12584246.9031 8312729.9015, -12584236.6105 8312474.8105, -12584152.2494 8312201.3667, -12584103.1909 8311980.1391, -12584085.9251 8311695.2045, -12584047.4044 8311554.2813, -12583982.2621 8311406.0128, -12583940.4539 8311217.4608, -12583969.3274 8311056.9355, -12584057.8898 8310920.0662, -12584327.0386 8310729.1047, -12584489.005 8310556.2337, -12584615.1746 8310334.4994, -12584685.1469 8310084.7271, -12584802.7545 8309902.9297, -12584951.4619 8309775.6286, -12585050.3137 8309668.2414, -12585184.0989 8309451.0682, -12585254.0719 8309243.7185, -12585279.534 8309008.0605, -12585271.2906 8308910.1913, -12584986.0226 8309346.9326, -12584833.4839 8309443.998, -12584673.0132 8309471.438, -12584514.4259 8309434.61339999, -12584382.3742 8309339.2493, -12584297.3821 8309200.1704, -12584230.0943 8308774.9713, -12584189.137 8308634.7989, -12584131.1712 8308505.6244, -12584105.7179 8308339.6765, -12584145.0994 8308181.4746, -12584242.4574 8308050.8146, -12584382.6584 8307968.0016, -12584543.9159 8307945.9018, -12584701.1691 8307987.9494, -12584853.5393 8308105.8371, -12585008.8334 8308265.8392, -12585173.2573 8308381.6179, -12585098.5524 8308194.7256, -12584975.3767 8308013.9874, -12584802.8555 8307851.81239999, -12584614.9816 8307740.1505, -12584425.7985 8307674.21949999, -12584148.5528 8307624.0965, -12583966.4587 8307628.2788, -12583720.8265 8307668.4161, -12583515.2544 8307645.2905, -12583321.2566 8307651.7227, -12583110.6595 8307602.7802, -12582978.6585 8307507.4148, -12582893.7136 8307368.3545, -12582866.3073 8307189.4761, -12582941.8626 8306783.1669, -12582922.8439 8306347.7442, -12582884.0349 8306169.5119, -12582819.636 8306009.68819999, -12582756.9457 8305726.7569, -12582756.7438 8305572.8323, -12582731.6566 8305410.5635, -12582688.3108 8305271.1832, -12582625.8321 8305138.868, -12582600.8704 8304975.9082, -12582665.7531 8304658.4922, -12582667.5258 8304512.5309, -12582649.0029 8304367.7455, -12582576.7053 8304142.21019999, -12582454.1741 8303925.972, -12582429.5061 8303764.9068, -12582468.8982 8303606.8111, -12582637.2213 8303371.2665, -12582734.1306 8303155.2286, -12582780.0384 8302922.8968, -12582769.8065 8302668.1408, -12582705.4209 8302440.2687, -12582591.5196 8302232.7502, -12582420.2324 8302044.1947, -12582037.0488 8301762.5966, -12581980.7939 8301676.9737, -12581941.6963 8301500.4315, -12581970.573 8301340.1238, -12582059.0541 8301203.4564, -12582188.7058 8301099.27839999, -12582309.7642 8300963.1704, -12582400.8691 8300821.2044, -12582461.7259 8300688.6543, -12582507.423 8300531.073, -12582527.9477 8300368.2743, -12582524.638 8300222.424, -12582496.7515 8300060.7343, -12582428.966 8299872.1444, -12582337.1643 8299714.7801, -12582219.483 8299575.7764, -12582079.498 8299459.3547, -12581888.1033 8299354.3793, -12581679.1074 8299291.5551, -12581461.6407 8299273.6254, -12581215.2595 8299304.3501, -12581056.9075 8299267.504, -12580910.5669 8299161.7189, -12580854.3446 8299076.1179, -12580815.2873 8298899.6322, -12580844.1775 8298739.385, -12580998.4968 8298495.7845, -12581071.6438 8298328.935, -12581114.7543 8298151.9003, -12581126.7716 8297988.30349999, -12581094.4903 8297735.5715, -12581048.7995 8297597.104, -12580976.7686 8297452.8435, -12580926.9294 8297227.6585, -12580927.0385 8297070.3203, -12580902.0183 8296908.2314, -12580804.5315 8296651.6695, -12580763.1025 8296464.4639, -12580791.9838 8296304.2693, -12580880.4257 8296167.708, -12581014.6808 8296075.9999, -12581173.8847 8296043.3951, -12581358.349 8296079.9194, -12581569.1955 8296156.3078, -12581767.1415 8296184.8963, -12581966.8963 8296175.1188, -12582411.3263 8296092.1734, -12582550.2927 8296048.8094, -12582697.6801 8295977.4256, -12582832.1022 8295883.8227, -12582938.019 8295783.8202, -12583049.2092 8295639.6755, -12583154.4988 8295416.8574, -12583101.5768 8295378.6255, -12583045.3572 8295293.0846, -12583006.2664 8295116.6996, -12583035.0938 8294956.5248, -12583123.4782 8294819.9608, -12583262.3949 8294727.2613, -12583217.0532 8294393.6142, -12583260.7056 8294218.3294, -12583667.446 8293616.2045, -12583772.3872 8293503.2297, -12583855.1916 8293383.3806, -12583940.2696 8293202.1579, -12584008.9424 8292947.5161, -12584106.1003 8292817.1234, -12584266.3106 8292701.05089999, -12584403.1074 8292555.0385, -12584509.5736 8292385.5634, -12584581.7983 8292198.8555, -12584619.4665 8291965.3939, -12584600.3268 8291711.5295, -12584520.4511 8291469.852, -12584384.5894 8291254.7153, -12584271.3169 8291136.4606, -12584149.5552 8291041.7175, -12584000.7341 8290870.6311, -12583961.031 8290849.1644, -12583745.5773 8290816.189, -12583545.9689 8290826.0091, -12583133.4196 8290906.0669, -12582975.2367 8290869.3052, -12582695.7305 8290669.2601, -12582478.7894 8290563.0849, -12582319.1852 8290447.7611, -12582263.0115 8290362.2713, -12582223.9641 8290185.9996, -12582252.7881 8290025.9338, -12582401.5315 8289730.193, -12582335.5913 8289583.91, -12582209.6646 8289405.7559, -12582022.2064 8289228.6563, -12581936.901 8289098.8203, -12581897.868 8288922.5771, -12581928.0009 8288755.2832, -12581992.9461 8288611.8357, -12582102.9698 8288441.8844, -12582237.0692 8288350.2478, -12582399.7864 8288316.8934, -12582553.6824 8288327.5552, -12582698.6731 8288316.6245, -12582943.6874 8288249.4548, -12583381.3618 8287999.1954, -12583506.9823 8287894.3122, -12583614.6737 8287771.0351, -12583718.1213 8287599.8452, -12583787.0563 8287412.0312, -12583820.6532 8287178.1008, -12583798.778 8286898.5281, -12583837.003 8286685.9917, -12583984.269 8286450.2949, -12584059.6868 8286265.031, -12584098.4275 8286068.76, -12584099.645 8285864.1948, -12584138.1475 8285709.5019, -12583992.7863 8285608.458, -12583907.4871 8285478.7076, -12583868.4251 8285302.56009999, -12583897.1936 8285142.5925, -12583922.7583 8285102.6184, -12583867.5105 8284848.8732, -12583899.4442 8284671.3052, -12583987.6884 8284534.9181, -12584121.6937 8284443.2944, -12584207.5086 8284425.681, -12584220.053 8284371.0287, -12584308.2876 8284234.6432, -12584442.2838 8284143.0172, -12584601.2163 8284110.3882, -12584760.3894 8284141.8258, -12584895.0652 8284232.4447, -12584914.3336 8284261.7458, -12584973.0015 8284273.3309, -12585107.6823 8284363.9475, -12585196.9387 8284499.6688, -12585222.0057 8284633.3296, -12585330.3272 8284654.7147, -12585465.0193 8284745.3296, -12585554.2868 8284881.0536, -12585584.2527 8285040.7938, -12585550.2566 8285199.7271, -12585503.0172 8285267.7347, -12585591.7683 8285305.3093, -12585674.1562 8285220.3593, -12585908.9744 8284863.7899, -12586042.9623 8284772.12709999, -12586464.1237 8284680.2245, -12586632.0806 8284611.1021, -12586782.0911 8284517.876, -12586993.2067 8284474.4634, -12587237.6133 8284527.944, -12587450.4958 8284534.5831, -12587354.0478 8284904.2329, -12587474.0898 8284884.4605, -12587612.0398 8284838.6456, -12587742.28 8284774.0422, -12587904.1472 8284656.9058, -12588051.7034 8284496.4665, -12588177.3166 8284275.44160001, -12588246.4123 8284029.3117, -12588339.811 8283889.2951, -12588400.0316 8283686.7501, -12588417.6874 8283469.3475, -12588408.9986 8283393.7244, -12588355.7547 8283381.3915, -12588209.6201 8283275.9788, -12588090.1598 8283122.9824, -12587954.5176 8283002.1155, -12587799.9885 8282906.6782, -12587638.86 8282841.9166, -12587501.6448 8282742.91799999, -12587416.8935 8282604.3739, -12587368.6912 8282262.0569, -12587295.4714 8282308.0289, -12587135.5964 8282335.4283, -12586977.5753 8282298.7962, -12586831.4815 8282193.3719, -12586775.317 8282108.0113, -12586763.6558 8282055.5232, -12586630.7086 8281983.5651, -12586494.7791 8281932.207, -12586013.5105 8281840.8139, -12585867.4398 8281735.3774, -12585811.2899 8281650.0149, -12585772.2018 8281473.9678, -12585835.0635 8281112.7375, -12585837.6113 8280894.708, -12585800.1139 8280698.3416, -12585707.0599 8280477.9139, -12585666.5137 8280295.288, -12585694.651 8280138.6057, -12585663.7877 8280116.3265, -12585432.2161 8279782.4536, -12585328.9383 8279680.1663, -12585158.5872 8279549.4349, -12585066.3309 8279409.1521, -12585000.3851 8279250.2765, -12584914.2575 8279111.2478, -12584794.4538 8278974.746, -12584641.8919 8278852.4042, -12584556.6581 8278722.7805, -12584504.327 8278432.6348, -12584346.9077 8278324.5621, -12584290.8008 8278239.2276, -12584259.7049 8278099.044, -12584086.4252 8277987.2851, -12584030.3239 8277901.9525, -12583991.297 8277725.9853, -12584020.0318 8277566.1797, -12584108.1879 8277429.9205, -12584159.4497 8277394.8696, -12584126.1842 8277277.2361, -12584066.2041 8277144.3416, -12584021.6216 8276943.3301, -12584021.6522 8276786.5336, -12584000.6564 8276642.6361, -12583959.8745 8276503.0685, -12583899.1876 8276368.883, -12583857.799 8276182.2526, -12583886.5304 8276022.4806, -12584138.5329 8275659.1808, -12584238.7643 8275445.6422, -12584290.1109 8275196.8817, -12584281.9697 8274995.3911, -12584136.4726 8274957.7778, -12583947.4066 8274821.235, -12583706.1331 8274393.8566, -12583616.1606 8274279.7864, -12583514.0917 8274181.8011, -12583453.8666 8274090.1817, -12583356.6611 8273696.081, -12583279.1479 8273531.8919, -12583129.9588 8273302.2262, -12583090.9766 8273126.3639, -12583119.7119 8272966.6605, -12583219.2612 8272804.7541, -12583289.1915 8272637.2067, -12583320.3902 8272465.0253, -12583259.7405 8272257.397, -12583120.694 8272023.8261, -12582940.5055 8271845.2557, -12582722.5525 8271715.6543, -12582568.4497 8271661.9126, -12581795.6344 8271476.875, -12581649.8271 8271371.5049, -12581565.3132 8271233.1077, -12581512.3656 8270894.1758, -12581481.2636 8270787.6055, -12581313.1284 8270645.2513, -12581152.6729 8270560.8439, -12580980.0265 8270505.6268, -12580800.4327 8270481.2765, -12580637.3652 8270486.3831, -12580424.9892 8270532.7271, -12580226.8687 8270622.2861, -12580107.02 8270704.1419, -12579974.9403 8270834.84529999, -12580175.3236 8270908.9726, -12580303.4377 8271008.2104, -12580372.8725 8271123.7816, -12580402.527 8271310.4305, -12580368.6336 8271441.8614, -12580292.2074 8271565.4037, -12580140.3889 8271661.8883, -12579927.1787 8271698.02880001, -12579329.7935 8271545.1378, -12579198.4773 8271450.1735, -12579148.0112 8271367.4708, -12579123.2474 8271382.9483, -12579179.6018 8271449.56589999, -12579319.0175 8271565.599, -12579512.1557 8271671.2614, -12579658.9539 8271784.9927, -12579738.8228 8271926.1436, -12579758.0268 8272087.2528, -12579708.6837 8272260.4575, -12579647.6734 8272342.2424, -12579495.8308 8272438.7236, -12579008.5453 8272531.0619, -12578856.9986 8272591.71, -12578702.0591 8272685.9877, -12578578.4725 8272792.7541, -12578473.0768 8272917.5732, -12578396.7724 8273041.2042, -12578335.6914 8273182.0066, -12578231.082 8273332.2981, -12578094.2645 8273419.1957, -12577934.5496 8273446.36519999, -12577776.7648 8273409.5828, -12577630.9775 8273304.106, -12577451.2648 8273058.749, -12577344.6895 8272960.1108, -12577147.8546 8272816.0432, -12577091.8718 8272730.7183, -12577041.5492 8272502.8176, -12577046.4073 8272349.1558, -12577030.5822 8272204.6845, -12576950.7125 8271952.0969, -12576905.0257 8271745.1738, -12576933.8883 8271585.5255, -12577103.7427 8271342.5543, -12577071.0112 8271266.6996, -12577048.3694 8271152.6164, -12577086.8209 8270998.7393, -12576870.6364 8270945.56939999, -12576724.91 8270840.1102, -12576668.947 8270754.8054, -12576630.131 8270578.9708, -12576673.172 8270357.7073, -12576751.8527 8270142.2585, -12576727.4504 8270102.2392, -12576660.8203 8269573.2653, -12576622.6969 8269428.3032, -12576310.7088 8269350.7443, -12576165.0215 8269245.297, -12576109.0769 8269160.0063, -12575999.6521 8268729.58829999, -12575822.7093 8268648.8688, -12575609.3782 8268593.9137, -12575264.1092 8268353.8198, -12575098.2787 8268280.7182, -12574888.0006 8268226.4545, -12574742.3558 8268120.9955, -12574686.4359 8268035.7072, -12574644.2377 8267859.15869999, -12574521.9224 8267770.5865, -12574456.2591 8267662.8268, -12574453.4938 8267770.6648, -12574480.9899 8268007.6744, -12574534.4016 8268156.7575, -12574792.4072 8268568.972, -12574822.0792 8268728.4031, -12574792.6118 8268865.2099, -12574896.5682 8268880.318, -12575203.4565 8268850.1112, -12575359.83 8268892.127, -12575487.8442 8268991.4203, -12575567.6039 8269132.5622, -12575641.3532 8269668.1942, -12575691.0899 8269823.8281, -12575764.521 8269969.75429999, -12575859.8394 8270102.378, -12575974.6988 8270218.4323, -12576373.3412 8270496.139, -12576462.2724 8270631.709, -12576491.9881 8270791.1777, -12576457.8664 8270949.7638, -12576064.6489 8271533.5593, -12575903.9393 8271635.5656, -12575747.7954 8271700.6014, -12575587.1881 8271797.6411, -12575427.4996 8271824.7508, -12575217.9693 8271775.8305, -12574944.4823 8271640.40429999, -12574539.4752 8271540.6487, -12574408.221 8271445.6, -12574273.4595 8271226.8909, -12574171.355 8271099.4051, -12573962.9709 8270925.319, -12573907.0393 8270839.9924, -12573868.2884 8270664.142, -12573898.59 8270496.9238, -12573971.01 8270331.89370001, -12574014.1195 8270155.5653, -12574025.4564 8269956.2533, -12574010.9417 8269843.8525, -12573941.3064 8269855.6596, -12573783.6184 8269818.8108, -12573628.319 8269706.3254, -12573436.3464 8269519.535, -12572952.688 8269208.6565, -12572915.5634 8269175.6856, -12572693.9136 8268849.4418, -12572610.8301 8268780.5554, -12572471.4214 8268695.7373, -12572285.7492 8268623.3184, -12571940.105 8268541.33439999, -12571751.6667 8268404.7743, -12571622.9692 8268261.346, -12571523.769 8268109.9074, -12571484.9297 8267933.3882, -12571497.7673 8267784.0225, -12571487.1878 8267620.998, -12571363.7595 8267127.1108, -12571363.6873 8266975.4438, -12571338.2086 8266810.0603, -12571367.1704 8266650.5404, -12571425.1057 8266551.8961, -12571159.1712 8266396.3873, -12570991.9471 8266275.1752, -12570936.0845 8266189.8804, -12570897.4273 8266014.1252, -12570926.4939 8265854.08079999, -12570995.6412 8265723.1133, -12571049.4849 8265568.9534, -12571073.9919 8265376.8793, -12570711.7593 8265433.6756, -12570549.7289 8265394.5946, -12570404.2016 8265289.0916, -12570348.3531 8265203.8039, -12570309.7147 8265028.0691, -12570338.6911 8264868.5917, -12570443.0811 8264703.9379, -12570145.9252 8264486.3076, -12570061.7042 8264347.9106, -12570049.9204 8264270.1301, -12569920.425 8264356.7277, -12569788.4384 8264480.9186, -12569689.6676 8264610.82919999, -12569605.2265 8264771.3031, -12569558.5296 8264908.7526, -12569531.3817 8265051.3777, -12569525.7074 8265232.7025, -12569551.8398 8265471.329, -12569502.305 8265644.31, -12569409.5472 8265768.2981, -12569182.3392 8265936.1379, -12569069.0213 8266058.7294, -12569149.3347 8266280.7259, -12569174.5212 8266494.60540001, -12569124.9704 8266667.6076, -12569063.8913 8266749.2428, -12568912.0289 8266845.434, -12568752.4244 8266872.3825, -12568594.8267 8266835.4388, -12568535.3546 8266793.6075, -12568418.4475 8266813.3409, -12568260.8528 8266776.3904, -12567855.6063 8266477.5749, -12567761.4166 8266464.635, -12567527.3133 8266488.0003, -12567349.8875 8266548.1195, -12567354.3291 8266587.1008, -12567436.4675 8266712.64679999, -12567493.9566 8266918.3227, -12567674.4371 8266962.5416, -12567890.9819 8267065.7381, -12568140.8661 8267124.8165, -12568275.0294 8267215.5249, -12568363.7733 8267351.1309, -12568402.9982 8267562.9084, -12568395.6634 8267596.81979999, -12568492.6284 8267616.8507, -12568626.8049 8267707.5588, -12568715.5612 8267843.16969999, -12568745.0996 8268002.6077, -12568710.8262 8268161.0969, -12568586.3487 8268342.2005, -12568519.2532 8268469.4902, -12568353.5321 8268702.99669999, -12568171.7537 8268818.1113, -12568012.1042 8268845.0505, -12567854.4685 8268808.08079999, -12567723.3496 8268712.9499, -12567636.1548 8268569.5585, -12567545.2957 8268316.1268, -12567437.694 8268148.1526, -12567286.2475 8267992.0765, -12567036.5588 8267807.9188, -12566849.7507 8267495.2925, -12566791.9783 8267504.3624, -12566634.3772 8267467.3737, -12566485.6212 8267356.7995, -12566375.6205 8267375.3359, -12566218.0246 8267338.339, -12566114.8669 8267263.4607, -12565957.0362 8267290.0483, -12565799.4443 8267253.043, -12565668.3794 8267157.8961, -12565635.2849 8267103.4392, -12565546.7081 8267136.04, -12565230.1055 8267306.9132, -12564939.5193 8267344.71639999, -12564781.9317 8267307.6894, -12564636.4509 8267202.0465, -12564580.6549 8267116.6937, -12564542.1438 8266940.8849, -12564560.5424 8266840.0724, -12564488.2763 8266742.76, -12564449.7693 8266566.9596, -12564478.8777 8266407.4735, -12564567.2545 8266271.6541, -12564701.1634 8266180.6055, -12564859.7922 8266148.4754, -12564985.1334 8266173.5761, -12564984.0568 8266115.0359, -12564764.7412 8266150.7959, -12564607.1796 8266113.7712, -12564461.7245 8266008.1421, -12564405.9393 8265922.8018, -12564367.4383 8265747.0204, -12564396.5452 8265587.5522, -12564484.9135 8265451.7487, -12564618.8085 8265360.7113, -12564777.4201 8265328.5864, -12564936.1026 8265360.3653, -12565070.1944 8265451.1095, -12565226.9169 8265686.0024, -12565354.8594 8265651.2072, -12565388.1255 8265518.9632, -12565485.2431 8265389.2938, -12565624.8385 8265307.3021, -12565871.6827 8265279.946, -12566054.0746 8265199.8296, -12566217.8503 8265086.32, -12566356.9908 8264943.5908, -12566466.3833 8264776.8898, -12566542.0095 8264592.3455, -12566583.9277 8264372.02090001, -12566585.0338 8264172.5459, -12566531.8257 8263830.3595, -12566522.1111 8263577.8315, -12566451.5594 8263334.2665, -12566375.846 8263189.6826, -12566278.4898 8263058.7448, -12566161.8882 8262944.6757, -12566013.2654 8262841.115, -12565865.9506 8262771.2851, -12565709.5469 8262725.3975, -12565547.9042 8262704.5811, -12565366.9972 8262711.4581, -12565207.394 8262744.4862, -12565071.3836 8262794.537, -12564733.918 8262995.7413, -12564574.3819 8263022.5867, -12564416.8875 8262985.5743, -12564271.496 8262879.9865, -12564215.7361 8262794.6809, -12564177.2549 8262618.9725, -12564206.3528 8262459.5722, -12564384.6703 8262202.9658, -12564283.3164 8262179.1446, -12564137.9425 8262073.5659, -12564082.1901 8261988.2686, -12564043.7161 8261812.5786, -12564072.8135 8261653.196, -12564190.141 8261472.9021, -12564354.5766 8261359.4759, -12564474.392 8261248.8549, -12564585.4124 8261105.6526, -12564662.741 8260961.9851, -12564711.5564 8260747.7628, -12564738.9651 8260701.4123, -12564743.5315 8260632.9594, -12564684.1233 8260619.0002, -12564538.7735 8260513.4515, -12564478.0984 8260402.3332, -12564294.9609 8260444.064, -12563943.3109 8260361.7107, -12563781.7251 8260340.863, -12563618.8731 8260345.5902, -12563373.1843 8260385.0722, -12563215.752 8260348.048, -12563070.4292 8260242.475, -12562917.9347 8260016.1685, -12562828.6494 8259920.7678, -12562730.8365 8259937.2019, -12562573.417 8259900.1664, -12562428.1118 8259794.5869, -12562372.3961 8259709.3033, -12562346.0391 8259588.8139, -12562187.6675 8259466.8917, -12562131.9569 8259381.61, -12562082.18 8259154.0225, -12562094.9021 8258990.2288, -12562140.4965 8258740.845, -12562304.5282 8258487.6548, -12562229.4905 8258350.0647, -12562037.9956 8258150.1115, -12561980.6249 8258062.2852, -12561942.2202 8257886.6779, -12561980.9095 8257675.0863, -12562088.6687 8257404.0336, -12562162.8837 8257008.4528, -12562234.9333 8256868.833, -12562178.5773 8256615.7038, -12562214.0844 8256421.4789, -12562302.3816 8256285.8674, -12562402.2356 8256210.35939999, -12562461.1549 8256131.7554, -12562530.6304 8256090.9858, -12562584.8115 8256032.4729, -12562847.8525 8255591.5416, -12562981.5874 8255500.6529, -12563152.0958 8255453.8505, -12563315.7999 8255376.8338, -12563449.7218 8255284.0857, -12563555.3112 8255184.9002, -12563646.0903 8255071.9595, -12563720.2925 8254947.4628, -12563789.8599 8254765.1236, -12563607.2864 8254727.2023, -12563433.5164 8254600.9785, -12563349.5313 8254462.6913, -12563325.4287 8254302.6362, -12563373.6265 8254111.2388, -12563517.9543 8253886.4075, -12563568.7138 8253779.0348, -12563492.0651 8253652.833, -12563460.0478 8253440.2495, -12563502.0508 8253200.7029, -12563497.665 8252983.5255, -12563464.9972 8252824.9266, -12563418.386 8252749.5583, -12563267.1412 8252713.992, -12563121.9657 8252608.5296, -12563098.7855 8252573.0562, -12563028.1784 8252841.3806, -12562935.5097 8252973.9422, -12562587.0468 8253177.0426, -12562470.1989 8253262.5597, -12562354.4058 8253377.149, -12562201.968 8253576.4037, -12562030.9546 8253692.7539, -12561909.3202 8253801.1143, -12561816.5776 8253912.4099, -12561740.1972 8254035.5532, -12561629.3218 8254328.0639, -12561590.5753 8254383.4684, -12561610.7843 8254648.7788, -12561561.1404 8254821.4542, -12561444.8046 8254967.9065, -12561362.9873 8254995.1121, -12561341.4274 8255025.9389, -12561204.7555 8255112.3127, -12561045.3779 8255139.0553, -12560782.9613 8255094.6885, -12560530.7379 8255112.9628, -12560290.4158 8255191.8116, -12560028.0518 8255348.1287, -12559868.6653 8255374.8467, -12559711.357 8255337.7743, -12559580.5796 8255242.675, -12559496.6597 8255104.3328, -12559470.4483 8254929.657, -12559332.2576 8254829.48269999, -12559155.7741 8254639.5397, -12558837.0488 8254404.7596, -12558781.4145 8254319.5115, -12558743.1038 8254143.9767, -12558772.2827 8253984.7799, -12558860.6128 8253849.2543, -12558994.3643 8253758.4587, -12559250.4062 8253706.3094, -12559488.9126 8253878.8313, -12559589.1073 8253988.5624, -12559617.1867 8253847.3016, -12559717.3751 8253678.2882, -12559759.9694 8253566.3745, -12559745.0971 8253348.31189999, -12559701.2453 8253191.2914, -12559634.9025 8253041.6347, -12559605.1872 8252822.681, -12559277.2505 8252744.453, -12559132.1316 8252638.9125, -12559076.5069 8252553.6872, -12559038.198 8252378.1957, -12559067.3632 8252219.0356, -12559218.6036 8251956.5533, -12559269.9 8251801.845, -12559324.5417 8251514.1713, -12559412.8319 8251378.6835, -12559516.603 8251308.228, -12559566.1915 8251234.7613, -12559676.616 8250978.8848, -12559767.371 8250537.97, -12559864.3869 8250408.6338, -12559986.3717 8250337.1062, -12560023.4183 8250167.0703, -12560120.4245 8250037.7372, -12560261.7211 8249954.879, -12560370.1182 8249921.9644, -12560414.9297 8249862.2143, -12560401.3301 8249675.9619, -12560440.888 8249519.1304, -12560537.8788 8249389.8027, -12560677.2251 8249308.0773, -12560837.2742 8249286.6514, -12560993.1526 8249328.8544, -12561120.6381 8249428.1292, -12561190.5631 8249552.4223, -12561246.3669 8249517.9754, -12561480.5446 8249302.3327, -12561801.3175 8249196.8947, -12561874.1334 8248993.7201, -12561898.8235 8248814.4008, -12561892.0543 8248633.515, -12561819.616 8248218.8499, -12561859.1359 8248062.041, -12561987.9135 8247890.2584, -12562149.1343 8247799.4031, -12562474.1617 8247579.30479999, -12562711.9289 8247541.9369, -12562679.7388 8247488.9236, -12562655.6716 8247329.0166, -12562695.169 8247172.22160001, -12562792.0894 8247042.9045, -12562950.8267 8246953.5741, -12562838.4879 8246767.1168, -12562650.1169 8246575.7277, -12562593.4789 8246489.0412, -12562555.1162 8246313.7099, -12562584.181 8246154.664, -12562672.3474 8246019.2334, -12562805.9111 8245928.4622, -12562846.3496 8245920.2811, -12562898.3241 8245840.4383, -12563238.5473 8245607.4782, -12563372.4392 8245486.038, -12563511.4566 8245296.7394, -12563604.3969 8245080.97, -12563648.2905 8244813.61, -12563622.3246 8244323.7754, -12563560.5509 8244078.5056, -12563481.0236 8243926.5038, -12563398.7566 8243930.0619, -12563165.67 8243776.3979, -12563081.8099 8243638.3099, -12563065.8005 8243531.9844, -12562963.0275 8243483.2216, -12562447.6106 8243310.0012, -12562268.3355 8243288.4303, -12562033.2267 8243299.0982, -12561824.5909 8243249.997, -12561665.329 8243134.2571, -12561466.817 8242845.06449999, -12561252.0583 8242639.5146, -12561167.6419 8242510.2601, -12561129.3324 8242335.0156, -12561158.4111 8242176.0603, -12561246.5552 8242040.7187, -12561380.064 8241950.021, -12561538.1887 8241918.0606, -12561696.3575 8241949.80300001, -12561885.9653 8242074.8478, -12562049.7819 8242150.8557, -12562206.5054 8242193.9552, -12562349.9698 8242211.2186, -12562601.7513 8242192.9091, -12562758.2454 8242148.9804, -12562903.9717 8242082.1493, -12563417.7643 8242001.6224, -12563554.2973 8241945.9183, -12563569.5565 8241862.352, -12563657.6532 8241726.9868, -12563791.1273 8241636.2493, -12563968.1879 8241608.0359, -12564061.6062 8241457.3147, -12564125.8137 8241288.3055, -12564159.7471 8241110.6986, -12564161.6426 8240980.4085, -12563980.5144 8240937.8368, -12563767.0352 8240777.9375, -12563668.4805 8240678.934, -12563436.795 8240557.7017, -12563275.0002 8240440.1757, -12563190.5733 8240310.9828, -12563171.5391 8240232.1179, -12563188.4552 8240089.8533, -12563185.5368 8239945.1752, -12563172.3295 8239874.5104, -12563121.2308 8239820.6385, -12562954.4994 8239936.8458, -12562752.9461 8239968.3988, -12562672.3007 8240083.7578, -12562535.9209 8240169.9864, -12562376.8683 8240196.7078, -12562219.8675 8240159.7675, -12562103.4883 8240075.598, -12561836.5589 8240034.8877, -12561609.8353 8240048.5454, -12561452.8412 8240011.5896, -12561322.3087 8239916.7195, -12561238.5259 8239778.6828, -12561225.2135 8239690.1224, -12561159.889 8239642.6423, -12561104.3363 8239557.5813, -12561066.0427 8239382.40609999, -12561095.1105 8239223.5139, -12561183.2201 8239088.2262, -12561322.3225 8238993.7294, -12561486.0633 8238933.067, -12561747.7086 8238779.5882, -12561838.8839 8238637.3106, -12561904.7456 8238579.7804, -12561992.2579 8238381.5003, -12562077.8119 8238050.7313, -12562174.6222 8237921.5792, -12562313.7345 8237839.9461, -12562688.4511 8237788.6686, -12562862.6059 8237741.4168, -12563025.9209 8237664.585, -12563376.7872 8237437.01569999, -12563536.573 8237415.5626, -12563692.2196 8237457.6392, -12563819.5398 8237556.7073, -12563950.6498 8237787.1418, -12564047.639 8237917.6627, -12564186.5958 8238038.8317, -12564313.5138 8237971.4163, -12564472.6731 8237852.71589999, -12564647.559 8237646.3654, -12564757.4824 8237418.886, -12564858.9303 8236925.7223, -12564934.2001 8236756.152, -12564977.3194 8236580.6692, -12564988.8366 8236382.2692, -12564960.5918 8236151.4938, -12564999.9789 8235994.9199, -12565098.5883 8235853.6294, -12565170.604 8235707.83299999, -12565232.5299 8235481.4821, -12565244.6756 8235337.3761, -12565236.6827 8235192.9821, -12565163.9767 8234920.947, -12565135.441 8234731.8028, -12565174.8163 8234575.258, -12565271.5273 8234446.1244, -12565410.5409 8234364.4702, -12565763.0943 8234316.01430001, -12565920.1461 8234274.8026, -12566084.6682 8234200.803, -12566254.0049 8234090.7632, -12566748.3572 8233980.8607, -12566928.5509 8233897.8869, -12567164.0999 8233740.6504, -12567313.3529 8233710.3598, -12567261.345 8233526.504, -12567237.221 8233366.9105, -12567276.5447 8233210.3826, -12567373.2015 8233081.2446, -12567512.1666 8232999.5653, -12567671.8457 8232978.03459999, -12567827.625 8233008.9113, -12567989.8165 8233015.452, -12568208.1404 8232988.2721, -12568308.4227 8232920.0067, -12568466.3268 8232887.9347, -12568676.2172 8232929.8492, -12568887.3398 8233033.3322, -12568938.4901 8233081.9265, -12569071.8396 8233285.632, -12569164.4195 8233222.5945, -12569322.3265 8233190.503, -12569480.3456 8233222.0405, -12569613.9189 8233312.3064, -12569702.29 8233447.2767, -12569715.7451 8233519.8294, -12569820.9763 8233590.9379, -12569838.2235 8233617.2784, -12570082.7537 8233459.889, -12570214.6358 8233430.2682, -12570113.3602 8233262.53999999, -12570005.3509 8233141.1475, -12569876.7971 8233035.8192, -12569821.1926 8232950.8987, -12569782.7256 8232775.9218, -12569811.5801 8232617.1339, -12569902.6409 8232476.9513, -12570037.4243 8232350.6724, -12570154.773 8232190.5715, -12570245.4292 8231993.9154, -12570317.7931 8231719.5744, -12570414.3778 8231590.4217, -12570610.4262 8231475.0806, -12570820.7686 8231377.8024, -12571031.418 8231208.6331, -12571163.8727 8231037.45229999, -12571264.2862 8230824.0653, -12571499.9293 8230455.8849, -12571583.6231 8230256.2099, -12571622.3836 8230061.4745, -12571626.8554 8229917.0292, -12571608.3672 8229758.2963, -12571623.4369 8229558.6542, -12571603.9865 8229379.6377, -12571632.9017 8229220.2897, -12571720.7005 8229085.0547, -12571853.8493 8228994.322, -12572011.6554 8228962.1903, -12572169.6059 8228993.6535, -12572345.5851 8229088.6537, -12572534.8416 8229147.5956, -12572731.8493 8229169.274, -12572911.5811 8229155.9479, -12573086.2706 8229111.555, -12573266.2767 8229028.4793, -12573399.5989 8228935.8724, -12573511.5335 8228829.3342, -12573693.8727 8228705.0159, -12573851.6651 8228672.846, -12574009.608 8228704.26699999, -12574354.0404 8228933.3401, -12574446.8259 8228971.8338, -12574474.8509 8228787.4968, -12574562.5932 8228652.2355, -12574686.9802 8228567.4036, -12574542.1993 8228505.4274, -12574246.19 8228432.8448, -12574103.6406 8228410.8488, -12573941.418 8228410.118, -12573677.1841 8228465.1307, -12573528.6843 8228530.5534, -12573317.5513 8228661.3384, -12573158.7817 8228688.2529, -12573001.9672 8228651.6, -12572857.1176 8228546.6714, -12572801.5116 8228461.824, -12572762.9964 8228286.9673, -12572791.7689 8228128.2624, -12572879.5337 8227993.0332, -12573012.6489 8227902.2926, -12573170.4272 8227870.1405, -12573422.6805 8227902.7543, -12573655.5529 8227879.3107, -12573893.4401 8227796.1348, -12574122.4527 8227652.16700001, -12574280.2209 8227619.9923, -12574438.144 8227651.39949999, -12574571.6791 8227741.5082, -12574660.0757 8227876.3189, -12574689.594 8228034.8913, -12574668.7951 8228184.4029, -12574670.9108 8228346.8965, -12574715.2377 8228557.4707, -12574853.4853 8228529.2658, -12575063.2905 8228570.974, -12575228.7964 8228680.159, -12575358.7121 8228742.9277, -12575855.0861 8228894.30919999, -12576079.7326 8228794.8196, -12576197.5103 8228711.4091, -12576314.6808 8228599.0074, -12576412.8527 8228469.6286, -12576482.2017 8228342.9411, -12576533.2734 8228207.8199, -12576565.0746 8228066.8959, -12576577.0621 8227904.8384, -12576563.5958 8227742.901, -12576525.0087 8227585.0711, -12576462.2522 8227435.234, -12576376.8732 8227297.078, -12576283.6772 8227186.83609999, -12575943.8422 8226910.5814, -12575878.5387 8226811.0272, -12575839.9591 8226636.2245, -12575868.6593 8226477.542, -12575956.3487 8226342.3054, -12576089.3972 8226251.5289, -12576250.2613 8226218.6779, -12576460.8682 8226228.2673, -12576674.114 8226193.4302, -12576891.4269 8226106.5175, -12577078.7666 8225979.4798, -12577205.5549 8225851.2801, -12577308.1903 8225702.9736, -12577383.5554 8225539.069, -12577445.724 8225311.1274, -12577542.1015 8225181.9907, -12577680.8087 8225100.2044, -12577840.3196 8225072.453, -12577759.41 8224939.8218, -12577734.8572 8224778.9422, -12577755.9671 8224627.8754, -12577755.2842 8224483.4661, -12577711.3725 8224235.6555, -12577740.0231 8224077.016, -12577827.6497 8223941.8003, -12577960.6328 8223851.0187, -12578118.3041 8223818.7776, -12578276.1639 8223850.08649999, -12578409.6789 8223940.0802, -12578596.8457 8224211.3631, -12578781.865 8224382.5233, -12578840.0634 8224418.5595, -12578913.0818 8224403.62, -12579185.8697 8224456.7073, -12579347.57 8224468.6506, -12579626.6007 8224431.8845, -12579913.1452 8224486.7143, -12580093.0556 8224495.2489, -12580394.1181 8224447.3716, -12580591.9362 8224464.1685, -12580753.883 8224456.2511, -12580912.5984 8224423.0492, -12581069.7145 8224363.9924, -12581298.795 8224332.6727, -12581454.2723 8224374.3008, -12581581.6099 8224472.8908, -12581661.0176 8224613.123, -12581721.5735 8225064.226, -12581895.3643 8225582.6956, -12582111.2042 8225969.6249, -12582171.8909 8226159.0968, -12582267.3523 8226333.0058, -12582420.2748 8226510.4391, -12582624.8767 8226657.6764, -12582806.998 8226735.8354, -12582982.7653 8226775.48089999, -12583180.7532 8226783.0575, -12583359.028 8226756.9601, -12583562.9451 8226685.3621, -12583761.7912 8226561.7734, -12583916.385 8226410.549, -12584070.1171 8226186.0388, -12584203.065 8226095.1177, -12584360.7586 8226062.7343, -12584411.3247 8226072.7195, -12584435.7386 8226036.3607, -12584358.5002 8225910, -12584334.032 8225750.6217, -12584372.9549 8225594.1589, -12584469.2167 8225464.9259, -12584582.8845 8225397.7609, -12584533.4543 8225386.2883, -12584438.8803 8225446.4792, -12584280.2172 8225473.6214, -12584123.4133 8225437.2198, -12583978.4667 8225332.5529, -12583922.7567 8225247.8244, -12583883.9953 8225073.0984, -12583912.5178 8224914.4162, -12584000.0432 8224779.1111, -12584132.9668 8224688.2081, -12584290.6306 8224655.8319, -12584401.381 8224677.702, -12584481.3805 8224622.9863, -12584639.0417 8224590.603, -12584850.2304 8224613.0785, -12584931.0897 8224557.7677, -12585088.7474 8224525.375, -12585246.6529 8224556.53859999, -12585380.2656 8224646.416, -12585468.8232 8224781.0434, -12585498.5588 8224939.4982, -12585459.5214 8225104.8268, -12585511.1442 8225183.3038, -12585540.8823 8225341.7669, -12585507.1705 8225499.4344, -12585415.2446 8225631.7987, -12585312.6366 8225697.1197, -12585339.0118 8225743.6438, -12585351.1564 8225839.0146, -12585450.4829 8225861.5121, -12585577.9527 8225960.0949, -12585698.5498 8226129.0223, -12585859.5414 8226277.5519, -12585939.049 8226417.7732, -12585958.2797 8226577.8857, -12585816.8187 8227154.3469, -12585870.121 8227122.83869999, -12586123.527 8227063.1479, -12586362.1354 8226936.9259, -12586536.4852 8226780.55349999, -12586732.2099 8226524.0807, -12586870.8431 8226442.1066, -12587030.3295 8226420.1759, -12587185.8836 8226461.6961, -12587313.3337 8226560.2162, -12587341.6558 8226610.1431, -12587580.8605 8226462.5081, -12587723.2221 8226433.2058, -12587929.4156 8226144.8693, -12588062.3164 8226053.879, -12588268.4915 8226011.4268, -12588399.1417 8226046.2766, -12588517.7463 8226120.4539, -12588565.8121 8226193.025, -12588736.347 8226032.0267, -12588856.2337 8225968.6162, -12588859.6898 8225900.9459, -12588896.1394 8225798.6445, -12588950.0163 8225708.8584, -12588992.3407 8225680.6177, -12588814.6568 8225408.6535, -12588790.0486 8225277.8437, -12588821.5962 8225101.66489999, -12588909.0351 8224966.2975, -12588964.5646 8224928.2688, -12588933.4659 8224788.5335, -12588961.8797 8224629.8368, -12589102.4306 8224429.4786, -12589145.6984 8224405.7729, -12589471.6632 8224336.2997, -12589522.4836 8224114.875, -12589523.0458 8223880.5343, -12589497.1184 8223738.4904, -12589405.0798 8223416.7011, -12589297.2232 8223188.7544, -12589124.374 8222981.3694, -12588815.4861 8222749.4112, -12588730.7184 8222610.9171, -12588695.4903 8222473.6947, -12588640.6611 8222340.1484, -12588579.5608 8222019.6305, -12588475.7366 8221789.8646, -12588392.3542 8221672.1269, -12588293.429 8221567.1606, -12587938.3147 8221301.8085, -12587854.2419 8221164.4141, -12587829.7132 8221005.148, -12587868.537 8220848.7654, -12587964.6763 8220719.5679, -12588100.1582 8220639.4253, -12587912.7426 8220504.2449, -12587828.6792 8220366.8649, -12587804.1535 8220207.6159, -12587842.9735 8220051.2504, -12587939.1032 8219922.0668, -12588077.5991 8219840.1414, -12588236.9405 8219818.2026, -12588392.364 8219859.6594, -12588723.7111 8220107.3054, -12588798.4507 8220006.8422, -12588936.9393 8219924.8997, -12589247.5484 8219880.1165, -12589436.988 8219822.5988, -12589611.9876 8219729.9236, -12589959.2418 8219476.1779, -12590116.7706 8219443.6991, -12590274.5907 8219474.7337, -12590408.1749 8219564.4592, -12590558.5577 8219790.2494, -12590664.5908 8219912.9992, -12590803.2311 8220028.0098, -12590976.1544 8220124.5341, -12591164.2892 8220186.2276, -12591342.7089 8220210.1524, -12591540.4188 8220200.1973, -12591732.5982 8220152.6288, -12591880.7733 8220086.9118, -12592002.4425 8220009.6175, -12592124.9568 8219903.3711, -12592218.7448 8219793.8187, -12592296.3978 8219672.2575, -12592355.6833 8219542.9252, -12592592.5657 8219223.0683, -12592681.5046 8219066.3153, -12592746.3111 8218878.9678, -12592822.6733 8218461.9726, -12592909.9608 8218326.67629999, -12593116.6055 8218184.9882, -12593271.5426 8218113.7117, -12593483.1337 8218084.4264, -12593638.5514 8218125.7636, -12593765.9462 8218224.06229999, -12593855.3886 8218381.4103, -12593949.298 8218624.64239999, -12594085.3406 8218819.2824, -12594188.4107 8219000.5866, -12594207.9302 8219161.5806, -12594179.3921 8219333.4498, -12594180.6443 8219513.75689999, -12594208.4996 8219673.6635, -12594268.2861 8219843.7459, -12594346.5976 8219985.8607, -12594458.4101 8220127.1811, -12594593.0249 8220246.904, -12594843.0069 8220416.0733, -12594937.1706 8220558.8252, -12594979.4987 8220762.0973, -12594996.4265 8220959.2345, -12595044.2503 8221133.1057, -12595112.502 8221280.3654, -12595342.1987 8221641.7627, -12595372.7156 8221716.2733, -12595522.5374 8221640.661, -12595667.4375 8221533.606, -12595780.2085 8221416.9874, -12595891.8541 8221262.2254, -12595995.1264 8221186.2113, -12596124.352 8221147.9443, -12596328.71 8221169.8724, -12596443.1726 8221236.0892, -12596570.3006 8221415.532, -12596606.7773 8221608.3157, -12596503.0129 8221926.2635, -12596282.2057 8222206.2267, -12596184.7171 8222374.0672, -12596311.3343 8222458.9676, -12596400.0652 8222593.4265, -12596430.0259 8222751.7931, -12596396.5567 8222909.4577, -12596274.7455 8223085.4047, -12596174.792 8223143.1167, -12596020.1223 8223166.1818, -12595956.2937 8223272.7829, -12595920.6982 8223297.2097, -12595774.1471 8223347.0275, -12595688.7979 8223341.2288, -12595493.1805 8223457.0438, -12595319.0738 8223476.7172, -12595142.7269 8223425.83519999, -12595185.2394 8223764.9659, -12595161.94 8223895.7299, -12595087.1974 8224028.1411, -12594948.6753 8224167.7288, -12594837.6412 8224332.0381, -12594643.7212 8224828.6871, -12594604.2228 8224986.2331, -12594590.1579 8225129.9682, -12594624.0959 8225523.4132, -12594565.7889 8225729.7033, -12594465.6703 8225877.618, -12594396.8759 8226024.7381, -12594336.4092 8226218.8648, -12594311.1891 8226371.076, -12594383.736 8226352.1824, -12594568.1897 8226369.5803, -12594660.3988 8226421.4419, -12594772.917 8226542.6189, -12594843.9578 8226707.82, -12594851.2635 8226772.6535, -12594785.2531 8227178.8982, -12594840.5364 8227216.7376, -12594883.1634 8227213.162, -12594915.5162 8227162.9862, -12595048.3511 8227071.8574, -12595206.0202 8227039.2387, -12595356.3221 8227068.6891, -12595423.4225 8227063.0754, -12595482.6573 8226983.3051, -12595621.204 8226901.1616, -12595780.6762 8226879.041, -12595936.2905 8226920.3806, -12596044.1576 8227003.5603, -12596137.3261 8227018.766, -12596256.9723 8227098.9942, -12596345.7568 8227233.5379, -12596366.239 8227399.426, -12596501.834 8227468.0321, -12596554.276 8227520.8659, -12596695.4078 8227476.7739, -12596805.9868 8227483.5043, -12596910.9647 8227518.9651, -12597003.0346 8227580.68860001, -12597064.3421 8227651.2109, -12597134.1345 8227808.2481, -12597143.3171 8227883.7418, -12597113.2074 8228052.9787, -12597083.2689 8228111.4397, -12597372.3346 8228222.2403, -12597521.3412 8228314.2032, -12597639.3277 8228492.9329, -12597669.3373 8228651.4206, -12597647.4853 8228821.6506, -12597655.1099 8229002.03059999, -12597688.634 8229161.0534, -12597746.5804 8229312.8678, -12597893.2994 8229539.8355, -12598007.885 8229654.9164, -12598234.6358 8229831.4586, -12598314.4156 8229971.6166, -12598337.3025 8230159.53329999, -12598274.9249 8230369.1561, -12598251.1754 8230548.1612, -12598274.9603 8230820.1711, -12598455.4241 8230858.0382, -12598583.1002 8230956.42459999, -12598662.8986 8231096.5999, -12598723.0608 8231464.7394, -12598829.9145 8231525.2109, -12599058.7476 8231713.3568, -12599097.6771 8231955.3623, -12599087.7188 8231990.6747, -12599299.777 8232115.2951, -12599551.7602 8232189.6545, -12599685.6848 8232279.3686, -12599774.5927 8232413.9658, -12599858.4325 8232759.799, -12600017.9993 8233048.4572, -12600082.8638 8233463.5407, -12600133.2773 8233599.0235, -12600245.7654 8233816.479, -12600305.3754 8234039.3655, -12600537.3047 8233994.0228, -12600692.1647 8234004.3404, -12600836.074 8233993.1254, -12601077.1488 8233926.6318, -12601292.9414 8233896.5382, -12601499.8888 8233951.3509, -12601622.7158 8234066.5384, -12601714.9638 8234050.5369, -12601774.8541 8234060.17149999, -12601696.8901 8233509.4941, -12601628.5832 8233285.0525, -12601562.0405 8233156.7528, -12601478.3234 8233038.98, -12601243.9144 8232809.78, -12601167.2491 8232641.735, -12601157.0389 8232558.1651, -12601172.1433 8232443.4415, -12601288.111 8232263.2545, -12601420.9605 8232171.949, -12601677.0904 8232118.7311, -12602185.7423 8232052.058, -12602422.8003 8232081.0064, -12602634.2828 8232065.743, -12602653.5211 8231957.14689999, -12602740.7913 8231821.4902, -12602873.6152 8231730.1639, -12603096.0862 8231683.8943, -12603195.4208 8231713.7317, -12603298.8768 8231772.2909, -12603386.7406 8231896.073, -12603602.9011 8231812.791, -12603783.2738 8231693.3255, -12603923.5373 8231552.9502, -12604034.4811 8231388.3446, -12604112.0293 8231205.5602, -12604185.9726 8230913.8674, -12604281.9618 8230784.2825, -12604425.5651 8230698.9116, -12604660.1007 8230619.8458, -12604815.4558 8230528.2489, -12604977.4246 8230384.7968, -12605115.1039 8230195.0907, -12605206.6493 8229979.2256, -12605246.1073 8229766.30479999, -12605244.5871 8229585.7492, -12605192.8243 8229242.8464, -12605231.328 8229086.1977, -12605327.2756 8228956.6303, -12605465.7519 8228874.2803, -12605625.2389 8228851.942, -12605780.9514 8228893.0868, -12605922.7557 8229002.1363, -12606005.7891 8229137.0966, -12606021.8644 8229208.5556, -12605918.7162 8229616.2282, -12605895.1531 8229795.24140001, -12605911.4369 8230029.2059, -12605979.8444 8230253.5109, -12606107.7328 8230471.0977, -12606270.3519 8230639.8479, -12606482.9259 8230775.55359999, -12606712.8292 8230853.7591, -12606705.566 8230807.3781, -12606756.681 8230599.23969999, -12606829.5437 8230509.4846, -12606954.764 8230432.6212, -12606928.5379 8230268.4198, -12606930.8267 8230175.3074, -12606886.2488 8229981.8176, -12606805.4437 8229800.064, -12606780.3616 8229618.1909, -12606730.3553 8229499.7691, -12606602.8732 8229303.0741, -12606407.7677 8229120.2818, -12606351.7618 8229035.6601, -12606312.4532 8228860.9582, -12606340.5128 8228702.1051, -12606427.6774 8228566.4632, -12606560.3979 8228475.1099, -12606718.0487 8228442.2398, -12606876.1318 8228472.9601, -12607223.9391 8228708.6179, -12607405.2362 8228796.8087, -12607428.0835 8228667.3533, -12607515.2279 8228531.699, -12607647.9349 8228440.3263, -12607805.5803 8228407.4332, -12607891.8869 8228424.1924, -12608071.6781 8228398.9499, -12608131.5582 8228425.8766, -12608158.3062 8228291.8785, -12608238.3412 8228120.0316, -12608286.4787 8227946.0689, -12608303.7263 8227748.3051, -12608285.3632 8227559.264, -12608323.7927 8227402.634, -12608419.6646 8227273.0554, -12608558.0759 8227190.6656, -12608719.6699 8227167.963, -12608929.845 8227209.108, -12609107.4479 8227320.4496, -12609273.937 8227389.4862, -12609676.7666 8227474.4523, -12609854.7178 8227593.3053, -12609889.8291 8227646.3017, -12609979.7748 8228093.3513, -12610147.3104 8228052.50509999, -12610257.0539 8228059.9928, -12610249.3124 8227795.3114, -12610283.4241 8227601.5959, -12610370.5038 8227465.9271, -12610558.3055 8227331.7293, -12610698.3593 8227191.3059, -12610800.3489 8227042.5038, -12610868.8296 8226895.2087, -12610925.3374 8226667.71019999, -12610929.31 8226433.3157, -12610868.2712 8226091.2693, -12610758.418 8225844.4065, -12610651.1956 8225699.3837, -12610506.2496 8225564.0977, -12610335.1524 8225450.5499, -12610154.1281 8225373.521, -12610015.854 8225274.4089, -12609928.6675 8225132.8708, -12609844.2826 8224893.9861, -12609739.258 8224725.7364, -12609590.5063 8224568.8053, -12609338.4078 8224385.30129999, -12609093.9082 8224271.16219999, -12608667.2751 8224170.1501, -12608243.5374 8223882.3233, -12608075.959 8223816.2166, -12607899.4694 8223780.2615, -12607629.7871 8223784.9919, -12607339.1164 8223861.9116, -12607161.0981 8223948.887, -12606818.5654 8224176.231, -12606660.0072 8224203.8487, -12606503.1164 8224167.9261, -12606357.8756 8224063.7122, -12606301.9186 8223979.1643, -12606242.2571 8223724.2944, -12606168.0929 8223540.3253, -12606060.2552 8223373.9151, -12605934.015 8223241.0267, -12605866.6298 8223139.1988, -12605850.3411 8223088.6781, -12605631.3391 8222938.7292, -12605422.8255 8222848.7002, -12605234.6792 8222713.6587, -12605178.7451 8222629.1179, -12605139.4965 8222454.5602, -12605167.5557 8222295.8479, -12605254.6654 8222160.3357, -12605329.0395 8222109.1597, -12605229.9883 8221971.5758, -12605097.5977 8221840.9167, -12604985.4894 8221658.6515, -12604960.5918 8221499.4284, -12604999.0588 8221342.9429, -12605094.9093 8221213.5119, -12605233.2432 8221131.2503, -12605392.5649 8221108.9386, -12605632.4426 8221172.3269, -12605923.8459 8221664.0743, -12606116.5542 8221856.7092, -12606278.8105 8222089.7434, -12606440.5314 8222233.1132, -12606595.6704 8222324.682, -12606746.9977 8222382.8896, -12606905.5533 8222416.6629, -12607067.4316 8222425.1696, -12607228.6446 8222408.1997, -12607641.3156 8222322.2777, -12607862.4493 8222245.9873, -12608074.7876 8222110.4486, -12608191.3757 8221997.6378, -12608316.3397 8221835.2156, -12608454.6506 8221752.8866, -12608613.9763 8221730.5039, -12608988.1084 8221828.3575, -12609184.6458 8221852.4849, -12609382.1677 8221838.5965, -12609573.4129 8221787.2027, -12609796.6954 8221670.674, -12609985.1963 8221503.492, -12610101.5173 8221342.9837, -12610204.1017 8221103.6663, -12610301.1164 8220972.471, -12610439.3891 8220890.1143, -12610598.691 8220867.6913, -12610754.2648 8220908.6861, -12610881.9358 8221006.72959999, -12610961.8618 8221146.5869, -12610998.4277 8221388.8736, -12611070.6097 8221592.7474, -12611205.9919 8221805.3903, -12611376.217 8221969.5113, -12611456.1624 8222109.3815, -12611475.9325 8222269.3395, -12611413.4645 8222492.2842, -12611294.7062 8222738.4157, -12611239.4478 8223007.3822, -12611110.1296 8223370.693, -12611086.1193 8223621.8152, -12611123.4686 8223871.3051, -12611228.9891 8224119.9797, -12611534.8002 8224559.5505, -12611741.5453 8224733.134, -12611995.4025 8224850.0355, -12612141.5686 8224947.5934, -12612230.6167 8225081.9102, -12612260.9246 8225240.2689, -12612193.649 8225592.0706, -12612200.4064 8225844.3264, -12612274.9444 8226104.0888, -12612428.8266 8226364.919, -12612459.1438 8226523.3042, -12612425.9962 8226681.1236, -12612334.5324 8226813.8463, -12612198.9661 8226900.841, -12611840.8793 8226965.5852, -12611637.2206 8227037.9663, -12611438.8193 8227162.3146, -12611273.4185 8227328.1844, -12611149.4967 8227527.0782, -12611071.2045 8227759.0325, -12611032.4063 8228043.0895, -12611064.933 8228309.4315, -12611174.3881 8228457.4327, -12611206.8856 8228627.3655, -12611388.3343 8228833.5166, -12611489.4432 8228986.06009999, -12611517.1014 8229157.1088, -12611753.0415 8229123.8645, -12611908.7943 8229164.8821, -12612036.6215 8229263.0155, -12612125.4683 8229418.4296, -12612144.0003 8229536.2069, -12612125.5521 8229602.0687, -12612304.903 8229609.7392, -12612486.8524 8229588.8534, -12612460.4957 8229468.7503, -12612524.0327 8229209.1597, -12612561.8203 8229158.0271, -12612745.6641 8229048.4542, -12612905.1345 8229025.9586, -12613060.8919 8229066.9515, -12613230.7097 8229197.2785, -12613283.5726 8229300.1132, -12613302.1216 8229382.1934, -12613322.3321 8229654.3252, -12613108.3081 8229793.1031, -12613146.9162 8229971.0479, -12613146.3578 8230047.9445, -12613279.1014 8230193.5319, -12613534.231 8230385.3294, -12613587.4316 8230450.4792, -12613649.3648 8230724.0194, -12613642.2072 8230774.5029, -12613697.1087 8230835.8795, -12613670.3944 8231055.94829999, -12613525.0982 8231416.7168, -12613471.1695 8231761.0722, -12613438.4302 8231864.7196, -12613270.702 8232074.5013, -12613375.8212 8231963.6139, -12613562.4747 8231852.3396, -12613748.4939 8231825.596, -12613910.6719 8231928.2067, -12614093.5611 8232138.9045, -12614229.0213 8232258.69269999, -12614281.2023 8232222.6957, -12614395.211 8232204.08519999, -12614547.7716 8232226.9382, -12614685.2828 8232317.6937, -12614793.824 8232459.9178, -12614943.3419 8232456.2594, -12615085.6547 8232432.2528, -12615223.2459 8232388.6364, -12615353.4367 8232326.2598, -12615473.6919 8232246.3379, -12615581.6709 8232150.4273, -12615675.2714 8232040.3963, -12615758.5437 8231907.2946, -12615627.4372 8231874.16449999, -12615542.095 8231829.8193, -12615368.5883 8231915.0526, -12615287.6502 8231937.71149999, -12615203.8419 8231943.9424, -12615090.1776 8231923.3573, -12614857.8545 8231756.5699, -12614800.7694 8231613.0222, -12614794.2388 8231560.373, -12614706.3735 8231429.5983, -12614689.4829 8231354.921, -12614553.586 8231431.6243, -12614437.1003 8231464.2207, -12614163.9727 8231401.9809, -12614115.0626 8231373.84179999, -12614046.1694 8231302.0785, -12613969.229 8231134.1976, -12613958.8766 8231050.6611, -12613973.7804 8230935.9329, -12614117.9978 8230710.9992, -12614157.3757 8230677.6211, -12614203.9374 8230667.8637, -12614269.8408 8230525.0731, -12614310.3714 8230387.8431, -12614132.805 8230354.3053, -12613911.112 8230195.5765, -12613870.0798 8230123.8418, -12613831.8575 8229977.6973, -12613856.3865 8229704.0059, -12613832.9134 8229665.9439, -12613807.8006 8229506.5775, -12613846.1246 8229349.8768, -12613941.9263 8229220.1923, -12614072.5223 8229134.7177, -12614154.4997 8228799.4682, -12614250.2886 8228669.7892, -12614451.8907 8228555.8317, -12614521.241 8228173.9014, -12614608.3349 8228038.04, -12614728.6725 8227939.6057, -12614826.0057 8227832.985, -12614957.4432 8227617.6323, -12615017.4193 8227447.4125, -12615045.4224 8227287.3556, -12615046.8091 8227106.8569, -12615016.6374 8226925.4727, -12615044.5038 8226766.6263, -12615133.2035 8226628.2381, -12615327.2513 8226434.2906, -12615432.0627 8226265.8576, -12615515.8956 8226027.8788, -12615539.1154 8225758.6021, -12615511.3285 8225562.1032, -12615438.9867 8225358.1628, -12615336.7741 8225188.16799999, -12615065.4083 8224856.0194, -12614991.6913 8224744.9199, -12614925.2721 8224475.2153, -12614835.491 8224278.3889, -12614694.5152 8224091.3653, -12614433.2882 8223881.432, -12614377.2402 8223796.9462, -12614337.7694 8223622.408, -12614365.6372 8223463.6344, -12614452.594 8223327.9915, -12614585.1234 8223236.5568, -12614889.9429 8223157.4204, -12615182.4286 8222998.4948, -12615341.7622 8222975.9638, -12615497.4071 8223016.8712, -12615680.9669 8223157.6469, -12615836.7889 8223357.844, -12616001.0637 8223663.2834, -12616171.4202 8223849.0845, -12616381.5946 8223988.0783, -12616619.0984 8224072.0021, -12616868.4506 8224095.8917, -12617057.0711 8224135.2341, -12617201.0977 8224141.3435, -12617362.3268 8224124.1493, -12617527.9225 8224079.7346, -12617752.2351 8224113.3045, -12617896.3461 8224116.8813, -12618057.2489 8224096.8561, -12618224.2158 8224050.1779, -12618631.6419 8224078.6344, -12618792.542 8224058.5933, -12618969.337 8224011.6933, -12619140.7988 8224015.9204, -12619229.3062 8224045.5205, -12619456.827 8224164.162, -12619701.8172 8224222.656, -12619979.3912 8224216.2221, -12620306.1085 8224258.0023, -12620449.8026 8224246.4195, -12620651.1425 8224205.7597, -12620871.846 8224243.4102, -12621051.9574 8224244.6544, -12621295.4084 8224200.676, -12621497.601 8224124.509, -12621789.6052 8223934.8751, -12621934.8147 8223881.0625, -12622061.361 8223811.908, -12622267.6374 8223637.8125, -12622421.8956 8223416.1685, -12622513.626 8223162.088, -12622537.2492 8222910.941, -12622494.516 8222644.1854, -12622436.114 8222492.6967, -12622364.89 8222367.1808, -12622276.9242 8222252.8172, -12622173.9289 8222151.8307, -12621947.4767 8222005.1494, -12621706.8301 8221924.891, -12621557.723 8221818.3656, -12621372.5284 8221627.7061, -12621157.6179 8221496.3307, -12621022.5458 8221446.0255, -12620670.3522 8221363.9693, -12620497.1043 8221302.4746, -12620210.7693 8221252.5219, -12619977.0471 8221244.7485, -12619686.5286 8221294.0745, -12619478.118 8221246.7409, -12619332.75 8221142.8209, -12619276.6665 8221058.40309999, -12619195.8078 8220784.4861, -12619056.5792 8220553.194, -12618890.9801 8220387.8215, -12618692.497 8220264.0026, -12618435.9682 8220180.9337, -12618192.104 8220165.5122, -12617949.1016 8220123.3661, -12617733.2859 8220129.3339, -12617502.7852 8220187.7462, -12617401.5353 8220198.688, -12617292.2198 8220181.3404, -12617191.2376 8220135.961, -12617105.6137 8220065.7073, -12617041.3091 8219975.4714, -12617002.7955 8219871.5298, -12616992.7529 8219761.119, -12617011.8787 8219651.9202, -12617058.8407 8219551.532, -12617191.769 8219370.7692, -12617281.0275 8219173.8662, -12617327.4662 8218962.6805, -12617330.6537 8218764.4258, -12617300.7093 8218586.6402, -12617232.7673 8218400.4177, -12617130.6077 8218230.6065, -12617011.1803 8218095.7373, -12616885.1448 8217993.7663, -12616760.9456 8217920.6926, -12616627.8053 8217865.6439, -12616427.2275 8217810.6868, -12616388.4942 8217921.4492, -12616173.0307 8218116.81, -12616118.8663 8218137.9706, -12616008.8539 8218149.8389, -12615899.5718 8218132.4758, -12615846.5316 8218108.6289, -12615641.0875 8217902.7217, -12615617.309 8217849.5774, -12615569.7872 8217592.1036, -12615514.2125 8217439.6698, -12615404.4733 8217253.5076, -12615178.9804 8216990.2842, -12615124.2008 8216851.4963, -12615106.8834 8216747.536, -12614797.2074 8216713.3345, -12614653.4733 8216722.2859, -12614357.8952 8216774.84000001, -12614152.2069 8216744.1537, -12614008.241 8216740.509, -12613623.1453 8216800.9026, -12613280.6142 8216764.1589, -12612885.0551 8216824.793, -12612792.9942 8216810.1266, -12612639.1078 8216734.639, -12612572.0727 8216671.7025, -12612511.4853 8216572.8588, -12612414.4764 8216196.6731, -12612302.0702 8215971.2073, -12612138.5622 8215779.6828, -12611840.1208 8215545.6191, -12611718.6424 8215348.5235, -12611653.3205 8215059.4429, -12611544.8989 8214832.0703, -12611384.7967 8214637.73, -12611140.0615 8214442.6792, -12611080.1195 8214470.9335, -12611083.5889 8214562.6117, -12611007.1026 8214948.1706, -12610902.0954 8215100.4888, -12610883.1432 8215214.3873, -12610800.8534 8215367.4411, -12610748.1997 8215520.8633, -12610687.8377 8215977.3305, -12610665.8355 8216017.1799, -12610690.4595 8216091.2435, -12610696.7561 8216201.8776, -12610673.7315 8216311.3787, -12610582.3675 8216463.2389, -12610480.8776 8216538.2502, -12610377.7844 8216578.4348, -12610190.0972 8216586.98789999, -12610057.6527 8216527.3178, -12609960.1568 8216447.1669, -12609897.8171 8216360.4807, -12609835.8795 8216119.9431, -12609604.4952 8216082.9807, -12609456.4242 8216038.224, -12609363.1308 8216004.932, -12609224.6262 8215902.4853, -12609195.1011 8215915.2619, -12608940.6003 8215926.8462, -12608718.1936 8215807.1891, -12608591.8616 8215524.1922, -12608495.1758 8215372.2138, -12608346.6357 8215215.4562, -12608184.5681 8215101.8065, -12608020.8663 8215027.0929, -12607864.4412 8214985.1198, -12607685.3795 8214967.8596, -12607513.938 8214980.7538, -12607523.2023 8215056.115, -12607613.7922 8214993.7389, -12607703.2273 8214973.0171, -12607891.3728 8215007.0813, -12608030.193 8215099.8454, -12608083.237 8215164.8997, -12608144.076 8215295.3141, -12608144.6738 8215486.8556, -12608078.7093 8215640.4194, -12608024.432 8215704.4524, -12607930.2196 8215770.9603, -12607719.8432 8215807.6379, -12607609.3486 8215782.3566, -12607716.3181 8215955.6721, -12607788.3446 8216144.0714, -12607721.1513 8216604.8773, -12607714.8778 8216749.0049, -12607743.0579 8216963.3359, -12607823.008 8217183.3406, -12607950.3179 8217379.694, -12608132.8548 8217553.187, -12608302.4962 8217655.2697, -12608568.8646 8217757.5048, -12608740.894 8217904.3073, -12608930.6108 8218007.4442, -12609167.4751 8218165.6703, -12609202.5376 8218218.6025, -12609242.6763 8218428.7801, -12609209.4984 8218586.4138, -12609118.0784 8218718.9533, -12608982.6234 8218805.796, -12608822.3885 8218845.6469, -12608657.347 8218917.5737, -12608226.6319 8219214.1077, -12607919.5533 8219264.4742, -12607731.3057 8219325.762, -12607588.2416 8219401.9736, -12607255.9852 8219629.2843, -12607097.5259 8219656.8955, -12606883.4338 8219607.8893, -12606837.3409 8219589.0801, -12606733.7477 8219442.3052, -12606676.197 8219118.7779, -12606579.9076 8218885.8422, -12606477.9809 8218737.2419, -12606342.5566 8218600.8177, -12606232.1263 8218462.6863, -12606085.0672 8218329.9979, -12605915.4414 8218227.8554, -12605729.4808 8218160.0093, -12605534.0159 8218128.9506, -12605354.1122 8218133.6245, -12605177.7504 8218169.5185, -12605010.2872 8218235.5431, -12604856.8093 8218329.6932, -12604721.9789 8218449.1104, -12604609.8926 8218590.1684, -12604516.9091 8218765.1981, -12604460.5218 8218947.2995, -12604369.0127 8219079.7867, -12604233.4965 8219166.5462, -12604066.6133 8219192.1594, -12604005.44 8219276.6555, -12603854.9951 8219372.9618, -12603696.529 8219400.4993, -12603539.7542 8219364.5382, -12603378.2905 8219248.5872, -12603305.9746 8219231.9966, -12603112.4977 8219077.4477, -12602943.9464 8219014.2064, -12602553.4242 8218923.461, -12602422.73 8218829.5807, -12602338.4158 8218692.3937, -12602313.5843 8218533.2254, -12602352.0909 8218376.8162, -12602447.9482 8218247.47129999, -12602586.2556 8218165.2915, -12602744.2942 8218131.6752, -12602879.1318 8218081.27310001, -12602945.76 8217911.207, -12603025.2929 8217823.5551, -12603146.6829 8217756.9077, -12603295.3754 8217729.22559999, -12603402.3048 8217623.6602, -12603584.362 8217535.4362, -12603642.4717 8217525.3394, -12603779.6997 8217543.69919999, -12603966.9554 8217632.2911, -12604176.7926 8217682.8544, -12604392.5397 8217688.6019, -12604604.7634 8217649.2821, -12604772.2167 8217583.2718, -12604940.0731 8217478.275, -12605072.7815 8217356.5304, -12605191.918 8217198.2474, -12605301.5932 8216951.6599, -12605332.8009 8216810.82, -12605344.1376 8216667.0023, -12605311.3694 8216399.0685, -12605201.07 8216124.9912, -12605050.4655 8215901.1747, -12604947.7934 8215800.0381, -12604832.0728 8215714.1998, -12604587.9273 8215600.0481, -12604265.1663 8215531.0468, -12604077.2249 8215396.1102, -12604021.3584 8215311.6443, -12603982.1741 8215137.2524, -12604029.6077 8214869.178, -12604126.3318 8214362.0916, -12604403.4244 8213942.259, -12604535.9072 8213851.1182, -12604761.9602 8213804.045, -12604941.1337 8213817.7406, -12605120.1706 8213800.5253, -12605276.5774 8213758.5888, -12605424.5075 8213692.6553, -12605560.3172 8213604.3494, -12605692.9459 8213482.6561, -12605960.5391 8213103.5452, -12605887.9875 8212735.3285, -12605840.7528 8212673.2848, -12605787.0445 8212504.1172, -12605731.4113 8212417.6042, -12605684.6566 8212209.7467, -12605667.5717 8212006.2653, -12605631.5678 8211866.6771, -12605571.0615 8211722.7249, -12605515.7396 8211663.9211, -12605495.8929 8211597.4652, -12605390.8139 8211438.6599, -12605343.529 8211228.4007, -12605332.584 8210977.4017, -12605268.5617 8210753.2223, -12605238.3752 8210560.2403, -12605289.3867 8210352.6753, -12605325.1808 8210297.9955, -12605209.9555 8210111.6979, -12605059.919 8209932.4714, -12604873.4893 8209791.6483, -12604660.2216 8209696.442, -12604245.7795 8209597.9705, -12604076.7081 8209476.5834, -12603906.2972 8209323.3756, -12603718.7155 8209216.9447, -12603548.2841 8209159.7262, -12603319.6587 8209118.4999, -12603157.8483 8209118.413, -12602949.5545 8209149.9928, -12602792.9988 8209114.0674, -12602662.4726 8209020.316, -12602578.2633 8208883.3128, -12602511.4564 8208548.45, -12602456.492 8208415.2791, -12602383.564 8208291.0687, -12602230.5326 8208114.4783, -12601871.1135 8207847.083, -12601815.3281 8207762.6867, -12601776.2336 8207588.4602, -12601861.2904 8207159.1935, -12601867.0868 8206943.3747, -12601837.5569 8206765.8122, -12601711.6291 8206358.4818, -12601612.9608 8206186.9847, -12601496.3762 8206050.0289, -12601357.8272 8205935.4341, -12601185.0949 8205839.3367, -12600944.2742 8205767.6591, -12600711.2458 8205755.2244, -12600481.3957 8205795.6143, -12600250.9142 8205895.7563, -12600118.3365 8205988.5664, -12600001.8805 8206101.0101, -12599692.9688 8206534.771, -12599591.8896 8206593.10149999, -12599460.2568 8206642.9526, -12599328.3797 8206666.3457, -12599340.0911 8206762.3727, -12599291.6465 8206934.2043, -12599231.3896 8207015.4431, -12599081.1331 8207111.4966, -12598922.9121 8207138.8894, -12598800.6043 8207110.7537, -12598718.8774 8207228.8905, -12598583.5136 8207315.4106, -12598416.1249 8207349.4372, -12598274.7469 8207399.9243, -12598266.2738 8207476.7384, -12598202.8597 8207605.7499, -12597957.9523 8207773.3471, -12597895.5533 8207784.1408, -12597784.6574 8207758.6141, -12597705.0233 8207798.9956, -12597570.1296 8207817.7465, -12597390.4628 8207782.6019, -12597286.8337 8207690.3366, -12597235.6047 8207832.9007, -12597127.856 8208267.4309, -12597008.9305 8208407.3148, -12596791.0159 8208500.2122, -12596665.8341 8208491.067, -12596534.2104 8208424.66749999, -12596434.8211 8208324.5383, -12596298.382 8208099.2356, -12596161.302 8207956.6118, -12595878.6735 8207743.0304, -12595630.3719 8207660.2731, -12595487.7993 8207641.24189999, -12595343.9706 8207642.27049999, -12594890.6981 8207715.90339999, -12594575.1726 8207644.0402, -12594414.3117 8207626.8241, -12594252.7427 8207635.0253, -12593904.3535 8207694.208, -12593601.3497 8207625.1904, -12593458.4728 8207608.6157, -12593278.9222 8207616.1333, -12592921.3482 8207676.8514, -12592764.8741 8207640.7222, -12592587.1203 8207512.6846, -12592546.4172 8207441.0535, -12592520.1427 8207361.3796, -12592481.6271 8207069.4374, -12592427.9331 8206897.651, -12592325.4814 8206707.7206, -12592185.0916 8206542.5641, -12592153.8532 8206587.6338, -12592174.3744 8206679.8246, -12592129.8965 8206888.7817, -12592038.3205 8207020.9018, -12591902.8841 8207107.29689999, -12591744.638 8207134.5362, -12591567.8583 8207098.3376, -12591399.8095 8207089.7284, -12591240.427 8207288.8373, -12591159.8986 8207449.7697, -12591105.0154 8207639.9555, -12591076.0863 8207864.9266, -12591134.3923 8207967.5832, -12591153.6911 8208127.2875, -12591105.0485 8208299.0956, -12591044.692 8208380.2815, -12590894.3039 8208476.185, -12590736.0252 8208503.4075, -12590579.5449 8208467.2281, -12590534.4915 8208434.7562, -12590429.6109 8208540.6261, -12590334.2129 8208671.5381, -12590260.4294 8208815.7903, -12590207.7658 8208979.7605, -12590115.8345 8209112.3188, -12589980.3378 8209198.7023, -12589822.0406 8209225.9077, -12589665.5497 8209189.7054, -12589520.8381 8209085.3767, -12589341.9146 8208820.691, -12589176.6264 8208654.442, -12589118.9938 8208566.9267, -12589033.1031 8208250.1652, -12588931.6074 8208061.2451, -12588717.0877 8208011.5911, -12588545.5492 8207891.15339999, -12588397.797 8207815.6671, -12588223.979 8207690.30919999, -12588168.3504 8207605.8135, -12588129.577 8207431.5224, -12588234.4498 8206839.2585, -12588283.0987 8206717.5684, -12588206.211 8206662.1159, -12588010.4915 8206371.8137, -12587858.8386 8206216.62479999, -12587610.4226 8206209.7669, -12587308.4648 8206270.1318, -12587042.9126 8206233.2024, -12586899.3537 8206241.6056, -12586594.7178 8206292.9343, -12586441.3129 8206268.6608, -12586297.5183 8206266.9999, -12585931.2177 8206323.298, -12585774.8072 8206287.0285, -12585630.207 8206182.6656, -12585574.6191 8206098.1679, -12585535.9139 8205923.8988, -12585575.3291 8205693.2531, -12585580.5544 8205513.3536, -12585526.799 8205239.2675, -12585291.0514 8205169.1887, -12585040.1261 8205157.4672, -12584833.976 8205194.5135, -12584773.0072 8205376.8074, -12584493.0781 8205698.0755, -12584414.2355 8205839.5408, -12584351.0344 8206012.5111, -12584244.9465 8206154.93990001, -12584094.5176 8206250.6765, -12583884.3004 8206286.6335, -12583573.427 8206197.9989, -12583377.3929 8206173.2495, -12583233.7087 8206179.0703, -12583001.1283 8206217.0146, -12582844.7351 8206180.684, -12582762.8303 8206121.5221, -12582694.7282 8206394.0375, -12582602.9348 8206517.2179, -12582452.4778 8206612.9256, -12582294.2099 8206639.9612, -12582137.8116 8206603.6137, -12581901.6428 8206434.8536, -12581759.0892 8206358.2955, -12581451.8852 8206250.4656, -12581226.0688 8206195.8284, -12581095.8693 8206101.738, -12581012.0922 8205964.5486, -12580987.7566 8205805.5859, -12581026.6412 8205649.5576, -12581197.2149 8205404.4193, -12581139.4541 8205362.6778, -12581083.9238 8205278.1565, -12581043.5789 8205095.9862, -12581047.1134 8204932.6988, -12581024.1958 8204767.7614, -12581050.5047 8204621.6916, -12580876.2948 8204651.4169, -12580636.7032 8204629.1905, -12580600.147 8204678.2189, -12580434.8638 8204783.2958, -12580266.5652 8204848.9067, -12580070.0866 8204966.8675, -12579911.846 8204993.8466, -12579752.2484 8204956.7016, -12579527.9603 8205099.2527, -12579478.389 8205112.8745, -12579342.4698 8205081.2325, -12579096.5996 8205190.5045, -12579052.6471 8205472.4009, -12578915.6468 8205659.3495, -12578598.3842 8205845.206, -12578370.9315 8205877.7466, -12578402.9847 8206117.1649, -12578354.0626 8206288.8393, -12578293.5845 8206369.8984, -12578143.0758 8206465.5164, -12577984.7968 8206492.4593, -12577828.423 8206456.0217, -12577686.6669 8206363.2614, -12577539.1694 8206296.7684, -12577080.3254 8206182.7184, -12576888.2554 8206032.2245, -12576842.7103 8205795.6924, -12576512.7356 8205864.5019, -12576326.7974 8205931.4255, -12576186.3945 8206011.8522, -12576018.1995 8206155.3595, -12575857.5653 8206257.3411, -12575699.283 8206284.2345, -12575459.8888 8206217.3138, -12575327.0765 8206330.51299999, -12575212.1955 8206468.9061, -12575123.0449 8206625.183, -12575057.825 8206809.55749999, -12574997.307 8206890.5948, -12574846.7463 8206986.1518, -12574688.445 8207013.0261, -12574532.0772 8206976.5166, -12574401.9502 8206882.2997, -12574318.2887 8206745.0215, -12574253.4813 8206414.6624, -12574182.5696 8206249.2834, -12574028.1418 8205992.8588, -12574013.1317 8205827.2344, -12573889.9687 8205788.7389, -12573648.2343 8205943.2704, -12573480.9187 8206131.0029, -12573391.7361 8206287.2514, -12573330.9896 8206456.6431, -12573300.5264 8206634.0326, -12573300.1242 8206800.1282, -12573263.0512 8206972.1539, -12573222.8893 8207031.3489, -12573270.0968 8207159.6198, -12573360.5907 8207315.1386, -12573476.6717 8207452.5538, -12573621.303 8207572.1336, -12573709.5087 8207706.6835, -12573753.3135 8207903.8168, -12573830.1093 8208087.1268, -12573861.4027 8208255.3128, -12573827.5256 8208412.5648, -12573735.6082 8208544.4818, -12573599.9354 8208630.5573, -12573473.3347 8208652.0278, -12573475.8978 8208717.677, -12573553.4268 8208975.8974, -12573660.7723 8209157.1299, -12573808.8726 8209249.5651, -12574024.5594 8209180.6678, -12574151.2885 8209112.4689, -12574413.3704 8208934.4958, -12574570.74 8208902.3911, -12574728.2684 8208933.7091, -12574861.4739 8209023.5834, -12574949.6572 8209158.0506, -12574979.1099 8209316.213, -12574945.2513 8209473.4927, -12574853.3405 8209605.4421, -12574717.6606 8209691.5503, -12574445.9292 8209741.0945, -12574276.2213 8209800.4526, -12574211.1998 8209839.8746, -12574184.9466 8209961.76439999, -12574093.016 8210093.713, -12573957.3188 8210179.8127, -12573798.9464 8210206.6786, -12573508.3867 8210139.7026, -12573365.5109 8210122.735, -12573136.559 8210137.2352, -12572891.1205 8210084.5253, -12572747.5561 8210075.06, -12572606.4769 8210085.3728, -12572449.1149 8210048.5838, -12572318.9614 8209954.2913, -12572235.3046 8209816.9332, -12572211.1452 8209657.8617, -12572250.2341 8209501.8018, -12572343.4438 8209377.08519999, -12572288.2599 8209386.4345, -12572131.8551 8209349.8624, -12571929.6758 8209205.2464, -12571787.1743 8209128.4687, -12571616.9995 8209070.5201, -12571214.545 8208989.6597, -12571084.4257 8208895.3592, -12571000.8036 8208758.0071, -12570976.6738 8208598.9543, -12571035.7545 8208345.0014, -12571047.0588 8208147.339, -12571021.0125 8207966.7376, -12570901.146 8207987.0233, -12570744.7779 8207950.4292, -12570376.4234 8207665.8984, -12570133.0828 8207550.7457, -12569904.1927 8207504.9825, -12569688.7228 8207509.5473, -12569478.907 8207558.8845, -12569283.9113 8207650.83959999, -12568931.6519 8207891.9718, -12568820.7109 8208009.9261, -12568743.0703 8208118.7593, -12568917.397 8208289.54, -12569007.5037 8208427.1797, -12569071.0931 8208652.9644, -12569172.9736 8208843.2587, -12569286.5867 8208982.7746, -12569429.979 8209105.5955, -12569518.4918 8209240.7803, -12569547.8291 8209398.9647, -12569465.2574 8209789.8654, -12569438.8392 8210128.0013, -12569392.6649 8210312.0529, -12569142.0548 8210675.9993, -12569042.0283 8210898.3585, -12568909.81 8211087.8508, -12568774.0354 8211173.8662, -12568615.6244 8211200.6245, -12568459.2001 8211163.9656, -12568254.7276 8211018.9341, -12568115.0584 8210946.3588, -12567821.152 8210738.2252, -12567580.5026 8210601.2655, -12567395.0934 8210532.5346, -12567217.9502 8210501.8567, -12567020.27 8210504.2436, -12566843.9163 8210539.18949999, -12566660.2145 8210612.37749999, -12566493.8235 8210719.3318, -12566275.3896 8210918.4527, -12566160.27 8211056.7878, -12566070.8744 8211213.0489, -12565993.9481 8211452.8138, -12565976.1357 8211613.9704, -12565982.2151 8211763.3584, -12565898.0701 8212062.6356, -12565824.79 8212471.1256, -12565732.6811 8212603.0126, -12565596.8425 8212688.9865, -12565386.36 8212724.4466, -12565216.7615 8212714.0055, -12565037.9814 8212733.3827, -12564865.2744 8212783.5612, -12564703.886 8212863.018, -12564572.3752 8212957.5851, -12564462.8124 8213064.8254, -12564231.1655 8213212.9396, -12564119.5727 8213304.0085, -12563988.9578 8213452.7733, -12563754.4995 8213812.3037, -12563618.6162 8213898.2548, -12563460.1298 8213924.9118, -12563200.5494 8213872.6522, -12562984.8502 8213873.25240001, -12562773.987 8213918.7596, -12562586.2872 8214001.9874, -12562424.8013 8214029.1258, -12562268.3502 8213992.3222, -12562138.2592 8213897.8016, -12562054.7484 8213760.25779999, -12562030.7953 8213601.0714, -12562070.1188 8213444.9855, -12562166.6047 8213316.2552, -12562401.9716 8213160.682, -12562578.4823 8212968.9216, -12562717.1217 8212887.5478, -12562867.7687 8212855.8056, -12563002.8786 8212806.119, -12563189.3518 8212697.5743, -12563361.1083 8212539.0194, -12563484.3057 8212361.6995, -12563556.9752 8212196.9343, -12563599.978 8212022.0348, -12563611.7442 8211833.1771, -12563689.2383 8211381.9389, -12563679.5666 8211128.7364, -12563718.8421 8210972.6932, -12563815.2673 8210843.9829, -12563953.8531 8210762.6087, -12564113.0643 8210741.21329999, -12564571.7443 8210886.893, -12564732.2623 8210907.5737, -12564894.0338 8210902.8412, -12565035.6604 8210877.3801, -12565188.9789 8210825.4671, -12565316.9819 8210759.6334, -12565448.4442 8210665.0804, -12565586.5723 8210523.3922, -12565858.7742 8210154.156, -12565939.8764 8209993.4473, -12565994.3823 8209808.5822, -12566099.7494 8209603.3589, -12566148.7422 8209430.1118, -12566166.9587 8209250.978, -12566153.8473 8209071.4013, -12566115.5735 8208913.9152, -12566084.9199 8208850.0597, -12566037.3731 8208844.148, -12565762.3547 8208876.5271, -12565605.9944 8208839.8203, -12565475.9499 8208745.424, -12565392.4337 8208608.0128, -12565368.4245 8208448.9465, -12565407.6498 8208292.9492, -12565430.7367 8208261.6441, -12565417.4197 8208173.4205, -12565496.2567 8207797.0155, -12565428.1376 8207719.0051, -12565288.1344 8207606.1481, -12565130.6994 8207519.3582, -12564995.4001 8207470.494, -12564715.4278 8207403.6172, -12564584.1377 8207308.2932, -12564535.2187 8207246.0625, -12564497.5793 8207415.1079, -12564405.5106 8207546.8896, -12564269.75 8207632.7819, -12564111.3994 8207659.43199999, -12563751.2141 8207579.4397, -12563482.0983 8207577.85769999, -12563289.288 8207621.2519, -12563108.282 8207700.70009999, -12562932.0801 8207825.0293, -12562785.5258 8207983.34089999, -12562675.025 8208168.7195, -12562600.8998 8208382.9011, -12562508.7516 8208505.86159999, -12562163.0041 8208704.3219, -12562051.4547 8208795.3051, -12561953.6281 8208900.9551, -12561871.4285 8209019.2168, -12561806.456 8209147.7893, -12561755.5156 8209301.6369, -12561679.0179 8209652.0877, -12561581.4637 8209791.6068, -12561399.8746 8209967.9016, -12561149.3882 8210322.0558, -12560851.2175 8210513.3323, -12560703.4771 8210644.9272, -12560593.1454 8210787.1137, -12560502.2849 8210963.0115, -12560440.4283 8211188.5811, -12560430.8081 8211422.3161, -12560479.377 8211669.4216, -12560583.6371 8211899.8294, -12560622.3675 8212110.0728, -12560588.1928 8212267.3419, -12560495.9944 8212399.1592, -12560360.1002 8212485.0341, -12560176.2433 8212530.6454, -12560012.1454 8212604.3045, -12559863.3049 8212705.3884, -12559746.1423 8212817.2912, -12559657.7963 8212931.1135, -12559586.1205 8213056.1465, -12559527.1356 8213207.1729, -12559481.7086 8213400.5751, -12559383.9119 8213547.6428, -12559321.107 8213677.3882, -12559211.2143 8214114.9636, -12559088.7571 8214352.5667, -12559032.7292 8214598.1837, -12559028.8515 8214760.345, -12559050.3451 8214921.1211, -12559096.682 8215076.5526, -12559166.7229 8215222.8113, -12559270.232 8215370.1912, -12559411.6441 8215508.7717, -12559613.9914 8215646.8955, -12559794.1989 8215728.6611, -12559968.8517 8215771.849, -12560166.3435 8215783.4792, -12560632.0823 8215703.1453, -12560789.6918 8215734.7892, -12561064.6972 8215890.0283, -12561233.9016 8215951.2406, -12561375.3118 8215978.4043, -12561537.1252 8215985.0667, -12561715.6282 8215962.6425, -12561887.5301 8215909.5036, -12562032.2728 8215836.7343, -12562213.2342 8215715.4714, -12562370.7971 8215683.599, -12562528.4144 8215715.2062, -12562661.5903 8215805.3811, -12562778.5379 8215984.3525, -12562817.7524 8216275.9815, -12562858.7331 8216432.947, -12562941.276 8216613.0781, -12563049.2102 8216765.4849, -12563155.1706 8216953.6972, -12563197.9148 8217243.5299, -12563280.373 8217462.5975, -12563354.8929 8217586.05399999, -12563507.4858 8217781.3673, -12563658.7755 8217937.2248, -12563738.5338 8218078.8695, -12563757.2668 8218238.8546, -12563707.9245 8218410.7062, -12563647.1879 8218491.7743, -12563487.7751 8218592.60329999, -12563323.199 8218650.3571, -12563166.0402 8218738.2011, -12562964.671 8218917.6702, -12562859.2852 8219063.8206, -12562780.8305 8219226.0855, -12562651.5354 8219720.8704, -12562590.7766 8219801.9438, -12562439.7957 8219897.4091, -12562281.1772 8219924.0608, -12561951.7512 8219847.4606, -12561790.7113 8219829.5055, -12561628.8502 8219837.0047, -12561260.3215 8219897.9834, -12561103.7532 8219861.1249, -12560959.2434 8219756.0914, -12560903.8389 8219671.2573, -12560865.6472 8219496.54869999, -12560894.8374 8219336.983, -12561008.0513 8219078.65779999, -12561043.6341 8218883.6201, -12561031.206 8218613.9067, -12560953.0955 8218364.4175, -12560908.0221 8218158.2372, -12560937.0899 8217999.3321, -12561021.1513 8217834.1376, -12561076.8796 8217643.9257, -12561095.3526 8217446.5611, -12561075.8943 8217249.2968, -12560997.5507 8217009.78890001, -12560874.9506 8216810.4825, -12560724.6734 8216655.3574, -12560497.0168 8216487.4892, -12560211.0837 8216411.5945, -12560014.4537 8216389.625, -12559764.3258 8216416.5548, -12559544.2295 8216495.2071, -12559347.4295 8216621.4381, -12559195.1946 8216774.6332, -12559054.9194 8217005.1038, -12558977.6128 8217261.6469, -12558885.3231 8217393.5313, -12558749.3187 8217479.4329, -12558590.7396 8217505.9975, -12558091.006 8217402.3224, -12557946.9929 8217402.6238, -12557804.4226 8217422.9979, -12557649.2067 8217469.4031, -12557503.1457 8217539.5589, -12557369.8352 8217631.73879999, -12557256.778 8217739.3389, -12557275.7568 8217747.3646, -12557362.2252 8217696.6969, -12557643.3506 8217587.1412, -12557855.054 8217558.8767, -12558010.2529 8217600.9551, -12558137.16 8217699.8529, -12558216.052 8217840.2025, -12558220.3191 8217876.066, -12558289.672 8217930.1095, -12558368.5693 8218070.4619, -12558387.1866 8218230.4589, -12558333.9546 8218449.1522, -12558395.164 8218577.0047, -12558525.4281 8218749.4055, -12558703.5054 8218901.0994, -12559063.5137 8219113.6974, -12559229.3405 8219183.7728, -12559621.0097 8219291.103, -12559747.9669 8219389.9957, -12559871.7789 8219585.6945, -12560010.3925 8219730.9319, -12560138.5454 8219927.181, -12560230.3795 8220102.8427, -12560366.6397 8220270.5856, -12560565.3571 8220425.3425, -12560710.5547 8220497.4214, -12560874.4372 8220549.186, -12561001.4329 8220648.0748, -12561080.4099 8220788.4504, -12561109.413 8221036.9205, -12561064.1287 8221216.5581, -12560961.6632 8221363.069, -12560825.6094 8221449.0538, -12560470.9995 8221513.6149, -12560237.8142 8221608.6465, -12560034.4976 8221757.3641, -12559863.4758 8221966.1916, -12559788.9695 8222110.388, -12559742.369 8222246.9925, -12559713.1994 8222406.7161, -12559710.3554 8222585.2211, -12559668.7606 8222776.5071, -12559605.5548 8222917.6058, -12559566.1471 8223056.4805, -12559544.1797 8223253.6349, -12559561.0015 8223455.9671, -12559526.7478 8223613.4766, -12559434.3874 8223745.4795, -12559298.2722 8223831.463, -12559139.5591 8223858.0604, -12558982.4577 8223821.028, -12558858.0413 8223746.4329, -12558708.1288 8223684.611, -12558442.8391 8223635.9476, -12558280.7879 8223640.544, -12558048.5687 8223677.6131, -12557891.9374 8223640.6671, -12557761.7358 8223545.9462, -12557678.2003 8223408.1747, -12557654.3124 8223248.76919999, -12557742.7616 8222872.9736, -12557746.6412 8222620.7764, -12557727.5404 8222531.6511, -12557661.4998 8222447.1454, -12557503.27 8222299.93119999, -12557317.9502 8222188.8878, -12557166.019 8222132.3255, -12556828.821 8222051.6209, -12556698.6607 8221956.9018, -12556615.1625 8221819.1481, -12556564.2777 8221361.8572, -12556520.6736 8221205.493, -12556450.6707 8221053.4456, -12556426.5917 8220892.5881, -12556434.3124 8220861.2837, -12556278.4775 8220771.1409, -12556138.3117 8220720.7332, -12556006.2821 8220624.6355, -12555922.8115 8220486.899, -12555898.97 8220327.5506, -12555938.4592 8220171.3586, -12556003.0265 8220085.3643, -12555823.6028 8220052.2176, -12555679.1656 8219947.0794, -12555623.8202 8219862.2042, -12555585.7518 8219687.4652, -12555614.8543 8219529.014, -12555702.8254 8219394.14639999, -12555814.8121 8219318.1855, -12555701.166 8219267.7402, -12555299.2828 8219165.696, -12555154.8699 8219060.5604, -12555099.5372 8218975.6916, -12555058.3255 8218786.4605, -12555058.7846 8218633.0292, -12555038.498 8218490.1775, -12554998.5642 8218351.5467, -12554938.178 8218216.9248, -12554839.2987 8217779.79469999, -12554771.6155 8217612.7733, -12554612.7203 8217345.2325, -12554588.9162 8217185.9472, -12554628.4153 8217029.8277, -12554725.0759 8216901.1343, -12554874.9648 8216813.3721, -12555125.6329 8216718.7939, -12555331.4629 8216573.8872, -12555431.311 8216469.9481, -12555525.1295 8216337.6978, -12555597.1382 8216192.3751, -12555647.5065 8216028.7102, -12555736.3554 8215892.4938, -12556039.506 8215703.5265, -12556317.7375 8215892.5014, -12556405.6624 8216027.3098, -12556444.2947 8216237.6903, -12556418.5912 8216438.1985, -12556418.8612 8216582.449, -12556461.8789 8216812.5493, -12556520.3875 8216946.6566, -12556556.433 8216804.0319, -12556653.0577 8216675.317, -12556791.8298 8216594.0155, -12557070.8475 8216553.5412, -12557259.424 8216493.5674, -12557418.107 8216408.6367, -12557639.1769 8216249.4871, -12557786.0045 8216091.1052, -12557896.7465 8215905.6055, -12557966.5646 8215701.0986, -12557992.4108 8215486.5245, -12557965.5963 8215235.9827, -12557887.1481 8215015.5184, -12557783.4444 8214846.7739, -12557611.7359 8214667.2616, -12557527.6948 8214538.4544, -12557461.2492 8214290.7048, -12557299.5179 8213992.7391, -12557248.7199 8213801.6377, -12557186.4662 8213651.9203, -12557104.4861 8213523.5703, -12556787.4407 8213577.5164, -12556484.2048 8213736.1686, -12556107.7486 8213968.3987, -12555814.1308 8213754.6864, -12555758.8293 8213669.8832, -12555698.1694 8213333.6621, -12555455.6949 8213168.49629999, -12555400.4016 8213083.697, -12555362.3712 8212909.116, -12555391.4503 8212750.8092, -12555479.3436 8212616.066, -12555612.3899 8212525.8236, -12555843.0496 8212474.0966, -12556031.2683 8212394.862, -12556288.6711 8212367.63, -12556561.0308 8212279.8584, -12556792.7921 8212142.4985, -12556959.0473 8211978.1926, -12557091.8574 8211764.3417, -12557129.0256 8211645.4311, -12556949.1815 8211421.1445, -12556682.5626 8211204.1144, -12556627.2696 8211119.3464, -12556589.2198 8210944.8174, -12556618.2647 8210786.547, -12556706.1126 8210651.82379999, -12556801.9447 8210586.7997, -12556779.421 8210464.0699, -12556722.4555 8210312.3318, -12556639.5627 8210166.63139999, -12556601.5173 8209992.1248, -12556630.558 8209833.8743, -12556659.3548 8209789.7117, -12556595.593 8209698.06149999, -12556425.9386 8209537.3921, -12556208.0431 8209411.9115, -12555951.8777 8209336.4647, -12555821.9492 8209241.8941, -12555738.6071 8209104.3671, -12555714.8031 8208945.2616, -12555754.233 8208789.3075, -12555850.7656 8208660.7399, -12556037.1702 8208551.5549, -12556198.518 8208478.9861, -12556319.0056 8208400.281, -12556464.4646 8208266.2497, -12556638.8973 8208040.2837, -12556777.5075 8207959.0744, -12556936.6774 8207937.8406, -12557093.1308 8207980.2776, -12557232.5717 8208065.6668, -12557399.3304 8208132.7711, -12557736.7122 8208203.8152, -12557835.8255 8208073.3752, -12558012.4101 8207953.5171, -12558169.8252 8207921.7653, -12558327.2595 8207953.4265, -12558358.0758 8207974.3179, -12558235.8243 8207499.2969, -12558264.82 8207341.0925, -12558352.5969 8207206.4113, -12558485.511 8207116.1814, -12558642.9067 8207084.4228, -12558800.3254 8207116.0703, -12558933.3028 8207206.206, -12558997.9094 8207305.1838, -12559113.319 8207226.8226, -12559270.7144 8207195.0502, -12559428.1376 8207226.6849, -12559567.4158 8207313.7568, -12559715.9105 8207378.0282, -12559948.6596 8207432.4006, -12559905.6334 8207200.0343, -12559940.4979 8207032.764, -12559861.5357 8206581.9101, -12559769.5567 8206335.0923, -12559728.6931 8206148.042, -12559757.6515 8205989.85989999, -12559803.0239 8205920.2119, -12559663.5342 8205887.3482, -12559292.9976 8205610.4632, -12559047.9249 8205499.2492, -12558651.6012 8205403.6963, -12558507.4051 8205298.8221, -12558452.1342 8205214.1351, -12558414.0701 8205039.75330001, -12558443.0518 8204881.6001, -12558567.3845 8204689.9018, -12558619.7502 8204447.952, -12558752.7965 8204278.5176, -12558796.2623 8204116.3276, -12558901.1562 8203975.2504, -12558931.0112 8203869.0056, -12559087.2165 8203684.0783, -12559201.9841 8203289.27009999, -12559298.3853 8203160.7508, -12559387.1744 8203108.6876, -12559480.3832 8202960.389, -12559656.8195 8202840.5718, -12559944.7302 8202799.154, -12560100.4098 8202755.5031, -12560278.4525 8202669.90309999, -12560436.9148 8202551.84130001, -12560569.9733 8202405.65869999, -12560672.7388 8202236.7298, -12560766.8941 8201967.5169, -12560732.176 8201914.3571, -12560694.0744 8201740.0636, -12560720.8888 8201593.4793, -12560707.4442 8201531.9779, -12560736.3628 8201373.8893, -12560824.0237 8201239.2851, -12560957.1989 8201148.811, -12561094.7879 8201105.976, -12561142.5208 8201063.2866, -12561164.0146 8201000.2289, -12561193.44 8200786.5461, -12561180.8861 8200589.163, -12561113.8292 8200274.9359, -12561142.7339 8200116.87169999, -12561230.3725 8199982.2851, -12561501.1048 8199796.6257, -12561646.3019 8199662.6442, -12561763.3064 8199503.3713, -12561866.9089 8199266.17149999, -12561964.5218 8199135.938, -12562102.908 8199054.7235, -12562165.1805 8199046.3702, -12562218.8904 8198963.8631, -12562351.6103 8198873.6612, -12562508.8157 8198841.8536, -12562804.5716 8198886.7976, -12563062.3046 8198866.3908, -12563244.1954 8198869.2934, -12563438.7794 8198836.1048, -12563662.5537 8198745.9938, -12563884.6493 8198701.0149, -12564041.9149 8198732.5141, -12564174.8082 8198822.4537, -12564262.6785 8198956.8609, -12564291.866 8199114.8466, -12564254.2729 8199288.2761, -12564178.3027 8199465.75469999, -12564138.4379 8199641.0885, -12564130.407 8199838.6838, -12564184.3274 8200105.1053, -12564283.6972 8200070.8719, -12564279.2069 8199859.5978, -12564309.7288 8199692.28809999, -12564397.3055 8199557.671, -12564530.0103 8199467.4227, -12564687.2195 8199435.5663, -12564872.2421 8199472.6041, -12565107.5619 8199552.6715, -12565357.6748 8199573.8128, -12565500.5107 8199558.3227, -12565865.5933 8199483.34399999, -12566002.088 8199438.4336, -12566131.0132 8199374.9282, -12566317.9808 8199235.3971, -12566478.6878 8199042.2637, -12566547.925 8198916.1661, -12566598.9681 8198781.6444, -12566674.1703 8198405.3218, -12566761.6893 8198270.699, -12566894.3428 8198180.4233, -12567051.5153 8198148.5219, -12567230.8638 8198184.364, -12567463.2337 8198267.6986, -12567676.9676 8198293.2488, -12567855.9621 8198280.0915, -12568036.9979 8198233.4666, -12568242.7395 8198205.698, -12568465.2142 8198265.6748, -12568658.765 8198385.7422, -12568878.7883 8198462.9117, -12568954.6191 8198471.9627, -12568948.8065 8198445.5146, -12568852.4099 8198422.9303, -12568788.1923 8198374.2339, -12568704.137 8198245.8335, -12568665.8664 8198071.6648, -12568694.819 8197912.4239, -12568772.819 8197756.0265, -12568672.9096 8197653.6815, -12568609.5475 8197556.8887, -12568571.2824 8197382.7357, -12568600.0173 8197224.7022, -12568765.0761 8196970.6582, -12568649.5671 8196762.8703, -12568753.69 8196297.6925, -12568768.4692 8196100.581, -12568745.4335 8195904.2712, -12568657.149 8195655.45709999, -12568631.8956 8195488.6648, -12568670.9816 8195332.9191, -12568767.1161 8195204.4111, -12568912.289 8195116.9877, -12568879.3791 8195026.3827, -12568881.1297 8194907.7799, -12568928.7039 8194775.3612, -12569058.158 8194531.2515, -12569033.3768 8194239.858, -12568980.3144 8194068.2045, -12568904.5573 8193918.5282, -12568816.5915 8193950.9603, -12568460.8892 8194166.9378, -12568302.8389 8194193.6327, -12568146.7729 8194157.0548, -12568002.6569 8194052.5235, -12567871.699 8193833.32, -12567748.1482 8193744.518, -12567589.4906 8193660.7052, -12567453.597 8193614.3479, -12567110.3514 8193533.425, -12566966.2621 8193428.8828, -12566910.9812 8193344.3934, -12566872.7764 8193170.3304, -12566901.53 8193012.393, -12567126.5885 8192651.0113, -12567190.2946 8192483.0716, -12567236.633 8192254.6792, -12567324.068 8192120.1601, -12567360.5005 8192094.8118, -12567301.7603 8191956.1579, -12567277.3431 8191794.696, -12567316.4371 8191639.0345, -12567412.5465 8191510.607, -12567550.7321 8191429.3715, -12567709.5202 8191407.9496, -12567941.9226 8191480.2763, -12567968.0188 8191523.2953, -12568150.3216 8191488.0382, -12568603.3733 8191601.6064, -12568686.1567 8191607.109, -12568704.3973 8191579.0341, -12568836.9075 8191488.8029, -12569046.0711 8191446.4642, -12569036.2078 8191381.3462, -12569075.2628 8191225.6836, -12569171.3368 8191097.24, -12569309.4958 8191015.976, -12569476.7738 8190996.8083, -12569521.0925 8190928.5788, -12569707.2088 8190754.1714, -12569826.7899 8190575.13889999, -12569901.5625 8190392.3777, -12569938.1828 8190216.5606, -12569943.7701 8190037.0486, -12569912.3754 8189799.2549, -12569951.4037 8189643.6203, -12570047.442 8189515.1921, -12570185.5619 8189433.9288, -12570414.5123 8189402.9567, -12570464.8796 8189335.5942, -12570602.9917 8189254.3248, -12570761.7254 8189232.8431, -12570843.0351 8189254.7335, -12571029.3448 8189106.9575, -12571190.7321 8189011.9754, -12571349.4593 8188990.4818, -12571504.1443 8189032.1123, -12571630.7506 8189130.3989, -12571735.4923 8189315.9294, -12571788.412 8189531.8795, -12571867.7431 8189712.6774, -12571980.0578 8189874.9918, -12572135.3232 8190023.9931, -12572254.6039 8190103.8919, -12572383.8258 8190166.3814, -12572708.198 8190250.6489, -12572872.3095 8190365.3241, -12573035.1111 8190440.5546, -12573190.8179 8190483.1144, -12573388.6127 8190506.645, -12573417.0591 8190348.01829999, -12573504.3607 8190213.4591, -12573636.7893 8190123.1577, -12573711.5127 8190106.9557, -12573762.3377 8190028.612, -12573814.5578 8189993.0014, -12573920.9221 8189971.3084, -12573831.7997 8189885.2052, -12573775.2846 8189628.8618, -12573795.3419 8189548.7026, -12573887.9916 8189405.88350001, -12573803.1533 8189320.633, -12573680.9197 8189134.1905, -12573631.2771 8188871.6903, -12573572.203 8188702.1542, -12573463.9321 8188516.1062, -12573299.4314 8188338.9199, -12573215.4091 8188210.7431, -12573177.0818 8188036.8308, -12573207.1437 8187870.9022, -12573288.4724 8187675.7473, -12573326.9553 8187482.1073, -12573326.0537 8187266.7887, -12573280.4859 8187056.3688, -12573256.4353 8186990.8671, -12573035.2209 8186943.4316, -12572891.1739 8186839.097, -12572835.8731 8186754.7258, -12572797.5616 8186580.8454, -12572826.1629 8186423.0223, -12572915.5759 8186285.2308, -12572954.4763 8186253.9727, -12572941.1849 8186193.654, -12572971.0763 8186028.6334, -12573043.2641 8185864.3483, -12573085.18 8185694.34619999, -12572830.6772 8185734.2559, -12572628.3147 8185599.1738, -12572544.9205 8185462.2691, -12572519.9773 8185298.1222, -12572536.7365 8185126.403, -12572523.5078 8184947.4151, -12572485.2175 8184790.4694, -12572415.1507 8184626.7073, -12572382.1319 8184674.0802, -12572246.881 8184759.8612, -12572089.0433 8184786.6054, -12572003.8527 8184766.6864, -12571966.4675 8184897.4667, -12571906.0969 8184978.243, -12571755.9429 8185073.4621, -12571598.0969 8185100.1969, -12571442.2038 8185063.7347, -12571312.4957 8184969.74409999, -12571229.1328 8184832.8365, -12571198.7123 8184660.9507, -12571071.5015 8184631.1902, -12570917.077 8184519.2775, -12570791.9882 8184388.2363, -12570729.7802 8184293.2689, -12570691.5301 8184119.4358, -12570721.3778 8183954.9962, -12570815.9876 8183718.9887, -12570846.4101 8183542.1521, -12570847.1934 8183380.6194, -12570820.7104 8183211.2621, -12570849.3397 8183053.5182, -12570936.6004 8182919.1199, -12571080.0713 8182822.8362, -12571128.0352 8182744.6278, -12571167.3287 8182587.8188, -12571214.0764 8182496.35499999, -12571462.1626 8182078.8826, -12571393.9226 8181865.4832, -12571294.3128 8181690.0817, -12571256.062 8181516.3118, -12571284.6753 8181358.6017, -12571532.4297 8181007.2292, -12571626.1471 8180812.5091, -12571729.7275 8180673.9256, -12571867.6646 8180592.725, -12572016.4394 8180572.5632, -12572143.7244 8180497.6267, -12572302.2675 8180476.1351, -12572456.7819 8180517.6965, -12572583.2575 8180615.8535, -12572662.038 8180755.3537, -12572713.3274 8181086.5263, -12572679.2149 8181244.7856, -12572608.2774 8181373.655, -12572543.8869 8181568.6769, -12572670.9649 8181590.4563, -12572709.582 8181428.3226, -12572739.9116 8181162.8618, -12572855.7486 8180984.3493, -12572927.7428 8180935.2654, -12572728.8512 8180593.1179, -12572704.7637 8180434.6349, -12572729.2345 8180292.4731, -12572733.6446 8180148.9857, -12572701.459 8179894.3399, -12572740.3749 8179738.8955, -12572938.8062 8179472.7497, -12572970.1808 8179438.4474, -12573198.6382 8179303.9055, -12573261.1472 8179295.4229, -12573311.6339 8179308.9962, -12573434.6523 8179236.3764, -12573674.6002 8179274.6134, -12573794.4585 8179349.5392, -12573774.2328 8179257.8047, -12573802.7837 8179100.1318, -12573889.9443 8178965.769, -12574022.1672 8178875.5943, -12574393.1384 8178792.6604, -12574525.7421 8178738.31400001, -12574649.5032 8178666.0072, -12574762.0119 8178577.1482, -12574861.0783 8178473.4677, -12575079.9353 8178149.0129, -12575255.534 8178029.2141, -12575317.3329 8178016.5968, -12575525.7248 8178057.9953, -12575594.0299 8178094.5318, -12575556.5315 8177924.6512, -12575593.8076 8177718.5087, -12575717.5651 8177574.4194, -12575716.412 8177546.6726, -12575547.9545 8177492.8608, -12575370.609 8177468.7061, -12575191.7708 8177475.7651, -12574892.1841 8177525.75900001, -12574842.5021 8177509.4302, -12574656.0503 8177374.4531, -12574600.7984 8177290.2023, -12574562.4919 8177116.551, -12574591.0174 8176958.9198, -12574678.1384 8176824.5857, -12574853.7118 8176704.8176, -12574966.9622 8176686.93909999, -12575113.3636 8176714.2933, -12575229.4836 8176781.904, -12575266.0396 8176837.6364, -12575368.7555 8176596.1799, -12575450.8766 8176168.3953, -12575540.3635 8176046.4459, -12575640.2776 8175955.0214, -12575577.8119 8175852.571, -12575553.6833 8175694.2321, -12575592.5172 8175538.8589, -12575706.7866 8175376.2301, -12575784.4913 8175214.7708, -12575825.7366 8175077.3913, -12575847.5746 8174934.5122, -12575640.2664 8174982.2098, -12575364.975 8174921.0482, -12575168.5357 8174909.8958, -12574724.1415 8174976.76, -12574568.4436 8174940.4149, -12574424.6048 8174836.2796, -12574369.3741 8174752.0559, -12574331.0853 8174578.4625, -12574359.6054 8174420.8858, -12574446.7006 8174286.5994, -12574776.2601 8174061.039, -12574910.7528 8173942.8676, -12575042.0902 8173772.9131, -12575137.2837 8173573.57020001, -12574926.7327 8173430.423, -12574871.5065 8173346.2189, -12574833.2129 8173172.6607, -12574862.4807 8172961.2284, -12574850.3062 8172746.6713, -12574800.2167 8172556.1206, -12574714.7575 8172378.6491, -12574620.6851 8172247.7498, -12574493.666 8172121.6139, -12574362.1854 8172028.5268, -12574233.55 8171963.6481, -12574040.6663 8171823.9927, -12573985.4619 8171739.8003, -12573965.8565 8171650.8943, -12573816.7044 8171551.4969, -12573733.4425 8171414.8642, -12573709.3664 8171256.61379999, -12573748.2143 8171101.3428, -12573843.9456 8170973.1802, -12573981.6795 8170892.0434, -12574395.1898 8170837.3368, -12574977.7854 8170718.5983, -12575131.923 8170672.1101, -12575261.3582 8170610.9379, -12575395.1875 8170521.3312, -12575513.3734 8170411.854, -12575613.0053 8170285.2036, -12575691.6305 8170144.5004, -12575756.4228 8169958.5231, -12575784.6002 8169763.5825, -12575779.6547 8169602.4202, -12575725.5124 8169349.2795, -12575730.0802 8169284.4447, -12575627.535 8169349.5514, -12575470.0353 8169376.316, -12575314.4502 8169340.0149, -12575170.7076 8169235.9729, -12575115.5094 8169151.8183, -12575067.6549 8168934.9657, -12575040.3448 8168703.3118, -12574953.808 8168468.38449999, -12574813.117 8168261.4124, -12574590.7622 8168068.4823, -12574535.5791 8167984.33690001, -12574497.3194 8167810.9017, -12574525.8086 8167653.4665, -12574628.5869 8167494.9873, -12574743.9146 8167369.0463, -12574857.726 8167199.9829, -12574989.7272 8167109.9303, -12575197.5924 8167067.4924, -12575421.546 8167121.179, -12575531.4009 8167068.4227, -12575577.3557 8166884.5506, -12575673.0009 8166756.4358, -12575810.6371 8166675.3095, -12575968.8762 8166653.7761, -12576123.1265 8166695.1817, -12576254.6024 8166802.2614, -12576316.5961 8166760.4456, -12576473.0672 8166728.4716, -12576590.0685 8166751.6947, -12576612.0171 8166566.4678, -12576602.1878 8166390.3444, -12576632.0016 8166225.32, -12576785.0642 8165985.0134, -12576711.9375 8165960.0971, -12576616.2262 8165897.1714, -12576505.64 8165715.8551, -12576481.5221 8165557.7337, -12576499.2631 8165486.7103, -12576464.9176 8165434.3688, -12576426.6256 8165261.0025, -12576455.0638 8165103.6128, -12576542.0109 8164969.4675, -12576673.9522 8164879.4111, -12577127.693 8164793.3199, -12577179.8568 8164712.8241, -12577311.786 8164622.7593, -12577532.4051 8164577.6445, -12577600.6197 8164598.38449999, -12577781.6025 8164534.3312, -12577849.2497 8164325.0293, -12578045.0357 8164180.0983, -12578027.8256 8164067.42369999, -12578066.5449 8163912.2782, -12578162.1092 8163784.18150001, -12578299.6636 8163703.0405, -12578467.3249 8163680.6417, -12578509.6056 8163511.1823, -12578662.0594 8163322.3243, -12578933.6317 8163196.4236, -12579047.6025 8163169.12359999, -12579139.1834 8162993.4891, -12579314.3588 8162873.8321, -12579548.5423 8162825.877, -12579576.3371 8162647.2646, -12579647.3908 8162497.3113, -12579851.4 8162366.1295, -12580061.4593 8162337.4258, -12580154.5338 8162365.8968, -12580243.7187 8162425.967, -12580373.6748 8162383.8631, -12580616.9577 8162346.1715, -12580713.1521 8162128.94609999, -12580777.4543 8162034.1289, -12580960.0926 8161926.3054, -12581170.1359 8161897.5719, -12581279.2487 8161932.081, -12581329.3706 8161963.4713, -12581388.6666 8161951.3128, -12581596.6461 8161992.4479, -12581838.2284 8162111.8068, -12581971.6378 8162120.4282, -12582085.2476 8162169.6519, -12582057.3428 8162043.768, -12582085.6494 8161886.4232, -12582172.4579 8161752.2682, -12582304.275 8161662.14949999, -12582460.6148 8161630.0698, -12582617.1835 8161661.0137, -12582749.6486 8161750.1727, -12582837.4257 8161883.6947, -12582866.8695 8162040.8288, -12582833.401 8162197.1568, -12582800.1816 8162244.9639, -12583057.3154 8162176.6382, -12583191.3013 8162070.8547, -12583315.3916 8161918.3286, -12583401.1073 8161761.3556, -12583460.8823 8161585.5923, -12583540.6753 8161462.2292, -12583381.5374 8161425.0515, -12583288.5378 8161371.0417, -12583200.9905 8161275.48650001, -12583141.8562 8161098.3403, -12583178.8342 8160892.6203, -12583265.6114 8160758.4701, -12583397.3978 8160668.3436, -12583553.7123 8160636.2449, -12583710.2649 8160667.1615, -12583842.7257 8160756.2891, -12583930.511 8160889.7805, -12583959.2272 8161050.3817, -12584024.7023 8161067.4563, -12584147.3658 8160934.6928, -12584324.0499 8160814.6133, -12584291.9397 8160643.793, -12584330.5105 8160488.684, -12584425.9234 8160360.56360001, -12584559.966 8160281.3411, -12584552.1114 8160245.9641, -12584580.3583 8160088.647, -12584667.101 8159954.4944, -12584798.8564 8159864.3524, -12584955.1482 8159832.2275, -12585111.6902 8159863.1111, -12585239.6336 8159949.164, -12585397.0627 8159916.2895, -12585553.6084 8159947.1641, -12585686.0788 8160036.2504, -12585773.889 8160169.7075, -12585803.3885 8160326.7946, -12585769.9894 8160483.1008, -12585678.8791 8160614.3302, -12585576.0332 8160679.8232, -12585609.4562 8160905.04429999, -12585906.0466 8160831.8879, -12586097.9855 8160736.6873, -12586265.9666 8160603.5869, -12586392.6086 8160453.2297, -12586528.4389 8160221.282, -12586703.4322 8160101.4934, -12586905.0817 8160052.7573, -12587069.0216 8159981.864, -12587204.0617 8159894.5163, -12587323.7963 8159787.0803, -12587394.4088 8159704.5715, -12587372.5455 8159671.35899999, -12587334.0276 8159498.1799, -12587362.2129 8159340.867, -12587448.8968 8159206.695, -12587580.6062 8159116.512, -12587736.8708 8159084.3315, -12587800.5932 8159096.8788, -12587817.3557 8159070.9301, -12587949.0579 8158980.7422, -12588105.3185 8158948.5545, -12588261.8553 8158979.368, -12588373.0046 8159053.5656, -12588477.8067 8159074.1919, -12588611.1653 8159164.5342, -12589056.8388 8159258.8663, -12589256.2392 8159358.2619, -12589427.3144 8159409.4639, -12589622.5409 8159430.4777, -12589838.2695 8159414.755, -12590046.2277 8159455.6398, -12590077.6247 8159476.7269, -12590159.7431 8159420.4572, -12590316.0035 8159388.2211, -12590472.5597 8159418.9903, -12590619.6704 8159517.7807, -12590724.9099 8159666.553, -12590818.0098 8159834.8952, -12590924.8552 8159966.4587, -12591331.9157 8160041.8813, -12591619.3724 8160222.2049, -12591786.5055 8160285.1919, -12591979.7694 8160326.3973, -12592112.3244 8160415.3744, -12592246.7856 8160619.349, -12592444.0883 8160996.0783, -12592495.1981 8161025.1957, -12592520.2425 8161030.1106, -12592559.7084 8160895.3381, -12592652.8887 8160778.3315, -12592795.4712 8160693.8486, -12592907.9855 8160673.1042, -12593112.8496 8160727.5933, -12593346.4342 8160906.0528, -12593501.7091 8160994.4295, -12593652.6831 8161049.7818, -12593816.465 8161085.1569, -12593949.0557 8161174.1106, -12594037.0279 8161307.4919, -12594066.7059 8161464.5718, -12594034.0966 8161618.0123, -12594195.0838 8161726.0099, -12594283.0668 8161859.3982, -12594372.1471 8162267.5197, -12594437.3042 8162414.7866, -12594524.6585 8162550.0308, -12594685.167 8162717.1631, -12594906.1233 8163038.4237, -12595047.22 8163175.358, -12595164.9241 8163256.6718, -12595292.7815 8163320.7822, -12595563.287 8163394.8549, -12595656.8235 8163341.0511, -12596179.5783 8163280.3877, -12596331.7067 8163228.1527, -12596467.782 8163156.8712, -12596590.2173 8163122.9167, -12596872.2359 8163123.6399, -12597100.0566 8163079.5882, -12597160.4851 8163058.4488, -12597299.7478 8162916.3031, -12597504.3742 8162794.8851, -12597704.4457 8162770.9606, -12597786.2787 8162795.5987, -12597890.5569 8162860.3056, -12597961.3973 8162871.7326, -12598165.4389 8162772.552, -12598308.2438 8162752.6807, -12598442.4808 8162777.0092, -12598587.1797 8162772.4375, -12598720.4621 8162646.261, -12598937.1898 8162570.3091, -12599050.3052 8162567.0265, -12599127.6949 8162514.3144, -12599330.7992 8162465.091, -12599402.993 8162471.868, -12599682.5132 8162365.0295, -12600042.2345 8162425.7879, -12600078.2606 8162220.053, -12600145.9564 8162040.304, -12600356.9952 8161884.0077, -12600434.4691 8161854.1286, -12600843.4827 8161796.0711, -12601231.4001 8161711.9906, -12601614.0555 8161781.1876, -12601835.4487 8161839.7957, -12602005.9483 8161971.047, -12602149.5442 8162105.3685, -12602511.5873 8162361.5373, -12602542.4585 8162420.1064, -12602576.1882 8162550.0829, -12602522.1059 8162805.9945, -12602345.4351 8163030.3385, -12602267.4233 8163158.768, -12602462.4563 8163158.7598, -12602834.2893 8163107.7598, -12602851.0396 8162914.4076, -12602830.6093 8162718.6788, -12602779.9679 8162547.0722, -12602680.4824 8162355.6411, -12602661.2233 8162277.6944, -12602701.3175 8162051.239, -12602761.8865 8161949.8522, -12602916.2653 8161843.6802, -12603240.4009 8161772.6487, -12603438.3411 8161690.61909999, -12603601.2222 8161580.6609, -12603848.6206 8161348.36249999, -12603994.6733 8161167.8199, -12604109.9832 8160917.8648, -12604207.6883 8160785.9371, -12604344.9079 8160704.3437, -12604445.7263 8160690.2333, -12604461.5877 8160600.5208, -12604600.4648 8160341.2226, -12604657.4178 8160109.4577, -12604834.8448 8160264.6405, -12605071.7045 8160398.4355, -12605197.1625 8160526.4128, -12605316.8346 8160445.6339, -12605546.7488 8160345.668, -12605742.472 8160207.4264, -12606013.4904 8160150.9219, -12606243.2466 8160126.6538, -12606484.2702 8160040.2842, -12606584.9633 8159795.4464, -12606431.1343 8159823.4815, -12606229.1435 8159770.1441, -12606111.4067 8159679.3958, -12606053.1953 8159591.448, -12606017.6882 8159464.6621, -12606060.7056 8159221.051, -12606124.6496 8159114.8589, -12606007.751 8159143.3044, -12605929.8508 8159133.8859, -12605844.9924 8159105.3438, -12605728.3837 8159015.6819, -12605524.2126 8159146.4726, -12605362.2054 8159151.2525, -12605237.3471 8159109.2454, -12605125.693 8159020.3523, -12605062.6138 8158933.4014, -12604983.9095 8158915.3699, -12604807.0947 8158788.4638, -12604759.3262 8158616.3224, -12604602.7758 8158794.1762, -12604515.2 8158929.1863, -12604438.4274 8159110.223, -12604398.9508 8159291.1648, -12604279.0129 8159178.6143, -12604145.7933 8159088.5288, -12603983.3534 8159014.2965, -12603770.4662 8158958.4453, -12603640.7973 8158865.3462, -12603557.1261 8158729.2752, -12603532.4556 8158571.3843, -12603570.6161 8158416.2149, -12603696.885 8158245.7423, -12603831.047 8158129.8253, -12603773.316 8158018.243, -12603761.6992 8157749.0529, -12603723.5095 8157565.0334, -12603685.6925 8157555.0332, -12603527.5027 8157441.4539, -12603454.7747 8157331.4916, -12603420.373 8157150.6634, -12603425.3951 8157084.7899, -12603579.1129 8156726.207, -12603665.1156 8156306.8754, -12603725.7451 8156212.578, -12603880.5433 8156040.8484, -12603924.1533 8155976.88059999, -12603919.8069 8155962.1612, -12603816.7404 8156006.6442, -12603685.4328 8156016.2148, -12603586.6674 8155990.3926, -12603486.6834 8156122.85409999, -12603434.8155 8156163.8382, -12603345.4009 8156209.2734, -12603243.8919 8156227.1042, -12603219.7913 8156395.5172, -12603182.1347 8156464.4449, -12603150.6085 8156501.5946, -12602927.9649 8156644.1106, -12602890.8124 8156654.4487, -12602850.1211 8156846.40039999, -12602781.0342 8156958.3705, -12602527.919 8157109.3555, -12602227.837 8157075.3644, -12602034.339 8157442.3385, -12601851.0661 8157559.6146, -12601693.9048 8157586.8954, -12601538.4327 8157551.2011, -12601408.8162 8157458.08079999, -12601366.835 8157389.7633, -12601298.6996 8157401.5864, -12601143.2331 8157365.8847, -12600999.3553 8157262.5071, -12600943.9516 8157178.6769, -12600893.6482 8156954.4372, -12600900.7325 8156792.2759, -12600884.0624 8156632.1797, -12600796.0532 8156365.8945, -12600650.7871 8156391.0897, -12600444.3064 8156343.6535, -12600304.3804 8156280.3994, -12600115.1543 8156311.9516, -12599900.1393 8156398.7536, -12599542.1645 8156624.5488, -12599385.0152 8156651.7775, -12599229.574 8156616.0397, -12599100.0027 8156522.8913, -12599016.4407 8156386.813, -12598991.8737 8156228.9575, -12599030.116 8156073.8606, -12599125.2211 8155945.6242, -12599261.1662 8155850.9118, -12599376.8432 8155739.2251, -12599433.9577 8155657.6988, -12599360.4675 8155538.0346, -12599327.3749 8155325.4634, -12599330.9546 8155158.734, -12599304.6278 8154926.9793, -12599333.6077 8154763.7163, -12599371.5424 8154689.5656, -12599423.3204 8154624.363, -12599496.8508 8154565.1985, -12599261.9037 8154580.4473, -12599185.8859 8154568.1995, -12598989.9654 8154463.4656, -12598911.5066 8154360.2228, -12598852.6598 8154175.6014, -12598855.9736 8154093.6219, -12598883.9568 8153981.1797, -12598656.0323 8153942.808, -12598629.2476 8153959.931, -12598472.1511 8153987.1313, -12598316.7698 8153951.3876, -12598172.9975 8153848.0037, -12597991.6895 8153591.4453, -12597974.9715 8153516.7852, -12597940.663 8153464.8284, -12597901.93 8153291.8454, -12597913.6476 8153225.904, -12597845.5054 8153114.898, -12597820.9732 8152957.108, -12597859.2223 8152802.0849, -12597954.3052 8152673.9193, -12597984.1261 8152656.221, -12598008.9346 8152516.5998, -12598095.3481 8152382.4231, -12598138.4439 8152352.824, -12598082.485 8152247.78069999, -12597964.6142 8152090.6995, -12597807.3989 8151949.9022, -12597766.0559 8151851.2946, -12597413.5952 8151777.8973, -12597301.251 8151702.6045, -12597181.6638 8151545.1672, -12597084.5238 8151376.409, -12596899.8655 8151145.832, -12596822.9833 8150956.2358, -12596778.1122 8150762.8686, -12596660.9593 8150837.7204, -12596503.9219 8150864.8684, -12596348.6153 8150829.0993, -12596204.9303 8150725.7213, -12596149.6284 8150641.9294, -12596110.951 8150469.0029, -12596138.9157 8150311.8444, -12596225.3367 8150177.729, -12596294.665 8150130.1378, -12596266.6193 8150061.9876, -12596258.3417 8149929.2001, -12596282.081 8149854.6149, -12596195.0096 8149834.5592, -12596065.5938 8149741.4438, -12595982.1621 8149605.456, -12595957.6801 8149447.7342, -12595995.9491 8149292.7935, -12596091.0185 8149164.7117, -12596149.3858 8149130.0905, -12595973.2959 8148826.3032, -12595948.8165 8148668.5977, -12596004.299 8148376.7642, -12596087.4827 8148135.0491, -12596129.5946 8147921.5945, -12596244.3539 8147743.4996, -12596371.8212 8147655.9963, -12596413.0815 8147535.2751, -12596551.9656 8147418.08780001, -12596722.1684 8147334.5111, -12596865.6032 8147228.477, -12596977.2253 8147112.98219999, -12597155.6412 8146874.8133, -12597200.8827 8146839.126, -12597475.5885 8146753.0103, -12597621.7734 8146784.7448, -12597761.2951 8146866.1525, -12597857.2498 8146864.943, -12598102.3734 8146819.725, -12598408.608 8146681.0506, -12598504.6733 8146661.5221, -12598569.0525 8146665.4183, -12598783.4876 8146722.1649, -12598979.2271 8146732.6461, -12599190.687 8146701.2057, -12599390.9974 8146626.4028, -12599612.443 8146477.0752, -12599787.7544 8146275.4177, -12599886.6311 8146085.5576, -12600032.9867 8145645.72909999, -12600123.784 8145504.658, -12600264.7457 8145372.8229, -12600404.6159 8145190.5545, -12600541.5881 8145109.1984, -12600699.3031 8145087.1967, -12600854.5852 8145128.3216, -12600994.7978 8145213.2162, -12601143.5003 8145273.5335, -12601552.4499 8145360.0361, -12601703.3006 8145451.2673, -12601852.0138 8145511.5725, -12602275.9957 8145600.9642, -12602408.4154 8145689.5819, -12602496.3598 8145822.58739999, -12602569.962 8146271.6435, -12602665.4887 8146521.3501, -12602752.8098 8146656.2107, -12602847.2862 8146763.3004, -12602955.7228 8146856.1753, -12603076.0091 8146933.0268, -12603256.4168 8147009.8426, -12603448.1432 8147050.7574, -12603661.9212 8147052.71500001, -12604087.6922 8146984.75209999, -12604294.5407 8147039.4326, -12604388.315 8147086.9402, -12604382.1922 8146830.248, -12604408.8484 8146721.7976, -12604514.0087 8146558.2001, -12604718.5025 8146428.7305, -12605074.5431 8146430.3802, -12605335.6566 8146374.8309, -12605573.515 8146253.4648, -12605661.6451 8146185.4094, -12605675.4394 8146143.9156, -12605619.2907 8146125.029, -12605470.3418 8146010.4956, -12605405.0955 8145896.15079999, -12605374.0782 8145638.1405, -12605502.842 8145368.3768, -12605418.7279 8145289.2927, -12605315.2623 8145132.9463, -12605299.8721 8145086.5571, -12605306.4696 8144996.0253, -12605292.6852 8144934.7216, -12605312.4737 8144822.7095, -12605227.6654 8144684.8631, -12605203.003 8144527.2737, -12605241.8292 8144347.587, -12605198.3611 8144375.4304, -12605041.4892 8144402.7367, -12604886.2742 8144367.1775, -12604742.593 8144264.0536, -12604687.2418 8144180.397, -12604648.3983 8144007.6623, -12604676.1583 8143850.6054, -12604762.351 8143716.5044, -12604893.579 8143626.1973, -12605049.4478 8143593.7162, -12605205.7368 8143624.1081, -12605338.157 8143712.6502, -12605426.1309 8143845.5863, -12605455.9828 8144002.2565, -12605427.3821 8144137.8691, -12605567.2425 8143988.3604, -12605647.6945 8143836.0054, -12605620.8958 8143792.4517, -12605618.0238 8143741.457, -12605681.0413 8143484.8797, -12605787.9082 8143365.0323, -12605814.4124 8143257.1097, -12605942.9343 8143137.0826, -12605959.1116 8143071.2049, -12606042.4471 8142945.6084, -12606103.843 8142816.6805, -12606150.7421 8142663.0378, -12606207.3448 8142347.8931, -12606281.2254 8142131.8625, -12606304.7636 8141873.5557, -12606355.468 8141667.0277, -12606450.2628 8141538.9415, -12606587.103 8141457.5125, -12606796.5883 8141428.1132, -12606933.2231 8141448.8851, -12607030.8914 8141514.1578, -12607109.5671 8141467.3328, -12607171.7231 8141458.6056, -12607376.1696 8141512.5591, -12607502.4525 8141609.6112, -12607629.7421 8141802.8371, -12607792.1906 8141960.6882, -12607883.9284 8142099.2122, -12607915.7665 8142266.0054, -12608075.1527 8142372.4937, -12608098.9896 8142417.633, -12608138.711 8142625.6934, -12608095.074 8142832.9721, -12608053.6113 8142914.5089, -12608117.7311 8142974.7726, -12608222.7444 8143158.6515, -12608263.8484 8143352.9263, -12608340.4473 8143533.5937, -12608427.8371 8143668.3345, -12608522.3581 8143775.3099, -12608659.876 8143888.8139, -12608798.8116 8143969.1204, -12608965.7303 8144031.5832, -12609209.7089 8144082.1458, -12609342.1853 8144170.6226, -12609430.236 8144303.5198, -12609498.8325 8144570.2117, -12609615.2913 8144681.2078, -12609746.7375 8144773.3327, -12609958.2291 8144867.5546, -12610167.685 8144910.1447, -12610381.4033 8144908.1713, -12610660.7594 8144854.1512, -12610817.0989 8144884.431, -12610949.6091 8144972.8891, -12611132.6589 8145239.0731, -12611300.6952 8145401.1529, -12611405.821 8145585.0478, -12611469.2788 8145811.5388, -12611586.9119 8146038.6987, -12611641.1917 8146311.0339, -12611761.3327 8146555.7747, -12611791.3284 8146712.4783, -12611761.0881 8146910.1128, -12611765.8768 8147088.6257, -12611796.6052 8147246.4131, -12611851.5962 8147397.445, -12611929.4969 8147538.0015, -12612040.5729 8147677.6894, -12612159.9151 8147785.1809, -12612319.478 8147885.6821, -12612505.2374 8148028.2487, -12612584.4273 8148166.7235, -12612604.0407 8148325.1032, -12612556.2897 8148495.6899, -12612455.4841 8148632.1285, -12612321.6679 8148710.5854, -12612258.1995 8148786.3786, -12612200.1059 8148805.9624, -12612100.0288 8148911.4724, -12611981.5776 8149072.026, -12611750.8548 8149226.5382, -12611591.2565 8149385.6832, -12611473.761 8149208.3411, -12611299.7609 8149029.9555, -12611185.1492 8148773.9997, -12611070.7448 8148605.6589, -12610848.7202 8148677.8332, -12610636.2182 8148808.45, -12610518.8869 8148918.1762, -12610430.1067 8149030.1072, -12610349.9193 8149169.4073, -12610297.6804 8149302.4547, -12610224.0085 8149574.3646, -12610201.7434 8149733.6255, -12610213.9753 8149965.337, -12610250.0358 8150026.318, -12610530.4142 8150092.5638, -12610577.837 8150122.0041, -12610679.1172 8150258.5572, -12610713.9068 8150352.6722, -12610720.6021 8150457.5395, -12610924.2152 8150560.932, -12611146.303 8150616.9029, -12611275.7776 8150697.2653, -12611389.4647 8150603.7087, -12611481.7704 8150503.2481, -12611566.2806 8150638.3569, -12611794.4569 8150919.7282, -12611822.8088 8151068.5237, -12611911.1793 8151085.6259, -12612009.6618 8151133.9397, -12612103.3636 8151216.2564, -12612194.1227 8151405.7461, -12612196.8763 8151470.2672, -12612412.2298 8151586.5779, -12612620.6191 8151644.0349, -12612614.3038 8151492.8139, -12612702.5752 8151315.5489, -12612839.6538 8151204.0921, -12612943.092 8151167.6207, -12613000.552 8151163.3605, -12613276.5534 8151245.8315, -12613388.25 8151359.7228, -12613425.3099 8151433.2373, -12613553.3784 8151311.0954, -12613671.4443 8151156.6598, -12613755.0736 8151090.3906, -12613840.0095 8151053.9455, -12614008.8786 8151035.7624, -12614099.6045 8151053.2928, -12614198.1011 8151101.5774, -12614278.2922 8151171.9835, -12614458.5407 8151405.8889, -12614522.1963 8151422.6224, -12614674.4804 8151539.1763, -12614732.9941 8151649.8646, -12614905.349 8151607.6273, -12615077.4897 8151589.0671, -12615153.7101 8151603.7834, -12615292.776 8151676.8929, -12615356.1079 8151739.5053, -12615425.8821 8151871.3264, -12615447.0005 8152005.0792, -12615393.7658 8152238.3571, -12615507.6043 8152332.646, -12615645.3514 8152415.3379, -12615811.4051 8152480.633, -12616004.0219 8152517.8935, -12616182.4057 8152519.2275, -12616426.8103 8152486.5115, -12616631.6266 8152540.2929, -12616801.7479 8152642.2919, -12616949.6594 8152704.9508, -12617296.8483 8152780.8831, -12617484.0488 8152905.6161, -12617557.8376 8153064.5623, -12617558.7526 8153202.7651, -12617777.0132 8152979.676, -12618063.1256 8152910.0568, -12618238.1492 8152964.8172, -12618276.7728 8152994.4122, -12618396.5932 8153162.4679, -12618438.2808 8153127.0827, -12618597.1082 8153073.5647, -12618649.3267 8152790.6717, -12618627.6943 8152524.4512, -12618654.0666 8152373.6072, -12618713.1275 8152212.8268, -12618748.4609 8151997.9623, -12618788.0664 8151883.8639, -12618948.3596 8151713.6929, -12619278.6008 8151564.0187, -12619225.9505 8151157.3757, -12619208.213 8150896.7654, -12619243.1476 8150685.6972, -12619354.8161 8150511.215, -12619526.4433 8150353.9008, -12619650.5037 8150186.29869999, -12619738.6523 8150094.9539, -12619789.3772 8150064.6477, -12620039.0718 8149977.6652, -12620303.2872 8149807.158, -12620406.6711 8149770.589, -12620516.0002 8149762.3722, -12620710.977 8149788.4757, -12620906.793 8149777.8213, -12621046.0748 8149746.6064, -12621367.5704 8149639.8268, -12621403.1162 8149496.9872, -12621570.7674 8149334.299, -12621668.0872 8149305.9929, -12621715.6122 8149231.6822, -12621822.8096 8149126.5306, -12621937.3409 8148983.7498, -12622070.0965 8148891.941, -12622092.996 8148797.814, -12622150.3019 8148734.3178, -12622260.4211 8148658.159, -12622296.6222 8148652.7898, -12622239.96 8148560.3344, -12622162.8893 8148118.3145, -12622061.53 8147869.0929, -12622020.7331 8147689.6202, -12622048.1423 8147532.41839999, -12622134.0675 8147398.0479, -12622464.2733 8147151.8404, -12622622.3557 8147057.3115, -12622609.8513 8146978.6104, -12622647.5551 8146823.5793, -12622742.138 8146695.19529999, -12622878.8979 8146613.4098, -12623036.5827 8146590.9297, -12623190.6869 8146631.2481, -12623358.8259 8146759.902, -12623390.1275 8146814.4537, -12623414.5484 8147031.7082, -12623616.5363 8147190.1265, -12623650.6099 8147266.0463, -12623665.5853 8147394.2756, -12623787.6143 8147417.6893, -12624051.5893 8147530.0764, -12624474.2617 8147614.397, -12624606.9836 8147702.64549999, -12624695.3489 8147835.4273, -12624725.6212 8147992.1074, -12624682.4115 8148199.6354, -12624657.8077 8148244.4052, -12624592.4182 8148286.5305, -12624598.7347 8148319.2259, -12624499.7772 8148779.331, -12624499.9015 8149042.7223, -12624992.9235 8149174.8413, -12625119.5669 8149271.6968, -12625199.0049 8149410.0622, -12625218.8893 8149568.4371, -12625169.0603 8149747.5024, -12625386.5948 8149749.2788, -12625613.029 8149700.4621, -12625822.6933 8149601.863, -12626037.049 8149426.9005, -12626185.3138 8149344.6852, -12626595.2933 8149279.33699999, -12626730.5119 8149233.6071, -12626873.3381 8149160.2144, -12627002.9421 8149065.3408, -12627127.5704 8148937.5914, -12627228.1576 8148790.10329999, -12627295.589 8148644.1831, -12627404.1469 8148156.5925, -12627420.3292 8147942.9993, -12627395.8937 8147748.1221, -12627252.7346 8147180.7419, -12627166.9436 8146984.5627, -12627042.3183 8146810.5424, -12626912.6834 8146687.9736, -12626650.7613 8146499.5479, -12626566.8056 8146363.9577, -12626541.6869 8146206.4, -12626579.3052 8146051.3646, -12626673.8112 8145922.9434, -12626892.3943 8145762.4602, -12627059.8034 8145554.1938, -12627167.6939 8145309.6225, -12627259.5093 8144866.0485, -12627353.9887 8144737.6383, -12627490.6625 8144655.7887, -12627648.2927 8144633.2163, -12627836.2505 8144682.2664, -12628080.6439 8144774.7019, -12628221.3859 8144797.8778, -12628363.9779 8144801.20269999, -12628626.6718 8144754.002, -12628775.2351 8144693.3565, -12628907.3113 8144613.9563, -12629063.1002 8144580.9671, -12629220.8488 8144607.9382, -12629363.3587 8144613.7364, -12629813.3397 8144555.7721, -12630002.9049 8144605.1828, -12630243.9099 8144695.7419, -12630384.6574 8144718.8767, -12630527.2492 8144722.16, -12630789.9273 8144674.8833, -12630938.4718 8144614.1951, -12631067.9164 8144536.565, -12631223.6943 8144503.5309, -12631380.1129 8144533.3774, -12631512.8629 8144621.4667, -12631601.3158 8144754.1128, -12631649.5957 8144926.3169, -12631726.8588 8145087.1998, -12631819.3225 8145218.54429999, -12631944.6683 8145345.4638, -12632059.6208 8145430.0722, -12632185.2111 8145497.8288, -12632318.994 8145547.4137, -12632475.7844 8145580.2519, -12632657.997 8145483.5929, -12632845.9017 8145321.8981, -12633137.7541 8145135.8051, -12633266.5881 8145012.4475, -12633405.0683 8144830.3534, -12633586.5329 8144721.4788, -12633787.3602 8144683.2744, -12633955.1246 8144623.0659, -12634080.2171 8144554.4258, -12634194.5541 8144469.0118, -12634330.1597 8144327.286, -12634444.3157 8144146.2883, -12634509.0024 8143979.9537, -12634602.0338 8143599.5185, -12634696.3711 8143471.0361, -12634832.9424 8143389.0646, -12635200.9149 8143330.0339, -12635385.3644 8143192.6793, -12635576.289 8143125.7592, -12635747.8596 8143029.5217, -12635800.4311 8142957.8991, -12635892.6576 8142907.4345, -12636037.3691 8142721.9658, -12636073.2786 8142581.564, -12636221.4896 8142348.8216, -12636466.7888 8142178.1613, -12636626.8516 8142010.7708, -12636670.6304 8141948.415, -12636696.6677 8141822.1349, -12636782.2642 8141687.6952, -12636913.073 8141596.8448, -12637120.0171 8141552.7891, -12637197.309 8141550.2854, -12637353.2219 8141333.4299, -12637411.8058 8141203.2234, -12637451.7297 8141066.1183, -12637473.8772 8140799.808, -12637422.1886 8140502.228, -12637449.2466 8140345.1178, -12637534.8125 8140210.6955, -12637708.5241 8140090.0206, -12637896.219 8140030.4859, -12638097.1684 8139943.186, -12638447.3799 8139691.4699, -12638668.3093 8139659.4985, -12638822.3573 8139699.4556, -12639009.8905 8139837.4308, -12639168.2171 8139919.1217, -12639382.8718 8139984.4072, -12639585.2271 8140067.9815, -12640010.7603 8140161.7816, -12640159.5615 8140251.8191, -12640313.0792 8140312.6992, -12640483.3894 8140442.3931, -12640626.2549 8140757.1644, -12640778.8288 8140960.6629, -12640934.2871 8140868.6545, -12641165.3597 8140687.0213, -12641393.8297 8140587.0302, -12641532.308 8140506.067, -12641669.2049 8140391.9273, -12641780.5737 8140260.9935, -12641923.2466 8140175.1742, -12642063.7572 8140152.80039999, -12642196.9225 8140180.2831, -12642336.9907 8140272.935, -12642425.5859 8140405.3766, -12642457.9131 8140570.57769999, -12642450.8357 8140726.4082, -12642468.3636 8140886.0769, -12642504.722 8141024.1712, -12642564.1672 8141164.1202, -12642593.112 8141312.0215, -12642524.9585 8141595.5585, -12642480.7766 8141713.6318, -12642646.1096 8141710.3796, -12642821.1028 8141677.0076, -12642987.6506 8141613.6972, -12643156.3879 8141513.7607, -12643287.3999 8141481.1838, -12643421.8716 8141492.9859, -12643545.2341 8141547.8888, -12643644.1202 8141639.9444, -12643707.8133 8141759.1781, -12643729.4113 8141892.6738, -12643706.571 8142025.9638, -12643641.7656 8142144.6031, -12643492.2234 8142289.9167, -12643358.7235 8142483.7327, -12643240.5906 8142606.93, -12643159.9423 8142651.8943, -12643091.741 8142668.85189999, -12643212.2358 8142901.5325, -12643378.2309 8143087.64, -12643571.6103 8143230.1622, -12643812.5233 8143332.0653, -12643989.0311 8143448.7662, -12644100.1169 8143614.7501, -12644184.8551 8143785.4895, -12644377.3318 8144074.2474, -12644389.4264 8144135.9706, -12644368.228 8144239.1466, -12644412.7405 8144316.2171, -12644420.7376 8144378.6092, -12644349.8024 8144636.249, -12644208.5609 8144850.1008, -12644164.5199 8145077.962, -12644101.4227 8145211.3514, -12644059.2137 8145347.8518, -12643985.0613 8145791.2571, -12643728.7856 8146177.081, -12643664.2511 8146324.2554, -12643626.8093 8146462.1665, -12643608.487 8146711.1901, -12643661.7916 8147080.8678, -12643622.5615 8147337.9239, -12643626.9559 8147534.2761, -12643680.1654 8147760.0446, -12643825.7124 8148076.8762, -12643845.989 8148235.1758, -12643798.9513 8148405.9657, -12643710.0144 8148540.5084, -12643642.9038 8148686.5778, -12643564.4427 8149043.4891, -12643499.573 8149162.2384, -12643399.7277 8149253.452, -12643275.7254 8149307.2444, -12643111.0049 8149310.0204, -12643095.0877 8149402.8579, -12643053.4364 8149485.466, -12642980.1358 8149567.1438, -12642888.0657 8149626.7779, -12642783.6317 8149660.2185, -12642674.1033 8149665.1375, -12642250.0151 8149560.7358, -12641950.4297 8149561.9063, -12641832.135 8149510.72789999, -12641623.5826 8149344.8936, -12641525.4014 8149182.49360001, -12641509.6929 8149040.6712, -12641524.3764 8148934.1639, -12641623.1534 8148786.1237, -12641654.2574 8148764.4918, -12641598.3933 8148721.3461, -12641522.4885 8148622.6416, -12641431.8238 8148304.6508, -12641316.0525 8148091.67939999, -12641310.3359 8148119.4448, -12641144.8541 8148345.2533, -12640928.0566 8148520.6751, -12640837.792 8148631.405, -12640765.0143 8148751.30359999, -12640887.3656 8148778.6002, -12640963.2539 8148812.4064, -12641048.4876 8148886.89769999, -12641145.0384 8149068.6836, -12641185.3613 8149279.6174, -12641228.9087 8149415.77619999, -12641338.5949 8149620.1411, -12641427.9635 8149731.6249, -12641531.9528 8149829.5638, -12641663.8869 8149921.19089999, -12641797.7687 8149987.8263, -12641935.2206 8150099.8278, -12642024.9923 8150244.1465, -12642043.6818 8150339.6867, -12642017.826 8150490.3613, -12641927.3153 8150698.2207, -12641972.0457 8150884.5424, -12641933.3904 8151109.7898, -12641896.4585 8151176.4881, -12641930.9567 8151390.0568, -12642041.6517 8151480.4961, -12642122.2177 8151610.0121, -12642156.2461 8151783.95359999, -12642109.314 8152006.3621, -12642078 8152043.6556, -12641890.8775 8152164.8207, -12641715.4832 8152200.0369, -12641596.2803 8152174.64949999, -12641450.8085 8152095.1926, -12641317.7289 8152043.3927, -12641053.0559 8151998.0988, -12641184.0969 8152078.72829999, -12641342.8036 8152144.9561, -12641441.7993 8152218.08399999, -12641504.1292 8152299.1387, -12641546.0165 8152400.6853, -12641553.5459 8152556.0708, -12641928.6564 8152862.1405, -12641990.931 8152962.2554, -12642001.2824 8153015.174, -12642155.1198 8153120.9751, -12642401.6716 8153235.4855, -12642517.5156 8153376.209, -12642565.0496 8153582.6981, -12642576.9452 8153834.6078, -12642628.6432 8154024.234, -12642706.5365 8154185.9273, -12642919.0662 8154474.1664, -12642960.9849 8154575.7351, -12642977.755 8154740.61819999, -12642903.5764 8154915.4398, -12642998.2352 8154978.0437, -12643030.0253 8155019.3662, -12643085.3697 8155122.9947, -12643198.1789 8155428.8677, -12643212.1246 8155537.8215, -12643183.3559 8155705.622, -12643126.1966 8155818.9884, -12643092.8079 8155850.5496, -12643102.9443 8155872.9784, -12643256.7053 8155850.6325, -12643461.812 8155903.7007, -12643505.9488 8155931.5119, -12643713.7052 8156291.1747, -12643799.0394 8156239.8178, -12644039.9197 8156214.168, -12644238.3005 8156353.4282, -12644318.1691 8156491.7231, -12644369.2541 8156853.62, -12644410.5221 8156990.6411, -12644477.935 8157134.7631, -12644518.7485 8157343.04429999, -12644486.5917 8157499.5585, -12644406.6517 8157616.659, -12644390.8646 8157693.4934, -12644300.8159 8157825.3978, -12644126.752 8157938.1795, -12644104.9882 8157998.2964, -12644206.9828 8158097.6492, -12644323.8466 8158183.5301, -12644358.88 8158235.8738, -12644399.6961 8158444.1865, -12644367.532 8158600.7231, -12644277.4719 8158732.6432, -12644099.526 8158847.9391, -12643906.2154 8158882.9173, -12643770.142 8158926.6457, -12643580.6911 8159026.6441, -12643368.5823 8159191.52, -12643161.1117 8159228.7272, -12643223.0381 8159417.0539, -12643329.4055 8159603.259, -12643433.3363 8159726.1095, -12643568.6619 8159843.8323, -12643631.4392 8159937.6488, -12643722.2807 8159979.6206, -12643869.4812 8160199.589, -12643881.5967 8160261.4463, -12643864.3467 8160345.369, -12643899.5868 8160426.5474, -12643854.4398 8160646.1898, -12643718.5156 8160867.002, -12643917.3357 8160739.957, -12644176.3105 8160788.5511, -12644216.5762 8160725.1724, -12644313.361 8160664.0499, -12644475.3746 8160629.3953, -12644558.2974 8160636.6618, -12644765.564 8160762.5435, -12644854.4433 8160895.321, -12644885.191 8161052.1953, -12644853.0253 8161208.7885, -12644762.9419 8161340.7602, -12644628.9404 8161427.5957, -12644471.849 8161455.7957, -12644303.8799 8161418.2474, -12644153.584 8161528.9322, -12643996.489 8161557.1226, -12643802.6994 8161513.7889, -12643809.9737 8161570.5872, -12643762.8487 8161741.6805, -12643672.61 8161864.8886, -12643634.3741 8161895.4375, -12643498.1077 8161951.2476, -12643522.8221 8162144.28, -12643492.4139 8162315.5188, -12643491.7356 8162494.4693, -12643584.3588 8162930.3051, -12643545.0882 8163121.3147, -12643454.9585 8163253.3039, -12643320.9075 8163340.1376, -12643146.3764 8163383.2499, -12642982.888 8163455.4151, -12642848.4311 8163543.8212, -12642717.2944 8163665.375, -12642609.2155 8163807.8954, -12642527.4791 8163967.0541, -12642482.7551 8164103.1253, -12642441.7019 8164354.7946, -12642419.1337 8164408.0177, -12642230.1387 8164605.0527, -12642100.0226 8164694.1534, -12641995.0395 8164791.4452, -12641777.8974 8165095.0397, -12641704.5566 8165258.2854, -12641641.076 8165545.4288, -12641553.5282 8165755.9735, -12641489.1798 8166092.1343, -12641421.6856 8166215.5998, -12641326.8466 8166327.4698, -12641218.8985 8166497.74539999, -12641120.302 8166727.8054, -12641087.5739 8166885.6255, -12641079.8922 8167046.635, -12641138.874 8167438.4556, -12641123.8304 8167547.517, -12641080.8422 8167648.846, -12641010.1866 8167738.846, -12640941.3867 8167791.04779999, -12640816.2588 8167842.165, -12640525.4066 8167849.3929, -12640383.6421 8167868.743, -12640212.4717 8167920.3764, -12640048.3831 8168003.8226, -12639890.7923 8168032.0109, -12639734.9141 8167997.0635, -12639451.6289 8167800.7286, -12639239.1096 8167707.051, -12638895.2418 8167632.9799, -12638752.2829 8167627.3434, -12638609.932 8167641.691, -12638470.9586 8167675.7433, -12638338.0665 8167728.838, -12638213.8417 8167799.9427, -12638100.7013 8167887.6742, -12637925.9089 8168090.8228, -12637808.0058 8168337.2004, -12637708.6171 8168482.5059, -12637574.4058 8168569.295, -12637365.4988 8168606.5894, -12637309.9806 8168599.8102, -12637182.5806 8168535.1716, -12637051.3958 8168403.8735, -12637002.418 8168663.7218, -12636999.7832 8168860.66439999, -12637034.7092 8169054.4972, -12637107.172 8169240.5425, -12637127.86 8169403.2438, -12637080.531 8169574.4722, -12637017.6692 8169660.1383, -12636831.8881 8169837.0405, -12636698.3959 8170048.8303, -12636620.0082 8170286.6875, -12636601.3865 8170536.4849, -12636643.6428 8170783.38359999, -12636753.5568 8171028.0525, -12636910.0151 8171223.4799, -12637127.5231 8171389.3698, -12637216.3908 8171522.4274, -12637247.0194 8171679.5552, -12637214.6458 8171836.3361, -12637104.4642 8171997.3916, -12636810.6151 8172199.59489999, -12636630.8401 8172393.6304, -12636592.4953 8172126.8673, -12636544.1714 8171991.8744, -12636476.5361 8171863.2974, -12636428.578 8171654.1683, -12636485.8396 8171326.6234, -12636488.4894 8171129.6163, -12636443.2612 8170901.3707, -12636343.7558 8170682.2509, -12636323.594 8170755.163, -12636224.1652 8170890.6313, -12636034.1248 8171065.4761, -12635894.1196 8171280.7249, -12635832.0205 8171441.8712, -12635777.3989 8171689.9608, -12635656.0622 8171941.3087, -12635677.433 8172151.1633, -12635716.2239 8172289.21149999, -12635790.4716 8172465.8346, -12635804.7716 8172631.3481, -12635753.9902 8172807.537, -12635625.6234 8172979.1633, -12635543.6362 8173138.4383, -12635498.7286 8173274.6327, -12635472.2551 8173424.8947, -12635742.655 8173424.1993, -12635882.8486 8173395.0566, -12636017.6277 8173346.6491, -12636246.7267 8173207.5156, -12636351.9036 8173110.1972, -12636440.406 8173002.1213, -12636452.2107 8173146.23659999, -12636489.0601 8173303.28369999, -12636549.9816 8173452.625, -12636633.4764 8173590.5823, -12636816.9844 8173786.1452, -12637022.8026 8173917.1837, -12637241.196 8174085.1232, -12637307.9856 8174193.3832, -12637327.6988 8174267.9207, -12637304.8779 8174742.7179, -12637352.7868 8174904.0805, -12637352.6186 8174986.0806, -12637407.5137 8175248.9937, -12637375.1273 8175405.85, -12637284.7385 8175537.9791, -12637042.3646 8175703.539, -12636870.8549 8175886.0665, -12636741.865 8176121.4117, -12636680.1805 8176364.3646, -12636675.4201 8176579.3362, -12636715.3805 8176790.6075, -12636798.3189 8176988.9437, -12636925.5243 8177176.6529, -12637065.2666 8177315.5182, -12637228.8958 8177425.119, -12637393.3313 8177495.9468, -12637722.3735 8177583.6219, -12637849.6649 8177680.6332, -12637938.4448 8177834.6696, -12637994.4093 8178161.7334, -12638073.7189 8178377.9884, -12638206.9212 8178134.6274, -12638308.9095 8177995.5968, -12638432.2789 8177911.9584, -12638707.6811 8177836.5467, -12638915.7981 8177736.2095, -12639123.6046 8177691.9208, -12639280.7526 8177721.7388, -12639414.1861 8177810.0833, -12639503.1704 8177943.2286, -12639583.5887 8178318.6857, -12639636.6843 8178451.9986, -12639707.7862 8178576.6128, -12639871.1969 8178766.5794, -12640065.7346 8178905.8569, -12640158.6468 8178992.4377, -12640242.0116 8179157.2854, -12640254.6323 8179246.125, -12640231.6906 8179381.9671, -12640161.7669 8179511.0972, -12640064.2436 8179622.0138, -12639985.6824 8179742.07549999, -12639886.336 8179991.5856, -12639854.7546 8180240.4015, -12639884.7468 8180545.5695, -12639837.4083 8180717.0704, -12639777.8044 8180798.3573, -12639605.2995 8180909.9729, -12639450.047 8180941.4117, -12639298.8039 8180997.30699999, -12639158.1483 8181076.2138, -12639006.0074 8181200.6706, -12638827.0623 8181316.4267, -12638669.5294 8181344.5753, -12638513.3796 8181309.5381, -12638320.8278 8181196.2734, -12638116.8664 8181128.8602, -12637957.133 8181107.0524, -12637795.2438 8181110.6204, -12637289.0213 8180977.8079, -12637018.1525 8180974.5534, -12637140.9923 8180889.8007, -12637258.4413 8180779.1844, -12637513.7821 8180405.6764, -12637772.4959 8180196.81840001, -12637865.1151 8180087.2641, -12637949.9609 8179949.9714, -12638027.8284 8179749.4911, -12638062.3838 8179537.1788, -12638052.1206 8179322.315, -12637992.9507 8179102.5868, -12637958.647 8179268.7922, -12637868.2206 8179400.9967, -12637729.2065 8179495.35939999, -12637622.2755 8179590.9248, -12637529.659 8179700.4688, -12637453.1595 8179821.8604, -12637366.9243 8180038.2285, -12637279.6422 8180451.0199, -12637159.4336 8180626.7307, -12636986.0275 8180805.2304, -12636841.8843 8181044.8618, -12636788.1059 8181108.8123, -12636694.5865 8181175.3818, -12636472.5668 8181214.9865, -12636393.2037 8181290.8516, -12636302.4706 8181402.0082, -12636186.2169 8181600.4379, -12636007.4897 8181836.4381, -12635908.5257 8182066.8979, -12635869.0208 8182296.5599, -12635955.8165 8182445.7206, -12635971.5216 8182542.2072, -12635895.3172 8182816.2258, -12635831.6935 8182882.66089999, -12635706.3191 8182970.5166, -12636071.2709 8182997.9615, -12636248.5849 8183075.4047, -12636395.7876 8183020.7535, -12636544.6861 8182936.306, -12636893.6635 8182853.3375, -12636901.0883 8182799.7422, -12637091.3707 8182556.1734, -12637382.4793 8182504.7012, -12637608.3319 8182534.9702, -12637802.1656 8182527.6491, -12638023.0062 8182569.5935, -12638348.805 8182765.6043, -12638467.0595 8182942.6017, -12638507.8403 8183151.6355, -12638470.1653 8183361.7327, -12638422.6902 8183474.6398, -12638292.5529 8183603.8592, -12638138.8272 8183682.8741, -12638068.3512 8183771.50069999, -12637886.206 8183923.347, -12637783.1961 8184047.3435, -12638004.3032 8184131.8362, -12638234.8653 8184163.31229999, -12638395.8829 8184154.1773, -12638862.9625 8184072.301, -12638911.2378 8184079.8164, -12639093.3279 8184217.1032, -12639173.3952 8184355.9711, -12639193.6653 8184515.0526, -12639135.4716 8184725.7993, -12638951.6611 8184894.6545, -12639009.2748 8184932.8043, -12639190.1722 8185163.412, -12639422.8687 8185350.3247, -12639502.9542 8185489.2103, -12639523.2342 8185648.3151, -12639466.4829 8185853.8724, -12639378.8256 8186091.144, -12639354.283 8186250.87, -12639353.6552 8186394.5535, -12639406.0119 8186658.2541, -12639469.6961 8186806.7488, -12639602.1069 8187037.97959999, -12639622.393 8187197.1169, -12639575.0049 8187368.7684, -12639400.8038 8187623.471, -12639309.9633 8187857.4733, -12639278.4051 8188124.5272, -12639318.7961 8188397.1252, -12639423.6748 8188413.4462, -12639580.4602 8188517.2489, -12639669.574 8188650.584, -12639710.4186 8188859.7715, -12639692.7395 8188937.46019999, -12639875.1635 8189051.4735, -12639841.8623 8188927.7128, -12639828.2854 8188783.4053, -12639846.9948 8188674.5968, -12639893.4528 8188574.4759, -12639964.4257 8188490.0085, -12640083.2961 8188407.3852, -12640268.6796 8188381.4929, -12640377.1836 8188402.06539999, -12640428.1416 8188426.7986, -12640548.0612 8188549.689, -12640675.6716 8188648.6406, -12640977.5748 8188793.8771, -12641068.123 8188878.2355, -12641132.1733 8188998.2496, -12641176.1565 8189352.1879, -12641250.5979 8189597.4027, -12641365.7448 8190309.8234, -12641322.7445 8190518.6269, -12641287.0553 8190570.8543, -12641104.4522 8190689.053, -12640924.0264 8190722.9471, -12640877.8039 8190961.0214, -12640897.5587 8191279.6395, -12640868.5932 8191448.2328, -12640716.0083 8191782.4386, -12640680.4034 8191940.1869, -12640669.7886 8192083.5877, -12640703.727 8192350.5022, -12640823.4903 8192650.6164, -12640844.311 8192911.3434, -12640875.8405 8193069.9847, -12640947.3672 8193254.1404, -12641087.9499 8193488.1223, -12641125.5288 8193680.3945, -12641108.4244 8193779.9677, -12641008.8453 8193948.6026, -12640929.0257 8194012.3226, -12640765.3941 8194065.0702, -12640617.0393 8194052.4481, -12640445.3882 8193959.8182, -12640276.0239 8193900.5898, -12640098.9677 8193871.7191, -12639853.3079 8193870.7438, -12639764.1577 8193844.4491, -12639684.9745 8193795.71679999, -12639572.0473 8193667.3185, -12639540.9124 8193598.3335, -12639519.2773 8193428.5903, -12639532.1095 8193353.9834, -12639631.7917 8193145.7193, -12639681.9803 8192973.2108, -12639701.5026 8192794.59669999, -12639691.0701 8192548.9371, -12639629.5016 8192287.0235, -12639495.1137 8192040.0892, -12639298.1803 8192175.84, -12639233.935 8192187.3235, -12639212.8596 8192350.4446, -12639278.7481 8192404.1756, -12639346.8711 8192496.867, -12639387.7269 8192706.1639, -12639355.3034 8192863.3952, -12639236.8772 8193036.5985, -12639122.193 8193100.448, -12638941.1451 8193132.80309999, -12638733.3946 8193086.1923, -12638567.6053 8192940.3274, -12638468.5277 8192958.0265, -12638406.8563 8192944.1866, -12638218.858 8192810.52049999, -12638142.3534 8192696.0029, -12638005.6463 8192666.4723, -12637862.4924 8192655.7846, -12637613.4307 8192685.2552, -12637394.847 8192765.9716, -12637199.9842 8192893.8736, -12637028.0789 8193076.8217, -12636905.4527 8193296.0005, -12636839.3935 8193538.3941, -12636835.7802 8193807.4922, -12636900.9163 8194070.4286, -12636918.4851 8194257.965, -12636874.3156 8194441.0595, -12636789.9186 8194654.5322, -12636757.5677 8194835.7138, -12636881.8969 8194868.3773, -12637002.7303 8194948.4383, -12637104.7538 8195146.4255, -12637116.8083 8195377.7341, -12637082.9062 8195528.6267, -12637358.12 8195594.27489999, -12637438.874 8195640.3947, -12637507.3066 8195708.5789, -12637588.5067 8195858.4528, -12637612.0854 8196144.7751, -12637660.6109 8196336.3904, -12637715.6435 8196490.3115, -12637812.3938 8196546.7148, -12637879.5567 8196628.4112, -12637942.0673 8196814.1435, -12637938.1769 8196915.14679999, -12637861.5608 8197095.5079, -12637779.4353 8197181.0162, -12637623.6222 8197248.2309, -12637670.9753 8197475.382, -12637627.8286 8197684.3624, -12637537.1703 8197816.8867, -12637395.8191 8197908.2807, -12637222.5196 8197970.0948, -12637066.6618 8198059.2662, -12636915.968 8198186.9756, -12636789.0939 8198345.5484, -12636711.1482 8198395.9352, -12636790.8207 8198534.2247, -12636811.0759 8198693.6146, -12636763.5478 8198865.5114, -12636507.9047 8199187.6565, -12636439.8467 8199314.4175, -12636390.0595 8199449.4356, -12636349.6025 8199697.62, -12636355.8776 8199859.39899999, -12636390.2918 8200051.3583, -12636357.7718 8200208.7303, -12636267.06 8200341.2834, -12636132.2538 8200428.4123, -12636077.1641 8200438.2345, -12636103.1157 8200571.4977, -12636070.5873 8200728.8794, -12635979.864 8200861.4381, -12635845.045 8200948.5678, -12635687.085 8200976.7236, -12635530.5384 8200941.5281, -12635385.3384 8200838.2059, -12635172.4622 8200461.864, -12635052.9887 8200327.6052, -12634915.5067 8200217.7659, -12634830.8 8200081.2866, -12634805.333 8199922.6191, -12634843.06 8199766.4252, -12634938.1143 8199636.9772, -12635033.8281 8199579.5344, -12634977.2386 8199539.261, -12634799.3883 8199324.6676, -12634648.4458 8199202.0177, -12634592.3512 8199117.9629, -12634540.7557 8198892.6828, -12634551.5378 8198830.2468, -12634577.5289 8198789.4575, -12634493.7794 8198723.9987, -12634353.4083 8198748.9935, -12634196.915 8198713.7809, -12634023.4956 8198590.3313, -12633913.9957 8198487.414, -12633876.3096 8198428.00199999, -12633841.2402 8198222.5633, -12633868.5943 8198064.2519, -12633954.8982 8197928.8366, -12634086.7371 8197837.3595, -12634243.6216 8197804.0346, -12634401.1733 8197834.0398, -12634436.3614 8197857.3718, -12634489.9957 8197816.1952, -12634411.2376 8197466.4993, -12634438.5767 8197308.2017, -12634577.3909 8197107.70449999, -12634840.6408 8196990.3329, -12634738.0759 8196850.9043, -12634623.4207 8196736.8939, -12634413.667 8196598.9256, -12634194.3531 8196519.8689, -12633962.9105 8196492.2542, -12633645.1211 8196520.4827, -12633536.1126 8196503.4314, -12633435.3496 8196458.4181, -12633349.8421 8196388.5754, -12633154.4113 8196133.0545, -12632965.1514 8195962.0663, -12632878.8406 8195752.1137, -12632845.8991 8195561.7132, -12632764.2062 8195681.506, -12632665.7339 8195876.0242, -12632519.097 8195997.9153, -12632392.7729 8196149.7794, -12632312.4806 8196290.1966, -12632253.177 8196442.6981, -12632200.5683 8196519.483, -12632066.8001 8196626.0092, -12631980.2595 8196660.0349, -12631870.5879 8196672.1066, -12631761.5816 8196655.0289, -12631676.6833 8196617.0784, -12631382.6554 8196343.809, -12631241.7162 8196243.176, -12631175.0703 8196547.4017, -12631103.0963 8196677.78149999, -12631050.8875 8196811.823, -12631010.4775 8197005.3358, -12631009.2911 8197220.95, -12631047.5725 8197414.9075, -12631130.5846 8197613.8556, -12631219.0186 8197749.3125, -12631314.5523 8197856.7802, -12631438.6622 8197960.4164, -12631630.8892 8198067.8946, -12631781.5885 8198182.9447, -12631861.6667 8198322.1514, -12631881.8158 8198481.5493, -12631749.0515 8198905.9909, -12631717.3668 8199137.3954, -12631742.2522 8199387.6168, -12631826.8293 8199624.3815, -12631954.478 8199819.8645, -12632122.7584 8199981.5719, -12632356.0617 8200115.4587, -12632621.3142 8200187.2259, -12632755.0683 8200275.9589, -12632844.1981 8200409.5862, -12632874.8481 8200567.3405, -12632793.9534 8200966.9202, -12632788.9738 8201225.0819, -12632743.6357 8201443.947, -12632674.3685 8201535.9565, -12632553.0881 8201616.7443, -12632446.5281 8201742.6656, -12632687.6619 8201768.3634, -12632920.1053 8201739.3519, -12633077.734 8201769.4016, -12633480.7881 8202060.1038, -12633644.4651 8202134.126, -12633800.7699 8202175.48269999, -12634051.4678 8202189.9356, -12634385.8937 8202129.8502, -12634637.8206 8202125.7894, -12634793.1836 8202166.1872, -12634920.8543 8202263.5715, -12635002.0509 8202404.586, -12635082.4627 8202666.9582, -12635192.4836 8202852.4683, -12635338.6077 8203011.0104, -12635596.5785 8203210.9111, -12635676.7817 8203350.17149999, -12635702.7434 8203554.7174, -12635703.8584 8203744.1419, -12635658.1867 8203965.0494, -12635551.0099 8204184.1443, -12635455.0483 8204527.9058, -12635435.5961 8204760.8402, -12635464.5317 8204974.7272, -12635545.1764 8205194.0851, -12635673.0177 8205389.6514, -12635827.2862 8205540.3565, -12636081.3781 8205713.08609999, -12636199.939 8205890.6668, -12636287.4429 8206138.2266, -12636470.6379 8206461.9608, -12636497.5618 8206673.91219999, -12636465.703 8206877.5946, -12636464.8425 8207057.61249999, -12636575.7852 8207844.5157, -12636617.1845 8207982.5188, -12636677.355 8208113.4089, -12636932.1765 8208499.6456, -12636962.9452 8208657.55479999, -12636924.7571 8208842.4177, -12636833.6843 8208966.5099, -12636366.6188 8209299.3597, -12636254.6644 8209416.4111, -12636153.4248 8209565.21720001, -12636079.5137 8209729.3763, -12636032.8462 8209912.3346, -12636019.8199 8210109.954, -12636040.8639 8210288.8138, -12636099.4018 8210477.9929, -12636203.026 8210667.4214, -12636343.7065 8210831.1292, -12636508.0004 8210957.46159999, -12636580.8773 8211066.6049, -12636683.3254 8210962.5821, -12636749.9319 8210931.1074, -12636918.469 8210901.0433, -12637179.1172 8210978.3932, -12637299.3652 8211117.7897, -12637342.6078 8211262.1295, -12637332.3666 8211563.2397, -12637366.5645 8211910.2398, -12637306.6002 8212084.9532, -12637223.3923 8212234.588, -12637168.7979 8212376.8782, -12637082.119 8212500.7772, -12636942.9886 8212594.0358, -12636812.7148 8212621.9857, -12636882.2119 8212930.403, -12636861.3713 8213068.6915, -12636807.0068 8213148.1409, -12636898.9472 8213295.997, -12636946.6022 8213540.57909999, -12636910.154 8213667.209, -12636932.0563 8213779.6197, -12636899.4855 8213937.2829, -12636808.6135 8214070.08529999, -12636618.7189 8214211.1333, -12636471.7118 8214379.6605, -12636321.7822 8214476.5657, -12636163.5361 8214504.7804, -12635883.0632 8214479.6219, -12635669.818 8214512.3865, -12635420.422 8214614.4354, -12635218.7899 8214765.0832, -12635050.0315 8214975.4601, -12634977.0493 8215120.28419999, -12634928.9118 8215269.3224, -12634844.7444 8215392.2565, -12634866.7648 8215684.3875, -12634823.4296 8215893.8599, -12634702.6389 8216070.27929999, -12634451.6363 8216216.3442, -12634300.5274 8216344.3078, -12634186.5833 8216483.80619999, -12634091.2788 8216657.5226, -12634063.707 8216753.0804, -12634201.5573 8216872.5059, -12634266.6348 8217005.103, -12634244.9408 8217238.552, -12634339.8924 8217297.0874, -12634420.7133 8217389.7811, -12634475.2749 8217588.8469, -12634437.1573 8217795.8369, -12634363.7713 8217926.0468, -12634306.2631 8218077.7741, -12634245.813 8218432.9871, -12634202.4307 8218534.9649, -12634133.9394 8218622.0303, -12634045.1023 8218688.1266, -12633942.1042 8218728.6513, -12633797.7062 8218744.5798, -12633630.1392 8218718.5889, -12633468.1299 8218716.3295, -12633294.6171 8218732.0594, -12633211.4409 8218785.7687, -12633053.0917 8218813.9324, -12632885.9481 8218771.3055, -12632801.0177 8218804.7063, -12632691.0206 8218816.8231, -12632584.0321 8218801.2377, -12632506.8887 8218819.1192, -12632488.7938 8218923.1453, -12632527.0158 8219019.8378, -12632751.9213 8219183.6867, -12632922.5892 8219192.8366, -12633243.8787 8219167.8968, -12633347.7807 8219198.6444, -12633437.2026 8219245.9249, -12633498.2398 8219296.332, -12633558.6386 8219401.2773, -12633596.1272 8219594.1498, -12633563.4593 8219751.9207, -12633509.1788 8219831.1705, -12633473.8654 8219958.6572, -12633413.8739 8220040.3175, -12633219.3974 8220165.8987, -12633096.7384 8220181.6301, -12632806.0664 8220551.0012, -12632632.5294 8220663.0409, -12632600.646 8220667.62569999, -12632628.7396 8220730.0314, -12632655.6022 8220942.4015, -12632613.816 8221166.9924, -12632620.2035 8221383.2144, -12632665.4018 8221576.3309, -12632746.5565 8221757.2637, -12632860.6877 8221919.362, -12633003.6025 8222056.6667, -12633170.0493 8222164.1295, -12633353.9106 8222237.7989, -12633566.3947 8222276.4763, -12633764.3758 8222272.311, -12633930.5055 8222238.685, -12633878.925 8221950.1216, -12633886.1211 8221716.3229, -12633852.2105 8221508.4904, -12633888.6648 8221297.5435, -12633911.9528 8221251.5074, -12634098.4857 8221122.0896, -12634255.8628 8221088.6644, -12634552.1078 8221127.5385, -12634713.7479 8221115.6171, -12634981.626 8221060.4122, -12635139.6734 8221090.4994, -12635273.8322 8221179.4388, -12635507.3191 8221522.3064, -12635702.0037 8221709.214, -12635938.3531 8221839.2715, -12636324.2327 8221946.9198, -12636752.0192 8222266.036, -12637028.5323 8222739.382, -12637069.4821 8222949.5418, -12637025.3768 8223163.0465, -12636948.6565 8223376.7216, -12637047.4453 8223260.8783, -12637145.9042 8223110.3477, -12637381.6781 8222962.4683, -12637443.5618 8222705.9014, -12637528.6207 8222540.4024, -12637590.3421 8222344.303, -12637705.2724 8222163.7835, -12637837.4981 8222071.9451, -12637994.879 8222038.4362, -12638152.959 8222068.4632, -12638462.5706 8222252.9035, -12638614.0215 8222368.3119, -12638794.7767 8222657.8639, -12638905.8397 8222776.1646, -12639071.5505 8222907.3715, -12639152.029 8223046.9641, -12639172.3977 8223206.8725, -12639118.5081 8223401.9954, -12639091.8107 8223435.9788, -12639074.4292 8223506.9654, -12638962.2732 8223741.3041, -12638913.3828 8223947.2062, -12639133.9259 8224055.3848, -12639536.336 8224167.2367, -12639667.2567 8224337.4967, -12639712.4499 8224534.2224, -12639667.4065 8224721.2194, -12639540.5905 8224876.8161, -12639393.5358 8224968.0236, -12639269.7613 8225072.9792, -12639112.756 8225272.8914, -12639195.5035 8225403.915, -12639223.7477 8225556.63069999, -12639212.0989 8225644.4933, -12639119.1734 8225874.6738, -12639084.0098 8226051.68199999, -12639087.2842 8226304.0307, -12639167.209 8226631.1937, -12639071.2585 8226950.0796, -12639135.4227 8227018.6344, -12639203.3664 8227147.0445, -12639253.9516 8227420.7446, -12639334.0225 8227621.8364, -12639420.5787 8227759.2787, -12639664.6743 8228058.1465, -12639705.9702 8228237.9108, -12639661.1706 8228423.89199999, -12639687.2449 8228462.9075, -12639752.5152 8228747.0287, -12639721.9114 8228858.0824, -12639575.8197 8229058.4987, -12639485.2809 8229274.7682, -12639454.6659 8229415.9912, -12639443.968 8229560.111, -12639487.7243 8229889.2341, -12639454.7683 8230049.0234, -12639329.9719 8230232.8525, -12639152.0388 8230296.2806, -12638994.0004 8230302.1565, -12638834.3079 8230331.0649, -12638618.3043 8230414.89410001, -12638731.546 8230584.3897, -12638790.8143 8230773.0036, -12638857.6282 8230915.7716, -12638890.0037 8231081.71689999, -12638860.2943 8231225.7063, -12638930.6512 8231148.15779999, -12639017.5909 8231091.9251, -12639149.3478 8231054.5832, -12639303.7877 8231052.8544, -12639561.5026 8231174.7288, -12639807.8575 8231228.3162, -12640041.9716 8231223.1953, -12640287.2433 8231158.7893, -12640454.9787 8231166.0723, -12640628.1714 8231257.434, -12640746.0453 8231421.737, -12640779.9607 8231577.322, -12640828.742 8231713.3716, -12640895.9517 8231841.2978, -12640991.9494 8231972.4111, -12641163.952 8232131.6348, -12641376.0154 8232251.67, -12641429.1732 8232240.1272, -12641469.2667 8232073.5135, -12641564.624 8231943.4213, -12641702.7589 8231860.3587, -12641862.2061 8231837.231, -12642018.1858 8231877.6318, -12642146.4603 8231975.2841, -12642227.0936 8232115.0141, -12642247.552 8232275.1091, -12642201.804 8232441.0142, -12642233.2085 8232487.9711, -12642264.1858 8232646.3681, -12642231.6423 8232804.4543, -12642204.7233 8232843.8535, -12642368.1321 8232833.0697, -12642746.6885 8232752.7357, -12642932.7087 8232683.9022, -12643087.6402 8232591.4748, -12643458.8226 8232276.5512, -12643548.1118 8232162.9726, -12643669.5309 8231921.35, -12643729.5899 8231654.5574, -12643886.2152 8231392.6223, -12643930.6511 8231257.3773, -12643894.7384 8231231.8826, -12643809.5163 8231094.9347, -12643783.7557 8230935.6355, -12643821.4563 8230778.7455, -12643935.0819 8230637.6178, -12643860.3573 8230416.1864, -12643742.8715 8230192.7807, -12643652.5066 8230080.111, -12643541.1787 8229976.1628, -12643453.352 8229835.0145, -12643427.6031 8229675.7411, -12643465.3047 8229518.87969999, -12643560.5945 8229388.8057, -12643661.0839 8229328.343, -12643605.474 8229280.80569999, -12643548.9592 8229196.3373, -12643508.7745 8229021.8237, -12643536.0409 8228862.8216, -12643622.5313 8228726.7352, -12643669.1427 8228694.3068, -12643553.2376 8228529.7631, -12643366.6164 8228360.1179, -12643127.701 8228234.3391, -12642812.4151 8228154.3754, -12642563.4391 8227961.6899, -12642478.2787 8227824.7869, -12642452.5365 8227665.4248, -12642475.1349 8227525.18, -12642478.2288 8227380.73480001, -12642430.1133 8227114.7299, -12642343.0089 8226916.6091, -12642172.8224 8226657.4965, -12642110.6346 8226488.7189, -12642032.4991 8226433.2211, -12641976.1173 8226348.9135, -12641935.9847 8226174.4585, -12641971.0721 8225895.9161, -12642086.4644 8225711.2305, -12642134.0428 8225481.7207, -12642126.2701 8225229.4979, -12642037.3593 8224830.5972, -12642064.641 8224671.6899, -12642151.1089 8224535.6969, -12642283.3226 8224443.7501, -12642440.7344 8224410.1364, -12642598.8839 8224440.0786, -12642733.1931 8224528.9239, -12642788.569 8224611.7088, -12643019.0453 8224572.6069, -12643134.2502 8224533.3736, -12643101.0153 8224452.0984, -12642980.918 8224272.2145, -12642824.9611 8224120.3801, -12642737.366 8223989.4292, -12642695.6627 8223741.1739, -12642743.7814 8223460.7453, -12642886.6687 8223177.74979999, -12642961.2797 8222830.7268, -12643056.6179 8222687.3684, -12643124.4212 8222539.8571, -12643239.7004 8222090.3303, -12643334.8977 8221960.3882, -12643472.827 8221877.4022, -12643758.615 8221817.6347, -12643746.4128 8221718.9013, -12643784.0658 8221562.2053, -12643879.247 8221432.2653, -12644017.1605 8221349.2749, -12644187.0626 8221317.7984, -12644386.2787 8221239.66099999, -12644421.1829 8221160.0593, -12644463.7162 8220978.5978, -12644550.0971 8220842.6434, -12644682.2152 8220750.6986, -12644712.0339 8220744.3212, -12644432.7557 8220680.1021, -12644287.047 8220576.6774, -12644229.913 8220491.3174, -12644145.0261 8220273.0565, -12644055.9255 8220129.5492, -12644001.2262 8219902.1433, -12643934.4253 8219734.6879, -12643860.692 8219610.6927, -12643670.4783 8219355.5297, -12643590.5437 8219140.1748, -12643420.108 8218868.5077, -12643270.7582 8218712.3717, -12643076.3209 8218582.3544, -12642857.6767 8218499.4806, -12642644.0418 8218468.5395, -12642393.2484 8218489.5114, -12642171.2617 8218562.9265, -12642000.3153 8218662.8692, -12641832.844 8218814.1742, -12641650.3673 8218932.301, -12641438.5541 8219003.4783, -12641215.7297 8219135.4036, -12641057.4025 8219163.7398, -12640647.0546 8219073.6125, -12640503.5963 8219060.424, -12640347.7664 8219068.2952, -12640122.2871 8219017.7457, -12639991.1131 8218924.5235, -12639899.3322 8218776.8661, -12639749.3222 8218399.11609999, -12639600.1873 8218363.7968, -12639454.5916 8218260.3102, -12639398.3004 8218176.0759, -12639358.2708 8218001.7987, -12639394.5513 8217790.9223, -12639439.4616 8217698.3007, -12639061.8789 8217093.381, -12639027.8563 8216882.1534, -12639065.5835 8216725.5829, -12639160.7836 8216595.788, -12639325.4883 8216485.69, -12639416.6878 8216398.2385, -12639425.7766 8216275.7771, -12639407.757 8216096.4403, -12639328.3381 8215747.2434, -12639355.6428 8215588.5394, -12639457.5107 8215416.9695, -12639522.7192 8215249.0026, -12639611.3548 8214772.5386, -12639649.696 8214657.6414, -12639802.1771 8214417.9882, -12640001.6351 8214211.2047, -12640088.5732 8214076.092, -12640057.3581 8213798.5674, -12640012.0135 8213605.6959, -12639932.3456 8213427.8596, -12639906.3626 8213266.6696, -12639944.0524 8213110.1705, -12640039.0976 8212980.5538, -12639987.1303 8212985.1249, -12639753.5645 8212890.16049999, -12639629.9565 8212890.8251, -12639365.7904 8212943.4578, -12639115.6225 8213066.51879999, -12638939.999 8213097.9003, -12638748.7568 8213054.9897, -12638645.8206 8212991.6169, -12638484.3908 8212851.1387, -12638226.5611 8212689.882, -12638128.5752 8212549.6492, -12638102.4372 8212355.5993, -12638051.8709 8212385.8237, -12637809.9909 8212419.50680001, -12637558.0945 8212251.8417, -12637504.7229 8212159.2231, -12637475.4764 8211985.3841, -12637546.0231 8211672.4331, -12637553.2216 8211438.5791, -12637518.0915 8211243.645, -12637431.2192 8210996.0738, -12637414.7874 8210763.27, -12637368.3331 8210496.1094, -12637396.7016 8210331.476, -12637454.2346 8210231.5237, -12637629.5963 8210109.7289, -12637786.725 8210076.2761, -12637944.5507 8210106.2574, -12638344.2919 8210363.7601, -12638691.6376 8210486.8494, -12638832.7645 8210514.9887, -12638976.4278 8210523.1754, -12639119.8301 8210511.2502, -12639261.3892 8210479.0691, -12639133.1453 8210390.4498, -12638987.3782 8210320.0011, -12638832.4069 8210273.2605, -12638428.1197 8210199.8372, -12638297.1216 8210106.6965, -12638184.372 8209925.2147, -12638149.4952 8209726.2899, -12638091.7462 8209555.7503, -12637948.8695 8209320.5599, -12637901.9 8209079.67589999, -12637927.7044 8208905.0291, -12637925.3929 8208724.979, -12637863.7573 8208462.4825, -12637794.7737 8208315.8641, -12637703.7469 8208181.8632, -12637606.13 8208076.0179, -12637432.1622 8207928.8262, -12637375.7864 8207637.1045, -12637387.806 8207571.5537, -12637657.8649 8207158.312, -12637761.508 8206851.72119999, -12637872.0007 8206666.692, -12637968.0001 8206437.1892, -12638163.4423 8206318.4437, -12638322.3527 8206295.4666, -12638477.7791 8206335.7994, -12638746.1645 8206537.1437, -12638937.7464 8206636.0155, -12639127.9338 8206689.7653, -12639394.0717 8206703.6005, -12639524.6982 8206742.1369, -12639639.4327 8206823.685, -12639727.1465 8206943.8079, -12639747.5743 8206996.478, -12639783.5393 8207241.4325, -12639824.9949 8207379.407, -12639894.0101 8207525.9883, -12639988.2324 8207670.8489, -12640040.2194 8207925.9482, -12640093.5701 8208078.9632, -12640242.3033 8208321.6347, -12640284.4834 8208423.9546, -12640298.4892 8208533.7655, -12640283.3454 8208643.4254, -12640240.1038 8208745.3054, -12640009.7315 8209063.7589, -12639944.5667 8209212.1383, -12639906.7293 8209351.1918, -12639887.7144 8209512.1798, -12639894.0731 8209674.16920001, -12639920.9154 8209815.7748, -12639977.5802 8209988.2435, -12640082.4466 8209946.8839, -12640404.2097 8209959.4965, -12640657.8794 8209910.27839999, -12640641.0841 8209769.5282, -12640604.4338 8209630.1476, -12640403.2638 8209201.2807, -12640400.7277 8209159.6567, -12640454.896 8208934.6625, -12640521.9246 8208836.6009, -12640631.0227 8208755.2798, -12640728.0221 8208724.3038, -12640963.4114 8208745.132, -12641072.1854 8208807.1858, -12641354.8506 8209198.6046, -12641511.7893 8209356.0653, -12641606.3223 8209299.21899999, -12641765.2863 8209276.1594, -12641920.7941 8209316.4367, -12642048.681 8209413.7931, -12642129.0716 8209553.1005, -12642149.4696 8209712.7122, -12642100.3986 8209890.6766, -12642024.0017 8210051.556, -12642040.363 8210025.82329999, -12642172.319 8209934.055, -12642329.4241 8209900.5066, -12642487.2655 8209930.3907, -12642621.3129 8210019.0635, -12642740.0986 8210196.6435, -12642816.7726 8210416.62479999, -12642927.1004 8210602.2149, -12643021.0806 8210711.3788, -12643129.3146 8210806.3775, -12643249.6959 8210885.3608, -12643385.8359 8210949.047, -12643527.0186 8211056.4811, -12643607.4544 8211195.8035, -12643627.8884 8211355.4463, -12643580.4343 8211527.6794, -12643520.6217 8211609.3305, -12643370.8389 8211706.3434, -12643041.5949 8211772.3906, -12642743.2754 8211918.4243, -12642624.0527 8212098.7832, -12642493.9 8212249.9727, -12642401.1259 8212415.0593, -12642560.1865 8212508.49069999, -12642649.6384 8212642.2213, -12642680.5452 8212800.1954, -12642648.1004 8212957.8644, -12642479.3986 8213207.5964, -12642423.6573 8213320.9358, -12642532.299 8213493.4163, -12642656.7268 8213623.5231, -12642877.7469 8213773.4601, -12642908.4903 8213768.9955, -12643064.0981 8213809.2738, -12643192.077 8213906.6698, -12643274.0798 8214048.7221, -12643410.7649 8214522.2577, -12643550.8017 8214815.3203, -12643707.9394 8214907.5037, -12643797.4405 8215041.2638, -12643841.6018 8215218.5684, -12643905.6154 8215367.5961, -12643992.1156 8215504.7592, -12644086.173 8215613.9819, -12644194.4915 8215709.0281, -12644330.7621 8215796.7168, -12644496.1132 8215867.7582, -12644665.803 8215908.9005, -12644799.9839 8215997.606, -12644889.5177 8216131.3727, -12644955.6997 8216458.0168, -12645032.2999 8216660.1221, -12645160.5868 8216855.8284, -12645315.2852 8217006.5706, -12645434.3949 8217087.6797, -12645563.6161 8217151.3918, -12645841.3049 8217225.0645, -12645976.5196 8217314.423, -12646164.4367 8217515.28149999, -12646329.0832 8217625.2795, -12646511.6603 8217701.7815, -12646873.3601 8217796.4322, -12647001.4575 8217893.8153, -12647082.0318 8218033.2286, -12647136.2465 8218430.5487, -12647175.4868 8218569.3975, -12647245.6456 8218732.4262, -12647272.9189 8218944.6895, -12647225.4996 8219117.1209, -12647122.8371 8219257.40739999, -12646893.566 8219429.231, -12646731.1187 8219621.8335, -12646632.447 8219814.198, -12646558.723 8220062.3262, -12646498.8734 8220144.0947, -12646228.8234 8220321.9964, -12646070.401 8220468.9543, -12645964.0699 8220614.4863, -12645862.5902 8220839.096, -12645763.7709 8220983.8845, -12645623.6636 8221072.32989999, -12645604.9864 8221259.6305, -12645639.1348 8221509.5096, -12645732.6183 8221743.697, -12645884.2421 8221950.4965, -12646041.7225 8221916.7215, -12646199.8344 8221946.5768, -12646297.613 8222011.1891, -12646347.4442 8221976.49319999, -12646647.5342 8221919.4597, -12646854.4895 8221972.9185, -12646905.0316 8222011.343, -12647015.3454 8222221.7568, -12647211.9618 8222302.6293, -12647801.0893 8222428.2451, -12647945.216 8222428.7169, -12648105.6206 8222405.2351, -12648260.3816 8222356.9024, -12648417.4187 8222278.8711, -12648626.419 8222234.05919999, -12648784.5482 8222263.8606, -12648918.8933 8222352.5684, -12649123.9521 8222631.6019, -12649221.7574 8222800.633, -12649293.088 8223061.1771, -12649442.7562 8223318.9367, -12649468.4325 8223449.5506, -12649576.7992 8223531.8749, -12649720.3859 8223607.3082, -12649873.9866 8223659.3087, -12650060.2346 8223696.3712, -12650194.6205 8223785.073, -12650284.3446 8223918.9155, -12650315.4591 8224077.098, -12650283.1251 8224235.0396, -12650192.3646 8224368.1899, -12650057.2819 8224455.8514, -12649620.0905 8224548.399, -12649559.1861 8224719.0418, -12649537.9916 8224850.5029, -12649744.5199 8225162.6208, -12649819.2753 8225531.7411, -12649904.3811 8225750.0971, -12650013.2377 8225915.9275, -12650189.7702 8226088.5543, -12650283.349 8226228.1476, -12650314.4727 8226386.3791, -12650282.1283 8226544.3695, -12650191.3391 8226677.5611, -12650056.2145 8226765.2493, -12649897.757 8226793.80259999, -12649624.754 8226750.2875, -12649404.5844 8226765.5278, -12649184.1285 8226716.3858, -12648999.0677 8226617.3803, -12648830.0361 8226563.5538, -12648595.3546 8226530.8511, -12648341.4252 8226554.5627, -12648184.2784 8226519.51, -12647810.1414 8226247.4636, -12647615.4544 8226150.36029999, -12647514.2765 8226169.623, -12647354.5277 8226133.97129999, -12647218.5039 8226059.9852, -12647016.6213 8225999.3326, -12647016.8655 8226218.712, -12647047.2439 8226388.7339, -12647014.83 8226546.7099, -12646936.5659 8226679.9875, -12646876.6052 8226830.9666, -12646841.2536 8226980.7004, -12646878.3668 8227011.0176, -12647123.5435 8227123.9555, -12647476.7141 8227197.41439999, -12647631.9562 8227299.9604, -12647736.8365 8227402.3363, -12647873.8443 8227501.5298, -12647963.5706 8227635.4669, -12647994.6506 8227793.7377, -12647956.7421 8228025.4343, -12648025.9817 8228078.0575, -12648141.9225 8228278.6028, -12648190.5639 8228465.8022, -12648266.2029 8228629.6754, -12648361.1256 8228766.412, -12648417.1131 8228804.5251, -12648510.0262 8228917.5226, -12648643.4486 8229010.0102, -12648789.674 8229080.4486, -12648945.1009 8229127.1018, -12649334.584 8229200.8576, -12649473.8533 8229296.7903, -12649530.4985 8229307.4599, -12649664.9789 8229396.23879999, -12649754.7605 8229530.1887, -12649785.8863 8229688.4925, -12649753.5158 8229846.5504, -12649683.522 8229949.218, -12649718.6326 8229955.8304, -12649853.127 8230044.6137, -12649942.9196 8230178.5733, -12649974.0521 8230336.8901, -12649941.6825 8230494.9627, -12649896.2534 8230577.3513, -12650170.6038 8230965.5347, -12650289.936 8231075.728, -12650445.9348 8231184.371, -12650596.3371 8231404.3037, -12650705.6416 8231524.4977, -12650938.5143 8231696.2438, -12651110.7286 8231984.7416, -12651141.8933 8232143.0924, -12651100.2654 8232346.5376, -12651440.6909 8232311.5274, -12651647.9711 8232364.929, -12651776.3815 8232462.4219, -12651866.867 8232618.7561, -12651938.7804 8232840.6819, -12652074.0978 8232831.8778, -12652230.1555 8232872.0695, -12652358.5823 8232969.559, -12652439.4191 8233109.1978, -12652460.1001 8233269.2877, -12652428.169 8233516.8238, -12652632.0005 8233473.2466, -12652694.4581 8233484.9839, -12652762.0971 8233529.5959, -12652906.4143 8233525.7291, -12653057.4811 8233554.1107, -12653201.6274 8233644.2521, -12653291.5238 8233778.2365, -12653337.9922 8234025.2779, -12653327.0589 8234164.1858, -12653450.3531 8234324.6673, -12653579.9829 8234444.2635, -12653924.8619 8234680.6026, -12654005.7466 8234820.2566, -12654032.1421 8235009.6787, -12653971.8206 8235274.9884, -12653967.1367 8235509.0947, -12654082.968 8236100.5972, -12654405.27 8236293.5659, -12654742.6677 8236387.3055, -12654921.558 8236505.2223, -12655011.5198 8236639.2374, -12655050.3263 8236835.8752, -12655214.6992 8236833.165, -12655408.027 8236869.4242, -12655542.7146 8236958.1877, -12655662.2374 8237136.2069, -12655666.908 8237171.2396, -12655712.5988 8237205.891, -12655836.136 8237372.9228, -12655964.5551 8237502.7431, -12656107.4381 8237749.2857, -12656178.059 8238085.9606, -12656138.2562 8238328.0504, -12656047.426 8238461.52399999, -12655912.1545 8238549.4568, -12655791.9907 8238571.2065, -12655784.2667 8238609.0749, -12655557.666 8238943.3261, -12655514.2036 8239030.1613, -12655529.5142 8239151.0391, -12655500.4298 8239282.2413, -12655406.7774 8239416.1446, -12655399.6413 8239528.8244, -12655421.2317 8239708.3389, -12655467.0279 8239864.5144, -12655545.7889 8240027.2133, -12655765.9669 8240367.7567, -12655786.7388 8240527.9936, -12655739.3757 8240700.9792, -12655679.4587 8240783.0482, -12655474.8553 8240957.5872, -12655335.0556 8241145.7551, -12655263.81 8241192.0585, -12655135.4907 8241471.5313, -12655047.4804 8241868.6943, -12654956.587 8242002.2175, -12654821.2377 8242090.1716, -12654662.4705 8242118.8835, -12654474.0448 8242077.0195, -12654310.6812 8242107.9858, -12654153.1769 8242072.9843, -12654052.8005 8241995.3034, -12654020.8082 8242016.0879, -12653862.0395 8242044.7823, -12653764.7552 8242023.1575, -12653689.0601 8242077.1177, -12653530.2889 8242105.8052, -12653367.8509 8242067.7131, -12653158.4563 8242217.7459, -12653059.6258 8242323.3668, -12652967.212 8242457.3202, -12652884.3957 8242638.1127, -12652837.5344 8242831.4178, -12652828.3529 8243030.1338, -12652861.2786 8243253.5837, -12652828.9124 8243411.9426, -12652737.9602 8243545.4658, -12652602.557 8243633.3971, -12652443.7481 8243662.0671, -12652286.22 8243627.01839999, -12652139.9523 8243523.4258, -12652083.3268 8243439.0002, -12652042.8666 8243264.1977, -12652078.9154 8243052.5419, -12652153.5864 8242893.1107, -12652196.2152 8242754.7739, -12652219.2092 8242611.8427, -12652222.1218 8242467.0997, -12652173.5627 8242200.6166, -12652057.815 8241955.8111, -12651971.1646 8241839.9632, -12651869.2654 8241737.3235, -12651530.6204 8241497.9355, -12651348.7702 8241418.117, -12651119.0882 8241361.8486, -12651029.5468 8241295.21899999, -12650872.5189 8241392.8724, -12650713.7511 8241421.4971, -12650556.2789 8241386.4226, -12650424.5789 8241293.1017, -12650252.1327 8241058.205, -12650145.0449 8240961.034, -12650025.5019 8240879.7378, -12649793.4416 8240780.2333, -12649544.2482 8240739.916, -12649408.4488 8240743.7193, -12649241.5452 8240706.5133, -12649095.3776 8240602.9019, -12649038.8088 8240518.4864, -12648998.4357 8240343.7364, -12649034.5563 8240132.1794, -12649110.9756 8239941.189, -12649149.2308 8239727.743, -12649146.6426 8239546.9494, -12649112.7556 8239369.3571, -12649023.722 8239152.1155, -12648822.927 8238845.2341, -12648780.6368 8238694.4249, -12648713.7336 8238546.1177, -12648642.9086 8238438.1812, -12648295.3352 8238353.5438, -12648054.1625 8238183.3976, -12647911.6516 8238105.2789, -12647758.6987 8238050.4524, -12647413.6494 8237972.3293, -12647267.561 8237868.7206, -12647211.0336 8237784.3225, -12647170.718 8237609.627, -12647197.939 8237450.4279, -12647437.6854 8237043.03909999, -12647206.2739 8236873.2594, -12646916.0522 8236822.3186, -12646784.4792 8236728.9913, -12646657.1927 8236504.0432, -12646411.4785 8236430.2033, -12646267.6741 8236417.0933, -12646109.0037 8236424.4421, -12645995.183 8236404.3183, -12645804.2085 8236268.8198, -12645672.3968 8236119.671, -12645521.639 8235874.9161, -12645270.559 8235883.5167, -12645095.9095 8235844.4823, -12644921.1893 8235720.48489999, -12644798.0609 8235567.3716, -12644664.4506 8235445.9555, -12644527.8173 8235358.039, -12644368.9035 8235289.1408, -12644210.7311 8235176.8642, -12644169.8672 8235122.1405, -12643923.1277 8235120.5039, -12643762.2522 8235084.5175, -12643395.8073 8234798.7044, -12643152.4451 8234681.2528, -12642450.038 8234496.3417, -12642251.7762 8234490.3409, -12642008.0982 8234527.4841, -12641887.5188 8234500.4791, -12641910.1433 8234678.2406, -12642012.5008 8234928.6721, -12642163.4752 8235131.0795, -12642374.2159 8235300.4013, -12642502.5927 8235366.5791, -12642638.916 8235414.2128, -12642780.5315 8235442.3746, -12642924.6818 8235450.5157, -12643201.3942 8235409.9841, -12643383.2793 8235707.7886, -12643414.294 8235866.2495, -12643381.7603 8236024.4091, -12643250.9832 8236215.8761, -12643105.369 8236333.2512, -12642986.4717 8236469.1844, -12642766.0807 8236824.9848, -12642820.9373 8236892.5125, -12643035.3852 8237261.6855, -12643210.6655 8237498.1778, -12643251.8688 8237708.72119999, -12643219.3233 8237866.9192, -12643128.2681 8238000.2243, -12642992.8541 8238087.9145, -12642647.3237 8238159.15999999, -12642496.9907 8238220.8352, -12642348.2853 8238310.1104, -12642189.5527 8238338.5406, -12642032.1874 8238303.3002, -12641886.1684 8238199.5811, -12641829.7 8238115.1386, -12641777.1288 8237886.5818, -12641752.1176 8237691.4711, -12641682.5032 8237486.2016, -12641549.6858 8237271.3068, -12641361.8865 8237149.1057, -12641248.6561 8236967.0084, -12641077.0751 8236424.3476, -12640941.219 8236174.6732, -12640786.4826 8235986.728, -12640671.1173 8235801.1657, -12640645.4085 8235641.7554, -12640687.3605 8235467.5016, -12640913.0247 8235157.3312, -12640832.0399 8235143.6356, -12640598.1245 8235156.9693, -12640373.1955 8235222.6668, -12640156.2335 8235343.905, -12639997.5559 8235372.27750001, -12639840.264 8235337.0052, -12639694.3341 8235233.2848, -12639637.9128 8235148.8593, -12639553.3366 8234878.1791, -12639453.4159 8234706.5224, -12639282.2264 8234520.98089999, -12639087.4482 8234390.58030001, -12638885.8487 8234312.0178, -12638672.352 8234277.1552, -12638474.1577 8234284.9221, -12638098.3425 8234351.1274, -12637941.0815 8234315.8198, -12637795.1985 8234212.0768, -12637758.1956 8234156.6775, -12637597.0914 8234122.0504, -12637451.217 8234018.3033, -12637394.8304 8233933.8748, -12637354.7658 8233759.2179, -12637382.1819 8233600.1387, -12637468.8403 8233464.0391, -12637511.207 8233427.9081, -12637393.1052 8233504.2617, -12637066.8271 8233564.5874, -12636896.0302 8233622.5941, -12636737.8798 8233709.4276, -12636599.8552 8233819.9327, -12636411.2252 8233941.8486, -12636252.5646 8233970.1356, -12636046.9551 8233923.9186, -12635942.0261 8233838.268, -12635901.3304 8233785.2575, -12635806.5161 8233383.4345, -12635620.8552 8233501.8992, -12635546.8077 8233749.5332, -12635455.667 8233882.6696, -12635320.2389 8233970.171, -12634868.4267 8234055.7262, -12634611.5568 8234167.6013, -12634492.2207 8234197.1132, -12634393.0614 8234203.2879, -12634177.3997 8234154.7541, -12634133.6567 8234475.5525, -12634115.8062 8234521.6815, -12634024.5119 8234645.96809999, -12633873.188 8234743.6983, -12633717.7317 8234788.9868, -12633586.5767 8234849.4237, -12633392.3561 8234987.238, -12633470.7125 8235112.4274, -12633587.8505 8235669.4017, -12633663.2381 8235833.5802, -12633766.3439 8235987.1593, -12633790.3498 8236089.2444, -12633746.8605 8236299.283, -12633655.6559 8236432.4424, -12633433.6015 8236565.4801, -12633641.3485 8236696.091, -12633793.1836 8236753.8614, -12633953.399 8236789.2962, -12634087.8255 8236878.4466, -12634177.4138 8237012.7182, -12634218.3582 8237223.2962, -12634212.8673 8237365.2165, -12634227.227 8237509.1704, -12634304.0268 8237760.7646, -12634354.2421 8238019.0001, -12634395.4349 8238027.8125, -12634556.5158 8238127.1133, -12634643.4005 8238232.90079999, -12634691.2902 8238361.2174, -12634694.9944 8238498.1619, -12634622.3759 8238694.8763, -12634777.326 8238835.0708, -12634961.1817 8238943.0204, -12635153.0453 8239122.0716, -12635258.8979 8239283.06360001, -12635383.6257 8239413.7457, -12635613.6519 8239568.4077, -12635869.5659 8239655.591, -12636030.912 8239674.808, -12636211.2015 8239666.2244, -12636370.0009 8239631.7656, -12636532.5398 8239567.3762, -12636712.876 8239541.3482, -12636886.1758 8239586.3648, -12636983.3065 8239655.4572, -12637053.6175 8239753.56679999, -12637098.0599 8239919.8712, -12637068.352 8240140.0977, -12636983.2858 8240383.2113, -12636959.876 8240580.684, -12636974.5099 8240779.0085, -12637049.4183 8241112.9184, -12637018.1829 8241421.4868, -12637021.6653 8241584.2582, -12637050.5243 8241744.4832, -12637104.0508 8241898.2162, -12637190.8342 8242056.8189, -12637291.4139 8242184.7221, -12637410.7322 8242295.2889, -12637561.6982 8242394.511, -12637727.5738 8242465.9617, -12637903.317 8242507.4688, -12638137.7312 8242514.7028, -12638380.0194 8242471.6224, -12638567.1178 8242502.33869999, -12638729.6486 8242504.49759999, -12638872.8473 8242484.9964, -12639019.4551 8242443.0443, -12639130.1367 8242434.4587, -12639246.2354 8242456.4956, -12639329.2107 8242495.4471, -12639398.984 8242550.2559, -12639471.4535 8242644.5639, -12639513.8142 8242747.361, -12639527.8694 8242857.68, -12639512.6402 8242967.8433, -12639487.8275 8243028.707, -12639796.0362 8243213.694, -12639882.7269 8243376.2139, -12639904.5377 8243511.5497, -12639881.3001 8243646.6491, -12639792.8922 8243808.2511, -12639752.6423 8243840.3677, -12639551.0103 8243924.1517, -12640011.9499 8243740.7838, -12640454.7679 8243748.8146, -12640563.8632 8243769.5023, -12640663.7649 8243818.0456, -12640747.5208 8243891.0672, -12640901.9386 8244119.5873, -12640996.3095 8244229.2715, -12641119.4942 8244335.5675, -12641259.2414 8244423.158, -12641397.8617 8244552.3033, -12641462.3916 8244673.2165, -12641529.547 8245058.53679999, -12641583.1898 8245212.3066, -12641661.1795 8245359.865, -12641681.66 8245520.24580001, -12641633.9361 8245693.2547, -12641573.8239 8245775.2624, -12641423.3226 8245872.6755, -12641231.2441 8245907.0515, -12640956.305 8245926.8413, -12640783.3299 8245979.0163, -12640522.9931 8246100.0188, -12640413.6536 8246119.574, -12640295.1124 8246109.1092, -12640195.2055 8246073.9978, -12639919.8336 8245905.7098, -12639797.896 8245784.283, -12639623.687 8245450.2075, -12639535.1828 8245335.6909, -12639431.6328 8245234.6279, -12639236.5724 8245104.0416, -12639008.6588 8245018.6601, -12638871.611 8245060.0508, -12638740.3152 8245120.6613, -12638522.1347 8245280.8607, -12638424.9093 8245388.0436, -12638343.5182 8245507.7393, -12638279.5459 8245637.6189, -12638233.4373 8245777.1859, -12638121.6686 8245919.5111, -12638006.9038 8245989.7891, -12637817.4719 8246021.129, -12637426.5148 8245906.6422, -12637146.2916 8245894.3008, -12636835.1102 8245797.00379999, -12636501.5944 8245624.8179, -12636340.2581 8245689.78279999, -12636201.1946 8245774.223, -12636064.2858 8245892.2763, -12635926.7849 8246051.4803, -12635812.5714 8246129.7284, -12635882.925 8246218.09179999, -12635963.1601 8246445.7498, -12636030.4857 8246458.8904, -12636244.8321 8246569.90529999, -12636380.4655 8246620.1063, -12636706.0909 8246668.9095, -12636803.4346 8246697.6696, -12637036.1866 8246820.6666, -12637057.1026 8246721.5901, -12637125.0251 8246606.7221, -12637236.4591 8246514.8647, -12637330.6596 8246470.34709999, -12637495.614 8246457.5894, -12637561.689 8246467.8924, -12637712.4412 8246541.2197, -12637797.8769 8246620.8929, -12637901.9273 8246800.2019, -12638017.4167 8246939.3818, -12638155.2819 8247056.35719999, -12638515.8584 8247295.7978, -12638733.4643 8247591.9098, -12638979.4233 8247802.5619, -12639071.3894 8247944.6171, -12639160.9736 8248164.9517, -12639250.1513 8248301.2386, -12639428.0267 8248481.0173, -12639563.2825 8248571.5627, -12639695.6492 8248634.2412, -12639785.0829 8248717.5985, -12639849.622 8248838.593, -12639871.4475 8248974.0282, -12639851.1923 8249091.7817, -12639746.0136 8249269.8024, -12639577.9634 8249473.5179, -12639394.3187 8249854.3829, -12639253.5705 8250041.6975, -12639153.857 8250117.128, -12638994.7462 8250171.3883, -12638955.9476 8250221.5834, -12638874.0701 8250275.7767, -12638790.1815 8250302.5775, -12638603.1832 8250300.0953, -12638339.8418 8250422.25289999, -12638290.8564 8250429.33380001, -12638117.3895 8250375.379, -12637998.7231 8250470.0268, -12637888.2356 8250589.6958, -12637780.6508 8250757.1431, -12637706.9329 8250942.0815, -12637671.6122 8251119.6777, -12637668.2581 8251309.4614, -12637631.6502 8251486.7161, -12637478.5233 8251724.8446, -12637395.2537 8251944.7893, -12637363.3351 8252214.1348, -12637402.8408 8252504.5279, -12637370.1031 8252663.01299999, -12637278.7598 8252796.50859999, -12637098.4314 8252913.0766, -12636811.9703 8253013.402, -12636825.863 8253098.5602, -12636782.356 8253309.0963, -12636660.9952 8253486.4305, -12636606.3385 8253521.6075, -12636380.6179 8253595.7074, -12636187.7508 8253707.993, -12636109.8617 8253955.8988, -12636095.3933 8254208.7992, -12636137.0711 8254440.3755, -12636237.1621 8254669.6292, -12636257.5493 8254830.2253, -12636209.6379 8255003.4133, -12636149.3896 8255085.4786, -12635943.9255 8255218.2492, -12635835.3659 8255228.0542, -12635862.0536 8255274.3948, -12635882.4342 8255435.0051, -12635770.7158 8255844.8597, -12635747.2217 8256042.738, -12635757.7697 8256076.7087, -12635957.0089 8256279.7874, -12636076.3664 8256458.584, -12636108.6471 8256624.3959, -12636109.2843 8256903.8543, -12636064.8865 8257118.5923, -12636005.0532 8257205.1555, -12635806.0783 8257333.7265, -12635598.3331 8257385.627, -12635375.1921 8257490.4049, -12635138.0603 8257522.2819, -12635162.9396 8257717.4025, -12635233.0175 8257924.2685, -12635270.2673 8258115.7206, -12635237.4587 8258274.3149, -12635146.0074 8258407.8839, -12635010.1258 8258495.6644, -12634850.9336 8258524.0104, -12634693.177 8258488.5149, -12634496.8266 8258348.7461, -12634318.2927 8258196.8516, -12634256.1236 8258450.6727, -12634054.9571 8258591.7901, -12633833.0019 8258631.2813, -12633681.2849 8258635.602, -12633648.711 8258683.1566, -12633512.8068 8258770.9127, -12633168.1385 8258832.2519, -12632941.7125 8258978.4367, -12632782.5024 8259006.7399, -12632572.9476 8258959.5274, -12632375.9088 8258825.3928, -12632292.6383 8259005.9407, -12632194.4428 8259351.648, -12632134.1149 8259433.7276, -12631983.2128 8259531.1238, -12631823.9874 8259559.4083, -12631666.2238 8259523.8433, -12631461.4622 8259377.9605, -12631314.2383 8259246.2068, -12631159.6389 8259151.9779, -12630973.6244 8259081.1223, -12630827.0474 8259061.6246, -12630761.2676 8259473.5955, -12630639.6615 8259650.9755, -12630503.7044 8259738.6873, -12630344.4691 8259766.9407, -12630186.7085 8259731.3432, -12630024.1102 8259615.4515, -12629877.7 8259474.0288, -12629742.3664 8259383.173, -12629543.0696 8259297.0668, -12629237.1172 8259224.5118, -12629090.8703 8259120.2466, -12629031.7591 8259031.518, -12628927.3684 8258789.5848, -12628785.3854 8258601.9548, -12628604.915 8258451.1285, -12628382.3905 8258340.1997, -12628220.3584 8258224.6523, -12628126.0899 8258094.4181, -12628067.0514 8258212.866, -12628008.6822 8258390.1488, -12627939.0144 8258503.8834, -12627758.4018 8258620.3105, -12627599.1806 8258648.5007, -12627441.4574 8258612.8503, -12627295.2479 8258508.5583, -12627177.3501 8258349.4931, -12627045.7719 8258225.0665, -12626894.6281 8258125.4171, -12626745.6549 8258059.4352, -12626301.5323 8257941.4746, -12626053.8083 8257922.0501, -12625872.9036 8257881.1201, -12625726.7306 8257776.8077, -12625666.2842 8257685.9858, -12625416.8263 8257673.15030001, -12625088.7892 8257724.6036, -12624931.0978 8257688.90429999, -12624784.9421 8257584.5761, -12624502.7753 8257168.9865, -12624468.9949 8256956.5568, -12624534.9551 8256743.9887, -12624405.39 8256651.4932, -12624356.9653 8256573.21599999, -12624047.3351 8256592.1079, -12623827.6083 8256446.7767, -12623771.0937 8256361.8154, -12623672.6665 8256105.28419999, -12623529.5791 8255904.0139, -12623472.8281 8255901.1369, -12623321.0287 8255838.8244, -12623209.1205 8255866.3154, -12623002.9902 8255819.59489999, -12622856.8985 8255715.2553, -12622777.4982 8255595.8548, -12622743.5736 8255756.6444, -12622702.8834 8255830.6143, -12622501.5716 8255971.3667, -12622342.3883 8255999.434, -12622184.7474 8255963.685, -12622038.6643 8255859.3273, -12621943.3776 8255716.0024, -12621912.6205 8255611.8744, -12621828.3363 8255551.6599, -12621660.9654 8255230.7384, -12621547.6561 8255093.2154, -12621478.8942 8255045.4145, -12621148.8352 8255257.7686, -12620610.1627 8255366.2432, -12620450.3492 8255329.9622, -12620277.695 8255238.7477, -12620087.3866 8255180.8148, -12619889.5417 8255160.3175, -12619688.3868 8255178.479, -12619530.7763 8255142.6777, -12619384.7473 8255038.2795, -12619285.7826 8254889.3073, -12619158.6024 8254650.8501, -12618973.5805 8254452.7037, -12618855.6141 8254368.6823, -12618727.1252 8254301.924, -12618590.6138 8254253.7267, -12618422.5863 8254218.0435, -12618300.5473 8254147.9203, -12618209.9126 8254045.3822, -12618110.0315 8254039.2959, -12618060.1632 8254117.1626, -12617990.531 8254183.0612, -12617859.0938 8254237.94169999, -12617557.1959 8254220.3652, -12617391.695 8254181.6779, -12617211.176 8254170.8541, -12616996.1787 8254199.4884, -12616748.3996 8254284.6718, -12616632.2092 8254297.2111, -12616522.3934 8254279.7681, -12616420.9537 8254234.1662, -12616334.9469 8254163.5788, -12616107.4839 8253860.5259, -12615999.0573 8253879.548, -12615835.0924 8253842.2174, -12615713.1292 8253781.311, -12615613.8368 8253845.087, -12615454.6749 8253872.9984, -12615157.488 8253798.7939, -12615083.9292 8253845.0974, -12614924.7652 8253872.9974, -12614715.4728 8253825.3142, -12614544.9255 8253718.2554, -12614379.0278 8253646.1766, -12613984.5973 8253551.1337, -12613823.3415 8253423.526, -12613685.1367 8253378.6894, -12613498.37 8253250.0121, -12613314.2524 8253166.6953, -12613257.0688 8253203.3988, -12613097.9123 8253231.2572, -12612939.8116 8253195.1967, -12612801.0961 8253115.1872, -12612774.4842 8253130.1127, -12612719.4676 8253348.511, -12612643.3246 8253746.8756, -12612551.5265 8253880.0806, -12612415.4651 8253967.3912, -12611861.0828 8254089.0992, -12611692.4467 8254050.6059, -12611531.6647 8253974.1375, -12611374.0153 8253928.7034, -12611228.1261 8253824.1628, -12611142.7096 8253695.2781, -12611064.2361 8253422.6027, -12610976.985 8253243.60509999, -12610881.2505 8253111.7302, -12610751.5468 8252981.2435, -12610612.8898 8252774.479, -12610522.2876 8252667.8333, -12610387.4145 8252448.899, -12610354.5938 8252229.6489, -12610138.3918 8252146.599, -12610062.3308 8252135.2376, -12609680.2171 8252201.0954, -12609522.72 8252165.0963, -12609484.9169 8252137.9937, -12609346.7733 8252558.79469999, -12609275.7256 8252654.8395, -12609124.6671 8252751.6796, -12608877.191 8252784.5435, -12608858.4032 8252896.9633, -12608892.0914 8252972.4466, -12608933.8706 8253441.417, -12608985.1353 8253696.8455, -12608970.5244 8253977.8994, -12608937.3574 8254135.4149, -12608965.6234 8254186.073, -12608991.9188 8254399.4782, -12608943.3762 8254572.4733, -12608851.4129 8254696.7773, -12608715.4977 8254776.9084, -12608673.4388 8254787.1527, -12608624.2525 8254790.764, -12608304.0832 8254717.5303, -12608272.3716 8254890.2572, -12608146.7438 8255058.7847, -12608264.4805 8255139.3864, -12608371.0652 8255326.0591, -12608390.9186 8255487.2923, -12608360.733 8255667.31, -12608364.2235 8255866.5412, -12608411.1986 8256078.70449999, -12608514.805 8256316.7073, -12608496.8271 8256447.6335, -12608654.9329 8256553.2755, -12608788.7212 8256710.4118, -12608911.6442 8256817.4198, -12609134.5858 8256943.2749, -12609161.7055 8256877.6504, -12609254.4945 8256402.0577, -12609341.9364 8256265.8785, -12609475.1203 8256174.137, -12609633.3487 8256141.0876, -12609923.6202 8256209.2067, -12610051.8836 8256307.7351, -12610161.8127 8256508.96819999, -12610319.4274 8256486.7961, -12610485.5392 8256530.5814, -12610643.7127 8256613.0339, -12610675.5019 8256563.50639999, -12610750.9072 8256499.6548, -12610989.1452 8256440.2385, -12611148.7777 8256471.1698, -12611356.1194 8256571.8157, -12611697.9766 8256665.5413, -12611826.2717 8256764.0453, -12611906.5951 8256904.5682, -12611934.8366 8257107.2527, -12611965.4016 8257158.8388, -12612164.1535 8257202.522, -12612298.6816 8257292.3141, -12612388.1158 8257427.2166, -12612412.7694 8257556.0421, -12612644.4477 8257634.7664, -12612831.4523 8257655.282, -12613081.543 8257714.6946, -12613268.2436 8257725.4069, -12613466.5369 8257763.7659, -12613645.2725 8257883.0186, -12613767.3848 8258049.7823, -12613827.1551 8258312.2452, -12613908.2414 8258494.2779, -12614029.3005 8258660.8956, -12614271.9582 8258621.2962, -12614407.5665 8258570.3663, -12614744.3355 8258376.6513, -12614904.4314 8258354.0294, -12615060.8148 8258395.1472, -12615087.3388 8258415.49329999, -12615290.5697 8258347.1447, -12615417.7682 8258277.7897, -12615748.7267 8258050.1782, -12615906.9684 8258016.9864, -12616065.72 8258047.638, -12616333.2836 8258202.18639999, -12616633.9297 8258281.0014, -12616705.5448 8257991.3437, -12616801.6712 8257861.1256, -12616940.5643 8257778.2441, -12617100.6412 8257755.5763, -12617257.025 8257796.6446, -12617385.4141 8257895.0678, -12617540.9709 8258159.5964, -12617669.078 8258312.1205, -12617888.2257 8258489.06, -12618060.694 8258588.4894, -12618319.96 8258667.4912, -12618464.1406 8258681.1879, -12618609.8963 8258674.5134, -12618831.6989 8258717.2538, -12619065.4576 8258874.0183, -12619211.9823 8258945.3278, -12619350.1804 8258988.7397, -12619528.2219 8259015.1831, -12619753.8289 8259074.3502, -12619919.2624 8259193.9109, -12620081.3486 8259274.529, -12620264.0216 8259326.6407, -12620761.7428 8259245.2125, -12620918.1784 8259286.2118, -12621046.6422 8259384.592, -12621127.1689 8259525.06589999, -12621147.2412 8259685.8052, -12621121.4441 8259778.3209, -12621162.817 8259786.2793, -12621297.5019 8259875.9402, -12621387.1312 8260010.7821, -12621394.5406 8260049.2474, -12621468.9361 8260098.7703, -12621558.5712 8260233.6142, -12621589.2163 8260392.6854, -12621556.1055 8260551.2647, -12621464.3811 8260684.7029, -12621328.2978 8260772.257, -12621169.0076 8260800.3163, -12620843.9927 8260735.3592, -12620573.1019 8260745.3122, -12620415.0682 8260785.0737, -12620281.3211 8260840.8387, -12619852.9711 8261110.05349999, -12619676.1299 8261141.1679, -12619515.3352 8261113.4504, -12619352.4064 8261110.8598, -12619103.609 8261157.4534, -12618920.4908 8261235.6487, -12618755.6266 8261347.4069, -12618626.7032 8261474.6979, -12618497.6349 8261652.781, -12618357.1851 8261734.0828, -12618394.2821 8261783.8435, -12618467.1621 8261801.8888, -12618610.9824 8262001.4381, -12618641.5712 8262160.5588, -12618608.3893 8262319.1619, -12618516.5901 8262452.5945, -12618380.4402 8262540.1146, -12618218.4576 8262568.581, -12617873.7834 8262568.7621, -12617664.4727 8262600.8972, -12617506.7149 8262565.0155, -12617375.0638 8262470.841, -12617289.9813 8262333.0132, -12617281.793 8262281.1954, -12617120.4245 8262245.9402, -12616974.2907 8262141.394, -12616917.9282 8262056.4905, -12616882.5996 8261854.8384, -12616790.5675 8261870.9931, -12616632.83 8261835.0967, -12616501.2029 8261740.9159, -12616484.8004 8261714.3382, -12616298.8581 8261682.125, -12616167.2381 8261587.9404, -12616082.1881 8261450.1153, -12616056.9252 8261290.0744, -12616088.3709 8261161.3521, -12616053.7156 8261185.3196, -12615894.3976 8261213.2666, -12615736.6787 8261177.3544, -12615584.2675 8261081.04559999, -12615434.2068 8261017.4238, -12614988.58 8260910.769, -12614851.3338 8260822.3399, -12614702.4161 8260756.092, -12614242.7078 8260644.1929, -12614096.6467 8260539.6133, -12614040.3291 8260454.7063, -12614029.1439 8260405.2266, -12613881.6311 8260431.0615, -12613712.0413 8260398.9805, -12613567.3139 8260392.7669, -12613196.9785 8260446.3539, -12613039.289 8260410.3881, -12612893.2493 8260305.7879, -12612836.9475 8260220.8747, -12612750.9726 8259810.6574, -12612707.3224 8259672.3019, -12612633.7591 8259530.9729, -12612436.3602 8259508.74819999, -12612291.7931 8259517.69749999, -12611923.4145 8259581.2176, -12611765.75 8259545.22909999, -12611619.7455 8259440.6161, -12611550.7359 8259336.4987, -12611459.6472 8259147.0387, -12611339.8048 8258987.8902, -12611220.6135 8258876.65600001, -12611027.5409 8258736.665, -12610923.9769 8258568.5779, -12610879.9735 8258312.151, -12610834.0149 8258301.6884, -12610762.6711 8258448.3773, -12610719.1791 8258586.7574, -12610690.9401 8258802.3082, -12610707.6746 8259016.8766, -12610674.3132 8259175.4947, -12610582.4118 8259308.7716, -12610446.2277 8259396.1084, -12610286.9277 8259423.9281, -12610129.2748 8259387.9056, -12609983.2967 8259283.2628, -12609907.5221 8259168.8838, -12609815.7084 8258854.0078, -12609708.9479 8258644.2571, -12609544.5763 8258451.5681, -12609322.5632 8258295.9193, -12609172.6134 8258232.1954, -12609014.5603 8258192.7513, -12608834.1781 8258178.5608, -12608618.7031 8258195.0655, -12608263.3479 8258128.0072, -12608064.4928 8258134.9765, -12607764.2078 8258208.064, -12607568.9004 8258219.0964, -12607307.7836 8258159.3307, -12607262.9126 8258133.4583, -12607145.3989 8257946.9667, -12607053.297 8257835.0248, -12606850.4696 8257669.0257, -12606748.5506 8257827.7383, -12606522.9053 8257972.2818, -12606154.2258 8258000.6521, -12606014.018 8258036.94349999, -12605881.8094 8258091.6485, -12605706.9934 8258122.067, -12605549.391 8258085.9536, -12605263.8322 8257873.7576, -12605125.0443 8258004.3449, -12604999.4722 8258173.1446, -12604863.2438 8258260.3652, -12604703.9489 8258288.0604, -12604494.6011 8258240.0594, -12604324.2871 8258151.8212, -12604134.0329 8258093.45579999, -12603918.0428 8258072.5144, -12603677.5267 8258100.2216, -12603468.1909 8258052.1929, -12603292.8035 8257962.1212, -12603002.3041 8258011.3521, -12602815.8004 8257888.9666, -12602656.6709 8257912.38799999, -12602498.6429 8257876.1086, -12602402.3638 8257816.99629999, -12602374.0872 8258002.9664, -12602282.0525 8258136.1179, -12602145.7939 8258223.2875, -12601918.4879 8258266.72029999, -12601910.3538 8258315.1818, -12601939.7302 8258597.3642, -12602163.8096 8258709.1516, -12602453.6617 8258781.107, -12602567.2015 8258851.49979999, -12602607.0735 8258911.8148, -12602716.735 8258900.1441, -12602873.0602 8258941.5222, -12603001.2755 8259040.2082, -12603106.3265 8259194.2899, -12603232.8024 8259323.4174, -12603332.5649 8259474.2998, -12603368.2299 8259634.5698, -12603416.0681 8259764.1788, -12603437.3547 8259938.0153, -12603388.6454 8260111.1014, -12603327.9953 8260192.951, -12603176.706 8260289.7654, -12603017.3611 8260317.4314, -12602859.726 8260281.2498, -12602834.0696 8260262.8204, -12602673.8151 8260361.5418, -12602547.2538 8260374.9558, -12602393.2349 8260357.126, -12602248.4241 8260360.8193, -12601980.734 8260423.0578, -12601965.2799 8260496.1088, -12601991.1232 8260707.5003, -12601951.0935 8261000.1301, -12601856.7908 8261360.6661, -12601734.4677 8261537.6082, -12601598.14 8261624.8069, -12601438.7608 8261652.4435, -12601281.1055 8261616.2216, -12601133.2528 8261509.967, -12601067.2048 8261440.5082, -12600969.7731 8261485.9137, -12600799.7442 8261621.1413, -12600670.22 8261775.8318, -12600533.8749 8261863.0136, -12600374.4873 8261890.6281, -12600191.7758 8261841.7929, -12600329.629 8261947.9772, -12600524.2246 8262236.2161, -12600564.9168 8262450.7116, -12600567.8823 8262567.5445, -12600855.2707 8262791.8566, -12600935.4493 8262932.611, -12600955.0921 8263093.4744, -12600920.0385 8263219.7497, -12601317.1592 8263303.2972, -12601461.395 8263317.3345, -12601603.6536 8263311.3872, -12601761.143 8263353.0995, -12601889.4192 8263451.8642, -12601969.6245 8263592.6201, -12601989.2914 8263753.4952, -12601979.9571 8263793.5573, -12602109.15 8263880.0467, -12602198.4759 8264015.1906, -12602228.72 8264174.4186, -12602195.1786 8264332.9873, -12602103.0612 8264466.249, -12601974.4443 8264548.5239, -12601968.9062 8264634.7647, -12601989.9264 8264820.3942, -12602211.4176 8264700.1982, -12602371.686 8264677.8301, -12602528.1303 8264719.2486, -12602656.4403 8264818.0185, -12602745.0711 8264973.5236, -12602833.7702 8265211.9464, -12602965.1853 8265407.3934, -12603122.6531 8265557.2763, -12603299.9218 8265667.233, -12603469.0845 8265797.4215, -12603549.3448 8265938.2051, -12603569.0518 8266099.1269, -12603465.1658 8266471.1428, -12603437.3276 8266668.7344, -12603447.6375 8266868.0221, -12603519.0842 8267248.3742, -12603485.5559 8267407.0144, -12603393.4228 8267540.347, -12603173.4763 8267682.6713, -12603048.475 8267787.6091, -12602952.3228 8267896.338, -12602872.2094 8268017.4151, -12602803.1822 8268165.4455, -12602758.1193 8268322.47339999, -12602818.6223 8268386.1708, -12602842.2058 8268532.3477, -12602950.88 8268605.0834, -12603040.2774 8268740.3038, -12603070.5579 8268899.6298, -12603027.891 8269101.4458, -12602957.1732 8269320.3017, -12603140.1007 8269508.353, -12603165.352 8269552.65119999, -12603257.9211 8269531.5197, -12603285.872 8269488.06939999, -12603419.369 8269396.2771, -12603577.9056 8269363.3016, -12603654.3546 8269378.1959, -12603725.9522 8269363.3016, -12603769.8629 8269371.8559, -12603957.4839 8269328.3024, -12604116.4261 8269359.2593, -12604251.0749 8269449.346, -12604351.5839 8269590.45049999, -12604508.5499 8269466.2523, -12604626.2963 8269328.26959999, -12604802.0012 8269057.209, -12604935.4719 8268965.3943, -12605093.993 8268932.3881, -12605252.9315 8268963.3187, -12605387.5867 8269053.3797, -12605477.0342 8269188.579, -12605507.369 8269347.9058, -12605437.3454 8269777.806, -12605314.9667 8269955.0068, -12605178.5247 8270042.369, -12605018.9774 8270070.1126, -12604657.9433 8269988.7045, -12604714.9916 8270080.0038, -12604828.2739 8270197.6115, -12604957.9595 8270295.9158, -12605047.4136 8270431.1427, -12605127.7201 8270746.2245, -12605083.2062 8270957.0629, -12604909.6459 8271215.7577, -12604815.832 8271438.8774, -12604714.5867 8271585.451, -12604575.7591 8271711.9396, -12604519.8546 8271786.2564, -12604600.3045 8271851.7711, -12604680.6509 8271992.658, -12604732.7619 8272246.8944, -12604841.7973 8272476.131, -12604989.9104 8272659.501, -12605221.4867 8272847.4317, -12605301.8554 8272988.3306, -12605321.6177 8273149.4007, -12605272.8626 8273322.8062, -12605212.1237 8273404.8158, -12605159.544 8273438.4809, -12605404.3166 8273489.4878, -12605739.5274 8273709.5094, -12605891.1974 8273928.5825, -12606034.5437 8274071.7965, -12606115.6516 8274213.9556, -12606135.4346 8274375.0502, -12606086.6902 8274548.4897, -12606025.9501 8274630.5195, -12605874.3992 8274727.5745, -12605474.1528 8274800.6566, -12605336.4974 8274846.7455, -12605164.2468 8274930.8125, -12604952.1718 8274967.6874, -12604794.2161 8274931.4728, -12604648.0102 8274826.5038, -12604591.6948 8274741.3619, -12604544.7294 8274576.1361, -12604466.7363 8274412.1457, -12604206.7261 8274070.1078, -12604161.3837 8273934.61259999, -12604098.8935 8273809.464, -12604053.2614 8273871.0561, -12603901.7007 8273968.0608, -12603574.0528 8274034.3388, -12603343.2747 8274139.5291, -12603225.0723 8274223.8795, -12603119.7363 8274323.88799999, -12602963.8278 8274546.6303, -12602879.2744 8274766.8466, -12602846.337 8275000.4794, -12602874.5448 8275271.0748, -12602924.8912 8275426.6476, -12603007.7367 8275588.8605, -12603027.4556 8275749.9928, -12602978.6295 8275923.4424, -12602917.8437 8276005.4616, -12602720.4818 8276131.7365, -12602509.9771 8276221.8329, -12602360.424 8276324.636, -12602207.835 8276479.9488, -12601963.2639 8276829.622, -12601826.6552 8276917.0017, -12601666.9482 8276944.697, -12601377.5319 8276887.036, -12601141.9605 8276890.945, -12600896.34 8276954.33519999, -12600673.3176 8277075.3615, -12600486.1397 8277246.8388, -12600354.1879 8277442.3825, -12600269.5236 8277662.6537, -12600236.1545 8277914.5579, -12600254.2881 8278075.4624, -12600414.3831 8278041.5848, -12600573.4956 8278072.6556, -12600708.2579 8278162.9136, -12600756.1648 8278235.4261, -12600768.3697 8278228.17939999, -12600729.8691 8278047.1869, -12600741.0591 8277984.1388, -12600879.5732 8277783.9675, -12601019.0171 8277701.1691, -12601179.5703 8277678.7905, -12601336.2813 8277720.30919999, -12601464.7987 8277819.2743, -12601545.1487 8277960.3081, -12601557.8426 8278146.3398, -12601669.1215 8278175.8161, -12601797.6511 8278274.7816, -12601878.0124 8278415.8205, -12601897.7136 8278577.0167, -12601848.8417 8278750.5249, -12601749.0594 8278896.0842, -12601597.3657 8278993.1058, -12601437.6124 8279020.8035, -12601279.5884 8278984.4934, -12601188.1536 8278918.7814, -12601116.4399 8278964.64159999, -12601065.372 8278973.4926, -12601224.4122 8279124.6035, -12601304.7716 8279265.6647, -12601324.4624 8279426.8809, -12601275.5715 8279600.4044, -12601214.7365 8279682.4496, -12601063.0197 8279779.4703, -12600994.0475 8279791.4237, -12601079.9134 8280395.0688, -12601130.6781 8280473.3877, -12601166.3458 8280661.3372, -12601168.0242 8280765.0212, -12601255.4014 8280933.5009, -12601355.8756 8281062.5621, -12601474.8896 8281174.13979999, -12601593.8031 8281354.0878, -12601628.38 8281536.2275, -12601644.5492 8281814.7915, -12601770.1026 8281906.3308, -12601932.4816 8281987.59669999, -12602106.4839 8282039.3786, -12602286.8201 8282060.102, -12602752.4439 8282009.4776, -12602960.7443 8282064.617, -12603265.533 8282215.6844, -12603436.3864 8282347.1799, -12603516.8224 8282488.2789, -12603543.0533 8282702.5156, -12603517.2941 8282875.7223, -12603515.9401 8283021.2681, -12603565.6162 8283327.9791, -12603532.0129 8283486.9618, -12603487.5844 8283551.2557, -12603843.5289 8283493.558, -12603997.1406 8283437.6445, -12604149.129 8283352.2694, -12604478.3101 8283279.5765, -12604722.2741 8283317.3168, -12604857.182 8283407.5637, -12604968.9885 8283553.6048, -12605117.3135 8283687.4939, -12605272.0848 8283782.581, -12605432.1814 8283846.5969, -12605562.5794 8283946.8964, -12605669.5036 8284134.33560001, -12605776.0793 8284579.194, -12605846.8856 8284806.3761, -12605880.6932 8284762.3582, -12606020.2141 8284679.3884, -12606180.9045 8284656.8814, -12606337.7917 8284698.3344, -12606388.7092 8284737.4898, -12606695.172 8284685.3749, -12606852.0627 8284726.8173, -12606980.7752 8284825.7814, -12607087.7479 8285013.2225, -12607170.1398 8285355.6499, -12607053.6732 8285859.0852, -12607042.5657 8286113.2362, -12607127.2603 8286591.3843, -12607111.896 8286760.7726, -12607126.1271 8286942.1665, -12607171.5879 8287118.3332, -12607238.1067 8287267.9786, -12607270.5609 8287438.1053, -12607237.0175 8287597.1933, -12607144.6971 8287730.9333, -12607007.9472 8287818.5355, -12606848.0226 8287846.3815, -12606689.7832 8287810.1422, -12606543.2976 8287705.0263, -12606486.8638 8287619.7504, -12606444.2089 8287440.514, -12606393.3213 8287304.0873, -12606314.0753 8287160.80259999, -12606225.5988 8287045.2434, -12606016.3784 8286864.8619, -12606057.9109 8286927.6291, -12606088.3272 8287087.3338, -12606054.7601 8287246.40869999, -12605957.3304 8287394.9328, -12605888.1806 8287543.3768, -12605831.0351 8287772.6971, -12605822.1173 8287918.0712, -12605833.4835 8288063.2767, -12605864.9137 8288205.4871, -12605915.7976 8288341.934, -12606026.3346 8288530.0299, -12606159.9862 8288678.7982, -12606319.5248 8288799.286, -12606516.1803 8288893.29909999, -12606710.0402 8288941.7552, -12606891.3887 8288952.8948, -12607036.1387 8288938.95229999, -12607390.3894 8288865.9243, -12607549.7648 8288896.8925, -12607684.8086 8288987.1567, -12607774.5356 8289122.6935, -12607782.4363 8289164.1262, -12607894.8618 8289250.5461, -12607975.4569 8289391.729, -12607995.318 8289553.1482, -12607946.5139 8289726.9536, -12607885.6683 8289809.1652, -12607733.8291 8289906.454, -12607657.6447 8289921.5319, -12607658.4779 8290017.6503, -12607715.05 8290284.313, -12607833.6058 8290519.9448, -12607864.0745 8290679.7198, -12607830.5285 8290838.8798, -12607738.1778 8290972.6852, -12607601.3747 8291060.3361, -12607441.3821 8291088.2065, -12607283.0707 8291051.9634, -12607136.5131 8290946.8129, -12607050.746 8290817.2332, -12606997.378 8290579.9907, -12606930.7977 8290410.6063, -12606824.9229 8290240.821, -12606763.9308 8290175.2805, -12606674.1431 8290154.7169, -12606542.1445 8290059.99580001, -12606466.7262 8289937.4155, -12606100.7966 8289678.5636, -12605915.5437 8289603.5294, -12605554.2274 8289518.5772, -12605407.725 8289413.41489999, -12605351.2914 8289328.1107, -12605297.0096 8289087.0523, -12605361.8287 8288950.5144, -12605300.876 8288906.7594, -12605244.4473 8288821.4601, -12605204.8604 8288645.3419, -12605233.1827 8288485.2156, -12605344.4618 8288312.1368, -12605466.8795 8288170.8985, -12605560.3976 8288203.7873, -12605526.8702 8288031.3053, -12605468.3143 8287878.34529999, -12605307.7393 8287637.5492, -12605211.2321 8287972.5237, -12605150.3707 8288054.6934, -12604998.5323 8288151.9031, -12604838.5932 8288179.7067, -12604582.9167 8288145.9357, -12604330.5092 8288174.6229, -12604141.5771 8288239.6843, -12603968.5045 8288339.6595, -12603781.1151 8288511.4781, -12603578.7049 8288796.1743, -12603481.3608 8288991.4632, -12603418.7562 8289231.2288, -12603326.3467 8289364.9496, -12603178.6329 8289454.3899, -12603160.3428 8289528.1845, -12603153.2394 8289728.2268, -12603180.8162 8289918.7902, -12603147.1734 8290077.9115, -12603054.7484 8290211.644, -12602917.4053 8290299.5183, -12602767.5901 8290340.2256, -12602618.0956 8290406.7722, -12602495.3702 8290484.9662, -12602384.7001 8290579.5082, -12602277.2773 8290703.1079, -12602190.4756 8290842.0209, -12602132.3705 8290975.5979, -12602073.203 8291177.2609, -12602012.2805 8291259.4396, -12601860.3352 8291356.6259, -12601700.3163 8291384.3727, -12601542.0272 8291348.0052, -12601162.2471 8291080.1683, -12600911.8081 8290973.401, -12600751.4946 8290947.8066, -12600718.1799 8291109.084, -12600625.6983 8291242.804, -12600488.8073 8291330.3255, -12600328.7837 8291358.0425, -12600170.5028 8291321.646, -12599943.8437 8291186.8149, -12599738.4744 8291319.3706, -12599578.4487 8291347.0713, -12599332.0491 8291295.0848, -12599132.3134 8291287.8609, -12598934.8702 8291318.942, -12598746.9719 8291387.1868, -12598566.7977 8291497.9375, -12598582.2117 8291624.5425, -12598533.1733 8291798.3318, -12598472.2068 8291880.4875, -12598320.2033 8291977.6083, -12598157.6827 8292008.5374, -12598121.9449 8292079.4811, -12598092.6503 8292020.9127, -12598026.3009 8292033.5381, -12597807.2857 8292121.8322, -12597613.7049 8292257.2131, -12597444.983 8292449.8492, -12597457.661 8292535.7262, -12597538.087 8292756.4851, -12597727.1465 8292923.0643, -12597894.656 8293032.3635, -12597966.1637 8293062.1487, -12598019.6875 8292996.1204, -12598120.8611 8292790.8441, -12598193.5651 8292949.848, -12598296.3329 8293100.059, -12598399.6165 8293205.6184, -12598561.5909 8293331.4204, -12598651.763 8293467.9957, -12598699.9892 8293627.55919999, -12598771.55 8293775.0033, -12598853.8198 8293895.234, -12598951.996 8294002.8257, -12599079.0667 8294106.1602, -12599204.3608 8294180.2947, -12599356.0445 8294241.8938, -12599682.5706 8294329.7245, -12599811.3516 8294428.9422, -12599891.8472 8294570.3106, -12599912.1636 8294736.9375, -12599889.2157 8295003.5827, -12599916.8288 8295201.9793, -12599981.7278 8295391.45719999, -12600081.5303 8295565.0524, -12600186.6246 8295690.7878, -12600310.0638 8295798.5062, -12600432.7398 8295876.9737, -12600572.8494 8295940.3977, -12600894.0233 8296186.9711, -12601117.4357 8296336.1426, -12601250.8685 8296570.3842, -12601336.3558 8296814.1983, -12601442.1965 8296984.2121, -12601592.2164 8297142.8536, -12601919.7919 8297396.8962, -12602000.3597 8297538.2987, -12602020.1106 8297699.9101, -12601955.6 8297928.9301, -12601878.524 8298111.7051, -12602164.6049 8298184.5331, -12602299.7503 8298275.0096, -12602389.4891 8298410.7811, -12602448.8636 8298717.2586, -12602492.5447 8298856.4029, -12602555.1344 8298988.1053, -12602635.4152 8299109.8013, -12602758.2343 8299244.2622, -12602887.2291 8299345.36559999, -12603063.8295 8299439.5841, -12603255.8778 8299500.2621, -12603384.7965 8299599.4877, -12603493.2439 8299789.734, -12603528.5732 8299888.8286, -12603572.9306 8299844.604, -12603814.5488 8299475.586, -12603948.5841 8299383.4182, -12604107.7619 8299350.3042, -12604267.3484 8299381.38889999, -12604402.5415 8299471.842, -12604498.0678 8299616.2809, -12604593.7164 8299846.1793, -12604720.3601 8300024.2077, -12604910.8481 8300193.1783, -12605136.4926 8300310.9626, -12605311.8237 8300359.743, -12605552.2857 8300376.098, -12605720.3915 8300420.5336, -12605938.5355 8300559.5048, -12606197.7032 8300643.9367, -12606415.2758 8300661.1419, -12606642.9158 8300635.9819, -12607082.2775 8300745.5858, -12607263.9156 8300756.73659999, -12607472.8894 8300736.5749, -12607681.7526 8300791.7253, -12607810.7536 8300890.8914, -12607891.4716 8301032.2972, -12607915.6236 8301174.1058, -12607959.4216 8301313.2647, -12608091.56 8301552.0647, -12608266.7424 8301736.9825, -12608539.1098 8301925.4115, -12608629.0072 8302061.1753, -12608659.5383 8302221.19569999, -12608587.3498 8302595.6264, -12608596.8824 8302868.5392, -12608659.3495 8303073.1598, -12608778.3489 8303067.6363, -12608905.8546 8303092.3893, -12608981.2573 8302799.4797, -12609078.1085 8302668.5831, -12609217.9333 8302585.3554, -12609449.2862 8302540.9048, -12609718.5968 8302158.0553, -12609852.6085 8302065.7466, -12610011.8187 8302032.4936, -12610171.4888 8302063.4627, -12610306.8036 8302153.8413, -12610675.6156 8302752.4577, -12610732.8487 8303161.8982, -12610776.7113 8303301.0782, -12610839.4858 8303432.7907, -12610954.3772 8303597.0237, -12611094.3823 8303733.1039, -12611579.0355 8304432.0981, -12611611.9823 8304604.4093, -12611614.4669 8304858.0778, -12611686.9689 8305234.1909, -12611730.4464 8305245.6454, -12611847.375 8305221.1932, -12612007.1217 8305252.1365, -12612142.5172 8305342.5209, -12612232.5791 8305478.3906, -12612278.972 8305641.886, -12612347.7582 8305789.6315, -12612367.7641 8305951.4651, -12612301.6703 8306243.2841, -12612299.3019 8306499.10279999, -12612264.1763 8306666.2361, -12612171.7053 8306800.3811, -12612034.6596 8306888.2988, -12611757.4484 8306940.506, -12611598.7766 8306904.275, -12611451.8453 8306798.9827, -12611387.9779 8306680.6597, -12611279.2793 8306655.83429999, -12611170.8459 8306578.1233, -12610970.8743 8306608.3687, -12610794.3144 8306661.0415, -12610566.2641 8306700.8632, -12610199.4627 8306621.0043, -12610035.5201 8306516.331, -12609861.7419 8306444.8737, -12609708.5385 8306335.0323, -12609651.9276 8306249.5649, -12609531.849 8305760.6161, -12609412.8368 8305529.6699, -12609343.1323 8305199.9166, -12609229.4899 8304971.6823, -12609103.4551 8304815.8192, -12608961.826 8304696.8031, -12608911.6462 8304900.6231, -12608903.0853 8305064.5967, -12608924.5986 8305279.0143, -12608803.7396 8305740.1661, -12608792.3195 8305903.9833, -12608807.7529 8306108.9803, -12608744.3918 8306334.702, -12608683.4166 8306417.1031, -12608531.2449 8306514.6231, -12608370.9215 8306542.5686, -12608102.5441 8306484.2749, -12607920.7642 8306473.135, -12607739.8144 8306493.7802, -12607582.2148 8306539.0387, -12607417.8277 8306617.5659, -12607269.5465 8306723.493, -12607141.8758 8306853.6039, -12606991.8101 8307064.4083, -12606854.6985 8307152.2328, -12606694.3553 8307180.1442, -12606236.0223 8307079.8581, -12605993.2518 8307075.0918, -12605644.3621 8307004.0022, -12605425.9337 8307005.835, -12605282.5922 8307032.3921, -12605144.3339 8307078.672, -12604865.3175 8307238.0192, -12604447.5671 8307294.9328, -12604254.9982 8307350.1398, -12604076.4792 8307441.1364, -12603739.8267 8307673.3892, -12603579.461 8307701.2346, -12603265.8186 8307631.1039, -12603111.7102 8307620.2052, -12603155.8315 8307681.6387, -12603186.2662 8307841.8019, -12603152.5385 8308001.3067, -12603043.6712 8308158.821, -12602856.4906 8308371.949, -12602829.7397 8308420.2108, -12602874.241 8308490.85329999, -12602904.6728 8308651.0355, -12602870.9352 8308810.5563, -12602778.2681 8308944.62039999, -12602689.8543 8309001.1813, -12602710.2247 8309169.5363, -12602793.4103 8309040.2587, -12603038.2977 8308860.5674, -12603045.5428 8308831.1421, -12603142.5783 8308700.2188, -12603185.514 8308672.5858, -12603174.0332 8308611.2971, -12603328.8719 8308353.1395, -12603501.5102 8308189.2052, -12603671.0279 8307953.5115, -12603856.9752 8307843.0158, -12604018.1752 8307820.4905, -12604198.9018 8307879.1941, -12604275.5148 8307832.0289, -12604436.7136 8307809.4945, -12604594.0803 8307851.1184, -12604860.1384 8308052.6044, -12605242.2076 8308266.8451, -12605332.1201 8308402.765, -12605338.4147 8308445.206, -12605536.4912 8308405.3973, -12605693.877 8308447.0013, -12605822.9835 8308546.3055, -12605903.7456 8308687.8794, -12605923.6093 8308849.724, -12605874.6254 8309023.965, -12605847.3069 8309055.905, -12606221.3413 8309331.4842, -12606429.1845 8309425.2292, -12606663.4392 8309470.895, -12606831.7962 8309470.8921, -12607006.3611 8309442.6762, -12607225.5851 8309480.4262, -12607498.2851 8309470.8686, -12607660.4111 8309502.3231, -12607795.83 8309592.8392, -12607885.8055 8309728.753, -12607916.3507 8309888.9418, -12607878.3955 8310069.0046, -12607788.8907 8310308.5651, -12607760.0344 8310562.1554, -12607771.4695 8310707.8014, -12607803.0293 8310850.4386, -12607861.8113 8311003.8554, -12607977.726 8311212.7585, -12607997.6414 8311374.6525, -12607948.6887 8311548.9674, -12607887.6615 8311631.4191, -12607735.3719 8311728.9899, -12607574.9322 8311756.9367, -12607322.3421 8311713.4366, -12607077.9934 8311727.1791, -12606867.8026 8311715.0439, -12606704.9586 8311735.0422, -12606504.809 8311797.3012, -12606279.1252 8311836.573, -12605969.3024 8311792.3076, -12605509.8941 8311812.0692, -12605052.2915 8311906.5334, -12604786.7037 8311863.1766, -12604572.4779 8311875.7319, -12604413.7367 8311839.3217, -12604108.9944 8311621.3544, -12603965.5493 8311541.59929999, -12603753.6183 8311471.8522, -12603720.1678 8311520.2583, -12603582.9355 8311608.0732, -12603422.4836 8311635.9291, -12603052.2369 8311573.0912, -12602919.9057 8311478.0288, -12602834.5394 8311339.1204, -12602809.4041 8311177.9587, -12602848.4024 8311019.5933, -12602945.4701 8310888.6342, -12603266.9738 8310691.4173, -12603413.6068 8310546.6953, -12603362.6321 8310494.8235, -12603060.8019 8310692.9569, -12602900.3679 8310720.7982, -12602741.6605 8310684.35809999, -12602594.7824 8310578.8363, -12602538.2222 8310493.266, -12602528.9812 8310452.0789, -12602468.713 8310489.0115, -12602291.2017 8310655.6821, -12602143.4825 8310750.1672, -12601983.0441 8310777.98879999, -12601824.3402 8310741.5287, -12601677.4742 8310635.988, -12601620.9242 8310550.41, -12601585.866 8310348.089, -12601403.5617 8310308.6129, -12601212.5867 8310171.3575, -12601044.4564 8309982.5113, -12600949.0967 8309827.2535, -12600932.2907 8309775.5186, -12600823.4135 8309866.0823, -12600615.9253 8310113.8919, -12600463.573 8310211.292, -12600303.1406 8310239.0751, -12600144.4563 8310202.5817, -12600012.1872 8310107.4855, -12599926.8913 8309968.5696, -12599857.4753 8309544.0414, -12599755.9318 8309278.0828, -12599661.4543 8308745.2978, -12599206.0223 8308630.0552, -12599073.7855 8308534.957, -12598977.8265 8308402.3758, -12598862.0149 8308286.0747, -12598649.7915 8308144.9765, -12598307.4828 8308012.6296, -12598056.3272 8307970.1799, -12597969.6862 8307969.9031, -12597971.3388 8307789.5552, -12597941.5231 8307609.5543, -12597873.2755 8307420.9106, -12597773.7944 8307251.4836, -12597734.2917 8307074.8901, -12597772.2265 8306861.7011, -12597859.9624 8306626.2942, -12597882.1662 8306504.7238, -12597721.2195 8306385.078, -12597599.8009 8306201.7909, -12597348.3962 8306266.5226, -12597173.8343 8306358.7593, -12597013.4735 8306386.4572, -12596854.889 8306349.9129, -12596708.1808 8306244.3371, -12596651.7218 8306158.7727, -12596607.9992 8305963.1768, -12596603.185 8305786.95579999, -12596572.1568 8305625.713, -12596481.008 8305406.4003, -12596280.9974 8305298.5796, -12596088.6012 8305242.9791, -12595849.8657 8305226.2092, -12595670.417 8305184.8273, -12595509.8638 8305058.1948, -12595445.2452 8305031.5969, -12595612.9872 8305167.5711, -12595693.5167 8305309.1898, -12595713.1488 8305470.9857, -12595663.9484 8305645.0782, -12595602.8348 8305727.362, -12595450.5081 8305824.6015, -12595290.1532 8305852.26, -12595025.0494 8305808.6381, -12594820.3586 8305819.2854, -12594661.7974 8305782.697, -12594515.1326 8305677.0865, -12594360.329 8305460.5608, -12594040.9027 8305138.2487, -12593945.5377 8304993.6078, -12593906.1376 8304817.0475, -12593934.7693 8304656.61909999, -12594003.7108 8304556.3468, -12593812.683 8304579.4701, -12593622.1387 8304641.0786, -12593446.8261 8304737.9722, -12593243.8215 8304920.3408, -12593013.8976 8305242.523, -12592802.6617 8305383.752, -12592814.8011 8305438.1905, -12592774.9798 8305625.2212, -12592651.6979 8305803.0584, -12592597.5731 8305837.5794, -12592472.2005 8305859.1543, -12592433.8643 8305958.4666, -12592340.4196 8306093.2498, -12592182.3174 8306198.6022, -12592072.9448 8306295.1127, -12591978.0424 8306405.9319, -12591890.8615 8306545.0135, -12591801.1537 8306783.7594, -12591771.7657 8307037.1614, -12591792.2616 8307236.7461, -12591818.6756 8307321.9316, -12591967.3497 8307352.0287, -12592102.5348 8307442.8041, -12592197.2849 8307586.5912, -12592232.1368 8307743.0661, -12592226.1071 8307838.0525, -12592298.0491 8307884.7179, -12592441.902 8307777.9028, -12592601.3099 8307745.0019, -12592761.026 8307776.3718, -12592896.2286 8307867.138, -12592985.9082 8308003.1987, -12592994.2999 8308040.0002, -12593095.3557 8308066.8977, -12593285.2695 8308225.4469, -12593291.1618 8308262.9055, -12593386.8733 8308366.3457, -12593526.1685 8308459.84229999, -12593727.0533 8308710.7396, -12594058.0716 8308973.4338, -12594138.6121 8309115.1425, -12594157.4176 8309270.4058, -12594389.6595 8309321.8759, -12594608.1489 8309324.1899, -12594839.701 8309275.3268, -12595122.0857 8309134.8875, -12595249.0477 8308985.6848, -12595494.0772 8308793.7239, -12595705.8377 8308749.926, -12595889.5759 8308785.934, -12596051.054 8308849.2151, -12596211.4122 8308883.6319, -12596393.402 8308891.8838, -12596605.8277 8308867.2385, -12596791.486 8308907.8651, -12596968.9539 8308916.25419999, -12596966.0314 8309078.3989, -12596990.0871 8309253.269, -12597082.2159 8309502.0204, -12597131.7274 8309520.5687, -12597331.5926 8309480.8224, -12597540.6225 8309536.3262, -12597591.4982 8309575.5481, -12597628.4612 8309640.5115, -12597703.4648 8309680.5385, -12597823.8505 8309861.2415, -12597854.1781 8310021.4727, -12597828.6432 8310173.39459999, -12597824.7303 8310326.18, -12597773.749 8310506.7655, -12597687.2401 8310605.331, -12597700.4326 8310913.3501, -12597780.9443 8311155.5235, -12597986.9891 8311523.4751, -12598006.6866 8311685.4008, -12597907.153 8312038.854, -12597867.6014 8312240.0348, -12597767.8369 8312398.2863, -12597793.3454 8312443.1159, -12597813.0409 8312605.0622, -12597763.8407 8312779.336, -12597702.6907 8312861.7158, -12597618.7467 8312915.3354, -12597603.3907 8312983.7499, -12597507.2767 8313122.587, -12597355.6845 8313258.4955, -12597211.1269 8313450.10279999, -12597059.9678 8313551.1714, -12596931.3034 8313667.9927, -12596769.8688 8313771.0844, -12596609.3461 8313798.7996, -12596029.7304 8313637.1202, -12595793.796 8313548.6721, -12595631.7591 8313522.6828, -12595485.8683 8313521.1579, -12595323.3252 8313543.7544, -12595166.3104 8313591.5405, -12595052.4931 8313646.8992, -12595042.0461 8313683.8513, -12594980.8585 8313766.2183, -12594828.3573 8313863.5485, -12594667.8254 8313891.2217, -12594614.5163 8313878.9192, -12594543.141 8313891.2215, -12594332.2898 8313842.5558, -12594174.4691 8313754.7745, -12594038.821 8313700.95, -12593599.7786 8313596.0675, -12593408.5459 8313501.924, -12593358.6358 8313510.5182, -12593199.9178 8313473.859, -12593107.9504 8313407.60679999, -12592919.3812 8313361.627, -12592832.1734 8313298.7985, -12592787.6921 8313388.4931, -12592750.1261 8313415.00469999, -12592782.9937 8313449.7273, -12592659.0282 8313572.154, -12592535.5291 8313740.7551, -12592398.1247 8313828.3864, -12592237.5854 8313856.0065, -12592026.7504 8313807.2752, -12591869.6688 8313719.8569, -12591734.0385 8313665.9905, -12591346.352 8313572.8392, -12591214.1378 8313477.5426, -12591128.9696 8313338.4632, -12591104.0831 8313177.2208, -12591143.3421 8313018.8778, -12591197.449 8312946.1215, -12591150.5359 8312757.91449999, -12591179.2597 8312597.3262, -12591353.1919 8312312.4687, -12591438.1269 8312052.6221, -12591455.7693 8311834.3812, -12591427.7302 8311617.2415, -12591347.2777 8311394.2456, -12591207.1207 8311181.0697, -12591063.2866 8311041.2883, -12590836.4662 8310876.7212, -12590713.7165 8310954.9675, -12590553.2333 8310982.5409, -12590394.5838 8310945.8345, -12590211.1294 8310820.8872, -12590007.5149 8310715.598, -12590137.9567 8310812.093, -12590227.6204 8310948.2409, -12590257.7876 8311108.5251, -12590223.7664 8311268.0379, -12590130.8408 8311401.9848, -12589993.4522 8311489.5439, -12589821.2108 8311519.12, -12589639.3558 8311510.7263, -12589476.4737 8311530.3435, -12589284.6718 8311588.551, -12589112.8728 8311678.7572, -12588685.1136 8311737.576, -12588509.3685 8311785.8971, -12588268.0375 8311913.608, -12588079.6846 8312085.5628, -12587938.4464 8312298.0574, -12587876.5666 8312450.2769, -12587832.6392 8312632.199, -12587734.7776 8312780.5915, -12587665.0211 8312929.3657, -12587614.6951 8313115.4388, -12587693.5704 8313168.4715, -12587921.9441 8313508.3944, -12588103.26 8313687.8572, -12588240.6464 8313777.7616, -12588373.2494 8313838.7281, -12588712.6786 8313920.3199, -12588847.9423 8314011.236, -12588937.6203 8314147.4584, -12588967.7718 8314307.8171, -12588919.0272 8314558.5707, -12588919.9571 8314808.6836, -12588884.7515 8314973.5984, -12588791.7546 8315107.59459999, -12588654.2813 8315195.1716, -12588440.7847 8315231.7899, -12588182.7022 8315232.9462, -12587952.759 8315289.7106, -12587711.3037 8315417.4622, -12587598.4388 8315510.1347, -12587490.2824 8315629.4475, -12587349.5584 8315719.0601, -12587188.9603 8315746.5768, -12587030.2258 8315709.7734, -12586700.5994 8315472.7582, -12586557.2713 8315392.6245, -12586403.1963 8315335.9351)), ((-12616237.7042 8151084.12569999, -12616406.5684 8151065.888, -12616497.3002 8151083.3893, -12616595.813 8151131.6426, -12616671.1971 8151197.7853, -12616751.4535 8151323.5463, -12616773.3622 8151392.4312, -12616780.1221 8151509.3655, -12616757.615 8151616.8877, -12616731.454 8151668.3204, -12616517.9221 8151861.9852, -12616389.0821 8151900.1214, -12616213.0086 8151872.1683, -12616065.1723 8151774.9423, -12615923.2284 8151594.3941, -12615808.7808 8151483.7961, -12615944.9421 8151355.1977, -12616074.2049 8151182.903, -12616152.779 8151120.5986, -12616237.7042 8151084.12569999)), ((-12602054.7815 8157724.6729, -12602210.9574 8157692.1932, -12602367.5292 8157722.7049, -12602500.1639 8157811.4666, -12602588.2508 8157944.6879, -12602618.0965 8158101.6647, -12602585.0594 8158258.0033, -12602494.2706 8158389.4027, -12602359.8395 8158475.437, -12602202.6606 8158502.7318, -12602047.1669 8158467.0435, -12601903.2557 8158363.668, -12601847.8335 8158279.8319, -12601808.9858 8158106.7569, -12601836.8609 8157949.4158, -12601923.2698 8157815.0972, -12602054.7815 8157724.6729)), ((-12603611.3616 8160049.0337, -12603786.7818 8160024.4916, -12603901.7255 8160050.84529999, -12604091.76 8160197.0383, -12604143.1528 8160284.4698, -12604161.2345 8160480.5995, -12604118.5129 8160625.47339999, -12604023.4364 8160745.3525, -12603943.3411 8160800.6962, -12603707.2464 8160841.7448, -12603542.8447 8160798.2689, -12603476.7263 8160752.9044, -12603365.5591 8160572.1073, -12603340.8869 8160414.1769, -12603379.0612 8160258.9702, -12603474.1462 8160130.6063, -12603611.3616 8160049.0337)), ((-12641169.3077 8181596.1298, -12641299.1645 8181556.9047, -12641501.0184 8181577.4475, -12641615.5884 8181642.7933, -12641743.1379 8181820.518, -12641767.0834 8181942.9721, -12641715.8956 8182155.7807, -12641638.8974 8182253.8731, -12641445.4778 8182353.4008, -12641299.2037 8182359.6456, -12641136.1918 8182299.3452, -12641059.6401 8182232.6184, -12640967.571 8182060.1021, -12640948.1673 8181908.1121, -12640971.0396 8181813.0661, -12641067.3338 8181672.1577, -12641169.3077 8181596.1298)), ((-12641529.802 8188921.2231, -12641709.2807 8188880.7258, -12641818.695 8188894.0222, -12641920.8339 8188935.5158, -12642008.5904 8189002.3201, -12642075.858 8189089.7875, -12642117.9563 8189191.833, -12642131.9552 8189301.3581, -12642116.8796 8189410.7403, -12642073.7763 8189512.3708, -12642005.6453 8189599.1737, -12641917.2253 8189665.1105, -12641814.6707 8189705.5906, -12641705.1165 8189717.7972, -12641591.1608 8189700.0994, -12641514.8644 8189667.0026, -12641405.8233 8189580.5654, -12641345.6209 8189496.67239999, -12641306.9223 8189393.2787, -12641296.5578 8189283.3482, -12641315.247 8189174.5285, -12641361.6886 8189074.3917, -12641433.8742 8188988.4465, -12641529.802 8188921.2231)), ((-12641861.091 8192170.3626, -12642070.9015 8192162.0478, -12642250.4109 8192271.1798, -12642300.3831 8192327.9574, -12642370.804 8192483.8324, -12642380.4033 8192558.9164, -12642351.4661 8192727.5447, -12642317.387 8192795.109, -12642199.0374 8192918.482, -12642117.8341 8192963.734, -12642027.6429 8192986.14, -12641857.0928 8192976.8091, -12641783.7241 8192949.7961, -12641686.0621 8192876.2062, -12641583.3695 8192713.5337, -12641558.3576 8192558.6074, -12641597.0834 8192397.6332, -12641697.2189 8192258.274, -12641779.6496 8192199.4301, -12641861.091 8192170.3626)), ((-12584884.7022 8206708.3998, -12584997.9358 8206687.6554, -12585251.7212 8206755.46109999, -12585326.782 8206821.89, -12585407.065 8206953.1864, -12585435.857 8207192.9962, -12585305.0548 8207529.3108, -12585266.8124 8207796.1847, -12585290.5262 8208028.8106, -12585366.3427 8208251.11, -12585400.806 8208434.7498, -12585367.1715 8208592.0607, -12585275.455 8208724.1259, -12585139.9102 8208810.416, -12584981.6046 8208837.5165, -12584825.1465 8208801.2143, -12584680.5109 8208696.7972, -12584624.9156 8208612.264, -12584586.2204 8208437.9315, -12584614.8756 8208278.402, -12584685.0843 8208140.3082, -12584731.138 8208003.7997, -12584764.6912 8207754.3183, -12584740.9946 8207521.6994, -12584700.5632 8207383.4275, -12584641.747 8207252.955, -12584608.6738 8207037.61659999, -12584641.4673 8206927.0746, -12584741.1425 8206793.2411, -12584884.7022 8206708.3998)), ((-12587939.7785 8207922.7362, -12588098.8647 8207900.8327, -12588254.0399 8207942.224, -12588438.0751 8208071.7408, -12588623.0429 8208155.1004, -12588791.954 8208285.6116, -12588871.3287 8208425.4626, -12588890.58 8208585.1822, -12588841.8824 8208756.985, -12588750.1601 8208880.2817, -12588390.6125 8209118.4515, -12588232.3113 8209145.6228, -12588075.8301 8209109.3874, -12587945.4923 8209015.3791, -12587861.534 8208878.1765, -12587803.3262 8208662.7495, -12587691.2562 8208448.6192, -12587666.7701 8208289.6241, -12587705.5282 8208133.5078, -12587801.5039 8208004.5306, -12587939.7785 8207922.7362)), ((-12609815.2717 8216877.5947, -12610009.5462 8216850.2641, -12610159.3676 8216884.4922, -12610211.529 8216912.28059999, -12610326.4596 8217053.1488, -12610387.7128 8217220.5383, -12610363.0662 8217435.9283, -12610245.9413 8217685.7126, -12610101.8394 8217799.7663, -12609922.057 8217837.339, -12609744.4511 8217790.5175, -12609606.4201 8217669.1629, -12609504.8116 8217419.75779999, -12609544.0525 8217215.0737, -12609634.4336 8217002.7073, -12609670.1219 8216957.6474, -12609815.2717 8216877.5947)), ((-12600945.0894 8217083.7262, -12600892.8749 8217041.8723, -12600729.9528 8217092.1764, -12600521.7857 8217044.339, -12600391.1503 8216950.4469, -12600301.2945 8216804.15420001, -12600272.6666 8216641.6672, -12600285.0583 8216538.2507, -12600315.4063 8216476.3729, -12600302.8474 8216360.4673, -12600257.9639 8216185.9291, -12600174.5187 8216006.2166, -12600070.1859 8215859.3889, -12599928.0036 8215721.5715, -12599778.084 8215621.9498, -12599619.9127 8215552.2498, -12599462.8661 8215439.3461, -12599407.0519 8215354.8453, -12599367.9756 8215180.4288, -12599396.1288 8215021.8938, -12599483.2563 8214886.5816, -12599615.8155 8214795.5182, -12599773.205 8214762.8533, -12600155.4508 8214836.5132, -12600335.2396 8214847.6761, -12600426.1036 8214691.1916, -12600563.452 8214596.8456, -12600764.2582 8214517.8411, -12601163.7352 8214258.1547, -12601232.196 8214247.7625, -12601251.3754 8214169.9052, -12601347.1966 8214040.6469, -12601485.4374 8213958.5333, -12601644.6155 8213936.3222, -12601799.9941 8213977.46509999, -12601927.4275 8214075.5691, -12602007.1111 8214215.3905, -12602020.6072 8214325.7297, -12602234.0274 8214706.8628, -12602393.2572 8214878.14779999, -12602659.422 8215073.9749, -12602738.4135 8215185.2741, -12602786.9434 8215349.7665, -12602788.6247 8215423.5636, -12602752.5806 8215549.1266, -12602676.5151 8215688.8514, -12602626.0043 8215823.9308, -12602538.6544 8216271.6863, -12602408.2566 8216442.4174, -12602189.2922 8216532.143, -12602157.2556 8216836.472, -12602082.3964 8216972.5335, -12602026.8877 8217124.9777, -12601998.0745 8217266.3343, -12601971.5122 8217559.286, -12601927.6948 8217661.0582, -12601858.8375 8217747.8109, -12601721.9459 8217843.3522, -12601556.5423 8217865.2325, -12601447.3003 8217847.65739999, -12601346.4485 8217802.0777, -12601261.003 8217731.6649, -12601196.9116 8217641.3217, -12601158.632 8217537.33299999, -12601148.8276 8217426.9374, -12601165.5016 8217332.9135, -12601047.7241 8217184.9353, -12600945.0894 8217083.7262)), ((-12595202.3625 8217311.7858, -12595312.7125 8217303.8787, -12595414.2559 8217323.7729, -12595548.5697 8217392.3411, -12595618.325 8217464.1285, -12595649.8357 8217519.5308, -12595686.2392 8217754.252, -12595614.1644 8217980.5573, -12595534.6352 8218064.068, -12595370.309 8218133.3242, -12595275.5416 8218143.2796, -12595166.3113 8218125.6114, -12595065.4951 8218079.9449, -12594980.1066 8218009.4577, -12594916.0897 8217919.05749999, -12594877.8968 8217815.0334, -12594868.1854 8217704.6263, -12594887.6296 8217595.5181, -12594934.8755 8217495.3005, -12595006.6345 8217410.9457, -12595097.9139 8217348.322, -12595202.3625 8217311.7858)), ((-12620680.7029 8221665.1381, -12620889.8458 8221621.1133, -12620952.1515 8221633.0978, -12621194.3554 8221805.5746, -12621259.8172 8222095.9584, -12621246.8276 8222158.172, -12621125.6135 8222334.5143, -12620990.2308 8222421.6191, -12620831.7606 8222449.5343, -12620623.3108 8222402.2254, -12620558.5447 8222353.8179, -12620473.3222 8222225.5848, -12620433.7163 8222051.1148, -12620470.5533 8221840.222, -12620493.9257 8221794.2255, -12620680.7029 8221665.1381)), ((-12605008.3267 8224678.8589, -12605167.725 8224656.5422, -12605374.445 8224711.17670001, -12605424.7881 8224749.896, -12605530.8735 8224935.8455, -12605550.5229 8225095.8787, -12605502.0979 8225268.1743, -12605441.7581 8225349.6625, -12605291.208 8225446.0753, -12605132.6172 8225473.6648, -12604975.7074 8225437.7035, -12604844.8685 8225343.7824, -12604760.4366 8225206.5023, -12604735.5327 8225047.2027, -12604774.0235 8224890.6438, -12604869.9238 8224761.1548, -12605008.3267 8224678.8589)), ((-12575342.4734 8226640.8062, -12575500.215 8226608.6095, -12575658.122 8226639.9862, -12575791.6541 8226730.0608, -12575880.0611 8226864.8387, -12575909.5998 8227023.374, -12575875.6762 8227181.0308, -12575783.559 8227313.3032, -12575647.5644 8227399.6296, -12575488.8296 8227426.5898, -12575332.0296 8227389.9925, -12575187.171 8227285.1272, -12575131.5476 8227200.3115, -12575092.9836 8227025.4959, -12575121.7014 8226866.8082, -12575209.409 8226731.5736, -12575342.4734 8226640.8062)), ((-12565571.0102 8230666.8822, -12565414.5085 8230623.9229, -12565185.2048 8230606.1125, -12564953.9567 8230551.7976, -12564750.0509 8230383.5945, -12564376.3009 8230113.3398, -12564291.9695 8229984.33869999, -12564253.6474 8229809.4043, -12564282.6076 8229650.7023, -12564369.2184 8229502.3651, -12564428.2383 8229350.97029999, -12564471.2692 8229102.229, -12564462.0423 8228903.9084, -12564390.6387 8228564.9568, -12564412.4342 8228395.8827, -12564405.6169 8228215.4935, -12564314.9846 8227781.836, -12564343.935 8227623.1767, -12564431.846 8227488.0586, -12564565.0536 8227397.4771, -12564718.7962 8227356.7126, -12564875.8664 8227286.8108, -12565045.664 8227252.4032, -12565203.5382 8227284.0054, -12565336.9532 8227374.27489999, -12565517.989 8227648.6134, -12565649.747 8227796.8752, -12565777.0072 8227897.6353, -12565944.8651 8227988.9661, -12566129.9507 8228114.169, -12566244.8407 8228244.9708, -12566385.2441 8228358.1267, -12566510.3803 8228429.9664, -12566644.2812 8228483.6587, -12567015.2861 8228564.679, -12567239.3841 8228733.7566, -12567327.658 8228868.6711, -12567400.1391 8229221.5736, -12567512.8895 8229467.2389, -12567685.2781 8229675.3033, -12567956.9546 8229883.3184, -12568093.4563 8230084.8587, -12568234.8477 8230245.6113, -12568280.5224 8230184.5712, -12568467.7235 8230041.7173, -12568491.4987 8229859.7925, -12568579.3619 8229724.584, -12568712.56 8229633.9005, -12568820.8361 8229611.9022, -12568792.7451 8229568.9881, -12568754.319 8229394.0856, -12568783.1815 8229235.3737, -12568871.032 8229100.1729, -12569004.2152 8229009.4918, -12569162.0331 8228977.4208, -12569319.9621 8229008.9429, -12569453.4583 8229099.1599, -12569470.8355 8229125.7014, -12569527.4722 8229114.7706, -12569593.4706 8229013.1778, -12569726.6437 8228922.4847, -12569884.4567 8228890.39859999, -12570042.3871 8228921.9049, -12570175.8907 8229012.1079, -12570264.2217 8229146.9933, -12570293.6489 8229305.5982, -12570259.5955 8229463.2761, -12570167.3505 8229595.5177, -12570031.2497 8229681.7661, -12569888.206 8229705.9493, -12569808.8957 8229819.6359, -12569671.6813 8229906.0672, -12569730.3572 8230015.0255, -12569851.3499 8229998.67409999, -12570006.8785 8230040.5747, -12570134.1582 8230139.4358, -12570213.4078 8230279.89549999, -12570232.3083 8230440.1277, -12570183.031 8230612.3051, -12570122.2636 8230693.5584, -12569971.1552 8230789.3152, -12569812.3286 8230816.165, -12569655.4867 8230779.4304, -12569600.7977 8230739.7765, -12569442.576 8230766.5161, -12569246.1489 8230748.3683, -12569045.2953 8230768.2893, -12568901.0099 8230734.47999999, -12568698.7094 8230872.0316, -12568589.1301 8230890.5371, -12568644.0702 8230946.1258, -12568742.6147 8231096.6757, -12568778.2971 8231289.2172, -12568793.1727 8231527.4934, -12568855.3359 8231739.8805, -12568893.3927 8231945.2182, -12568859.2969 8232102.945, -12568766.9939 8232235.2152, -12568630.8285 8232321.4677, -12568471.9646 8232348.2939, -12568315.0974 8232311.5231, -12568170.244 8232206.4511, -12568001.5717 8231920.5191, -12567890.0927 8231778.5797, -12567770.0655 8231669.1484, -12567634.4306 8231579.8727, -12567400.3879 8231486.0585, -12566970.3122 8231401.7546, -12566636.3256 8231144.4816, -12566479.919 8231054.6922, -12566327.7355 8230998.2479, -12565983.9839 8230916.4392, -12565750.195 8230751.8182, -12565571.0102 8230666.8822)), ((-12563855.8357 8234585.2892, -12564013.7932 8234553.3056, -12564101.5092 8234570.8779, -12564171.8174 8234584.9622, -12564305.3494 8234675.3399, -12564405.6414 8234759.873, -12564578.9883 8235002.01, -12564763.7824 8235189.7603, -12564902.545 8235302.6929, -12564981.749 8235443.3054, -12565000.5484 8235603.6608, -12564951.1147 8235775.9207, -12564890.2476 8235857.1863, -12564738.9672 8235952.9006, -12564580.0125 8235979.6552, -12564423.089 8235942.7834, -12564175.4589 8235770.0487, -12564002.2852 8235735.9043, -12563871.7942 8235641.1337, -12563855.9195 8235615.0001, -12563700.5982 8235574.7608, -12563555.7482 8235469.5529, -12563500.1985 8235384.5575, -12563461.8687 8235209.4922, -12563490.8681 8235050.6788, -12563626.9484 8234809.3988, -12563722.49 8234675.9436, -12563855.8357 8234585.2892)), ((-12569099.1096 8269104.6259, -12569257.7832 8269072.3893, -12569416.5657 8269104.0889, -12569550.7804 8269194.7988, -12569639.5711 8269330.426, -12569669.135 8269489.8925, -12569634.8741 8269648.4178, -12569542.1096 8269781.3608, -12569405.258 8269868.0557, -12569245.59 8269895.0252, -12569087.9257 8269858.0763, -12568942.3331 8269752.4807, -12568886.4683 8269667.1304, -12568847.8423 8269491.2826, -12568876.8686 8269331.71589999, -12568965.201 8269195.7898, -12569099.1096 8269104.6259)), ((-12571879.871 8273582.3478, -12571734.1655 8273476.7532, -12571495.4613 8273130.5867, -12571378.6218 8273016.44300001, -12571188.7808 8272877.5949, -12571103.8508 8272747.9228, -12571066.6144 8272563.9874, -12570891.5529 8272437.0885, -12570795.5448 8272297.3433, -12570669.1389 8272167.1905, -12570274.3552 8271876.2891, -12570115.1542 8271615.7161, -12569990.52 8271459.8929, -12569885.4537 8271287.1956, -12569861.159 8271126.798, -12569958.9027 8270711.3075, -12569960.289 8270439.423, -12569907.1568 8270365.5129, -12569732.6794 8270215.8238, -12569648.4021 8270077.3144, -12569624.1161 8269916.9422, -12569663.592 8269759.6339, -12569687.5427 8269727.6179, -12569711.7361 8269546.1301, -12569800.0559 8269410.1901, -12569933.9583 8269319.0081, -12570110.1021 8269283.2015, -12570290.1813 8269298.2518, -12570452.749 8269284.83259999, -12570611.2182 8269246.0997, -12570761.6854 8269183.0075, -12570914.9877 8269086.2461, -12571049.1835 8268964.2865, -12571353.6471 8268531.8397, -12571493.2384 8268449.7025, -12571653.6724 8268427.9912, -12571810.0161 8268470.0794, -12571937.9749 8268569.4279, -12572017.6622 8268710.5992, -12572036.6908 8268871.6569, -12571926.2245 8269263.8252, -12571900.9823 8269461.8333, -12571916.9841 8269678.9479, -12571977.7009 8269887.9909, -12572164.4659 8270285.2881, -12572262.0203 8270416.2776, -12572394.9958 8270548.6745, -12572523.4275 8270776.1671, -12572626.8264 8271005.8038, -12572710.5025 8271124.5049, -12572811.5568 8271231.932, -12572896.0994 8271381.6648, -12572915.1533 8271542.7785, -12572786.4366 8272042.0956, -12573173.7872 8271953.6938, -12573332.6488 8271985.3224, -12573466.9639 8272075.9974, -12573555.8606 8272211.6311, -12573587.8278 8272383.55749999, -12573585.569 8272603.3021, -12573502.3672 8272934.6133, -12573409.5784 8273067.7374, -12573284.1169 8273162.0962, -12573181.9306 8273265.2945, -12573027.8043 8273476.9454, -12572890.9235 8273563.7477, -12572731.1881 8273590.8051, -12572582.2942 8273564.8208, -12572437.2542 8273560.3229, -12572037.6288 8273619.2567, -12571879.871 8273582.3478)), ((-12604017.9755 8281691.2055, -12604176.7732 8281658.1651, -12604335.98 8281689.1708, -12604470.8537 8281779.4047, -12604560.4358 8281914.8478, -12604590.8002 8282074.4506, -12604557.2248 8282233.4114, -12604464.924 8282367.0217, -12604328.2424 8282454.5119, -12604060.8746 8282501.9743, -12603863.9713 8282340.9202, -12603807.6083 8282255.6853, -12603768.0891 8282079.7155, -12603796.416 8281919.736, -12603884.2631 8281783.1584, -12604017.9755 8281691.2055)), ((-12605032.0307 8282320.0949, -12605190.8374 8282287.03, -12605350.0622 8282318.0167, -12605484.9598 8282408.24, -12605574.5679 8282543.6824, -12605604.9567 8282703.2947, -12605571.4 8282862.2738, -12605474.9066 8282998.5993, -12605444.7734 8283105.7765, -12605383.9551 8283187.8949, -12605232.22 8283285.0467, -12605072.3873 8283312.8382, -12604914.2529 8283276.5839, -12604782.3986 8283181.9205, -12604697.3178 8283043.5636, -12604672.2322 8282883.0208, -12604723.7778 8282673.4412, -12604761.8958 8282621.9834, -12604801.6994 8282598.3214, -12604810.4831 8282548.6752, -12604898.3192 8282412.074, -12605032.0307 8282320.0949)), ((-12604750.8018 8288585.8664, -12604805.0313 8288568.8188, -12604980.8334 8288584.3752, -12605160.1694 8288704.3341, -12605249.8466 8288839.8957, -12605280.253 8288999.6447, -12605246.6595 8289158.7566, -12605154.2838 8289292.4992, -12605017.4817 8289380.0825, -12604857.5163 8289407.8909, -12604699.2538 8289371.6011, -12604552.7661 8289266.42369999, -12604496.3436 8289181.1147, -12604456.7728 8289004.9842, -12604486.8539 8288808.01079999, -12604567.9018 8288711.6681, -12604750.8018 8288585.8664)), ((-12605883.4212 8289818.0511, -12606042.3853 8289784.9359, -12606201.7746 8289815.937, -12606336.8183 8289906.237, -12606431.5455 8290064.5293, -12606524.1702 8290369.6058, -12606544.8727 8290538.1366, -12606496.0279 8290711.955, -12606435.1582 8290794.16529999, -12606283.2799 8290891.4369, -12606122.3255 8290919.0578, -12605962.7588 8290883.0076, -12605816.2235 8290777.8334, -12605730.4818 8290648.2418, -12605624.0551 8290259.6358, -12605660.5601 8290049.0791, -12605749.584 8289910.1371, -12605883.4212 8289818.0511)), ((-12608485.9557 8288964.8881, -12608644.8901 8288931.7205, -12608804.2727 8288962.662, -12608939.3331 8289052.9043, -12609029.084 8289188.4272, -12609059.5733 8289348.1689, -12609018.5085 8289543.1587, -12608947.9333 8289744.3488, -12608920.1482 8289942.58039999, -12608936.6431 8290178.4369, -12609000.0531 8290391.2578, -12609039.6049 8290598.486, -12609006.0845 8290757.6498, -12608913.7559 8290891.4687, -12608776.968 8290979.1405, -12608616.9814 8291007.0361, -12608458.6657 8290970.8186, -12608312.0927 8290865.6924, -12608255.6146 8290780.39329999, -12608215.9461 8290604.2443, -12608247.2234 8290426.9946, -12608330.3024 8290190.6053, -12608354.9629 8289973.6903, -12608337.5363 8289774.2761, -12608236.0532 8289353.9294, -12608264.313 8289193.7756, -12608352.1657 8289057.0114, -12608485.9557 8288964.8881)), ((-12600134.5627 8292680.0343, -12600097.5416 8292482.6458, -12600012.3587 8292537.09929999, -12599852.3072 8292564.8102, -12599694.003 8292528.3973, -12599312.9591 8292254.5342, -12599111.2029 8291951.6363, -12599304.3692 8291651.739, -12599438.3171 8291559.7491, -12599597.3462 8291526.7656, -12599776.1212 8291561.6992, -12599949.8442 8291631.0139, -12600177.2578 8291680.386, -12600217.4135 8291713.4923, -12600301.7646 8291841.189, -12600415.4461 8291773.7032, -12600646.5418 8291741.5146, -12600800.9447 8291769.9343, -12600964.46 8291775.8115, -12601259.2302 8291733.7585, -12601470.9816 8291775.086, -12601606.0023 8291865.496, -12601695.6518 8292001.1584, -12601725.9937 8292160.9893, -12601686.7534 8292346.402, -12601609.5519 8292552.2234, -12601580.9969 8292713.6321, -12601577.0622 8292859.3231, -12601598.8951 8293083.7583, -12601466.2726 8293292.17, -12601329.3533 8293379.7309, -12601169.2883 8293407.4734, -12601010.9594 8293371.0844, -12600821.3501 8293234.8003, -12600717.814 8293117.4159, -12600607.2707 8293022.6492, -12600359.0062 8292886.2232, -12600190.9611 8292765.4167, -12600134.5627 8292680.0343)), ((-12601900.6023 8294361.9564, -12602111.9137 8294318.0558, -12602271.3831 8294349.1614, -12602406.4604 8294439.5887, -12602496.1553 8294575.2885, -12602526.5246 8294735.1717, -12602492.845 8294894.393, -12602406.592 8295026.6026, -12602343.8363 8295158.1422, -12602257.9861 8295493.6629, -12602135.1007 8295671.4197, -12601908.0691 8295795.1635, -12601591.534 8295868.2535, -12601459.0334 8295928.6013, -12601300.4608 8296026.8269, -12601140.3384 8296054.5781, -12600981.9532 8296018.1751, -12600835.389 8295912.8293, -12600778.9595 8295827.4154, -12600739.443 8295651.108, -12600767.89 8295490.8489, -12600860.3385 8295335.744, -12600927.1468 8295166.3259, -12601000.5787 8294790.6352, -12601088.6321 8294653.8558, -12601222.6127 8294561.7967, -12601658.6265 8294467.6038, -12601900.6023 8294361.9564)))"
